0,1,2,3,4,5,6,7,8,9,10,11,12,13,14,15
0,4171.41,3920.897,4244.103,4240.256,4234.744,4213.205,4222.692,4227.821,4218.077,4229.744,4241.026,4193.205,4121.41,4222.308,сжать руку
0,4172.179,3921.41,4248.462,4243.205,4235.769,4208.974,4208.077,4223.718,4218.59,4238.205,4246.41,4196.41,4125.641,4226.282,сжать руку
0,4173.59,3915.128,4247.692,4241.154,4229.744,4217.179,4223.846,4244.487,4222.949,4237.564,4242.308,4191.026,4120.641,4221.538,сжать руку
0,4172.949,3913.59,4245.769,4239.872,4229.359,4223.462,4232.564,4243.846,4222.564,4233.974,4236.41,4191.538,4118.462,4221.538,сжать руку
0,4167.564,3912.821,4246.282,4240.897,4230.128,4219.359,4229.231,4224.359,4219.744,4229.359,4233.205,4193.205,4120.128,4221.154,сжать руку
0,4160.513,3905.897,4242.692,4237.436,4224.744,4212.308,4224.359,4220.513,4219.744,4221.154,4232.821,4192.949,4118.974,4221.795,сжать руку
0,4163.333,3907.949,4239.744,4237.051,4228.205,4215.0,4216.154,4223.333,4221.538,4224.487,4236.282,4191.538,4118.59,4225.641,сжать руку
0,4171.026,3916.282,4242.051,4240.513,4237.949,4220.513,4216.026,4225.641,4226.923,4235.385,4239.872,4187.436,4125.256,4224.872,сжать руку
0,4170.641,3918.59,4245.769,4242.179,4240.128,4216.154,4227.051,4231.026,4231.282,4234.487,4239.872,4192.308,4130.513,4223.718,сжать руку
0,4164.359,3915.513,4245.897,4242.821,4236.538,4210.128,4232.692,4228.462,4226.667,4227.564,4235.128,4193.718,4124.487,4220.385,сжать руку
0,4159.359,3908.077,4239.359,4239.744,4233.59,4215.641,4230.897,4227.949,4221.667,4223.974,4230.641,4187.821,4117.436,4217.051,сжать руку
0,4158.462,3903.718,4235.0,4236.41,4236.923,4223.462,4229.231,4232.436,4222.308,4220.513,4225.0,4186.41,4117.821,4220.0,сжать руку
0,4152.564,3895.128,4232.051,4231.41,4234.359,4219.103,4232.308,4227.436,4218.333,4212.308,4215.513,4184.744,4113.205,4218.077,сжать руку
0,4144.744,3887.051,4229.103,4227.821,4223.974,4215.256,4237.308,4223.077,4212.949,4204.103,4213.846,4185.897,4107.179,4216.923,сжать руку
0,4153.974,3897.949,4236.154,4234.359,4229.103,4212.821,4226.538,4225.385,4215.256,4208.462,4222.179,4188.205,4115.0,4224.615,сжать руку
0,4168.59,3913.846,4247.949,4241.41,4238.462,4211.41,4210.769,4222.051,4215.256,4221.282,4231.154,4189.487,4125.897,4232.949,сжать руку
0,4167.051,3909.231,4251.282,4239.359,4232.692,4214.359,4215.128,4220.128,4212.308,4226.41,4233.718,4190.0,4125.641,4231.795,сжать руку
0,4160.0,3897.821,4246.923,4231.923,4230.256,4212.308,4223.846,4226.282,4217.949,4227.179,4232.949,4189.103,4123.077,4223.974,сжать руку
0,4156.41,3901.538,4242.436,4232.051,4230.128,4209.744,4219.872,4229.359,4221.667,4230.256,4228.462,4190.641,4123.205,4222.436,сжать руку
0,4153.333,3907.051,4240.769,4238.333,4224.615,4212.949,4217.821,4221.026,4216.923,4230.641,4225.385,4185.897,4123.077,4224.872,сжать руку
0,4154.615,3903.205,4241.538,4235.769,4226.667,4212.308,4217.821,4216.667,4215.513,4225.897,4229.103,4186.154,4121.795,4226.026,сжать руку
0,4156.026,3900.128,4240.769,4229.487,4234.487,4210.897,4216.154,4226.154,4218.59,4222.308,4230.128,4195.128,4123.718,4227.308,сжать руку
0,4148.974,3897.949,4234.359,4229.103,4231.795,4216.667,4217.564,4228.205,4217.436,4223.462,4225.385,4192.179,4124.487,4221.795,сжать руку
0,4142.821,3890.769,4227.051,4230.513,4227.051,4220.0,4215.256,4222.308,4216.282,4224.615,4221.923,4187.564,4119.872,4218.205,сжать руку
0,4144.231,3891.923,4230.0,4231.282,4235.641,4220.769,4214.487,4226.923,4217.051,4225.513,4227.692,4192.949,4120.641,4223.59,сжать руку
0,4145.0,3902.051,4232.436,4232.821,4236.538,4218.59,4215.256,4221.538,4213.077,4221.41,4227.692,4193.205,4123.59,4226.41,сжать руку
0,4141.282,3900.128,4225.385,4232.949,4223.205,4211.154,4213.077,4209.744,4210.256,4212.179,4220.128,4187.308,4117.564,4226.026,сжать руку
0,4143.333,3892.308,4224.103,4232.179,4219.231,4206.026,4210.256,4216.41,4210.513,4208.59,4219.872,4185.385,4111.667,4223.974,сжать руку
0,4154.615,3897.692,4231.026,4234.744,4225.0,4204.103,4202.436,4220.769,4209.615,4206.923,4222.949,4191.282,4118.333,4227.308,сжать руку
0,4163.462,3911.795,4237.051,4238.974,4224.615,4206.282,4201.026,4213.718,4209.231,4206.41,4223.718,4192.949,4126.026,4233.333,сжать руку
0,4167.436,3920.0,4239.872,4239.744,4220.385,4206.795,4210.256,4224.487,4213.205,4212.821,4226.282,4189.103,4123.718,4233.718,сжать руку
0,4174.872,3925.128,4239.872,4243.205,4228.718,4207.564,4214.744,4234.487,4215.641,4219.615,4234.615,4194.231,4131.538,4238.077,сжать руку
0,4178.718,3929.359,4236.026,4245.128,4239.103,4211.154,4208.205,4214.231,4209.872,4218.077,4239.487,4193.974,4141.41,4236.026,сжать руку
0,4173.718,3927.308,4231.795,4239.231,4233.974,4206.667,4199.359,4212.564,4213.462,4215.513,4241.154,4191.538,4135.641,4231.538,сжать руку
0,4165.897,3917.564,4230.769,4233.846,4226.795,4206.026,4207.821,4231.923,4220.897,4218.718,4240.641,4194.487,4129.615,4233.974,сжать руку
0,4153.974,3900.128,4221.667,4228.59,4222.436,4212.051,4217.949,4215.513,4207.949,4212.564,4235.385,4185.385,4128.718,4229.359,сжать руку
0,4151.795,3898.077,4215.385,4230.128,4222.564,4210.641,4198.205,4195.0,4200.385,4204.615,4240.641,4183.718,4128.846,4230.641,сжать руку
0,4163.205,3914.487,4224.231,4242.692,4233.59,4204.359,4176.154,4212.692,4215.385,4226.154,4256.154,4192.949,4132.564,4238.077,сжать руку
0,4164.103,3910.513,4229.103,4242.821,4236.154,4204.103,4186.795,4223.333,4219.487,4228.974,4259.359,4191.282,4138.462,4237.051,сжать руку
0,4160.256,3893.974,4228.462,4233.974,4231.538,4210.385,4209.231,4213.59,4211.795,4198.333,4254.872,4188.205,4139.359,4235.128,сжать руку
0,4165.385,3896.538,4232.692,4233.846,4239.487,4216.282,4215.897,4216.538,4214.359,4205.128,4256.667,4189.872,4134.359,4236.41,сжать руку
0,4154.615,3889.615,4222.821,4230.769,4237.308,4215.641,4220.0,4219.487,4216.538,4226.026,4250.128,4186.538,4124.744,4232.564,сжать руку
0,4131.41,3868.846,4205.769,4221.41,4220.769,4207.949,4220.385,4214.615,4212.051,4218.462,4240.0,4180.256,4120.897,4223.077,сжать руку
0,4124.872,3862.051,4203.59,4218.462,4220.385,4206.154,4217.179,4216.026,4210.641,4217.692,4238.077,4182.179,4123.718,4220.0,сжать руку
0,4122.949,3858.333,4202.051,4216.667,4223.333,4213.974,4226.41,4216.538,4209.872,4220.513,4229.744,4182.692,4113.333,4221.538,сжать руку
0,4116.41,3854.231,4198.974,4210.641,4213.205,4213.333,4219.231,4214.359,4211.282,4201.154,4222.051,4176.538,4103.205,4220.0,сжать руку
0,4119.103,3862.179,4205.128,4212.949,4219.103,4207.179,4197.308,4218.59,4216.538,4204.359,4232.821,4181.795,4112.436,4224.615,сжать руку
0,4126.667,3869.615,4214.872,4220.256,4237.564,4212.564,4202.436,4224.359,4220.769,4240.0,4239.231,4187.308,4123.974,4228.59,сжать руку
0,4128.077,3867.308,4219.872,4221.667,4233.077,4216.026,4212.949,4221.795,4219.615,4243.333,4230.385,4183.462,4122.179,4226.154,сжать руку
0,4124.744,3868.333,4221.41,4221.795,4222.308,4207.564,4200.128,4215.513,4214.103,4216.41,4227.308,4184.615,4113.462,4225.385,сжать руку
0,4119.231,3869.872,4223.077,4218.077,4225.897,4204.359,4196.41,4209.872,4206.795,4206.282,4224.744,4183.333,4106.923,4221.41,сжать руку
0,4114.744,3862.949,4222.179,4213.333,4225.128,4212.051,4211.538,4211.923,4205.769,4216.282,4219.872,4180.769,4107.821,4219.359,сжать руку
0,4115.256,3861.538,4220.897,4213.462,4221.282,4217.564,4218.077,4220.128,4214.103,4219.359,4223.59,4178.974,4113.59,4219.872,сжать руку
0,4111.41,3858.077,4219.359,4210.641,4224.231,4213.718,4214.744,4216.282,4216.923,4208.462,4227.821,4173.846,4109.359,4218.846,сжать руку
0,4110.513,3854.615,4222.179,4210.641,4226.538,4207.949,4210.0,4213.718,4215.0,4208.59,4223.846,4177.436,4104.487,4226.026,сжать руку
0,4116.538,3857.564,4225.0,4215.513,4225.897,4211.667,4215.641,4221.667,4215.385,4215.641,4217.179,4180.128,4104.744,4224.231,сжать руку
0,4112.949,3853.333,4217.692,4212.051,4220.641,4216.026,4222.821,4215.256,4211.41,4201.154,4210.513,4177.308,4097.051,4214.615,сжать руку
0,4107.308,3852.179,4215.0,4212.051,4220.128,4210.897,4209.872,4209.487,4211.923,4193.718,4209.231,4181.026,4096.282,4219.872,сжать руку
0,4108.974,3859.487,4220.0,4219.872,4224.872,4207.564,4203.333,4221.026,4216.667,4206.41,4211.026,4185.256,4104.103,4223.846,сжать руку
0,4109.872,3860.256,4217.692,4221.026,4221.667,4211.282,4217.308,4221.538,4212.949,4201.026,4206.795,4186.538,4101.667,4219.615,сжать руку
0,4109.872,3858.077,4217.564,4217.564,4223.462,4215.513,4212.821,4216.282,4214.103,4197.692,4206.154,4184.615,4100.128,4220.897,сжать руку
0,4115.897,3860.0,4226.282,4218.846,4231.282,4215.513,4190.769,4226.41,4226.154,4216.923,4214.487,4185.256,4111.41,4228.205,сжать руку
0,4119.487,3865.385,4234.231,4224.487,4235.0,4217.949,4195.513,4231.667,4229.744,4225.641,4214.487,4188.846,4118.59,4227.308,сжать руку
0,4117.308,3867.051,4233.333,4225.641,4237.564,4222.949,4207.692,4218.59,4218.718,4215.641,4207.692,4186.667,4112.051,4221.154,сжать руку
0,4115.256,3859.487,4225.513,4220.897,4237.436,4218.462,4193.59,4211.154,4211.282,4208.333,4206.282,4184.487,4106.795,4223.333,сжать руку
0,4110.769,3855.385,4220.769,4218.718,4233.846,4212.564,4181.282,4209.744,4212.051,4208.974,4208.205,4183.846,4110.256,4222.564,сжать руку
0,4110.128,3861.667,4222.308,4222.564,4226.026,4212.436,4191.795,4218.077,4220.256,4215.385,4206.667,4184.487,4113.718,4220.256,сжать руку
0,4116.923,3866.667,4225.256,4226.282,4225.0,4220.256,4212.692,4233.333,4228.205,4222.051,4206.667,4187.564,4110.641,4226.154,сжать руку
0,4119.872,3866.795,4228.59,4226.667,4232.821,4226.923,4218.077,4224.487,4221.923,4220.513,4208.846,4184.744,4109.615,4225.256,сжать руку
0,4111.795,3861.923,4227.436,4223.077,4230.513,4217.821,4215.128,4217.051,4216.923,4213.846,4206.282,4181.026,4107.692,4220.128,сжать руку
0,4102.564,3853.974,4220.897,4218.077,4226.795,4212.436,4225.769,4225.256,4217.564,4204.615,4203.205,4179.231,4101.667,4219.487,сжать руку
0,4097.436,3845.513,4213.205,4214.103,4228.462,4214.487,4225.0,4213.718,4211.026,4195.513,4203.462,4177.564,4103.462,4217.436,сжать руку
0,4097.949,3843.718,4211.667,4213.846,4223.974,4215.897,4211.026,4202.692,4211.026,4204.615,4205.128,4180.513,4109.103,4218.718,сжать руку
0,4107.692,3853.333,4219.872,4218.718,4227.308,4216.795,4208.59,4218.718,4222.692,4228.077,4205.769,4183.077,4109.615,4222.949,сжать руку
0,4115.641,3863.333,4227.436,4226.667,4242.051,4211.923,4208.077,4227.051,4224.615,4235.641,4206.41,4187.179,4109.615,4226.538,сжать руку
0,4115.769,3866.026,4231.41,4231.795,4240.513,4211.41,4205.513,4216.667,4217.051,4232.051,4207.308,4188.333,4110.0,4225.385,сжать руку
0,4112.821,3860.0,4231.923,4225.0,4227.692,4217.179,4206.923,4213.333,4216.923,4228.205,4203.462,4182.949,4105.513,4217.821,сжать руку
0,4116.154,3858.718,4234.359,4224.103,4230.897,4221.923,4208.205,4221.154,4223.974,4215.385,4204.103,4188.077,4107.564,4220.128,сжать руку
0,4122.436,3868.205,4243.718,4235.0,4238.718,4221.923,4214.359,4226.795,4226.026,4207.564,4209.487,4192.821,4115.513,4225.0,сжать руку
0,4117.821,3865.641,4241.41,4233.333,4233.462,4215.769,4220.897,4220.128,4216.667,4211.667,4206.538,4185.385,4109.872,4220.256,сжать руку
0,4110.385,3855.769,4233.974,4227.949,4232.308,4207.949,4214.231,4221.795,4215.641,4223.59,4201.026,4178.59,4102.821,4216.41,сжать руку
0,4108.846,3856.795,4233.974,4228.333,4236.795,4210.769,4215.256,4225.256,4219.615,4226.282,4200.513,4178.462,4106.026,4216.667,сжать руку
0,4107.692,3861.154,4235.385,4231.282,4234.872,4221.41,4230.128,4209.872,4210.0,4208.077,4201.923,4181.282,4108.077,4218.077,сжать руку
0,4109.359,3867.179,4238.077,4238.333,4236.538,4220.897,4231.795,4209.744,4209.487,4207.949,4205.385,4180.769,4108.462,4216.026,сжать руку
0,4113.974,3873.59,4242.308,4239.487,4239.487,4218.077,4224.103,4227.949,4220.897,4225.128,4207.564,4183.974,4109.615,4215.385,сжать руку
0,4119.359,3874.744,4247.692,4237.564,4240.385,4224.359,4222.564,4226.923,4219.103,4221.41,4203.462,4185.641,4107.692,4217.436,сжать руку
0,4123.974,3877.179,4253.59,4243.718,4243.718,4221.795,4215.513,4216.154,4213.205,4216.154,4205.128,4178.59,4111.795,4215.513,сжать руку
0,4125.641,3878.077,4256.923,4244.359,4238.205,4214.103,4205.0,4224.103,4219.615,4234.103,4213.974,4186.41,4123.846,4219.615,сжать руку
0,4119.103,3868.59,4253.462,4231.282,4230.513,4218.974,4212.179,4228.205,4220.641,4243.974,4209.615,4192.308,4123.59,4220.0,сжать руку
0,4108.718,3858.718,4243.462,4225.385,4233.718,4221.41,4221.923,4214.744,4210.385,4224.872,4196.795,4178.974,4115.128,4213.462,сжать руку
0,4110.256,3863.974,4240.128,4233.59,4240.385,4212.692,4209.359,4205.641,4202.179,4209.872,4193.205,4173.077,4115.385,4215.641,сжать руку
0,4122.692,3876.667,4247.436,4239.615,4243.846,4208.205,4199.487,4201.923,4200.385,4208.077,4194.487,4178.974,4111.795,4217.564,сжать руку
0,4130.256,3884.487,4252.564,4241.41,4245.0,4208.205,4205.897,4211.538,4211.41,4209.359,4197.436,4184.487,4104.487,4219.359,сжать руку
0,4130.385,3886.154,4257.179,4243.077,4243.59,4209.615,4211.154,4227.436,4219.231,4218.846,4207.308,4185.769,4114.487,4224.359,сжать руку
0,4125.897,3879.744,4262.564,4239.615,4236.154,4212.051,4206.41,4218.077,4209.615,4222.949,4210.641,4181.538,4123.718,4221.282,сжать руку
0,4121.026,3872.949,4260.128,4235.769,4231.795,4212.564,4201.923,4201.026,4202.949,4216.41,4201.923,4177.692,4115.769,4214.744,сжать руку
0,4127.564,3876.923,4262.179,4241.795,4236.41,4211.282,4198.718,4210.0,4213.974,4219.872,4201.154,4182.949,4115.513,4217.821,сжать руку
0,4142.821,3887.308,4276.154,4252.949,4241.154,4210.128,4191.923,4225.128,4223.59,4232.821,4208.974,4192.821,4126.41,4228.462,сжать руку
0,4141.538,3888.462,4280.256,4251.41,4235.769,4209.231,4197.692,4225.769,4219.615,4235.513,4210.769,4188.718,4126.154,4228.974,сжать руку
0,4125.769,3877.821,4267.051,4238.205,4224.872,4209.231,4206.41,4225.385,4216.795,4227.692,4210.256,4181.795,4120.0,4223.077,сжать руку
1,4120.513,3879.487,4263.077,4239.231,4228.59,4210.641,4203.59,4217.436,4213.205,4222.949,4207.436,4184.359,4125.769,4224.231,разжать руку
1,4117.564,3875.385,4256.538,4236.667,4233.077,4214.103,4206.41,4215.256,4205.769,4207.949,4202.949,4176.795,4112.179,4214.359,разжать руку
1,4116.154,3873.59,4251.154,4234.615,4228.718,4215.513,4207.436,4214.103,4202.821,4197.308,4198.333,4181.282,4105.641,4213.205,разжать руку
1,4121.923,3876.538,4256.795,4234.872,4219.615,4205.0,4207.949,4220.256,4212.436,4202.564,4193.59,4182.692,4110.256,4218.462,разжать руку
1,4132.564,3884.744,4269.103,4241.026,4224.231,4202.692,4199.103,4232.436,4223.077,4220.0,4202.564,4186.667,4119.359,4228.333,разжать руку
1,4131.795,3893.846,4273.846,4242.051,4238.974,4213.718,4196.282,4221.795,4216.154,4231.282,4208.718,4187.564,4126.538,4224.872,разжать руку
1,4113.462,3882.821,4258.077,4226.154,4231.667,4208.077,4204.103,4199.359,4203.59,4218.205,4198.718,4178.846,4119.487,4211.026,разжать руку
1,4107.949,3870.769,4247.821,4222.308,4216.923,4201.026,4201.795,4201.282,4208.59,4207.436,4197.821,4176.923,4112.949,4212.692,разжать руку
1,4125.0,3886.538,4261.538,4235.385,4222.051,4207.821,4187.564,4208.718,4212.308,4218.077,4208.205,4181.41,4120.897,4220.256,разжать руку
1,4135.769,3905.256,4272.051,4238.205,4226.026,4200.897,4178.077,4204.744,4203.974,4224.103,4206.282,4184.359,4127.564,4222.179,разжать руку
1,4130.641,3899.231,4266.154,4230.769,4216.667,4186.538,4185.0,4202.949,4202.564,4205.641,4197.564,4180.0,4116.538,4219.103,разжать руку
1,4123.333,3885.385,4253.846,4228.333,4209.231,4186.923,4191.923,4197.821,4201.026,4183.718,4192.821,4174.487,4103.462,4215.513,разжать руку
1,4123.59,3885.769,4250.897,4232.564,4212.692,4194.744,4187.564,4198.205,4201.026,4190.128,4193.462,4179.744,4111.538,4217.436,разжать руку
1,4131.41,3896.923,4262.949,4238.205,4219.359,4198.077,4174.231,4208.59,4209.359,4216.538,4201.154,4186.282,4126.154,4220.769,разжать руку
1,4135.769,3901.667,4268.333,4242.821,4222.051,4198.205,4170.641,4207.436,4212.821,4224.487,4205.641,4186.41,4124.359,4224.744,разжать руку
1,4131.282,3900.0,4262.308,4243.974,4222.692,4199.744,4188.205,4204.359,4213.974,4212.821,4203.974,4180.513,4116.795,4222.949,разжать руку
1,4128.333,3899.744,4260.641,4242.051,4220.641,4205.769,4201.154,4211.795,4216.538,4208.59,4203.333,4179.103,4119.231,4216.538,разжать руку
1,4130.769,3901.282,4262.564,4236.41,4214.231,4215.513,4203.462,4209.359,4212.692,4212.308,4202.436,4183.59,4120.0,4217.179,разжать руку
1,4130.769,3900.0,4256.282,4227.949,4212.436,4213.205,4199.103,4196.538,4205.513,4213.974,4198.077,4179.359,4116.923,4216.154,разжать руку
1,4128.462,3896.923,4248.077,4226.154,4221.154,4199.744,4185.385,4196.538,4203.205,4213.59,4200.0,4176.154,4123.205,4214.231,разжать руку
1,4127.821,3898.974,4247.179,4231.923,4228.974,4201.026,4188.718,4203.846,4202.692,4211.41,4205.256,4177.949,4128.846,4214.487,разжать руку
1,4122.564,3899.103,4241.026,4231.795,4225.0,4204.359,4193.718,4195.897,4198.333,4204.744,4196.026,4172.564,4120.385,4211.154,разжать руку
1,4116.026,3890.769,4230.256,4226.154,4222.308,4195.128,4175.513,4186.41,4196.026,4197.436,4189.359,4171.667,4112.179,4209.615,разжать руку
1,4120.385,3890.897,4231.667,4224.615,4228.59,4194.872,4169.231,4197.821,4204.744,4211.795,4202.692,4174.359,4121.154,4212.436,разжать руку
1,4132.564,3902.308,4242.308,4230.385,4226.667,4202.564,4183.462,4218.59,4217.949,4234.487,4219.487,4176.154,4133.462,4218.59,разжать руку
1,4138.59,3907.051,4248.974,4236.795,4223.077,4207.692,4188.333,4225.128,4221.282,4233.846,4224.103,4178.077,4134.744,4220.0,разжать руку
1,4134.103,3901.282,4244.487,4231.923,4226.667,4209.744,4190.256,4210.641,4214.487,4218.077,4223.59,4174.103,4127.308,4213.846,разжать руку
1,4134.744,3904.872,4239.872,4228.077,4226.026,4205.897,4197.821,4200.513,4209.231,4215.0,4226.538,4175.897,4130.128,4216.923,разжать руку
1,4141.923,3912.692,4241.795,4232.821,4219.872,4202.179,4201.026,4200.897,4207.308,4214.359,4225.128,4178.846,4137.436,4219.487,разжать руку
1,4138.718,3905.128,4238.846,4228.974,4214.103,4204.872,4192.692,4203.718,4209.359,4206.923,4219.487,4174.615,4130.128,4213.846,разжать руку
1,4136.923,3900.385,4236.667,4222.436,4220.769,4209.487,4182.821,4222.949,4225.513,4226.667,4220.769,4177.821,4127.821,4216.026,разжать руку
1,4144.487,3911.154,4241.026,4225.641,4232.051,4210.385,4181.282,4218.077,4225.513,4243.59,4226.41,4179.103,4137.949,4218.205,разжать руку
1,4146.41,3915.769,4241.154,4228.077,4225.385,4206.154,4179.872,4191.026,4210.256,4226.923,4223.077,4175.513,4139.615,4217.179,разжать руку
1,4137.949,3900.641,4233.59,4220.256,4207.692,4205.385,4197.564,4220.897,4224.231,4218.718,4213.59,4172.051,4130.256,4214.103,разжать руку
1,4148.59,3905.0,4239.487,4224.103,4209.359,4203.59,4194.872,4231.923,4232.949,4224.487,4220.769,4176.538,4141.282,4220.0,разжать руку
1,4177.564,3940.385,4260.128,4242.179,4228.077,4200.513,4157.949,4157.179,4198.462,4221.667,4233.077,4181.795,4162.436,4232.051,разжать руку
1,4173.846,3935.513,4256.667,4233.205,4211.41,4213.333,4200.769,4153.462,4193.59,4201.923,4218.333,4172.179,4146.282,4220.897,разжать руку
1,4167.692,3913.59,4253.59,4226.282,4187.436,4222.692,4252.179,4212.692,4230.256,4188.59,4205.641,4173.846,4135.897,4218.077,разжать руку
1,4216.538,3960.128,4297.692,4263.333,4216.923,4197.436,4163.718,4170.128,4218.718,4215.385,4233.718,4190.513,4177.821,4244.872,разжать руку
1,4251.538,4000.897,4330.0,4277.692,4227.564,4174.615,4100.513,4134.359,4194.744,4251.154,4254.615,4191.154,4201.282,4249.872,разжать руку
1,4223.59,3972.308,4308.205,4249.103,4190.641,4190.513,4176.026,4192.564,4217.821,4241.795,4229.231,4177.308,4175.769,4227.949,разжать руку
1,4215.128,3963.974,4303.718,4247.949,4194.872,4199.487,4190.513,4188.718,4217.436,4205.128,4216.282,4172.051,4170.641,4224.744,разжать руку
1,4245.513,3980.641,4327.308,4261.41,4222.308,4190.513,4139.231,4137.436,4191.41,4203.205,4232.821,4175.256,4188.846,4238.333,разжать руку
1,4246.41,3961.923,4323.718,4248.59,4206.795,4201.41,4177.051,4182.308,4218.077,4224.487,4230.641,4166.026,4182.436,4230.769,разжать руку
1,4236.282,3953.333,4314.487,4248.718,4193.718,4206.923,4207.308,4218.846,4242.051,4210.0,4216.538,4158.718,4167.436,4217.436,разжать руку
1,4246.923,3971.538,4322.821,4265.641,4212.692,4195.897,4166.923,4159.615,4205.641,4186.41,4219.359,4164.359,4167.692,4222.692,разжать руку
1,4243.462,3964.872,4315.385,4254.231,4221.41,4192.436,4151.282,4130.769,4190.897,4207.692,4222.051,4160.0,4168.205,4223.462,разжать руку
1,4219.615,3943.333,4286.538,4232.821,4213.462,4193.205,4176.667,4179.103,4223.077,4229.103,4212.949,4153.59,4158.205,4212.949,разжать руку
1,4212.179,3945.513,4273.205,4237.308,4213.333,4197.564,4189.744,4194.744,4224.487,4212.564,4210.128,4158.974,4152.308,4210.385,разжать руку
1,4216.282,3950.0,4271.795,4241.154,4216.667,4205.256,4181.154,4157.949,4202.692,4206.667,4215.641,4163.59,4158.59,4214.103,разжать руку
1,4213.846,3945.641,4266.41,4234.103,4214.615,4204.872,4178.462,4158.846,4215.385,4223.077,4221.538,4165.897,4167.179,4219.231,разжать руку
1,4212.949,3952.436,4266.154,4239.744,4210.128,4201.795,4178.333,4183.846,4231.41,4233.718,4221.026,4166.026,4169.231,4221.41,разжать руку
1,4211.282,3957.949,4261.795,4242.949,4203.974,4206.026,4186.795,4186.026,4226.41,4233.077,4212.692,4164.231,4164.744,4218.205,разжать руку
1,4203.59,3950.385,4249.615,4232.692,4203.974,4211.41,4205.128,4181.41,4223.59,4226.282,4208.59,4163.59,4159.487,4216.154,разжать руку
1,4202.436,3946.026,4244.744,4229.487,4205.385,4208.974,4194.744,4174.872,4220.128,4223.077,4209.231,4164.615,4158.718,4217.692,разжать руку
1,4207.436,3954.103,4247.179,4236.154,4203.59,4201.667,4165.128,4170.256,4214.744,4222.179,4209.231,4170.128,4161.923,4221.282,разжать руку
1,4205.897,3957.051,4240.385,4232.564,4200.513,4199.103,4168.462,4174.103,4216.282,4221.282,4209.615,4169.744,4165.897,4219.615,разжать руку
1,4199.359,3948.205,4227.436,4222.436,4193.718,4203.846,4194.231,4184.615,4222.179,4219.231,4207.051,4165.769,4165.0,4216.282,разжать руку
1,4207.436,3958.974,4228.846,4229.615,4193.846,4205.256,4195.385,4190.0,4225.256,4220.256,4209.103,4171.41,4169.359,4220.769,разжать руку
1,4225.385,3984.103,4242.308,4243.333,4200.385,4202.308,4176.41,4183.205,4226.538,4232.179,4217.949,4175.513,4179.872,4224.103,разжать руку
1,4223.205,3981.41,4239.103,4236.795,4197.692,4206.026,4173.205,4175.128,4220.0,4233.205,4215.769,4170.897,4175.0,4219.487,разжать руку
1,4210.256,3965.385,4223.462,4221.154,4191.026,4210.513,4186.667,4181.41,4217.436,4219.872,4205.769,4166.026,4162.949,4215.256,разжать руку
1,4214.359,3966.538,4220.769,4223.59,4195.641,4205.128,4187.051,4185.769,4221.154,4217.308,4207.436,4168.718,4165.128,4216.923,разжать руку
1,4221.667,3972.692,4223.333,4232.436,4200.513,4198.077,4175.897,4180.641,4217.692,4223.333,4210.385,4173.205,4164.359,4217.308,разжать руку
1,4211.538,3967.436,4211.282,4221.154,4191.538,4193.974,4175.641,4179.359,4210.385,4212.821,4199.487,4167.949,4153.077,4210.641,разжать руку
1,4204.872,3961.795,4198.462,4210.256,4180.385,4190.256,4181.41,4181.795,4209.231,4193.59,4196.667,4168.077,4150.256,4213.205,разжать руку
1,4212.949,3967.179,4203.205,4219.103,4180.769,4193.974,4185.385,4184.487,4211.923,4194.359,4202.692,4173.846,4155.641,4219.359,разжать руку
1,4210.513,3968.59,4201.282,4222.564,4181.795,4199.615,4193.462,4191.538,4216.667,4203.462,4198.846,4168.846,4156.026,4213.077,разжать руку
1,4206.154,3970.385,4191.795,4219.615,4180.513,4198.59,4194.872,4201.923,4225.0,4207.179,4200.256,4169.103,4157.692,4213.846,разжать руку
1,4213.846,3978.205,4194.487,4222.308,4182.692,4192.051,4184.615,4209.615,4227.436,4216.538,4207.949,4175.385,4160.769,4218.718,разжать руку
1,4209.744,3975.513,4191.41,4218.333,4176.923,4189.231,4187.308,4208.59,4226.41,4220.0,4204.359,4172.308,4159.231,4215.256,разжать руку
1,4198.462,3971.41,4182.949,4213.462,4174.615,4199.103,4190.0,4199.103,4228.077,4213.333,4199.744,4170.641,4160.513,4215.769,разжать руку
1,4205.0,3984.615,4190.128,4218.846,4187.821,4206.538,4168.846,4189.359,4223.205,4218.205,4207.308,4176.923,4168.974,4220.897,разжать руку
1,4213.462,3990.897,4198.333,4220.385,4190.128,4203.59,4165.256,4190.769,4217.692,4224.359,4211.026,4179.872,4172.692,4221.923,разжать руку
1,4208.205,3982.436,4193.974,4218.718,4182.051,4203.077,4189.359,4198.077,4221.154,4220.385,4204.231,4173.718,4167.949,4218.077,разжать руку
1,4206.923,3981.923,4191.538,4223.333,4183.718,4205.0,4193.333,4199.487,4222.308,4221.026,4200.256,4172.308,4169.359,4219.103,разжать руку
1,4212.308,3985.641,4190.897,4227.436,4187.179,4204.487,4185.385,4192.564,4214.615,4218.59,4201.538,4174.872,4173.205,4219.872,разжать руку
1,4215.897,3989.231,4188.846,4231.41,4183.205,4205.385,4190.641,4193.59,4216.154,4211.41,4205.128,4175.0,4172.821,4217.308,разжать руку
1,4216.538,3993.462,4191.667,4234.872,4177.949,4208.205,4201.538,4207.308,4227.308,4214.231,4208.205,4182.051,4174.487,4222.436,разжать руку
1,4220.513,3993.846,4196.923,4230.897,4181.667,4206.154,4200.641,4214.744,4228.333,4227.436,4207.821,4185.513,4180.128,4226.538,разжать руку
1,4231.41,3998.205,4202.308,4229.359,4192.692,4201.667,4181.667,4213.077,4225.769,4231.923,4213.205,4183.718,4187.692,4228.077,разжать руку
1,4237.436,4007.564,4205.769,4235.0,4196.795,4208.59,4180.513,4212.949,4230.769,4223.718,4221.538,4185.513,4189.359,4229.744,разжать руку
1,4230.385,4003.846,4199.872,4231.282,4191.667,4215.897,4199.359,4206.923,4228.59,4218.974,4216.795,4179.744,4180.897,4222.436,разжать руку
1,4220.769,3988.205,4188.59,4223.846,4188.718,4205.641,4197.949,4204.103,4220.641,4223.59,4204.872,4177.051,4168.077,4216.282,разжать руку
1,4218.718,3985.256,4183.846,4223.846,4191.026,4196.282,4185.0,4209.231,4220.385,4224.103,4202.308,4177.179,4164.231,4215.128,разжать руку
1,4219.615,3991.026,4182.564,4222.179,4190.256,4201.154,4182.692,4206.154,4219.103,4210.256,4205.641,4172.821,4166.667,4217.051,разжать руку
1,4224.872,3994.615,4180.128,4221.026,4191.282,4205.128,4179.744,4203.333,4218.205,4208.59,4206.667,4176.923,4168.846,4224.615,разжать руку
1,4227.179,3990.769,4177.821,4218.718,4191.538,4198.59,4178.846,4207.564,4220.769,4214.487,4204.872,4177.051,4168.462,4223.077,разжать руку
1,4222.692,3985.513,4174.487,4213.59,4185.641,4192.051,4182.051,4204.359,4217.821,4207.821,4201.154,4169.744,4164.872,4219.487,разжать руку
1,4225.128,3992.436,4178.077,4212.949,4185.897,4196.538,4184.615,4208.462,4219.103,4212.949,4202.949,4174.231,4168.59,4227.436,разжать руку
1,4229.872,3996.667,4180.256,4211.795,4189.872,4201.667,4190.385,4217.436,4222.949,4219.103,4207.821,4178.205,4174.231,4229.744,разжать руку
1,4233.846,3996.282,4176.923,4216.795,4188.718,4198.718,4187.051,4212.308,4218.59,4211.026,4204.615,4175.769,4174.231,4228.718,разжать руку
1,4240.641,4001.923,4180.641,4225.769,4188.59,4195.513,4176.538,4206.795,4217.308,4211.154,4205.0,4179.103,4174.487,4231.795,разжать руку
1,4245.769,3999.615,4183.077,4220.769,4187.179,4191.667,4168.205,4208.718,4218.846,4213.59,4211.282,4184.359,4176.538,4232.949,разжать руку
1,4249.103,3999.103,4180.641,4216.538,4184.359,4187.564,4163.333,4205.769,4214.359,4202.051,4213.077,4179.487,4178.462,4232.051,разжать руку
1,4255.0,4016.538,4178.846,4222.308,4185.128,4188.846,4166.538,4200.256,4210.769,4197.692,4210.128,4175.641,4176.795,4232.564,разжать руку
1,4259.231,4030.769,4177.692,4223.59,4189.359,4190.128,4169.359,4200.128,4211.923,4200.0,4207.051,4182.692,4175.128,4235.0,разжать руку
1,4264.231,4038.462,4182.179,4224.231,4197.821,4190.769,4172.564,4204.103,4212.564,4199.487,4207.051,4180.256,4176.154,4233.462,разжать руку
1,4275.641,4055.128,4189.231,4230.513,4204.615,4191.667,4179.359,4206.282,4214.359,4203.718,4209.744,4178.462,4179.231,4232.949,разжать руку
1,4280.0,4066.795,4190.128,4234.359,4203.974,4191.154,4187.949,4205.385,4213.077,4195.769,4209.231,4185.641,4176.026,4235.769,разжать руку
2,4273.974,4076.795,4186.41,4237.692,4220.385,4197.821,4183.077,4204.231,4201.282,4181.538,4193.59,4178.333,4154.231,4228.462,сжать руку
2,4277.564,4084.359,4186.41,4235.256,4221.154,4197.308,4182.051,4202.051,4204.744,4195.128,4193.205,4179.487,4155.769,4232.692,сжать руку
2,4277.436,4089.615,4185.256,4235.897,4202.179,4187.692,4176.667,4202.308,4206.282,4196.538,4197.564,4180.641,4160.385,4233.333,сжать руку
2,4273.718,4091.538,4183.718,4239.359,4198.462,4189.359,4176.282,4207.308,4201.026,4182.821,4202.821,4183.333,4161.923,4236.282,сжать руку
2,4275.897,4088.974,4185.769,4237.179,4220.769,4199.103,4182.692,4209.231,4199.744,4176.923,4202.949,4182.308,4159.872,4236.538,сжать руку
2,4279.231,4089.231,4184.359,4235.513,4226.923,4197.436,4181.154,4208.718,4203.974,4183.974,4196.282,4179.615,4156.41,4236.795,сжать руку
2,4273.974,4094.103,4178.59,4239.744,4221.154,4192.692,4177.949,4209.615,4205.897,4199.231,4192.051,4179.231,4154.359,4236.41,сжать руку
2,4265.385,4085.0,4176.026,4237.179,4227.179,4186.923,4171.795,4204.487,4202.692,4191.923,4195.769,4179.103,4150.769,4232.821,сжать руку
2,4265.385,4079.615,4176.923,4233.077,4225.128,4182.949,4166.538,4204.359,4201.538,4160.641,4198.333,4180.641,4149.615,4235.128,сжать руку
2,4268.974,4098.846,4180.0,4241.154,4219.615,4188.205,4175.641,4213.846,4205.0,4165.641,4191.667,4180.128,4147.436,4235.769,сжать руку
2,4265.769,4104.872,4181.282,4245.897,4222.949,4189.872,4185.0,4212.692,4204.103,4197.051,4186.795,4180.513,4136.154,4233.462,сжать руку
2,4263.462,4089.872,4181.154,4240.0,4232.564,4187.692,4178.077,4211.282,4202.308,4190.385,4193.205,4180.897,4133.846,4233.205,сжать руку
2,4257.051,4080.769,4177.308,4230.128,4238.59,4190.641,4173.205,4217.436,4203.59,4166.667,4196.41,4177.051,4141.923,4231.154,сжать руку
2,4241.667,4076.41,4168.718,4226.923,4230.897,4194.359,4179.231,4222.692,4212.821,4182.051,4191.026,4179.872,4143.59,4228.077,сжать руку
2,4229.744,4058.974,4165.641,4227.179,4227.051,4198.59,4186.026,4223.59,4218.718,4207.564,4187.179,4181.026,4138.718,4221.795,сжать руку
2,4219.615,4032.179,4161.026,4214.231,4232.308,4199.872,4192.308,4214.103,4206.154,4195.385,4182.564,4177.179,4130.385,4215.897,сжать руку
2,4209.872,4021.41,4151.667,4204.872,4235.385,4198.974,4190.897,4204.744,4194.615,4180.0,4178.205,4177.308,4132.436,4217.436,сжать руку
2,4203.59,4021.282,4147.051,4208.846,4233.333,4200.385,4180.897,4200.641,4194.872,4183.462,4178.333,4175.769,4140.256,4216.41,сжать руку
2,4201.41,4013.974,4150.769,4212.692,4231.795,4197.051,4176.795,4202.308,4198.974,4187.179,4182.692,4177.949,4137.692,4216.667,сжать руку
2,4209.103,4017.692,4162.179,4215.897,4232.308,4195.897,4187.821,4209.359,4202.179,4194.231,4190.256,4180.0,4137.564,4221.923,сжать руку
2,4220.256,4027.436,4171.282,4218.59,4230.128,4203.077,4198.59,4216.667,4206.795,4203.205,4195.0,4181.026,4151.667,4224.103,сжать руку
2,4214.872,4016.41,4170.0,4215.256,4231.795,4204.872,4197.949,4219.615,4208.462,4212.564,4193.718,4183.718,4152.949,4217.821,сжать руку
2,4199.615,3999.231,4162.949,4208.59,4234.359,4198.333,4193.974,4222.051,4206.923,4223.59,4197.436,4179.359,4139.487,4209.103,сжать руку
2,4198.846,3995.256,4162.436,4207.564,4233.718,4197.821,4193.077,4225.0,4210.128,4219.359,4207.308,4175.769,4143.974,4214.615,сжать руку
2,4212.051,3998.718,4174.487,4215.256,4234.487,4209.487,4197.308,4222.821,4212.436,4210.256,4214.103,4176.667,4159.744,4222.051,сжать руку
2,4222.436,4002.436,4187.308,4223.077,4237.692,4215.0,4198.462,4224.231,4210.769,4217.436,4220.897,4181.282,4161.795,4222.821,сжать руку
2,4216.282,3997.051,4185.769,4222.821,4244.231,4212.308,4198.974,4231.795,4213.59,4221.282,4222.564,4183.333,4150.897,4222.308,сжать руку
2,4200.128,3986.41,4171.667,4214.872,4244.231,4213.59,4200.385,4228.077,4218.718,4211.154,4216.41,4172.564,4145.897,4215.0,сжать руку
2,4195.897,3983.077,4162.051,4209.359,4233.462,4214.615,4196.667,4228.077,4221.154,4214.103,4212.949,4167.821,4146.282,4211.923,сжать руку
2,4199.103,3984.103,4163.974,4213.077,4226.795,4214.744,4204.872,4244.103,4221.41,4222.692,4210.513,4169.615,4138.974,4213.077,сжать руку
2,4193.718,3978.333,4166.667,4216.795,4225.641,4209.103,4213.462,4234.744,4212.051,4207.949,4209.359,4167.692,4136.41,4212.436,сжать руку
2,4191.282,3973.333,4166.282,4215.256,4223.462,4201.795,4199.103,4203.846,4197.051,4191.026,4217.436,4169.872,4142.821,4216.538,сжать руку
2,4197.179,3976.795,4171.282,4213.59,4226.795,4204.744,4187.692,4204.872,4197.436,4199.103,4224.615,4171.41,4144.103,4217.308,сжать руку
2,4198.333,3974.872,4175.128,4212.692,4228.205,4211.667,4197.692,4228.205,4210.641,4213.59,4221.282,4172.179,4142.821,4215.128,сжать руку
2,4195.0,3975.128,4177.051,4217.821,4223.974,4213.718,4205.897,4233.333,4219.231,4214.487,4218.333,4171.667,4146.667,4214.103,сжать руку
2,4196.667,3986.923,4182.436,4221.538,4227.051,4210.128,4199.744,4220.641,4217.179,4204.487,4223.462,4167.436,4148.205,4212.564,сжать руку
2,4202.949,3992.692,4184.487,4220.0,4233.974,4210.897,4198.077,4213.077,4211.795,4201.282,4220.256,4171.538,4144.359,4213.333,сжать руку
2,4207.821,3990.513,4190.641,4222.564,4234.103,4216.923,4203.205,4221.026,4213.333,4213.718,4209.103,4174.872,4141.667,4211.282,сжать руку
2,4207.821,3988.59,4199.487,4226.667,4229.103,4215.128,4197.692,4227.051,4215.0,4214.359,4209.359,4171.026,4141.154,4211.026,сжать руку
2,4210.897,3994.103,4205.897,4232.692,4228.974,4212.179,4192.692,4221.538,4218.59,4207.949,4219.744,4172.308,4147.564,4214.744,сжать руку
2,4212.949,4000.897,4207.949,4234.615,4232.179,4218.974,4199.103,4220.641,4225.897,4215.513,4223.59,4173.333,4151.795,4212.821,сжать руку
2,4208.077,3997.179,4204.103,4229.744,4235.641,4223.333,4206.154,4222.436,4224.744,4220.513,4219.744,4173.333,4141.41,4212.308,сжать руку
2,4209.103,3991.282,4204.872,4229.615,4239.744,4217.308,4213.59,4231.026,4227.564,4220.385,4218.333,4176.538,4134.615,4213.077,сжать руку
2,4213.59,3990.513,4208.462,4232.821,4236.026,4212.564,4217.051,4235.513,4228.462,4212.949,4215.513,4178.205,4136.026,4211.538,сжать руку
2,4210.897,3982.436,4207.179,4234.359,4229.872,4217.692,4211.282,4211.538,4204.872,4197.692,4208.974,4172.179,4129.744,4212.308,сжать руку
2,4212.308,3965.641,4207.308,4234.359,4235.385,4223.718,4204.103,4191.026,4186.41,4194.231,4207.949,4166.667,4123.077,4211.667,сжать руку
2,4217.564,3958.333,4213.718,4235.897,4242.179,4222.692,4198.462,4206.923,4202.564,4207.692,4209.872,4173.846,4126.923,4214.359,сжать руку
2,4213.205,3963.718,4217.179,4238.59,4238.974,4216.41,4195.897,4221.154,4214.103,4216.026,4211.026,4172.821,4130.128,4215.385,сжать руку
2,4205.256,3967.179,4211.667,4241.026,4235.0,4214.231,4196.923,4207.821,4201.41,4207.949,4208.846,4164.231,4124.615,4211.795,сжать руку
2,4201.41,3958.205,4209.872,4242.692,4233.205,4217.436,4197.436,4200.513,4198.718,4199.615,4200.256,4165.0,4117.949,4208.59,сжать руку
2,4200.0,3949.359,4212.821,4239.103,4229.744,4214.744,4193.846,4204.359,4202.564,4201.026,4193.462,4163.974,4115.0,4204.231,сжать руку
2,4200.128,3960.0,4212.051,4237.692,4230.128,4207.308,4187.564,4213.974,4207.564,4207.692,4196.538,4162.436,4116.538,4204.872,сжать руку
2,4201.154,3976.282,4212.436,4245.256,4238.846,4207.949,4190.513,4226.41,4219.744,4210.897,4197.692,4162.436,4120.513,4203.718,сжать руку
2,4203.974,3976.667,4217.308,4251.538,4237.308,4215.641,4202.564,4213.718,4216.667,4206.41,4194.359,4162.692,4116.282,4200.513,сжать руку
2,4209.872,3974.487,4223.59,4252.051,4225.769,4219.231,4205.256,4195.256,4201.667,4201.41,4199.872,4165.128,4111.923,4204.231,сжать руку
2,4212.692,3978.333,4229.231,4252.821,4229.872,4214.103,4192.949,4201.41,4200.385,4207.821,4206.538,4164.103,4119.744,4205.897,сжать руку
2,4205.897,3974.103,4227.051,4252.949,4237.564,4208.462,4186.538,4210.897,4207.821,4208.974,4200.385,4164.359,4120.513,4205.0,сжать руку
2,4204.744,3972.692,4227.564,4252.051,4237.308,4214.744,4193.846,4216.154,4208.718,4202.051,4197.308,4167.692,4111.154,4205.641,сжать руку
2,4207.308,3976.667,4235.641,4251.538,4238.59,4218.718,4194.744,4221.026,4203.333,4213.077,4204.615,4166.41,4106.795,4205.0,сжать руку
2,4199.231,3969.744,4230.641,4247.692,4236.282,4213.59,4187.821,4208.59,4197.308,4222.821,4204.103,4160.128,4102.692,4202.436,сжать руку
2,4195.897,3964.615,4222.564,4245.128,4233.718,4220.897,4186.667,4191.41,4196.154,4213.846,4195.128,4158.462,4090.641,4200.897,сжать руку
2,4200.385,3966.923,4227.308,4244.487,4236.795,4224.744,4186.154,4192.821,4199.231,4203.974,4194.872,4164.744,4076.154,4200.256,сжать руку
2,4195.385,3965.385,4229.744,4243.077,4239.487,4213.846,4179.487,4195.769,4197.179,4204.744,4203.718,4162.564,4068.462,4198.59,сжать руку
2,4187.308,3965.897,4224.615,4242.308,4234.103,4208.205,4175.256,4184.615,4189.487,4206.538,4205.897,4156.026,4069.103,4199.487,сжать руку
2,4189.359,3975.256,4228.333,4243.205,4228.462,4212.436,4177.949,4188.59,4191.795,4207.179,4200.897,4158.718,4070.641,4201.282,сжать руку
2,4191.667,3976.154,4235.769,4241.667,4232.564,4217.821,4186.154,4209.487,4200.769,4212.436,4197.692,4158.718,4062.564,4196.154,сжать руку
2,4189.487,3969.487,4235.0,4237.949,4242.692,4220.769,4191.923,4217.564,4204.359,4216.41,4197.821,4157.949,4052.308,4195.769,сжать руку
2,4188.846,3972.179,4235.0,4237.051,4247.179,4220.385,4192.436,4210.256,4202.949,4217.949,4202.949,4155.128,4050.385,4195.513,сжать руку
2,4188.077,3970.513,4232.821,4240.128,4238.718,4215.513,4193.333,4198.718,4198.462,4212.949,4204.615,4153.718,4049.103,4192.949,сжать руку
2,4196.923,3969.487,4237.308,4249.615,4235.897,4217.564,4192.308,4200.513,4199.615,4213.462,4203.974,4163.718,4050.769,4201.282,сжать руку
2,4209.744,3979.615,4251.795,4255.513,4243.846,4220.385,4185.897,4202.821,4203.462,4226.282,4209.487,4164.487,4054.103,4200.513,сжать руку
2,4216.667,3977.051,4255.513,4252.692,4245.641,4215.128,4178.205,4192.179,4198.974,4230.897,4214.103,4160.128,4048.718,4198.462,сжать руку
2,4223.974,3968.59,4256.923,4256.923,4246.026,4218.974,4186.154,4188.077,4193.718,4223.462,4208.59,4162.179,4036.282,4203.974,сжать руку
2,4227.051,3971.41,4262.179,4260.641,4246.667,4222.692,4196.026,4192.436,4193.077,4211.795,4206.41,4159.744,4027.949,4201.795,сжать руку
2,4226.923,3968.462,4262.051,4254.231,4245.256,4213.59,4187.949,4192.692,4192.821,4213.846,4212.692,4159.744,4026.41,4203.846,сжать руку
2,4226.41,3957.692,4262.179,4248.462,4249.872,4207.949,4177.308,4191.026,4194.872,4232.436,4213.333,4160.513,4026.154,4206.923,сжать руку
2,4224.872,3953.59,4264.359,4250.128,4249.615,4211.923,4173.333,4195.769,4202.179,4238.974,4211.154,4163.846,4024.872,4206.026,сжать руку
2,4228.462,3956.923,4264.103,4256.538,4245.256,4218.077,4180.513,4197.692,4199.872,4229.744,4210.128,4167.692,4021.795,4203.974,сжать руку
2,4228.974,3955.641,4261.923,4252.564,4246.154,4219.872,4182.308,4192.308,4191.795,4223.59,4209.872,4161.026,4016.282,4198.974,сжать руку
2,4216.923,3946.667,4253.333,4242.436,4242.564,4217.179,4178.333,4195.513,4199.359,4220.769,4208.974,4155.641,4010.256,4196.538,сжать руку
2,4211.026,3940.513,4247.692,4244.231,4238.718,4219.231,4186.795,4200.769,4203.974,4220.897,4205.0,4154.744,4003.077,4196.41,сжать руку
2,4220.0,3940.769,4253.333,4250.128,4243.59,4220.769,4183.205,4186.538,4189.231,4224.231,4201.795,4154.872,3996.538,4198.205,сжать руку
2,4225.256,3941.667,4256.154,4249.487,4248.718,4217.436,4167.436,4183.718,4186.923,4228.59,4204.615,4157.821,3997.179,4201.41,сжать руку
2,4225.641,3936.41,4254.744,4248.462,4242.821,4217.949,4173.718,4208.974,4207.949,4239.872,4211.154,4158.077,4001.41,4200.385,сжать руку
2,4221.41,3927.051,4253.333,4249.231,4236.154,4220.641,4184.231,4205.641,4208.59,4237.692,4211.795,4153.59,3996.923,4194.359,сжать руку
2,4208.846,3922.436,4246.667,4248.846,4241.154,4217.692,4171.923,4175.513,4188.462,4219.744,4207.821,4148.846,3987.179,4190.256,сжать руку
2,4206.41,3918.59,4241.538,4248.846,4240.641,4213.718,4166.154,4185.897,4193.333,4216.795,4202.949,4148.462,3982.949,4196.026,сжать руку
2,4218.718,3915.513,4251.026,4253.205,4232.821,4219.615,4173.718,4208.077,4208.718,4227.821,4204.359,4150.513,3987.179,4203.718,сжать руку
2,4229.359,3917.179,4260.641,4255.641,4235.897,4222.564,4168.718,4194.872,4205.0,4229.359,4211.154,4157.821,3987.821,4208.077,сжать руку
2,4236.282,3921.923,4262.436,4260.385,4249.872,4220.256,4169.487,4193.333,4202.436,4231.667,4214.872,4165.641,3984.103,4213.205,сжать руку
2,4236.667,3920.128,4268.462,4261.154,4256.795,4222.051,4181.154,4203.205,4205.385,4242.308,4213.205,4150.897,3976.795,4200.256,сжать руку
2,4226.923,3900.256,4258.718,4251.026,4237.692,4218.333,4178.333,4198.974,4203.846,4232.564,4209.359,4155.897,3964.872,4199.231,сжать руку
2,4229.359,3898.205,4249.872,4259.744,4235.769,4221.667,4182.051,4202.692,4205.256,4228.077,4209.615,4179.487,3966.154,4218.077,сжать руку
2,4239.487,3913.462,4260.0,4267.308,4260.0,4224.744,4190.769,4196.282,4203.333,4246.538,4211.282,4156.538,3971.538,4201.667,сжать руку
2,4235.769,3900.0,4257.692,4255.513,4251.41,4214.872,4181.154,4185.641,4202.051,4245.897,4212.564,4148.718,3963.077,4197.436,сжать руку
2,4233.333,3880.128,4247.436,4255.513,4233.974,4215.897,4184.487,4199.615,4207.692,4239.872,4215.128,4167.308,3956.154,4214.103,сжать руку
2,4236.282,3871.154,4244.487,4256.667,4237.692,4214.872,4193.846,4202.821,4202.436,4235.128,4210.0,4159.359,3952.821,4205.385,сжать руку
2,4234.615,3863.59,4250.0,4255.385,4242.179,4208.462,4185.641,4191.795,4195.513,4225.897,4203.205,4159.615,3945.128,4205.0,сжать руку
2,4231.795,3859.487,4257.821,4258.718,4239.487,4213.846,4177.692,4196.154,4200.897,4229.359,4203.59,4163.59,3938.974,4208.718,сжать руку
2,4228.462,3853.077,4252.436,4258.974,4229.103,4216.538,4177.821,4198.718,4203.974,4224.744,4204.615,4158.974,3932.051,4201.282,сжать руку
3,4224.872,3839.359,4236.282,4250.513,4230.513,4218.333,4189.103,4207.564,4210.769,4214.231,4196.795,4157.821,3918.333,4200.256,разжать руку
3,4225.513,3823.846,4232.051,4243.974,4231.538,4210.256,4186.154,4200.385,4204.487,4211.538,4196.923,4157.436,3915.513,4201.795,разжать руку
3,4228.59,3817.308,4235.641,4245.897,4231.538,4204.103,4187.179,4183.974,4193.846,4208.974,4202.308,4159.103,3920.0,4207.564,разжать руку
3,4235.897,3818.59,4241.923,4250.385,4234.103,4209.615,4191.282,4185.897,4194.359,4214.487,4207.051,4160.256,3925.0,4210.128,разжать руку
3,4240.897,3807.949,4235.0,4244.615,4235.256,4217.179,4197.692,4203.974,4205.897,4213.59,4207.051,4161.154,3922.564,4206.667,разжать руку
3,4241.41,3795.0,4225.513,4238.974,4237.179,4218.077,4197.179,4207.692,4207.949,4219.487,4207.692,4161.026,3917.308,4201.795,разжать руку
3,4243.59,3793.205,4230.769,4242.564,4238.077,4211.026,4184.103,4196.795,4197.564,4228.205,4210.513,4162.949,3917.308,4203.59,разжать руку
3,4247.179,3789.872,4240.513,4248.462,4231.282,4204.231,4178.974,4196.41,4193.462,4214.872,4214.231,4165.897,3921.667,4213.462,разжать руку
3,4242.692,3777.051,4238.718,4242.308,4228.333,4207.436,4183.846,4198.59,4195.0,4205.128,4213.718,4156.667,3918.974,4208.462,разжать руку
3,4231.026,3760.641,4227.692,4232.692,4228.077,4204.487,4171.154,4189.744,4193.462,4214.615,4206.538,4153.846,3913.077,4200.513,разжать руку
3,4232.179,3762.179,4230.513,4245.385,4228.846,4206.026,4167.051,4191.026,4195.769,4222.564,4206.282,4170.0,3920.641,4215.385,разжать руку
3,4243.59,3775.0,4247.051,4258.718,4237.436,4224.487,4196.282,4208.333,4207.692,4229.744,4212.692,4164.359,3930.385,4216.923,разжать руку
3,4245.128,3768.59,4247.949,4248.462,4241.154,4226.667,4205.385,4210.385,4212.179,4229.231,4211.282,4150.128,3924.615,4202.436,разжать руку
3,4241.026,3758.974,4238.462,4242.179,4238.846,4212.949,4182.436,4196.667,4202.564,4214.231,4204.359,4161.154,3921.41,4210.385,разжать руку
3,4240.769,3766.154,4243.077,4248.333,4239.615,4218.974,4177.692,4201.667,4199.359,4218.205,4203.59,4159.231,3927.821,4211.41,разжать руку
3,4230.769,3762.179,4239.615,4239.615,4232.308,4225.641,4185.0,4198.846,4194.359,4221.667,4204.615,4144.231,3922.179,4194.359,разжать руку
3,4219.872,3751.923,4227.821,4237.692,4222.821,4214.872,4175.897,4186.41,4191.154,4207.308,4206.026,4163.205,3917.308,4212.692,разжать руку
3,4232.692,3763.205,4243.718,4252.179,4234.487,4216.667,4172.308,4200.128,4203.974,4220.897,4211.41,4171.282,3930.256,4226.154,разжать руку
3,4245.769,3767.436,4257.179,4250.256,4245.897,4218.974,4177.692,4209.231,4209.487,4231.282,4212.564,4149.744,3936.026,4203.59,разжать руку
3,4245.769,3765.128,4250.641,4246.923,4242.692,4207.821,4175.513,4195.128,4197.821,4214.359,4210.0,4152.564,3934.103,4201.41,разжать руку
3,4249.231,3776.154,4260.769,4255.513,4242.821,4210.385,4180.641,4192.179,4191.41,4218.718,4210.513,4160.769,3945.385,4210.769,разжать руку
3,4249.231,3773.59,4271.795,4250.385,4241.026,4218.718,4190.256,4202.179,4196.154,4229.744,4214.231,4153.718,3953.718,4205.513,разжать руку
3,4241.538,3760.0,4264.744,4243.846,4234.359,4217.564,4192.821,4199.359,4196.795,4214.615,4215.641,4160.769,3949.231,4208.59,разжать руку
3,4242.179,3769.744,4267.949,4249.487,4235.385,4220.0,4191.795,4189.615,4195.641,4215.769,4213.59,4159.103,3951.282,4206.154,разжать руку
3,4245.769,3778.846,4273.077,4241.923,4230.769,4217.949,4180.385,4184.359,4193.462,4222.564,4212.821,4144.103,3952.949,4193.718,разжать руку
3,4248.077,3780.0,4270.641,4238.462,4224.615,4210.513,4176.667,4190.897,4195.256,4209.744,4218.974,4157.821,3948.846,4208.205,разжать руку
3,4255.641,3791.923,4278.59,4244.615,4226.282,4210.769,4189.872,4200.128,4204.231,4216.923,4225.0,4157.051,3951.282,4208.59,разжать руку
3,4254.872,3786.667,4273.205,4236.538,4209.359,4206.41,4189.615,4196.154,4207.821,4223.59,4223.846,4152.308,3953.205,4202.179,разжать руку
3,4249.103,3782.692,4265.897,4232.436,4206.154,4211.41,4192.821,4202.308,4210.0,4223.846,4223.718,4162.436,3958.077,4210.769,разжать руку
3,4238.846,3788.077,4265.769,4226.795,4220.897,4211.41,4197.051,4206.282,4205.897,4225.128,4225.256,4146.026,3957.692,4195.897,разжать руку
3,4230.897,3791.026,4257.051,4225.385,4219.744,4198.462,4180.0,4188.077,4197.179,4210.641,4227.436,4146.41,3955.0,4198.718,разжать руку
3,4232.949,3802.051,4256.795,4232.436,4224.487,4203.333,4175.256,4173.718,4197.564,4212.692,4231.026,4150.385,3961.282,4203.974,разжать руку
3,4229.487,3801.026,4253.974,4225.256,4227.436,4210.897,4179.615,4180.256,4201.41,4218.718,4227.051,4144.487,3954.615,4193.718,разжать руку
3,4225.641,3798.59,4251.41,4219.615,4223.974,4215.513,4182.179,4192.821,4200.641,4210.385,4223.205,4146.795,3949.487,4194.359,разжать руку
3,4226.538,3801.923,4256.667,4221.154,4221.154,4215.769,4183.974,4201.282,4204.103,4216.282,4226.923,4144.231,3962.692,4196.026,разжать руку
3,4227.308,3803.462,4259.744,4226.282,4218.59,4212.179,4180.0,4211.667,4217.692,4231.154,4230.513,4150.641,3971.538,4202.564,разжать руку
3,4223.59,3806.667,4258.974,4226.667,4228.333,4213.333,4177.436,4195.769,4210.0,4219.103,4226.538,4149.231,3963.846,4196.667,разжать руку
3,4211.923,3808.846,4245.513,4215.385,4232.308,4209.615,4175.769,4162.436,4187.564,4194.615,4216.026,4141.026,3954.744,4186.282,разжать руку
3,4206.923,3812.308,4238.59,4216.538,4219.487,4203.974,4173.077,4173.077,4193.974,4206.154,4212.051,4141.282,3960.897,4192.564,разжать руку
3,4213.333,3809.487,4248.333,4223.462,4210.0,4200.897,4167.564,4197.564,4210.385,4223.59,4219.744,4143.462,3969.744,4199.487,разжать руку
3,4218.462,3806.667,4253.462,4222.308,4212.692,4202.179,4166.026,4193.59,4208.59,4215.897,4223.974,4151.41,3965.897,4199.487,разжать руку
3,4217.179,3819.615,4252.308,4223.718,4217.692,4208.846,4176.538,4193.59,4207.308,4216.154,4217.179,4150.513,3964.359,4195.128,разжать руку
3,4213.974,3825.897,4249.103,4222.308,4216.795,4210.897,4177.949,4195.769,4207.179,4217.564,4212.692,4141.538,3972.821,4194.359,разжать руку
3,4211.026,3818.462,4245.513,4221.154,4210.769,4204.744,4169.359,4185.385,4202.564,4205.641,4215.0,4143.974,3978.205,4196.282,разжать руку
3,4213.59,3834.615,4250.769,4228.077,4204.615,4205.513,4177.949,4190.128,4208.077,4210.641,4221.282,4153.333,3984.231,4199.744,разжать руку
3,4220.0,3860.385,4259.231,4230.513,4213.718,4221.026,4201.795,4208.974,4220.256,4230.769,4226.026,4157.692,3999.487,4206.538,разжать руку
3,4212.949,3848.718,4251.538,4218.846,4223.974,4222.564,4200.641,4203.59,4214.359,4224.872,4213.077,4148.59,4000.385,4198.205,разжать руку
3,4201.154,3835.385,4233.462,4210.513,4210.769,4204.487,4170.128,4181.282,4196.41,4198.846,4195.385,4140.641,3992.179,4187.179,разжать руку
3,4206.538,3870.897,4233.846,4222.821,4200.897,4201.282,4165.769,4190.897,4205.513,4203.333,4202.692,4146.795,4010.385,4197.821,разжать руку
3,4212.051,3898.462,4242.308,4231.154,4209.615,4210.897,4185.769,4209.487,4220.641,4222.564,4215.256,4152.564,4037.692,4204.615,разжать руку
3,4206.154,3891.795,4238.077,4224.231,4216.282,4214.103,4186.282,4195.256,4206.538,4217.436,4208.974,4150.769,4046.923,4196.41,разжать руку
3,4204.103,3914.359,4235.385,4221.667,4214.744,4219.872,4188.59,4183.333,4196.41,4212.949,4203.205,4145.769,4051.154,4195.128,разжать руку
3,4206.41,3950.897,4238.077,4225.256,4209.615,4223.333,4204.103,4198.462,4208.718,4220.256,4203.718,4148.077,4060.0,4202.949,разжать руку
3,4205.128,3961.667,4236.538,4224.872,4208.077,4215.385,4197.949,4204.487,4212.692,4218.974,4201.026,4150.897,4069.487,4203.718,разжать руку
3,4207.564,3979.872,4235.641,4223.59,4210.385,4210.513,4180.0,4195.513,4209.872,4215.513,4201.795,4146.923,4079.103,4199.615,разжать руку
3,4212.436,4019.103,4237.821,4230.513,4217.436,4214.615,4185.0,4203.718,4221.282,4217.564,4206.667,4147.436,4086.538,4203.333,разжать руку
3,4210.641,4050.0,4234.231,4235.385,4230.897,4220.256,4196.795,4206.538,4216.923,4217.051,4204.231,4148.205,4091.923,4203.974,разжать руку
3,4215.0,4074.744,4234.359,4235.0,4227.179,4217.308,4195.128,4193.077,4205.256,4219.744,4205.513,4151.538,4106.795,4203.59,разжать руку
3,4230.128,4108.077,4250.385,4236.667,4208.718,4213.718,4195.0,4206.538,4222.692,4240.897,4221.923,4162.436,4134.231,4212.051,разжать руку
3,4230.769,4134.615,4256.667,4233.974,4207.821,4218.333,4195.897,4222.564,4233.077,4259.744,4230.0,4160.641,4152.821,4211.923,разжать руку
3,4212.821,4147.821,4240.641,4228.974,4211.923,4222.051,4190.256,4204.103,4214.231,4245.769,4217.436,4150.769,4151.026,4205.897,разжать руку
3,4204.103,4159.615,4234.359,4225.385,4204.231,4221.795,4196.538,4202.436,4215.769,4225.385,4207.692,4152.051,4149.359,4203.59,разжать руку
3,4207.308,4176.026,4237.436,4224.359,4202.821,4217.949,4200.897,4218.462,4231.41,4222.179,4212.564,4156.282,4156.41,4199.487,разжать руку
3,4202.179,4186.923,4226.026,4226.154,4207.821,4206.282,4178.974,4191.538,4211.795,4215.0,4211.667,4152.436,4157.436,4197.564,разжать руку
3,4196.923,4191.538,4216.538,4224.615,4201.667,4202.051,4159.359,4168.59,4196.282,4207.821,4200.256,4146.538,4153.333,4198.846,разжать руку
3,4201.795,4208.333,4220.385,4221.538,4202.436,4220.385,4162.436,4185.385,4209.103,4210.385,4197.051,4150.0,4160.256,4202.821,разжать руку
3,4203.205,4229.359,4221.667,4221.41,4218.205,4232.179,4166.538,4189.872,4211.923,4216.795,4199.103,4151.923,4175.769,4202.051,разжать руку
3,4200.769,4235.256,4219.487,4222.436,4212.949,4215.641,4170.641,4188.718,4211.667,4219.103,4199.872,4150.385,4185.128,4199.231,разжать руку
3,4208.205,4241.538,4227.949,4228.333,4195.897,4208.462,4184.744,4201.795,4219.615,4213.205,4204.359,4155.385,4194.744,4204.487,разжать руку
3,4213.205,4251.538,4234.487,4234.744,4204.359,4213.59,4181.923,4193.462,4213.59,4209.487,4204.231,4152.436,4200.513,4204.359,разжать руку
3,4206.667,4252.949,4224.872,4233.59,4214.487,4207.308,4165.256,4175.256,4201.923,4209.872,4195.385,4148.846,4194.487,4201.538,разжать руку
3,4204.359,4256.026,4221.026,4231.923,4207.692,4207.051,4174.744,4187.564,4210.513,4213.077,4196.667,4154.872,4196.538,4203.462,разжать руку
3,4208.205,4257.821,4228.333,4232.821,4198.077,4208.462,4186.795,4203.846,4218.846,4216.026,4201.026,4156.282,4208.077,4202.949,разжать руку
3,4210.897,4259.103,4229.103,4234.359,4190.0,4199.359,4184.103,4205.128,4214.744,4212.821,4193.462,4156.41,4213.205,4205.897,разжать руку
3,4211.538,4270.385,4226.667,4235.385,4188.718,4199.231,4183.846,4196.282,4207.179,4206.795,4191.923,4158.59,4217.051,4207.692,разжать руку
3,4212.051,4279.359,4227.821,4233.718,4192.436,4207.821,4182.564,4188.462,4200.641,4204.359,4197.821,4161.667,4223.974,4206.41,разжать руку
3,4217.692,4283.205,4233.846,4234.103,4193.333,4206.154,4183.077,4203.718,4206.795,4202.564,4196.41,4163.333,4227.051,4208.718,разжать руку
3,4225.128,4297.949,4238.205,4237.692,4192.949,4199.487,4177.051,4207.436,4215.513,4195.897,4193.59,4157.692,4226.154,4210.0,разжать руку
3,4226.795,4315.897,4236.923,4240.641,4197.564,4200.0,4160.769,4185.0,4210.0,4201.795,4195.385,4158.974,4232.308,4213.077,разжать руку
3,4226.538,4319.744,4233.974,4240.256,4205.769,4201.923,4162.564,4183.077,4202.436,4213.846,4196.026,4161.41,4242.436,4214.744,разжать руку
3,4228.846,4318.077,4229.103,4236.923,4202.179,4200.128,4174.744,4202.436,4206.795,4205.897,4192.564,4156.41,4241.923,4212.051,разжать руку
3,4228.974,4327.051,4227.051,4236.026,4198.974,4202.692,4167.821,4207.821,4214.872,4201.41,4193.974,4159.487,4242.692,4212.051,разжать руку
3,4226.538,4337.051,4230.128,4232.564,4202.308,4210.513,4162.692,4193.846,4210.256,4213.333,4196.667,4163.205,4259.359,4211.154,разжать руку
3,4216.923,4327.692,4221.154,4223.333,4191.538,4212.308,4176.923,4191.154,4205.385,4210.256,4192.949,4158.077,4265.0,4207.051,разжать руку
3,4203.462,4319.231,4208.718,4219.231,4184.103,4211.795,4181.923,4200.897,4208.205,4202.179,4188.718,4149.359,4257.179,4202.179,разжать руку
3,4201.923,4327.051,4214.103,4224.487,4197.051,4212.564,4168.333,4202.692,4210.641,4210.513,4189.487,4150.769,4261.026,4204.872,разжать руку
3,4209.872,4336.026,4224.231,4226.41,4205.385,4209.615,4165.769,4200.897,4210.0,4218.974,4190.897,4161.154,4269.487,4211.154,разжать руку
3,4212.436,4339.231,4222.692,4221.795,4200.769,4202.949,4169.487,4200.256,4209.103,4212.308,4188.205,4160.0,4269.231,4206.154,разжать руку
3,4209.615,4341.538,4220.897,4224.615,4198.462,4198.846,4161.795,4196.154,4207.949,4197.821,4190.0,4157.821,4269.615,4204.615,разжать руку
3,4206.282,4349.103,4224.872,4227.821,4199.103,4204.872,4164.744,4190.897,4202.308,4200.641,4191.026,4157.692,4273.462,4207.051,разжать руку
3,4201.154,4351.282,4220.769,4216.923,4194.487,4206.538,4171.795,4189.744,4199.359,4207.564,4181.923,4151.795,4273.462,4202.564,разжать руку
3,4203.077,4346.923,4217.821,4215.385,4192.564,4199.359,4161.667,4193.462,4207.051,4203.59,4182.692,4152.949,4276.667,4205.769,разжать руку
3,4213.59,4348.974,4226.538,4228.077,4198.077,4196.154,4155.897,4198.333,4209.872,4205.513,4193.462,4157.949,4283.462,4210.769,разжать руку
3,4212.949,4351.026,4228.077,4226.41,4192.564,4192.949,4164.872,4193.462,4198.974,4203.462,4189.744,4157.821,4282.179,4207.692,разжать руку
3,4204.872,4348.718,4225.256,4221.538,4177.308,4190.256,4170.128,4184.872,4194.231,4193.077,4179.872,4154.744,4279.615,4206.154,разжать руку
3,4205.513,4348.846,4227.821,4225.897,4179.231,4197.949,4166.41,4187.179,4200.0,4191.667,4181.923,4157.436,4280.769,4207.821,разжать руку
3,4206.41,4348.974,4226.154,4226.923,4197.436,4215.641,4170.256,4190.641,4196.41,4189.615,4180.769,4161.41,4275.513,4206.538,разжать руку
3,4202.564,4348.846,4219.103,4223.333,4206.154,4215.513,4175.0,4193.077,4194.359,4187.308,4172.308,4154.103,4267.821,4200.897,разжать руку
3,4210.128,4357.564,4223.077,4226.41,4194.744,4197.821,4170.897,4199.103,4202.821,4188.333,4178.846,4152.308,4272.821,4204.103,разжать руку
3,4226.667,4368.462,4238.462,4233.718,4186.923,4201.795,4176.538,4193.59,4200.128,4182.564,4190.256,4159.103,4285.0,4211.795,разжать руку
4,4221.154,4361.795,4231.41,4224.103,4205.128,4205.641,4165.513,4176.923,4183.846,4202.821,4183.077,4159.359,4290.513,4206.538,сжать руку
4,4225.769,4373.077,4236.795,4231.41,4206.41,4206.795,4162.821,4200.641,4201.795,4221.026,4193.205,4165.256,4301.923,4210.513,сжать руку
4,4226.923,4371.026,4240.513,4232.308,4197.179,4209.872,4177.051,4203.077,4202.949,4219.103,4194.872,4164.103,4302.436,4208.462,сжать руку
4,4222.436,4367.051,4237.692,4230.641,4196.923,4200.641,4174.103,4200.769,4196.923,4214.103,4188.205,4163.205,4294.872,4208.205,сжать руку
4,4234.231,4377.949,4248.205,4238.333,4205.769,4194.872,4168.718,4207.564,4200.128,4218.077,4191.41,4165.128,4300.641,4213.59,сжать руку
4,4245.385,4384.872,4259.744,4243.333,4211.154,4200.385,4173.59,4199.359,4198.846,4218.333,4195.513,4167.692,4307.949,4216.282,сжать руку
4,4236.667,4386.41,4258.718,4239.615,4214.872,4204.103,4169.615,4178.205,4187.051,4208.846,4192.308,4159.744,4301.026,4208.59,сжать руку
4,4228.333,4382.308,4255.385,4235.897,4209.359,4202.436,4168.846,4183.974,4188.077,4198.718,4189.615,4154.744,4295.641,4208.077,сжать руку
4,4232.692,4378.846,4262.564,4235.769,4201.026,4205.513,4184.744,4212.821,4210.128,4212.179,4192.821,4167.308,4307.436,4220.897,сжать руку
4,4233.974,4382.949,4268.205,4237.692,4202.949,4211.026,4188.718,4207.436,4214.359,4225.897,4197.051,4165.769,4310.769,4216.026,сжать руку
4,4228.846,4386.282,4259.487,4242.179,4206.538,4204.615,4175.0,4185.256,4197.692,4205.897,4193.333,4154.615,4298.974,4206.282,сжать руку
4,4225.769,4382.436,4252.564,4240.0,4203.205,4194.872,4167.051,4186.282,4191.923,4186.026,4182.308,4153.846,4292.692,4208.205,сжать руку
4,4223.846,4375.769,4250.769,4232.308,4199.103,4193.974,4164.872,4184.359,4191.41,4194.615,4177.949,4155.128,4291.026,4208.462,сжать руку
4,4222.692,4373.077,4248.718,4234.487,4200.128,4193.59,4167.308,4177.179,4191.41,4208.718,4186.41,4157.564,4291.795,4211.923,сжать руку
4,4223.846,4376.154,4251.026,4239.359,4206.667,4189.231,4171.667,4190.0,4203.462,4212.051,4194.615,4160.641,4300.513,4217.436,сжать руку
4,4227.051,4377.821,4256.026,4242.436,4210.641,4197.949,4175.769,4200.897,4206.282,4213.205,4195.641,4163.974,4309.359,4219.872,сжать руку
4,4231.154,4376.923,4257.821,4246.154,4212.051,4217.179,4179.487,4188.333,4192.051,4210.641,4193.333,4164.744,4309.744,4220.128,сжать руку
4,4235.641,4381.282,4257.949,4246.923,4213.077,4209.744,4170.513,4181.667,4191.41,4202.308,4193.205,4167.051,4310.513,4223.59,сжать руку
4,4242.949,4391.282,4263.718,4253.846,4212.564,4191.026,4161.41,4196.154,4206.795,4208.462,4200.385,4173.205,4313.462,4231.154,сжать руку
4,4250.641,4400.513,4266.923,4262.692,4216.795,4197.564,4169.359,4199.615,4207.821,4216.41,4207.564,4172.179,4313.59,4230.256,сжать руку
4,4258.077,4406.923,4262.692,4261.282,4221.667,4206.923,4169.872,4184.615,4196.41,4199.359,4206.41,4172.564,4312.564,4233.205,сжать руку
4,4271.538,4419.359,4268.205,4265.769,4221.154,4200.128,4162.692,4186.667,4200.513,4194.615,4211.538,4183.333,4316.538,4247.564,сжать руку
4,4284.103,4429.231,4279.359,4276.923,4215.897,4193.59,4168.077,4192.564,4205.897,4208.846,4221.795,4189.487,4320.256,4249.872,сжать руку
4,4283.846,4427.051,4273.462,4277.564,4212.308,4194.103,4164.359,4177.564,4198.846,4199.744,4215.385,4187.949,4316.154,4242.051,сжать руку
4,4276.026,4422.564,4261.667,4270.128,4217.692,4200.256,4155.0,4173.59,4195.513,4186.026,4204.359,4182.564,4310.0,4237.179,сжать руку
4,4267.308,4410.641,4257.179,4260.769,4215.897,4199.615,4163.846,4185.0,4196.026,4191.667,4207.051,4180.128,4305.897,4235.769,сжать руку
4,4261.154,4396.154,4257.308,4259.359,4208.846,4189.872,4176.538,4198.59,4203.59,4200.641,4212.949,4185.769,4309.231,4240.769,сжать руку
4,4260.128,4393.333,4264.615,4263.846,4212.949,4194.359,4173.974,4207.692,4218.333,4212.692,4213.077,4181.795,4315.897,4239.487,сжать руку
4,4255.513,4392.692,4267.564,4257.051,4216.154,4211.026,4170.769,4201.026,4217.436,4217.308,4213.077,4169.231,4313.974,4229.231,сжать руку
4,4245.0,4387.692,4262.949,4251.154,4218.974,4214.615,4172.692,4186.154,4201.538,4210.256,4212.436,4159.487,4309.231,4220.128,сжать руку
4,4239.231,4382.564,4262.308,4252.692,4224.744,4202.051,4166.026,4187.436,4199.744,4213.462,4208.846,4154.872,4306.795,4215.0,сжать руку
4,4242.179,4378.077,4267.179,4251.282,4221.538,4193.974,4160.769,4191.41,4206.923,4212.436,4206.538,4158.718,4302.179,4216.282,сжать руку
4,4243.718,4373.462,4271.41,4248.333,4211.923,4194.872,4162.692,4179.103,4202.821,4200.128,4206.538,4159.872,4300.385,4215.641,сжать руку
4,4235.897,4367.436,4266.154,4246.026,4206.667,4196.795,4162.308,4171.538,4195.128,4205.0,4207.949,4157.821,4302.436,4214.231,сжать руку
4,4226.667,4358.846,4260.769,4242.179,4209.615,4194.359,4165.256,4179.615,4197.051,4219.615,4204.359,4153.974,4298.205,4208.846,сжать руку
4,4225.385,4353.077,4263.205,4239.615,4211.923,4190.256,4168.846,4186.41,4201.795,4214.872,4198.59,4151.282,4293.205,4202.308,сжать руку
4,4229.487,4359.487,4264.359,4242.051,4212.692,4195.385,4163.333,4175.641,4193.846,4206.282,4196.026,4152.821,4295.769,4202.308,сжать руку
4,4232.821,4362.564,4263.205,4237.821,4210.769,4198.205,4166.923,4168.59,4187.692,4212.051,4195.385,4143.846,4295.641,4191.026,сжать руку
4,4233.205,4349.615,4265.128,4223.846,4208.205,4193.846,4177.949,4179.615,4198.462,4212.564,4194.487,4131.282,4290.385,4176.795,сжать руку
4,4235.256,4342.949,4267.308,4219.487,4215.513,4195.641,4172.692,4188.462,4205.513,4213.205,4196.154,4130.897,4287.436,4177.308,сжать руку
4,4237.821,4350.0,4259.872,4221.923,4218.077,4200.513,4167.949,4182.949,4197.051,4217.564,4199.487,4139.744,4285.897,4185.256,сжать руку
4,4236.667,4344.615,4252.051,4219.872,4206.667,4200.385,4179.487,4183.077,4197.051,4216.026,4201.026,4149.103,4284.615,4193.205,сжать руку
4,4233.462,4330.513,4250.128,4217.051,4201.41,4196.026,4184.744,4191.795,4207.051,4211.923,4200.641,4152.949,4280.256,4199.615,сжать руку
4,4233.846,4333.333,4243.462,4225.385,4210.769,4197.564,4166.667,4181.538,4202.821,4203.718,4197.308,4158.205,4275.769,4210.385,сжать руку
4,4235.641,4337.692,4239.487,4234.615,4217.564,4207.308,4160.513,4172.821,4195.641,4202.179,4193.205,4161.923,4277.179,4214.359,сжать руку
4,4233.205,4324.359,4243.333,4233.462,4213.333,4206.667,4169.231,4183.974,4202.564,4201.026,4189.103,4161.026,4274.744,4208.59,сжать руку
4,4234.359,4321.282,4249.615,4237.949,4209.359,4195.256,4158.462,4185.385,4208.718,4199.103,4189.359,4166.282,4277.564,4212.179,сжать руку
4,4242.051,4338.846,4256.538,4246.923,4206.667,4199.744,4152.308,4188.462,4212.179,4217.821,4196.795,4169.231,4293.974,4219.615,сжать руку
4,4242.436,4340.513,4257.564,4246.026,4203.59,4206.282,4165.769,4203.846,4215.385,4234.615,4199.487,4165.256,4297.564,4219.359,сжать руку
4,4234.359,4326.795,4254.103,4242.821,4210.256,4197.692,4168.333,4193.077,4204.615,4220.128,4193.333,4163.077,4288.59,4215.513,сжать руку
4,4229.744,4322.308,4251.154,4242.692,4213.846,4194.744,4159.615,4165.641,4191.923,4204.487,4191.026,4161.026,4293.846,4212.692,сжать руку
4,4235.128,4326.41,4257.308,4246.154,4202.308,4202.308,4168.59,4176.923,4201.41,4219.103,4196.667,4167.692,4305.897,4216.026,сжать руку
4,4242.436,4332.436,4266.41,4252.564,4197.308,4207.436,4182.692,4194.103,4208.333,4230.897,4198.333,4168.846,4300.0,4212.949,сжать руку
4,4236.795,4321.538,4256.795,4247.949,4202.051,4205.897,4178.846,4188.077,4203.846,4219.487,4190.513,4157.436,4285.128,4203.077,сжать руку
4,4229.872,4304.103,4243.846,4237.564,4199.231,4204.487,4179.872,4195.0,4211.923,4214.615,4189.744,4157.051,4285.0,4206.538,сжать руку
4,4230.128,4300.769,4243.462,4234.359,4190.256,4202.949,4183.846,4196.667,4212.436,4215.128,4194.487,4160.897,4284.359,4210.641,сжать руку
4,4226.41,4301.026,4236.667,4236.538,4186.282,4194.231,4170.0,4181.795,4197.821,4206.282,4192.051,4159.359,4274.231,4207.179,сжать руку
4,4232.564,4304.744,4236.154,4244.359,4199.231,4193.718,4152.692,4187.564,4200.641,4214.872,4195.641,4162.179,4278.974,4214.103,сжать руку
4,4246.026,4308.462,4246.026,4241.538,4208.718,4207.692,4166.154,4206.667,4213.333,4232.179,4203.718,4164.487,4286.667,4219.744,сжать руку
4,4246.795,4309.231,4243.718,4234.103,4197.051,4217.179,4197.051,4208.077,4213.974,4228.077,4201.538,4163.077,4278.718,4214.231,сжать руку
4,4247.821,4306.667,4239.872,4241.923,4194.487,4210.0,4190.128,4199.744,4214.487,4228.974,4198.718,4163.974,4277.821,4213.59,сжать руку
4,4250.897,4299.231,4242.436,4246.154,4210.769,4203.077,4166.282,4202.308,4220.0,4241.667,4198.718,4167.308,4281.667,4216.795,сжать руку
4,4242.821,4288.462,4236.667,4237.692,4215.897,4212.051,4180.256,4203.205,4215.385,4238.205,4195.641,4160.769,4272.692,4210.128,сжать руку
4,4240.385,4292.051,4232.308,4237.692,4203.205,4215.0,4192.692,4196.667,4213.333,4235.513,4199.487,4157.949,4271.282,4208.462,сжать руку
4,4253.077,4310.769,4241.026,4248.974,4197.692,4206.026,4179.615,4203.077,4224.872,4250.513,4210.641,4169.615,4282.308,4220.128,сжать руку
4,4251.795,4307.308,4244.487,4246.667,4200.385,4205.897,4179.872,4209.872,4225.641,4246.795,4206.538,4166.923,4275.513,4216.667,сжать руку
4,4237.949,4290.0,4232.436,4235.513,4199.744,4210.385,4185.128,4189.231,4206.282,4215.897,4191.795,4156.667,4251.923,4206.41,сжать руку
4,4234.872,4295.513,4223.462,4233.718,4201.154,4204.744,4177.308,4168.205,4196.41,4203.462,4185.128,4158.59,4238.462,4206.026,сжать руку
4,4233.718,4305.385,4222.308,4231.538,4197.308,4196.923,4180.769,4193.718,4215.513,4218.333,4187.692,4160.897,4237.179,4204.872,сжать руку
4,4235.128,4309.231,4224.744,4232.179,4193.462,4205.513,4193.462,4224.487,4233.333,4230.256,4193.077,4164.103,4238.846,4208.974,сжать руку
4,4241.41,4328.077,4228.333,4239.615,4197.564,4220.256,4194.615,4202.821,4217.692,4226.282,4194.231,4163.846,4232.949,4211.667,сжать руку
4,4233.462,4329.231,4223.718,4236.282,4193.974,4220.641,4183.205,4163.462,4192.051,4208.59,4188.974,4155.513,4216.538,4205.513,сжать руку
4,4220.641,4305.0,4218.462,4222.949,4188.974,4214.103,4177.051,4169.487,4197.436,4204.231,4189.872,4155.256,4216.667,4209.487,сжать руку
4,4228.718,4308.846,4226.154,4221.538,4192.051,4209.615,4180.0,4208.974,4222.179,4225.385,4200.385,4166.154,4232.436,4217.949,сжать руку
4,4245.256,4329.744,4238.077,4231.795,4191.795,4203.077,4179.615,4235.641,4237.821,4241.154,4208.718,4174.615,4233.846,4220.513,сжать руку
4,4246.667,4332.436,4239.487,4230.641,4193.718,4206.795,4180.769,4214.359,4227.949,4238.333,4205.641,4167.436,4226.667,4218.077,сжать руку
4,4237.949,4324.487,4226.795,4220.641,4195.0,4213.846,4185.641,4166.795,4201.154,4223.333,4195.256,4156.026,4219.231,4212.692,сжать руку
4,4230.256,4321.154,4216.538,4217.949,4184.744,4204.744,4180.128,4177.051,4205.897,4213.846,4190.0,4160.513,4206.154,4210.0,сжать руку
4,4229.231,4320.256,4220.256,4218.846,4178.846,4191.538,4172.564,4214.487,4226.795,4220.0,4193.333,4166.282,4198.462,4210.256,сжать руку
4,4231.154,4320.385,4224.231,4221.026,4183.59,4190.0,4170.769,4197.949,4211.538,4216.923,4194.359,4163.718,4199.359,4213.718,сжать руку
4,4233.59,4326.41,4225.128,4227.436,4191.026,4200.513,4169.103,4184.872,4199.103,4209.487,4195.769,4163.974,4199.231,4216.282,сжать руку
4,4240.385,4335.128,4232.179,4230.897,4195.641,4210.0,4163.333,4197.949,4211.154,4223.59,4204.487,4171.923,4199.487,4221.154,сжать руку
4,4247.179,4333.846,4237.179,4227.564,4192.949,4208.846,4165.385,4209.103,4223.846,4244.872,4211.923,4177.179,4200.897,4225.0,сжать руку
4,4248.462,4325.128,4238.59,4224.872,4186.538,4208.462,4183.462,4222.436,4233.846,4252.436,4211.538,4170.641,4199.744,4220.513,сжать руку
4,4250.513,4318.205,4242.949,4226.923,4183.333,4212.821,4190.513,4204.872,4221.923,4242.436,4208.59,4167.051,4195.0,4220.513,сжать руку
4,4246.154,4302.692,4240.128,4225.128,4183.718,4207.308,4174.615,4177.436,4199.231,4227.051,4203.077,4166.667,4185.385,4216.667,сжать руку
4,4235.128,4285.256,4228.974,4216.795,4187.692,4196.026,4165.0,4197.821,4209.103,4224.231,4199.615,4163.205,4176.538,4208.718,сжать руку
4,4236.282,4282.436,4225.0,4216.154,4193.846,4204.615,4181.667,4216.026,4223.59,4225.0,4198.718,4163.59,4171.026,4213.077,сжать руку
4,4242.051,4273.077,4225.128,4219.231,4191.795,4214.359,4194.487,4194.872,4207.692,4218.205,4193.077,4158.333,4160.641,4212.692,сжать руку
4,4240.385,4245.513,4218.333,4212.821,4181.154,4205.897,4189.103,4200.385,4208.205,4215.641,4188.974,4156.923,4151.795,4205.769,сжать руку
4,4241.282,4224.872,4217.692,4212.308,4177.179,4205.256,4198.59,4232.949,4235.769,4230.769,4196.923,4166.026,4155.256,4208.846,сжать руку
4,4242.436,4216.41,4221.41,4218.077,4181.538,4212.308,4210.897,4215.0,4229.231,4236.154,4199.615,4164.103,4158.077,4210.0,сжать руку
4,4240.897,4206.667,4218.333,4221.154,4189.744,4210.256,4195.897,4174.872,4200.385,4222.051,4192.821,4160.0,4150.128,4208.718,сжать руку
4,4238.718,4184.487,4214.615,4220.641,4196.026,4201.923,4177.692,4183.077,4201.538,4220.769,4197.949,4162.051,4144.615,4209.744,сжать руку
4,4235.0,4153.974,4211.282,4215.641,4189.231,4200.128,4182.564,4215.513,4220.0,4231.282,4210.769,4166.026,4150.128,4211.154,сжать руку
4,4236.795,4145.769,4210.769,4219.487,4187.179,4212.821,4188.974,4208.205,4217.692,4224.744,4211.154,4166.923,4154.487,4213.974,сжать руку
4,4242.051,4146.923,4211.667,4228.59,4198.846,4214.231,4177.564,4180.128,4205.769,4211.154,4203.846,4161.923,4146.667,4211.282,сжать руку
4,4232.821,4122.821,4206.795,4227.051,4196.923,4203.59,4184.231,4197.564,4211.154,4219.103,4203.846,4161.026,4139.615,4206.41,сжать руку
4,4223.462,4099.872,4204.231,4224.231,4194.359,4213.077,4214.487,4222.949,4218.59,4235.897,4208.846,4159.103,4139.487,4204.231,сжать руку
4,4232.821,4098.59,4208.846,4231.538,4207.436,4223.333,4211.026,4201.154,4212.051,4234.359,4210.641,4156.923,4141.538,4207.949,сжать руку
5,4236.154,4080.641,4208.718,4231.026,4197.436,4198.846,4188.718,4225.897,4231.026,4247.308,4210.769,4164.615,4147.308,4210.0,разжать руку
5,4232.308,4063.718,4198.333,4228.205,4187.051,4205.513,4204.359,4217.179,4224.872,4234.231,4206.41,4156.282,4134.872,4206.795,разжать руку
5,4232.821,4051.282,4195.0,4232.179,4193.846,4202.564,4200.256,4186.282,4204.872,4217.564,4197.821,4153.59,4132.051,4212.051,разжать руку
5,4233.205,4043.718,4195.128,4232.436,4198.718,4198.846,4189.872,4181.667,4197.821,4220.385,4194.744,4157.564,4136.538,4212.051,разжать руку
5,4234.231,4040.0,4195.769,4231.538,4194.487,4204.615,4190.0,4185.513,4197.949,4223.333,4201.41,4161.282,4134.615,4211.154,разжать руку
5,4235.385,4039.359,4198.846,4230.769,4189.615,4203.462,4193.077,4190.769,4203.333,4222.308,4205.256,4161.923,4134.359,4211.923,разжать руку
5,4235.513,4037.179,4199.359,4230.641,4187.564,4197.051,4193.333,4210.513,4217.821,4227.179,4205.897,4163.974,4141.41,4214.231,разжать руку
5,4237.308,4033.462,4201.41,4233.333,4194.615,4201.282,4195.385,4212.436,4218.205,4236.538,4211.282,4163.59,4145.769,4213.846,разжать руку
5,4234.872,4025.0,4198.718,4230.256,4203.718,4201.923,4189.359,4191.923,4203.077,4233.462,4212.051,4159.487,4140.256,4208.846,разжать руку
5,4233.974,4014.359,4192.051,4227.051,4203.718,4195.513,4190.769,4195.513,4205.0,4227.308,4210.0,4162.821,4138.333,4211.538,разжать руку
5,4238.974,4012.564,4195.385,4234.487,4203.59,4198.718,4204.872,4215.0,4221.154,4235.769,4218.205,4166.923,4147.051,4218.462,разжать руку
5,4239.103,4014.103,4198.462,4238.205,4209.872,4201.923,4195.897,4214.744,4226.026,4243.846,4224.744,4168.333,4150.385,4220.513,разжать руку
5,4239.744,4012.564,4196.026,4235.128,4215.0,4207.308,4183.205,4207.179,4222.692,4242.179,4223.333,4170.128,4143.974,4220.256,разжать руку
5,4247.564,4012.821,4200.641,4237.692,4215.0,4215.897,4198.846,4207.179,4220.513,4244.872,4227.949,4168.974,4140.385,4218.077,разжать руку
5,4246.923,4009.615,4200.385,4239.872,4216.41,4211.154,4208.59,4197.949,4215.769,4246.923,4233.077,4166.923,4142.051,4217.436,разжать руку
5,4235.897,3995.769,4188.462,4231.923,4216.667,4199.359,4192.308,4188.462,4210.0,4238.846,4228.846,4162.308,4140.897,4213.462,разжать руку
5,4232.308,3984.359,4184.359,4228.333,4206.026,4198.974,4179.744,4202.436,4214.231,4232.564,4225.513,4162.179,4138.333,4209.103,разжать руку
5,4240.128,3994.103,4194.103,4243.077,4201.795,4209.744,4187.564,4215.769,4223.718,4228.846,4229.231,4167.051,4140.897,4215.0,разжать руку
5,4245.256,4005.256,4201.026,4256.667,4216.795,4213.462,4192.308,4203.205,4219.231,4229.872,4230.0,4165.769,4142.692,4220.385,разжать руку
5,4244.231,3998.462,4198.333,4254.103,4224.359,4206.282,4185.256,4192.436,4210.0,4240.256,4228.974,4168.333,4139.103,4219.231,разжать руку
5,4241.795,3989.103,4197.821,4247.436,4216.795,4204.487,4186.795,4201.154,4213.077,4247.051,4230.769,4172.179,4138.462,4216.282,разжать руку
5,4237.821,3983.333,4197.949,4244.359,4210.0,4207.564,4198.333,4224.744,4227.436,4242.436,4228.718,4172.949,4138.333,4216.282,разжать руку
5,4234.103,3983.205,4198.077,4245.769,4208.846,4207.179,4208.974,4234.744,4231.282,4241.923,4225.0,4174.615,4137.308,4217.179,разжать руку
5,4229.103,3980.128,4197.308,4244.487,4202.051,4204.487,4214.231,4214.872,4219.103,4242.051,4226.538,4170.385,4140.0,4213.462,разжать руку
5,4225.128,3968.718,4196.026,4241.026,4195.128,4202.692,4212.821,4210.0,4222.179,4239.103,4232.179,4174.231,4146.667,4217.821,разжать руку
5,4231.923,3971.795,4204.231,4246.667,4202.949,4206.282,4204.359,4224.744,4236.667,4250.128,4235.256,4181.667,4156.026,4222.179,разжать руку
5,4235.641,3981.026,4208.974,4254.359,4209.103,4211.282,4201.667,4214.615,4228.462,4254.615,4230.128,4174.744,4156.667,4217.436,разжать руку
5,4222.949,3970.513,4203.846,4249.487,4199.487,4212.564,4209.872,4203.974,4217.564,4243.59,4224.231,4168.077,4145.897,4214.872,разжать руку
5,4210.0,3957.308,4200.256,4237.564,4191.667,4211.667,4217.949,4224.487,4236.538,4241.795,4223.077,4167.179,4138.077,4211.282,разжать руку
5,4211.282,3965.256,4197.692,4239.359,4197.308,4211.026,4215.513,4224.103,4240.385,4237.564,4219.359,4167.821,4138.462,4211.795,разжать руку
5,4215.256,3978.974,4196.026,4247.308,4207.821,4215.513,4200.256,4195.897,4217.179,4224.744,4213.846,4167.179,4133.462,4213.59,разжать руку
5,4210.769,3975.769,4195.769,4238.462,4207.436,4215.0,4191.923,4199.872,4217.308,4216.667,4211.282,4167.308,4122.436,4207.821,разжать руку
5,4204.487,3964.872,4192.564,4229.615,4198.846,4210.256,4207.308,4229.359,4236.41,4220.641,4211.026,4171.667,4121.154,4207.051,разжать руку
5,4203.077,3962.051,4186.795,4233.974,4200.385,4212.949,4218.333,4233.462,4241.154,4230.897,4211.667,4169.231,4128.974,4211.667,разжать руку
5,4203.974,3963.59,4184.487,4235.513,4207.949,4212.308,4203.846,4211.026,4230.128,4233.077,4210.128,4164.231,4133.59,4211.667,разжать руку
5,4206.282,3964.744,4188.077,4235.256,4205.0,4204.872,4197.436,4201.923,4223.846,4232.436,4211.282,4167.949,4137.179,4211.41,разжать руку
5,4206.923,3964.872,4190.513,4238.333,4197.949,4206.41,4208.846,4210.128,4225.641,4237.821,4218.718,4172.564,4142.564,4212.821,разжать руку
5,4204.103,3967.436,4190.256,4239.872,4203.59,4220.897,4215.385,4225.769,4232.564,4244.487,4222.949,4175.641,4146.282,4215.897,разжать руку
5,4197.949,3967.949,4189.359,4237.179,4216.41,4224.872,4215.385,4229.359,4234.359,4246.923,4216.923,4168.846,4145.641,4212.949,разжать руку
5,4195.0,3957.692,4184.231,4231.795,4211.282,4213.718,4211.154,4212.308,4228.077,4239.231,4210.385,4158.846,4141.154,4210.128,разжать руку
5,4196.538,3954.231,4181.667,4231.538,4194.615,4215.641,4214.103,4216.026,4232.821,4232.821,4209.872,4160.128,4138.333,4210.897,разжать руку
5,4195.513,3959.359,4183.846,4233.974,4188.718,4221.538,4220.897,4233.333,4237.564,4235.641,4207.821,4162.821,4139.231,4207.051,разжать руку
5,4195.385,3955.0,4180.256,4231.538,4193.846,4214.872,4213.077,4219.487,4227.692,4231.795,4205.641,4162.564,4140.513,4207.949,разжать руку
5,4195.897,3951.154,4175.256,4227.692,4200.385,4212.179,4204.103,4197.308,4216.282,4221.41,4208.462,4162.949,4142.179,4209.872,разжать руку
5,4192.051,3956.795,4173.205,4225.0,4199.744,4211.923,4204.487,4209.487,4220.513,4218.59,4209.103,4166.154,4139.487,4207.821,разжать руку
5,4192.821,3960.641,4177.821,4227.051,4198.205,4210.641,4207.179,4226.282,4231.538,4222.179,4208.205,4169.231,4138.462,4210.0,разжать руку
5,4196.667,3961.923,4183.846,4228.974,4204.103,4213.718,4211.026,4210.513,4225.128,4216.923,4201.282,4163.718,4140.769,4210.256,разжать руку
5,4190.641,3961.026,4177.821,4224.744,4204.872,4207.051,4208.846,4202.564,4214.359,4202.564,4190.256,4161.41,4133.205,4208.718,разжать руку
5,4188.846,3958.974,4175.897,4224.487,4200.385,4194.487,4206.282,4216.41,4216.282,4207.179,4189.872,4164.744,4129.487,4212.308,разжать руку
5,4202.564,3963.718,4190.256,4232.308,4197.308,4200.769,4212.051,4212.051,4222.949,4227.308,4202.949,4170.256,4144.487,4221.538,разжать руку
5,4214.359,3976.41,4202.821,4238.718,4195.641,4218.205,4213.462,4204.615,4230.128,4237.308,4211.282,4176.154,4157.821,4227.051,разжать руку
5,4215.0,3980.256,4201.154,4235.0,4197.051,4218.974,4206.41,4215.0,4233.59,4232.692,4203.718,4168.846,4153.846,4217.692,разжать руку
5,4207.051,3968.333,4193.846,4228.333,4198.974,4212.051,4211.667,4218.974,4229.231,4222.564,4195.128,4163.333,4145.0,4209.872,разжать руку
5,4202.821,3967.179,4194.487,4229.231,4203.974,4218.462,4225.128,4214.231,4226.026,4220.513,4197.949,4168.846,4147.949,4214.359,разжать руку
5,4207.692,3977.051,4199.359,4230.513,4202.949,4218.846,4218.333,4218.59,4230.0,4223.077,4204.103,4168.974,4155.897,4215.641,разжать руку
5,4207.949,3972.308,4196.795,4228.462,4195.897,4208.718,4206.026,4220.641,4231.41,4222.436,4201.41,4167.692,4152.821,4212.949,разжать руку
5,4201.154,3960.513,4189.615,4225.385,4196.026,4210.385,4210.385,4207.564,4222.821,4219.615,4195.128,4166.282,4146.41,4209.231,разжать руку
5,4198.846,3958.462,4185.0,4222.308,4197.564,4217.308,4213.846,4200.256,4212.308,4213.59,4193.077,4161.538,4148.205,4207.436,разжать руку
5,4204.359,3967.564,4187.436,4225.641,4198.205,4211.282,4208.718,4213.59,4217.436,4215.128,4194.103,4161.923,4153.846,4212.436,разжать руку
5,4215.256,3979.359,4196.795,4233.077,4200.256,4204.744,4213.462,4226.154,4234.103,4230.897,4201.538,4169.487,4161.282,4221.538,разжать руку
5,4218.333,3983.974,4197.949,4233.718,4206.41,4211.026,4228.077,4219.615,4231.795,4233.974,4203.59,4171.538,4164.744,4224.103,разжать руку
5,4208.718,3979.872,4192.564,4229.872,4208.205,4209.615,4228.718,4210.641,4216.538,4220.769,4193.846,4163.59,4159.744,4214.359,разжать руку
5,4204.231,3978.846,4196.795,4230.513,4198.846,4201.026,4216.667,4204.872,4212.821,4218.59,4192.051,4163.333,4160.769,4209.359,разжать руку
5,4212.436,3985.769,4207.436,4233.846,4191.923,4205.256,4214.359,4213.462,4225.641,4232.308,4204.615,4171.026,4172.051,4217.949,разжать руку
5,4215.0,3985.513,4212.051,4231.154,4189.615,4205.385,4218.846,4233.718,4235.256,4241.154,4209.615,4169.744,4176.026,4222.179,разжать руку
5,4205.641,3976.795,4207.821,4225.256,4188.59,4195.513,4215.641,4226.026,4225.0,4232.179,4200.769,4164.487,4169.103,4216.154,разжать руку
5,4198.333,3974.872,4200.256,4222.179,4194.744,4205.385,4216.282,4202.179,4213.718,4222.949,4193.333,4163.333,4163.59,4209.744,разжать руку
5,4196.154,3977.436,4195.385,4223.59,4201.154,4220.256,4220.513,4208.462,4220.641,4227.821,4197.949,4166.41,4164.487,4210.897,разжать руку
5,4199.231,3982.308,4199.615,4230.385,4199.615,4214.231,4221.026,4229.872,4229.615,4236.923,4207.821,4170.0,4170.513,4216.538,разжать руку
5,4203.59,3989.744,4203.077,4231.538,4198.59,4209.615,4223.846,4231.282,4226.795,4235.385,4203.974,4165.0,4167.821,4212.692,разжать руку
5,4205.897,3991.795,4200.0,4228.333,4199.744,4215.513,4225.769,4218.077,4222.564,4229.103,4195.0,4162.821,4163.205,4208.974,разжать руку
5,4205.385,3994.872,4204.615,4233.718,4202.179,4211.026,4218.846,4204.744,4219.103,4232.308,4196.923,4165.385,4168.333,4211.282,разжать руку
5,4196.154,3994.103,4203.974,4232.308,4197.692,4198.205,4211.795,4215.128,4224.615,4226.41,4194.231,4160.0,4158.077,4207.308,разжать руку
5,4188.846,3988.718,4191.538,4221.41,4187.051,4203.205,4220.128,4236.154,4232.821,4211.923,4185.385,4158.077,4143.205,4203.718,разжать руку
5,4199.103,3997.179,4192.179,4220.0,4192.308,4214.487,4220.256,4212.051,4217.821,4213.59,4188.205,4161.026,4158.59,4205.513,разжать руку
5,4213.974,4012.821,4205.641,4224.231,4202.821,4205.256,4198.462,4182.564,4203.718,4223.077,4194.359,4164.103,4177.564,4212.821,разжать руку
5,4216.026,4016.41,4211.41,4221.923,4199.359,4195.641,4188.718,4200.769,4214.744,4223.205,4192.051,4164.231,4171.538,4217.692,разжать руку
5,4211.026,4010.128,4208.077,4218.205,4193.846,4197.564,4196.538,4219.872,4224.487,4219.744,4192.179,4162.692,4166.154,4214.231,разжать руку
5,4209.359,4008.846,4207.308,4219.744,4198.462,4200.897,4200.513,4203.974,4213.077,4221.667,4194.744,4165.0,4176.795,4213.077,разжать руку
5,4206.026,4011.282,4207.308,4219.103,4201.41,4202.692,4202.436,4195.0,4206.154,4225.897,4194.103,4162.821,4182.949,4209.872,разжать руку
5,4202.564,4013.077,4206.41,4215.769,4196.282,4200.385,4200.0,4209.487,4217.308,4226.026,4194.487,4162.308,4178.974,4207.821,разжать руку
5,4209.359,4018.205,4215.897,4220.513,4195.256,4199.359,4195.897,4222.308,4227.692,4231.026,4198.718,4168.333,4179.872,4212.436,разжать руку
5,4219.487,4022.051,4227.308,4224.103,4193.846,4199.231,4201.923,4228.718,4227.051,4237.436,4200.641,4170.641,4182.308,4213.59,разжать руку
5,4217.692,4024.231,4223.205,4223.462,4189.872,4194.359,4205.641,4209.744,4210.513,4224.615,4192.436,4168.333,4178.462,4213.718,разжать руку
5,4207.436,4029.744,4213.205,4222.821,4191.026,4193.462,4202.692,4184.103,4196.538,4207.821,4183.974,4160.641,4173.718,4210.128,разжать руку
5,4204.615,4034.487,4212.179,4221.41,4190.513,4196.026,4207.051,4207.949,4210.128,4213.59,4189.487,4158.974,4173.077,4208.462,разжать руку
5,4211.282,4038.077,4214.872,4223.205,4189.231,4193.974,4209.359,4233.846,4226.026,4225.385,4194.615,4163.846,4178.205,4211.538,разжать руку
5,4211.923,4041.154,4209.872,4222.564,4190.897,4194.103,4203.205,4200.128,4210.769,4219.231,4184.872,4160.769,4180.641,4208.462,разжать руку
5,4208.077,4042.692,4204.103,4220.385,4188.974,4200.513,4200.385,4179.231,4198.59,4208.205,4180.0,4160.769,4175.513,4208.462,разжать руку
5,4209.231,4045.0,4208.333,4223.077,4186.538,4204.231,4204.615,4212.821,4212.949,4213.462,4190.128,4165.897,4174.872,4209.359,разжать руку
5,4208.718,4046.667,4213.462,4225.256,4185.385,4203.333,4210.385,4231.41,4222.308,4222.308,4196.795,4165.897,4181.154,4206.667,разжать руку
5,4200.897,4046.538,4209.103,4221.667,4181.154,4205.385,4214.359,4218.077,4216.923,4219.744,4193.205,4162.564,4181.154,4205.513,разжать руку
5,4189.359,4040.0,4193.846,4211.538,4177.308,4205.128,4209.872,4206.026,4208.205,4209.359,4187.564,4155.897,4176.026,4201.538,разжать руку
5,4188.59,4035.0,4184.231,4206.41,4179.487,4200.641,4200.769,4203.333,4202.564,4201.282,4187.692,4156.538,4178.205,4201.923,разжать руку
5,4205.769,4047.821,4196.026,4215.128,4188.718,4201.154,4204.231,4214.744,4212.436,4210.0,4194.103,4164.744,4188.59,4210.769,разжать руку
5,4216.154,4060.0,4204.103,4219.487,4191.538,4202.308,4209.103,4217.821,4220.641,4221.41,4198.718,4166.026,4194.359,4213.205,разжать руку
5,4208.077,4056.538,4195.641,4213.59,4188.974,4203.205,4205.128,4199.487,4207.949,4215.897,4197.821,4164.359,4193.846,4210.641,разжать руку
5,4201.538,4051.923,4192.051,4210.513,4192.949,4206.923,4208.59,4196.154,4202.308,4210.256,4197.821,4162.821,4190.0,4205.769,разжать руку
5,4197.821,4052.436,4191.026,4212.179,4196.667,4208.205,4211.41,4209.103,4216.667,4208.718,4196.026,4161.795,4182.179,4201.282,разжать руку
5,4195.641,4054.615,4188.974,4211.154,4194.744,4205.0,4204.103,4206.154,4216.026,4205.641,4194.359,4163.462,4180.641,4205.256,разжать руку
6,4198.974,4053.718,4188.333,4206.923,4187.564,4198.333,4205.256,4198.974,4205.769,4196.538,4198.333,4169.359,4178.077,4206.923,сжать руку
6,4197.564,4059.615,4190.0,4210.385,4192.692,4204.487,4207.051,4201.923,4212.821,4195.256,4194.744,4163.846,4175.385,4201.795,сжать руку
6,4195.769,4061.154,4189.872,4207.308,4188.462,4208.462,4205.128,4197.692,4205.641,4199.744,4198.077,4162.692,4188.077,4201.667,сжать руку
6,4189.872,4058.462,4186.923,4202.949,4184.231,4206.923,4208.205,4209.103,4210.897,4208.333,4206.282,4167.949,4194.615,4205.513,сжать руку
6,4191.026,4062.564,4186.282,4201.667,4185.513,4201.154,4202.564,4211.538,4219.615,4210.513,4208.462,4168.718,4190.513,4207.564,сжать руку
6,4209.872,4070.256,4193.205,4202.949,4183.077,4198.718,4197.051,4204.744,4218.718,4217.179,4210.641,4174.872,4198.718,4215.769,сжать руку
6,4223.718,4078.718,4206.538,4206.667,4185.897,4201.538,4205.256,4213.718,4223.333,4230.256,4218.718,4175.641,4210.0,4219.744,сжать руку
6,4212.179,4083.718,4205.385,4209.615,4193.59,4201.795,4203.333,4210.641,4221.154,4220.897,4214.872,4165.385,4200.256,4210.897,сжать руку
6,4191.026,4080.0,4187.179,4209.359,4195.641,4202.179,4197.564,4196.282,4207.821,4195.513,4196.41,4160.641,4182.308,4201.154,сжать руку
6,4183.974,4074.615,4179.487,4209.359,4192.051,4197.821,4204.359,4203.462,4207.436,4188.462,4189.487,4160.513,4178.462,4201.538,сжать руку
6,4191.667,4079.487,4187.308,4213.59,4182.692,4182.436,4203.077,4217.949,4215.897,4198.333,4197.436,4163.077,4188.846,4208.718,сжать руку
6,4202.692,4090.256,4193.846,4216.154,4179.359,4186.538,4197.436,4210.385,4211.795,4204.359,4199.615,4164.744,4199.744,4208.077,сжать руку
6,4204.103,4092.308,4191.923,4211.795,4185.256,4205.385,4204.615,4203.718,4207.179,4200.0,4194.231,4164.615,4198.974,4204.487,сжать руку
6,4196.538,4088.462,4190.0,4212.821,4178.333,4200.513,4206.667,4215.385,4216.41,4196.282,4193.59,4168.205,4193.462,4206.41,сжать руку
6,4194.231,4091.282,4193.077,4218.846,4172.179,4189.231,4191.538,4207.949,4213.59,4203.718,4197.179,4168.718,4195.513,4205.897,сжать руку
6,4198.077,4098.205,4195.513,4217.949,4182.949,4196.538,4188.974,4198.846,4204.359,4210.641,4198.462,4167.692,4202.436,4208.462,сжать руку
6,4200.0,4099.103,4198.205,4213.846,4189.872,4200.513,4207.308,4225.128,4219.231,4213.974,4199.487,4166.282,4204.872,4211.026,сжать руку
6,4198.59,4095.385,4196.923,4213.718,4184.103,4192.179,4207.179,4226.667,4226.923,4216.538,4197.564,4160.641,4201.795,4207.051,сжать руку
6,4194.103,4095.513,4190.0,4216.026,4183.846,4194.615,4193.974,4190.0,4209.872,4212.308,4192.436,4160.256,4200.513,4208.077,сжать руку
6,4185.256,4095.128,4183.205,4215.897,4187.564,4198.974,4197.051,4187.436,4202.564,4202.308,4189.103,4159.487,4198.333,4205.769,сжать руку
6,4182.308,4093.205,4183.077,4217.179,4180.513,4191.282,4200.769,4214.487,4209.744,4193.718,4190.256,4160.769,4192.949,4203.077,сжать руку
6,4196.667,4106.154,4194.231,4226.795,4184.744,4193.718,4193.974,4206.923,4207.308,4198.462,4193.462,4167.051,4200.897,4211.923,сжать руку
6,4212.821,4120.256,4204.615,4233.59,4196.667,4202.692,4196.282,4198.333,4210.128,4206.282,4193.462,4169.103,4212.436,4218.846,сжать руку
6,4221.795,4127.564,4212.179,4237.949,4193.846,4196.795,4203.462,4223.462,4223.333,4206.795,4199.615,4173.077,4214.359,4222.821,сжать руку
6,4236.538,4146.282,4222.179,4245.128,4184.615,4184.872,4202.692,4222.949,4217.051,4209.615,4209.744,4177.821,4224.231,4231.667,сжать руку
6,4255.513,4170.641,4228.718,4250.641,4181.795,4187.692,4198.077,4198.462,4205.385,4216.667,4213.205,4179.744,4243.333,4237.821,сжать руку
6,4265.513,4183.974,4232.308,4254.615,4191.026,4197.949,4195.641,4204.103,4214.231,4221.795,4214.231,4174.487,4246.154,4234.103,сжать руку
6,4263.974,4181.667,4232.821,4252.692,4199.615,4196.282,4198.718,4217.308,4220.897,4219.231,4213.59,4167.692,4235.256,4227.436,сжать руку
6,4259.103,4173.846,4227.436,4245.769,4197.308,4191.026,4197.564,4207.949,4212.179,4215.513,4211.795,4172.436,4235.769,4229.103,сжать руку
6,4250.897,4167.564,4222.179,4242.051,4194.231,4192.436,4188.846,4202.308,4209.359,4218.718,4209.615,4172.051,4239.103,4226.154,сжать руку
6,4236.282,4159.359,4217.564,4238.462,4196.282,4195.513,4190.769,4204.615,4212.564,4215.897,4203.462,4166.154,4229.744,4217.692,сжать руку
6,4227.821,4154.231,4212.179,4234.231,4200.0,4200.769,4202.692,4204.872,4212.949,4211.154,4202.436,4167.051,4226.795,4218.59,сжать руку
6,4231.795,4153.846,4212.436,4233.718,4200.897,4204.103,4202.179,4206.667,4213.59,4218.205,4207.051,4166.154,4230.385,4220.0,сжать руку
6,4231.41,4145.641,4212.436,4232.821,4200.641,4203.205,4202.308,4203.846,4210.128,4214.231,4199.231,4162.436,4223.462,4217.308,сжать руку
6,4226.538,4141.154,4212.308,4231.923,4196.41,4205.641,4222.051,4216.795,4218.462,4207.564,4193.59,4164.231,4216.795,4216.538,сжать руку
6,4234.359,4156.538,4221.026,4240.0,4190.128,4205.641,4221.795,4238.205,4235.385,4230.897,4209.615,4173.974,4225.513,4221.538,сжать руку
6,4238.205,4165.769,4220.128,4245.769,4193.077,4203.846,4200.641,4220.641,4225.641,4245.128,4216.667,4175.0,4233.333,4223.077,сжать руку
6,4226.538,4153.846,4206.026,4236.538,4199.744,4205.897,4200.641,4193.462,4206.538,4225.256,4206.026,4164.103,4231.282,4214.231,сжать руку
6,4223.333,4148.205,4204.487,4232.051,4199.615,4203.462,4212.821,4212.692,4215.128,4218.077,4207.821,4168.077,4232.308,4215.641,сжать руку
6,4229.872,4159.231,4214.103,4239.487,4204.744,4200.128,4210.769,4231.41,4229.231,4234.615,4216.026,4177.308,4237.692,4222.692,сжать руку
6,4222.821,4158.462,4206.154,4234.487,4206.282,4203.205,4206.795,4208.846,4219.744,4231.795,4211.026,4170.256,4234.359,4215.0,сжать руку
6,4208.333,4146.923,4189.615,4223.205,4195.769,4211.154,4216.41,4199.359,4211.154,4213.205,4204.359,4164.744,4225.897,4209.872,сжать руку
6,4205.769,4148.846,4193.59,4225.128,4198.333,4213.462,4212.949,4217.179,4219.103,4214.872,4201.667,4167.179,4225.128,4214.615,сжать руку
6,4210.641,4154.487,4201.538,4230.0,4203.846,4204.231,4194.487,4215.513,4221.154,4220.256,4198.59,4166.795,4229.744,4215.897,сжать руку
6,4212.564,4155.0,4199.615,4228.718,4193.462,4196.923,4198.718,4203.718,4213.846,4217.308,4195.256,4163.846,4229.744,4213.718,сжать руку
6,4207.308,4151.41,4195.641,4223.205,4184.744,4193.718,4211.282,4219.103,4217.949,4220.897,4195.256,4161.795,4226.026,4212.692,сжать руку
6,4203.462,4149.487,4195.128,4220.513,4192.949,4197.821,4207.308,4235.0,4230.769,4229.615,4202.308,4166.538,4227.821,4214.487,сжать руку
6,4203.718,4150.385,4195.0,4219.744,4197.692,4206.282,4207.179,4224.615,4229.744,4231.923,4204.744,4167.949,4229.487,4212.949,сжать руку
6,4205.0,4148.077,4191.41,4216.41,4184.615,4203.205,4211.795,4213.59,4219.615,4226.154,4198.846,4164.103,4224.487,4211.41,сжать руку
6,4208.59,4146.923,4190.385,4216.282,4178.59,4196.667,4209.103,4217.179,4216.154,4220.0,4190.769,4163.718,4220.769,4211.282,сжать руку
6,4200.769,4141.026,4182.051,4213.718,4183.462,4198.462,4211.026,4216.667,4218.205,4205.641,4182.821,4159.744,4215.128,4206.538,сжать руку
6,4187.564,4132.308,4168.077,4206.667,4185.256,4208.59,4217.308,4208.462,4217.821,4193.462,4180.897,4158.462,4210.641,4207.179,сжать руку
6,4192.692,4134.359,4169.231,4206.026,4186.282,4215.513,4218.077,4211.667,4217.949,4203.462,4189.231,4159.872,4216.282,4208.462,сжать руку
6,4203.59,4144.359,4178.846,4210.641,4190.256,4209.487,4207.692,4214.487,4219.231,4215.769,4194.487,4157.949,4223.462,4209.615,сжать руку
6,4204.103,4153.59,4183.846,4213.462,4194.359,4202.436,4196.026,4208.59,4220.513,4219.103,4192.821,4159.487,4227.051,4214.103,сжать руку
6,4202.051,4150.513,4184.359,4211.154,4188.974,4201.154,4198.59,4211.667,4223.077,4219.103,4192.051,4161.667,4225.256,4210.513,сжать руку
6,4198.718,4133.974,4181.667,4206.154,4174.872,4191.282,4207.821,4232.308,4230.385,4214.359,4189.487,4163.462,4215.256,4206.538,сжать руку
6,4191.667,4124.744,4180.385,4205.128,4166.282,4185.769,4210.513,4234.103,4230.0,4213.59,4192.051,4160.128,4214.872,4206.538,сжать руку
6,4191.282,4126.795,4181.538,4208.974,4171.154,4200.128,4204.231,4200.128,4209.744,4212.949,4196.795,4156.41,4228.462,4208.462,сжать руку
6,4195.256,4127.949,4182.179,4213.846,4177.949,4204.231,4204.487,4194.615,4204.231,4205.897,4192.949,4161.795,4235.256,4213.333,сжать руку
6,4197.436,4134.231,4183.077,4216.667,4177.308,4193.333,4215.769,4228.077,4225.0,4208.077,4192.692,4168.718,4230.128,4214.615,сжать руку
6,4204.744,4149.487,4190.0,4223.59,4173.974,4195.769,4221.923,4238.205,4232.692,4219.231,4198.974,4175.513,4230.385,4216.667,сжать руку
6,4212.179,4161.282,4196.154,4228.718,4176.282,4204.103,4221.923,4217.692,4214.231,4219.872,4200.0,4173.205,4236.923,4215.897,сжать руку
6,4205.385,4154.359,4187.179,4219.487,4172.179,4194.103,4216.154,4208.59,4203.974,4206.923,4192.308,4162.436,4234.487,4207.692,сжать руку
6,4195.513,4144.231,4178.974,4214.744,4163.974,4183.333,4202.179,4205.897,4210.513,4200.0,4186.41,4160.128,4228.205,4207.564,сжать руку
6,4198.974,4153.462,4186.667,4221.41,4170.897,4188.462,4194.103,4200.256,4208.59,4205.128,4187.179,4157.821,4231.923,4213.974,сжать руку
6,4207.051,4161.538,4191.923,4222.821,4178.718,4194.359,4200.128,4219.872,4216.026,4212.308,4194.231,4159.231,4237.308,4217.949,сжать руку
6,4203.077,4151.026,4187.308,4218.333,4177.436,4200.513,4213.974,4237.051,4233.077,4215.513,4198.59,4164.231,4238.333,4216.026,сжать руку
6,4191.795,4140.513,4180.897,4210.897,4179.487,4204.615,4226.026,4215.385,4221.923,4210.641,4194.872,4161.667,4238.974,4210.641,сжать руку
6,4196.795,4150.385,4183.718,4211.795,4187.179,4202.179,4222.949,4204.615,4210.256,4213.846,4200.128,4165.0,4245.256,4215.513,сжать руку
6,4214.744,4164.744,4196.41,4222.564,4186.538,4203.59,4210.641,4230.0,4228.462,4236.795,4212.436,4170.128,4254.744,4220.769,сжать руку
6,4214.872,4161.795,4196.282,4221.282,4176.795,4210.897,4218.974,4228.718,4228.077,4234.103,4204.615,4166.538,4250.256,4215.128,сжать руку
6,4204.872,4158.462,4186.795,4214.615,4181.923,4211.154,4230.128,4203.205,4208.077,4206.538,4190.769,4162.564,4238.077,4211.026,сжать руку
6,4204.103,4163.59,4186.667,4215.513,4191.538,4199.487,4209.872,4202.949,4212.821,4202.308,4196.795,4160.128,4236.026,4210.385,сжать руку
6,4205.641,4168.077,4187.564,4214.872,4183.974,4195.128,4196.41,4213.59,4222.179,4210.641,4205.256,4162.051,4240.513,4211.538,сжать руку
6,4204.744,4170.0,4186.667,4214.615,4177.564,4201.667,4206.667,4208.205,4216.282,4209.744,4205.256,4162.564,4239.744,4209.103,сжать руку
6,4205.256,4169.103,4185.0,4220.513,4184.487,4198.462,4197.179,4198.846,4214.872,4207.308,4207.436,4161.41,4239.103,4207.179,сжать руку
6,4206.41,4168.205,4186.154,4221.154,4189.615,4193.718,4192.308,4214.103,4224.872,4212.564,4211.667,4164.103,4243.846,4212.692,сжать руку
6,4210.769,4172.179,4195.641,4213.846,4184.487,4201.026,4217.179,4224.231,4229.744,4220.0,4214.615,4165.385,4247.692,4214.744,сжать руку
6,4214.872,4178.59,4202.308,4213.974,4181.795,4207.949,4226.667,4219.872,4229.359,4224.231,4221.41,4167.564,4250.641,4214.103,сжать руку
6,4208.462,4177.692,4194.359,4211.538,4187.308,4214.487,4227.179,4231.154,4232.821,4230.256,4228.333,4166.667,4251.795,4208.846,сжать руку
6,4196.795,4169.487,4182.692,4199.615,4191.538,4217.051,4234.359,4221.282,4224.744,4229.487,4223.462,4159.615,4249.487,4202.564,сжать руку
6,4194.103,4167.821,4185.0,4201.026,4190.513,4210.0,4224.615,4185.897,4208.333,4222.564,4214.359,4163.59,4250.0,4208.462,сжать руку
6,4199.231,4172.564,4192.949,4207.436,4183.205,4205.897,4216.667,4193.333,4212.564,4218.077,4212.051,4170.641,4250.513,4213.718,сжать руку
6,4202.692,4172.179,4194.744,4201.923,4173.718,4201.795,4225.897,4233.462,4229.744,4215.385,4211.923,4169.103,4244.231,4212.949,сжать руку
6,4202.949,4177.564,4193.846,4201.667,4178.205,4191.795,4218.718,4228.462,4221.795,4208.59,4207.949,4163.718,4239.103,4211.282,сжать руку
6,4205.256,4185.897,4192.821,4209.103,4182.308,4186.923,4197.949,4194.103,4202.564,4201.282,4207.949,4164.487,4242.564,4210.0,сжать руку
6,4211.795,4183.59,4195.0,4210.513,4173.333,4197.308,4202.821,4193.462,4209.231,4207.949,4215.769,4169.872,4250.0,4213.333,сжать руку
6,4213.077,4184.103,4200.0,4209.872,4175.897,4210.128,4221.667,4206.795,4221.41,4215.385,4216.923,4167.051,4253.974,4216.282,сжать руку
6,4207.821,4193.077,4199.744,4211.282,4187.949,4210.256,4221.538,4206.538,4219.872,4208.077,4211.795,4164.103,4250.0,4215.128,сжать руку
6,4206.154,4195.897,4196.923,4211.282,4187.179,4205.897,4216.795,4215.897,4225.128,4207.821,4212.692,4164.615,4247.949,4209.744,сжать руку
6,4201.795,4190.641,4191.667,4208.333,4182.308,4202.949,4219.487,4222.179,4227.179,4207.308,4210.385,4161.026,4247.051,4202.692,сжать руку
6,4198.077,4193.462,4187.949,4210.513,4186.667,4201.026,4211.154,4194.872,4208.077,4195.769,4203.462,4159.103,4246.667,4206.795,сжать руку
6,4208.077,4201.282,4195.256,4214.872,4187.308,4199.231,4203.59,4184.615,4204.103,4203.333,4206.154,4160.0,4251.923,4214.615,сжать руку
6,4219.487,4205.385,4205.897,4216.923,4176.154,4201.026,4219.487,4220.385,4228.462,4224.103,4216.282,4168.333,4259.615,4217.051,сжать руку
6,4221.154,4209.487,4210.769,4218.974,4175.513,4202.436,4231.667,4233.846,4234.359,4224.359,4216.026,4171.41,4260.897,4218.077,сжать руку
6,4221.41,4211.41,4209.487,4219.615,4186.795,4192.051,4213.974,4209.872,4222.949,4215.385,4212.564,4164.231,4258.59,4216.026,сжать руку
6,4221.154,4216.923,4206.667,4220.769,4183.846,4194.615,4204.231,4203.077,4222.308,4217.564,4218.333,4165.513,4260.0,4215.128,сжать руку
6,4213.077,4217.564,4199.872,4216.154,4174.744,4214.744,4226.154,4203.59,4217.436,4213.718,4211.538,4161.795,4255.641,4208.333,сжать руку
6,4203.077,4207.949,4185.256,4206.026,4178.59,4215.897,4230.897,4194.359,4205.769,4194.872,4195.897,4152.821,4244.744,4203.077,сжать руку
7,4208.077,4227.179,4191.026,4215.256,4188.462,4204.487,4214.744,4222.436,4226.667,4205.385,4206.282,4161.923,4247.436,4207.179,разжать руку
7,4201.538,4222.949,4185.385,4214.615,4180.641,4212.436,4229.872,4221.154,4224.487,4206.795,4198.718,4159.231,4249.487,4203.718,разжать руку
7,4195.256,4213.974,4169.487,4210.513,4181.538,4211.667,4232.051,4222.436,4227.949,4200.769,4192.692,4158.462,4246.538,4203.846,разжать руку
7,4198.462,4219.487,4170.0,4210.256,4185.128,4206.41,4214.615,4215.385,4226.282,4203.718,4195.385,4158.333,4246.282,4203.846,разжать руку
7,4201.538,4224.359,4178.59,4209.872,4178.333,4206.923,4204.615,4212.051,4217.949,4207.436,4196.538,4159.231,4248.846,4204.744,разжать руку
7,4200.0,4228.846,4178.974,4209.872,4173.077,4204.231,4201.538,4215.641,4218.077,4207.179,4198.59,4161.41,4248.718,4204.359,разжать руку
7,4197.949,4231.026,4170.385,4206.026,4178.205,4196.923,4197.692,4195.128,4209.872,4197.949,4196.795,4161.538,4245.0,4202.564,разжать руку
7,4196.154,4220.769,4163.846,4195.385,4178.205,4200.0,4200.513,4184.103,4203.077,4188.59,4192.436,4157.821,4243.974,4202.308,разжать руку
7,4193.333,4216.795,4162.949,4189.744,4162.821,4204.615,4200.769,4216.795,4219.231,4191.538,4194.359,4157.179,4244.744,4206.41,разжать руку
7,4195.128,4235.641,4166.41,4200.385,4161.538,4201.154,4199.231,4230.128,4226.538,4195.385,4196.41,4161.154,4245.513,4211.154,разжать руку
7,4201.538,4253.077,4169.744,4208.974,4179.231,4205.769,4204.231,4206.41,4211.667,4195.0,4192.308,4156.282,4246.795,4205.769,разжать руку
7,4202.564,4258.205,4167.692,4208.077,4187.821,4212.821,4201.923,4202.436,4208.205,4197.051,4191.026,4154.359,4244.872,4202.179,разжать руку
7,4203.59,4267.692,4168.59,4210.385,4186.154,4208.718,4191.923,4215.256,4219.231,4203.974,4196.154,4160.128,4246.41,4209.744,разжать руку
7,4210.256,4271.026,4176.41,4210.385,4181.41,4206.026,4196.795,4224.231,4227.564,4209.359,4199.487,4160.0,4253.077,4213.718,разжать руку
7,4214.231,4265.641,4179.744,4207.564,4175.641,4208.59,4207.692,4223.205,4225.769,4208.333,4198.718,4162.051,4254.231,4212.308,разжать руку
7,4209.231,4266.41,4172.692,4205.641,4175.256,4203.077,4205.385,4207.949,4210.513,4195.513,4190.0,4159.872,4244.872,4205.0,разжать руку
7,4200.513,4263.974,4163.846,4200.641,4174.359,4197.308,4207.692,4210.641,4207.179,4182.821,4181.923,4154.615,4235.0,4201.538,разжать руку
7,4199.872,4263.205,4163.462,4197.692,4175.0,4197.436,4208.333,4230.769,4225.513,4189.487,4185.641,4160.385,4238.333,4206.026,разжать руку
7,4205.513,4271.538,4165.0,4197.821,4178.846,4190.769,4181.667,4219.103,4224.487,4200.256,4191.154,4166.154,4247.564,4206.282,разжать руку
7,4204.615,4271.923,4159.103,4193.974,4178.462,4191.667,4174.744,4190.385,4204.615,4195.128,4187.436,4162.179,4244.487,4203.462,разжать руку
7,4200.641,4265.641,4154.872,4193.462,4179.231,4207.692,4199.872,4188.59,4201.41,4185.897,4179.103,4153.846,4237.308,4200.256,разжать руку
7,4205.897,4269.487,4159.487,4201.923,4177.821,4208.333,4197.436,4199.487,4212.051,4186.41,4181.923,4160.128,4243.333,4205.0,разжать руку
7,4213.333,4283.205,4167.051,4209.359,4173.077,4201.923,4183.59,4206.795,4217.179,4194.615,4190.897,4171.538,4250.641,4214.359,разжать руку
7,4210.641,4285.897,4165.513,4203.846,4170.769,4204.359,4196.41,4213.59,4217.179,4197.308,4187.692,4164.231,4243.718,4207.692,разжать руку
7,4204.103,4272.051,4153.846,4193.59,4175.641,4205.897,4201.667,4207.179,4212.692,4183.59,4175.769,4155.513,4233.846,4199.615,разжать руку
7,4195.513,4267.179,4150.128,4194.231,4182.821,4208.205,4197.179,4203.077,4211.41,4175.385,4174.103,4155.641,4232.821,4201.282,разжать руку
7,4191.026,4273.718,4156.282,4199.615,4176.795,4206.538,4211.154,4223.333,4222.308,4186.538,4179.744,4159.487,4238.077,4203.462,разжать руку
7,4193.59,4272.179,4156.154,4197.436,4169.231,4199.487,4221.026,4231.154,4222.564,4187.436,4175.897,4163.974,4238.974,4204.103,разжать руку
7,4189.872,4267.949,4146.154,4196.154,4179.872,4202.821,4208.59,4213.974,4213.205,4173.333,4170.0,4159.615,4228.974,4199.615,разжать руку
7,4185.385,4273.205,4143.462,4202.692,4190.897,4214.615,4203.718,4208.59,4216.41,4180.641,4177.821,4159.231,4229.872,4199.744,разжать руку
7,4195.128,4280.897,4155.128,4205.897,4187.308,4214.359,4218.974,4217.949,4223.718,4211.282,4194.231,4166.41,4249.487,4205.641,разжать руку
7,4201.923,4281.538,4160.385,4202.821,4187.564,4206.026,4216.538,4210.769,4217.051,4215.769,4199.487,4163.718,4253.462,4207.179,разжать руку
7,4198.333,4281.154,4156.923,4203.462,4189.744,4207.436,4200.128,4206.154,4212.564,4200.0,4194.359,4160.641,4246.667,4208.974,разжать руку
7,4200.897,4287.179,4160.897,4206.538,4183.718,4210.897,4204.487,4214.744,4217.051,4204.744,4195.513,4162.821,4250.769,4207.051,разжать руку
7,4202.308,4287.564,4160.897,4205.769,4182.692,4208.846,4210.641,4213.974,4217.051,4209.615,4197.821,4162.821,4249.231,4202.949,разжать руку
7,4196.795,4280.769,4156.667,4202.949,4183.846,4212.051,4209.744,4217.179,4221.154,4207.179,4196.41,4164.487,4245.256,4202.949,разжать руку
7,4197.564,4279.231,4159.744,4200.256,4179.359,4213.718,4214.615,4220.769,4221.667,4207.692,4194.231,4166.41,4248.462,4201.41,разжать руку
7,4206.41,4288.846,4164.872,4207.308,4183.846,4205.385,4215.641,4219.231,4214.744,4202.436,4192.692,4165.897,4247.179,4201.026,разжать руку
7,4209.872,4296.923,4168.846,4212.179,4192.308,4203.718,4214.487,4220.256,4213.718,4196.154,4190.897,4163.333,4244.103,4202.564,разжать руку
7,4208.718,4292.051,4170.641,4202.821,4181.795,4209.615,4219.615,4222.821,4217.436,4197.692,4194.359,4164.872,4246.795,4205.769,разжать руку
7,4208.077,4288.974,4168.077,4201.282,4175.256,4213.974,4225.0,4219.744,4211.923,4199.615,4207.949,4165.128,4247.436,4206.282,разжать руку
7,4197.051,4287.308,4159.615,4204.359,4185.128,4211.538,4225.128,4218.59,4208.462,4197.949,4219.615,4158.846,4243.974,4202.564,разжать руку
7,4191.667,4284.103,4156.154,4202.692,4185.256,4207.436,4226.282,4235.897,4227.821,4207.692,4224.615,4163.077,4250.385,4208.718,разжать руку
7,4203.846,4287.179,4163.077,4201.923,4180.897,4213.59,4230.0,4232.821,4231.538,4218.462,4229.487,4163.974,4258.462,4215.0,разжать руку
7,4207.821,4289.103,4164.744,4200.128,4184.103,4220.128,4222.692,4208.077,4207.692,4208.846,4229.231,4157.949,4253.462,4211.282,разжать руку
7,4199.744,4290.128,4161.154,4198.59,4185.0,4215.256,4211.282,4211.154,4204.487,4198.462,4224.615,4161.282,4246.923,4207.949,разжать руку
7,4198.718,4288.59,4159.359,4196.795,4179.615,4206.667,4215.385,4225.769,4219.615,4205.897,4226.538,4161.41,4248.077,4206.026,разжать руку
7,4199.872,4285.0,4154.487,4196.282,4177.821,4209.231,4222.179,4214.615,4215.385,4205.256,4224.359,4158.205,4246.41,4202.564,разжать руку
7,4196.026,4287.821,4148.974,4201.667,4188.077,4214.231,4215.513,4205.897,4203.333,4186.667,4213.333,4155.0,4237.949,4198.59,разжать руку
7,4198.59,4290.769,4153.333,4204.231,4193.462,4206.41,4212.179,4218.974,4208.846,4180.641,4212.949,4156.795,4236.026,4205.128,разжать руку
7,4208.333,4294.103,4164.231,4204.231,4189.615,4203.205,4221.282,4220.256,4213.718,4193.205,4223.205,4164.744,4246.795,4215.897,разжать руку
7,4212.051,4298.077,4167.308,4208.59,4187.692,4210.128,4227.436,4218.718,4214.872,4201.667,4228.974,4165.0,4255.385,4210.385,разжать руку
7,4203.718,4290.128,4160.385,4207.308,4183.333,4205.897,4226.41,4224.872,4219.231,4194.487,4228.718,4160.897,4249.231,4199.359,разжать руку
7,4198.846,4283.462,4157.051,4202.692,4187.564,4203.462,4220.769,4218.974,4218.59,4188.974,4228.974,4159.615,4243.205,4199.359,разжать руку
7,4203.846,4291.795,4157.179,4206.667,4199.359,4213.462,4216.923,4213.846,4216.667,4193.974,4232.949,4162.821,4249.103,4205.385,разжать руку
7,4208.205,4299.872,4157.949,4213.846,4197.949,4216.026,4218.59,4220.0,4217.564,4198.974,4241.282,4166.154,4255.256,4210.0,разжать руку
7,4208.974,4298.333,4162.179,4213.462,4193.974,4210.385,4218.462,4215.385,4212.051,4196.026,4242.692,4163.846,4251.154,4205.897,разжать руку
7,4202.821,4292.692,4159.744,4206.538,4194.744,4206.282,4213.462,4205.641,4203.974,4185.513,4236.41,4162.436,4242.179,4200.385,разжать руку
7,4194.872,4290.0,4157.051,4205.513,4192.051,4205.897,4213.462,4212.949,4207.436,4186.795,4237.564,4164.744,4242.692,4204.231,разжать руку
7,4197.692,4292.179,4161.282,4208.846,4188.077,4207.692,4217.436,4216.154,4215.0,4198.077,4245.128,4165.128,4248.333,4207.692,разжать руку
7,4204.231,4293.59,4165.128,4208.077,4188.462,4209.872,4218.846,4215.769,4218.718,4200.128,4247.949,4166.795,4247.692,4209.872,разжать руку
7,4206.667,4296.154,4171.154,4206.41,4190.385,4209.359,4217.308,4216.795,4216.923,4198.59,4246.923,4168.59,4246.923,4211.538,разжать руку
7,4208.846,4299.231,4173.462,4208.205,4192.949,4207.308,4205.897,4209.231,4209.872,4200.256,4248.333,4171.154,4253.205,4212.436,разжать руку
7,4209.872,4299.615,4172.949,4210.0,4197.821,4208.462,4204.103,4219.359,4217.949,4208.59,4253.846,4174.872,4260.897,4215.128,разжать руку
7,4211.795,4299.872,4181.026,4210.513,4196.41,4207.179,4215.256,4228.59,4226.795,4218.333,4256.41,4174.872,4265.385,4214.744,разжать руку
7,4216.154,4304.103,4189.359,4214.487,4195.128,4202.179,4212.179,4211.282,4215.897,4211.154,4253.205,4173.846,4260.385,4212.436,разжать руку
7,4217.308,4310.256,4188.077,4217.821,4201.923,4201.667,4204.487,4204.744,4210.0,4199.487,4250.256,4169.872,4250.513,4207.692,разжать руку
7,4218.205,4316.282,4188.205,4217.308,4204.615,4204.487,4209.872,4213.462,4215.385,4201.923,4253.718,4168.462,4251.282,4212.564,разжать руку
7,4223.59,4324.231,4199.231,4221.923,4202.308,4206.538,4221.154,4222.179,4220.128,4210.897,4262.308,4174.744,4258.846,4223.205,разжать руку
7,4235.0,4335.256,4214.872,4229.231,4198.846,4202.308,4223.59,4228.333,4219.744,4217.949,4272.051,4177.692,4266.026,4224.615,разжать руку
7,4251.026,4347.949,4222.308,4233.59,4197.179,4195.0,4216.795,4222.179,4215.641,4214.359,4271.923,4174.103,4269.359,4226.282,разжать руку
7,4252.436,4352.949,4217.564,4232.692,4198.59,4196.282,4217.692,4209.744,4210.0,4202.692,4255.128,4164.231,4261.538,4223.205,разжать руку
7,4238.205,4345.769,4205.897,4225.641,4192.308,4199.231,4224.359,4207.436,4209.231,4192.949,4240.256,4162.051,4250.128,4216.026,разжать руку
7,4240.769,4347.564,4206.538,4226.538,4190.385,4194.615,4219.744,4210.385,4214.872,4197.179,4248.718,4173.205,4259.359,4220.256,разжать руку
7,4254.103,4355.513,4218.462,4233.462,4202.949,4192.179,4205.385,4211.795,4217.821,4210.897,4262.308,4173.846,4276.538,4226.41,разжать руку
7,4250.256,4349.231,4219.615,4233.846,4206.282,4196.923,4201.667,4212.308,4217.308,4213.974,4260.385,4170.0,4274.744,4227.308,разжать руку
7,4242.436,4340.0,4213.205,4233.333,4203.974,4204.487,4212.692,4209.103,4214.615,4209.744,4255.897,4169.103,4266.538,4222.564,разжать руку
7,4239.615,4332.564,4209.487,4230.128,4208.462,4208.333,4216.667,4208.077,4211.538,4203.205,4255.769,4163.718,4262.436,4212.949,разжать руку
7,4234.231,4324.872,4212.949,4226.538,4207.308,4203.846,4206.795,4210.128,4211.538,4199.872,4253.59,4167.692,4264.231,4215.128,разжать руку
7,4230.0,4325.641,4215.897,4229.872,4202.436,4192.179,4203.846,4214.872,4218.59,4206.282,4252.308,4175.128,4269.744,4220.513,разжать руку
7,4229.231,4324.872,4210.0,4230.897,4200.897,4189.872,4211.667,4225.641,4225.128,4212.179,4255.385,4174.359,4268.718,4220.0,разжать руку
7,4227.436,4316.923,4206.667,4226.923,4202.179,4201.282,4206.667,4216.41,4213.077,4208.077,4252.051,4171.667,4263.846,4220.513,разжать руку
7,4225.897,4311.282,4209.487,4225.0,4202.436,4201.026,4191.026,4197.949,4201.667,4200.641,4244.487,4172.692,4261.538,4220.128,разжать руку
7,4228.846,4307.949,4212.821,4224.359,4202.308,4197.821,4195.641,4210.513,4213.462,4203.333,4246.538,4175.385,4261.795,4220.385,разжать руку
7,4226.026,4302.564,4211.026,4218.974,4204.744,4208.333,4209.487,4221.026,4217.308,4202.949,4246.923,4168.205,4257.051,4216.282,разжать руку
7,4214.103,4298.846,4201.795,4216.154,4202.564,4212.692,4206.538,4204.744,4200.256,4191.538,4236.795,4163.077,4249.615,4211.026,разжать руку
7,4211.41,4297.179,4197.564,4220.256,4200.769,4208.974,4207.051,4198.718,4199.103,4190.256,4233.846,4167.436,4250.128,4213.333,разжать руку
7,4218.462,4292.051,4202.692,4218.462,4200.128,4206.41,4214.615,4208.59,4213.205,4198.718,4239.872,4170.385,4254.231,4214.744,разжать руку
7,4216.538,4286.667,4204.103,4216.282,4195.897,4204.744,4219.359,4219.615,4218.718,4200.385,4237.051,4172.308,4252.308,4212.179,разжать руку
7,4212.436,4292.692,4203.59,4223.462,4196.154,4205.385,4225.385,4221.41,4214.872,4202.821,4234.231,4168.974,4248.974,4208.846,разжать руку
7,4215.641,4298.718,4204.872,4226.154,4202.821,4202.949,4216.667,4203.59,4205.256,4206.41,4240.385,4166.026,4252.821,4210.769,разжать руку
7,4216.795,4288.974,4205.513,4221.282,4207.308,4196.154,4208.846,4207.436,4211.923,4209.744,4242.821,4173.077,4261.282,4215.385,разжать руку
7,4218.077,4282.179,4209.359,4220.385,4203.077,4195.128,4223.718,4237.179,4230.513,4215.513,4241.154,4176.282,4262.821,4214.359,разжать руку
7,4221.538,4289.615,4212.564,4222.436,4198.846,4198.077,4222.949,4220.897,4216.538,4204.744,4237.692,4170.385,4254.487,4211.154,разжать руку
7,4218.462,4291.026,4210.385,4219.487,4202.692,4196.154,4197.949,4179.487,4188.077,4185.641,4230.897,4164.487,4249.487,4206.667,разжать руку
7,4214.744,4280.128,4204.103,4215.128,4204.487,4195.256,4192.564,4188.974,4197.308,4186.282,4225.641,4165.641,4251.282,4205.641,разжать руку
7,4215.385,4274.359,4198.718,4216.154,4202.692,4200.769,4207.051,4219.744,4219.359,4196.667,4223.59,4168.205,4249.359,4206.41,разжать руку
7,4213.205,4276.282,4200.256,4218.974,4202.821,4206.923,4206.667,4209.231,4212.821,4196.026,4223.718,4165.256,4247.308,4200.897,разжать руку
7,4211.154,4276.41,4205.769,4221.282,4203.59,4208.077,4201.538,4184.744,4195.0,4190.513,4224.872,4166.41,4250.641,4203.077,разжать руку
7,4210.385,4273.59,4204.231,4221.41,4201.667,4205.641,4213.846,4199.744,4198.718,4194.103,4227.436,4168.846,4253.077,4208.59,разжать руку
8,4207.692,4270.256,4205.256,4225.513,4205.385,4212.564,4224.615,4220.641,4217.949,4200.128,4220.769,4169.103,4248.974,4208.205,сжать руку
8,4215.897,4277.564,4216.923,4235.256,4206.154,4215.128,4220.513,4217.564,4212.051,4212.564,4230.128,4175.897,4260.769,4215.513,сжать руку
8,4226.282,4282.179,4225.769,4240.385,4201.282,4202.436,4216.026,4228.333,4218.205,4229.359,4243.846,4182.949,4276.538,4219.103,сжать руку
8,4229.744,4285.385,4231.282,4243.974,4201.923,4196.795,4215.256,4220.0,4219.615,4229.487,4242.692,4181.282,4277.179,4216.667,сжать руку
8,4226.026,4287.692,4230.128,4243.462,4202.051,4200.385,4216.923,4210.0,4214.231,4224.103,4232.949,4173.333,4266.795,4214.231,сжать руку
8,4222.949,4285.0,4222.179,4238.205,4195.385,4200.513,4219.359,4224.231,4220.128,4228.077,4231.923,4175.0,4263.718,4218.718,сжать руку
8,4214.487,4275.769,4210.769,4230.641,4197.949,4203.846,4224.103,4216.795,4217.821,4218.077,4224.744,4169.103,4259.231,4210.385,сжать руку
8,4194.615,4258.205,4191.026,4218.974,4204.615,4210.385,4217.692,4183.59,4195.385,4181.41,4196.41,4155.769,4238.718,4192.821,сжать руку
8,4187.692,4251.282,4183.333,4215.897,4198.718,4208.59,4207.949,4188.077,4190.897,4170.769,4175.641,4158.205,4230.128,4193.59,сжать руку
8,4197.308,4255.769,4194.615,4220.769,4191.923,4203.333,4212.436,4221.795,4211.282,4194.615,4177.179,4168.59,4241.795,4204.103,сжать руку
8,4202.949,4257.564,4200.385,4224.744,4198.077,4205.897,4212.308,4225.769,4218.205,4200.256,4183.077,4172.692,4250.385,4209.487,сжать руку
8,4211.667,4261.795,4203.333,4229.744,4203.974,4208.333,4205.641,4210.0,4207.949,4200.256,4186.026,4167.564,4256.667,4208.846,сжать руку
8,4221.667,4270.385,4214.359,4233.333,4197.821,4204.359,4211.282,4216.41,4207.821,4217.308,4192.949,4170.128,4266.026,4211.41,сжать руку
8,4220.256,4277.179,4221.282,4232.821,4200.128,4204.359,4217.564,4227.308,4216.41,4224.872,4195.897,4176.923,4265.641,4214.103,сжать руку
8,4217.949,4279.487,4215.0,4228.718,4207.821,4206.41,4215.0,4215.513,4212.949,4214.744,4189.359,4168.974,4257.692,4208.59,сжать руку
8,4224.103,4278.846,4212.949,4226.923,4202.308,4203.718,4220.513,4213.333,4212.564,4215.128,4187.308,4167.051,4261.282,4210.769,сжать руку
8,4230.385,4281.282,4221.923,4227.051,4202.692,4202.692,4225.513,4225.0,4219.872,4227.179,4193.846,4172.179,4269.359,4216.41,сжать руку
8,4232.821,4282.692,4220.385,4225.641,4211.154,4199.615,4208.974,4207.949,4209.872,4222.692,4195.128,4170.256,4263.846,4213.077,сжать руку
8,4230.769,4278.59,4213.205,4227.308,4209.231,4199.872,4202.051,4193.462,4199.487,4208.718,4188.846,4169.744,4253.846,4211.538,сжать руку
8,4224.872,4273.974,4215.0,4226.795,4205.513,4209.615,4216.026,4210.897,4207.821,4204.487,4185.769,4170.256,4251.795,4211.795,сжать руку
8,4222.179,4269.359,4216.667,4221.41,4205.0,4207.949,4213.205,4212.692,4209.231,4201.41,4188.718,4169.744,4252.308,4210.513,сжать руку
8,4222.692,4265.641,4212.308,4220.897,4201.026,4196.923,4202.436,4198.077,4201.41,4197.564,4185.128,4167.308,4250.897,4207.821,сжать руку
8,4219.103,4263.077,4208.718,4220.128,4195.641,4191.154,4204.103,4202.692,4202.051,4198.333,4179.744,4165.897,4250.513,4206.795,сжать руку
8,4214.615,4263.846,4207.051,4217.949,4197.308,4192.436,4199.744,4208.205,4203.718,4203.333,4186.795,4168.462,4252.564,4211.026,сжать руку
8,4213.333,4263.333,4203.333,4217.436,4201.282,4196.667,4190.641,4199.872,4200.641,4204.615,4189.872,4166.282,4250.897,4209.744,сжать руку
8,4210.897,4256.667,4195.897,4215.256,4196.538,4198.462,4193.333,4203.077,4203.718,4202.051,4178.846,4166.026,4245.385,4206.538,сжать руку
8,4211.026,4255.385,4197.308,4217.436,4197.308,4204.103,4204.615,4213.59,4206.923,4202.821,4175.513,4168.205,4248.077,4207.949,сжать руку
8,4216.41,4258.59,4205.256,4222.051,4205.128,4209.103,4211.538,4213.59,4203.974,4202.051,4183.333,4166.923,4253.59,4209.359,сжать руку
8,4223.462,4260.769,4206.667,4220.769,4201.538,4207.051,4215.513,4222.051,4212.949,4203.974,4188.974,4170.256,4254.744,4214.231,сжать руку
8,4227.949,4263.077,4209.872,4220.641,4196.026,4204.744,4214.744,4225.769,4219.872,4213.59,4194.487,4170.641,4258.205,4215.256,сжать руку
8,4228.462,4269.359,4215.769,4226.538,4198.205,4199.615,4204.231,4203.462,4205.256,4215.513,4202.308,4167.949,4261.282,4212.051,сжать руку
8,4230.385,4276.41,4214.744,4229.231,4203.974,4196.154,4200.385,4191.923,4198.718,4210.641,4205.128,4169.744,4258.205,4210.897,сжать руку
8,4227.821,4273.59,4209.872,4223.462,4205.128,4198.333,4201.795,4200.513,4205.128,4205.128,4203.846,4167.308,4252.436,4206.154,сжать руку
8,4221.923,4267.821,4207.051,4216.923,4200.513,4195.0,4195.0,4204.359,4204.359,4201.026,4204.231,4167.308,4251.795,4207.564,сжать руку
8,4221.923,4268.205,4207.821,4212.436,4197.949,4188.718,4192.179,4203.846,4204.615,4205.128,4209.872,4172.949,4256.282,4214.487,сжать руку
8,4222.436,4265.128,4206.41,4208.077,4196.026,4194.103,4198.974,4211.538,4210.0,4207.564,4214.103,4173.59,4257.179,4210.641,сжать руку
8,4216.282,4262.821,4203.846,4208.718,4197.436,4207.436,4202.051,4214.231,4206.667,4200.0,4208.59,4167.436,4253.333,4199.615,сжать руку
8,4204.744,4263.718,4199.359,4205.256,4199.359,4208.205,4199.231,4203.077,4197.308,4190.769,4197.564,4159.231,4247.179,4195.641,сжать руку
8,4197.051,4253.59,4194.103,4197.436,4196.923,4204.103,4205.769,4201.667,4197.051,4186.538,4194.487,4161.026,4244.231,4203.462,сжать руку
8,4200.128,4253.077,4194.615,4201.538,4197.692,4212.692,4214.615,4210.641,4203.974,4198.077,4203.59,4168.077,4250.513,4207.821,сжать руку
8,4208.333,4264.103,4196.538,4207.949,4201.667,4215.128,4203.462,4211.026,4210.769,4212.308,4211.41,4171.41,4256.667,4206.538,сжать руку
8,4208.333,4260.641,4195.513,4204.615,4201.026,4205.641,4192.436,4207.308,4212.821,4207.179,4204.487,4169.487,4252.051,4205.128,сжать руку
8,4207.436,4255.256,4199.103,4201.795,4198.718,4204.487,4201.538,4217.692,4216.538,4203.205,4198.59,4166.282,4250.0,4203.205,сжать руку
8,4214.359,4262.436,4208.974,4207.821,4201.41,4211.923,4216.41,4231.026,4226.282,4221.667,4209.103,4175.0,4262.564,4212.179,сжать руку
8,4216.923,4267.308,4216.282,4210.385,4208.974,4216.41,4218.718,4218.077,4222.308,4235.769,4217.051,4181.41,4272.051,4218.205,сжать руку
8,4217.179,4265.385,4212.949,4206.282,4214.359,4217.179,4211.41,4198.718,4209.615,4227.692,4211.154,4176.026,4268.205,4211.538,сжать руку
8,4222.308,4267.436,4212.436,4208.077,4209.359,4208.974,4204.872,4205.897,4212.308,4220.641,4208.333,4177.051,4266.667,4213.718,сжать руку
8,4220.128,4265.256,4217.564,4207.436,4198.205,4195.769,4199.359,4213.846,4213.333,4217.051,4209.744,4177.051,4266.667,4216.282,сжать руку
8,4210.385,4255.897,4213.333,4200.128,4190.513,4196.795,4196.41,4200.0,4199.872,4203.974,4203.974,4171.923,4260.385,4209.615,сжать руку
8,4208.205,4256.026,4208.59,4200.385,4194.359,4208.846,4197.179,4199.103,4201.41,4202.821,4199.872,4172.308,4258.333,4209.872,сжать руку
8,4209.744,4260.513,4209.872,4202.564,4202.179,4207.821,4195.641,4215.128,4216.282,4217.692,4205.769,4176.026,4265.256,4214.103,сжать руку
8,4210.0,4261.154,4210.897,4200.0,4202.179,4200.897,4191.667,4218.846,4214.231,4223.077,4213.718,4183.462,4270.513,4215.897,сжать руку
8,4213.205,4259.359,4212.051,4201.667,4198.205,4200.128,4193.462,4221.026,4211.538,4226.282,4217.051,4183.59,4271.026,4215.0,сжать руку
8,4210.385,4256.538,4208.718,4202.692,4193.462,4200.0,4203.077,4230.128,4221.026,4229.487,4213.333,4174.615,4267.821,4211.282,сжать руку
8,4204.103,4261.154,4203.077,4203.077,4198.333,4202.179,4208.077,4219.615,4214.487,4218.718,4205.128,4170.769,4264.487,4211.795,сжать руку
8,4207.179,4269.231,4205.256,4206.154,4207.179,4201.026,4196.026,4198.077,4199.487,4211.923,4206.41,4175.128,4268.59,4215.0,сжать руку
8,4213.846,4271.154,4212.821,4209.103,4208.59,4200.897,4188.333,4203.846,4204.231,4222.179,4216.282,4182.308,4273.462,4219.615,сжать руку
8,4213.974,4266.538,4215.128,4209.744,4208.077,4207.564,4199.359,4215.897,4212.692,4228.59,4213.205,4177.308,4269.615,4216.154,сжать руку
8,4209.103,4257.821,4207.436,4205.385,4205.897,4207.179,4203.974,4202.564,4203.59,4212.436,4197.821,4167.692,4260.513,4207.564,сжать руку
8,4206.41,4251.667,4198.59,4198.333,4202.308,4204.487,4199.103,4204.103,4200.0,4199.487,4191.538,4170.513,4252.821,4205.641,сжать руку
8,4206.026,4246.795,4197.692,4192.949,4196.667,4206.154,4193.974,4220.256,4208.718,4210.385,4195.0,4174.744,4248.718,4205.256,сжать руку
8,4207.692,4241.154,4197.949,4194.872,4190.0,4205.256,4190.897,4213.59,4210.385,4218.333,4195.641,4176.026,4252.051,4208.974,сжать руку
8,4211.026,4240.385,4200.513,4199.744,4194.231,4206.026,4203.333,4214.231,4214.231,4218.718,4200.769,4175.769,4264.103,4212.179,сжать руку
8,4212.436,4241.538,4203.846,4199.359,4204.359,4211.282,4214.231,4229.359,4223.59,4222.436,4206.026,4174.872,4269.872,4212.308,сжать руку
8,4211.667,4241.282,4201.282,4197.821,4206.538,4213.718,4208.59,4222.436,4222.821,4222.564,4202.564,4176.41,4266.667,4211.282,сжать руку
8,4212.949,4242.308,4198.718,4196.795,4203.333,4211.282,4201.026,4203.974,4213.333,4221.41,4201.154,4173.718,4265.641,4206.667,сжать руку
8,4215.513,4243.205,4203.846,4195.769,4196.538,4208.462,4198.333,4212.692,4216.538,4226.154,4208.077,4176.795,4269.744,4212.564,сжать руку
8,4219.231,4243.974,4214.103,4199.103,4192.179,4208.974,4202.308,4234.744,4229.231,4233.205,4213.333,4183.59,4274.744,4222.308,сжать руку
8,4222.051,4244.359,4213.974,4200.897,4197.949,4208.718,4205.513,4228.974,4225.897,4230.897,4209.231,4179.231,4271.667,4219.359,сжать руку
8,4224.231,4243.59,4210.641,4198.846,4207.051,4203.59,4200.128,4203.846,4208.974,4220.0,4205.385,4176.41,4266.538,4215.385,сжать руку
8,4227.692,4246.41,4216.41,4199.231,4205.769,4198.846,4195.256,4195.897,4200.897,4211.41,4205.385,4179.487,4267.179,4217.051,сжать руку
8,4230.897,4248.59,4216.667,4202.821,4198.846,4201.923,4195.641,4209.872,4208.846,4212.821,4203.846,4182.564,4267.179,4218.59,сжать руку
8,4232.821,4250.128,4213.333,4204.615,4202.051,4206.667,4199.615,4215.385,4213.077,4218.59,4203.077,4181.154,4267.051,4217.821,сжать руку
8,4235.0,4253.077,4219.231,4204.615,4204.231,4199.487,4202.436,4213.462,4209.744,4220.769,4205.0,4180.769,4270.641,4219.231,сжать руку
8,4239.103,4254.231,4228.333,4211.026,4198.462,4195.385,4196.667,4226.154,4215.641,4227.179,4210.769,4185.897,4277.564,4227.308,сжать руку
8,4237.436,4255.641,4228.077,4213.974,4197.564,4203.974,4192.308,4233.718,4222.436,4236.538,4212.308,4181.154,4278.974,4224.231,сжать руку
8,4224.359,4252.692,4217.308,4208.333,4200.769,4206.538,4197.564,4215.897,4211.282,4228.333,4205.897,4172.821,4271.795,4211.026,сжать руку
8,4216.41,4247.308,4207.692,4205.641,4202.436,4205.128,4201.923,4210.0,4204.103,4220.128,4202.436,4177.051,4267.051,4210.385,сжать руку
8,4218.974,4241.667,4204.231,4201.538,4193.974,4205.0,4202.949,4228.974,4216.41,4228.59,4206.923,4183.59,4267.308,4216.538,сжать руку
8,4217.051,4233.974,4200.256,4196.538,4184.615,4202.436,4204.231,4230.385,4224.744,4232.436,4210.385,4183.205,4267.821,4216.795,сжать руку
8,4210.897,4231.538,4199.487,4200.0,4195.385,4208.077,4203.205,4205.641,4215.256,4224.231,4204.872,4172.692,4262.692,4206.154,сжать руку
8,4205.897,4228.974,4199.872,4200.513,4205.256,4213.205,4198.205,4195.128,4199.487,4206.923,4194.231,4167.692,4252.308,4201.538,сжать руку
8,4201.538,4224.872,4194.103,4192.821,4196.282,4202.564,4199.615,4205.641,4199.231,4193.462,4187.179,4174.359,4247.564,4208.846,сжать руку
8,4207.692,4230.513,4193.333,4193.59,4190.897,4196.795,4202.564,4208.077,4206.41,4202.564,4195.0,4178.846,4256.538,4215.256,сжать руку
8,4227.436,4244.103,4210.128,4206.41,4199.359,4207.436,4206.667,4219.103,4214.487,4224.744,4210.769,4186.923,4274.359,4225.513,сжать руку
8,4241.923,4250.385,4230.385,4212.436,4209.487,4212.949,4219.487,4234.615,4219.231,4234.872,4215.513,4187.179,4281.923,4226.667,сжать руку
8,4241.282,4248.462,4235.256,4208.59,4212.564,4207.692,4217.051,4220.513,4210.128,4222.179,4208.974,4179.359,4273.333,4218.59,сжать руку
8,4237.949,4251.667,4235.385,4210.897,4209.615,4208.333,4200.513,4219.231,4209.872,4216.282,4207.051,4182.564,4269.231,4220.385,сжать руку
8,4231.154,4248.462,4227.436,4208.846,4200.897,4212.692,4203.462,4228.462,4215.256,4220.641,4206.026,4177.821,4269.231,4215.128,сжать руку
8,4220.0,4240.256,4211.026,4200.128,4196.41,4212.564,4219.359,4209.615,4207.051,4211.282,4197.308,4167.308,4259.744,4206.154,сжать руку
8,4221.026,4249.615,4214.872,4207.564,4211.667,4213.205,4209.359,4196.667,4200.0,4202.949,4194.615,4169.615,4255.256,4207.692,сжать руку
8,4222.179,4248.462,4219.615,4206.282,4216.154,4201.923,4183.462,4204.487,4199.872,4195.0,4190.385,4171.282,4250.513,4206.154,сжать руку
8,4226.538,4240.0,4218.718,4200.0,4208.077,4194.744,4193.205,4218.846,4209.615,4200.513,4191.538,4179.872,4251.154,4211.41,сжать руку
8,4238.974,4246.154,4228.077,4204.359,4205.641,4203.59,4210.0,4228.974,4224.231,4230.128,4204.872,4187.821,4267.051,4218.974,сжать руку
8,4192.949,4197.436,4178.974,4164.103,4154.487,4164.487,4152.051,4188.846,4196.667,4191.538,4173.846,4154.615,4235.128,4187.308,сжать руку
8,4096.41,4104.359,4072.949,4095.385,4065.641,4093.846,4064.615,4123.077,4139.615,4078.462,4102.436,4105.897,4156.282,4141.154,сжать руку
8,4054.359,4073.718,4022.692,4081.026,4027.821,4075.128,4041.923,4110.385,4123.59,4022.179,4070.897,4100.256,4121.795,4135.897,сжать руку
8,4064.872,4092.436,4031.282,4098.974,4033.718,4082.308,4049.487,4120.769,4133.462,4033.846,4079.615,4116.538,4130.769,4152.949,сжать руку
8,4057.949,4084.872,4024.872,4090.513,4023.718,4066.41,4038.205,4112.051,4126.154,4028.974,4077.821,4110.897,4127.051,4149.487,сжать руку
8,4048.462,4072.564,4015.385,4082.692,4010.0,4060.641,4032.051,4122.821,4126.795,4021.026,4075.513,4109.487,4126.538,4148.205,сжать руку
9,4058.59,4086.154,4037.179,4103.077,4024.359,4069.744,4043.077,4119.615,4128.718,4035.385,4081.795,4113.462,4137.051,4154.615,разжать руку
9,4058.205,4086.795,4037.179,4104.487,4030.513,4067.949,4037.308,4114.359,4131.282,4026.538,4072.692,4112.821,4133.077,4154.103,разжать руку
9,4075.385,4098.718,4045.897,4108.205,4043.205,4084.359,4043.462,4127.436,4139.231,4039.103,4081.795,4121.026,4142.308,4163.333,разжать руку
9,4095.0,4107.564,4060.385,4112.179,4053.205,4096.667,4054.231,4136.795,4143.59,4061.282,4099.359,4129.231,4153.59,4171.154,разжать руку
9,4099.231,4110.769,4072.436,4117.821,4058.846,4103.59,4066.667,4142.692,4149.359,4070.256,4104.487,4128.205,4160.897,4173.205,разжать руку
9,4095.769,4116.795,4074.615,4120.897,4061.923,4103.077,4070.256,4142.692,4151.41,4065.897,4100.385,4118.974,4158.59,4167.436,разжать руку
9,4097.949,4125.385,4070.256,4124.872,4067.179,4101.667,4065.385,4137.436,4150.0,4066.795,4100.769,4121.026,4154.231,4168.974,разжать руку
9,4099.359,4129.359,4072.179,4128.718,4078.974,4106.282,4070.513,4138.462,4153.205,4080.0,4103.974,4125.513,4159.872,4172.692,разжать руку
9,4100.256,4130.128,4085.385,4128.846,4079.744,4104.744,4081.795,4153.205,4161.795,4092.564,4112.308,4125.513,4169.359,4174.103,разжать руку
9,4102.949,4129.872,4095.641,4129.103,4071.154,4106.282,4088.333,4161.923,4161.667,4088.974,4116.41,4127.179,4170.385,4171.41,разжать руку
9,4097.179,4126.795,4091.923,4129.103,4079.103,4118.846,4088.205,4148.462,4148.462,4071.538,4102.949,4121.795,4159.615,4160.769,разжать руку
9,4093.205,4126.026,4086.41,4133.462,4091.923,4122.308,4086.667,4136.154,4140.256,4063.077,4099.744,4119.872,4156.026,4162.949,разжать руку
9,4104.872,4135.513,4092.564,4142.051,4088.846,4116.026,4091.026,4150.385,4152.179,4079.487,4116.026,4128.846,4171.282,4176.026,разжать руку
9,4113.846,4143.974,4098.333,4142.564,4085.0,4116.923,4093.205,4161.795,4160.128,4094.872,4123.077,4130.897,4181.923,4176.41,разжать руку
9,4112.949,4141.282,4097.564,4141.282,4091.282,4120.128,4091.538,4147.949,4151.41,4092.692,4119.744,4127.821,4179.615,4173.718,разжать руку
9,4117.949,4144.487,4099.103,4147.436,4097.179,4123.205,4101.154,4142.564,4153.718,4099.231,4129.103,4125.897,4183.974,4179.103,разжать руку
9,4124.744,4155.128,4102.436,4151.41,4103.846,4131.154,4112.821,4159.231,4168.59,4116.538,4143.205,4127.436,4192.436,4181.795,разжать руку
9,4125.256,4162.051,4107.949,4152.692,4115.897,4136.795,4108.974,4166.923,4172.692,4126.41,4146.538,4129.103,4192.436,4178.462,разжать руку
9,4131.282,4166.026,4117.692,4154.359,4121.026,4132.051,4097.564,4155.897,4165.641,4126.667,4150.641,4128.462,4193.974,4180.513,разжать руку
9,4148.462,4176.795,4130.513,4159.487,4123.205,4130.897,4106.667,4158.846,4168.462,4127.179,4164.744,4137.179,4201.282,4192.821,разжать руку
9,4172.436,4200.256,4148.077,4170.769,4134.359,4140.641,4122.692,4180.513,4182.821,4141.41,4179.359,4144.872,4211.538,4200.0,разжать руку
9,4191.795,4223.333,4159.872,4180.513,4145.0,4142.179,4114.231,4183.205,4186.923,4152.051,4179.103,4142.179,4220.385,4198.205,разжать руку
9,4192.436,4231.026,4158.718,4181.41,4146.923,4142.308,4108.333,4162.564,4173.59,4140.385,4168.59,4136.026,4214.744,4192.692,разжать руку
9,4178.974,4222.308,4151.667,4174.744,4140.897,4147.179,4122.051,4144.872,4154.487,4115.128,4161.538,4130.897,4198.718,4184.744,разжать руку
9,4173.846,4213.205,4152.179,4171.538,4134.487,4147.308,4131.795,4152.949,4157.179,4109.744,4162.692,4138.974,4200.128,4188.846,разжать руку
9,4178.077,4215.641,4161.41,4173.974,4141.667,4147.179,4137.821,4172.692,4175.641,4132.949,4176.282,4147.692,4216.026,4197.436,разжать руку
9,4177.179,4216.154,4165.0,4171.41,4146.923,4147.692,4144.872,4179.103,4179.487,4152.949,4192.179,4148.462,4223.205,4197.051,разжать руку
9,4179.872,4214.744,4166.026,4169.103,4141.41,4151.026,4143.462,4183.846,4181.795,4162.436,4199.744,4149.872,4226.154,4199.359,разжать руку
9,4190.385,4216.538,4172.821,4171.795,4145.641,4152.564,4138.333,4183.59,4185.897,4164.872,4198.333,4147.051,4227.179,4200.128,разжать руку
9,4188.718,4213.718,4176.026,4173.205,4156.282,4151.795,4136.026,4173.077,4177.692,4154.872,4194.359,4144.615,4219.487,4196.026,разжать руку
9,4177.436,4208.846,4176.154,4170.256,4157.051,4157.949,4143.846,4180.513,4178.59,4156.667,4195.513,4145.128,4216.538,4194.872,разжать руку
9,4172.179,4209.615,4178.462,4169.487,4157.564,4165.769,4157.179,4189.615,4188.205,4169.103,4200.641,4147.949,4224.615,4199.231,разжать руку
9,4178.077,4216.538,4183.333,4173.333,4166.923,4167.821,4156.41,4176.923,4183.333,4168.077,4205.0,4150.641,4230.769,4203.974,разжать руку
9,4186.538,4216.667,4187.949,4172.179,4168.846,4166.538,4152.692,4169.359,4176.923,4165.128,4205.513,4149.872,4229.487,4201.795,разжать руку
9,4193.718,4216.41,4195.256,4172.308,4163.974,4165.256,4156.538,4177.949,4182.308,4174.615,4208.333,4155.513,4231.282,4202.179,разжать руку
9,4197.436,4226.41,4202.308,4179.231,4172.949,4164.487,4154.103,4180.256,4183.59,4185.769,4206.41,4154.231,4237.692,4200.897,разжать руку
9,4190.256,4223.205,4193.846,4175.769,4179.231,4169.744,4148.59,4179.359,4183.59,4185.0,4197.564,4143.718,4234.872,4194.231,разжать руку
9,4181.41,4210.897,4182.308,4168.974,4174.103,4178.718,4154.615,4182.949,4188.205,4183.462,4200.513,4146.923,4228.59,4197.436,разжать руку
9,4175.0,4209.103,4181.538,4169.231,4174.231,4174.872,4158.846,4180.0,4186.154,4189.744,4208.205,4151.667,4231.923,4199.744,разжать руку
9,4176.699,4210.561,4183.846,4170.176,4173.814,4174.343,4158.942,4179.824,4185.625,4189.407,4207.292,4151.218,4232.196,4199.054,разжать руку
9,4178.397,4212.019,4186.154,4171.122,4173.397,4173.814,4159.038,4179.647,4185.096,4189.071,4206.378,4150.769,4232.468,4198.365,разжать руку
9,4180.096,4213.478,4188.462,4172.067,4172.981,4173.285,4159.135,4179.471,4184.567,4188.734,4205.465,4150.321,4232.74,4197.676,разжать руку
9,4181.795,4214.936,4190.769,4173.013,4172.564,4172.756,4159.231,4179.295,4184.038,4188.397,4204.551,4149.872,4233.013,4196.987,разжать руку
9,4183.494,4216.394,4193.077,4173.958,4172.147,4172.228,4159.327,4179.119,4183.51,4188.061,4203.638,4149.423,4233.285,4196.298,разжать руку
9,4185.192,4217.853,4195.385,4174.904,4171.731,4171.699,4159.423,4178.942,4182.981,4187.724,4202.724,4148.974,4233.558,4195.609,разжать руку
9,4186.891,4219.311,4197.692,4175.849,4171.314,4171.17,4159.519,4178.766,4182.452,4187.388,4201.811,4148.526,4233.83,4194.92,разжать руку
9,4188.59,4220.769,4200.0,4176.795,4170.897,4170.641,4159.615,4178.59,4181.923,4187.051,4200.897,4148.077,4234.103,4194.231,разжать руку
9,4185.897,4212.821,4193.846,4177.179,4175.513,4176.026,4159.872,4175.897,4183.846,4180.513,4194.744,4146.026,4231.154,4195.769,разжать руку
9,4173.59,4201.026,4187.436,4171.282,4182.051,4181.282,4174.359,4203.718,4201.026,4189.359,4194.231,4144.872,4232.692,4198.718,разжать руку
9,4170.256,4204.615,4187.308,4169.359,4184.872,4181.41,4168.205,4201.026,4200.769,4199.231,4198.077,4147.051,4236.282,4196.923,разжать руку
9,4177.051,4216.154,4188.333,4177.179,4185.897,4176.923,4156.026,4170.385,4183.462,4194.872,4202.564,4148.462,4237.436,4195.897,разжать руку
9,4182.692,4223.077,4188.333,4182.436,4190.128,4178.718,4169.103,4177.179,4183.59,4191.282,4205.128,4145.769,4235.0,4196.667,разжать руку
9,4188.077,4224.359,4194.359,4181.538,4196.282,4186.026,4182.436,4205.897,4199.615,4200.0,4204.615,4149.615,4238.59,4203.077,разжать руку
9,4194.231,4225.513,4204.872,4182.949,4199.744,4190.0,4181.538,4208.333,4202.821,4213.718,4208.974,4151.923,4247.051,4206.41,разжать руку
9,4195.0,4224.103,4207.692,4184.359,4193.333,4186.41,4185.513,4198.077,4197.051,4213.077,4211.41,4150.897,4240.769,4205.0,разжать руку
9,4192.949,4213.333,4207.051,4183.462,4187.436,4187.436,4194.359,4203.846,4200.0,4206.667,4205.0,4155.0,4230.256,4205.897,разжать руку
9,4192.692,4206.667,4206.282,4181.154,4188.077,4192.692,4194.231,4208.59,4202.949,4213.718,4208.077,4152.308,4239.103,4203.077,разжать руку
9,4195.256,4210.897,4206.282,4178.846,4186.41,4187.179,4184.615,4201.923,4198.462,4217.308,4216.026,4148.846,4254.487,4205.769,разжать руку
9,4199.744,4209.103,4212.179,4181.923,4185.641,4185.128,4188.462,4200.513,4197.179,4212.692,4216.282,4152.692,4261.795,4211.923,разжать руку
9,4202.051,4197.308,4214.231,4181.154,4178.974,4193.077,4203.846,4203.462,4199.744,4214.231,4215.897,4155.897,4263.462,4210.256,разжать руку
9,4200.513,4197.308,4211.282,4178.718,4177.949,4194.359,4203.59,4202.692,4197.821,4216.538,4221.026,4156.538,4263.846,4208.846,разжать руку
9,4202.949,4208.846,4216.282,4185.0,4195.641,4190.385,4192.308,4198.205,4196.923,4220.513,4224.872,4153.077,4266.538,4210.128,разжать руку
9,4208.333,4215.385,4221.026,4190.513,4203.077,4190.513,4190.256,4194.744,4198.59,4228.205,4223.333,4152.179,4268.462,4211.41,разжать руку
9,4207.308,4214.615,4216.795,4188.974,4196.282,4186.154,4196.923,4195.641,4193.333,4224.872,4220.256,4155.513,4266.026,4209.487,разжать руку
9,4206.923,4210.385,4216.923,4185.128,4194.872,4180.513,4193.205,4200.0,4194.615,4220.769,4221.282,4156.154,4263.333,4208.846,разжать руку
9,4211.538,4212.179,4225.513,4186.667,4197.308,4188.718,4183.59,4207.821,4209.231,4234.744,4225.897,4159.359,4265.897,4212.692,разжать руку
9,4209.359,4217.564,4222.821,4188.974,4198.59,4198.59,4182.179,4213.462,4213.59,4245.385,4226.667,4158.333,4268.333,4208.462,разжать руку
9,4201.667,4213.718,4209.359,4186.923,4196.026,4202.436,4192.436,4211.795,4204.744,4236.282,4218.205,4155.897,4268.077,4204.231,разжать руку
9,4201.282,4208.462,4207.308,4184.359,4191.154,4207.692,4207.949,4208.077,4201.41,4224.872,4212.308,4156.41,4262.564,4204.487,разжать руку
9,4200.513,4205.128,4211.282,4179.615,4193.077,4200.385,4205.513,4204.872,4196.282,4212.949,4210.128,4151.795,4249.872,4198.974,разжать руку
9,4195.0,4200.641,4208.333,4177.821,4196.282,4187.564,4199.487,4202.949,4192.051,4202.692,4206.667,4152.308,4247.692,4199.615,разжать руку
9,4195.0,4204.103,4211.154,4182.949,4197.308,4197.564,4214.359,4207.436,4201.538,4214.231,4209.487,4157.692,4257.179,4203.333,разжать руку
9,4199.231,4207.692,4212.308,4186.923,4200.128,4209.231,4221.154,4215.256,4206.154,4231.538,4215.769,4157.949,4257.949,4202.692,разжать руку
9,4198.205,4208.205,4205.256,4187.692,4204.103,4200.641,4206.282,4209.231,4195.256,4229.359,4214.487,4154.615,4253.205,4204.872,разжать руку
9,4200.385,4215.641,4208.974,4187.692,4204.872,4193.462,4195.0,4199.487,4192.821,4225.385,4213.718,4156.154,4256.41,4206.923,разжать руку
9,4213.974,4225.897,4223.077,4192.949,4204.487,4196.667,4197.308,4204.359,4203.077,4234.872,4221.026,4164.487,4263.718,4209.872,разжать руку
9,4215.897,4223.205,4223.718,4194.615,4207.821,4197.179,4207.051,4210.385,4207.692,4244.359,4221.41,4160.641,4265.256,4207.308,разжать руку
9,4203.462,4213.846,4210.769,4187.179,4206.923,4196.154,4212.308,4211.026,4210.769,4242.821,4218.59,4152.308,4263.846,4204.231,разжать руку
9,4205.897,4217.308,4212.179,4190.513,4207.436,4202.692,4204.359,4208.205,4214.744,4242.308,4222.821,4158.846,4266.795,4209.615,разжать руку
9,4218.846,4225.769,4227.308,4201.923,4212.051,4204.744,4201.41,4197.179,4208.333,4242.564,4220.513,4161.923,4269.487,4210.385,разжать руку
9,4217.692,4221.282,4227.821,4201.923,4206.795,4197.949,4209.487,4193.205,4202.949,4230.256,4212.179,4155.769,4264.487,4206.41,разжать руку
9,4208.462,4214.744,4219.103,4197.821,4203.462,4202.821,4209.615,4202.308,4204.872,4224.103,4210.385,4152.179,4259.231,4204.872,разжать руку
9,4206.026,4217.308,4218.974,4199.103,4206.667,4208.846,4204.359,4208.462,4205.0,4231.026,4212.692,4156.282,4263.59,4207.051,разжать руку
9,4209.103,4220.256,4224.744,4202.179,4206.923,4200.641,4209.615,4206.795,4200.769,4228.205,4211.538,4162.949,4268.846,4210.513,разжать руку
9,4210.897,4219.487,4228.718,4203.462,4213.333,4195.256,4207.051,4199.615,4193.974,4216.154,4207.949,4158.205,4262.949,4206.538,разжать руку
9,4207.436,4217.821,4228.333,4201.154,4220.0,4200.641,4195.897,4199.231,4192.692,4209.744,4205.641,4155.385,4250.769,4203.205,разжать руку
9,4208.333,4218.077,4231.538,4197.949,4212.692,4209.872,4208.974,4217.436,4205.256,4218.077,4206.667,4163.974,4252.564,4207.564,разжать руку
9,4217.692,4218.077,4238.59,4199.231,4204.103,4207.692,4222.436,4222.692,4214.359,4229.359,4212.436,4168.077,4263.205,4209.872,разжать руку
9,4224.615,4223.718,4241.154,4206.154,4211.282,4201.026,4210.0,4207.436,4205.641,4235.769,4220.769,4170.128,4266.282,4211.154,разжать руку
9,4224.103,4232.436,4239.103,4208.333,4219.872,4207.821,4206.667,4201.282,4199.744,4236.795,4221.282,4167.692,4264.615,4210.128,разжать руку
9,4215.256,4224.744,4229.103,4199.231,4214.744,4210.513,4213.974,4206.026,4205.769,4230.769,4212.949,4164.615,4260.769,4204.744,разжать руку
9,4212.821,4222.051,4225.513,4197.436,4214.359,4202.821,4208.718,4210.128,4209.872,4232.949,4210.769,4168.077,4260.513,4207.051,разжать руку
9,4223.59,4236.667,4237.436,4205.256,4221.923,4203.718,4203.59,4203.718,4201.795,4240.513,4215.256,4167.949,4265.128,4212.436,разжать руку
9,4228.59,4237.564,4241.282,4205.641,4227.308,4215.128,4214.872,4199.487,4194.872,4235.0,4215.0,4165.256,4264.615,4212.179,разжать руку
9,4220.385,4227.051,4232.821,4200.0,4227.949,4220.513,4228.333,4213.974,4205.769,4234.359,4213.59,4163.846,4262.821,4210.128,разжать руку
9,4218.846,4227.436,4230.897,4199.231,4222.179,4213.846,4226.667,4224.231,4214.872,4245.897,4219.615,4166.282,4265.769,4212.051,разжать руку
9,4226.538,4231.154,4239.231,4203.333,4221.282,4207.308,4216.795,4216.41,4210.641,4246.923,4223.205,4166.795,4266.026,4213.974,разжать руку
9,4225.513,4228.974,4242.821,4203.718,4223.333,4207.051,4207.436,4207.308,4204.487,4237.436,4217.564,4161.026,4263.718,4209.359,разжать руку
9,4221.923,4229.487,4241.282,4202.308,4220.513,4215.128,4207.821,4218.077,4209.744,4237.179,4213.59,4164.872,4267.692,4210.769,разжать руку
9,4226.026,4235.385,4242.821,4203.846,4222.051,4225.769,4221.923,4233.333,4219.231,4252.564,4221.026,4170.513,4272.179,4213.077,разжать руку
10,4212.949,4224.487,4231.667,4197.692,4213.077,4223.718,4223.462,4203.718,4208.462,4244.487,4213.462,4155.385,4266.282,4204.872,сжать руку
10,4207.308,4219.231,4227.436,4194.615,4215.128,4213.462,4217.564,4203.718,4204.872,4232.564,4202.436,4154.103,4256.667,4201.154,сжать руку
10,4212.179,4219.231,4226.795,4195.385,4220.0,4208.974,4215.641,4214.487,4210.385,4235.128,4206.282,4160.128,4257.308,4204.615,сжать руку
10,4216.795,4224.744,4230.256,4201.026,4225.0,4221.795,4211.795,4210.513,4209.615,4236.923,4210.128,4165.0,4262.564,4210.0,сжать руку
10,4215.641,4224.359,4230.769,4199.744,4230.513,4224.103,4209.103,4201.667,4202.949,4228.462,4207.308,4163.718,4257.436,4206.923,сжать руку
10,4218.974,4223.718,4231.282,4198.718,4226.795,4213.974,4206.795,4204.487,4208.205,4229.103,4214.487,4165.897,4259.487,4212.308,сжать руку
10,4231.795,4233.205,4241.667,4205.641,4221.667,4217.308,4206.41,4207.179,4211.923,4242.436,4225.769,4167.949,4272.821,4217.179,сжать руку
10,4241.026,4240.385,4248.718,4209.487,4223.974,4219.872,4207.692,4204.359,4204.744,4245.256,4223.333,4171.667,4272.179,4214.103,сжать руку
10,4245.385,4240.256,4251.282,4210.513,4228.205,4208.205,4205.769,4203.333,4202.949,4242.308,4223.205,4174.744,4266.538,4215.513,сжать руку
10,4246.282,4235.769,4254.231,4211.923,4228.718,4201.923,4203.333,4206.41,4211.795,4241.923,4229.231,4171.282,4267.564,4217.179,сжать руку
10,4237.949,4232.564,4249.231,4210.769,4230.769,4210.641,4210.641,4211.026,4216.154,4241.41,4229.744,4172.692,4267.051,4217.308,сжать руку
10,4235.0,4240.897,4245.0,4209.744,4236.282,4221.026,4226.026,4212.051,4214.231,4248.333,4224.487,4172.051,4271.282,4217.436,сжать руку
10,4245.256,4251.667,4252.821,4212.564,4237.308,4222.051,4227.564,4204.744,4209.744,4253.077,4219.744,4170.0,4276.795,4219.103,сжать руку
10,4246.026,4243.846,4256.026,4211.41,4230.513,4218.205,4217.821,4204.359,4209.487,4245.128,4219.744,4170.385,4270.769,4217.692,сжать руку
10,4231.795,4227.436,4245.256,4205.256,4225.256,4214.487,4217.564,4210.769,4213.462,4232.564,4220.897,4169.359,4260.385,4211.538,сжать руку
10,4226.154,4231.154,4238.846,4203.462,4222.436,4214.872,4222.692,4210.385,4211.538,4234.615,4219.872,4170.897,4263.205,4214.744,сжать руку
10,4228.59,4236.923,4238.333,4202.821,4214.359,4217.949,4224.487,4218.462,4216.538,4255.641,4225.0,4171.795,4273.974,4217.949,сжать руку
10,4220.897,4229.231,4227.949,4201.41,4211.282,4219.487,4222.179,4227.051,4222.692,4261.154,4227.692,4169.359,4270.128,4212.436,сжать руку
10,4212.051,4234.487,4218.077,4205.897,4224.487,4219.487,4217.436,4211.923,4213.077,4239.359,4215.513,4165.256,4255.128,4207.564,сжать руку
10,4214.103,4249.103,4223.462,4210.897,4232.051,4219.615,4218.333,4197.051,4200.513,4226.538,4206.026,4163.205,4249.359,4206.026,сжать руку
10,4219.744,4252.179,4231.41,4213.077,4223.333,4218.846,4225.256,4212.436,4207.308,4233.333,4209.231,4168.205,4252.051,4207.949,сжать руку
10,4217.564,4254.359,4229.615,4219.744,4226.923,4217.308,4218.462,4222.692,4218.718,4236.026,4206.282,4165.385,4248.846,4206.282,сжать руку
10,4206.923,4253.59,4219.103,4220.128,4232.692,4210.897,4201.923,4206.41,4211.923,4228.333,4198.333,4156.41,4241.41,4203.205,сжать руку
10,4204.744,4248.974,4214.744,4215.769,4220.128,4208.333,4211.026,4208.333,4208.846,4227.308,4201.795,4161.154,4242.692,4207.564,сжать руку
10,4214.615,4255.256,4222.051,4217.564,4223.205,4216.795,4220.641,4210.641,4208.974,4232.051,4208.974,4166.667,4249.231,4211.41,сжать руку
10,4219.103,4259.615,4226.538,4218.718,4238.462,4219.103,4203.077,4198.077,4206.282,4234.872,4207.949,4164.615,4252.051,4212.436,сжать руку
10,4216.667,4256.923,4227.949,4219.744,4229.231,4218.333,4201.667,4203.846,4210.385,4239.103,4205.769,4164.615,4250.513,4209.487,сжать руку
10,4214.359,4257.179,4226.282,4219.615,4217.051,4222.179,4219.231,4213.333,4211.41,4239.231,4208.974,4166.154,4245.641,4205.641,сжать руку
10,4211.282,4256.282,4222.308,4217.949,4228.333,4219.359,4218.846,4211.923,4207.692,4233.333,4210.385,4168.846,4244.103,4208.205,сжать руку
10,4208.462,4254.615,4223.205,4217.949,4235.128,4208.077,4207.949,4201.667,4202.949,4225.769,4200.0,4167.051,4243.59,4207.949,сжать руку
10,4210.641,4252.436,4225.769,4219.359,4225.385,4208.333,4206.538,4186.795,4197.436,4217.436,4196.923,4164.615,4242.179,4207.949,сжать руку
10,4212.949,4250.513,4229.487,4218.59,4225.513,4220.641,4213.462,4194.744,4199.615,4218.974,4204.487,4166.923,4244.615,4209.103,сжать руку
10,4209.103,4250.641,4229.487,4213.462,4227.051,4216.667,4216.795,4215.897,4208.974,4224.744,4201.538,4166.795,4244.231,4207.564,сжать руку
10,4203.59,4250.897,4222.051,4213.59,4223.205,4207.564,4212.179,4201.667,4201.41,4217.051,4191.795,4164.872,4236.923,4208.846,сжать руку
10,4201.282,4251.282,4219.231,4219.231,4229.872,4207.949,4204.487,4189.359,4191.667,4211.538,4191.795,4161.795,4235.128,4206.923,сжать руку
10,4204.487,4253.333,4224.744,4220.897,4232.821,4207.821,4202.179,4215.641,4206.667,4222.692,4197.436,4166.923,4241.538,4206.026,сжать руку
10,4215.256,4258.974,4232.949,4222.564,4225.641,4211.41,4210.769,4222.564,4214.359,4236.026,4202.564,4176.923,4249.744,4215.513,сжать руку
10,4224.487,4259.872,4237.949,4224.359,4221.154,4215.897,4214.103,4211.667,4210.513,4240.769,4207.436,4175.769,4256.154,4221.41,сжать руку
10,4215.513,4252.436,4230.897,4221.795,4224.231,4213.846,4208.333,4211.282,4210.769,4230.513,4201.026,4171.154,4250.256,4213.205,сжать руку
10,4200.128,4246.282,4217.436,4217.308,4231.795,4215.641,4205.641,4196.667,4197.179,4213.974,4187.436,4163.333,4237.308,4198.333,сжать руку
10,4202.308,4248.59,4219.231,4221.538,4236.282,4221.923,4204.359,4187.179,4191.026,4217.308,4189.359,4161.154,4238.59,4199.615,сжать руку
10,4214.231,4258.205,4233.077,4230.897,4237.564,4220.385,4208.59,4207.821,4208.718,4238.205,4204.359,4171.154,4252.051,4214.615,сжать руку
10,4215.385,4259.744,4231.282,4229.231,4234.872,4217.179,4213.974,4219.359,4213.077,4241.282,4207.179,4172.949,4255.641,4212.564,сжать руку
10,4213.205,4256.41,4224.231,4225.769,4235.256,4220.513,4206.538,4210.385,4203.462,4227.564,4199.615,4171.026,4251.154,4205.641,сжать руку
10,4219.359,4264.744,4233.333,4230.128,4241.41,4226.538,4202.949,4208.718,4210.256,4233.462,4204.615,4172.308,4255.0,4211.795,сжать руку
10,4220.256,4267.692,4240.0,4227.949,4236.795,4223.974,4204.872,4204.744,4211.026,4240.513,4210.513,4170.0,4258.077,4213.077,сжать руку
10,4218.846,4261.667,4239.231,4229.103,4228.718,4214.744,4200.385,4205.769,4201.795,4226.538,4203.59,4168.974,4253.462,4210.385,сжать руку
10,4228.462,4270.769,4245.897,4237.308,4230.513,4212.436,4202.692,4216.667,4208.205,4222.692,4203.333,4173.59,4252.564,4215.385,сжать руку
10,4241.026,4287.179,4250.641,4239.231,4232.821,4214.231,4208.333,4213.718,4215.513,4231.026,4212.308,4179.615,4259.872,4226.026,сжать руку
10,4247.308,4297.051,4252.051,4240.128,4235.513,4215.513,4203.974,4214.487,4214.872,4234.487,4213.462,4178.462,4264.872,4227.564,сжать руку
10,4250.769,4301.154,4257.179,4243.205,4235.256,4219.744,4200.0,4218.59,4209.744,4233.077,4210.513,4176.282,4262.564,4222.821,сжать руку
10,4256.538,4302.692,4262.179,4243.59,4227.692,4222.821,4203.333,4207.821,4205.128,4230.513,4214.744,4179.872,4266.026,4228.59,сжать руку
10,4261.41,4307.564,4265.641,4244.231,4229.615,4215.769,4206.667,4203.59,4210.385,4231.667,4217.821,4175.513,4274.872,4231.667,сжать руку
10,4261.538,4309.231,4263.205,4243.333,4237.692,4207.308,4202.436,4214.744,4213.974,4232.949,4213.718,4174.231,4273.205,4228.974,сжать руку
10,4257.564,4303.59,4259.359,4237.949,4242.308,4216.538,4197.179,4210.128,4205.897,4231.154,4212.051,4180.128,4268.462,4228.205,сжать руку
10,4256.538,4301.026,4261.923,4233.205,4246.538,4227.179,4198.077,4203.846,4203.59,4233.59,4216.923,4177.949,4272.564,4226.795,сжать руку
10,4254.487,4298.59,4263.077,4232.949,4240.0,4220.0,4202.051,4222.692,4215.769,4246.41,4222.179,4178.59,4277.308,4227.821,сжать руку
10,4243.718,4285.769,4257.308,4228.718,4230.641,4209.103,4197.949,4222.179,4214.744,4249.103,4219.615,4176.282,4271.154,4221.795,сжать руку
10,4233.846,4275.769,4253.333,4224.744,4229.744,4208.846,4192.436,4199.487,4200.256,4235.0,4210.641,4169.359,4260.128,4213.205,сжать руку
10,4232.564,4273.333,4256.41,4226.538,4226.154,4218.205,4203.974,4203.59,4201.282,4227.308,4205.897,4171.667,4254.872,4214.487,сжать руку
10,4229.359,4260.769,4255.385,4222.949,4219.744,4220.256,4210.256,4217.564,4211.795,4227.564,4205.897,4175.641,4254.231,4213.462,сжать руку
10,4224.359,4254.359,4249.615,4219.359,4224.103,4211.923,4200.128,4213.077,4212.692,4231.154,4206.795,4177.436,4256.282,4212.436,сжать руку
10,4224.872,4260.385,4250.256,4221.154,4230.513,4211.026,4201.923,4218.462,4216.667,4243.846,4209.872,4178.974,4257.051,4212.821,сжать руку
10,4219.487,4255.641,4249.615,4219.359,4227.179,4219.231,4209.744,4222.051,4215.641,4242.821,4209.744,4178.462,4253.205,4211.282,сжать руку
10,4213.077,4250.128,4246.282,4218.974,4229.359,4224.872,4206.026,4203.462,4197.692,4227.051,4204.231,4176.667,4253.974,4213.846,сжать руку
10,4218.718,4256.282,4247.692,4220.897,4235.385,4221.923,4199.744,4207.436,4199.359,4231.923,4204.359,4176.41,4258.718,4215.769,сжать руку
10,4223.462,4258.077,4250.256,4220.385,4230.769,4220.769,4208.333,4227.564,4218.462,4245.641,4212.179,4181.282,4256.795,4214.615,сжать руку
10,4217.179,4252.436,4249.231,4217.179,4226.282,4218.462,4221.282,4219.487,4211.923,4237.692,4208.718,4178.846,4251.026,4206.667,сжать руку
10,4206.41,4246.026,4240.769,4214.615,4223.846,4205.0,4210.256,4205.769,4198.333,4218.333,4195.513,4169.359,4244.615,4199.744,сжать руку
10,4207.436,4248.205,4239.872,4220.385,4220.128,4202.692,4192.436,4218.462,4212.564,4221.282,4199.231,4171.795,4244.231,4210.385,сжать руку
10,4217.564,4256.667,4248.718,4227.821,4223.205,4217.564,4200.513,4227.949,4222.949,4240.897,4209.487,4177.949,4252.436,4218.462,сжать руку
10,4218.462,4253.462,4244.744,4221.667,4228.846,4223.205,4220.0,4222.949,4214.103,4239.231,4202.949,4176.667,4250.513,4211.667,сжать руку
10,4210.513,4248.077,4236.667,4216.667,4232.949,4220.641,4218.974,4215.897,4210.769,4227.949,4194.231,4170.769,4243.333,4208.205,сжать руку
10,4202.436,4246.026,4234.359,4219.359,4230.128,4220.897,4206.41,4204.615,4206.282,4225.897,4195.769,4167.949,4246.41,4212.821,сжать руку
10,4201.795,4243.205,4233.59,4220.0,4222.821,4219.103,4205.641,4204.615,4198.462,4225.256,4201.026,4174.872,4252.692,4215.385,сжать руку
10,4208.718,4249.231,4238.59,4220.385,4223.077,4212.564,4206.026,4212.051,4201.538,4230.385,4207.692,4176.41,4252.949,4212.949,сжать руку
10,4213.974,4252.692,4241.667,4221.282,4224.231,4206.538,4197.436,4207.308,4207.564,4233.718,4205.128,4171.538,4248.59,4212.179,сжать руку
10,4212.821,4248.462,4240.128,4223.077,4222.436,4209.615,4196.41,4198.974,4205.128,4226.026,4195.897,4170.897,4245.128,4210.897,сжать руку
10,4210.513,4247.308,4240.513,4220.897,4222.821,4216.026,4202.436,4205.385,4204.231,4223.205,4199.615,4173.59,4247.436,4210.513,сжать руку
10,4207.564,4243.846,4236.154,4214.359,4229.744,4219.744,4203.846,4223.205,4212.564,4231.667,4207.179,4175.385,4248.59,4214.744,сжать руку
10,4198.205,4232.436,4227.949,4210.513,4229.615,4226.282,4212.051,4218.462,4208.333,4224.103,4197.564,4167.949,4236.41,4209.487,сжать руку
10,4189.487,4223.205,4222.179,4208.974,4214.103,4226.41,4222.051,4197.564,4193.205,4197.692,4180.128,4163.718,4219.615,4199.615,сжать руку
10,4192.436,4225.128,4220.897,4209.103,4207.821,4215.128,4216.538,4206.795,4200.0,4191.795,4178.846,4166.667,4218.205,4201.41,сжать руку
10,4199.359,4231.41,4221.795,4209.872,4215.513,4206.667,4210.128,4222.692,4212.051,4209.744,4192.949,4167.949,4235.641,4209.231,сжать руку
10,4202.051,4236.282,4224.615,4211.667,4218.974,4213.974,4219.615,4215.513,4206.282,4228.462,4207.564,4177.308,4257.179,4218.846,сжать руку
10,4202.821,4239.487,4228.974,4211.538,4217.821,4219.872,4226.923,4212.436,4202.564,4239.615,4210.513,4180.897,4262.308,4219.231,сжать руку
10,4203.077,4238.846,4230.128,4210.641,4215.256,4212.436,4216.923,4222.308,4213.718,4235.769,4203.333,4173.846,4251.154,4213.333,сжать руку
10,4205.385,4238.59,4234.615,4211.795,4215.128,4210.897,4209.359,4226.154,4221.026,4231.282,4203.59,4173.59,4246.154,4215.641,сжать руку
10,4209.231,4239.231,4236.538,4208.462,4216.026,4215.128,4212.692,4218.205,4211.795,4233.333,4206.282,4172.692,4247.179,4213.846,сжать руку
10,4199.872,4233.59,4224.103,4202.949,4213.846,4214.872,4211.026,4207.051,4199.744,4222.564,4198.333,4168.077,4243.205,4208.205,сжать руку
10,4185.385,4229.231,4212.564,4204.359,4215.385,4216.667,4208.333,4201.538,4193.077,4208.462,4189.872,4162.692,4238.205,4204.744,сжать руку
10,4187.308,4231.154,4216.667,4207.436,4211.667,4213.974,4210.128,4210.641,4193.205,4209.359,4193.462,4163.59,4236.154,4203.462,сжать руку
10,4198.59,4236.538,4225.256,4210.0,4206.795,4209.103,4215.513,4222.564,4199.231,4219.487,4199.872,4170.641,4241.795,4208.333,сжать руку
10,4198.974,4237.051,4225.256,4214.103,4216.795,4216.41,4215.641,4218.205,4201.154,4226.026,4197.564,4167.949,4246.026,4210.256,сжать руку
10,4198.077,4237.564,4223.077,4220.256,4228.462,4222.821,4204.359,4210.641,4200.256,4226.026,4197.179,4164.872,4245.128,4213.718,сжать руку
10,4205.385,4245.256,4226.41,4225.385,4228.077,4222.692,4203.333,4212.308,4204.744,4232.179,4204.744,4171.154,4249.231,4215.897,сжать руку
10,4206.795,4245.385,4227.308,4222.308,4222.436,4221.154,4211.667,4214.231,4211.538,4246.282,4212.179,4176.538,4255.385,4214.487,сжать руку
10,4204.872,4237.821,4227.949,4220.0,4221.923,4217.564,4212.051,4211.026,4210.513,4248.974,4212.436,4176.538,4256.282,4217.179,сжать руку
10,4210.641,4239.487,4236.538,4224.231,4222.564,4218.077,4209.359,4219.103,4213.333,4245.641,4211.538,4174.615,4258.59,4216.795,сжать руку
10,4209.872,4241.538,4232.949,4221.667,4221.538,4219.872,4217.436,4229.103,4213.846,4242.692,4209.487,4172.308,4258.333,4209.103,сжать руку
11,4194.231,4229.872,4210.513,4216.026,4221.795,4214.359,4208.974,4199.615,4200.128,4235.897,4210.513,4168.462,4252.308,4207.308,разжать руку
11,4209.103,4236.538,4222.564,4223.205,4220.641,4218.077,4199.872,4213.333,4213.333,4246.667,4222.564,4181.795,4262.308,4217.436,разжать руку
11,4215.256,4243.077,4230.385,4224.744,4227.179,4219.359,4216.795,4230.0,4219.231,4252.564,4232.051,4184.487,4267.308,4217.564,разжать руку
11,4209.872,4243.718,4228.205,4224.231,4231.282,4215.256,4223.333,4223.59,4212.051,4246.41,4233.718,4175.513,4265.385,4216.667,разжать руку
11,4203.59,4240.256,4224.359,4224.872,4227.949,4218.077,4216.026,4217.949,4209.359,4234.744,4226.41,4172.692,4257.179,4213.718,разжать руку
11,4195.769,4235.641,4216.795,4220.769,4229.487,4223.59,4218.718,4214.615,4205.513,4220.385,4216.154,4170.897,4246.026,4203.462,разжать руку
11,4192.179,4235.513,4212.821,4217.436,4232.692,4222.821,4216.154,4203.846,4196.795,4212.308,4216.923,4171.795,4245.256,4205.385,разжать руку
11,4197.949,4237.308,4218.462,4217.051,4230.0,4218.077,4206.538,4205.385,4203.333,4221.41,4225.0,4173.462,4252.949,4211.538,разжать руку
11,4201.282,4234.231,4221.026,4215.641,4227.564,4217.821,4215.897,4216.795,4216.538,4235.513,4228.077,4174.615,4255.769,4213.077,разжать руку
11,4199.487,4236.667,4222.692,4216.282,4228.846,4225.385,4229.744,4223.077,4219.872,4249.615,4231.154,4181.154,4258.462,4219.359,разжать руку
11,4202.051,4241.667,4226.538,4214.487,4229.615,4230.128,4225.641,4224.615,4219.615,4257.308,4233.59,4178.846,4262.179,4217.564,разжать руку
11,4205.897,4240.385,4228.462,4211.026,4226.538,4224.615,4215.256,4225.0,4219.744,4252.179,4231.282,4173.846,4263.462,4214.487,разжать руку
11,4206.923,4242.692,4230.769,4211.923,4222.564,4222.308,4214.744,4222.692,4222.179,4254.487,4229.487,4175.641,4265.641,4217.692,разжать руку
11,4207.949,4242.949,4234.487,4214.231,4220.256,4225.256,4223.462,4229.872,4231.026,4263.846,4234.487,4182.051,4267.692,4217.308,разжать руку
11,4213.718,4241.282,4238.718,4219.103,4225.128,4227.179,4229.872,4240.641,4235.641,4261.154,4237.692,4186.026,4265.385,4215.769,разжать руку
11,4220.128,4248.077,4243.718,4223.974,4233.718,4229.103,4220.0,4217.692,4220.256,4250.385,4232.821,4178.718,4262.051,4217.949,разжать руку
11,4217.436,4253.077,4241.154,4224.359,4231.538,4226.282,4207.179,4189.231,4207.436,4243.205,4229.231,4177.179,4261.667,4221.41,разжать руку
11,4217.949,4250.513,4236.282,4224.231,4229.231,4225.897,4213.462,4205.641,4215.385,4245.0,4232.308,4182.051,4262.692,4222.436,разжать руку
11,4223.59,4247.692,4238.59,4222.179,4232.051,4227.051,4220.128,4226.923,4221.795,4250.256,4234.231,4181.538,4264.359,4221.923,разжать руку
11,4220.513,4245.769,4239.872,4218.718,4228.59,4225.0,4215.0,4215.256,4216.667,4248.205,4229.231,4179.615,4262.436,4221.923,разжать руку
11,4212.179,4242.949,4233.974,4215.0,4223.718,4223.59,4212.051,4203.59,4211.923,4243.077,4225.128,4176.282,4258.846,4218.205,разжать руку
11,4209.231,4242.692,4223.59,4213.846,4222.436,4223.59,4213.333,4208.333,4212.564,4243.077,4223.718,4175.128,4256.795,4214.744,разжать руку
11,4212.179,4245.641,4220.641,4217.949,4224.615,4225.256,4213.718,4211.923,4212.564,4245.256,4222.821,4172.179,4258.205,4216.795,разжать руку
11,4213.462,4240.897,4224.615,4217.179,4222.821,4221.923,4215.769,4215.641,4211.154,4238.077,4222.821,4167.692,4255.256,4218.077,разжать руку
11,4211.795,4231.41,4226.026,4212.564,4219.103,4219.359,4215.513,4224.487,4215.641,4231.026,4221.154,4174.744,4250.256,4218.59,разжать руку
11,4213.59,4232.692,4228.59,4215.256,4223.59,4218.846,4206.795,4224.872,4217.564,4237.821,4222.564,4180.128,4255.256,4218.718,разжать руку
11,4219.744,4240.897,4233.077,4220.513,4229.231,4217.692,4200.513,4220.0,4217.949,4248.333,4227.821,4178.59,4264.103,4221.795,разжать руку
11,4223.205,4244.231,4238.718,4222.179,4228.077,4222.564,4208.333,4227.308,4225.256,4252.436,4229.103,4181.154,4265.128,4222.051,разжать руку
11,4222.692,4242.949,4244.359,4221.41,4223.974,4223.462,4216.282,4227.949,4226.41,4244.487,4222.436,4178.718,4256.538,4216.282,разжать руку
11,4225.513,4241.923,4245.513,4220.769,4223.077,4220.513,4208.974,4213.077,4215.128,4236.026,4219.487,4176.282,4251.026,4222.564,разжать руку
11,4228.846,4237.821,4242.308,4219.359,4217.564,4225.0,4208.205,4213.846,4212.436,4242.692,4223.846,4177.692,4254.744,4226.667,разжать руку
11,4221.923,4228.59,4236.026,4214.359,4207.179,4223.974,4216.667,4228.205,4221.41,4243.462,4220.769,4176.41,4253.333,4218.333,разжать руку
11,4214.359,4230.0,4232.308,4213.333,4213.333,4212.949,4211.41,4224.744,4218.974,4231.538,4215.641,4173.846,4246.795,4216.795,разжать руку
11,4216.282,4239.872,4233.974,4216.41,4223.974,4213.718,4202.051,4209.103,4208.333,4226.282,4217.564,4172.308,4243.846,4216.538,разжать руку
11,4220.769,4240.897,4238.462,4217.692,4218.718,4222.821,4206.923,4214.103,4212.308,4230.256,4218.718,4175.385,4246.667,4215.769,разжать руку
11,4216.282,4237.692,4238.077,4217.692,4215.0,4220.385,4214.487,4225.513,4223.077,4236.026,4217.692,4175.513,4249.103,4218.077,разжать руку
11,4207.308,4237.051,4229.744,4215.513,4220.641,4212.308,4202.436,4218.718,4222.436,4237.692,4218.974,4172.436,4247.564,4219.231,разжать руку
11,4209.487,4236.923,4230.385,4216.667,4221.026,4214.359,4190.128,4210.128,4213.974,4236.538,4221.667,4174.615,4249.872,4219.231,разжать руку
11,4218.462,4238.077,4241.026,4218.974,4218.077,4224.103,4198.974,4214.615,4212.692,4240.769,4223.974,4180.256,4256.923,4220.385,разжать руку
11,4217.949,4234.744,4245.769,4218.974,4216.795,4228.462,4210.897,4222.179,4218.974,4244.872,4226.538,4184.615,4259.231,4222.436,разжать руку
11,4212.564,4231.282,4243.974,4221.538,4220.385,4221.154,4208.205,4220.385,4219.487,4246.923,4227.564,4180.256,4255.897,4220.513,разжать руку
11,4210.256,4230.256,4235.769,4216.923,4222.051,4212.179,4201.795,4209.359,4206.41,4236.667,4222.949,4172.692,4248.59,4217.051,разжать руку
11,4211.026,4232.821,4232.179,4212.692,4220.128,4219.487,4211.026,4207.821,4201.282,4218.59,4219.487,4175.769,4246.026,4220.256,разжать руку
11,4216.667,4245.513,4240.769,4220.641,4222.051,4232.692,4218.59,4221.282,4216.923,4224.615,4225.128,4178.205,4252.051,4220.385,разжать руку
11,4222.308,4251.923,4243.205,4225.128,4222.564,4229.103,4213.846,4222.949,4219.103,4237.692,4230.513,4177.436,4252.051,4219.487,разжать руку
11,4220.513,4243.333,4240.385,4218.974,4218.077,4222.436,4215.769,4212.949,4205.385,4228.077,4223.462,4176.667,4245.769,4222.308,разжать руку
11,4220.0,4236.795,4244.487,4216.41,4216.923,4226.026,4214.615,4213.59,4207.051,4221.026,4218.333,4175.385,4247.821,4224.615,разжать руку
11,4223.59,4239.744,4246.282,4221.282,4220.513,4225.641,4201.923,4223.333,4219.103,4236.667,4226.282,4178.59,4253.974,4226.41,разжать руку
11,4216.923,4235.897,4236.667,4218.205,4224.487,4222.564,4204.872,4221.923,4221.026,4243.846,4224.744,4174.103,4249.744,4217.308,разжать руку
11,4202.179,4222.436,4222.692,4209.231,4224.231,4222.821,4209.615,4206.795,4214.744,4227.308,4211.41,4166.795,4240.641,4208.846,разжать руку
11,4199.231,4223.974,4219.872,4211.154,4223.59,4220.256,4196.538,4202.436,4212.692,4222.692,4211.667,4170.513,4239.872,4215.513,разжать руку
11,4207.692,4232.436,4224.872,4214.359,4211.41,4213.974,4196.026,4210.897,4213.205,4233.205,4218.846,4175.641,4243.333,4218.718,разжать руку
11,4207.564,4224.872,4219.872,4211.026,4195.769,4212.692,4202.821,4213.846,4212.821,4228.462,4214.487,4175.128,4239.744,4211.795,разжать руку
11,4195.513,4212.308,4206.795,4206.282,4204.231,4214.231,4193.974,4205.641,4206.41,4211.667,4201.795,4167.564,4230.256,4203.718,разжать руку
11,4184.487,4209.359,4199.231,4203.846,4211.667,4213.59,4196.923,4210.385,4204.231,4206.41,4195.385,4165.385,4225.0,4203.846,разжать руку
11,4183.846,4217.179,4200.897,4207.436,4202.821,4217.308,4223.974,4228.205,4217.436,4213.846,4198.462,4168.974,4227.436,4209.487,разжать руку
11,4186.795,4225.769,4206.154,4213.846,4207.949,4216.282,4229.744,4227.179,4220.769,4216.154,4202.179,4167.949,4228.462,4209.744,разжать руку
11,4191.667,4225.513,4211.026,4218.718,4220.128,4211.667,4209.615,4206.923,4208.333,4208.718,4203.718,4169.487,4228.205,4210.0,разжать руку
11,4195.128,4224.872,4213.462,4218.974,4218.462,4217.436,4200.0,4188.59,4198.846,4202.821,4203.462,4167.436,4229.487,4209.615,разжать руку
11,4192.308,4226.538,4208.333,4215.256,4214.615,4221.282,4194.487,4186.41,4198.205,4200.641,4202.564,4164.872,4229.615,4207.308,разжать руку
11,4201.667,4233.205,4210.128,4217.692,4217.821,4217.564,4189.744,4205.0,4208.59,4211.538,4206.923,4175.0,4236.795,4214.487,разжать руку
11,4212.051,4238.59,4220.385,4222.564,4214.359,4217.692,4194.103,4217.051,4217.051,4226.026,4210.128,4173.462,4243.077,4216.667,разжать руку
11,4201.667,4230.128,4216.795,4215.641,4208.974,4219.744,4198.974,4198.59,4205.128,4213.333,4204.872,4162.692,4232.692,4210.0,разжать руку
11,4195.769,4222.949,4208.846,4208.846,4216.538,4218.205,4203.718,4186.923,4196.282,4198.205,4203.462,4166.795,4228.333,4209.487,разжать руку
11,4209.615,4230.769,4217.308,4215.256,4223.462,4215.256,4199.615,4208.205,4215.641,4218.077,4214.359,4176.154,4245.256,4217.692,разжать руку
11,4218.846,4240.897,4231.154,4222.564,4222.692,4216.667,4187.051,4220.769,4228.59,4244.103,4223.718,4179.359,4257.051,4227.692,разжать руку
11,4212.179,4239.487,4231.795,4217.564,4222.051,4220.513,4200.513,4214.359,4215.256,4239.231,4218.333,4175.256,4248.333,4223.077,разжать руку
11,4208.59,4236.026,4227.179,4211.538,4218.846,4220.256,4227.308,4224.103,4211.795,4225.0,4208.974,4175.128,4239.359,4216.538,разжать руку
11,4214.359,4239.359,4230.769,4216.667,4220.256,4219.487,4214.359,4229.487,4221.923,4230.128,4211.795,4178.205,4243.718,4221.538,разжать руку
11,4213.846,4237.949,4228.974,4217.949,4222.308,4218.333,4195.385,4208.462,4216.923,4230.641,4213.59,4173.462,4245.897,4220.769,разжать руку
11,4206.795,4235.513,4218.333,4212.692,4213.077,4218.333,4210.769,4206.282,4208.974,4216.667,4206.923,4170.897,4239.487,4215.0,разжать руку
11,4213.974,4246.923,4221.538,4217.692,4208.077,4223.974,4210.769,4218.333,4211.795,4214.872,4206.154,4172.051,4238.333,4214.872,разжать руку
11,4233.333,4267.179,4236.282,4230.769,4216.282,4221.026,4185.256,4207.436,4213.974,4224.103,4211.538,4173.718,4247.436,4222.821,разжать руку
11,4240.769,4273.462,4237.179,4234.487,4217.564,4214.744,4196.282,4207.821,4213.974,4222.308,4210.128,4172.692,4251.026,4224.615,разжать руку
11,4227.436,4257.949,4218.846,4220.128,4203.718,4219.487,4228.974,4218.077,4208.846,4200.513,4199.231,4164.872,4236.026,4215.128,разжать руку
11,4227.308,4261.282,4213.077,4217.564,4201.923,4218.462,4212.308,4209.744,4207.821,4195.385,4199.359,4170.897,4234.487,4222.051,разжать руку
11,4257.692,4292.949,4237.308,4235.897,4217.179,4207.051,4176.923,4209.744,4217.692,4227.821,4221.026,4186.026,4262.692,4238.462,разжать руку
11,4273.205,4298.462,4252.564,4238.59,4216.026,4204.231,4189.103,4210.385,4210.769,4230.385,4226.667,4187.051,4272.308,4236.667,разжать руку
11,4262.436,4285.0,4247.436,4231.667,4207.949,4203.846,4206.923,4198.59,4197.179,4200.769,4214.103,4181.923,4257.949,4230.769,разжать руку
11,4261.667,4291.154,4253.59,4236.667,4216.795,4197.949,4192.692,4203.077,4208.077,4209.359,4218.718,4183.333,4260.256,4230.128,разжать руку
11,4261.667,4286.538,4253.077,4235.385,4216.923,4208.59,4195.769,4213.077,4214.744,4225.385,4222.436,4185.641,4264.103,4224.359,разжать руку
11,4250.897,4268.718,4238.718,4226.667,4209.744,4222.436,4208.333,4208.718,4208.846,4218.333,4215.256,4179.872,4252.564,4217.051,разжать руку
11,4250.385,4271.026,4239.359,4227.949,4213.718,4216.41,4198.718,4211.923,4218.205,4224.231,4219.359,4175.641,4250.769,4220.0,разжать руку
11,4250.641,4270.769,4244.872,4231.667,4213.333,4213.205,4200.256,4216.923,4223.846,4232.308,4219.487,4179.103,4255.128,4227.051,разжать руку
11,4242.436,4258.462,4238.205,4227.051,4211.41,4220.128,4206.41,4203.205,4211.795,4225.0,4209.615,4176.41,4251.41,4223.205,разжать руку
11,4235.0,4248.077,4228.077,4220.256,4215.513,4225.513,4208.974,4204.744,4212.179,4216.154,4205.897,4172.564,4243.333,4216.41,разжать руку
11,4223.462,4234.872,4220.128,4214.231,4218.077,4232.179,4226.41,4222.821,4222.949,4210.513,4202.051,4171.154,4232.821,4212.692,разжать руку
11,4217.692,4230.641,4215.641,4215.128,4216.41,4226.026,4208.59,4210.385,4218.718,4214.487,4199.359,4170.769,4233.077,4212.564,разжать руку
11,4230.128,4246.41,4222.949,4228.205,4216.026,4207.949,4160.641,4186.026,4210.256,4229.872,4210.0,4179.615,4251.282,4222.564,разжать руку
11,4234.487,4253.077,4231.026,4228.333,4209.487,4212.308,4179.615,4190.385,4208.077,4227.821,4215.385,4181.41,4256.41,4221.282,разжать руку
11,4220.641,4233.077,4219.615,4211.282,4193.846,4227.564,4237.051,4209.359,4207.821,4204.103,4204.744,4170.256,4236.154,4206.667,разжать руку
11,4217.949,4224.872,4210.385,4212.821,4198.59,4220.385,4224.487,4214.744,4211.282,4206.795,4203.462,4168.59,4232.949,4206.41,разжать руку
11,4227.179,4238.846,4217.436,4228.846,4214.359,4205.769,4178.462,4209.744,4216.026,4234.872,4214.103,4176.41,4251.154,4216.538,разжать руку
11,4225.897,4243.077,4221.923,4228.205,4212.308,4209.615,4194.487,4209.872,4218.59,4234.487,4215.641,4177.949,4250.256,4218.205,разжать руку
11,4218.846,4233.333,4217.179,4219.359,4204.103,4220.385,4227.308,4212.308,4216.026,4211.282,4207.051,4168.718,4234.103,4209.359,разжать руку
11,4220.128,4232.564,4214.359,4224.359,4206.795,4218.077,4199.103,4211.154,4213.462,4212.564,4206.282,4170.256,4233.718,4208.077,разжать руку
11,4219.872,4239.744,4211.154,4228.59,4207.051,4220.0,4185.769,4216.538,4217.821,4226.41,4209.615,4173.846,4241.538,4212.051,разжать руку
11,4205.641,4228.333,4194.487,4214.744,4196.282,4226.538,4222.564,4228.846,4223.974,4220.513,4203.205,4164.487,4237.051,4206.538,разжать руку
11,4196.538,4220.256,4184.231,4207.821,4197.051,4221.154,4221.41,4230.513,4228.077,4221.923,4203.205,4167.692,4236.41,4206.41,разжать руку
11,4203.59,4232.179,4192.692,4219.359,4208.462,4211.923,4190.641,4211.795,4218.974,4237.308,4212.308,4172.692,4242.564,4212.436,разжать руку
12,4159.615,4216.667,4130.513,4272.692,4184.872,4403.846,4254.231,4223.718,4222.821,4253.974,4256.667,4179.744,4168.846,4223.077,разжать руку
12,4159.359,4213.59,4129.615,4270.769,4186.923,4407.179,4261.795,4222.436,4225.897,4253.846,4262.564,4181.154,4167.564,4222.308,разжать руку
12,4161.41,4210.385,4134.103,4273.846,4182.051,4404.744,4255.128,4221.538,4224.615,4252.949,4266.538,4182.179,4172.308,4219.615,разжать руку
12,4165.128,4211.41,4142.308,4278.718,4172.692,4397.564,4238.718,4225.256,4221.282,4250.513,4263.462,4179.487,4175.0,4221.538,разжать руку
12,4164.103,4216.026,4145.385,4278.846,4175.513,4397.564,4247.179,4222.308,4217.949,4238.974,4257.692,4178.718,4166.282,4220.769,разжать руку
12,4166.026,4223.846,4147.692,4278.462,4187.949,4400.769,4257.051,4219.487,4218.462,4238.333,4258.462,4182.436,4165.385,4219.359,разжать руку
12,4168.846,4224.744,4151.026,4279.103,4187.821,4397.692,4245.128,4224.231,4218.974,4250.513,4266.282,4187.436,4174.615,4224.359,разжать руку
12,4161.41,4214.872,4149.744,4273.846,4180.641,4397.051,4251.41,4225.256,4217.949,4247.436,4266.538,4179.744,4171.282,4218.718,разжать руку
12,4156.154,4210.256,4147.949,4270.256,4180.897,4398.077,4262.179,4225.513,4219.744,4237.179,4257.436,4175.769,4161.923,4213.462,разжать руку
12,4160.256,4216.538,4151.41,4274.615,4184.615,4395.0,4249.231,4226.41,4218.718,4238.205,4252.179,4181.41,4163.846,4220.128,разжать руку
12,4162.179,4222.179,4152.436,4275.769,4186.923,4391.41,4242.821,4221.923,4216.154,4240.513,4255.769,4179.872,4166.667,4220.897,разжать руку
12,4156.026,4218.462,4147.436,4273.205,4182.179,4396.41,4263.077,4218.974,4214.744,4237.692,4257.179,4179.615,4162.821,4217.308,разжать руку
12,4152.564,4211.795,4148.077,4270.769,4172.821,4397.949,4272.949,4221.538,4213.462,4236.795,4254.615,4182.051,4163.846,4218.205,разжать руку
12,4156.282,4210.385,4150.128,4267.949,4174.872,4388.846,4253.718,4223.846,4212.564,4238.077,4255.641,4181.154,4168.846,4218.974,разжать руку
12,4158.59,4213.205,4147.051,4267.179,4186.538,4388.718,4252.051,4230.128,4218.077,4241.923,4254.103,4182.308,4169.359,4217.051,разжать руку
12,4158.718,4220.128,4148.462,4268.59,4191.026,4390.0,4262.436,4232.821,4226.667,4250.0,4255.641,4185.385,4171.026,4215.641,разжать руку
12,4156.282,4222.308,4151.538,4266.282,4188.718,4385.769,4256.282,4222.949,4225.385,4249.359,4262.564,4186.41,4175.513,4218.974,разжать руку
12,4151.41,4215.513,4148.59,4262.308,4188.333,4386.026,4253.462,4219.487,4219.872,4242.821,4263.205,4183.718,4173.077,4218.846,разжать руку
12,4151.154,4208.974,4147.051,4261.667,4184.359,4383.333,4257.564,4224.872,4224.103,4242.564,4261.667,4186.923,4170.769,4218.974,разжать руку
12,4160.897,4217.179,4156.667,4266.923,4186.282,4378.846,4251.41,4226.026,4230.0,4253.333,4272.436,4196.282,4182.564,4227.564,разжать руку
12,4164.872,4220.513,4162.436,4267.436,4192.949,4382.821,4250.769,4221.282,4223.462,4256.795,4277.949,4192.308,4187.949,4224.872,разжать руку
12,4156.795,4206.154,4153.974,4258.59,4183.59,4383.077,4261.026,4216.538,4215.128,4237.436,4268.974,4182.821,4174.103,4216.667,разжать руку
12,4158.205,4206.282,4153.846,4258.846,4176.667,4377.564,4256.026,4217.692,4218.205,4231.026,4271.026,4183.077,4172.692,4221.154,разжать руку
12,4165.128,4216.667,4162.308,4263.077,4185.256,4379.872,4248.59,4219.103,4221.026,4242.564,4278.846,4186.026,4182.436,4225.513,разжать руку
12,4162.692,4212.692,4160.641,4258.846,4188.59,4383.846,4255.641,4218.59,4220.128,4239.231,4276.026,4186.923,4179.487,4223.974,разжать руку
12,4155.0,4203.974,4153.077,4250.0,4178.59,4378.462,4262.436,4216.795,4221.154,4227.692,4271.282,4179.744,4171.41,4218.333,разжать руку
12,4152.692,4203.333,4151.154,4246.923,4171.026,4364.359,4247.179,4214.872,4222.179,4229.359,4270.641,4178.077,4173.974,4217.436,разжать руку
12,4160.256,4210.513,4160.256,4253.462,4179.487,4361.923,4224.872,4216.923,4223.333,4242.692,4277.821,4188.59,4184.359,4223.462,разжать руку
12,4164.487,4212.692,4169.615,4254.615,4186.538,4369.359,4233.718,4216.41,4219.359,4245.385,4282.564,4188.846,4185.897,4223.333,разжать руку
12,4159.487,4207.949,4166.538,4249.103,4182.179,4365.769,4247.436,4213.077,4215.256,4236.667,4278.333,4183.077,4181.538,4218.974,разжать руку
12,4162.436,4206.41,4163.846,4249.487,4182.179,4360.385,4237.308,4215.641,4221.154,4238.846,4277.179,4180.128,4183.846,4218.718,разжать руку
12,4173.077,4206.667,4171.795,4251.923,4181.154,4362.821,4228.077,4220.897,4226.154,4245.769,4277.564,4180.513,4187.051,4223.077,разжать руку
12,4172.949,4206.282,4175.385,4250.641,4175.641,4364.103,4235.897,4218.974,4220.128,4238.462,4270.769,4179.744,4183.59,4223.718,разжать руку
12,4168.718,4206.923,4167.949,4247.051,4178.333,4358.59,4233.333,4211.923,4213.205,4228.718,4266.41,4175.897,4180.513,4218.718,разжать руку
12,4170.641,4205.256,4165.128,4245.641,4185.641,4353.846,4219.487,4212.949,4218.718,4231.923,4271.667,4178.846,4184.744,4221.41,разжать руку
12,4171.923,4202.308,4169.487,4244.487,4187.051,4352.051,4222.564,4215.641,4222.821,4239.103,4274.231,4180.769,4189.231,4223.718,разжать руку
12,4170.769,4199.231,4165.897,4240.641,4183.974,4351.282,4238.462,4212.821,4216.538,4231.923,4268.59,4179.487,4183.974,4218.462,разжать руку
12,4166.923,4195.128,4156.667,4238.718,4181.538,4355.769,4246.795,4212.308,4213.974,4218.077,4258.333,4178.718,4175.0,4215.641,разжать руку
12,4161.026,4193.846,4156.282,4240.128,4179.615,4354.744,4235.769,4212.821,4216.41,4214.103,4253.59,4177.051,4179.872,4216.41,разжать руку
12,4164.103,4196.667,4163.59,4243.462,4182.436,4344.487,4222.436,4215.128,4218.333,4223.462,4262.436,4183.59,4194.615,4222.692,разжать руку
12,4174.615,4200.128,4171.282,4248.077,4188.205,4343.205,4226.667,4218.333,4221.154,4237.564,4270.256,4187.564,4199.231,4225.256,разжать руку
12,4176.795,4201.41,4174.872,4250.769,4188.718,4348.462,4232.308,4219.359,4223.462,4238.718,4264.231,4180.897,4190.897,4219.487,разжать руку
12,4174.359,4205.385,4177.692,4252.051,4189.615,4345.641,4231.923,4218.205,4222.821,4228.718,4255.641,4179.744,4185.513,4219.359,разжать руку
12,4176.538,4206.667,4180.641,4248.974,4192.949,4340.128,4232.308,4214.615,4218.846,4227.564,4256.795,4182.564,4191.41,4221.41,разжать руку
12,4182.051,4202.949,4180.385,4246.282,4193.974,4344.487,4238.333,4214.487,4216.923,4233.718,4262.051,4184.872,4197.821,4225.513,разжать руку
12,4183.205,4207.949,4182.821,4249.615,4194.103,4349.359,4247.949,4216.795,4217.692,4229.872,4261.282,4183.333,4197.692,4226.154,разжать руку
12,4184.103,4214.872,4184.872,4249.615,4186.667,4336.667,4242.308,4214.231,4217.821,4217.051,4258.974,4179.872,4195.769,4221.538,разжать руку
12,4201.538,4225.385,4191.41,4252.051,4179.872,4324.103,4222.308,4212.051,4215.513,4210.769,4259.744,4186.41,4202.308,4227.821,разжать руку
12,4219.231,4244.744,4203.077,4258.974,4189.487,4326.923,4219.359,4210.897,4210.128,4212.821,4262.179,4189.231,4213.077,4232.564,разжать руку
12,4218.205,4250.0,4200.128,4257.051,4193.59,4325.0,4223.462,4203.59,4205.897,4210.128,4262.051,4184.231,4215.513,4232.564,разжать руку
12,4219.103,4242.821,4194.487,4253.846,4185.769,4318.846,4218.974,4202.564,4208.205,4210.513,4261.026,4181.538,4216.41,4234.744,разжать руку
12,4231.795,4250.385,4205.0,4261.41,4185.256,4322.051,4215.897,4210.128,4214.103,4217.821,4263.205,4184.872,4227.051,4237.051,разжать руку
12,4237.692,4259.359,4217.821,4267.436,4187.051,4327.821,4218.718,4213.718,4217.051,4215.0,4263.59,4191.154,4236.795,4238.462,разжать руку
12,4231.154,4254.359,4215.128,4262.692,4191.282,4330.897,4217.436,4210.0,4214.487,4210.128,4258.205,4186.923,4236.41,4231.282,разжать руку
12,4227.821,4251.41,4207.308,4260.385,4202.308,4328.077,4206.795,4206.41,4211.923,4212.179,4256.923,4184.615,4238.974,4228.462,разжать руку
12,4226.538,4251.41,4207.179,4264.103,4205.513,4319.615,4205.513,4205.256,4211.026,4213.205,4261.026,4187.179,4247.564,4230.513,разжать руку
12,4217.436,4243.718,4206.667,4261.026,4198.333,4316.538,4213.333,4204.615,4212.179,4209.103,4257.821,4182.564,4246.538,4223.59,разжать руку
12,4207.179,4236.154,4197.564,4254.487,4199.103,4321.282,4219.359,4207.179,4216.282,4204.231,4249.744,4178.333,4242.051,4218.205,разжать руку
12,4200.897,4232.308,4191.154,4255.0,4208.205,4322.949,4224.744,4211.41,4216.795,4207.308,4245.385,4176.538,4245.897,4219.231,разжать руку
12,4195.641,4225.769,4190.0,4253.59,4211.026,4320.385,4229.615,4210.513,4212.821,4211.154,4244.872,4178.333,4248.974,4218.462,разжать руку
12,4192.308,4222.179,4190.513,4247.564,4207.692,4325.897,4238.462,4217.564,4220.256,4211.538,4247.436,4182.949,4245.641,4214.872,разжать руку
12,4191.795,4224.231,4195.769,4248.718,4205.128,4330.513,4235.897,4227.564,4234.615,4216.282,4250.641,4183.718,4249.359,4215.385,разжать руку
12,4189.487,4217.949,4195.0,4250.769,4206.795,4327.564,4223.462,4218.718,4229.103,4220.513,4247.821,4186.41,4260.128,4218.718,разжать руку
12,4182.692,4203.333,4187.051,4242.821,4207.436,4328.333,4228.333,4206.154,4210.256,4214.231,4241.667,4185.641,4259.231,4210.513,разжать руку
12,4175.769,4196.026,4184.359,4234.103,4203.846,4325.385,4241.282,4212.821,4208.718,4206.795,4239.615,4179.359,4251.667,4206.41,разжать руку
12,4175.897,4201.667,4191.154,4238.718,4206.026,4315.513,4234.615,4221.154,4217.949,4212.692,4241.667,4179.103,4256.795,4217.436,разжать руку
12,4185.128,4208.462,4197.564,4245.513,4210.897,4314.744,4227.308,4213.077,4217.564,4222.692,4246.026,4179.359,4269.744,4218.462,разжать руку
12,4195.0,4214.231,4201.026,4248.718,4210.513,4320.0,4238.974,4211.026,4217.692,4226.795,4253.205,4185.513,4278.846,4217.051,разжать руку
12,4198.846,4222.436,4207.436,4248.077,4211.795,4319.744,4245.0,4222.051,4223.974,4228.846,4254.487,4193.974,4282.564,4222.179,разжать руку
12,4191.282,4213.718,4205.769,4239.231,4210.128,4315.0,4240.513,4224.744,4223.077,4223.846,4245.385,4186.667,4277.949,4219.487,разжать руку
12,4181.026,4201.667,4200.513,4239.744,4206.282,4314.872,4243.205,4219.231,4216.795,4216.41,4240.256,4180.0,4276.282,4217.949,разжать руку
12,4181.41,4208.59,4198.974,4245.897,4208.205,4316.026,4246.026,4215.256,4217.051,4218.205,4241.923,4179.487,4281.667,4215.256,разжать руку
12,4179.927,4206.245,4198.04,4244.689,4207.985,4313.993,4243.315,4214.451,4216.63,4217.601,4240.952,4179.652,4283.407,4214.982,разжать руку
12,4178.443,4203.901,4197.106,4243.48,4207.766,4311.96,4240.604,4213.645,4216.209,4216.996,4239.982,4179.817,4285.147,4214.707,разжать руку
12,4176.96,4201.557,4196.172,4242.271,4207.546,4309.927,4237.894,4212.839,4215.788,4216.392,4239.011,4179.982,4286.886,4214.432,разжать руку
12,4175.476,4199.212,4195.238,4241.062,4207.326,4307.894,4235.183,4212.033,4215.366,4215.788,4238.04,4180.147,4288.626,4214.158,разжать руку
12,4173.993,4196.868,4194.304,4239.853,4207.106,4305.861,4232.473,4211.227,4214.945,4215.183,4237.07,4180.311,4290.366,4213.883,разжать руку
12,4172.509,4194.524,4193.37,4238.645,4206.886,4303.828,4229.762,4210.421,4214.524,4214.579,4236.099,4180.476,4292.106,4213.608,разжать руку
12,4171.026,4192.179,4192.436,4237.436,4206.667,4301.795,4227.051,4209.615,4214.103,4213.974,4235.128,4180.641,4293.846,4213.333,разжать руку
12,4171.154,4187.692,4189.103,4236.282,4195.385,4307.821,4237.692,4211.923,4214.615,4209.487,4228.59,4179.103,4290.0,4212.949,разжать руку
12,4168.205,4182.179,4187.179,4235.0,4198.846,4303.718,4228.59,4206.667,4212.949,4203.333,4228.333,4177.949,4289.744,4215.128,разжать руку
12,4171.026,4184.103,4188.205,4233.59,4207.564,4293.974,4220.128,4211.026,4216.026,4205.897,4237.051,4177.308,4299.744,4213.333,разжать руку
12,4175.769,4189.744,4188.846,4231.667,4207.821,4296.282,4224.615,4213.846,4217.692,4212.692,4239.615,4179.359,4304.744,4213.974,разжать руку
12,4169.487,4187.949,4186.795,4230.641,4203.974,4302.692,4237.821,4205.769,4215.128,4211.154,4236.41,4181.154,4299.103,4219.231,разжать руку
12,4165.256,4178.205,4186.154,4229.615,4201.538,4296.923,4245.641,4206.154,4220.256,4207.692,4235.385,4180.513,4296.538,4217.179,разжать руку
12,4178.462,4176.282,4192.692,4230.385,4204.615,4290.769,4231.923,4218.077,4232.949,4218.974,4240.0,4186.923,4306.154,4220.128,разжать руку
12,4188.077,4185.897,4201.026,4234.872,4215.0,4306.41,4232.821,4218.846,4227.179,4231.923,4244.744,4187.692,4313.205,4220.256,разжать руку
12,4180.256,4185.128,4196.667,4236.667,4209.615,4322.051,4260.385,4215.0,4217.564,4221.154,4235.641,4181.667,4303.846,4211.795,разжать руку
12,4174.103,4186.154,4186.667,4242.436,4202.564,4312.564,4254.103,4218.974,4224.359,4208.718,4224.487,4183.333,4293.205,4213.462,разжать руку
12,4180.641,4207.051,4190.641,4253.462,4217.564,4298.846,4208.333,4211.923,4221.41,4217.308,4229.359,4183.718,4298.846,4218.077,разжать руку
12,4190.256,4223.462,4200.513,4256.41,4230.0,4296.282,4200.897,4205.128,4211.154,4220.897,4234.615,4183.077,4304.744,4216.538,разжать руку
12,4188.718,4216.154,4200.897,4254.872,4225.513,4299.359,4240.385,4213.718,4212.564,4212.179,4229.615,4180.769,4296.154,4212.436,разжать руку
12,4178.59,4201.154,4192.179,4251.41,4215.641,4299.359,4249.744,4209.872,4208.205,4204.231,4223.846,4176.026,4289.103,4208.333,разжать руку
12,4176.026,4202.051,4188.462,4248.59,4212.564,4297.436,4226.026,4207.051,4206.154,4204.359,4226.026,4180.256,4298.205,4210.641,разжать руку
12,4178.718,4203.205,4192.564,4247.308,4213.846,4300.513,4228.205,4219.231,4215.128,4207.692,4224.615,4179.103,4301.026,4211.667,разжать руку
12,4178.333,4193.846,4193.59,4245.256,4211.41,4301.282,4238.205,4214.359,4210.256,4199.359,4219.487,4174.744,4293.077,4210.897,разжать руку
12,4185.641,4197.436,4202.051,4247.179,4202.949,4294.615,4228.846,4207.179,4209.231,4196.667,4223.846,4179.487,4298.846,4215.256,разжать руку
12,4190.769,4205.256,4210.385,4247.949,4194.103,4287.436,4229.103,4213.333,4219.744,4202.051,4227.564,4179.615,4304.487,4213.974,разжать руку
12,4181.667,4200.641,4203.462,4246.667,4198.462,4288.462,4237.821,4209.615,4214.615,4198.462,4224.872,4178.718,4298.59,4213.077,разжать руку
12,4177.949,4201.026,4198.462,4245.128,4209.872,4290.513,4224.872,4199.744,4203.974,4199.103,4225.641,4181.923,4299.359,4213.077,разжать руку
13,4167.821,4194.872,4194.359,4239.487,4201.923,4286.667,4226.154,4207.564,4206.154,4193.846,4219.231,4171.282,4299.615,4205.897,сжать руку
13,4167.564,4192.051,4190.513,4241.41,4204.359,4290.769,4231.41,4205.769,4208.974,4191.282,4216.923,4170.769,4297.692,4208.462,сжать руку
13,4174.359,4193.462,4190.513,4245.256,4207.564,4293.205,4229.231,4206.282,4210.641,4199.487,4222.179,4179.744,4305.513,4212.308,сжать руку
13,4175.256,4197.821,4192.949,4247.564,4210.256,4291.026,4231.795,4211.154,4213.462,4206.795,4226.538,4178.846,4309.872,4211.41,сжать руку
13,4174.231,4201.923,4197.821,4248.846,4211.538,4287.308,4226.282,4213.077,4217.821,4210.128,4228.333,4175.128,4304.103,4209.103,сжать руку
13,4175.385,4196.41,4198.077,4246.41,4207.179,4289.231,4226.282,4210.385,4217.436,4205.897,4223.205,4178.59,4296.923,4207.436,сжать руку
13,4173.974,4188.974,4192.949,4240.897,4202.436,4292.051,4239.487,4213.718,4213.974,4197.949,4218.974,4176.026,4297.821,4203.974,сжать руку
13,4176.538,4192.821,4197.051,4242.179,4196.923,4285.897,4236.026,4218.077,4213.205,4202.564,4223.846,4178.846,4305.897,4210.385,сжать руку
13,4185.256,4202.179,4205.641,4248.205,4197.179,4277.692,4216.795,4210.641,4211.538,4214.487,4230.769,4184.615,4313.718,4215.897,сжать руку
13,4186.538,4204.231,4201.154,4247.179,4202.949,4276.795,4209.872,4205.769,4207.564,4211.923,4230.513,4180.513,4313.077,4211.795,сжать руку
13,4182.692,4207.436,4197.436,4244.744,4206.667,4282.821,4211.154,4212.051,4205.513,4203.974,4226.41,4176.795,4305.769,4211.923,сжать руку
13,4177.692,4207.692,4197.308,4241.795,4201.538,4287.564,4217.436,4213.846,4207.564,4201.282,4220.513,4174.231,4300.0,4209.359,сжать руку
13,4169.359,4199.744,4186.282,4233.974,4191.538,4285.641,4230.256,4211.026,4211.026,4191.667,4211.154,4172.821,4293.59,4204.744,сжать руку
13,4172.051,4209.872,4180.641,4236.538,4199.744,4286.41,4221.667,4208.59,4207.051,4188.718,4213.462,4173.205,4297.564,4204.487,сжать руку
13,4183.59,4229.103,4185.256,4242.051,4212.821,4289.103,4206.923,4205.385,4202.179,4197.308,4225.385,4176.538,4312.436,4206.538,сжать руку
13,4185.769,4230.0,4189.872,4237.308,4212.308,4289.744,4217.308,4212.949,4212.821,4202.308,4227.949,4183.846,4321.667,4212.564,сжать руку
13,4184.103,4221.154,4194.231,4234.615,4210.256,4289.744,4225.128,4218.333,4223.205,4206.026,4222.179,4178.333,4319.872,4209.744,сжать руку
13,4183.974,4216.538,4194.487,4235.385,4200.385,4286.41,4211.538,4208.205,4219.231,4205.641,4222.051,4171.667,4314.615,4204.744,сжать руку
13,4179.103,4218.205,4190.769,4234.615,4186.795,4282.308,4201.282,4200.513,4214.872,4201.667,4221.795,4176.41,4312.179,4205.128,сжать руку
13,4172.051,4218.718,4185.513,4229.744,4189.359,4281.282,4203.846,4203.846,4214.744,4199.103,4215.897,4177.564,4311.41,4202.051,сжать руку
13,4174.103,4215.128,4186.154,4228.59,4198.077,4282.564,4220.769,4209.615,4213.718,4198.718,4220.256,4179.615,4313.333,4202.821,сжать руку
13,4180.385,4219.359,4197.436,4232.692,4196.795,4278.846,4233.718,4211.923,4213.205,4199.487,4230.128,4183.462,4315.769,4207.308,сжать руку
13,4188.718,4231.538,4206.282,4235.385,4195.256,4272.308,4216.026,4209.359,4212.692,4200.641,4235.385,4187.051,4321.154,4210.128,сжать руку
13,4196.154,4237.821,4206.667,4237.692,4199.359,4275.385,4206.795,4206.667,4212.436,4203.077,4234.487,4190.256,4326.026,4209.872,сжать руку
13,4194.487,4238.077,4208.59,4238.077,4201.538,4277.692,4222.179,4205.769,4212.949,4202.564,4230.641,4188.462,4321.923,4209.231,сжать руку
13,4195.513,4240.897,4212.564,4237.821,4200.256,4274.615,4223.974,4209.103,4215.641,4200.897,4234.615,4186.795,4322.564,4209.615,сжать руку
13,4198.205,4241.41,4211.026,4234.615,4197.051,4281.154,4224.744,4212.821,4217.436,4205.385,4235.513,4181.538,4327.564,4204.103,сжать руку
13,4192.308,4236.41,4204.103,4229.487,4195.128,4283.205,4226.282,4208.59,4215.897,4209.103,4228.333,4176.538,4322.692,4201.667,сжать руку
13,4190.385,4239.231,4203.59,4233.462,4201.026,4272.821,4211.923,4208.718,4219.487,4212.436,4230.0,4179.872,4321.795,4208.718,сжать руку
13,4198.59,4246.41,4211.923,4237.692,4205.769,4268.846,4204.231,4212.692,4222.949,4219.615,4238.974,4180.513,4332.949,4212.179,сжать руку
13,4200.256,4241.923,4215.0,4230.128,4202.179,4271.667,4211.538,4208.462,4216.667,4217.436,4238.974,4180.769,4337.308,4213.718,сжать руку
13,4199.615,4239.359,4215.256,4227.436,4200.256,4270.641,4210.128,4208.59,4214.103,4215.641,4235.0,4183.462,4334.872,4213.846,сжать руку
13,4205.385,4247.564,4218.59,4235.256,4203.077,4269.359,4204.103,4214.487,4220.0,4219.615,4233.974,4184.615,4335.256,4211.538,сжать руку
13,4204.103,4251.154,4220.769,4237.821,4202.308,4275.897,4212.692,4212.179,4218.846,4213.718,4231.538,4185.641,4329.103,4211.923,сжать руку
13,4197.564,4245.128,4221.923,4233.205,4192.564,4278.462,4221.026,4209.872,4214.615,4205.897,4231.026,4183.077,4322.564,4208.974,сжать руку
13,4202.179,4245.897,4223.846,4232.692,4186.795,4271.282,4215.385,4209.231,4213.718,4205.897,4230.128,4183.077,4329.615,4210.128,сжать руку
13,4210.128,4252.564,4227.179,4236.41,4196.41,4264.744,4205.513,4202.051,4208.205,4205.513,4226.538,4184.615,4330.897,4214.103,сжать руку
13,4208.077,4246.282,4225.513,4235.385,4202.308,4261.538,4196.154,4201.667,4208.077,4203.974,4225.769,4182.821,4322.564,4210.769,сжать руку
13,4204.231,4233.718,4218.59,4233.718,4194.359,4264.615,4198.846,4207.821,4212.564,4206.923,4231.026,4183.718,4328.718,4211.282,сжать руку
13,4204.872,4230.769,4218.846,4231.282,4190.897,4265.897,4207.179,4208.846,4215.769,4215.769,4237.179,4182.949,4343.846,4213.718,сжать руку
13,4207.564,4231.667,4227.308,4228.846,4194.103,4260.256,4199.744,4218.077,4226.282,4228.333,4240.0,4184.615,4353.333,4214.744,сжать руку
13,4209.872,4230.641,4230.513,4232.051,4195.128,4266.026,4198.718,4229.615,4233.718,4237.949,4242.821,4188.974,4356.795,4215.128,сжать руку
13,4207.436,4226.282,4224.872,4230.128,4194.103,4272.179,4212.821,4213.718,4219.744,4231.282,4241.282,4188.846,4353.974,4213.718,сжать руку
13,4205.128,4227.436,4220.385,4226.923,4194.231,4261.795,4211.538,4193.462,4204.103,4218.846,4235.256,4187.949,4350.513,4216.41,сжать руку
13,4206.026,4238.846,4220.0,4233.333,4200.256,4259.744,4200.128,4201.41,4211.026,4219.872,4233.205,4183.462,4351.282,4217.051,сжать руку
13,4212.179,4248.462,4223.718,4240.897,4205.513,4268.205,4198.846,4221.667,4228.718,4231.282,4237.179,4183.59,4353.846,4217.692,сжать руку
13,4211.923,4242.949,4227.179,4235.769,4202.821,4271.282,4212.821,4224.231,4227.821,4232.179,4236.282,4188.205,4353.462,4216.538,сжать руку
13,4205.641,4238.205,4226.538,4228.974,4200.256,4266.154,4217.564,4209.359,4215.513,4225.513,4235.0,4187.436,4351.667,4213.333,сжать руку
13,4209.615,4246.795,4228.59,4234.359,4201.282,4261.795,4198.59,4206.282,4216.923,4230.769,4240.769,4189.744,4353.59,4218.846,сжать руку
13,4215.769,4246.154,4228.333,4233.846,4201.282,4265.256,4197.179,4212.179,4219.872,4233.718,4236.795,4182.564,4353.077,4215.256,сжать руку
13,4209.359,4231.923,4216.667,4221.41,4198.974,4266.538,4217.179,4210.897,4216.154,4215.513,4223.077,4169.359,4342.436,4202.949,сжать руку
13,4208.077,4235.641,4215.385,4221.795,4204.615,4259.872,4212.949,4212.436,4222.564,4208.462,4221.795,4175.256,4337.564,4211.026,сжать руку
13,4217.436,4249.359,4226.026,4228.846,4210.256,4251.538,4194.615,4215.513,4227.564,4222.051,4228.333,4182.949,4345.385,4219.487,сжать руку
13,4217.564,4239.872,4223.59,4219.487,4203.462,4251.795,4203.846,4214.744,4221.538,4219.744,4225.256,4179.231,4346.026,4212.179,сжать руку
13,4209.744,4223.846,4218.333,4208.333,4200.385,4257.949,4224.615,4215.897,4221.667,4210.641,4224.103,4176.538,4340.385,4207.821,сжать руку
13,4207.692,4223.205,4221.538,4211.026,4201.795,4256.026,4216.154,4213.205,4222.051,4213.718,4227.308,4179.744,4337.179,4210.128,сжать руку
13,4216.282,4230.128,4228.462,4218.077,4204.359,4251.538,4193.462,4207.308,4219.103,4217.051,4224.744,4183.974,4339.615,4214.231,сжать руку
13,4225.769,4236.282,4235.128,4221.026,4213.846,4254.359,4186.667,4210.385,4223.974,4220.897,4226.923,4185.256,4349.231,4216.923,сжать руку
13,4224.487,4235.385,4234.103,4219.103,4216.154,4255.128,4193.205,4214.487,4225.897,4224.231,4233.077,4188.077,4352.436,4221.026,сжать руку
13,4223.333,4228.205,4230.897,4215.128,4207.051,4252.436,4205.0,4210.256,4219.359,4220.128,4230.385,4187.436,4346.282,4219.103,сжать руку
13,4230.128,4221.667,4232.821,4213.718,4199.487,4251.538,4208.59,4202.179,4214.231,4212.436,4224.744,4185.128,4343.205,4214.359,сжать руку
13,4234.359,4221.923,4235.769,4217.436,4201.41,4252.436,4207.949,4202.692,4214.744,4210.513,4226.026,4188.333,4346.026,4218.077,сжать руку
13,4229.231,4223.333,4234.359,4217.821,4202.308,4251.41,4209.231,4208.462,4218.077,4212.692,4227.564,4184.744,4344.359,4214.231,сжать руку
13,4223.974,4218.974,4230.0,4215.769,4203.59,4244.231,4200.256,4205.128,4218.205,4212.564,4227.564,4183.205,4339.487,4210.0,сжать руку
13,4226.41,4217.821,4229.487,4219.615,4209.103,4243.205,4195.769,4202.179,4217.436,4216.41,4230.0,4188.077,4342.179,4214.615,сжать руку
13,4229.231,4217.436,4230.641,4218.077,4205.0,4249.231,4206.923,4207.051,4217.179,4221.41,4228.718,4188.59,4346.026,4215.769,сжать руку
13,4226.795,4209.231,4228.974,4212.692,4200.128,4248.462,4213.59,4213.077,4219.487,4220.513,4226.282,4189.744,4346.282,4215.513,сжать руку
13,4229.487,4202.051,4231.667,4213.205,4207.179,4245.769,4213.333,4212.821,4221.795,4222.564,4230.128,4190.641,4348.333,4216.667,сжать руку
13,4239.359,4201.154,4237.308,4214.359,4212.436,4245.769,4211.41,4215.769,4221.795,4229.103,4236.41,4192.308,4354.744,4218.974,сжать руку
13,4241.538,4198.333,4237.436,4211.282,4208.59,4248.077,4217.692,4229.487,4226.538,4235.897,4236.282,4193.077,4356.41,4220.128,сжать руку
13,4233.59,4186.538,4232.949,4203.59,4201.795,4251.923,4233.974,4225.0,4224.487,4236.41,4229.487,4186.667,4346.795,4215.513,сжать руку
13,4231.154,4181.282,4236.41,4205.128,4195.641,4252.436,4235.0,4207.436,4215.385,4226.923,4225.256,4187.308,4340.385,4216.282,сжать руку
13,4238.59,4194.615,4247.692,4216.795,4202.949,4246.154,4210.641,4209.103,4214.359,4221.795,4226.154,4191.026,4345.641,4219.487,сжать руку
13,4240.513,4201.923,4245.641,4218.846,4209.615,4239.872,4200.256,4213.462,4217.051,4220.256,4228.077,4188.718,4347.949,4217.821,сжать руку
13,4237.821,4197.436,4237.564,4216.154,4205.256,4242.692,4217.179,4212.308,4217.692,4222.692,4232.564,4187.436,4348.333,4219.615,сжать руку
13,4245.641,4202.051,4246.282,4220.385,4212.564,4243.205,4219.744,4220.128,4219.103,4231.282,4237.821,4188.846,4354.103,4220.897,сжать руку
13,4254.231,4211.795,4255.769,4223.974,4222.179,4240.897,4211.667,4223.205,4221.41,4236.41,4237.051,4195.128,4357.821,4221.923,сжать руку
13,4249.487,4209.744,4251.667,4220.385,4216.795,4243.59,4223.846,4217.436,4222.436,4240.256,4236.026,4195.897,4355.256,4221.795,сжать руку
13,4247.051,4202.436,4248.59,4217.179,4213.718,4239.359,4223.718,4218.077,4224.103,4246.41,4241.41,4191.41,4351.923,4222.436,сжать руку
13,4255.385,4202.436,4253.846,4219.231,4218.59,4232.692,4213.077,4217.051,4223.333,4243.077,4243.718,4196.154,4354.872,4227.949,сжать руку
13,4260.128,4203.077,4257.949,4217.949,4215.256,4235.513,4222.436,4211.667,4220.769,4233.718,4240.256,4200.385,4359.231,4225.769,сжать руку
13,4258.333,4197.949,4258.462,4214.487,4210.769,4240.256,4224.487,4211.667,4219.103,4234.615,4240.0,4200.897,4359.615,4222.949,сжать руку
13,4257.179,4196.795,4258.59,4215.128,4214.487,4234.615,4211.282,4215.385,4221.795,4245.385,4243.718,4198.974,4358.077,4225.0,сжать руку
13,4251.026,4195.256,4254.487,4213.077,4207.051,4229.744,4218.974,4224.359,4230.385,4248.846,4242.308,4195.513,4352.821,4222.564,сжать руку
13,4243.974,4193.333,4254.487,4214.615,4198.462,4236.41,4230.897,4226.41,4223.974,4240.128,4237.949,4198.205,4345.0,4221.41,сжать руку
13,4249.744,4203.077,4262.692,4222.821,4210.897,4238.846,4213.333,4214.872,4215.256,4238.974,4238.846,4197.179,4345.513,4223.205,сжать руку
13,4261.41,4210.769,4263.462,4223.59,4221.667,4235.128,4203.333,4216.923,4225.769,4248.462,4242.436,4195.513,4352.051,4227.436,сжать руку
13,4260.641,4207.051,4256.026,4216.282,4221.026,4244.231,4218.205,4222.308,4225.513,4242.692,4238.205,4194.872,4346.282,4224.615,сжать руку
13,4248.59,4198.846,4247.436,4209.487,4218.59,4247.949,4214.487,4205.641,4206.923,4216.41,4225.513,4188.846,4330.0,4214.872,сжать руку
13,4242.308,4190.385,4243.077,4205.641,4209.487,4235.513,4205.769,4202.564,4209.615,4207.564,4220.641,4191.282,4324.487,4219.103,сжать руку
13,4244.872,4191.282,4248.077,4205.385,4200.897,4237.949,4225.0,4219.231,4221.923,4225.128,4225.641,4196.538,4334.231,4225.769,сжать руку
13,4246.667,4193.846,4253.462,4208.077,4206.026,4243.333,4237.821,4222.179,4219.103,4231.667,4233.333,4195.385,4342.308,4224.615,сжать руку
13,4247.564,4184.615,4253.333,4210.897,4217.692,4229.359,4220.513,4219.872,4223.718,4231.41,4236.538,4195.256,4341.41,4223.59,сжать руку
13,4251.41,4182.821,4254.359,4214.744,4218.718,4218.077,4202.436,4212.949,4224.359,4235.641,4234.872,4196.026,4339.615,4225.0,сжать руку
13,4258.462,4199.615,4256.538,4220.385,4211.154,4222.564,4201.538,4196.923,4210.385,4231.667,4236.41,4199.103,4342.308,4230.385,сжать руку
13,4256.667,4205.513,4254.615,4218.205,4209.231,4225.128,4204.103,4196.538,4207.564,4226.538,4236.538,4199.615,4344.872,4226.795,сжать руку
13,4244.487,4190.897,4245.256,4207.564,4206.538,4217.051,4203.974,4206.667,4215.769,4225.769,4228.718,4196.282,4338.846,4217.436,сжать руку
13,4239.744,4186.538,4240.641,4206.538,4202.821,4215.385,4210.256,4211.923,4219.872,4224.231,4222.821,4193.59,4332.051,4219.744,сжать руку
13,4240.256,4192.179,4243.462,4211.923,4206.538,4224.744,4215.256,4216.282,4218.974,4226.282,4224.872,4190.385,4334.103,4223.846,сжать руку
13,4236.667,4191.282,4244.359,4210.897,4211.538,4227.308,4213.462,4220.769,4220.641,4227.564,4226.667,4192.564,4336.282,4224.359,сжать руку
14,4239.744,4188.205,4244.615,4211.41,4194.872,4216.282,4229.231,4211.538,4218.718,4224.872,4223.077,4187.564,4324.744,4219.231,разжать руку
14,4231.154,4186.154,4237.692,4210.256,4204.487,4220.513,4223.077,4203.718,4214.231,4218.718,4219.872,4186.282,4320.0,4217.179,разжать руку
14,4226.026,4188.718,4237.051,4211.923,4216.923,4218.59,4206.41,4209.872,4220.769,4216.923,4216.41,4184.615,4321.667,4216.667,разжать руку
14,4222.949,4186.41,4232.692,4209.103,4206.795,4211.923,4201.026,4208.718,4221.282,4212.436,4212.436,4182.692,4318.974,4215.769,разжать руку
14,4217.179,4184.487,4223.974,4204.231,4198.974,4207.692,4201.282,4198.077,4207.051,4201.41,4207.821,4182.692,4312.692,4212.692,разжать руку
14,4223.077,4191.026,4227.821,4208.077,4209.872,4205.385,4192.564,4200.256,4203.846,4199.359,4209.744,4186.667,4314.231,4214.231,разжать руку
14,4237.564,4201.41,4239.872,4218.205,4219.359,4211.026,4188.846,4210.128,4214.744,4210.385,4217.949,4193.333,4322.949,4222.308,разжать руку
14,4239.744,4203.077,4242.179,4216.41,4216.923,4221.41,4206.154,4205.769,4215.385,4216.41,4217.821,4185.256,4321.154,4216.026,разжать руку
14,4236.154,4196.667,4237.308,4207.692,4208.718,4220.0,4213.718,4197.179,4206.667,4208.974,4211.795,4180.385,4314.615,4210.0,разжать руку
14,4241.026,4195.897,4236.282,4206.923,4210.385,4210.641,4198.59,4201.41,4204.872,4209.231,4211.923,4188.846,4320.385,4218.59,разжать руку
14,4239.103,4195.0,4230.641,4205.256,4216.41,4210.0,4199.231,4210.513,4209.359,4212.692,4212.179,4186.026,4320.0,4216.923,разжать руку
14,4231.923,4189.487,4225.128,4201.795,4215.897,4218.205,4211.667,4213.333,4211.154,4207.179,4207.692,4183.205,4309.359,4212.179,разжать руку
14,4232.308,4188.333,4230.128,4204.744,4219.231,4220.0,4201.795,4208.462,4210.0,4210.256,4208.205,4190.513,4312.692,4217.436,разжать руку
14,4229.872,4187.436,4229.744,4207.051,4219.487,4216.667,4197.436,4211.538,4210.256,4221.026,4216.282,4191.154,4323.59,4218.205,разжать руку
14,4223.462,4190.769,4223.974,4205.256,4212.308,4220.641,4215.897,4220.128,4215.897,4222.308,4220.513,4186.282,4319.487,4212.564,разжать руку
14,4226.795,4200.385,4226.795,4207.308,4212.692,4220.641,4211.923,4211.026,4215.385,4215.128,4220.0,4187.179,4310.769,4214.487,разжать руку
14,4232.308,4199.359,4229.615,4210.0,4218.718,4212.051,4190.0,4196.667,4208.846,4207.949,4221.667,4189.615,4311.923,4219.359,разжать руку
14,4225.513,4190.385,4223.333,4204.231,4214.487,4212.308,4198.077,4202.564,4211.795,4206.795,4220.897,4183.462,4310.256,4212.436,разжать руку
14,4219.103,4187.949,4220.513,4198.846,4207.051,4216.538,4214.359,4215.256,4216.41,4209.744,4215.0,4183.205,4305.513,4209.487,разжать руку
14,4227.949,4194.615,4231.667,4206.538,4213.974,4215.897,4213.077,4215.897,4219.487,4216.41,4218.846,4191.538,4309.744,4220.769,разжать руку
14,4235.0,4197.308,4237.564,4210.0,4219.231,4210.513,4210.0,4208.205,4218.846,4214.359,4226.282,4188.974,4311.41,4220.256,разжать руку
14,4224.487,4180.513,4220.897,4194.487,4202.436,4192.051,4197.821,4199.744,4206.795,4196.667,4218.333,4181.282,4300.385,4210.385,разжать руку
14,4210.513,4162.308,4203.718,4182.949,4182.436,4176.923,4181.538,4200.769,4203.333,4186.667,4205.513,4175.769,4290.256,4205.897,разжать руку
14,4207.949,4163.077,4203.974,4183.974,4177.821,4180.897,4177.564,4199.103,4207.179,4184.872,4201.923,4171.667,4286.795,4206.538,разжать руку
14,4209.487,4170.128,4207.436,4186.154,4181.667,4183.59,4175.513,4189.231,4200.256,4181.795,4203.718,4172.436,4285.641,4209.615,разжать руку
14,4208.205,4167.179,4203.846,4184.872,4181.282,4178.205,4176.026,4188.205,4191.923,4179.872,4202.051,4171.667,4283.205,4206.667,разжать руку
14,4207.564,4162.821,4199.359,4183.077,4176.667,4177.821,4181.282,4190.769,4190.513,4172.821,4192.821,4171.923,4277.436,4203.974,разжать руку
14,4208.205,4162.821,4200.641,4183.59,4173.462,4181.538,4190.513,4195.256,4192.179,4166.282,4188.718,4173.59,4274.231,4203.846,разжать руку
14,4207.949,4160.128,4202.564,4184.487,4168.59,4179.103,4190.256,4200.128,4198.333,4171.41,4193.59,4173.59,4275.897,4203.077,разжать руку
14,4209.872,4164.487,4200.897,4185.641,4174.231,4175.513,4173.974,4197.949,4203.333,4180.769,4195.128,4179.872,4280.513,4208.077,разжать руку
14,4216.026,4173.718,4203.846,4187.821,4182.436,4178.462,4169.487,4189.615,4199.103,4185.0,4193.846,4181.667,4282.051,4209.487,разжать руку
14,4219.359,4174.103,4207.949,4191.538,4174.615,4179.615,4181.923,4188.718,4197.692,4183.974,4194.615,4178.333,4278.205,4207.949,разжать руку
14,4217.308,4176.41,4205.769,4195.513,4176.154,4179.744,4186.538,4193.974,4202.564,4185.256,4194.231,4178.846,4278.333,4208.205,разжать руку
14,4218.205,4183.333,4203.462,4196.795,4191.667,4181.795,4177.308,4194.487,4204.744,4190.897,4194.872,4180.513,4283.59,4208.718,разжать руку
14,4223.59,4186.154,4207.949,4200.769,4196.795,4180.385,4178.718,4197.949,4207.308,4191.538,4195.641,4184.103,4283.718,4212.179,разжать руку
14,4226.154,4185.513,4210.641,4203.718,4196.026,4179.231,4188.846,4195.513,4204.359,4183.462,4191.923,4180.128,4277.692,4208.205,разжать руку
14,4224.231,4183.333,4205.769,4200.513,4196.795,4182.051,4191.026,4188.077,4196.795,4175.897,4189.103,4179.231,4274.872,4205.513,разжать руку
14,4227.821,4188.846,4209.103,4205.385,4197.692,4186.026,4195.256,4192.051,4200.641,4186.154,4195.769,4187.564,4279.744,4213.205,разжать руку
14,4232.692,4195.128,4216.538,4210.256,4203.59,4186.795,4201.538,4201.667,4207.821,4201.026,4197.692,4185.897,4281.667,4213.974,разжать руку
14,4230.513,4188.333,4214.359,4206.41,4206.538,4188.974,4197.308,4204.487,4204.872,4196.667,4192.051,4183.59,4276.282,4210.128,разжать руку
14,4231.154,4188.333,4219.103,4208.718,4205.256,4189.872,4183.846,4198.59,4199.744,4191.154,4194.359,4187.051,4280.256,4210.128,разжать руку
14,4239.487,4201.154,4230.0,4214.744,4210.641,4183.462,4182.821,4200.513,4202.179,4198.974,4198.846,4190.128,4288.846,4215.513,разжать руку
14,4241.538,4201.41,4228.846,4213.205,4213.077,4186.795,4197.564,4208.205,4204.231,4203.846,4196.923,4188.974,4287.179,4218.974,разжать руку
14,4235.513,4192.308,4224.231,4207.821,4210.0,4193.59,4201.41,4209.615,4204.103,4201.667,4197.821,4184.744,4285.897,4215.641,разжать руку
14,4235.897,4191.923,4228.846,4209.103,4209.872,4189.231,4208.462,4210.769,4207.179,4201.154,4201.667,4185.128,4289.615,4215.0,разжать руку
14,4242.821,4197.821,4233.462,4212.436,4212.179,4188.718,4220.0,4205.128,4202.564,4201.923,4199.103,4184.103,4288.718,4214.231,разжать руку
14,4242.051,4195.385,4228.718,4209.359,4204.359,4187.949,4207.692,4198.462,4198.462,4200.769,4195.513,4183.462,4286.026,4211.41,разжать руку
14,4236.282,4188.205,4223.718,4205.256,4195.256,4184.231,4202.564,4209.615,4206.282,4199.744,4195.385,4187.051,4284.744,4211.026,разжать руку
14,4237.179,4189.103,4227.051,4206.538,4201.538,4185.769,4216.154,4212.692,4205.897,4197.564,4195.769,4183.974,4282.564,4209.487,разжать руку
14,4239.359,4192.308,4229.872,4211.154,4207.692,4185.641,4205.128,4201.026,4201.923,4192.308,4195.897,4180.385,4280.897,4212.051,разжать руку
14,4237.949,4190.897,4228.718,4213.974,4205.513,4188.077,4191.667,4199.231,4204.103,4191.282,4194.615,4178.974,4280.0,4214.487,разжать руку
14,4232.564,4186.538,4223.077,4212.051,4202.051,4190.256,4196.538,4195.385,4198.205,4188.974,4191.026,4175.256,4276.282,4209.231,разжать руку
14,4226.41,4185.513,4220.0,4210.641,4202.692,4183.205,4193.59,4196.538,4198.718,4186.538,4191.41,4178.077,4277.564,4210.641,разжать руку
14,4230.256,4190.0,4227.179,4215.0,4205.385,4180.256,4195.128,4207.692,4207.949,4192.692,4194.615,4181.154,4283.205,4213.077,разжать руку
14,4239.744,4188.59,4232.051,4217.179,4204.487,4186.667,4211.026,4198.333,4199.872,4190.897,4193.59,4183.205,4284.103,4212.308,разжать руку
14,4244.744,4188.077,4237.179,4217.436,4208.846,4187.308,4213.077,4195.385,4194.231,4190.128,4193.846,4187.051,4282.308,4218.718,разжать руку
14,4245.769,4195.641,4245.256,4218.205,4213.462,4184.231,4208.846,4211.282,4204.359,4200.513,4194.487,4184.103,4280.385,4220.256,разжать руку
14,4244.103,4204.615,4242.949,4219.487,4210.513,4190.897,4217.692,4203.974,4200.128,4194.744,4191.667,4181.282,4277.564,4215.641,разжать руку
14,4243.333,4213.205,4237.821,4223.205,4210.0,4193.205,4219.231,4193.333,4192.949,4181.795,4188.205,4181.282,4274.615,4213.077,разжать руку
14,4248.846,4221.154,4240.769,4224.872,4217.436,4183.718,4200.128,4207.821,4204.231,4188.718,4186.282,4183.462,4270.769,4214.744,разжать руку
14,4250.769,4223.077,4240.0,4222.051,4225.769,4181.667,4192.692,4205.385,4202.692,4192.051,4180.513,4181.154,4263.205,4214.103,разжать руку
14,4240.128,4214.872,4229.615,4216.282,4225.0,4183.718,4202.692,4185.385,4190.513,4179.872,4175.256,4173.462,4258.205,4208.462,разжать руку
14,4232.692,4210.256,4226.41,4214.231,4221.41,4183.462,4196.795,4197.308,4201.923,4185.641,4182.564,4178.077,4265.256,4209.872,разжать руку
14,4241.41,4219.872,4235.513,4218.59,4224.359,4187.308,4186.795,4218.077,4215.128,4205.256,4192.564,4185.256,4275.641,4213.205,разжать руку
14,4253.333,4226.923,4245.128,4221.026,4226.282,4192.436,4196.538,4211.667,4207.564,4208.59,4194.872,4186.282,4279.872,4217.436,разжать руку
14,4253.59,4222.308,4250.385,4219.615,4223.718,4195.0,4211.154,4200.897,4199.615,4202.051,4192.308,4187.308,4280.769,4220.256,разжать руку
14,4247.051,4219.103,4246.795,4216.026,4225.128,4188.718,4208.333,4209.487,4203.718,4198.846,4192.564,4184.744,4283.077,4215.128,разжать руку
14,4246.282,4224.615,4243.205,4217.821,4229.359,4179.359,4195.128,4217.821,4207.821,4202.179,4196.795,4186.795,4289.231,4217.949,разжать руку
14,4247.179,4225.897,4248.205,4220.769,4231.282,4187.692,4197.692,4208.718,4208.974,4206.795,4198.846,4188.718,4291.923,4216.538,разжать руку
14,4241.667,4216.282,4247.308,4218.974,4228.077,4202.821,4210.0,4202.821,4205.897,4199.744,4196.41,4184.744,4284.359,4207.308,разжать руку
14,4236.538,4212.564,4240.385,4218.718,4226.795,4198.846,4205.641,4206.026,4201.282,4190.769,4191.154,4185.128,4277.308,4210.641,разжать руку
14,4229.744,4208.718,4232.564,4211.795,4227.436,4189.487,4199.359,4208.718,4206.41,4188.718,4185.513,4183.205,4272.308,4211.282,разжать руку
14,4223.59,4196.923,4224.359,4203.462,4219.872,4188.718,4211.795,4209.231,4211.41,4188.205,4183.077,4182.564,4264.103,4205.385,разжать руку
14,4233.205,4200.385,4230.513,4210.385,4216.41,4188.846,4219.872,4205.513,4204.359,4197.308,4188.718,4183.718,4270.128,4207.564,разжать руку
14,4242.564,4211.282,4242.821,4217.949,4218.462,4182.949,4212.436,4202.564,4201.923,4202.436,4192.436,4182.692,4279.872,4212.308,разжать руку
14,4241.154,4212.436,4243.333,4216.538,4216.282,4178.974,4211.667,4208.462,4213.077,4197.436,4191.41,4187.949,4274.359,4214.872,разжать руку
14,4242.564,4215.641,4245.385,4218.205,4218.462,4186.282,4215.0,4209.103,4212.051,4203.205,4192.308,4189.744,4270.897,4216.282,разжать руку
14,4247.179,4218.462,4251.026,4220.769,4222.692,4191.026,4211.667,4202.821,4197.051,4206.923,4194.231,4185.385,4276.923,4217.308,разжать руку
14,4241.795,4216.154,4247.308,4219.744,4223.205,4182.436,4212.179,4211.154,4202.051,4203.974,4196.41,4182.949,4280.0,4213.718,разжать руку
14,4229.872,4217.308,4241.282,4217.179,4222.179,4173.846,4217.308,4207.821,4209.872,4200.0,4194.359,4184.615,4273.718,4208.205,разжать руку
14,4225.385,4217.564,4244.872,4216.795,4216.154,4179.231,4214.744,4192.692,4201.667,4192.179,4188.077,4190.641,4263.333,4212.692,разжать руку
14,4234.103,4215.0,4254.615,4219.231,4210.769,4183.974,4204.103,4207.051,4205.0,4200.256,4188.718,4191.667,4262.564,4215.0,разжать руку
14,4243.333,4215.385,4256.154,4215.897,4216.282,4177.308,4201.795,4214.872,4211.923,4209.359,4194.359,4191.026,4273.974,4212.949,разжать руку
14,4242.308,4212.436,4252.436,4209.744,4221.795,4177.308,4215.256,4211.538,4215.513,4210.897,4198.59,4193.974,4282.051,4217.436,разжать руку
14,4241.026,4204.487,4255.128,4207.949,4218.974,4180.0,4216.667,4222.308,4225.769,4226.41,4205.256,4196.154,4285.769,4220.513,разжать руку
14,4243.462,4202.051,4257.564,4206.026,4219.872,4179.872,4208.333,4204.359,4210.513,4228.59,4207.564,4195.513,4289.744,4218.846,разжать руку
14,4240.769,4200.256,4253.462,4199.487,4222.692,4183.974,4216.538,4164.231,4176.923,4202.692,4196.923,4185.769,4282.179,4212.436,разжать руку
14,4231.026,4190.385,4244.615,4193.333,4215.769,4186.026,4219.615,4177.821,4187.436,4196.795,4188.205,4180.641,4269.103,4208.205,разжать руку
14,4223.59,4187.564,4237.949,4195.897,4215.769,4185.385,4208.974,4222.692,4221.154,4216.41,4192.179,4186.41,4267.308,4210.385,разжать руку
14,4227.308,4192.179,4239.359,4199.231,4223.846,4183.718,4206.41,4212.051,4211.282,4217.949,4196.667,4182.949,4270.769,4208.974,разжать руку
14,4233.333,4192.308,4240.641,4196.026,4221.923,4181.026,4206.026,4185.0,4194.744,4210.256,4195.769,4181.282,4269.487,4209.615,разжать руку
14,4231.026,4193.59,4237.308,4195.256,4219.872,4184.744,4211.667,4199.359,4208.077,4215.513,4194.103,4186.923,4266.282,4210.513,разжать руку
14,4227.564,4194.744,4235.513,4198.205,4222.051,4187.308,4226.026,4221.538,4219.615,4215.897,4192.821,4188.333,4263.718,4208.974,разжать руку
14,4231.538,4196.923,4241.282,4199.615,4221.923,4184.231,4219.872,4221.538,4217.564,4215.513,4195.769,4191.154,4266.154,4213.974,разжать руку
14,4230.641,4196.795,4245.256,4195.0,4222.051,4182.564,4203.718,4197.051,4203.718,4215.128,4194.487,4187.949,4265.128,4211.667,разжать руку
14,4219.103,4186.795,4237.692,4189.744,4217.564,4181.795,4210.385,4183.59,4193.077,4200.641,4183.846,4182.949,4253.974,4202.051,разжать руку
14,4216.026,4182.436,4234.744,4191.667,4216.154,4183.205,4219.103,4194.359,4196.667,4194.872,4182.179,4183.718,4250.256,4200.256,разжать руку
14,4221.154,4184.231,4238.974,4189.872,4216.538,4182.179,4205.641,4213.462,4212.051,4209.359,4191.795,4186.026,4252.692,4202.692,разжать руку
14,4218.59,4178.205,4239.103,4184.872,4210.513,4179.615,4205.769,4223.205,4226.667,4215.897,4193.077,4187.308,4247.179,4205.897,разжать руку
14,4215.897,4174.103,4239.359,4184.744,4210.769,4181.026,4219.487,4214.744,4223.077,4211.538,4190.385,4182.308,4238.974,4205.513,разжать руку
15,4213.846,4176.795,4240.0,4185.128,4226.154,4179.744,4201.154,4207.179,4216.154,4212.436,4194.231,4180.385,4224.615,4205.128,сжать руку
15,4209.872,4174.231,4240.513,4187.564,4229.615,4188.333,4219.359,4188.718,4204.744,4207.821,4189.103,4177.821,4213.846,4201.154,сжать руку
15,4222.179,4180.0,4251.923,4196.282,4234.872,4191.923,4222.692,4202.051,4216.026,4215.385,4200.0,4186.923,4211.667,4209.744,сжать руку
15,4237.821,4184.487,4265.0,4203.205,4243.846,4189.615,4211.667,4224.744,4237.692,4235.0,4212.308,4193.718,4210.385,4215.128,сжать руку
15,4234.231,4178.974,4261.282,4200.897,4243.077,4193.462,4214.744,4189.872,4213.462,4233.718,4206.923,4187.564,4195.385,4206.154,сжать руку
15,4228.718,4175.385,4255.513,4197.308,4236.154,4193.462,4219.744,4164.359,4188.462,4215.0,4198.974,4184.615,4177.692,4204.359,сжать руку
15,4234.487,4174.487,4259.615,4194.744,4235.256,4178.59,4206.41,4199.359,4211.282,4213.718,4204.487,4185.897,4169.744,4209.231,сжать руку
15,4233.333,4168.205,4258.333,4190.256,4231.41,4171.667,4208.205,4216.538,4223.462,4218.462,4206.923,4189.359,4159.872,4209.103,сжать руку
15,4224.359,4166.41,4252.821,4189.615,4228.462,4181.923,4231.667,4203.59,4211.41,4220.641,4197.692,4189.231,4145.897,4199.487,сжать руку
15,4226.667,4168.205,4255.0,4192.821,4234.359,4185.769,4233.718,4210.128,4215.128,4225.385,4195.641,4184.872,4136.923,4196.538,сжать руку
15,4233.59,4163.077,4260.769,4193.846,4238.205,4182.051,4226.538,4219.487,4221.026,4226.154,4201.795,4186.282,4133.205,4204.487,сжать руку
15,4230.0,4156.026,4261.41,4189.231,4235.385,4180.513,4236.026,4211.41,4213.077,4220.128,4200.897,4188.59,4130.385,4205.385,сжать руку
15,4227.308,4151.795,4255.769,4184.744,4233.718,4175.385,4235.641,4204.359,4211.026,4215.641,4196.667,4190.0,4131.667,4203.205,сжать руку
15,4228.846,4152.308,4252.949,4187.564,4238.59,4171.538,4221.026,4197.308,4211.282,4211.538,4196.923,4187.436,4139.615,4203.462,сжать руку
15,4230.897,4153.59,4255.513,4189.359,4240.385,4173.205,4214.615,4194.359,4208.333,4207.821,4199.744,4187.436,4157.179,4206.282,сжать руку
15,4237.564,4154.231,4257.051,4188.718,4238.846,4175.769,4219.231,4207.564,4216.795,4219.359,4207.436,4196.026,4188.205,4211.795,сжать руку
15,4238.333,4154.359,4256.282,4189.487,4236.923,4175.897,4223.846,4215.897,4229.231,4230.0,4210.256,4195.128,4215.385,4207.051,сжать руку
15,4234.744,4155.513,4256.795,4192.692,4238.974,4175.128,4220.897,4207.051,4226.154,4223.462,4206.795,4190.128,4239.359,4205.256,сжать руку
15,4233.718,4152.051,4258.462,4192.949,4243.333,4178.59,4223.333,4206.923,4218.205,4220.769,4207.949,4189.872,4275.641,4211.538,сжать руку
15,4231.026,4138.205,4255.513,4185.641,4238.718,4176.923,4234.231,4220.641,4223.974,4228.846,4212.692,4192.821,4314.487,4210.128,сжать руку
15,4235.513,4138.333,4255.256,4184.744,4236.923,4171.667,4233.59,4221.154,4228.462,4231.41,4215.641,4198.974,4349.231,4211.154,сжать руку
15,4246.026,4151.026,4254.487,4191.41,4245.897,4174.615,4221.282,4206.667,4216.282,4220.128,4211.795,4194.744,4380.256,4212.949,сжать руку
15,4241.026,4148.077,4242.436,4190.641,4248.846,4180.385,4224.744,4197.051,4205.513,4203.077,4202.692,4185.385,4403.718,4208.974,сжать руку
15,4232.949,4140.0,4236.923,4187.564,4246.923,4177.821,4233.205,4199.615,4208.974,4201.923,4203.59,4185.641,4430.769,4208.846,сжать руку
15,4239.231,4139.744,4242.179,4187.179,4242.692,4167.436,4221.282,4211.538,4217.949,4214.487,4209.359,4191.667,4465.641,4208.333,сжать руку
15,4245.128,4138.077,4241.795,4187.179,4236.41,4165.513,4216.282,4230.513,4231.154,4223.718,4210.128,4195.641,4500.641,4208.462,сжать руку
15,4245.0,4140.897,4242.821,4187.692,4239.744,4175.897,4226.923,4228.974,4231.282,4228.205,4210.769,4192.436,4535.0,4211.282,сжать руку
15,4243.462,4147.179,4244.231,4187.564,4245.769,4180.256,4229.615,4207.692,4212.949,4224.744,4211.282,4188.205,4565.769,4213.462,сжать руку
15,4242.564,4146.41,4239.487,4187.949,4245.256,4176.026,4225.385,4208.718,4212.949,4223.462,4211.41,4190.897,4588.974,4212.436,сжать руку
15,4244.615,4141.154,4234.872,4185.385,4239.744,4172.821,4225.128,4221.667,4222.564,4223.462,4211.154,4189.359,4606.026,4208.59,сжать руку
15,4244.615,4134.615,4231.923,4179.103,4231.795,4169.231,4229.231,4220.641,4216.154,4208.077,4206.282,4184.744,4617.179,4208.718,сжать руку
15,4238.718,4131.795,4230.897,4178.077,4233.077,4170.641,4231.41,4213.974,4212.949,4202.179,4204.359,4182.436,4633.59,4209.231,сжать руку
15,4236.154,4135.641,4232.051,4181.538,4243.846,4177.436,4220.0,4210.385,4214.872,4215.897,4211.538,4189.103,4662.821,4210.769,сжать руку
15,4241.923,4141.41,4236.154,4183.846,4245.769,4177.308,4211.795,4215.769,4214.487,4223.59,4213.59,4197.179,4685.897,4213.846,сжать руку
15,4244.744,4139.744,4240.128,4183.333,4239.487,4169.103,4222.179,4230.769,4226.282,4226.923,4210.641,4193.718,4697.821,4213.718,сжать руку
15,4243.718,4133.462,4239.615,4182.436,4239.359,4167.564,4229.615,4231.538,4231.923,4230.256,4212.692,4193.59,4715.0,4215.769,сжать руку
15,4239.872,4133.846,4240.513,4183.974,4243.205,4175.128,4230.897,4208.205,4209.359,4220.897,4212.564,4194.487,4732.692,4213.333,сжать руку
15,4237.949,4135.385,4245.128,4185.0,4243.59,4170.385,4228.333,4197.179,4199.103,4210.897,4209.615,4191.538,4744.615,4210.897,сжать руку
15,4243.077,4134.615,4247.436,4181.154,4241.667,4162.051,4228.846,4224.615,4226.667,4220.128,4209.744,4193.846,4758.462,4214.487,сжать руку
15,4244.872,4127.821,4244.615,4170.897,4237.051,4168.077,4239.487,4236.538,4237.436,4228.718,4209.359,4190.513,4772.051,4209.231,сжать руку
15,4236.282,4121.41,4241.154,4163.846,4232.692,4172.308,4230.641,4198.846,4206.667,4212.821,4205.256,4185.385,4779.359,4205.385,сжать руку
15,4234.487,4127.821,4242.692,4167.436,4238.205,4165.513,4208.59,4182.179,4195.128,4202.179,4201.154,4186.282,4787.949,4207.821,сжать руку
15,4238.333,4129.872,4241.538,4168.59,4242.949,4162.821,4212.308,4206.667,4216.538,4212.179,4202.051,4189.103,4798.077,4202.949,сжать руку
15,4231.282,4121.026,4235.641,4166.41,4238.846,4168.846,4229.615,4215.0,4219.231,4212.821,4203.077,4191.667,4806.795,4201.154,сжать руку
15,4227.051,4123.718,4236.154,4168.205,4235.128,4167.821,4226.41,4213.718,4216.282,4208.077,4200.256,4189.231,4818.718,4204.872,сжать руку
15,4231.538,4127.949,4237.564,4169.872,4236.41,4166.538,4218.974,4215.513,4222.692,4210.641,4196.538,4188.077,4826.795,4206.41,сжать руку
15,4225.0,4118.718,4233.077,4162.436,4239.615,4172.564,4232.821,4212.821,4218.974,4206.538,4196.41,4190.0,4823.974,4205.0,сжать руку
15,4216.667,4110.513,4231.538,4153.205,4234.744,4168.205,4236.282,4214.615,4218.462,4199.872,4200.256,4189.872,4824.103,4204.103,сжать руку
15,4225.769,4116.282,4235.385,4159.872,4233.718,4158.846,4212.051,4210.641,4221.41,4206.538,4205.256,4191.282,4836.923,4207.821,сжать руку
15,4233.718,4127.821,4236.667,4166.538,4242.051,4157.436,4201.41,4198.205,4212.436,4216.154,4206.923,4186.923,4842.436,4205.256,сжать руку
15,4225.128,4124.487,4234.487,4159.359,4232.436,4153.462,4216.41,4205.385,4210.641,4215.0,4202.949,4186.026,4835.0,4202.436,сжать руку
15,4223.846,4117.436,4237.436,4155.641,4218.205,4151.026,4218.974,4213.077,4216.026,4210.897,4200.128,4193.205,4834.359,4208.462,сжать руку
15,4232.692,4123.974,4241.026,4156.026,4222.692,4151.923,4203.462,4197.051,4206.026,4205.385,4203.077,4191.538,4836.795,4208.59,сжать руку
15,4232.564,4131.026,4240.0,4155.769,4226.026,4142.564,4192.692,4188.846,4198.59,4203.59,4207.564,4190.256,4831.282,4206.667,сжать руку
15,4224.103,4130.897,4238.333,4155.513,4223.333,4135.897,4192.821,4195.641,4201.026,4205.641,4203.333,4190.128,4824.487,4207.051,сжать руку
15,4220.769,4129.359,4234.744,4151.538,4225.385,4138.718,4200.128,4209.487,4208.846,4205.385,4197.308,4188.846,4817.821,4208.333,сжать руку
15,4225.0,4132.308,4235.769,4150.897,4227.308,4139.872,4208.462,4229.103,4222.821,4212.821,4202.692,4192.692,4813.333,4210.128,сжать руку
15,4223.974,4137.821,4238.846,4153.333,4224.744,4138.333,4203.077,4216.026,4214.744,4212.051,4202.436,4189.615,4809.487,4203.846,сжать руку
15,4217.564,4144.359,4235.769,4153.205,4223.462,4135.0,4187.051,4189.615,4198.974,4199.872,4193.333,4187.564,4808.205,4203.205,сжать руку
15,4220.0,4148.59,4234.872,4154.231,4224.744,4135.0,4187.692,4198.59,4205.256,4197.308,4193.974,4190.769,4807.821,4205.0,сжать руку
15,4222.308,4149.872,4233.333,4155.256,4221.026,4134.103,4195.256,4210.513,4208.718,4191.667,4196.154,4188.205,4800.769,4201.795,сжать руку
15,4217.564,4153.59,4229.744,4156.795,4216.923,4125.897,4182.308,4190.385,4198.462,4182.308,4190.385,4186.41,4793.205,4205.128,сжать руку
15,4217.051,4154.359,4233.333,4156.41,4214.872,4113.718,4163.205,4177.179,4200.256,4187.051,4188.974,4186.538,4791.795,4207.436,сжать руку
15,4218.462,4146.41,4232.564,4147.051,4206.667,4114.487,4168.59,4184.615,4201.154,4182.308,4191.538,4186.795,4784.744,4203.205,сжать руку
15,4201.795,4129.487,4213.462,4134.744,4192.564,4118.718,4179.615,4179.615,4185.385,4151.538,4176.795,4177.692,4760.128,4192.564,сжать руку
15,4176.667,4107.692,4188.077,4123.59,4174.231,4096.282,4154.231,4162.564,4175.769,4127.179,4156.795,4167.051,4736.282,4182.436,сжать руку
15,4169.231,4094.615,4177.436,4116.923,4159.487,4078.974,4131.923,4161.538,4178.077,4123.205,4155.0,4168.077,4731.282,4185.769,сжать руку
15,4173.59,4091.282,4178.077,4116.538,4160.769,4092.821,4143.846,4178.462,4186.282,4126.41,4155.897,4166.795,4729.615,4188.077,сжать руку
15,4174.103,4092.564,4178.205,4119.231,4169.487,4098.333,4142.308,4189.615,4191.538,4128.205,4149.359,4166.41,4721.282,4185.641,сжать руку
15,4176.41,4104.615,4185.0,4125.769,4177.179,4088.462,4122.308,4178.718,4182.949,4133.718,4155.0,4172.308,4723.333,4189.872,сжать руку
15,4182.949,4117.436,4197.051,4130.513,4181.282,4091.795,4131.154,4165.513,4172.949,4141.026,4166.41,4176.282,4732.692,4196.154,сжать руку
15,4180.128,4114.872,4198.205,4128.205,4179.231,4102.564,4161.41,4174.487,4176.538,4136.282,4160.769,4175.769,4725.385,4195.641,сжать руку
15,4176.667,4112.179,4196.026,4127.179,4183.333,4104.231,4165.641,4184.359,4185.256,4137.051,4159.872,4173.718,4716.154,4189.872,сжать руку
15,4185.897,4117.692,4203.59,4132.179,4192.179,4099.231,4145.897,4177.564,4187.051,4153.077,4176.795,4179.615,4727.308,4192.692,сжать руку
15,4191.282,4116.538,4209.487,4132.692,4193.59,4097.051,4149.615,4180.641,4185.0,4157.564,4181.538,4182.564,4733.59,4197.436,сжать руку
15,4182.692,4105.256,4204.487,4125.641,4191.026,4100.897,4172.949,4194.103,4186.154,4141.667,4169.872,4173.974,4714.615,4192.821,сжать руку
15,4182.051,4103.718,4204.231,4125.769,4190.256,4101.154,4170.385,4197.051,4192.821,4136.282,4169.359,4175.0,4702.308,4195.641,сжать руку
15,4198.077,4117.564,4219.103,4133.718,4194.359,4096.282,4147.692,4191.41,4194.487,4156.154,4186.41,4182.051,4711.923,4201.795,сжать руку
15,4204.359,4123.333,4229.872,4134.103,4200.256,4099.615,4145.0,4190.0,4191.282,4165.0,4192.564,4179.615,4710.641,4199.231,сжать руку
15,4197.564,4115.128,4229.744,4130.641,4202.051,4107.179,4158.333,4191.41,4197.179,4154.744,4184.359,4177.051,4695.0,4199.744,сжать руку
15,4197.308,4112.692,4230.385,4132.564,4199.103,4101.667,4157.564,4183.718,4198.59,4152.692,4181.154,4178.333,4688.462,4201.923,сжать руку
15,4207.308,4121.667,4240.769,4140.128,4202.949,4101.923,4157.179,4180.897,4191.795,4163.974,4186.282,4185.769,4691.667,4206.282,сжать руку
15,4221.282,4130.641,4259.744,4149.615,4218.974,4123.974,4181.667,4197.821,4198.59,4183.462,4197.308,4195.128,4698.846,4212.308,сжать руку
15,4242.949,4144.615,4284.872,4162.051,4239.615,4147.051,4208.59,4222.821,4221.538,4213.333,4216.282,4205.513,4714.744,4223.462,сжать руку
15,4277.692,4181.923,4325.513,4188.718,4277.692,4168.846,4228.718,4249.359,4248.974,4260.641,4245.513,4224.231,4740.128,4242.821,сжать руку
15,4307.821,4214.231,4366.154,4212.436,4322.949,4195.769,4256.282,4268.462,4263.59,4306.154,4269.231,4235.128,4760.513,4251.538,сжать руку
15,4323.59,4216.667,4382.051,4216.41,4337.436,4212.308,4282.051,4269.103,4259.872,4318.077,4277.436,4235.128,4759.615,4250.513,сжать руку
15,4335.256,4217.821,4390.513,4218.462,4338.333,4217.179,4288.846,4263.333,4260.513,4316.026,4275.641,4232.949,4751.667,4252.051,сжать руку
15,4341.538,4224.872,4400.641,4220.385,4345.128,4219.231,4287.949,4270.128,4272.436,4325.385,4276.795,4231.667,4750.641,4254.231,сжать руку
15,4340.641,4221.026,4399.872,4216.282,4344.103,4213.718,4285.897,4276.667,4274.487,4331.538,4284.487,4234.872,4745.256,4257.564,сжать руку
15,4336.41,4213.462,4396.154,4212.564,4338.59,4207.179,4278.974,4263.333,4264.615,4323.462,4283.462,4233.205,4729.103,4251.154,сжать руку
15,4334.615,4211.923,4396.154,4212.949,4336.538,4208.462,4269.487,4244.744,4255.128,4311.282,4273.333,4231.923,4714.744,4245.0,сжать руку
15,4341.667,4215.256,4398.718,4216.923,4341.026,4211.667,4270.513,4247.308,4255.385,4313.333,4271.923,4235.128,4708.462,4250.0,сжать руку
15,4343.718,4210.385,4400.513,4216.154,4342.308,4214.359,4292.436,4257.436,4261.154,4314.231,4273.718,4232.179,4697.949,4251.667,сжать руку
15,4332.821,4196.154,4395.769,4210.385,4337.949,4210.256,4300.769,4254.872,4260.128,4302.436,4267.949,4230.769,4681.667,4248.077,сжать руку
15,4327.821,4193.077,4394.103,4212.436,4335.897,4196.026,4280.513,4251.154,4253.974,4304.103,4264.359,4228.846,4671.026,4244.103,сжать руку
15,4335.897,4196.667,4401.282,4219.744,4335.385,4186.667,4257.436,4252.436,4252.308,4313.974,4268.205,4225.513,4666.026,4245.128,сжать руку
15,4333.846,4189.615,4407.179,4221.026,4331.923,4196.795,4256.538,4256.026,4258.077,4309.359,4268.718,4226.795,4656.026,4246.282,сжать руку
15,4318.846,4173.974,4400.641,4213.077,4326.538,4208.718,4280.256,4261.795,4262.051,4297.051,4265.641,4225.256,4637.179,4242.436,сжать руку
15,4316.41,4168.846,4395.769,4208.974,4325.0,4204.872,4286.667,4258.077,4257.308,4292.692,4265.897,4226.923,4627.692,4244.744,сжать руку
16,4323.718,4172.436,4405.769,4211.41,4324.744,4193.462,4254.615,4242.051,4248.077,4300.641,4265.385,4231.41,4622.179,4243.205,разжать руку
16,4310.256,4163.333,4390.513,4204.231,4322.692,4195.897,4268.718,4243.718,4248.462,4292.179,4257.436,4226.282,4604.103,4240.0,разжать руку
16,4302.179,4161.923,4385.0,4200.641,4323.59,4195.128,4268.59,4243.718,4249.872,4288.077,4254.231,4222.821,4593.205,4237.308,разжать руку
16,4304.615,4156.795,4389.231,4198.077,4317.692,4184.487,4252.692,4250.641,4258.846,4296.41,4256.795,4226.538,4593.846,4237.564,разжать руку
16,4300.128,4143.846,4382.308,4194.231,4307.051,4184.359,4270.128,4256.282,4258.974,4296.923,4256.667,4225.513,4587.179,4238.205,разжать руку
16,4294.872,4144.744,4374.615,4196.923,4309.487,4189.487,4286.41,4248.718,4245.641,4287.308,4255.0,4225.641,4572.051,4238.077,разжать руку
16,4301.667,4153.718,4382.821,4201.795,4315.897,4185.513,4274.103,4247.564,4243.846,4290.641,4255.256,4232.821,4570.0,4242.308,разжать руку
16,4306.667,4148.205,4391.538,4198.077,4310.897,4180.897,4261.41,4249.744,4249.103,4299.615,4257.949,4233.077,4572.821,4243.333,разжать руку
16,4303.846,4141.41,4389.103,4194.615,4305.769,4179.744,4255.641,4243.077,4244.487,4299.359,4261.154,4230.513,4564.487,4240.769,разжать руку
16,4308.718,4148.846,4389.615,4200.385,4317.051,4184.359,4251.795,4244.487,4244.103,4304.359,4261.154,4228.59,4558.205,4237.949,разжать руку
16,4309.359,4145.128,4387.949,4197.308,4319.231,4182.949,4253.462,4251.923,4251.282,4301.667,4254.359,4224.231,4553.077,4234.487,разжать руку
16,4295.128,4125.0,4377.949,4186.923,4302.436,4174.615,4262.692,4255.256,4253.974,4285.769,4251.026,4224.872,4539.103,4234.487,разжать руку
16,4290.513,4120.256,4379.744,4187.308,4298.718,4170.385,4256.667,4248.718,4246.923,4285.128,4254.487,4226.026,4531.41,4234.872,разжать руку
16,4294.744,4122.692,4384.744,4190.0,4305.385,4172.692,4250.0,4240.769,4240.0,4291.282,4254.359,4225.0,4532.949,4236.026,разжать руку
16,4288.59,4116.154,4377.692,4187.692,4306.667,4179.487,4261.795,4240.897,4241.795,4283.59,4248.333,4222.564,4525.897,4234.615,разжать руку
16,4284.103,4111.41,4375.128,4183.462,4301.154,4179.615,4268.846,4240.385,4245.385,4278.205,4248.205,4220.385,4515.897,4232.564,разжать руку
16,4290.256,4113.59,4380.128,4182.949,4296.026,4173.59,4260.128,4234.615,4244.744,4283.077,4255.385,4226.154,4514.487,4239.872,разжать руку
16,4292.821,4116.923,4379.103,4182.564,4296.026,4171.154,4256.026,4236.923,4245.0,4285.128,4255.513,4226.538,4516.154,4241.923,разжать руку
16,4287.692,4112.564,4373.205,4177.692,4294.487,4166.923,4258.205,4253.205,4250.256,4279.359,4250.0,4223.205,4511.282,4234.103,разжать руку
16,4286.538,4112.051,4374.103,4179.231,4296.538,4158.59,4240.256,4251.923,4250.641,4274.487,4248.462,4228.846,4503.205,4233.59,разжать руку
16,4286.026,4120.128,4373.59,4182.564,4302.051,4157.692,4222.821,4230.641,4240.641,4278.077,4251.538,4231.026,4503.333,4237.179,разжать руку
16,4281.795,4121.026,4368.205,4182.821,4299.103,4163.974,4240.256,4241.538,4244.615,4284.744,4255.128,4230.769,4502.436,4239.487,разжать руку
16,4283.846,4117.692,4369.872,4186.538,4296.282,4168.205,4252.692,4260.256,4256.41,4284.744,4253.462,4231.795,4497.179,4239.231,разжать руку
16,4284.231,4120.128,4369.744,4187.179,4301.41,4171.923,4232.308,4239.872,4245.128,4273.462,4246.538,4228.077,4493.077,4235.769,разжать руку
16,4276.538,4120.128,4364.615,4182.949,4297.949,4177.821,4231.667,4233.462,4235.385,4267.821,4242.949,4225.897,4486.795,4235.513,разжать руку
16,4279.231,4111.795,4369.231,4183.846,4287.179,4177.051,4251.538,4259.231,4252.949,4278.718,4249.231,4229.872,4480.128,4239.103,разжать руку
16,4291.923,4112.949,4377.436,4191.026,4289.231,4164.872,4239.615,4261.41,4261.41,4287.564,4256.026,4235.897,4480.513,4246.154,разжать руку
16,4292.821,4126.154,4378.974,4193.462,4295.897,4161.538,4236.538,4252.692,4252.949,4283.59,4252.564,4230.128,4476.41,4244.359,разжать руку
16,4285.385,4133.077,4377.821,4194.103,4292.436,4166.41,4248.846,4247.564,4246.923,4271.795,4242.692,4222.564,4456.026,4236.41,разжать руку
16,4287.564,4136.026,4379.487,4199.103,4291.026,4162.692,4226.282,4230.897,4240.897,4267.949,4240.0,4229.872,4445.128,4237.564,разжать руку
16,4288.205,4135.641,4379.744,4195.128,4291.795,4156.795,4207.692,4230.385,4239.231,4271.282,4243.333,4232.564,4444.744,4235.897,разжать руку
16,4283.718,4129.487,4375.256,4187.051,4285.897,4157.692,4221.923,4243.077,4243.59,4265.0,4240.385,4228.462,4432.949,4233.718,разжать руку
16,4288.974,4134.103,4375.128,4188.59,4287.308,4159.615,4225.897,4243.205,4247.949,4262.821,4238.974,4229.103,4423.077,4235.769,разжать руку
16,4290.641,4138.718,4373.462,4188.333,4292.308,4157.051,4214.872,4239.103,4247.179,4269.615,4242.564,4232.051,4422.308,4235.0,разжать руку
16,4277.949,4131.538,4366.41,4181.795,4290.641,4160.385,4217.436,4235.897,4239.872,4266.795,4242.179,4233.846,4418.205,4235.0,разжать руку
16,4261.667,4125.897,4357.308,4176.538,4283.974,4162.949,4228.718,4242.436,4242.051,4262.051,4234.615,4227.051,4407.692,4227.949,разжать руку
16,4256.154,4120.897,4349.872,4175.256,4272.564,4155.897,4240.385,4252.051,4245.897,4258.974,4227.692,4223.205,4394.872,4222.692,разжать руку
16,4267.179,4123.846,4357.051,4179.487,4271.282,4152.821,4243.718,4242.692,4241.026,4261.282,4233.846,4228.974,4396.026,4232.949,разжать руку
16,4275.897,4135.897,4366.41,4183.462,4280.0,4155.513,4226.538,4228.333,4237.051,4266.667,4239.744,4229.615,4400.897,4237.821,разжать руку
16,4266.923,4129.487,4357.821,4178.205,4272.564,4153.718,4229.103,4238.333,4238.718,4255.0,4229.231,4225.769,4384.744,4230.769,разжать руку
16,4258.718,4117.308,4349.359,4173.462,4260.256,4147.179,4244.487,4245.0,4236.795,4243.59,4221.282,4221.154,4368.846,4226.026,разжать руку
16,4259.359,4121.538,4346.026,4175.256,4260.897,4149.615,4231.282,4233.846,4235.897,4244.359,4225.128,4220.897,4367.949,4225.769,разжать руку
16,4256.282,4127.692,4339.359,4176.667,4262.308,4157.179,4223.462,4231.795,4238.205,4241.026,4223.333,4223.974,4365.513,4226.41,разжать руку
16,4254.872,4126.923,4335.641,4174.872,4259.872,4145.0,4220.128,4222.179,4226.41,4232.564,4219.359,4223.846,4358.59,4227.436,разжать руку
16,4252.051,4123.846,4330.385,4172.179,4254.872,4128.077,4196.667,4217.179,4225.385,4229.359,4222.308,4226.41,4356.41,4226.538,разжать руку
16,4240.769,4123.333,4319.359,4172.051,4252.692,4134.744,4194.615,4229.359,4236.538,4228.718,4216.923,4221.026,4351.923,4218.59,разжать руку
16,4238.333,4125.641,4314.487,4172.308,4253.718,4138.333,4203.205,4221.923,4231.795,4222.308,4210.0,4213.974,4344.744,4219.103,разжать руку
16,4252.564,4133.333,4323.718,4179.231,4258.846,4128.846,4186.538,4206.154,4227.564,4225.641,4218.077,4221.667,4343.333,4229.487,разжать руку
16,4257.308,4138.077,4329.615,4184.359,4260.385,4130.128,4185.513,4217.051,4232.051,4231.026,4223.59,4225.128,4338.205,4224.872,разжать руку
16,4245.128,4133.59,4319.487,4177.051,4253.718,4137.564,4206.154,4230.385,4232.051,4224.103,4219.103,4221.282,4330.513,4218.333,разжать руку
16,4245.128,4133.974,4316.41,4174.487,4253.205,4138.846,4200.256,4219.103,4226.795,4221.923,4219.872,4220.769,4326.41,4222.949,разжать руку
16,4252.692,4134.872,4322.051,4176.282,4251.923,4133.846,4188.974,4211.026,4225.385,4225.897,4224.359,4220.769,4318.077,4223.077,разжать руку
16,4241.538,4132.179,4315.769,4171.538,4245.513,4132.692,4200.641,4217.436,4224.487,4219.487,4220.897,4218.846,4307.436,4216.282,разжать руку
16,4227.821,4131.154,4307.564,4168.462,4245.897,4130.769,4207.436,4225.0,4228.077,4215.769,4218.077,4217.564,4306.795,4213.974,разжать руку
16,4237.949,4136.795,4314.487,4175.128,4253.205,4122.692,4192.308,4224.487,4232.949,4229.487,4224.615,4222.308,4313.59,4223.59,разжать руку
16,4248.59,4146.026,4319.231,4179.872,4255.897,4125.641,4185.385,4223.333,4232.308,4238.077,4229.231,4222.692,4312.308,4224.359,разжать руку
16,4241.154,4149.872,4313.333,4175.128,4249.872,4133.333,4196.282,4235.513,4239.487,4237.308,4226.538,4220.513,4303.974,4217.821,разжать руку
16,4236.154,4149.615,4310.769,4170.128,4245.128,4130.769,4205.385,4236.154,4241.795,4240.769,4225.385,4224.872,4302.692,4223.718,разжать руку
16,4239.487,4149.615,4309.744,4167.692,4246.282,4130.128,4201.923,4216.538,4228.333,4243.333,4227.436,4221.41,4306.41,4226.026,разжать руку
16,4236.795,4151.667,4304.744,4167.692,4246.41,4135.256,4194.359,4211.795,4222.308,4236.026,4223.718,4215.128,4297.821,4221.923,разжать руку
16,4230.256,4153.59,4303.718,4170.513,4242.051,4131.41,4188.077,4226.154,4232.821,4232.949,4220.0,4217.308,4286.923,4222.821,разжать руку
16,4225.385,4152.179,4303.974,4170.256,4238.846,4121.795,4174.103,4229.744,4239.103,4239.872,4222.821,4221.667,4289.872,4223.974,разжать руку
16,4219.872,4150.0,4300.0,4167.308,4240.769,4126.282,4175.128,4220.256,4233.333,4238.718,4222.692,4222.179,4288.846,4223.077,разжать руку
16,4216.795,4149.359,4297.308,4165.0,4241.026,4136.923,4196.667,4212.949,4229.744,4234.487,4218.462,4213.718,4277.436,4216.923,разжать руку
16,4219.103,4150.513,4293.846,4165.641,4236.795,4133.718,4201.41,4214.487,4231.282,4231.795,4219.744,4214.103,4275.513,4215.0,разжать руку
16,4224.359,4157.949,4293.59,4172.949,4237.692,4127.821,4194.359,4227.692,4235.641,4231.923,4224.359,4224.487,4281.154,4223.974,разжать руку
16,4228.718,4166.795,4299.487,4174.103,4240.128,4126.667,4197.051,4237.564,4240.128,4235.513,4223.205,4222.051,4276.282,4224.231,разжать руку
16,4228.59,4165.897,4296.41,4170.256,4234.872,4123.333,4195.513,4230.641,4237.179,4230.897,4221.538,4218.718,4267.949,4219.615,разжать руку
16,4233.205,4169.103,4294.615,4177.949,4237.051,4119.487,4181.795,4210.769,4224.744,4227.051,4222.949,4222.821,4267.821,4222.821,разжать руку
16,4240.0,4170.641,4296.667,4181.282,4236.282,4118.077,4180.641,4207.692,4221.923,4229.103,4220.385,4223.846,4267.692,4226.41,разжать руку
16,4233.718,4158.333,4286.795,4169.103,4213.718,4115.513,4187.179,4220.641,4226.026,4220.128,4210.897,4219.872,4256.538,4221.282,разжать руку
16,4223.077,4150.641,4272.692,4162.692,4199.487,4105.641,4171.667,4199.744,4212.308,4198.59,4201.538,4212.692,4239.359,4210.769,разжать руку
16,4226.923,4153.462,4270.513,4166.282,4203.846,4093.718,4148.462,4182.308,4204.231,4189.487,4197.821,4212.564,4229.615,4212.821,разжать руку
16,4228.205,4154.487,4275.256,4162.692,4200.256,4093.846,4154.359,4220.385,4226.026,4200.641,4200.128,4216.282,4230.385,4216.923,разжать руку
16,4210.128,4146.667,4262.179,4151.538,4185.641,4095.641,4168.462,4227.179,4226.667,4196.41,4195.641,4210.256,4219.744,4209.231,разжать руку
16,4197.949,4141.41,4242.821,4150.513,4185.256,4087.436,4154.359,4183.718,4199.103,4180.641,4184.359,4207.436,4202.051,4207.949,разжать руку
16,4206.282,4147.692,4244.103,4154.872,4196.538,4087.051,4135.0,4190.385,4206.41,4187.564,4190.0,4213.59,4207.051,4213.333,разжать руку
16,4217.436,4158.846,4257.949,4159.615,4197.564,4100.0,4143.077,4225.513,4230.513,4199.615,4205.513,4218.205,4221.282,4217.692,разжать руку
16,4214.103,4157.308,4257.051,4158.974,4195.641,4105.641,4166.923,4217.308,4224.359,4196.795,4200.897,4213.205,4210.641,4212.308,разжать руку
16,4205.385,4146.282,4247.051,4153.974,4192.949,4097.821,4169.103,4202.692,4213.974,4193.205,4187.564,4207.949,4192.308,4206.026,разжать руку
16,4210.385,4157.179,4252.821,4160.256,4192.179,4091.795,4150.769,4208.333,4217.179,4196.41,4192.436,4215.769,4199.872,4217.692,разжать руку
16,4216.026,4170.0,4257.821,4162.051,4195.256,4092.051,4146.41,4208.333,4218.077,4195.897,4197.564,4215.128,4202.564,4221.538,разжать руку
16,4211.923,4167.564,4250.385,4155.769,4195.769,4092.949,4155.641,4204.744,4218.462,4188.077,4189.615,4208.974,4187.692,4213.205,разжать руку
16,4216.41,4181.154,4252.179,4164.231,4199.872,4096.282,4163.077,4204.487,4215.256,4186.282,4189.487,4214.359,4188.718,4213.846,разжать руку
16,4223.205,4194.487,4257.692,4171.154,4201.41,4094.744,4163.077,4204.103,4210.897,4195.641,4194.872,4215.641,4193.59,4217.308,разжать руку
16,4218.333,4188.59,4256.154,4166.923,4200.128,4094.744,4160.128,4213.974,4222.051,4203.333,4194.872,4215.0,4186.41,4220.641,разжать руку
16,4215.128,4190.0,4254.744,4167.821,4203.974,4101.154,4159.872,4213.077,4222.821,4194.103,4191.923,4213.846,4179.744,4217.692,разжать руку
16,4217.308,4196.41,4251.795,4168.462,4203.077,4094.487,4152.821,4198.077,4211.538,4188.462,4190.128,4213.333,4176.41,4215.0,разжать руку
16,4215.256,4188.718,4249.359,4162.051,4197.949,4092.564,4150.513,4200.0,4216.795,4202.308,4188.846,4214.487,4169.744,4218.077,разжать руку
16,4210.128,4180.641,4246.795,4156.923,4200.769,4100.897,4153.462,4212.051,4223.974,4202.949,4185.256,4210.641,4160.897,4214.872,разжать руку
16,4205.897,4182.051,4239.231,4155.0,4201.923,4094.231,4141.795,4212.692,4221.282,4185.256,4182.564,4209.872,4153.333,4209.487,разжать руку
16,4201.154,4182.564,4233.205,4153.077,4196.41,4089.872,4131.41,4197.436,4214.103,4178.205,4179.359,4207.179,4149.231,4206.282,разжать руку
16,4200.769,4181.41,4232.692,4153.846,4195.897,4094.487,4135.897,4186.538,4208.462,4184.615,4178.462,4210.0,4150.385,4210.128,разжать руку
16,4211.154,4190.769,4240.0,4165.385,4201.795,4090.128,4138.077,4201.41,4215.897,4198.333,4186.026,4221.538,4153.333,4221.795,разжать руку
16,4221.667,4205.897,4250.128,4180.256,4204.744,4089.615,4140.769,4216.282,4224.103,4208.846,4192.692,4221.154,4153.333,4223.077,разжать руку
16,4223.718,4213.974,4252.179,4183.846,4203.718,4101.026,4158.718,4222.308,4226.026,4208.846,4191.795,4221.282,4152.308,4220.256,разжать руку
16,4230.0,4222.692,4255.0,4184.872,4208.077,4099.744,4166.026,4227.949,4228.077,4216.923,4197.179,4228.59,4162.949,4226.282,разжать руку
16,4237.949,4227.564,4259.359,4186.026,4214.615,4091.282,4152.308,4218.333,4228.462,4227.821,4209.872,4227.308,4173.59,4229.231,разжать руку
16,4232.308,4222.436,4255.0,4182.436,4211.667,4094.359,4145.897,4203.205,4224.872,4220.641,4211.026,4219.744,4164.487,4224.103,разжать руку
16,4226.282,4221.923,4251.667,4180.128,4198.205,4096.41,4150.897,4208.205,4222.949,4216.154,4200.897,4215.128,4151.026,4219.487,разжать руку
17,4206.538,4199.744,4232.692,4168.846,4178.59,4103.333,4171.282,4213.333,4222.179,4197.564,4181.026,4205.256,4135.641,4211.282,сжать руку
17,4195.0,4195.385,4222.821,4162.436,4178.333,4104.231,4173.718,4208.59,4213.333,4186.282,4171.923,4199.359,4114.872,4205.128,сжать руку
17,4197.308,4199.872,4221.41,4164.231,4174.231,4107.692,4183.205,4211.667,4209.872,4197.179,4174.231,4210.513,4116.154,4214.231,сжать руку
17,4200.897,4200.769,4225.256,4167.436,4177.564,4106.923,4175.513,4215.641,4218.59,4213.205,4186.923,4216.41,4131.538,4217.179,сжать руку
17,4193.59,4195.0,4219.359,4160.897,4176.923,4096.923,4158.846,4217.179,4226.282,4208.974,4188.205,4209.359,4123.077,4209.744,сжать руку
17,4187.949,4191.41,4214.103,4157.564,4168.462,4098.718,4173.846,4216.538,4227.051,4201.667,4177.692,4205.769,4107.308,4209.744,сжать руку
17,4191.667,4195.897,4219.744,4162.436,4163.205,4101.026,4178.718,4207.436,4220.256,4199.872,4177.051,4208.333,4112.564,4214.359,сжать руку
17,4199.359,4212.564,4226.282,4174.103,4162.308,4087.949,4146.154,4201.282,4214.231,4202.949,4187.308,4214.103,4123.333,4221.41,сжать руку
17,4202.564,4224.487,4230.0,4181.154,4165.0,4083.462,4147.564,4209.103,4219.487,4208.846,4186.667,4211.154,4116.923,4219.359,сжать руку
17,4203.333,4224.231,4233.333,4180.897,4165.513,4088.077,4171.154,4215.0,4221.667,4200.641,4177.051,4205.641,4103.974,4213.718,сжать руку
17,4205.256,4229.103,4231.154,4183.333,4170.513,4084.359,4155.0,4208.59,4213.205,4187.308,4177.821,4207.308,4102.308,4214.103,сжать руку
17,4202.051,4237.949,4223.077,4186.538,4179.744,4081.154,4132.564,4193.974,4203.718,4184.487,4181.282,4207.051,4102.308,4212.051,сжать руку
17,4196.667,4238.846,4221.538,4187.179,4179.615,4088.333,4148.205,4194.487,4206.795,4186.923,4177.179,4207.308,4095.0,4212.051,сжать руку
17,4189.231,4230.0,4220.0,4181.282,4169.615,4097.821,4181.154,4218.333,4219.231,4188.718,4172.308,4207.436,4087.821,4208.974,сжать руку
17,4185.513,4230.385,4214.103,4177.692,4163.59,4094.103,4180.513,4222.564,4214.872,4186.154,4175.385,4207.949,4088.718,4207.692,сжать руку
17,4197.308,4243.462,4221.667,4187.821,4177.436,4084.359,4152.436,4204.615,4205.256,4190.513,4184.872,4214.615,4100.0,4218.462,сжать руку
17,4211.667,4256.282,4239.103,4197.051,4193.462,4093.077,4149.744,4213.077,4219.359,4211.41,4195.128,4217.051,4110.641,4225.513,сжать руку
17,4207.821,4256.667,4237.179,4190.128,4189.103,4110.641,4180.0,4220.641,4219.615,4202.949,4187.051,4211.538,4097.436,4217.564,сжать руку
17,4200.256,4238.974,4224.487,4179.231,4173.718,4107.692,4193.205,4204.359,4200.769,4177.564,4174.103,4206.41,4080.513,4209.359,сжать руку
17,4211.282,4228.718,4230.0,4181.923,4169.744,4086.282,4161.026,4210.641,4216.282,4197.821,4187.308,4213.205,4098.846,4220.128,сжать руку
17,4222.051,4245.385,4240.641,4193.846,4186.026,4080.641,4133.333,4224.231,4232.051,4218.846,4196.538,4219.872,4114.744,4228.333,сжать руку
17,4209.487,4252.821,4230.256,4190.769,4190.897,4100.0,4153.718,4201.667,4205.0,4189.744,4175.513,4205.385,4089.872,4210.256,сжать руку
17,4200.0,4236.923,4215.641,4178.077,4177.051,4107.051,4173.974,4187.051,4193.333,4170.128,4171.41,4200.0,4076.154,4205.641,сжать руку
17,4216.923,4246.538,4229.744,4188.974,4181.154,4092.436,4146.41,4206.41,4216.795,4195.897,4196.667,4212.308,4102.308,4222.821,сжать руку
17,4227.436,4265.128,4244.487,4200.769,4194.103,4080.897,4117.821,4210.128,4218.333,4202.179,4203.59,4216.154,4110.641,4224.231,сжать руку
17,4223.846,4264.359,4239.103,4190.385,4188.333,4088.077,4131.154,4204.359,4207.436,4192.179,4196.282,4218.718,4095.641,4220.385,сжать руку
17,4224.615,4265.128,4235.897,4184.359,4179.872,4098.846,4152.949,4207.436,4209.744,4195.513,4199.231,4217.949,4094.615,4218.846,сжать руку
17,4218.718,4260.769,4233.846,4189.231,4181.538,4095.128,4155.385,4200.513,4203.205,4187.051,4200.256,4211.795,4093.205,4213.077,сжать руку
17,4210.513,4256.282,4232.949,4188.59,4187.436,4089.615,4153.205,4201.923,4203.846,4184.231,4199.359,4214.872,4086.795,4213.462,сжать руку
17,4222.949,4272.692,4243.462,4189.359,4192.564,4088.974,4151.795,4223.974,4228.59,4210.256,4209.487,4224.872,4097.179,4222.051,сжать руку
17,4232.564,4279.615,4249.615,4194.103,4194.231,4096.154,4153.974,4227.436,4235.385,4226.282,4215.385,4226.282,4104.103,4227.821,сжать руку
17,4216.026,4265.0,4235.769,4190.385,4189.872,4098.205,4153.718,4202.564,4210.641,4209.487,4202.949,4213.974,4093.205,4219.872,сжать руку
17,4204.872,4265.128,4222.308,4182.564,4181.795,4090.641,4152.179,4200.128,4204.103,4194.359,4196.795,4210.513,4083.59,4210.897,сжать руку
17,4207.564,4267.179,4225.385,4180.128,4181.667,4096.154,4168.205,4220.897,4223.846,4198.077,4202.179,4217.051,4080.0,4212.051,сжать руку
17,4205.769,4252.692,4230.128,4180.0,4188.846,4103.333,4174.103,4215.641,4223.974,4205.641,4206.282,4218.077,4081.282,4215.385,сжать руку
17,4208.205,4258.462,4232.821,4185.128,4190.769,4097.564,4158.846,4202.949,4211.282,4212.051,4209.744,4222.949,4091.667,4222.821,сжать руку
17,4221.41,4279.231,4240.385,4192.436,4189.103,4095.769,4159.615,4213.333,4214.872,4219.359,4213.974,4224.487,4093.718,4225.641,сжать руку
17,4219.487,4271.667,4237.051,4189.103,4185.897,4096.154,4164.487,4214.744,4217.949,4212.564,4206.667,4216.667,4076.795,4217.051,сжать руку
17,4209.872,4265.128,4228.462,4189.615,4187.692,4089.487,4151.923,4207.821,4215.513,4199.872,4200.641,4216.667,4069.872,4216.41,сжать руку
17,4218.846,4284.103,4237.949,4196.923,4193.718,4094.615,4154.103,4219.615,4221.41,4208.333,4209.231,4220.769,4080.0,4223.846,сжать руку
17,4233.462,4295.256,4251.538,4200.769,4192.692,4105.641,4169.359,4230.256,4227.179,4218.846,4214.487,4222.692,4085.769,4227.179,сжать руку
17,4240.256,4305.641,4251.923,4203.077,4194.872,4099.872,4168.333,4216.923,4218.462,4211.923,4208.974,4221.282,4079.231,4222.692,сжать руку
17,4250.385,4326.026,4250.0,4206.538,4200.256,4091.538,4164.103,4202.308,4206.923,4198.718,4205.513,4219.615,4072.436,4224.744,сжать руку
17,4271.667,4337.949,4263.846,4213.974,4200.385,4092.436,4156.538,4211.282,4212.308,4200.0,4217.308,4225.128,4087.308,4240.256,сжать руку
17,4278.974,4331.41,4270.769,4215.0,4195.513,4096.538,4145.0,4219.872,4219.231,4208.974,4223.974,4225.513,4100.385,4239.615,сжать руку
17,4269.231,4338.333,4254.487,4213.205,4188.462,4101.667,4151.667,4207.564,4208.846,4196.923,4206.282,4221.154,4080.0,4227.179,сжать руку
17,4270.769,4352.436,4252.436,4217.564,4189.231,4103.462,4173.462,4211.282,4207.179,4184.872,4196.154,4222.179,4059.615,4228.846,сжать руку
17,4282.692,4339.487,4271.154,4220.641,4200.385,4091.41,4160.385,4226.41,4221.41,4200.897,4215.256,4229.872,4078.718,4241.282,сжать руку
17,4284.359,4329.615,4274.487,4220.128,4205.513,4086.667,4130.769,4211.282,4216.923,4214.487,4226.41,4233.077,4098.718,4244.487,сжать руку
17,4269.103,4332.692,4257.436,4213.077,4196.667,4100.0,4144.615,4192.179,4203.846,4199.231,4206.154,4219.359,4077.692,4228.846,сжать руку
17,4258.462,4324.231,4246.282,4207.308,4191.795,4105.385,4160.385,4202.821,4211.41,4190.256,4195.769,4216.795,4057.821,4223.59,сжать руку
17,4259.103,4319.615,4247.564,4210.641,4192.564,4098.205,4147.051,4216.282,4222.564,4213.205,4209.231,4227.436,4068.59,4233.077,сжать руку
17,4255.128,4316.41,4244.103,4210.256,4187.692,4096.538,4146.795,4212.564,4219.103,4226.923,4213.974,4224.744,4073.718,4233.333,сжать руку
17,4244.872,4298.205,4234.487,4203.077,4187.436,4104.744,4163.718,4212.949,4217.051,4213.718,4206.667,4221.538,4062.692,4229.359,сжать руку
17,4239.231,4294.231,4231.026,4200.897,4197.821,4109.487,4164.872,4220.385,4223.718,4208.974,4199.872,4220.897,4052.949,4222.436,сжать руку
17,4240.128,4299.615,4234.231,4202.051,4194.487,4105.385,4153.462,4213.846,4217.564,4210.0,4194.103,4216.795,4047.692,4217.692,сжать руку
17,4238.974,4292.949,4234.487,4203.462,4185.128,4103.077,4149.872,4203.077,4206.667,4202.051,4194.231,4216.667,4051.282,4223.333,сжать руку
17,4238.718,4293.974,4230.641,4201.923,4191.41,4106.923,4154.103,4213.205,4216.41,4200.256,4195.385,4216.923,4054.615,4225.513,сжать руку
17,4235.897,4284.615,4221.154,4193.077,4181.41,4106.282,4164.744,4219.744,4219.103,4201.154,4188.974,4213.205,4044.103,4220.0,сжать руку
17,4226.667,4262.436,4214.487,4187.564,4164.487,4100.769,4161.282,4200.769,4199.487,4197.821,4186.667,4208.333,4036.282,4214.359,сжать руку
17,4221.026,4268.974,4215.641,4191.41,4174.359,4097.692,4146.154,4197.308,4196.923,4197.692,4191.154,4212.179,4036.667,4215.897,сжать руку
17,4224.103,4278.846,4220.0,4195.128,4187.308,4102.692,4152.949,4222.564,4218.462,4204.487,4192.821,4222.051,4032.308,4221.026,сжать руку
17,4227.436,4262.051,4220.128,4194.487,4180.769,4107.179,4165.769,4227.692,4221.538,4212.436,4193.846,4222.692,4030.0,4219.744,сжать руку
17,4222.564,4254.359,4213.974,4194.744,4173.333,4105.256,4157.564,4213.205,4207.051,4215.0,4196.41,4220.128,4036.41,4221.154,сжать руку
17,4217.821,4266.41,4213.205,4196.282,4178.462,4109.359,4152.692,4210.769,4207.436,4211.154,4190.769,4216.41,4033.59,4219.615,сжать руку
17,4214.872,4265.256,4210.897,4192.308,4178.974,4110.641,4161.538,4209.359,4214.103,4198.077,4181.026,4207.821,4015.513,4208.718,сжать руку
17,4211.795,4260.385,4207.564,4188.718,4175.0,4107.821,4163.718,4207.821,4212.692,4194.872,4182.949,4206.795,4010.513,4211.154,сжать руку
17,4217.308,4270.641,4216.41,4199.359,4178.205,4108.077,4150.385,4211.154,4210.897,4213.718,4193.59,4211.538,4025.128,4222.436,сжать руку
17,4216.795,4267.692,4215.769,4209.359,4178.846,4111.154,4154.615,4218.077,4220.513,4221.538,4189.103,4211.026,4023.205,4219.615,сжать руку
17,4212.179,4263.205,4204.359,4213.974,4177.692,4118.462,4171.026,4216.538,4221.923,4210.0,4179.615,4205.897,4010.0,4212.051,сжать руку
17,4217.308,4274.103,4206.667,4220.641,4178.205,4113.333,4150.769,4207.692,4210.0,4208.462,4191.538,4208.205,4019.487,4215.513,сжать руку
17,4213.59,4268.59,4207.821,4221.154,4173.718,4103.974,4136.667,4217.436,4215.128,4217.179,4195.897,4211.282,4026.41,4219.103,сжать руку
17,4202.308,4257.308,4200.769,4217.821,4170.128,4103.59,4158.974,4225.513,4224.615,4218.718,4183.974,4205.641,4016.667,4211.795,сжать руку
17,4202.949,4263.59,4201.026,4219.615,4173.333,4107.179,4163.846,4216.41,4220.641,4215.769,4187.949,4210.769,4016.41,4211.41,сжать руку
17,4207.436,4269.744,4204.615,4222.308,4175.769,4111.154,4153.205,4210.641,4214.231,4218.077,4197.051,4218.59,4020.0,4216.667,сжать руку
17,4203.59,4260.0,4199.103,4218.077,4170.769,4115.0,4161.154,4206.538,4206.41,4209.615,4187.949,4210.0,4008.59,4211.667,сжать руку
17,4201.154,4254.615,4194.487,4219.359,4170.513,4116.923,4171.923,4202.564,4201.538,4191.026,4177.692,4207.821,4000.0,4210.256,сжать руку
17,4202.692,4256.667,4197.436,4221.538,4172.564,4112.949,4170.128,4203.59,4205.0,4188.718,4179.103,4209.615,4001.538,4211.154,сжать руку
17,4201.154,4249.872,4196.41,4215.256,4163.077,4107.949,4163.205,4207.051,4210.128,4197.949,4179.359,4206.538,4000.641,4210.256,сжать руку
17,4202.179,4245.385,4195.513,4218.59,4161.538,4106.795,4158.462,4211.026,4212.564,4203.974,4180.0,4210.128,4003.462,4212.308,сжать руку
17,4203.718,4246.795,4196.026,4226.795,4170.385,4106.026,4155.641,4212.564,4217.821,4210.513,4183.846,4211.282,4009.872,4212.564,сжать руку
17,4209.359,4254.872,4197.564,4234.872,4176.795,4109.744,4152.949,4212.821,4224.744,4219.487,4191.282,4213.205,4020.0,4218.59,сжать руку
17,4212.179,4263.59,4200.0,4241.026,4182.436,4125.385,4164.103,4213.846,4220.0,4219.231,4192.179,4211.667,4023.718,4218.333,сжать руку
17,4205.897,4258.333,4197.179,4233.59,4180.256,4129.103,4173.846,4208.846,4209.231,4209.872,4182.308,4205.0,4011.795,4210.513,сжать руку
17,4209.231,4253.462,4197.821,4227.949,4177.051,4110.641,4159.744,4204.487,4210.897,4211.667,4184.744,4207.308,4010.128,4213.077,сжать руку
17,4217.436,4254.487,4201.282,4231.154,4181.923,4103.462,4151.41,4209.103,4217.308,4218.462,4193.077,4206.41,4018.974,4215.513,сжать руку
17,4217.308,4251.923,4201.538,4228.974,4180.385,4113.462,4157.692,4205.128,4208.462,4208.974,4186.923,4203.846,4014.744,4213.59,сжать руку
17,4211.538,4247.692,4199.487,4222.692,4174.103,4117.692,4158.077,4198.462,4204.103,4196.667,4177.051,4206.026,4004.744,4210.641,сжать руку
17,4206.923,4243.462,4196.923,4222.308,4175.385,4111.282,4155.128,4206.41,4213.333,4198.974,4176.41,4208.333,4005.769,4211.795,сжать руку
17,4210.0,4245.0,4200.385,4225.641,4177.436,4106.923,4157.949,4220.513,4218.846,4209.359,4181.282,4210.0,4013.333,4217.051,сжать руку
17,4216.41,4249.103,4207.179,4225.641,4173.718,4108.077,4161.282,4221.538,4217.179,4215.385,4182.051,4207.949,4016.154,4212.436,сжать руку
17,4213.205,4240.256,4203.205,4221.667,4171.282,4112.179,4165.769,4206.538,4210.385,4203.205,4176.026,4206.667,4007.436,4204.231,сжать руку
17,4208.462,4232.821,4198.718,4220.769,4176.41,4121.923,4173.077,4198.205,4204.359,4194.103,4172.564,4206.41,4000.641,4206.154,сжать руку
17,4217.821,4240.256,4205.256,4223.333,4179.359,4119.359,4160.897,4203.333,4204.103,4208.077,4179.231,4206.923,4008.974,4214.615,сжать руку
17,4221.795,4236.026,4203.077,4220.256,4173.718,4108.846,4140.256,4208.333,4210.128,4216.282,4183.333,4207.179,4013.333,4220.0,сжать руку
17,4211.41,4221.923,4191.538,4213.333,4167.692,4111.538,4145.385,4209.615,4216.923,4206.282,4181.026,4204.744,4010.385,4216.923,сжать руку
17,4209.103,4222.179,4187.692,4212.436,4168.462,4119.744,4158.846,4209.103,4217.051,4201.41,4179.872,4206.282,4010.0,4212.436,сжать руку
17,4214.487,4228.846,4188.718,4214.103,4174.231,4118.077,4149.487,4204.103,4215.385,4209.487,4178.462,4206.667,4007.949,4212.051,сжать руку
17,4210.385,4222.564,4182.436,4209.103,4170.641,4106.795,4136.282,4205.897,4218.077,4207.564,4179.231,4204.103,4000.769,4209.103,сжать руку
17,4203.718,4216.154,4177.051,4207.564,4166.282,4102.308,4143.974,4215.0,4218.333,4194.872,4185.0,4207.692,3998.974,4209.487,сжать руку
18,4212.949,4227.821,4192.179,4212.821,4183.333,4120.513,4165.256,4192.821,4203.974,4199.872,4192.308,4205.769,4011.154,4214.103,разжать руку
18,4206.154,4212.436,4191.41,4205.769,4169.872,4119.359,4174.231,4218.077,4222.821,4203.846,4196.795,4210.385,4008.462,4216.667,разжать руку
18,4200.256,4206.538,4190.385,4203.462,4167.821,4109.872,4168.718,4215.0,4217.436,4195.641,4194.103,4208.077,3997.051,4212.051,разжать руку
18,4203.59,4217.436,4188.077,4206.923,4173.59,4102.179,4156.667,4185.385,4192.308,4179.744,4179.487,4202.821,3987.179,4206.667,разжать руку
18,4213.974,4233.718,4192.949,4215.513,4178.205,4111.795,4164.359,4201.923,4202.821,4187.308,4181.795,4205.0,3991.923,4209.103,разжать руку
18,4220.128,4247.308,4200.769,4221.795,4189.487,4126.282,4176.282,4217.436,4216.282,4201.538,4191.667,4205.256,3996.923,4214.872,разжать руку
18,4222.051,4260.769,4203.462,4226.923,4200.641,4118.077,4159.487,4193.333,4201.41,4197.436,4190.256,4206.282,3998.077,4218.718,разжать руку
18,4215.897,4259.231,4194.744,4223.974,4195.513,4111.154,4148.205,4191.41,4200.897,4185.641,4187.051,4204.231,3994.231,4210.897,разжать руку
18,4203.462,4245.769,4183.846,4215.641,4184.103,4126.538,4170.0,4212.179,4215.128,4180.513,4184.615,4202.692,3986.667,4206.538,разжать руку
18,4202.821,4248.846,4189.487,4217.051,4186.538,4128.59,4180.385,4211.795,4213.59,4185.385,4183.077,4202.821,3988.846,4211.154,разжать руку
18,4209.872,4257.436,4197.692,4220.769,4190.897,4107.692,4156.026,4203.974,4209.103,4196.026,4190.128,4201.795,3999.744,4217.308,разжать руку
18,4215.769,4256.795,4200.256,4220.513,4191.282,4104.359,4140.769,4201.923,4210.769,4205.385,4197.949,4206.026,4004.615,4220.641,разжать руку
18,4222.821,4262.821,4207.692,4223.205,4193.333,4117.179,4148.462,4200.641,4210.0,4202.692,4188.462,4205.769,3998.59,4215.769,разжать руку
18,4223.846,4264.231,4213.077,4222.564,4188.974,4117.564,4159.872,4215.0,4217.821,4193.462,4185.128,4205.641,3996.154,4215.128,разжать руку
18,4215.769,4250.513,4206.154,4215.385,4184.103,4117.949,4177.564,4219.744,4217.051,4192.051,4191.154,4204.615,4000.897,4215.0,разжать руку
18,4214.615,4249.103,4202.949,4217.308,4191.667,4121.795,4173.59,4198.462,4201.282,4194.872,4185.256,4202.436,4003.205,4211.282,разжать руку
18,4218.205,4257.692,4206.795,4221.026,4199.744,4122.564,4152.179,4186.667,4195.0,4187.051,4177.564,4204.359,3996.667,4212.564,разжать руку
18,4210.897,4243.205,4201.667,4209.615,4188.077,4118.333,4163.205,4198.846,4202.821,4178.205,4176.41,4200.897,3988.333,4210.128,разжать руку
18,4211.282,4234.359,4198.462,4207.436,4181.41,4109.872,4174.487,4205.256,4209.359,4188.205,4182.564,4203.59,3996.154,4211.667,разжать руку
18,4220.128,4249.359,4207.436,4219.231,4195.769,4116.41,4163.718,4200.513,4210.128,4198.718,4186.026,4206.538,4005.256,4213.718,разжать руку
18,4217.179,4247.436,4207.692,4217.821,4197.436,4126.538,4169.615,4210.256,4219.872,4195.769,4179.359,4201.795,3995.897,4207.564,разжать руку
18,4220.128,4241.795,4206.154,4218.077,4188.718,4119.615,4178.718,4220.385,4224.359,4196.026,4179.615,4206.667,3993.974,4216.154,разжать руку
18,4231.795,4252.436,4218.974,4226.026,4194.615,4111.41,4166.154,4210.769,4211.282,4203.462,4192.051,4212.051,4009.872,4224.744,разжать руку
18,4222.821,4245.897,4218.59,4218.59,4193.462,4123.077,4172.308,4203.59,4208.59,4198.974,4190.385,4206.154,4009.487,4212.051,разжать руку
18,4212.949,4241.282,4208.333,4215.769,4189.744,4133.59,4185.769,4201.41,4212.179,4191.026,4178.462,4201.795,3998.974,4207.051,разжать руку
18,4220.513,4254.872,4208.077,4224.359,4201.41,4126.538,4169.872,4196.795,4205.128,4195.0,4180.513,4200.128,4002.436,4211.282,разжать руку
18,4215.641,4247.949,4201.795,4220.128,4202.692,4124.103,4170.128,4206.923,4203.718,4193.59,4178.333,4195.256,3995.385,4207.436,разжать руку
18,4206.026,4238.077,4196.41,4214.615,4198.718,4129.744,4187.564,4207.179,4206.026,4184.744,4169.231,4192.564,3983.718,4203.333,разжать руку
18,4216.795,4251.795,4203.077,4224.103,4207.692,4131.154,4175.897,4187.051,4200.641,4179.487,4173.333,4197.564,3988.718,4207.821,разжать руку
18,4227.949,4257.564,4205.256,4230.0,4209.231,4131.154,4165.897,4196.923,4205.385,4182.436,4178.462,4204.103,3993.333,4211.41,разжать руку
18,4227.308,4249.615,4200.513,4222.308,4201.026,4129.231,4178.205,4220.641,4214.487,4192.821,4177.692,4201.282,3990.641,4211.026,разжать руку
18,4231.154,4251.538,4202.692,4222.564,4203.718,4123.846,4179.744,4212.821,4210.128,4196.923,4180.897,4202.308,3996.282,4217.564,разжать руку
18,4242.564,4255.513,4206.282,4229.231,4213.077,4133.718,4182.051,4197.949,4206.795,4196.923,4183.59,4205.0,4002.051,4219.744,разжать руку
18,4254.744,4251.795,4206.026,4226.667,4211.41,4141.538,4187.692,4205.513,4209.103,4201.795,4186.282,4202.308,4003.077,4217.564,разжать руку
18,4261.795,4248.59,4205.513,4224.744,4202.564,4126.667,4174.103,4220.513,4214.359,4210.385,4190.641,4202.051,4005.385,4218.846,разжать руку
18,4258.59,4243.718,4205.897,4225.769,4198.077,4121.41,4165.385,4224.231,4221.026,4215.385,4188.59,4201.41,4006.923,4215.513,разжать руку
18,4251.41,4245.769,4206.667,4226.026,4204.359,4134.615,4171.923,4214.231,4219.103,4210.385,4184.103,4203.205,4004.231,4213.59,разжать руку
18,4254.487,4249.487,4201.026,4223.718,4211.026,4140.897,4180.769,4205.641,4214.872,4200.0,4175.769,4197.692,3988.59,4207.564,разжать руку
18,4274.487,4238.846,4188.974,4217.308,4205.897,4131.795,4178.205,4205.769,4211.923,4195.769,4166.026,4189.103,3979.744,4201.154,разжать руку
18,4296.795,4234.744,4186.282,4215.641,4205.897,4132.436,4177.692,4210.769,4212.821,4204.615,4171.923,4197.436,3996.923,4209.872,разжать руку
18,4302.949,4245.641,4190.769,4221.282,4211.41,4139.744,4185.513,4212.692,4214.359,4209.231,4179.487,4202.179,4001.923,4211.282,разжать руку
18,4298.974,4252.692,4190.0,4227.564,4208.59,4132.692,4180.769,4205.769,4211.026,4197.564,4173.462,4197.051,3985.641,4203.462,разжать руку
18,4304.103,4259.487,4194.872,4232.692,4214.231,4126.923,4169.103,4207.949,4216.795,4199.615,4175.513,4199.487,3988.462,4209.615,разжать руку
18,4307.436,4258.462,4200.0,4228.333,4217.564,4133.205,4176.282,4217.051,4218.718,4215.385,4182.821,4202.949,4000.897,4212.821,разжать руку
18,4298.077,4244.872,4189.744,4218.462,4202.821,4143.846,4204.231,4218.59,4205.128,4208.974,4178.974,4199.103,3995.128,4205.641,разжать руку
18,4296.538,4253.974,4189.359,4224.231,4205.641,4139.231,4207.949,4213.462,4205.897,4198.846,4178.077,4192.692,3990.513,4204.231,разжать руку
18,4306.282,4275.897,4202.949,4233.462,4220.641,4124.487,4181.923,4207.564,4220.385,4208.59,4182.949,4195.256,3993.846,4210.769,разжать руку
18,4307.821,4276.282,4203.846,4229.744,4216.538,4128.718,4177.949,4203.59,4214.103,4211.026,4176.923,4198.974,3992.308,4211.795,разжать руку
18,4302.436,4267.821,4198.59,4223.974,4212.308,4141.667,4196.026,4203.462,4204.359,4194.103,4172.308,4194.359,3991.667,4206.41,разжать руку
18,4303.077,4263.974,4202.436,4222.821,4219.487,4144.744,4199.872,4208.718,4220.769,4190.385,4178.718,4194.872,3995.256,4210.128,разжать руку
18,4302.051,4260.513,4201.795,4221.538,4222.564,4145.256,4191.026,4205.641,4221.923,4200.897,4174.231,4192.949,3991.154,4208.974,разжать руку
18,4294.615,4257.051,4190.256,4215.897,4215.897,4146.667,4191.923,4197.308,4201.923,4190.513,4162.564,4187.564,3980.128,4200.897,разжать руку
18,4293.59,4263.974,4191.538,4215.513,4210.897,4144.231,4197.692,4207.692,4211.795,4180.641,4165.897,4191.41,3984.744,4205.128,разжать руку
18,4297.179,4276.026,4202.051,4219.103,4214.231,4144.103,4196.154,4214.744,4223.333,4188.333,4169.872,4192.949,3989.872,4206.923,разжать руку
18,4298.077,4281.538,4202.179,4221.538,4220.769,4146.282,4187.308,4204.103,4206.923,4190.769,4167.436,4194.615,3983.59,4205.641,разжать руку
18,4301.667,4289.231,4209.231,4226.538,4225.256,4145.128,4185.513,4212.949,4217.692,4203.462,4177.949,4201.667,3993.462,4210.0,разжать руку
18,4304.487,4297.179,4216.026,4227.308,4226.41,4148.974,4196.154,4224.231,4236.667,4209.872,4182.179,4199.487,4002.179,4209.103,разжать руку
18,4303.077,4300.0,4206.282,4224.231,4229.872,4152.308,4190.641,4202.821,4212.949,4191.538,4166.667,4195.385,3990.897,4205.128,разжать руку
18,4305.128,4301.667,4202.436,4221.538,4229.231,4146.667,4182.564,4203.077,4210.897,4199.359,4166.667,4199.744,3992.821,4208.205,разжать руку
18,4319.103,4316.154,4222.436,4226.026,4229.487,4138.205,4186.667,4232.051,4239.872,4235.641,4186.667,4210.385,4013.59,4221.282,разжать руку
18,4331.41,4332.949,4239.359,4231.795,4241.923,4140.769,4182.821,4222.692,4230.385,4230.641,4192.179,4208.333,4018.718,4220.897,разжать руку
18,4311.282,4317.949,4219.487,4220.513,4236.41,4147.821,4183.718,4202.436,4206.667,4189.359,4171.795,4193.333,3995.256,4202.949,разжать руку
18,4287.436,4299.744,4203.974,4210.0,4218.59,4145.641,4187.949,4215.385,4216.154,4194.231,4163.59,4196.795,3986.026,4202.692,разжать руку
18,4293.846,4308.077,4217.821,4212.821,4225.0,4149.231,4184.744,4217.051,4226.282,4221.154,4172.308,4203.077,3997.949,4209.744,разжать руку
18,4301.667,4315.256,4222.308,4214.615,4233.333,4152.179,4182.308,4204.231,4223.077,4207.949,4173.205,4200.641,4004.103,4207.692,разжать руку
18,4297.436,4313.462,4212.308,4213.077,4225.897,4148.846,4185.897,4209.744,4222.051,4192.949,4170.769,4199.744,4006.026,4207.692,разжать руку
18,4293.077,4315.769,4203.205,4208.462,4222.436,4149.103,4188.846,4201.154,4212.692,4192.436,4161.538,4193.205,3997.308,4203.846,разжать руку
18,4293.333,4319.615,4203.205,4204.615,4225.256,4148.462,4187.308,4186.923,4208.462,4187.308,4156.41,4194.231,3993.59,4203.974,разжать руку
18,4297.949,4326.154,4215.128,4206.282,4227.179,4143.718,4179.615,4202.821,4215.513,4205.128,4174.487,4203.077,4012.179,4212.436,разжать руку
18,4302.949,4337.436,4222.692,4208.462,4232.308,4136.41,4163.462,4218.462,4220.385,4235.769,4187.949,4203.462,4022.179,4214.231,разжать руку
18,4293.205,4338.333,4212.692,4205.897,4238.205,4143.846,4171.538,4206.538,4217.436,4213.077,4169.872,4194.231,4003.974,4203.333,разжать руку
18,4277.436,4332.308,4204.744,4202.821,4236.282,4155.0,4184.744,4191.667,4211.026,4176.026,4164.487,4192.949,3998.846,4200.0,разжать руку
18,4278.59,4335.641,4209.487,4202.692,4234.359,4149.231,4177.308,4199.487,4216.026,4196.026,4184.103,4200.513,4018.077,4209.231,разжать руку
18,4285.0,4340.769,4207.308,4200.513,4238.59,4138.974,4185.256,4214.744,4227.949,4217.949,4184.231,4193.205,4021.282,4204.103,разжать руку
18,4293.205,4346.154,4203.59,4200.641,4240.256,4135.513,4186.667,4205.513,4222.692,4197.051,4174.359,4187.308,4009.359,4199.872,разжать руку
18,4306.282,4363.718,4214.103,4207.436,4239.872,4135.641,4163.462,4183.846,4202.821,4184.487,4178.333,4196.41,4005.641,4211.667,разжать руку
18,4309.103,4371.026,4218.462,4205.0,4240.385,4137.821,4166.923,4185.256,4199.359,4187.821,4180.256,4194.744,4004.359,4208.333,разжать руку
18,4311.795,4358.333,4209.615,4196.923,4235.385,4145.641,4194.744,4211.41,4215.0,4185.897,4180.0,4192.051,4003.59,4200.641,разжать руку
18,4333.462,4367.051,4219.487,4205.0,4238.205,4151.923,4188.974,4217.692,4212.564,4209.487,4193.333,4202.821,4015.641,4210.385,разжать руку
18,4347.179,4384.615,4230.769,4213.718,4249.872,4151.667,4172.949,4198.846,4199.359,4226.538,4195.513,4203.462,4022.436,4212.949,разжать руку
18,4337.564,4380.256,4217.051,4206.282,4247.179,4146.026,4185.769,4208.718,4212.179,4202.308,4182.308,4194.872,4013.974,4203.333,разжать руку
18,4341.41,4379.872,4212.564,4201.154,4237.821,4140.385,4192.949,4228.974,4226.154,4196.795,4186.026,4196.154,4017.179,4202.436,разжать руку
18,4360.897,4396.667,4222.692,4206.538,4245.385,4143.974,4181.667,4208.462,4208.718,4206.154,4191.538,4201.41,4026.667,4211.282,разжать руку
18,4372.308,4410.769,4222.308,4208.333,4256.795,4154.615,4185.897,4195.0,4198.077,4195.0,4183.205,4198.077,4020.641,4211.026,разжать руку
18,4377.051,4416.026,4218.59,4203.205,4249.744,4154.615,4200.0,4211.41,4205.128,4192.179,4184.359,4198.59,4019.231,4209.359,разжать руку
18,4383.846,4429.359,4226.667,4207.051,4244.231,4146.026,4194.231,4211.795,4199.359,4204.872,4195.256,4207.051,4031.538,4220.256,разжать руку
18,4394.359,4448.205,4230.385,4212.051,4254.744,4143.846,4173.974,4202.821,4201.026,4205.769,4189.487,4202.821,4031.538,4220.513,разжать руку
18,4402.436,4452.949,4217.692,4204.615,4256.538,4150.0,4175.256,4207.308,4208.974,4187.564,4175.513,4194.487,4017.692,4210.385,разжать руку
18,4407.564,4451.41,4209.103,4199.744,4248.974,4153.974,4194.744,4203.59,4195.769,4184.103,4172.949,4193.077,4011.154,4209.231,разжать руку
18,4421.41,4460.513,4211.41,4200.769,4245.513,4141.923,4187.308,4192.692,4192.308,4192.308,4178.59,4191.41,4014.744,4209.872,разжать руку
18,4435.256,4468.077,4209.231,4196.41,4241.667,4139.487,4171.154,4190.897,4199.103,4180.385,4176.667,4192.436,4011.026,4207.949,разжать руку
18,4446.282,4475.0,4209.359,4197.051,4242.692,4152.179,4173.462,4195.513,4193.077,4179.103,4165.769,4190.769,4010.641,4210.897,разжать руку
18,4469.615,4489.615,4220.128,4207.051,4251.282,4149.359,4177.821,4209.103,4201.667,4196.667,4174.231,4193.718,4021.41,4218.846,разжать руку
18,4488.846,4494.487,4224.231,4208.333,4257.051,4150.385,4185.128,4207.179,4217.051,4183.462,4195.256,4200.128,4028.333,4217.821,разжать руку
18,4492.564,4489.231,4218.333,4198.846,4253.974,4158.974,4180.128,4187.179,4204.103,4166.923,4189.103,4194.615,4029.359,4209.744,разжать руку
18,4505.128,4491.795,4216.795,4198.333,4247.821,4151.538,4166.154,4195.513,4199.487,4211.026,4170.385,4193.974,4025.128,4211.795,разжать руку
18,4530.385,4502.308,4222.692,4209.359,4255.513,4143.846,4173.718,4208.205,4210.128,4228.974,4175.0,4200.641,4018.59,4215.0,разжать руку
18,4544.359,4506.795,4227.308,4212.051,4263.205,4147.821,4186.41,4206.026,4211.538,4178.59,4191.795,4203.077,4025.128,4217.564,разжать руку
18,4545.0,4503.077,4226.667,4203.59,4252.179,4150.128,4187.949,4220.128,4218.333,4170.513,4191.667,4202.564,4037.179,4219.359,разжать руку
18,4553.59,4505.385,4224.744,4200.897,4248.59,4149.872,4187.692,4218.205,4216.795,4211.026,4180.385,4201.154,4035.897,4212.436,разжать руку
19,4547.949,4521.795,4221.282,4198.077,4262.821,4161.667,4188.077,4209.487,4211.923,4216.538,4175.128,4202.051,4025.385,4210.769,сжать руку
19,4530.641,4511.795,4212.436,4185.641,4251.154,4156.154,4202.692,4224.103,4214.103,4207.179,4163.59,4197.051,4021.538,4203.974,сжать руку
19,4542.179,4519.872,4210.769,4187.949,4254.231,4146.154,4177.821,4204.103,4204.359,4190.385,4166.026,4202.564,4024.872,4207.179,сжать руку
19,4557.564,4542.564,4217.821,4194.744,4266.026,4147.564,4140.641,4195.0,4216.154,4221.667,4172.051,4203.846,4031.923,4214.487,сжать руку
19,4537.436,4545.769,4216.795,4194.615,4268.846,4163.59,4162.179,4221.538,4241.923,4248.974,4160.641,4203.846,4028.718,4213.333,сжать руку
19,4508.462,4539.872,4211.538,4194.487,4265.385,4171.667,4207.821,4237.692,4239.103,4219.359,4151.282,4206.538,4025.769,4210.385,сжать руку
19,4505.256,4550.256,4215.256,4199.103,4264.103,4159.359,4196.41,4200.385,4208.59,4200.769,4163.718,4203.462,4029.231,4212.308,сжать руку
19,4498.333,4564.231,4219.359,4202.949,4270.769,4150.513,4168.077,4164.744,4190.385,4208.846,4160.256,4197.436,4019.231,4212.564,сжать руку
19,4476.026,4562.051,4215.769,4195.641,4270.256,4157.308,4185.128,4192.821,4207.051,4216.41,4148.333,4197.949,4020.256,4205.0,сжать руку
19,4467.692,4553.974,4213.333,4190.385,4259.231,4164.231,4203.333,4220.0,4221.41,4215.256,4163.974,4205.128,4039.615,4205.769,сжать руку
19,4471.795,4559.231,4216.282,4200.128,4262.564,4168.205,4198.59,4202.564,4212.436,4217.821,4169.359,4200.641,4024.872,4208.974,сжать руку
19,4466.667,4567.051,4217.308,4203.846,4275.0,4163.718,4193.974,4197.564,4211.154,4224.103,4148.718,4192.821,3993.59,4201.026,сжать руку
19,4460.0,4568.59,4221.026,4198.974,4274.744,4152.564,4188.333,4211.282,4216.282,4223.974,4144.487,4201.923,4009.487,4206.154,сжать руку
19,4460.769,4567.821,4223.333,4196.026,4271.026,4158.59,4192.949,4209.231,4208.59,4212.564,4153.59,4202.821,4024.615,4209.744,сжать руку
19,4461.026,4572.949,4217.564,4197.821,4274.872,4168.974,4198.974,4201.923,4203.333,4195.513,4153.846,4196.41,4010.769,4204.744,сжать руку
19,4482.949,4586.026,4219.872,4202.692,4283.205,4160.385,4188.718,4191.41,4200.897,4194.872,4153.974,4203.846,4011.282,4210.513,сжать руку
19,4535.128,4586.154,4224.872,4197.949,4280.256,4151.538,4176.923,4186.026,4193.846,4216.026,4155.385,4206.154,4013.846,4212.692,сжать руку
19,4571.795,4575.256,4221.026,4191.41,4270.769,4162.179,4182.308,4202.179,4201.667,4236.154,4151.026,4203.718,4008.462,4210.769,сжать руку
19,4571.667,4569.487,4216.538,4193.846,4272.949,4177.436,4196.41,4200.897,4208.333,4219.872,4148.718,4201.41,4010.0,4207.436,сжать руку
19,4566.41,4564.487,4207.692,4192.436,4275.256,4176.154,4208.077,4184.872,4203.462,4185.128,4142.436,4196.41,3997.179,4200.0,сжать руку
19,4575.513,4562.308,4198.462,4190.0,4273.846,4170.897,4210.513,4194.744,4214.487,4176.154,4133.59,4196.795,3982.692,4197.692,сжать руку
19,4588.205,4565.897,4202.179,4193.718,4274.487,4175.128,4202.051,4199.487,4210.641,4171.41,4131.026,4199.231,3991.282,4203.718,сжать руку
19,4597.179,4565.641,4207.436,4193.333,4269.872,4176.154,4201.538,4191.41,4192.436,4178.077,4132.949,4204.359,4002.949,4210.513,сжать руку
19,4603.077,4566.923,4208.462,4192.308,4268.59,4173.846,4211.795,4200.385,4212.949,4209.615,4137.308,4207.308,4006.538,4208.205,сжать руку
19,4613.205,4575.641,4214.359,4199.103,4275.128,4170.513,4203.333,4203.333,4232.692,4215.641,4145.128,4206.538,4012.436,4207.949,сжать руку
19,4625.513,4583.718,4223.846,4201.667,4281.667,4165.128,4183.974,4196.538,4216.026,4224.872,4155.641,4213.462,4023.462,4218.333,сжать руку
19,4626.538,4585.0,4228.846,4199.103,4286.41,4164.615,4186.026,4200.897,4218.974,4232.949,4161.282,4216.026,4039.231,4221.923,сжать руку
19,4629.744,4579.744,4229.487,4200.641,4285.0,4165.641,4198.205,4208.077,4246.923,4225.256,4156.795,4213.974,4034.744,4221.026,сжать руку
19,4644.359,4583.333,4233.846,4202.051,4285.897,4172.436,4205.256,4210.128,4240.385,4235.256,4150.256,4212.564,4011.41,4218.59,сжать руку
19,4654.744,4590.385,4234.103,4195.0,4294.231,4187.051,4213.974,4199.744,4204.744,4230.641,4143.077,4210.128,4015.513,4212.821,сжать руку
19,4660.385,4589.872,4231.282,4194.615,4301.667,4192.949,4212.692,4192.821,4200.641,4222.051,4144.872,4215.897,4041.282,4217.436,сжать руку
19,4669.615,4594.103,4236.026,4205.0,4305.897,4186.282,4202.308,4215.385,4235.641,4242.692,4149.744,4219.487,4019.359,4217.564,сжать руку
19,4662.949,4590.256,4230.897,4202.179,4300.256,4185.641,4216.41,4222.821,4238.205,4224.744,4134.615,4210.641,3972.179,4204.872,сжать руку
19,4644.359,4579.231,4218.59,4196.538,4295.0,4193.333,4237.179,4194.487,4199.872,4182.308,4119.872,4207.179,3978.846,4202.436,сжать руку
19,4641.667,4583.718,4219.872,4200.128,4302.308,4191.154,4218.077,4192.949,4202.949,4221.795,4126.667,4214.872,4002.692,4213.077,сжать руку
19,4650.385,4595.897,4225.897,4200.513,4310.897,4186.154,4192.308,4217.949,4241.282,4254.487,4138.59,4223.846,4005.0,4221.923,сжать руку
19,4652.821,4590.128,4223.077,4193.333,4306.795,4192.821,4207.051,4217.051,4238.59,4208.59,4144.103,4220.0,4003.846,4219.487,сжать руку
19,4646.282,4578.59,4217.949,4188.205,4297.949,4196.282,4222.564,4204.103,4212.949,4204.487,4138.59,4214.359,4001.154,4217.051,сжать руку
19,4645.0,4582.821,4220.897,4191.026,4301.026,4196.154,4213.59,4219.487,4228.59,4234.615,4135.0,4222.308,4002.179,4222.692,сжать руку
19,4650.641,4585.385,4220.385,4190.385,4306.667,4196.154,4218.205,4228.205,4250.513,4226.795,4127.821,4224.615,3992.051,4216.538,сжать руку
19,4652.692,4576.795,4211.026,4188.718,4300.128,4186.41,4230.641,4216.41,4235.769,4223.205,4123.462,4221.795,3971.538,4207.821,сжать руку
19,4660.513,4575.128,4212.692,4197.436,4296.026,4181.667,4224.872,4216.41,4222.179,4239.359,4138.974,4223.846,3984.359,4215.513,сжать руку
19,4660.641,4576.795,4213.974,4212.179,4294.487,4181.923,4208.846,4217.949,4228.205,4215.641,4147.179,4221.667,4003.974,4220.0,сжать руку
19,4634.487,4565.385,4197.436,4222.949,4285.641,4185.0,4205.769,4208.974,4223.718,4149.872,4124.744,4210.897,3969.744,4206.026,сжать руку
19,4614.231,4550.769,4184.487,4230.513,4281.667,4188.205,4210.385,4206.282,4205.0,4195.897,4114.231,4208.205,3936.795,4194.103,сжать руку
19,4619.103,4556.667,4192.949,4247.179,4290.385,4179.615,4199.487,4210.0,4199.872,4280.513,4138.462,4218.462,3957.692,4205.0,сжать руку
19,4610.897,4559.744,4197.308,4257.564,4297.179,4183.59,4200.513,4208.59,4207.051,4187.051,4137.564,4211.41,3966.41,4208.205,сжать руку
19,4587.692,4541.923,4190.0,4255.513,4286.282,4195.641,4218.205,4210.256,4205.513,4111.026,4123.59,4205.128,3943.205,4198.077,сжать руку
19,4579.872,4545.256,4195.769,4268.718,4278.333,4185.385,4217.179,4207.692,4202.308,4182.692,4137.436,4214.744,3936.026,4200.897,сжать руку
19,4567.821,4566.154,4200.0,4284.615,4282.179,4165.385,4194.231,4185.769,4195.769,4191.154,4139.615,4209.487,3943.077,4202.949,сжать руку
19,4545.128,4565.256,4195.385,4280.513,4277.308,4171.795,4184.359,4194.744,4199.231,4162.179,4140.641,4207.692,3950.513,4204.359,сжать руку
19,4542.308,4564.744,4201.154,4281.282,4274.359,4181.795,4189.615,4219.615,4213.462,4213.59,4148.462,4214.872,3951.41,4205.385,сжать руку
19,4540.513,4565.128,4201.026,4285.641,4272.308,4167.821,4196.667,4211.538,4214.872,4213.59,4121.923,4204.103,3931.026,4195.641,сжать руку
19,4526.923,4549.487,4189.103,4278.333,4265.256,4167.308,4218.333,4206.282,4193.462,4157.308,4097.051,4198.333,3927.308,4194.744,сжать руку
19,4534.744,4552.692,4194.615,4282.564,4270.0,4175.385,4213.718,4208.974,4181.923,4172.692,4131.41,4210.641,3950.0,4204.615,сжать руку
19,4548.077,4573.077,4205.0,4297.949,4284.103,4171.282,4185.256,4197.692,4192.564,4182.692,4146.923,4214.487,3946.667,4208.462,сжать руку
19,4527.821,4564.231,4197.692,4296.667,4282.564,4175.385,4202.692,4202.821,4193.974,4172.179,4113.974,4206.538,3919.231,4202.564,сжать руку
19,4506.795,4552.821,4193.333,4292.051,4273.333,4179.359,4214.231,4209.872,4194.359,4180.385,4119.744,4205.256,3919.615,4199.103,сжать руку
19,4507.179,4563.462,4196.41,4301.923,4272.949,4164.615,4181.282,4196.154,4202.692,4187.949,4145.513,4212.436,3938.205,4205.0,сжать руку
19,4501.923,4564.615,4194.487,4309.487,4274.744,4158.462,4172.821,4199.487,4178.974,4217.949,4128.974,4211.41,3932.179,4205.641,сжать руку
19,4489.231,4553.718,4187.436,4306.923,4276.667,4181.282,4188.974,4195.897,4130.385,4207.949,4109.487,4203.974,3916.154,4196.154,сжать руку
19,4477.949,4541.923,4174.359,4298.077,4271.923,4180.0,4193.205,4171.667,4120.128,4149.231,4118.974,4200.769,3910.769,4187.949,сжать руку
19,4481.667,4534.487,4167.051,4291.538,4262.051,4155.0,4195.128,4188.333,4149.103,4127.692,4120.641,4200.128,3904.487,4188.846,сжать руку
19,4505.385,4547.179,4180.385,4299.872,4265.128,4163.333,4188.462,4211.923,4149.744,4154.359,4108.333,4210.513,3893.59,4199.359,сжать руку
19,4518.077,4572.436,4197.308,4311.154,4278.718,4179.872,4171.41,4193.462,4130.641,4178.846,4111.154,4217.821,3895.385,4202.564,сжать руку
19,4501.154,4569.744,4191.282,4307.436,4274.872,4173.462,4180.128,4183.846,4138.846,4179.487,4124.359,4213.59,3900.128,4198.077,сжать руку
19,4478.462,4546.795,4183.974,4302.179,4262.564,4168.59,4202.821,4203.846,4151.026,4196.538,4127.949,4214.872,3892.821,4199.103,сжать руку
19,4470.513,4547.949,4193.59,4307.564,4266.795,4165.641,4198.718,4202.179,4141.41,4183.077,4123.974,4216.538,3896.538,4200.256,сжать руку
19,4462.821,4553.333,4192.564,4310.769,4268.205,4153.974,4186.154,4198.333,4148.205,4139.744,4122.179,4212.821,3896.538,4199.359,сжать руку
19,4446.538,4540.385,4173.333,4310.385,4260.0,4161.154,4186.795,4210.385,4157.051,4160.0,4110.256,4202.949,3874.359,4191.282,сжать руку
19,4434.872,4534.872,4161.538,4315.128,4254.744,4169.615,4170.128,4190.0,4128.333,4209.231,4095.769,4199.872,3870.641,4184.744,сжать руку
19,4437.436,4551.41,4167.051,4329.487,4261.41,4151.795,4133.974,4151.538,4104.231,4189.872,4106.282,4210.385,3891.538,4194.359,сжать руку
19,4436.538,4553.077,4168.846,4332.949,4263.205,4148.205,4137.179,4154.872,4112.179,4123.974,4120.769,4209.231,3903.205,4199.615,сжать руку
19,4419.615,4529.615,4162.564,4319.872,4250.0,4165.256,4179.359,4198.974,4132.308,4116.923,4110.769,4203.846,3894.744,4196.41,сжать руку
19,4409.744,4524.359,4164.872,4317.436,4245.513,4177.564,4198.205,4215.385,4140.641,4155.0,4096.154,4203.846,3885.897,4193.846,сжать руку
19,4402.051,4528.333,4156.923,4316.026,4245.385,4164.744,4178.59,4168.846,4104.872,4158.205,4089.487,4195.513,3873.59,4185.385,сжать руку
19,4392.051,4528.077,4142.179,4314.359,4240.897,4138.333,4151.41,4147.821,4081.154,4142.051,4089.103,4194.872,3864.231,4185.128,сжать руку
19,4387.949,4531.538,4150.513,4321.538,4239.359,4145.769,4156.795,4200.641,4127.564,4161.41,4110.256,4205.0,3885.641,4193.077,сжать руку
19,4377.308,4525.641,4155.769,4321.41,4236.795,4170.256,4190.0,4224.231,4154.744,4163.974,4119.231,4204.103,3899.872,4191.41,сжать руку
19,4370.513,4527.564,4150.897,4325.513,4239.744,4162.308,4184.487,4176.026,4120.641,4128.462,4107.308,4200.385,3885.385,4191.795,сжать руку
19,4369.487,4534.231,4154.359,4332.564,4240.897,4144.615,4157.564,4166.154,4113.59,4163.974,4102.051,4204.231,3875.897,4194.744,сжать руку
19,4356.795,4523.59,4154.103,4324.615,4227.051,4153.205,4170.385,4204.615,4140.897,4220.897,4112.051,4206.795,3896.923,4196.154,сжать руку
19,4352.179,4519.744,4158.077,4319.231,4223.077,4156.795,4179.103,4201.923,4142.308,4164.487,4127.179,4204.359,3928.077,4199.744,сжать руку
19,4357.308,4531.538,4166.923,4329.744,4239.872,4153.974,4159.872,4169.231,4119.872,4068.077,4108.205,4200.256,3901.795,4196.538,сжать руку
19,4345.385,4529.487,4160.385,4330.641,4242.436,4170.897,4165.0,4166.795,4107.692,4115.0,4084.744,4195.641,3858.59,4189.615,сжать руку
19,4333.205,4514.359,4150.256,4313.59,4225.897,4165.641,4173.974,4181.795,4117.308,4212.179,4120.256,4197.821,3894.872,4193.974,сжать руку
19,4329.231,4510.641,4151.026,4301.538,4218.077,4148.718,4162.308,4179.487,4118.462,4149.744,4140.641,4198.718,3924.359,4198.205,сжать руку
19,4318.205,4515.385,4151.795,4300.385,4224.872,4157.308,4163.077,4175.0,4107.564,4055.513,4086.667,4189.615,3863.205,4187.051,сжать руку
19,4316.154,4522.564,4152.051,4305.385,4235.641,4164.231,4154.487,4184.359,4117.308,4122.308,4066.795,4193.333,3843.974,4190.128,сжать руку
19,4315.769,4524.615,4152.179,4306.667,4238.846,4167.692,4145.256,4186.795,4136.154,4184.359,4103.205,4201.154,3897.436,4201.667,сжать руку
19,4285.897,4506.923,4140.128,4286.282,4227.436,4175.256,4177.436,4182.949,4118.462,4105.256,4098.974,4190.0,3882.949,4187.308,сжать руку
19,4256.667,4488.333,4127.949,4262.692,4212.949,4160.385,4183.59,4180.897,4090.769,4068.846,4071.154,4186.538,3846.667,4180.513,сжать руку
19,4266.667,4498.59,4137.949,4268.333,4219.872,4142.179,4128.59,4165.256,4102.821,4158.974,4092.308,4197.821,3898.974,4197.564,сжать руку
19,4272.436,4503.718,4146.154,4276.026,4227.436,4163.205,4125.513,4163.974,4115.769,4177.308,4133.718,4199.615,3950.513,4199.744,сжать руку
19,4238.462,4470.385,4123.846,4251.795,4198.462,4171.667,4176.795,4192.564,4104.103,4088.205,4115.769,4187.051,3898.59,4182.051,сжать руку
19,4206.41,4443.974,4096.41,4228.077,4165.128,4129.872,4152.179,4183.718,4102.564,4071.667,4047.564,4168.718,3834.615,4169.744,сжать руку
19,4199.872,4443.59,4089.615,4229.487,4161.667,4109.872,4091.154,4138.462,4098.077,4087.949,4033.205,4165.513,3864.872,4175.128,сжать руку
19,4192.436,4428.59,4086.41,4224.615,4157.821,4130.641,4108.59,4142.949,4074.615,4046.795,4092.949,4178.333,3893.974,4180.769,сжать руку
19,4187.436,4416.154,4086.282,4216.41,4142.308,4125.256,4128.846,4175.256,4078.462,4115.256,4118.718,4186.41,3863.077,4183.462,сжать руку
19,4198.077,4433.974,4096.538,4233.077,4147.821,4109.872,4104.231,4165.0,4091.795,4165.128,4072.308,4180.897,3872.821,4184.231,сжать руку
20,4192.821,4421.154,4082.308,4235.897,4147.308,4133.462,4136.538,4158.59,4032.051,3924.872,4061.795,4165.897,3868.333,4166.538,разжать руку
20,4203.462,4432.051,4090.513,4243.077,4155.385,4104.872,4090.641,4144.231,4059.231,4077.436,4074.359,4179.487,3883.077,4178.718,разжать руку
20,4197.051,4430.897,4085.128,4245.128,4160.385,4120.0,4079.744,4142.179,4081.154,4092.821,4015.128,4168.462,3939.359,4168.846,разжать руку
20,4178.077,4405.256,4069.231,4239.744,4145.0,4145.0,4115.0,4166.282,4075.256,4065.385,3998.974,4167.051,3965.256,4165.0,разжать руку
20,4179.615,4400.513,4073.846,4247.308,4147.308,4132.949,4125.0,4160.513,4072.564,4101.41,4047.564,4175.513,3940.513,4172.179,разжать руку
20,4174.872,4401.282,4072.564,4251.154,4154.744,4123.333,4109.487,4130.897,4069.615,4028.205,4044.872,4167.051,3892.949,4161.41,разжать руку
20,4157.692,4381.795,4063.718,4245.513,4141.538,4131.923,4109.359,4145.897,4070.641,4046.538,4033.718,4168.462,3915.897,4160.385,разжать руку
20,4158.59,4373.333,4071.154,4248.974,4139.487,4123.974,4105.385,4170.385,4075.641,4158.333,4077.308,4178.974,3975.641,4175.0,разжать руку
20,4161.41,4374.487,4075.0,4252.051,4147.821,4119.872,4099.872,4164.744,4080.256,4076.795,4092.821,4176.667,3954.103,4175.385,разжать руку
20,4155.513,4365.128,4069.872,4248.974,4144.615,4139.231,4113.59,4156.667,4086.923,3975.769,4047.308,4165.769,3902.692,4163.59,разжать руку
20,4146.154,4352.051,4061.154,4245.0,4136.026,4144.231,4113.333,4147.436,4071.026,4061.923,4005.641,4160.385,3901.026,4156.41,разжать руку
20,4137.692,4341.667,4055.256,4240.769,4128.205,4126.282,4096.026,4137.051,4056.154,4104.872,4035.0,4166.154,3948.333,4163.462,разжать руку
20,4143.718,4336.026,4065.513,4245.897,4122.308,4114.615,4099.103,4139.359,4072.436,4030.385,4093.974,4173.718,3971.923,4175.0,разжать руку
20,4152.436,4334.487,4079.487,4256.795,4122.949,4119.359,4109.872,4159.103,4096.026,4049.615,4073.974,4175.128,3930.513,4172.692,разжать руку
20,4143.974,4331.795,4077.821,4258.718,4132.179,4129.231,4096.282,4158.333,4093.077,4089.744,4016.154,4163.974,3907.436,4155.513,разжать руку
20,4130.385,4316.667,4069.359,4253.462,4131.154,4124.744,4080.0,4131.282,4072.949,4046.026,4028.205,4160.769,3947.692,4156.667,разжать руку
20,4136.154,4303.59,4076.026,4256.538,4121.923,4113.846,4081.667,4134.359,4073.462,4039.615,4069.103,4175.0,3951.026,4176.282,разжать руку
20,4138.59,4293.462,4082.308,4257.564,4121.154,4122.179,4088.718,4153.846,4092.308,4129.615,4083.077,4178.462,3902.564,4172.564,разжать руку
20,4130.256,4277.821,4077.692,4253.974,4125.0,4139.103,4101.026,4144.615,4087.051,4119.103,4127.949,4177.564,3936.154,4170.513,разжать руку
20,4137.821,4280.385,4084.231,4264.231,4135.769,4141.538,4102.179,4134.359,4062.564,4011.667,4124.872,4172.692,3985.513,4178.333,разжать руку
20,4145.385,4280.641,4094.359,4266.026,4135.513,4129.487,4092.051,4153.205,4080.128,4067.821,4083.974,4169.487,3956.026,4177.051,разжать руку
20,4135.513,4257.949,4093.59,4252.564,4120.641,4126.026,4103.205,4157.436,4102.692,4159.872,4124.231,4180.769,3928.462,4182.692,разжать руку
20,4126.41,4248.974,4090.128,4254.615,4121.026,4132.949,4109.744,4148.974,4091.923,4063.59,4116.41,4171.026,3905.0,4174.872,разжать руку
20,4119.872,4244.103,4080.897,4258.077,4122.692,4136.026,4096.282,4161.795,4089.487,3968.718,4041.41,4153.59,3891.41,4156.923,разжать руку
20,4118.077,4222.308,4081.154,4250.641,4107.308,4129.103,4095.769,4163.333,4092.692,4101.026,4127.179,4179.487,3974.359,4182.051,разжать руку
20,4131.795,4219.359,4101.282,4255.897,4110.128,4126.026,4101.154,4145.641,4089.231,4199.487,4237.949,4198.077,4019.103,4206.41,разжать руку
20,4127.179,4223.718,4098.205,4262.692,4127.692,4138.205,4112.051,4150.0,4094.103,4039.103,4143.974,4166.41,3895.128,4168.846,разжать руку
20,4101.282,4203.846,4074.487,4253.077,4118.333,4141.41,4125.897,4169.744,4107.692,3953.333,4032.564,4145.128,3839.103,4136.795,разжать руку
20,4107.949,4195.513,4081.795,4255.641,4102.692,4128.974,4110.0,4165.513,4099.359,4076.154,4078.59,4168.846,3913.718,4168.846,разжать руку
20,4133.077,4207.692,4105.897,4275.641,4112.179,4132.949,4096.154,4149.872,4082.949,4130.641,4132.949,4182.564,3925.513,4189.872,разжать руку
20,4135.128,4205.128,4110.256,4279.487,4122.179,4145.513,4110.128,4144.872,4087.692,4058.077,4108.205,4168.333,3970.641,4171.923,разжать руку
20,4132.821,4202.692,4114.231,4277.821,4117.564,4132.949,4099.231,4149.359,4096.41,4032.436,4100.128,4170.641,4057.436,4179.231,разжать руку
20,4141.923,4190.128,4126.667,4279.615,4106.154,4122.179,4083.462,4166.795,4101.154,4072.436,4207.821,4190.513,4039.103,4202.949,разжать руку
20,4135.897,4165.897,4118.462,4277.308,4105.641,4133.59,4099.103,4169.103,4105.256,4040.641,4211.154,4176.41,4004.359,4184.103,разжать руку
20,4120.0,4177.436,4099.359,4284.231,4115.0,4140.256,4102.308,4146.41,4098.59,4001.667,4025.641,4145.769,4029.744,4155.128,разжать руку
20,4125.513,4202.564,4104.231,4291.795,4108.462,4139.231,4097.051,4142.821,4087.179,4055.385,4033.077,4163.974,4035.897,4172.692,разжать руку
20,4123.333,4177.564,4106.282,4283.846,4102.564,4146.026,4108.974,4169.103,4112.821,4077.051,4136.538,4176.154,4041.795,4177.436,разжать руку
20,4102.436,4156.538,4089.103,4280.0,4117.308,4148.718,4101.282,4167.821,4125.769,4039.103,4054.359,4144.615,4113.205,4147.949,разжать руку
20,4107.564,4162.051,4093.718,4288.077,4122.436,4141.282,4079.231,4138.462,4088.462,4023.333,4063.077,4155.128,4146.795,4165.128,разжать руку
20,4119.103,4141.795,4111.667,4286.282,4111.026,4141.667,4086.282,4147.051,4088.333,4041.795,4118.718,4180.256,4141.026,4188.974,разжать руку
20,4100.256,4138.205,4108.333,4281.41,4103.462,4141.667,4097.949,4173.077,4121.282,4047.821,4023.077,4153.974,4232.564,4160.0,разжать руку
20,4088.846,4186.923,4105.256,4290.513,4097.564,4135.769,4088.846,4161.154,4107.692,4052.436,4020.897,4148.462,4367.436,4154.359,разжать руку
20,4099.359,4226.667,4118.718,4297.949,4093.59,4141.154,4089.615,4146.282,4088.59,4086.154,4113.333,4170.641,4431.282,4176.154,разжать руку
20,4097.051,4241.923,4118.333,4295.897,4090.513,4146.282,4098.333,4152.436,4102.436,4094.872,4047.051,4155.0,4493.974,4162.179,разжать руку
20,4089.231,4261.667,4107.692,4296.026,4085.256,4140.385,4092.821,4152.949,4109.615,4059.103,3991.667,4140.897,4601.026,4151.41,разжать руку
20,4081.154,4269.103,4100.769,4292.051,4085.128,4134.872,4094.359,4139.872,4098.974,4040.897,4031.154,4142.564,4649.231,4153.59,разжать руку
20,4074.744,4265.385,4090.641,4281.154,4078.846,4134.744,4102.692,4129.231,4082.821,4066.923,4039.615,4143.205,4701.667,4157.051,разжать руку
20,4084.359,4286.667,4088.59,4281.41,4073.205,4137.436,4101.923,4142.949,4085.897,4048.846,4057.821,4154.872,4782.692,4170.256,разжать руку
20,4083.205,4302.564,4081.282,4281.282,4081.667,4131.41,4099.744,4155.128,4104.872,4011.026,4053.333,4157.436,4770.385,4167.821,разжать руку
20,4071.41,4306.923,4066.026,4276.026,4087.564,4121.41,4095.0,4134.359,4096.667,4036.538,4036.923,4158.077,4740.385,4164.103,разжать руку
20,4076.41,4320.128,4063.59,4278.333,4087.051,4126.026,4086.667,4121.795,4076.41,4046.026,4060.128,4161.538,4777.051,4169.231,разжать руку
20,4085.641,4333.59,4072.692,4283.846,4082.949,4131.282,4083.462,4141.795,4091.795,4026.026,4071.667,4162.692,4796.41,4172.821,разжать руку
20,4083.974,4342.179,4084.103,4292.051,4079.872,4128.846,4090.128,4154.103,4112.051,4033.59,4061.667,4162.564,4777.821,4173.59,разжать руку
20,4082.564,4349.359,4094.744,4297.949,4076.41,4127.821,4093.59,4145.513,4104.359,4037.564,4061.282,4158.59,4766.026,4171.538,разжать руку
20,4085.128,4353.205,4104.103,4298.077,4068.846,4128.205,4089.231,4136.41,4093.077,4022.308,4065.128,4157.179,4742.308,4171.026,разжать руку
20,4094.744,4360.385,4115.513,4301.538,4070.256,4129.487,4089.359,4129.487,4086.026,4026.538,4069.103,4158.718,4713.205,4173.846,разжать руку
20,4101.154,4368.59,4116.667,4305.385,4080.385,4129.231,4089.615,4131.923,4092.564,4030.0,4074.487,4160.0,4695.641,4178.333,разжать руку
20,4098.974,4370.641,4105.641,4305.513,4087.051,4130.897,4089.872,4137.051,4104.103,4008.974,4064.744,4159.103,4658.718,4180.385,разжать руку
20,4108.718,4373.59,4108.462,4304.231,4092.308,4136.154,4094.744,4136.282,4096.41,4012.051,4062.949,4162.308,4628.077,4183.077,разжать руку
20,4127.692,4379.487,4122.179,4306.154,4099.103,4136.282,4093.462,4143.077,4093.846,4035.385,4075.769,4173.333,4621.538,4190.256,разжать руку
20,4137.051,4390.0,4129.744,4316.026,4105.897,4134.103,4092.051,4153.718,4108.846,4038.59,4084.231,4175.897,4610.641,4195.256,разжать руку
20,4140.385,4398.59,4138.59,4327.692,4106.667,4138.077,4102.949,4152.821,4117.564,4040.641,4090.256,4173.59,4592.436,4198.462,разжать руку
20,4142.179,4391.667,4153.333,4336.026,4104.359,4146.154,4109.615,4149.359,4116.026,4051.026,4093.333,4178.59,4577.308,4198.59,разжать руку
20,4137.564,4373.205,4164.231,4337.821,4105.769,4151.026,4107.949,4152.821,4121.538,4053.718,4097.308,4176.923,4562.564,4192.051,разжать руку
20,4129.231,4356.41,4166.795,4336.41,4101.026,4146.41,4112.179,4156.282,4131.282,4052.564,4102.051,4169.487,4540.513,4188.077,разжать руку
20,4121.923,4341.795,4166.026,4347.821,4093.59,4140.769,4113.077,4146.795,4132.436,4048.333,4099.487,4164.103,4510.897,4183.718,разжать руку
20,4114.615,4323.205,4161.154,4363.205,4097.436,4140.128,4099.872,4140.769,4135.128,4045.513,4093.846,4162.949,4481.667,4180.0,разжать руку
20,4109.103,4312.179,4153.718,4364.615,4107.564,4149.231,4102.308,4155.769,4145.128,4055.385,4096.282,4168.718,4459.744,4183.205,разжать руку
20,4105.769,4308.718,4150.897,4358.974,4112.308,4157.436,4117.821,4159.872,4145.513,4069.487,4105.513,4172.436,4447.179,4183.462,разжать руку
20,4101.41,4292.949,4150.513,4356.154,4109.744,4150.769,4120.897,4152.051,4143.59,4082.308,4113.077,4175.0,4435.513,4184.359,разжать руку
20,4102.179,4280.128,4155.128,4361.538,4114.231,4148.59,4123.462,4162.949,4154.615,4103.205,4115.513,4179.359,4423.077,4187.051,разжать руку
20,4106.923,4282.821,4160.385,4366.026,4122.949,4151.923,4123.077,4166.282,4151.667,4105.769,4116.923,4181.026,4413.846,4188.718,разжать руку
20,4104.487,4272.821,4158.718,4365.0,4114.103,4145.0,4116.026,4158.59,4146.538,4098.077,4122.692,4179.615,4404.231,4190.513,разжать руку
20,4097.949,4248.846,4157.949,4365.769,4097.821,4138.846,4113.333,4165.128,4163.077,4121.41,4130.385,4177.051,4397.051,4187.436,разжать руку
20,4090.513,4235.897,4158.718,4368.333,4094.744,4137.436,4113.462,4161.923,4158.077,4138.333,4132.436,4180.256,4391.282,4187.436,разжать руку
20,4086.282,4227.821,4159.487,4368.59,4099.744,4140.128,4122.179,4159.231,4145.513,4126.282,4130.128,4180.897,4380.128,4189.103,разжать руку
20,4086.282,4209.359,4161.923,4363.974,4096.538,4149.615,4134.615,4180.0,4171.795,4132.308,4131.538,4176.667,4373.59,4187.308,разжать руку
20,4082.179,4199.231,4161.795,4361.41,4091.026,4159.872,4138.462,4177.949,4179.872,4144.744,4134.359,4177.692,4373.205,4187.564,разжать руку
20,4076.282,4204.615,4160.128,4361.41,4099.231,4161.026,4135.256,4150.641,4149.615,4133.462,4127.564,4171.667,4363.333,4180.0,разжать руку
20,4073.974,4196.667,4159.615,4357.308,4106.41,4158.59,4132.949,4149.103,4147.564,4129.103,4125.128,4169.103,4351.282,4178.077,разжать руку
20,4074.615,4175.385,4164.359,4356.923,4104.487,4163.333,4138.462,4167.949,4175.128,4152.308,4137.821,4180.897,4356.282,4189.872,разжать руку
20,4074.359,4164.359,4168.077,4356.795,4106.026,4170.128,4150.769,4166.41,4175.0,4163.974,4144.615,4179.103,4359.359,4188.333,разжать руку
20,4076.41,4163.974,4167.564,4355.641,4108.974,4172.692,4160.897,4162.564,4163.462,4153.59,4141.026,4171.667,4348.974,4182.821,разжать руку
20,4075.769,4163.462,4169.359,4358.974,4109.231,4169.615,4165.256,4176.795,4176.667,4160.769,4149.744,4170.769,4345.897,4183.077,разжать руку
20,4070.897,4162.821,4171.795,4361.154,4111.282,4161.026,4160.256,4169.487,4172.051,4169.231,4161.667,4172.179,4345.641,4181.538,разжать руку
20,4080.128,4167.564,4178.077,4364.359,4116.923,4159.615,4149.744,4158.974,4159.487,4166.026,4168.333,4183.205,4345.897,4187.436,разжать руку
20,4087.051,4167.949,4182.308,4365.385,4119.872,4166.667,4146.923,4170.128,4174.103,4169.487,4171.795,4186.026,4342.308,4191.282,разжать руку
20,4077.051,4161.154,4175.641,4360.385,4119.744,4169.359,4146.282,4166.795,4178.846,4169.103,4170.128,4177.564,4330.0,4190.128,разжать руку
20,4078.846,4161.795,4175.513,4359.872,4122.436,4161.667,4133.205,4140.897,4156.795,4168.077,4175.128,4177.821,4330.0,4192.692,разжать руку
20,4086.795,4159.872,4178.718,4360.256,4121.538,4153.205,4122.308,4145.897,4161.667,4176.026,4183.462,4184.103,4336.667,4193.205,разжать руку
20,4078.077,4147.179,4170.897,4354.872,4119.615,4153.462,4131.282,4180.641,4189.615,4183.077,4182.179,4184.103,4329.872,4193.333,разжать руку
20,4071.282,4143.077,4167.949,4353.974,4121.41,4153.59,4130.769,4170.513,4171.667,4183.462,4181.154,4175.897,4323.974,4190.513,разжать руку
20,4075.0,4144.231,4173.846,4354.615,4118.59,4145.0,4107.949,4144.872,4155.0,4187.436,4188.077,4177.436,4331.154,4187.308,разжать руку
20,4074.615,4138.077,4176.282,4347.436,4115.897,4142.821,4106.282,4163.846,4179.103,4193.205,4187.821,4180.897,4330.513,4187.692,разжать руку
20,4069.487,4130.256,4174.872,4341.667,4116.282,4153.077,4128.333,4173.718,4179.744,4186.667,4178.333,4173.205,4315.513,4184.231,разжать руку
20,4070.897,4130.0,4176.923,4343.462,4117.179,4158.59,4133.205,4157.821,4166.026,4186.923,4182.051,4175.641,4311.923,4183.59,разжать руку
20,4080.0,4136.538,4184.872,4347.308,4121.923,4159.744,4131.026,4159.231,4177.179,4198.718,4189.487,4182.436,4317.051,4187.692,разжать руку
20,4078.974,4132.308,4191.026,4348.718,4127.821,4162.564,4137.564,4168.846,4180.897,4200.897,4187.821,4181.026,4314.103,4188.077,разжать руку
20,4068.59,4121.667,4192.308,4348.077,4129.231,4159.103,4136.923,4163.59,4165.641,4199.231,4185.256,4181.282,4308.462,4184.744,разжать руку
20,4068.59,4115.897,4191.154,4343.462,4121.41,4148.846,4131.282,4166.026,4179.103,4202.051,4187.051,4181.026,4307.179,4184.231,разжать руку
21,4069.615,4107.436,4190.128,4342.564,4125.256,4163.077,4122.692,4162.179,4175.128,4192.564,4178.718,4174.103,4292.821,4184.231,сжать руку
21,4060.897,4096.026,4183.205,4334.615,4122.564,4157.949,4118.59,4160.641,4164.231,4193.974,4178.846,4173.462,4280.897,4180.0,сжать руку
21,4066.026,4092.051,4180.128,4331.667,4111.795,4146.667,4121.026,4165.769,4177.692,4194.615,4179.103,4176.282,4273.333,4182.949,сжать руку
21,4069.872,4093.333,4180.128,4332.308,4116.154,4150.513,4122.692,4161.538,4177.821,4193.205,4178.846,4171.282,4272.564,4179.231,сжать руку
21,4069.359,4090.128,4180.385,4330.128,4124.231,4156.538,4122.821,4157.564,4170.256,4200.256,4187.692,4174.231,4280.769,4185.385,сжать руку
21,4069.615,4085.769,4185.385,4328.077,4124.487,4155.128,4134.744,4168.077,4186.282,4212.564,4193.077,4178.59,4280.513,4192.051,сжать руку
21,4061.538,4079.487,4181.923,4322.692,4122.179,4149.103,4136.667,4167.436,4191.154,4209.487,4184.359,4171.026,4265.897,4180.0,сжать руку
21,4057.436,4074.359,4176.282,4320.769,4120.897,4148.846,4119.487,4148.718,4168.846,4200.769,4182.308,4173.077,4261.154,4180.256,сжать руку
21,4069.615,4082.821,4189.103,4327.436,4126.538,4154.231,4113.59,4148.846,4162.949,4210.641,4194.872,4181.667,4272.692,4193.462,сжать руку
21,4072.692,4093.077,4200.769,4331.667,4131.667,4155.0,4123.974,4160.0,4176.538,4209.103,4193.974,4179.359,4270.128,4190.769,сжать руку
21,4060.128,4084.872,4196.026,4328.205,4127.436,4155.641,4135.641,4155.769,4178.462,4194.231,4182.179,4171.538,4256.026,4179.359,сжать руку
21,4053.718,4069.872,4193.205,4322.692,4120.385,4156.026,4139.487,4153.333,4173.59,4203.846,4181.026,4170.256,4253.333,4179.359,сжать руку
21,4058.333,4069.744,4199.872,4324.872,4122.051,4153.974,4136.538,4163.077,4176.41,4215.769,4187.051,4174.615,4254.231,4187.821,сжать руку
21,4068.333,4084.231,4206.667,4332.949,4132.564,4157.179,4126.667,4154.103,4173.846,4205.769,4189.231,4175.0,4249.231,4186.538,сжать руку
21,4076.026,4088.846,4210.641,4334.615,4133.462,4154.744,4123.333,4148.462,4172.821,4198.333,4184.872,4173.846,4237.051,4183.333,сжать руку
21,4078.462,4085.641,4213.846,4332.179,4123.718,4148.974,4137.564,4170.385,4188.205,4203.077,4181.795,4173.077,4230.0,4189.744,сжать руку
21,4091.282,4096.667,4219.487,4334.872,4123.974,4151.923,4139.487,4166.538,4190.128,4203.846,4190.641,4176.538,4237.821,4196.923,сжать руку
21,4112.308,4106.667,4225.897,4336.923,4134.872,4155.641,4126.282,4144.487,4173.333,4206.538,4201.282,4184.744,4246.154,4202.436,сжать руку
21,4114.872,4105.385,4227.051,4333.205,4133.846,4151.923,4127.436,4150.256,4172.564,4211.538,4198.077,4180.0,4241.026,4200.513,сжать руку
21,4106.41,4103.59,4223.718,4329.487,4121.154,4145.256,4132.308,4162.308,4176.667,4207.821,4194.359,4175.897,4236.282,4198.205,сжать руку
21,4112.692,4097.564,4228.333,4330.128,4123.59,4141.795,4127.692,4158.846,4170.769,4214.872,4205.385,4183.462,4247.308,4202.564,сжать руку
21,4121.923,4090.0,4237.821,4332.564,4137.821,4146.795,4129.487,4154.872,4176.538,4236.154,4215.641,4183.718,4252.949,4202.308,сжать руку
21,4118.333,4092.179,4241.282,4333.974,4142.564,4162.051,4135.513,4156.282,4188.718,4246.282,4214.359,4183.974,4248.462,4200.769,сжать руку
21,4107.436,4079.359,4237.564,4326.41,4140.641,4168.205,4136.026,4157.821,4186.923,4245.513,4211.538,4183.974,4248.974,4197.308,сжать руку
21,4092.179,4046.538,4224.872,4312.051,4137.564,4162.051,4139.103,4162.821,4185.641,4244.872,4210.0,4175.0,4237.051,4189.487,сжать руку
21,4080.385,4054.872,4215.128,4315.897,4142.179,4164.231,4148.718,4165.897,4196.41,4245.641,4207.179,4171.154,4215.769,4185.0,сжать руку
21,4076.282,4067.564,4218.205,4322.051,4148.205,4165.385,4150.897,4171.923,4205.513,4243.846,4209.231,4172.051,4218.59,4185.769,сжать руку
21,4065.641,4030.769,4214.615,4308.718,4141.667,4163.077,4145.769,4181.026,4206.667,4244.872,4208.846,4172.051,4223.718,4188.59,сжать руку
21,4055.256,4026.667,4203.974,4299.872,4134.872,4171.667,4151.538,4171.41,4195.513,4251.538,4203.974,4170.0,4210.256,4186.154,сжать руку
21,4060.385,4055.0,4204.615,4311.795,4142.436,4174.359,4154.359,4158.462,4183.974,4251.154,4217.308,4172.949,4218.077,4187.692,сжать руку
21,4071.667,4048.846,4217.179,4333.846,4148.718,4168.846,4146.282,4165.256,4189.103,4248.718,4234.231,4182.436,4242.564,4197.436,сжать руку
21,4065.897,4018.462,4220.769,4321.154,4140.769,4172.051,4150.256,4174.615,4201.41,4262.564,4233.718,4180.513,4245.385,4194.744,сжать руку
21,4053.718,4020.897,4212.564,4306.154,4128.59,4171.923,4163.974,4173.077,4203.846,4252.051,4238.59,4175.385,4248.718,4188.077,сжать руку
21,4060.0,4034.359,4216.795,4332.949,4134.231,4173.59,4169.359,4171.538,4201.41,4230.128,4241.41,4178.462,4265.128,4188.077,сжать руку
21,4057.179,4015.513,4215.0,4317.436,4154.744,4189.615,4171.923,4171.282,4203.974,4260.641,4209.231,4176.667,4295.256,4184.487,сжать руку
21,4041.667,4044.872,4197.179,4267.051,4153.333,4191.538,4179.615,4176.154,4205.0,4279.231,4202.051,4177.821,4362.436,4188.59,сжать руку
21,4050.0,4146.538,4197.821,4298.974,4130.641,4174.872,4171.41,4176.795,4201.795,4246.795,4230.897,4177.051,4419.872,4190.769,сжать руку
21,4048.205,4236.154,4196.795,4341.41,4124.231,4171.154,4151.667,4164.231,4200.0,4235.128,4196.282,4162.564,4471.154,4174.615,сжать руку
21,4024.103,4345.128,4178.462,4299.487,4134.615,4177.564,4153.59,4185.128,4216.282,4256.923,4142.821,4160.897,4622.179,4167.692,сжать руку
21,4033.59,4549.744,4181.41,4276.538,4132.692,4173.59,4164.872,4201.282,4223.205,4266.154,4166.026,4178.077,4871.667,4182.821,сжать руку
21,4044.487,4816.282,4188.205,4292.821,4125.513,4168.205,4156.795,4157.821,4196.026,4254.359,4192.308,4180.256,5137.308,4186.026,сжать руку
21,4020.256,5131.538,4169.872,4273.59,4139.231,4174.487,4146.667,4140.641,4185.641,4246.282,4157.949,4163.077,5384.615,4169.359,сжать руку
21,4024.487,5511.41,4170.769,4271.026,4134.872,4178.077,4158.462,4185.385,4212.436,4250.897,4140.641,4165.513,5604.615,4174.487,сжать руку
21,4057.051,5858.077,4192.308,4321.282,4099.615,4171.795,4172.949,4200.256,4221.667,4246.795,4210.385,4187.436,5775.897,4194.744,сжать руку
21,4061.41,6102.692,4186.923,4350.256,4101.667,4168.846,4169.231,4173.974,4204.231,4227.308,4255.897,4188.077,5891.154,4188.718,сжать руку
21,4046.667,6290.0,4159.744,4308.718,4121.667,4166.667,4157.821,4157.179,4193.462,4216.41,4199.744,4172.564,5975.256,4179.872,сжать руку
21,4046.41,6533.077,4148.205,4287.949,4092.692,4157.308,4148.846,4150.256,4190.385,4214.231,4171.41,4167.436,6037.821,4183.59,сжать руку
21,4055.513,6988.718,4155.385,4323.333,4054.487,4149.487,4138.846,4159.487,4197.564,4211.538,4203.718,4177.308,6103.205,4184.872,сжать руку
21,4063.846,7483.59,4163.59,4299.744,4067.051,4162.436,4143.846,4181.923,4213.59,4229.231,4178.333,4183.846,6197.179,4188.205,сжать руку
21,4078.462,7638.205,4177.051,4260.385,4105.513,4185.769,4167.179,4188.59,4220.128,4253.59,4169.487,4190.513,6322.821,4199.872,сжать руку
21,4090.769,7611.923,4188.846,4280.256,4109.487,4193.718,4178.718,4187.179,4221.154,4266.923,4243.205,4205.256,6421.667,4206.282,сжать руку
21,4073.718,7645.0,4168.462,4261.538,4094.615,4187.692,4177.949,4182.564,4217.949,4259.615,4221.538,4192.308,6483.077,4186.538,сжать руку
21,4051.026,7633.846,4142.692,4221.026,4103.718,4177.692,4174.103,4175.128,4210.769,4224.231,4183.718,4183.077,6557.692,4178.974,сжать руку
21,4071.923,7606.538,4156.41,4234.359,4178.333,4195.128,4186.667,4198.718,4230.0,4255.769,4228.462,4211.154,6635.897,4202.564,сжать руку
21,4085.641,7604.872,4157.949,4205.641,4306.41,4214.744,4203.205,4212.821,4243.205,4317.949,4227.692,4217.564,6699.744,4200.513,сжать руку
21,4054.487,7598.077,4122.051,4182.308,4409.103,4188.333,4181.41,4184.359,4216.795,4256.667,4195.641,4196.795,6741.282,4172.051,сжать руку
21,4043.718,7598.846,4111.026,4232.821,4485.128,4158.59,4148.846,4170.128,4201.795,4180.769,4195.385,4188.077,6783.59,4162.564,сжать руку
21,4053.718,7598.974,4106.538,4153.333,4644.231,4176.282,4168.59,4181.41,4212.564,4229.487,4234.744,4200.769,6862.692,4181.667,сжать руку
21,4068.205,7599.487,4103.718,4072.436,4922.436,4211.923,4209.615,4188.718,4217.436,4291.923,4278.462,4221.41,6950.897,4203.462,сжать руку
21,4085.641,7599.359,4127.436,4150.256,5165.385,4205.769,4198.846,4184.872,4212.179,4263.077,4256.41,4217.949,6970.128,4193.077,сжать руку
21,4078.846,7597.821,4128.974,4142.949,5352.179,4186.795,4179.231,4191.41,4220.641,4247.949,4234.103,4214.615,6960.513,4182.692,сжать руку
21,4078.077,7598.462,4120.513,4055.513,5617.051,4209.744,4203.077,4210.256,4244.359,4301.026,4295.256,4240.897,7031.923,4206.923,сжать руку
21,4114.231,7598.59,4142.051,4061.282,5904.103,4235.385,4223.205,4227.564,4260.769,4327.179,4309.487,4249.359,7094.359,4216.538,сжать руку
21,4111.282,7598.333,4138.077,4091.154,6079.615,4215.128,4200.0,4208.59,4243.846,4283.077,4225.256,4221.154,7039.872,4185.897,сжать руку
21,4066.667,7598.462,4105.897,4072.692,6200.0,4189.103,4174.231,4175.0,4215.0,4239.872,4204.231,4208.205,6977.564,4162.564,сжать руку
21,4069.744,7598.462,4107.821,4033.974,6340.897,4197.692,4183.59,4191.41,4224.872,4261.795,4243.205,4225.0,7011.923,4174.231,сжать руку
21,4100.513,7598.462,4125.0,3955.385,6500.128,4219.744,4205.0,4221.026,4250.128,4298.974,4257.436,4238.718,7055.513,4191.667,сжать руку
21,4113.846,7598.462,4131.923,3917.821,6617.821,4223.462,4206.154,4204.615,4241.538,4303.59,4240.256,4236.667,7042.821,4191.282,сжать руку
21,4120.641,7598.462,4143.462,3936.154,6660.128,4212.564,4194.872,4181.282,4216.41,4288.59,4248.59,4238.846,7028.718,4186.282,сжать руку
21,4117.308,7598.462,4144.487,3897.051,6725.0,4213.462,4205.0,4195.385,4215.256,4269.103,4283.59,4242.692,7011.41,4181.282,сжать руку
21,4112.436,7598.462,4129.744,3854.872,6810.128,4217.564,4215.641,4204.231,4223.718,4266.667,4258.718,4235.513,6962.692,4172.051,сжать руку
21,4128.846,7598.462,4130.769,3837.821,6871.026,4220.128,4213.077,4200.641,4228.846,4292.308,4223.077,4242.436,6961.795,4184.231,сжать руку
21,4157.179,7598.462,4152.436,3831.154,6934.487,4227.179,4215.385,4207.308,4234.231,4317.692,4266.282,4261.923,7009.487,4204.487,сжать руку
21,4164.359,7598.462,4159.872,3890.0,6960.897,4222.179,4210.641,4202.949,4228.462,4305.513,4275.256,4259.872,6974.615,4189.359,сжать руку
21,4152.179,7598.462,4152.949,3937.821,6944.103,4217.949,4206.026,4190.897,4220.641,4290.385,4238.077,4248.846,6894.487,4170.513,сжать руку
21,4142.949,7598.462,4153.974,3895.128,6940.0,4226.282,4209.231,4188.462,4220.385,4288.846,4249.359,4251.026,6882.692,4182.051,сжать руку
21,4146.538,7598.462,4161.026,3858.718,6936.795,4225.0,4202.179,4195.128,4227.308,4293.333,4253.333,4257.436,6883.974,4191.41,сжать руку
21,4146.538,7598.462,4165.0,3868.205,6900.513,4214.103,4187.821,4193.205,4231.41,4311.538,4238.333,4257.436,6840.256,4180.513,сжать руку
21,4140.0,7598.462,4169.359,3851.538,6887.179,4219.231,4191.667,4189.615,4225.385,4315.641,4264.103,4264.359,6810.641,4185.0,сжать руку
21,4145.897,7598.462,4179.744,3855.128,6863.59,4226.41,4203.205,4203.462,4225.769,4306.667,4275.641,4271.282,6793.974,4193.462,сжать руку
21,4153.462,7598.462,4186.795,3889.231,6799.744,4221.282,4201.667,4207.308,4231.923,4303.718,4231.795,4267.564,6748.846,4184.231,сжать руку
21,4151.795,7598.462,4188.846,3888.077,6746.282,4216.026,4188.974,4176.923,4217.949,4281.154,4239.872,4270.128,6707.436,4190.128,сжать руку
21,4145.897,7598.462,4187.436,3864.487,6696.41,4216.154,4178.846,4161.41,4199.231,4261.282,4283.846,4272.051,6675.897,4196.538,сжать руку
21,4138.974,7598.462,4180.641,3865.0,6636.923,4216.026,4181.026,4177.051,4200.128,4272.949,4250.769,4270.385,6625.256,4183.974,сжать руку
21,4139.872,7598.462,4180.513,3885.385,6574.872,4213.205,4185.0,4182.821,4208.333,4285.769,4207.308,4270.256,6576.795,4177.821,сжать руку
21,4149.359,7598.462,4189.487,3902.692,6495.769,4204.615,4175.641,4176.667,4210.256,4276.41,4227.949,4272.949,6545.128,4188.59,сжать руку
21,4162.436,7600.128,4200.513,3916.538,6403.205,4202.051,4167.308,4183.718,4210.385,4270.769,4254.359,4284.487,6512.949,4200.385,сжать руку
21,4173.205,7604.872,4213.846,3937.949,6308.846,4210.513,4174.231,4179.359,4199.615,4268.462,4246.026,4287.179,6474.744,4201.667,сжать руку
21,4172.564,7601.667,4218.462,3958.333,6195.0,4208.846,4172.051,4162.436,4190.128,4250.385,4240.385,4282.692,6433.077,4201.538,сжать руку
21,4170.256,7600.0,4222.179,3982.051,6065.0,4200.513,4152.179,4174.103,4205.641,4253.718,4252.308,4289.231,6394.359,4205.0,сжать руку
21,4171.538,7620.385,4235.256,4008.974,5935.128,4206.41,4147.051,4181.282,4208.205,4275.385,4258.846,4296.667,6358.974,4207.564,сжать руку
21,4161.026,7582.179,4237.051,4026.538,5791.923,4213.846,4162.821,4160.513,4185.385,4266.795,4254.359,4292.692,6302.821,4204.359,сжать руку
21,4144.872,7505.897,4231.667,4043.205,5636.538,4205.513,4163.462,4160.385,4186.282,4254.487,4252.821,4287.949,6237.949,4198.077,сжать руку
21,4136.923,7475.769,4238.718,4064.872,5487.949,4199.487,4153.846,4177.821,4205.128,4262.949,4259.615,4296.026,6182.821,4198.333,сжать руку
21,4123.205,7421.795,4244.487,4077.436,5344.615,4208.974,4162.051,4175.0,4202.821,4260.897,4259.359,4299.487,6104.359,4198.333,сжать руку
21,4099.359,7349.231,4238.333,4086.282,5198.462,4213.846,4163.59,4168.718,4198.846,4250.641,4256.026,4292.821,6020.897,4194.615,сжать руку
21,4082.564,7252.564,4241.41,4106.282,5060.769,4212.949,4153.974,4181.026,4210.256,4257.436,4259.487,4297.051,5967.436,4195.897,сжать руку
21,4074.872,7127.564,4252.436,4110.897,4939.359,4214.359,4159.744,4181.538,4208.974,4259.872,4258.718,4300.256,5907.436,4191.154,сжать руку
21,4066.923,7024.872,4254.103,4103.59,4823.462,4208.846,4164.744,4165.769,4196.795,4246.795,4255.385,4298.462,5836.154,4187.949,сжать руку
21,4063.846,6895.0,4257.692,4117.821,4721.026,4208.974,4162.179,4167.949,4201.667,4246.154,4257.564,4305.897,5782.436,4196.923,сжать руку
22,4084.615,2107.308,4220.385,4158.974,3775.128,4191.282,4180.385,4188.333,4209.872,4230.128,4192.949,4232.179,3397.308,4183.333,сжать руку
22,4083.333,2116.41,4214.744,4159.487,3774.231,4191.282,4184.744,4180.641,4201.282,4216.923,4192.949,4227.949,3400.769,4175.897,сжать руку
22,4081.538,2124.872,4216.154,4158.718,3774.487,4195.897,4193.718,4198.333,4211.41,4215.513,4192.949,4231.154,3400.0,4180.385,сжать руку
22,4077.179,2125.385,4212.436,4155.0,3773.59,4200.769,4200.256,4204.744,4218.59,4219.615,4190.128,4228.718,3389.359,4183.462,сжать руку
22,4076.41,2130.641,4199.487,4152.308,3773.077,4201.154,4201.026,4172.436,4198.333,4209.359,4186.667,4223.59,3382.051,4178.718,сжать руку
22,4076.282,2144.744,4195.897,4153.974,3772.821,4197.564,4197.821,4155.513,4186.923,4201.026,4186.41,4223.974,3389.103,4174.487,сжать руку
22,4077.179,2157.564,4199.872,4156.923,3773.846,4195.769,4191.538,4176.154,4200.385,4203.333,4186.41,4224.872,3397.436,4178.077,сжать руку
22,4075.513,2164.103,4194.744,4157.949,3777.179,4202.821,4193.974,4192.051,4206.41,4206.282,4185.513,4223.462,3396.026,4182.949,сжать руку
22,4070.513,2168.077,4185.513,4157.179,3775.0,4207.436,4201.538,4192.308,4202.564,4208.077,4185.128,4220.513,3392.821,4177.436,сжать руку
22,4074.359,2178.077,4190.385,4160.0,3767.692,4200.641,4199.615,4188.718,4205.385,4212.051,4187.821,4221.923,3395.513,4175.128,сжать руку
22,4084.103,2197.692,4202.692,4169.487,3773.077,4197.949,4196.795,4180.385,4204.872,4222.308,4191.795,4221.026,3405.641,4180.641,сжать руку
22,4080.385,2204.487,4200.128,4170.513,3783.59,4201.538,4193.59,4177.821,4201.923,4224.744,4191.154,4216.154,3409.487,4181.41,сжать руку
22,4070.128,2200.128,4191.282,4158.205,3787.949,4204.103,4191.026,4185.0,4208.333,4215.385,4190.256,4216.282,3404.615,4176.923,сжать руку
22,4068.846,2212.949,4187.692,4148.59,3785.641,4199.872,4194.487,4188.974,4212.692,4213.846,4190.128,4211.795,3406.282,4170.897,сжать руку
22,4070.513,2227.692,4183.205,4151.41,3777.051,4191.923,4201.026,4197.564,4216.154,4218.462,4186.538,4206.41,3411.026,4173.333,сжать руку
22,4075.513,2233.59,4185.0,4156.923,3779.487,4196.026,4205.513,4198.462,4214.615,4218.974,4184.231,4207.308,3415.256,4178.974,сжать руку
22,4080.897,2250.256,4190.128,4154.487,3792.179,4209.359,4216.41,4186.41,4201.795,4217.692,4186.154,4206.41,3418.974,4177.692,сжать руку
22,4082.821,2282.949,4187.564,4157.179,3797.051,4215.256,4228.333,4190.128,4202.692,4222.949,4190.641,4207.821,3422.949,4179.359,сжать руку
22,4082.308,2309.359,4183.333,4159.872,3794.231,4211.923,4222.308,4198.718,4217.179,4232.436,4191.923,4207.179,3424.872,4179.231,сжать руку
22,4079.872,2324.744,4183.59,4156.282,3797.821,4207.692,4208.205,4190.128,4213.333,4230.641,4190.385,4205.769,3430.0,4177.179,сжать руку
22,4079.487,2350.256,4182.692,4158.974,3803.59,4208.974,4208.59,4195.0,4210.256,4226.282,4190.128,4208.718,3440.256,4177.308,сжать руку
22,4078.462,2383.59,4178.333,4161.795,3796.667,4207.308,4212.949,4217.564,4230.641,4232.308,4190.0,4206.667,3443.333,4174.615,сжать руку
22,4077.821,2410.385,4178.974,4162.436,3792.051,4205.0,4211.795,4211.026,4232.308,4233.462,4186.667,4204.872,3447.564,4177.308,сжать руку
22,4081.026,2436.795,4183.462,4164.231,3804.744,4213.974,4219.872,4183.59,4210.0,4228.59,4185.897,4205.128,3461.026,4178.462,сжать руку
22,4084.615,2478.59,4182.308,4164.231,3816.282,4220.0,4223.846,4184.103,4209.359,4229.615,4188.59,4206.282,3472.436,4174.359,сжать руку
22,4086.667,2525.641,4182.821,4164.103,3821.538,4219.103,4219.231,4210.0,4228.462,4236.026,4192.051,4209.231,3478.205,4176.795,сжать руку
22,4088.333,2563.462,4186.923,4168.333,3826.538,4219.615,4227.564,4218.718,4233.333,4239.103,4201.154,4208.846,3488.59,4181.026,сжать руку
22,4090.513,2607.308,4185.897,4176.154,3825.641,4217.436,4234.231,4213.718,4232.692,4239.487,4209.103,4211.026,3499.615,4180.641,сжать руку
22,4089.231,2655.0,4179.872,4178.333,3823.462,4215.0,4230.385,4212.692,4232.179,4229.615,4202.179,4206.923,3497.564,4173.846,сжать руку
22,4081.923,2695.0,4171.538,4170.385,3825.0,4212.436,4224.615,4200.128,4217.564,4211.154,4200.897,4201.538,3496.795,4171.667,сжать руку
22,4084.103,2747.179,4172.564,4170.128,3829.103,4208.333,4216.41,4191.538,4213.462,4222.949,4220.0,4206.538,3512.179,4184.103,сжать руку
22,4094.744,2804.615,4180.256,4177.564,3835.385,4205.897,4206.026,4196.795,4220.128,4242.564,4231.667,4205.0,3531.282,4188.077,сжать руку
22,4093.333,2849.615,4177.308,4176.923,3842.821,4209.615,4204.231,4197.436,4212.821,4224.231,4222.179,4198.974,3544.103,4178.974,сжать руку
22,4091.667,2904.872,4176.026,4177.308,3845.769,4212.692,4213.974,4203.59,4214.872,4211.41,4219.103,4200.385,3555.769,4177.179,сжать руку
22,4106.154,2962.692,4184.103,4183.59,3842.949,4210.128,4220.769,4221.282,4235.128,4233.974,4230.897,4206.923,3575.897,4183.846,сжать руку
22,4124.487,3016.282,4191.923,4190.256,3845.128,4213.333,4226.667,4224.615,4236.795,4243.205,4240.0,4210.769,3597.692,4190.0,сжать руку
22,4143.077,3090.641,4199.487,4197.949,3855.769,4218.846,4227.821,4207.051,4221.795,4230.897,4241.795,4208.462,3607.949,4193.077,сжать руку
22,4166.923,3169.744,4209.487,4205.256,3864.103,4220.0,4226.667,4202.692,4223.846,4240.513,4248.718,4213.59,3629.231,4202.564,сжать руку
22,4180.769,3235.769,4216.795,4207.436,3872.692,4231.154,4241.282,4208.077,4228.846,4259.487,4258.974,4216.41,3670.769,4208.077,сжать руку
22,4181.667,3315.769,4222.692,4209.615,3879.487,4241.026,4253.59,4206.795,4227.692,4263.59,4261.538,4212.179,3700.385,4205.641,сжать руку
22,4192.308,3431.538,4238.333,4216.923,3880.769,4235.128,4245.128,4214.615,4236.026,4270.513,4270.0,4220.897,3720.128,4214.359,сжать руку
22,4203.718,3546.026,4248.205,4212.436,3887.564,4231.282,4241.282,4219.487,4242.692,4289.872,4280.897,4226.41,3747.564,4219.231,сжать руку
22,4201.154,3635.128,4243.333,4202.051,3896.282,4237.821,4257.308,4217.179,4241.538,4302.179,4281.154,4220.128,3767.949,4213.333,сжать руку
22,4205.385,3730.897,4250.0,4208.205,3903.462,4245.0,4266.026,4231.154,4247.179,4300.128,4289.231,4224.103,3784.103,4218.974,сжать руку
22,4215.256,3828.59,4262.051,4211.41,3907.949,4248.974,4266.667,4238.205,4249.231,4300.641,4297.436,4228.077,3804.359,4224.744,сжать руку
22,4207.692,3893.462,4254.487,4199.103,3904.872,4250.128,4265.256,4225.513,4245.128,4309.359,4291.282,4224.359,3815.256,4219.359,сжать руку
22,4195.513,3957.308,4246.282,4196.41,3908.205,4246.538,4250.385,4225.128,4248.59,4319.872,4287.436,4218.974,3820.897,4211.795,сжать руку
22,4192.051,4052.436,4247.179,4205.0,3913.333,4242.308,4246.538,4235.385,4251.795,4315.128,4288.077,4215.513,3825.385,4208.718,сжать руку
22,4193.077,4129.872,4244.744,4203.462,3910.256,4243.846,4260.513,4228.846,4247.821,4305.513,4280.769,4217.821,3826.154,4211.282,сжать руку
22,4195.128,4167.821,4243.846,4195.256,3910.641,4242.436,4256.667,4216.923,4246.538,4308.077,4280.385,4216.923,3831.667,4210.641,сжать руку
22,4191.282,4197.949,4239.872,4191.795,3916.923,4241.538,4243.846,4220.256,4249.231,4313.077,4287.308,4214.615,3838.59,4207.821,сжать руку
22,4183.59,4241.538,4233.974,4191.667,3920.385,4250.513,4254.744,4225.897,4251.41,4312.179,4281.538,4214.615,3841.026,4207.179,сжать руку
22,4182.179,4289.103,4236.026,4193.462,3920.513,4253.846,4259.103,4216.923,4246.154,4300.0,4277.436,4215.385,3847.821,4207.051,сжать руку
22,4185.897,4319.487,4240.256,4195.513,3921.667,4247.308,4247.692,4217.308,4246.795,4303.333,4286.41,4219.231,3859.615,4209.231,сжать руку
22,4188.077,4346.538,4241.667,4193.718,3918.333,4244.231,4250.641,4234.872,4258.718,4324.487,4289.103,4219.872,3864.103,4206.795,сжать руку
22,4187.179,4387.436,4241.026,4189.872,3913.077,4243.718,4260.385,4231.282,4252.051,4318.718,4279.231,4219.744,3864.744,4205.0,сжать руку
22,4183.333,4425.385,4239.103,4190.128,3916.41,4243.462,4264.103,4212.692,4231.795,4297.564,4273.462,4217.179,3866.795,4207.051,сжать руку
22,4174.872,4435.769,4232.051,4184.872,3916.667,4240.0,4262.692,4225.256,4242.179,4296.41,4269.231,4212.051,3857.436,4201.41,сжать руку
22,4164.744,4441.667,4222.308,4180.385,3913.333,4235.0,4265.256,4244.487,4258.462,4295.897,4259.231,4213.205,3847.179,4196.282,сжать руку
22,4157.692,4463.462,4216.282,4181.795,3918.333,4237.436,4271.795,4224.231,4237.179,4280.385,4255.385,4211.923,3854.103,4195.385,сжать руку
22,4157.051,4476.538,4215.897,4179.103,3919.744,4243.974,4270.897,4206.538,4225.641,4275.513,4256.026,4211.154,3862.308,4198.333,сжать руку
22,4163.333,4475.128,4220.0,4180.769,3920.128,4244.487,4266.026,4225.256,4243.333,4284.231,4258.333,4214.872,3862.949,4203.077,сжать руку
22,4164.872,4473.205,4215.769,4182.949,3925.385,4239.615,4262.179,4229.487,4242.179,4284.231,4260.385,4211.667,3862.949,4200.769,сжать руку
22,4160.513,4481.538,4206.667,4175.897,3920.385,4236.923,4256.667,4212.692,4235.641,4282.051,4257.436,4210.641,3867.308,4200.256,сжать руку
22,4159.744,4485.385,4204.103,4169.487,3913.718,4234.103,4247.436,4203.974,4240.256,4283.846,4255.513,4210.256,3873.462,4197.051,сжать руку
22,4148.974,4467.436,4197.564,4165.769,3916.538,4229.615,4244.103,4204.615,4233.205,4272.692,4252.564,4206.154,3867.949,4188.333,сжать руку
22,4138.333,4454.615,4189.744,4162.692,3919.487,4233.974,4252.051,4216.795,4232.179,4266.282,4246.41,4206.154,3856.41,4189.103,сжать руку
22,4152.692,4467.051,4198.205,4166.923,3921.538,4238.462,4255.513,4232.692,4251.538,4280.513,4248.718,4210.256,3859.487,4196.026,сжать руку
22,4172.821,4477.051,4214.744,4177.308,3927.436,4234.744,4246.026,4228.333,4253.846,4286.026,4259.615,4217.821,3876.026,4203.718,сжать руку
22,4173.718,4466.667,4217.179,4174.744,3933.205,4235.641,4247.949,4217.436,4239.872,4280.128,4260.897,4215.128,3882.179,4206.538,сжать руку
22,4167.051,4452.436,4210.513,4166.538,3934.615,4240.128,4261.667,4232.692,4247.308,4283.59,4255.769,4208.333,3875.385,4205.385,сжать руку
22,4171.795,4445.641,4214.615,4172.436,3941.667,4235.128,4253.205,4235.256,4251.154,4287.692,4256.41,4214.872,3874.231,4208.462,сжать руку
22,4180.0,4441.538,4220.256,4178.846,3948.077,4226.667,4237.949,4210.0,4235.0,4278.718,4256.538,4220.256,3878.718,4208.205,сжать руку
22,4181.923,4428.077,4216.923,4174.872,3943.846,4227.308,4244.744,4198.462,4219.615,4266.41,4256.026,4217.179,3879.615,4206.41,сжать руку
22,4175.128,4391.154,4215.641,4166.154,3941.282,4232.179,4252.179,4208.077,4220.513,4264.872,4256.41,4215.385,3872.821,4204.103,сжать руку
22,4170.0,4360.769,4217.949,4165.256,3946.41,4230.385,4243.077,4234.872,4245.256,4277.436,4257.692,4219.359,3871.154,4204.744,сжать руку
22,4174.103,4367.949,4216.282,4177.179,3949.872,4230.256,4244.231,4241.667,4251.41,4279.487,4255.256,4217.821,3877.308,4205.513,сжать руку
22,4175.769,4374.744,4213.974,4187.051,3952.308,4229.615,4244.487,4206.282,4220.641,4257.821,4245.128,4211.026,3874.872,4198.718,сжать руку
22,4172.564,4354.359,4212.051,4185.0,3957.949,4221.41,4225.769,4185.0,4208.462,4241.282,4238.59,4214.103,3867.179,4198.974,сжать руку
22,4172.308,4342.564,4211.667,4182.949,3962.692,4221.282,4226.538,4212.179,4231.795,4246.41,4238.205,4214.103,3863.846,4202.564,сжать руку
22,4179.615,4346.667,4217.436,4189.872,3966.282,4232.821,4241.923,4228.974,4241.795,4256.795,4238.974,4212.692,3861.795,4202.051,сжать руку
22,4187.821,4335.385,4222.564,4194.103,3972.821,4235.0,4245.128,4226.282,4240.897,4263.077,4242.821,4219.359,3863.846,4205.385,сжать руку
22,4179.359,4306.282,4215.128,4186.41,3968.846,4226.41,4250.385,4232.308,4243.846,4259.615,4242.179,4211.154,3861.795,4200.256,сжать руку
22,4167.692,4281.538,4205.897,4183.59,3959.103,4219.872,4242.692,4221.026,4226.667,4246.538,4235.769,4201.795,3852.436,4193.974,сжать руку
22,4182.051,4276.538,4218.077,4198.718,3972.051,4218.59,4216.154,4204.615,4217.308,4250.769,4238.59,4213.077,3851.41,4200.0,сжать руку
22,4200.897,4269.872,4231.026,4206.795,3988.718,4221.795,4210.897,4205.385,4224.744,4258.462,4244.487,4217.692,3852.821,4203.846,сжать руку
22,4196.923,4243.974,4225.641,4199.231,3985.128,4229.487,4229.103,4217.051,4228.59,4245.0,4242.308,4211.923,3846.41,4205.769,сжать руку
22,4189.231,4220.0,4220.256,4194.872,3981.282,4232.564,4237.564,4226.026,4228.462,4243.462,4242.564,4209.487,3843.718,4207.436,сжать руку
22,4182.692,4198.077,4214.231,4191.154,3979.615,4229.231,4243.462,4215.0,4221.026,4249.103,4238.462,4203.333,3836.154,4200.769,сжать руку
22,4176.795,4174.231,4208.462,4187.821,3978.205,4226.41,4243.59,4204.231,4216.026,4237.949,4228.077,4199.872,3826.154,4196.282,сжать руку
22,4182.308,4157.821,4211.795,4189.744,3980.897,4218.59,4221.667,4213.718,4223.718,4232.308,4228.205,4206.41,3827.564,4201.41,сжать руку
22,4189.487,4146.667,4218.718,4194.487,3983.718,4212.949,4211.41,4223.077,4228.59,4238.974,4233.974,4213.205,3826.026,4207.564,сжать руку
22,4185.256,4128.974,4216.154,4196.282,3982.949,4220.513,4229.872,4212.821,4220.256,4237.949,4228.205,4207.949,3815.128,4199.744,сжать руку
22,4179.615,4104.615,4208.718,4194.231,3980.385,4222.821,4240.0,4212.821,4222.949,4237.821,4228.718,4207.051,3811.41,4196.41,сжать руку
22,4180.385,4089.744,4208.718,4193.718,3984.487,4221.282,4235.256,4225.128,4233.718,4249.359,4238.846,4217.436,3814.359,4207.179,сжать руку
22,4172.949,4076.41,4206.923,4190.128,3987.051,4224.231,4235.641,4222.821,4229.103,4251.282,4236.795,4216.026,3807.949,4202.821,сжать руку
22,4162.308,4048.59,4197.821,4182.821,3980.128,4225.513,4249.487,4224.359,4224.487,4244.744,4232.051,4213.333,3799.359,4195.128,сжать руку
22,4166.795,4026.154,4198.846,4180.641,3981.923,4227.692,4257.436,4230.385,4230.385,4251.41,4234.103,4214.103,3803.462,4203.462,сжать руку
22,4175.513,4018.718,4204.744,4182.051,3993.333,4231.282,4245.641,4217.179,4229.744,4253.077,4232.308,4210.769,3804.744,4207.949,сжать руку
22,4172.564,4003.077,4198.718,4181.026,3993.077,4233.718,4243.718,4208.59,4222.564,4238.077,4223.846,4210.128,3788.846,4200.256,сжать руку
23,4170.128,3962.308,4189.744,4174.744,3982.051,4223.205,4235.897,4221.667,4223.462,4222.436,4212.692,4199.872,3769.231,4197.051,разжать руку
23,4161.026,3946.026,4182.051,4175.769,3980.256,4220.128,4224.615,4208.718,4221.026,4216.154,4213.59,4196.667,3768.718,4197.436,разжать руку
23,4152.564,3928.846,4173.974,4173.333,3979.103,4216.538,4221.538,4203.718,4217.308,4210.513,4213.59,4195.385,3765.897,4196.154,разжать руку
23,4150.256,3915.385,4171.154,4167.436,3981.923,4216.282,4222.051,4212.949,4220.897,4219.487,4209.231,4198.333,3764.103,4199.231,разжать руку
23,4146.795,3903.462,4167.949,4163.59,3987.436,4222.179,4229.744,4214.103,4225.641,4236.538,4212.051,4197.179,3765.769,4196.41,разжать руку
23,4149.487,3893.718,4167.949,4166.795,3987.949,4226.41,4235.128,4214.615,4227.692,4240.641,4221.41,4200.641,3768.077,4195.0,разжать руку
23,4162.308,3890.256,4177.564,4173.077,3986.282,4228.718,4242.308,4230.897,4232.821,4239.487,4221.667,4205.0,3767.564,4199.872,разжать руку
23,4166.923,3885.513,4181.923,4173.462,3989.359,4226.538,4244.103,4224.615,4228.846,4235.0,4213.718,4198.974,3763.718,4200.513,разжать руку
23,4165.513,3881.538,4178.462,4174.872,3999.103,4221.41,4224.231,4190.0,4210.0,4216.667,4210.769,4196.923,3763.846,4201.282,разжать руку
23,4166.795,3872.436,4176.538,4173.718,3999.103,4217.564,4213.077,4188.718,4205.641,4202.436,4210.128,4196.154,3761.026,4198.974,разжать руку
23,4164.231,3850.385,4175.385,4170.128,3986.667,4212.949,4227.692,4215.128,4218.59,4204.615,4210.897,4194.359,3753.846,4198.462,разжать руку
23,4169.615,3843.718,4185.0,4180.385,3993.59,4215.513,4236.41,4215.256,4224.231,4217.436,4220.897,4200.897,3759.231,4206.667,разжать руку
23,4178.974,3848.462,4195.513,4189.487,4009.872,4226.923,4236.923,4209.359,4225.128,4230.385,4227.308,4202.564,3766.538,4209.103,разжать руку
23,4172.821,3839.231,4188.205,4182.821,4010.513,4228.846,4250.256,4228.333,4231.41,4237.308,4225.256,4200.256,3766.795,4207.692,разжать руку
23,4159.744,3826.538,4181.538,4177.692,4008.59,4220.385,4258.205,4234.744,4230.769,4240.128,4225.641,4199.231,3762.949,4204.359,разжать руку
23,4160.128,3819.615,4182.949,4179.872,4011.154,4219.487,4240.513,4213.333,4223.077,4240.256,4224.872,4198.974,3758.205,4199.615,разжать руку
23,4165.897,3811.795,4181.282,4177.949,4013.333,4227.564,4228.462,4211.538,4226.41,4242.436,4221.667,4199.615,3760.128,4199.487,разжать руку
23,4162.051,3805.0,4181.41,4176.41,4013.974,4228.205,4239.487,4221.667,4229.359,4243.333,4220.769,4197.436,3759.872,4197.436,разжать руку
23,4156.795,3804.487,4184.359,4180.128,4012.692,4222.308,4242.436,4209.872,4219.231,4236.795,4221.154,4197.821,3755.385,4199.231,разжать руку
23,4157.692,3801.667,4183.59,4179.615,4017.051,4223.333,4236.154,4201.41,4216.538,4231.538,4220.128,4197.308,3758.205,4201.154,разжать руку
23,4161.154,3790.128,4180.0,4174.359,4023.718,4225.641,4240.128,4211.41,4222.436,4224.615,4217.564,4195.769,3757.564,4197.821,разжать руку
23,4165.897,3783.846,4183.718,4178.846,4024.359,4219.359,4241.538,4216.154,4217.821,4210.897,4217.692,4199.103,3747.564,4201.154,разжать руку
23,4166.154,3777.179,4191.154,4182.308,4017.692,4214.231,4239.744,4213.333,4212.821,4200.897,4218.846,4200.128,3747.179,4205.769,разжать руку
23,4158.205,3760.513,4186.667,4176.538,4012.821,4215.128,4239.487,4217.949,4219.615,4201.282,4216.667,4200.897,3750.385,4204.487,разжать руку
23,4155.897,3762.692,4180.513,4182.308,4021.026,4216.923,4231.41,4212.179,4216.41,4208.333,4213.462,4200.385,3744.744,4199.359,разжать руку
23,4160.256,3783.846,4181.923,4190.897,4034.359,4218.974,4222.692,4196.538,4205.769,4213.333,4212.564,4199.744,3743.59,4198.462,разжать руку
23,4156.282,3786.538,4182.051,4186.41,4036.538,4217.821,4227.949,4211.282,4221.795,4215.128,4211.41,4202.949,3743.718,4201.41,разжать руку
23,4150.385,3775.385,4178.205,4181.41,4028.974,4209.231,4237.051,4230.897,4236.154,4214.359,4205.0,4199.615,3732.179,4195.128,разжать руку
23,4151.026,3775.128,4177.949,4183.462,4027.051,4206.667,4233.333,4202.308,4207.179,4203.333,4200.256,4196.667,3722.436,4193.718,разжать руку
23,4151.795,3774.487,4180.769,4184.744,4032.179,4213.59,4226.667,4180.897,4189.744,4197.436,4203.462,4197.564,3728.077,4198.59,разжать руку
23,4146.026,3761.282,4178.718,4179.872,4030.385,4209.103,4225.641,4219.359,4217.436,4208.462,4209.487,4195.128,3737.436,4193.846,разжать руку
23,4140.0,3757.821,4174.487,4179.359,4028.846,4205.897,4223.846,4236.667,4228.59,4213.333,4209.487,4196.154,3739.231,4192.179,разжать руку
23,4144.615,3763.846,4171.538,4182.821,4036.538,4217.436,4222.308,4200.897,4210.256,4205.128,4203.333,4197.051,3734.359,4194.615,разжать руку
23,4149.615,3752.692,4169.231,4178.718,4039.872,4218.974,4225.897,4195.128,4210.769,4198.077,4197.308,4193.846,3728.718,4190.897,разжать руку
23,4143.846,3736.538,4168.974,4172.564,4036.923,4216.41,4232.564,4214.487,4216.795,4194.487,4197.436,4190.897,3727.692,4187.821,разжать руку
23,4140.0,3734.615,4167.564,4173.205,4038.59,4222.051,4230.0,4208.462,4206.923,4193.333,4200.897,4191.282,3730.385,4190.0,разжать руку
23,4146.282,3735.769,4167.692,4177.051,4041.795,4219.359,4230.641,4209.231,4209.359,4202.692,4205.128,4196.41,3736.923,4196.923,разжать руку
23,4151.923,3732.308,4173.077,4175.513,4042.564,4216.538,4251.026,4228.077,4221.282,4216.282,4209.103,4193.974,3742.308,4198.205,разжать руку
23,4150.641,3723.974,4171.795,4170.513,4038.462,4220.256,4257.821,4233.333,4226.026,4217.692,4215.385,4189.103,3742.179,4196.026,разжать руку
23,4150.256,3717.051,4168.205,4172.308,4040.385,4217.564,4231.41,4221.795,4221.795,4215.769,4226.154,4191.538,3746.41,4199.487,разжать руку
23,4156.667,3725.0,4178.974,4178.718,4054.231,4213.846,4212.821,4202.564,4207.692,4218.974,4234.615,4193.462,3753.205,4202.692,разжать руку
23,4162.692,3730.513,4187.821,4179.359,4059.103,4214.231,4223.333,4199.359,4206.538,4217.051,4234.359,4195.385,3753.077,4203.59,разжать руку
23,4159.359,3715.641,4180.385,4171.282,4051.538,4211.154,4232.179,4212.949,4217.692,4206.282,4226.795,4189.615,3744.359,4198.718,разжать руку
23,4150.256,3704.744,4174.103,4167.179,4049.359,4208.718,4226.667,4209.359,4211.667,4197.051,4224.615,4183.205,3738.718,4194.744,разжать руку
23,4150.641,3711.282,4180.513,4172.051,4051.154,4215.128,4228.974,4204.359,4206.154,4202.564,4233.974,4191.538,3747.308,4200.0,разжать руку
23,4159.103,3712.692,4185.641,4173.205,4051.795,4218.718,4235.256,4218.846,4218.333,4213.846,4239.359,4195.769,3759.359,4203.205,разжать руку
23,4164.231,3703.59,4181.667,4172.436,4051.923,4214.359,4229.231,4217.308,4216.41,4212.308,4236.026,4190.641,3762.308,4203.077,разжать руку
23,4166.795,3704.231,4184.487,4177.821,4056.026,4216.41,4219.615,4202.051,4208.462,4210.385,4236.538,4189.872,3759.231,4200.385,разжать руку
23,4164.615,3709.231,4191.154,4179.231,4060.641,4217.436,4216.154,4200.769,4213.846,4215.641,4240.128,4191.923,3757.821,4199.231,разжать руку
23,4157.949,3705.128,4188.077,4173.974,4061.923,4213.718,4222.179,4211.41,4216.154,4217.051,4236.667,4191.026,3761.667,4202.949,разжать руку
23,4152.821,3697.564,4182.564,4171.282,4059.231,4214.359,4232.308,4220.385,4216.667,4215.641,4230.641,4185.256,3763.59,4201.923,разжать руку
23,4153.59,3691.923,4179.872,4171.667,4051.41,4216.41,4240.769,4218.333,4219.487,4209.872,4226.795,4185.256,3754.103,4198.718,разжать руку
23,4163.718,3695.256,4184.103,4175.385,4053.462,4214.744,4234.872,4208.333,4213.333,4208.462,4225.128,4188.718,3751.923,4200.0,разжать руку
23,4169.744,3697.308,4187.179,4176.667,4062.308,4210.128,4214.872,4197.692,4202.821,4215.385,4228.333,4188.718,3764.103,4201.923,разжать руку
23,4165.513,3692.308,4181.538,4176.667,4064.231,4210.0,4215.513,4200.256,4207.949,4216.282,4234.487,4191.41,3768.462,4204.615,разжать руку
23,4166.538,3690.0,4178.846,4176.41,4065.769,4212.436,4233.462,4218.846,4221.41,4216.282,4233.59,4190.513,3763.59,4200.385,разжать руку
23,4169.615,3688.974,4181.026,4173.59,4068.205,4213.59,4228.205,4218.59,4217.821,4217.051,4226.538,4187.949,3759.872,4194.359,разжать руку
23,4164.359,3683.462,4180.0,4173.718,4066.923,4217.949,4221.538,4201.795,4209.615,4214.103,4223.718,4188.462,3757.692,4197.949,разжать руку
23,4161.667,3675.641,4175.897,4173.846,4063.462,4221.282,4238.462,4207.308,4215.128,4212.179,4227.692,4185.897,3761.026,4202.564,разжать руку
23,4169.103,3677.308,4177.949,4173.846,4068.846,4224.103,4244.103,4217.564,4218.333,4216.282,4233.59,4186.41,3769.615,4206.154,разжать руку
23,4173.205,3679.615,4182.308,4174.103,4080.769,4228.077,4237.308,4211.026,4216.923,4222.051,4235.513,4186.026,3771.795,4205.0,разжать руку
23,4171.026,3665.897,4183.59,4174.231,4080.385,4227.051,4242.308,4220.769,4227.308,4222.179,4236.538,4183.462,3770.256,4202.308,разжать руку
23,4175.385,3656.41,4188.333,4179.359,4077.308,4225.128,4241.282,4227.051,4228.205,4223.462,4236.923,4186.538,3774.231,4206.282,разжать руку
23,4180.385,3661.154,4190.897,4181.282,4083.462,4223.462,4222.564,4197.949,4208.846,4223.974,4231.795,4186.026,3774.487,4204.744,разжать руку
23,4178.846,3660.769,4189.231,4178.846,4083.974,4218.846,4212.949,4189.231,4205.769,4222.179,4228.077,4185.0,3772.179,4205.0,разжать руку
23,4176.923,3657.179,4193.333,4178.974,4078.59,4213.974,4222.308,4215.385,4221.026,4223.846,4231.923,4184.744,3774.487,4209.615,разжать руку
23,4175.128,3657.821,4196.026,4175.897,4076.282,4212.692,4225.513,4217.692,4220.385,4221.154,4229.231,4181.795,3772.308,4207.179,разжать руку
23,4178.462,3663.846,4192.308,4174.744,4077.436,4216.41,4221.795,4208.718,4214.744,4216.154,4226.026,4183.59,3771.923,4206.795,разжать руку
23,4191.282,3677.949,4193.846,4184.103,4081.795,4217.564,4229.359,4214.359,4218.718,4214.615,4232.308,4185.128,3776.923,4208.59,разжать руку
23,4199.359,3681.667,4195.897,4190.513,4081.154,4213.462,4238.59,4223.974,4224.231,4208.077,4228.974,4183.846,3767.949,4209.103,разжать руку
23,4203.974,3675.0,4200.0,4190.641,4079.359,4212.308,4232.308,4232.436,4226.154,4206.282,4227.051,4185.0,3761.154,4212.051,разжать руку
23,4220.769,3684.872,4213.077,4198.077,4086.538,4214.103,4215.769,4215.128,4212.564,4212.949,4240.513,4190.513,3777.308,4221.538,разжать руку
23,4236.41,3703.846,4224.487,4207.436,4095.256,4214.103,4211.41,4193.205,4202.179,4213.974,4245.641,4194.231,3789.359,4231.282,разжать руку
23,4239.487,3702.051,4230.513,4204.744,4093.59,4210.385,4214.872,4206.282,4214.872,4218.59,4246.923,4194.231,3786.282,4227.564,разжать руку
23,4241.538,3690.256,4234.615,4199.744,4091.026,4206.667,4207.821,4220.128,4223.59,4232.308,4257.564,4198.718,3790.256,4225.385,разжать руку
23,4242.821,3682.949,4235.641,4196.923,4094.487,4210.385,4203.846,4206.538,4216.538,4235.513,4256.795,4195.769,3797.949,4226.667,разжать руку
23,4228.846,3667.692,4226.667,4189.231,4091.41,4215.769,4206.923,4200.513,4216.538,4225.897,4244.231,4185.769,3793.718,4218.974,разжать руку
23,4209.744,3647.179,4213.59,4183.846,4087.692,4217.821,4210.897,4210.641,4221.667,4223.846,4242.692,4185.897,3784.103,4212.692,разжать руку
23,4205.256,3637.564,4209.359,4184.615,4089.103,4218.205,4221.154,4215.385,4221.538,4231.538,4244.615,4185.256,3780.769,4210.385,разжать руку
23,4213.718,3636.538,4218.205,4188.59,4087.051,4217.308,4230.769,4222.821,4226.923,4235.128,4246.41,4189.103,3787.564,4216.154,разжать руку
23,4222.564,3641.41,4231.795,4194.103,4090.256,4219.744,4225.641,4225.256,4229.872,4239.615,4255.128,4197.179,3800.513,4222.564,разжать руку
23,4220.0,3643.205,4231.923,4192.949,4099.615,4218.462,4213.333,4215.0,4224.615,4245.0,4258.462,4191.282,3803.462,4217.949,разжать руку
23,4212.179,3636.795,4222.564,4188.59,4104.744,4210.897,4209.231,4208.462,4221.923,4241.154,4251.41,4189.744,3795.641,4214.103,разжать руку
23,4208.462,3633.846,4223.59,4190.641,4109.872,4213.846,4212.179,4210.256,4224.231,4242.051,4249.744,4194.231,3797.949,4216.154,разжать руку
23,4205.897,3628.974,4227.692,4191.923,4111.667,4223.59,4217.308,4219.103,4231.282,4250.641,4252.436,4191.667,3807.308,4219.359,разжать руку
23,4201.282,3614.231,4221.667,4184.744,4103.59,4227.179,4229.872,4225.641,4231.667,4246.923,4247.692,4188.59,3802.692,4215.128,разжать руку
23,4194.615,3603.205,4212.564,4177.949,4092.564,4228.974,4240.769,4221.667,4220.385,4234.231,4237.821,4187.051,3789.872,4205.769,разжать руку
23,4191.923,3599.359,4211.026,4177.436,4084.744,4230.513,4248.846,4221.923,4218.718,4230.513,4235.256,4188.846,3788.846,4207.949,разжать руку
23,4197.436,3601.667,4217.821,4181.026,4089.744,4226.282,4251.154,4228.974,4229.615,4238.846,4242.436,4189.872,3798.974,4214.103,разжать руку
23,4200.769,3607.564,4222.051,4180.0,4099.872,4222.821,4231.41,4222.949,4227.179,4247.436,4245.256,4190.513,3804.103,4214.359,разжать руку
23,4198.59,3614.744,4221.026,4179.359,4103.462,4226.154,4215.385,4214.744,4219.615,4248.077,4243.077,4194.103,3806.154,4217.949,разжать руку
23,4199.744,3618.59,4224.487,4185.641,4106.154,4225.385,4225.897,4212.564,4219.615,4240.897,4245.256,4192.051,3808.205,4219.231,разжать руку
23,4203.333,3619.872,4229.487,4189.872,4108.974,4215.641,4228.974,4215.641,4219.487,4234.615,4244.615,4190.769,3805.385,4213.718,разжать руку
23,4203.718,3622.821,4229.615,4187.051,4110.769,4210.0,4218.59,4227.179,4222.436,4238.974,4236.795,4191.923,3801.41,4210.256,разжать руку
23,4197.436,3617.436,4222.564,4180.641,4105.769,4209.872,4222.308,4224.359,4223.205,4233.077,4236.026,4187.692,3799.487,4210.385,разжать руку
23,4190.128,3608.077,4217.179,4177.179,4100.256,4215.385,4232.051,4216.026,4222.308,4224.359,4242.692,4187.564,3801.154,4214.872,разжать руку
23,4191.026,3608.077,4218.205,4175.641,4104.615,4224.615,4230.897,4226.795,4228.205,4236.026,4237.949,4186.923,3800.641,4214.359,разжать руку
23,4188.205,3603.077,4212.692,4171.923,4106.282,4227.051,4228.59,4226.026,4223.846,4237.436,4226.41,4180.513,3794.359,4207.564,разжать руку
23,4173.59,3589.615,4201.026,4167.436,4099.359,4227.564,4232.051,4204.615,4210.641,4216.923,4220.641,4174.103,3790.769,4199.103,разжать руку
23,4164.231,3584.487,4192.692,4166.667,4093.974,4226.538,4233.462,4202.821,4211.154,4207.564,4220.0,4172.179,3793.59,4196.282,разжать руку
24,4183.718,3596.667,4207.564,4177.821,4099.744,4220.256,4247.821,4225.769,4216.026,4219.872,4218.718,4183.59,3795.769,4212.179,сжать руку
24,4191.795,3609.359,4217.308,4177.821,4099.359,4218.846,4245.385,4223.846,4218.462,4217.949,4224.872,4187.179,3805.641,4212.051,сжать руку
24,4201.667,3626.41,4222.821,4187.179,4107.821,4215.256,4231.026,4221.282,4224.872,4227.051,4236.667,4191.923,3816.667,4217.821,сжать руку
24,4199.615,3620.385,4221.026,4188.205,4117.436,4217.949,4231.538,4207.051,4215.385,4227.692,4230.385,4186.538,3806.923,4211.41,сжать руку
24,4184.103,3601.154,4208.333,4178.462,4113.974,4221.795,4240.0,4209.487,4216.923,4218.974,4217.692,4180.256,3794.744,4205.513,сжать руку
24,4172.564,3600.385,4198.333,4175.0,4112.179,4225.256,4238.718,4231.923,4236.282,4227.692,4223.333,4178.205,3806.41,4208.59,сжать руку
24,4170.128,3600.256,4196.154,4172.692,4117.179,4231.538,4234.872,4232.692,4234.359,4242.179,4230.641,4179.615,3822.821,4209.487,сжать руку
24,4174.231,3589.231,4198.077,4168.718,4117.821,4238.333,4249.359,4229.231,4228.077,4243.205,4229.487,4183.718,3826.154,4210.0,сжать руку
24,4183.462,3590.385,4201.154,4169.487,4113.462,4239.744,4265.897,4234.231,4236.026,4239.872,4232.949,4184.744,3827.564,4213.846,сжать руку
24,4186.923,3599.103,4202.436,4172.821,4110.769,4234.615,4257.179,4220.256,4228.846,4237.692,4238.205,4186.026,3833.718,4219.872,сжать руку
24,4182.179,3597.179,4200.0,4173.974,4111.795,4228.59,4243.59,4206.667,4212.821,4238.077,4239.487,4184.744,3836.154,4216.538,сжать руку
24,4180.128,3592.564,4196.667,4169.231,4108.077,4224.359,4251.41,4223.59,4224.615,4241.026,4240.641,4183.59,3835.641,4211.795,сжать руку
24,4183.59,3596.154,4200.641,4169.872,4104.103,4225.641,4261.026,4236.667,4237.692,4243.974,4241.795,4187.564,3841.538,4216.282,сжать руку
24,4184.872,3598.59,4203.846,4173.974,4109.487,4224.744,4253.59,4226.026,4226.795,4250.385,4241.026,4187.949,3845.128,4216.538,сжать руку
24,4179.359,3596.026,4197.821,4167.179,4113.077,4221.154,4254.359,4224.615,4220.641,4250.128,4237.179,4186.538,3838.846,4212.821,сжать руку
24,4177.821,3602.949,4194.103,4163.59,4110.897,4221.667,4259.487,4227.692,4223.718,4240.0,4235.513,4182.949,3839.744,4212.179,сжать руку
24,4181.538,3617.308,4195.897,4171.41,4111.923,4217.564,4242.949,4215.256,4223.974,4235.128,4239.487,4181.923,3850.256,4215.897,сжать руку
24,4185.385,3624.359,4198.462,4174.872,4119.103,4213.462,4229.872,4209.615,4225.513,4241.923,4241.282,4187.692,3854.103,4220.513,сжать руку
24,4184.231,3619.615,4196.923,4168.974,4120.385,4216.026,4237.179,4222.436,4230.897,4247.179,4236.026,4184.103,3851.154,4214.103,сжать руку
24,4179.103,3613.333,4191.41,4163.59,4114.231,4220.769,4246.154,4236.026,4236.41,4243.846,4230.256,4178.462,3846.795,4207.051,сжать руку
24,4178.718,3615.641,4192.692,4165.128,4117.821,4232.051,4258.974,4235.641,4233.718,4244.103,4229.359,4182.564,3843.333,4211.41,сжать руку
24,4174.744,3614.744,4192.051,4161.667,4122.308,4240.0,4270.256,4222.692,4221.667,4239.872,4226.667,4181.154,3841.795,4212.564,сжать руку
24,4164.359,3607.051,4182.051,4152.051,4113.974,4237.949,4262.692,4216.538,4217.949,4224.359,4220.256,4178.205,3840.897,4209.615,сжать руку
24,4161.667,3603.718,4182.308,4151.026,4106.923,4232.436,4253.462,4230.385,4232.949,4226.026,4220.513,4180.641,3839.359,4208.59,сжать руку
24,4172.564,3608.333,4194.615,4160.385,4109.615,4227.949,4252.308,4234.744,4238.59,4237.436,4230.897,4188.59,3842.821,4209.487,сжать руку
24,4187.179,3620.513,4202.179,4164.231,4117.436,4230.769,4247.179,4218.718,4223.718,4239.487,4236.795,4192.949,3857.949,4216.538,сжать руку
24,4194.872,3629.359,4204.103,4158.59,4120.641,4234.231,4238.718,4211.923,4216.154,4243.077,4238.718,4189.487,3876.667,4222.564,сжать руку
24,4197.821,3626.795,4207.179,4160.128,4117.436,4227.436,4232.436,4221.923,4225.128,4251.026,4248.462,4192.564,3885.769,4224.744,сжать руку
24,4199.615,3622.308,4209.231,4161.538,4114.231,4219.359,4230.641,4229.359,4233.718,4253.077,4252.179,4194.103,3886.923,4221.795,сжать руку
24,4201.667,3619.615,4210.513,4156.026,4108.462,4216.41,4229.872,4227.949,4229.359,4248.077,4247.436,4191.41,3893.205,4221.282,сжать руку
24,4203.974,3623.333,4216.282,4160.0,4107.564,4217.692,4237.179,4220.513,4220.769,4246.41,4249.872,4195.385,3903.59,4228.718,сжать руку
24,4205.256,3629.103,4216.667,4162.308,4113.462,4222.308,4253.205,4224.487,4224.744,4250.385,4254.872,4197.051,3905.0,4227.051,сжать руку
24,4202.949,3630.128,4211.154,4157.949,4114.231,4227.051,4257.692,4233.974,4231.667,4253.846,4253.59,4196.923,3904.872,4222.308,сжать руку
24,4202.692,3638.846,4213.974,4163.333,4114.487,4226.667,4246.026,4229.615,4230.385,4257.436,4251.154,4194.615,3910.0,4223.974,сжать руку
24,4201.282,3644.744,4214.487,4167.179,4118.846,4222.179,4229.872,4222.179,4228.077,4256.538,4247.564,4189.744,3903.462,4224.744,сжать руку
24,4188.205,3630.769,4201.154,4158.59,4116.923,4220.256,4233.846,4221.282,4226.282,4241.923,4235.769,4186.154,3887.564,4222.051,сжать руку
24,4176.667,3618.974,4191.923,4149.872,4108.59,4219.103,4247.949,4218.077,4219.744,4223.077,4228.974,4183.718,3883.077,4220.256,сжать руку
24,4181.667,3628.077,4197.949,4152.949,4109.615,4217.692,4237.692,4217.821,4218.846,4223.205,4240.256,4189.615,3890.128,4226.154,сжать руку
24,4192.692,3641.923,4206.795,4162.821,4121.282,4222.821,4223.077,4225.385,4224.359,4233.077,4252.692,4194.359,3896.41,4226.154,сжать руку
24,4187.179,3641.667,4200.385,4163.077,4120.769,4227.564,4238.333,4225.128,4221.538,4227.179,4245.385,4187.821,3894.103,4216.795,сжать руку
24,4172.692,3635.256,4186.282,4155.0,4108.59,4222.821,4249.487,4221.026,4220.897,4221.538,4239.231,4185.641,3892.179,4216.538,сжать руку
24,4170.128,3632.051,4186.41,4151.282,4106.795,4215.128,4231.154,4224.744,4229.487,4236.154,4248.846,4188.333,3897.821,4219.103,сжать руку
24,4176.923,3630.769,4192.564,4153.846,4110.897,4214.359,4221.923,4228.846,4232.179,4245.0,4254.615,4189.872,3904.359,4222.051,сжать руку
24,4181.282,3636.282,4194.103,4157.308,4111.154,4220.256,4229.231,4230.256,4228.974,4243.333,4256.026,4191.795,3907.821,4226.667,сжать руку
24,4179.615,3644.744,4193.59,4157.051,4111.282,4219.103,4224.615,4227.179,4229.231,4245.897,4259.744,4190.897,3910.769,4225.256,сжать руку
24,4173.333,3642.949,4187.436,4150.256,4112.564,4211.154,4223.718,4225.385,4231.667,4243.718,4260.769,4188.333,3910.641,4221.538,сжать руку
24,4166.154,3638.462,4180.897,4146.41,4114.872,4210.0,4229.487,4223.59,4231.154,4239.615,4259.359,4182.308,3903.974,4215.0,сжать руку
24,4166.667,3643.846,4183.59,4154.359,4116.538,4212.051,4217.179,4217.692,4225.513,4241.667,4262.179,4178.59,3901.41,4211.282,сжать руку
24,4169.615,3651.282,4186.795,4160.0,4119.103,4210.0,4210.641,4215.513,4224.231,4241.667,4266.795,4178.462,3907.051,4210.256,сжать руку
24,4165.897,3650.385,4185.641,4155.641,4122.051,4210.128,4227.436,4216.923,4230.385,4238.333,4266.154,4178.462,3909.744,4210.0,сжать руку
24,4169.103,3651.154,4191.667,4156.154,4122.436,4217.821,4237.949,4232.179,4239.103,4242.564,4267.436,4184.231,3909.231,4220.513,сжать руку
24,4180.385,3659.103,4201.667,4160.897,4124.231,4222.179,4239.744,4248.59,4244.103,4248.59,4271.795,4185.641,3913.59,4227.821,сжать руку
24,4186.41,3666.154,4203.077,4160.897,4125.256,4218.59,4238.846,4233.205,4235.385,4241.667,4272.821,4184.231,3919.487,4224.744,сжать руку
24,4192.436,3676.154,4204.103,4163.462,4126.026,4218.846,4230.769,4212.692,4222.051,4234.487,4270.641,4189.359,3922.564,4224.103,сжать руку
24,4194.872,3681.026,4205.256,4161.282,4128.974,4217.949,4229.872,4218.718,4219.872,4234.615,4268.59,4187.179,3923.59,4223.205,сжать руку
24,4187.564,3676.41,4200.513,4155.128,4130.256,4213.59,4237.051,4233.974,4229.231,4238.077,4273.846,4187.692,3926.154,4225.641,сжать руку
24,4185.641,3680.641,4202.051,4158.59,4132.564,4217.692,4239.359,4234.231,4231.282,4246.667,4294.872,4190.897,3933.846,4229.487,сжать руку
24,4188.205,3686.282,4205.0,4161.282,4132.564,4225.897,4243.974,4223.846,4219.872,4245.385,4315.897,4185.0,3933.974,4224.359,сжать руку
24,4190.769,3685.769,4204.487,4160.0,4129.872,4221.667,4239.359,4221.154,4216.538,4238.718,4320.385,4184.487,3929.744,4222.692,сжать руку
24,4196.538,3689.872,4207.308,4163.205,4127.949,4209.359,4217.564,4220.897,4223.333,4244.231,4321.667,4189.103,3933.077,4225.641,сжать руку
24,4199.359,3690.385,4207.949,4164.359,4125.0,4208.205,4215.641,4230.897,4238.846,4253.59,4330.256,4190.897,3936.923,4225.128,сжать руку
24,4191.795,3685.769,4203.718,4156.667,4122.564,4216.538,4238.59,4242.949,4244.103,4251.923,4331.282,4187.692,3934.615,4220.641,сжать руку
24,4185.128,3691.538,4198.333,4151.41,4119.615,4215.769,4240.897,4230.641,4228.718,4240.641,4320.385,4185.256,3931.026,4217.821,сжать руку
24,4192.051,3703.462,4202.051,4158.718,4119.872,4211.154,4229.872,4218.205,4220.256,4233.59,4316.282,4193.205,3930.256,4223.462,сжать руку
24,4201.282,3707.821,4212.051,4164.872,4125.513,4211.538,4229.231,4229.359,4227.564,4234.872,4320.256,4197.821,3932.051,4227.179,сжать руку
24,4197.564,3705.513,4208.974,4160.769,4128.462,4208.59,4229.487,4233.077,4231.538,4231.282,4319.744,4193.718,3931.41,4224.615,сжать руку
24,4190.0,3702.949,4197.949,4160.0,4128.333,4210.385,4229.872,4220.641,4228.59,4226.923,4314.359,4188.205,3926.41,4219.231,сжать руку
24,4188.333,3704.744,4197.564,4164.487,4130.128,4215.128,4221.538,4215.385,4225.0,4230.513,4310.385,4186.41,3922.179,4216.538,сжать руку
24,4187.949,3711.282,4201.795,4165.385,4132.821,4213.718,4211.41,4214.744,4218.974,4230.385,4307.564,4188.333,3925.769,4222.692,сжать руку
24,4188.462,3714.872,4202.692,4162.949,4133.462,4212.308,4219.872,4214.744,4218.205,4228.205,4305.641,4188.333,3932.179,4226.154,сжать руку
24,4189.872,3714.744,4201.41,4161.667,4131.795,4211.154,4229.744,4222.436,4225.897,4228.718,4305.0,4189.231,3932.692,4226.41,сжать руку
24,4190.769,3720.897,4200.641,4163.462,4132.949,4211.538,4223.205,4226.41,4229.103,4228.974,4304.615,4190.385,3931.154,4229.359,сжать руку
24,4191.538,3726.154,4202.692,4165.128,4136.795,4215.128,4216.795,4223.077,4225.641,4228.718,4303.59,4189.103,3930.769,4228.846,сжать руку
24,4189.359,3721.282,4201.795,4161.538,4131.538,4213.974,4217.051,4221.154,4219.744,4224.487,4302.564,4189.872,3930.897,4227.949,сжать руку
24,4188.718,3720.513,4198.462,4156.154,4121.923,4205.513,4211.795,4222.821,4223.974,4221.282,4305.641,4189.231,3936.538,4226.41,сжать руку
24,4194.231,3729.872,4200.256,4156.923,4119.359,4201.282,4208.846,4226.923,4231.026,4223.077,4307.436,4191.026,3939.487,4227.821,сжать руку
24,4205.0,3742.692,4208.333,4165.769,4125.769,4207.308,4220.128,4229.103,4231.41,4229.359,4306.923,4197.436,3938.846,4235.513,сжать руку
24,4219.615,3754.487,4216.154,4171.667,4134.231,4211.026,4229.744,4220.897,4225.641,4231.923,4311.154,4198.718,3950.513,4240.128,сжать руку
24,4234.231,3762.179,4223.974,4171.667,4138.205,4207.051,4223.846,4218.077,4223.333,4229.103,4318.077,4198.846,3963.077,4243.59,сжать руку
24,4241.282,3771.026,4231.154,4174.615,4138.205,4208.205,4218.205,4226.41,4226.282,4230.897,4316.538,4196.154,3960.641,4243.205,сжать руку
24,4243.333,3779.359,4230.256,4182.564,4136.282,4213.462,4215.897,4225.385,4228.59,4233.205,4310.256,4194.103,3961.538,4240.0,сжать руку
24,4246.538,3784.615,4228.333,4190.128,4140.641,4213.462,4212.949,4219.103,4226.538,4230.385,4312.436,4198.718,3968.077,4239.872,сжать руку
24,4245.641,3784.359,4225.128,4188.846,4144.487,4214.231,4221.538,4222.564,4220.513,4226.026,4317.179,4192.821,3965.641,4238.205,сжать руку
24,4240.641,3778.077,4215.769,4181.795,4140.513,4215.641,4229.231,4225.0,4220.128,4225.128,4316.795,4188.59,3966.154,4238.205,сжать руку
24,4241.795,3778.974,4214.744,4182.949,4143.077,4213.718,4219.744,4220.385,4227.821,4230.897,4314.103,4195.897,3973.59,4238.205,сжать руку
24,4246.538,3788.462,4221.154,4187.179,4150.256,4213.846,4209.359,4221.154,4231.538,4238.205,4315.897,4198.846,3974.231,4238.718,сжать руку
24,4246.923,3791.41,4222.179,4187.179,4153.974,4222.949,4218.718,4225.385,4228.333,4242.179,4320.256,4197.564,3976.538,4244.744,сжать руку
24,4240.128,3779.744,4213.077,4180.0,4151.154,4223.333,4230.128,4220.897,4222.436,4232.692,4313.718,4192.179,3975.641,4238.974,сжать руку
24,4227.949,3765.769,4196.795,4173.333,4138.846,4207.436,4224.359,4215.128,4219.744,4210.256,4299.744,4187.051,3961.795,4230.385,сжать руку
24,4224.103,3762.436,4194.744,4179.231,4138.59,4203.077,4217.692,4223.59,4224.359,4210.256,4301.923,4192.692,3959.615,4237.308,сжать руку
24,4234.103,3762.308,4207.179,4184.487,4153.462,4212.308,4217.564,4238.205,4234.487,4230.0,4313.846,4202.692,3968.205,4242.308,сжать руку
24,4239.103,3758.462,4207.308,4181.026,4157.436,4215.513,4225.256,4238.718,4236.538,4224.872,4309.615,4203.205,3966.795,4240.0,сжать руку
24,4230.128,3744.487,4200.256,4177.436,4151.154,4213.718,4234.872,4224.103,4224.744,4210.256,4300.641,4193.333,3960.256,4233.333,сжать руку
24,4219.103,3725.256,4198.718,4176.795,4150.897,4213.846,4231.795,4209.872,4213.462,4213.205,4297.436,4190.0,3951.667,4226.154,сжать руку
24,4212.308,3710.385,4193.718,4172.821,4153.718,4218.59,4231.538,4211.026,4216.667,4212.692,4290.641,4193.333,3941.538,4224.231,сжать руку
24,4207.692,3695.385,4185.256,4164.615,4148.718,4219.103,4238.077,4230.641,4232.564,4209.872,4286.154,4194.231,3940.0,4227.821,сжать руку
24,4212.051,3686.923,4189.615,4169.103,4149.872,4214.872,4231.923,4245.256,4240.256,4222.308,4290.0,4200.128,3945.641,4236.538,сжать руку
24,4221.026,3684.872,4198.205,4176.282,4158.205,4216.282,4223.077,4225.897,4227.692,4213.333,4291.538,4197.436,3943.718,4236.154,сжать руку
24,4221.41,3673.974,4196.795,4170.128,4152.949,4207.051,4214.487,4203.462,4216.026,4185.385,4287.051,4191.026,3937.821,4231.282,сжать руку
24,4220.513,3662.179,4195.0,4167.821,4144.103,4188.718,4199.487,4210.385,4219.487,4196.154,4284.744,4195.897,3938.462,4233.205,сжать руку
25,4220.128,3643.333,4201.154,4177.179,4161.795,4204.359,4208.59,4202.821,4210.513,4202.051,4283.718,4192.949,3938.333,4228.205,разжать руку
25,4202.308,3629.872,4192.692,4170.641,4155.641,4209.231,4218.205,4218.205,4221.026,4205.897,4271.923,4190.769,3929.359,4221.667,разжать руку
25,4187.179,3616.923,4181.154,4165.641,4150.897,4208.974,4218.205,4224.744,4227.051,4196.026,4258.846,4183.333,3914.615,4214.231,разжать руку
25,4185.0,3600.256,4181.923,4167.308,4157.564,4214.872,4224.872,4226.154,4227.308,4173.205,4259.359,4181.41,3906.538,4214.744,разжать руку
25,4190.513,3588.077,4192.051,4168.974,4160.0,4218.846,4232.821,4226.795,4227.692,4199.231,4265.0,4183.077,3917.949,4217.436,разжать руку
25,4194.872,3582.821,4194.103,4169.487,4154.103,4214.231,4227.051,4205.897,4213.846,4223.718,4266.282,4183.59,3935.385,4220.128,разжать руку
25,4203.077,3589.359,4202.179,4177.949,4158.077,4206.154,4220.513,4216.538,4217.179,4210.0,4271.41,4188.59,3943.59,4225.256,разжать руку
25,4206.154,3593.974,4214.359,4182.564,4170.769,4204.487,4223.205,4244.487,4232.436,4220.128,4275.769,4193.718,3942.949,4225.769,разжать руку
25,4191.154,3577.949,4206.41,4174.103,4176.026,4209.872,4225.256,4223.974,4222.308,4235.385,4267.436,4190.0,3940.128,4222.564,разжать руку
25,4174.359,3565.256,4192.821,4166.923,4177.051,4210.641,4222.564,4205.256,4212.179,4220.128,4257.308,4180.0,3939.744,4216.923,разжать руку
25,4169.872,3574.231,4188.846,4165.128,4175.513,4207.308,4221.795,4224.359,4222.949,4212.949,4253.718,4177.564,3942.051,4213.077,разжать руку
25,4163.462,3585.0,4183.718,4167.308,4171.282,4207.308,4223.333,4232.179,4228.462,4219.615,4248.077,4177.051,3942.179,4206.923,разжать руку
25,4152.821,3590.769,4177.179,4168.974,4166.667,4204.744,4215.513,4218.462,4221.41,4215.769,4239.872,4174.103,3940.0,4200.897,разжать руку
25,4157.051,3609.872,4183.718,4167.949,4159.487,4202.564,4204.615,4209.872,4217.821,4214.231,4237.564,4179.231,3947.308,4209.744,разжать руку
25,4168.462,3640.0,4192.051,4169.487,4157.436,4207.179,4208.846,4199.615,4212.949,4218.974,4236.154,4180.0,3957.308,4215.0,разжать руку
25,4172.564,3659.487,4191.667,4172.436,4161.923,4206.923,4211.41,4190.769,4204.103,4212.949,4231.667,4177.436,3963.333,4214.615,разжать руку
25,4173.333,3663.462,4193.205,4172.179,4161.41,4201.026,4198.205,4188.846,4200.385,4207.308,4228.077,4181.282,3970.897,4220.256,разжать руку
25,4173.333,3668.333,4194.872,4170.513,4156.026,4194.487,4201.282,4204.103,4211.538,4212.051,4225.641,4181.667,3975.385,4219.872,разжать руку
25,4175.128,3684.872,4198.974,4172.692,4157.308,4196.282,4225.641,4227.949,4224.615,4217.436,4227.179,4182.436,3975.769,4219.744,разжать руку
25,4182.821,3700.641,4207.179,4173.974,4163.205,4200.128,4225.0,4214.744,4212.564,4210.256,4227.564,4184.359,3983.333,4222.821,разжать руку
25,4181.923,3704.487,4205.385,4170.769,4155.256,4192.436,4211.667,4216.282,4211.795,4199.872,4223.974,4182.949,3989.487,4221.923,разжать руку
25,4171.154,3711.41,4197.051,4166.154,4142.821,4193.974,4230.385,4250.897,4230.769,4203.205,4221.282,4182.949,3985.897,4220.769,разжать руку
25,4170.256,3727.051,4193.333,4159.744,4143.846,4207.179,4238.846,4233.205,4222.051,4203.077,4216.154,4181.282,3988.718,4221.538,разжать руку
25,4166.41,3736.538,4185.385,4156.282,4144.103,4210.256,4217.564,4197.692,4206.667,4197.821,4208.462,4176.282,3997.821,4219.744,разжать руку
25,4151.538,3745.128,4171.795,4156.538,4141.282,4212.308,4217.179,4215.897,4217.692,4208.974,4204.744,4169.231,3997.821,4211.282,разжать руку
25,4144.231,3758.59,4163.59,4154.231,4142.692,4216.923,4227.179,4224.744,4223.077,4216.026,4204.359,4168.59,3995.897,4205.385,разжать руку
25,4150.513,3771.026,4165.256,4152.692,4147.692,4213.59,4215.769,4206.667,4218.205,4212.564,4206.41,4176.538,4009.359,4210.769,разжать руку
25,4154.103,3779.872,4168.077,4153.718,4150.513,4212.949,4215.769,4217.949,4227.308,4220.256,4207.436,4173.205,4022.821,4211.923,разжать руку
25,4144.487,3783.718,4161.667,4153.59,4147.821,4214.103,4231.026,4219.872,4223.974,4212.179,4199.872,4164.103,4020.128,4205.256,разжать руку
25,4138.462,3788.077,4157.821,4153.846,4150.0,4204.872,4223.205,4204.359,4214.231,4191.795,4191.41,4169.103,4023.077,4205.128,разжать руку
25,4143.333,3789.359,4162.564,4150.897,4150.897,4200.641,4210.513,4218.462,4223.718,4193.462,4195.385,4178.077,4039.103,4209.359,разжать руку
25,4147.436,3795.128,4165.897,4149.744,4145.256,4206.538,4227.308,4233.59,4226.026,4197.179,4197.564,4177.051,4047.949,4210.385,разжать руку
25,4141.154,3809.359,4161.795,4150.385,4145.256,4209.744,4241.026,4217.308,4213.718,4186.41,4184.231,4167.949,4042.308,4205.897,разжать руку
25,4129.487,3821.667,4152.179,4146.282,4147.179,4208.462,4224.615,4199.744,4208.974,4178.59,4178.205,4166.41,4042.692,4203.846,разжать руку
25,4122.051,3830.513,4145.641,4145.769,4142.692,4211.795,4223.718,4208.333,4212.051,4182.436,4185.385,4165.0,4060.0,4203.462,разжать руку
25,4118.59,3843.333,4146.667,4149.615,4137.692,4214.487,4238.333,4221.667,4214.487,4191.41,4182.436,4160.769,4078.59,4202.564,разжать руку
25,4122.179,3860.897,4149.615,4152.179,4141.026,4208.718,4226.923,4222.308,4217.564,4200.513,4173.205,4167.821,4093.462,4207.692,разжать руку
25,4125.769,3868.59,4149.744,4152.692,4144.103,4205.385,4219.231,4213.846,4214.744,4205.385,4171.795,4169.103,4104.103,4207.692,разжать руку
25,4126.667,3871.923,4152.179,4154.615,4143.077,4210.769,4229.487,4213.718,4210.385,4205.769,4168.846,4167.949,4110.897,4204.615,разжать руку
25,4134.744,3891.795,4159.744,4159.744,4150.128,4217.051,4232.179,4226.282,4219.872,4209.615,4166.538,4175.385,4122.051,4209.615,разжать руку
25,4141.538,3902.949,4166.538,4159.231,4149.744,4217.692,4238.974,4237.564,4231.667,4217.821,4174.359,4178.974,4134.872,4211.667,разжать руку
25,4139.231,3894.872,4169.359,4157.051,4136.795,4215.385,4251.795,4238.333,4231.667,4220.256,4180.385,4182.308,4139.744,4212.821,разжать руку
25,4138.59,3901.538,4170.769,4158.846,4133.077,4208.718,4245.128,4241.282,4231.538,4211.41,4178.718,4180.513,4140.0,4210.128,разжать руку
25,4141.41,3916.795,4166.667,4161.154,4138.077,4200.128,4223.846,4240.641,4231.667,4198.846,4172.949,4171.41,4140.0,4202.821,разжать руку
25,4137.308,3916.026,4158.333,4163.974,4144.103,4203.59,4218.205,4211.795,4214.359,4184.231,4161.667,4166.667,4132.051,4199.487,разжать руку
25,4127.564,3912.436,4152.436,4163.462,4145.641,4205.641,4232.949,4190.0,4197.949,4167.949,4149.615,4165.128,4115.128,4195.897,разжать руку
25,4123.333,3923.205,4149.872,4163.59,4148.077,4203.462,4240.128,4201.538,4201.41,4159.359,4142.821,4164.615,4107.821,4194.744,разжать руку
25,4130.897,3938.333,4154.231,4169.231,4163.846,4213.718,4224.872,4213.846,4211.41,4171.282,4144.103,4164.359,4118.974,4197.949,разжать руку
25,4132.564,3936.538,4155.256,4168.718,4173.077,4222.564,4213.205,4216.538,4217.051,4182.949,4148.462,4164.103,4128.205,4199.103,разжать руку
25,4121.923,3926.41,4149.103,4161.923,4167.436,4222.179,4220.0,4221.154,4219.103,4183.974,4149.872,4166.154,4131.154,4197.692,разжать руку
25,4117.949,3924.872,4145.256,4159.487,4166.026,4220.128,4222.051,4213.974,4215.128,4185.513,4148.462,4161.795,4135.256,4190.897,разжать руку
25,4117.821,3921.538,4140.256,4156.538,4161.538,4216.795,4223.59,4213.205,4216.667,4182.308,4150.385,4154.103,4137.821,4190.256,разжать руку
25,4115.385,3915.385,4138.205,4152.308,4157.179,4214.872,4230.897,4223.718,4222.308,4181.795,4154.103,4155.0,4140.641,4195.128,разжать руку
25,4115.897,3917.051,4141.282,4154.872,4164.487,4215.256,4218.59,4204.872,4210.769,4182.564,4152.564,4160.641,4143.462,4193.462,разжать руку
25,4115.256,3914.359,4137.949,4156.026,4165.641,4211.667,4209.231,4202.308,4211.41,4171.667,4146.923,4161.667,4138.077,4190.128,разжать руку
25,4105.897,3901.667,4127.821,4149.487,4160.769,4207.179,4230.385,4224.615,4221.923,4155.0,4141.154,4153.333,4126.282,4185.641,разжать руку
25,4099.872,3895.513,4122.179,4145.897,4161.538,4211.538,4243.718,4212.692,4207.051,4140.769,4137.436,4149.872,4122.821,4185.769,разжать руку
25,4104.872,3901.154,4127.179,4149.615,4162.692,4217.308,4230.769,4198.205,4198.462,4144.744,4144.615,4156.795,4135.0,4193.846,разжать руку
25,4109.615,3905.256,4133.846,4150.897,4162.308,4213.846,4223.333,4208.846,4209.615,4162.564,4160.769,4158.59,4149.744,4198.718,разжать руку
25,4112.308,3904.744,4135.641,4149.744,4161.41,4208.59,4228.846,4212.051,4213.718,4173.974,4171.667,4156.41,4153.846,4200.641,разжать руку
25,4110.256,3904.103,4135.769,4149.103,4159.872,4211.538,4231.795,4222.692,4223.974,4184.744,4175.128,4156.41,4153.974,4196.538,разжать руку
25,4111.026,3905.385,4139.744,4149.359,4164.359,4215.256,4230.897,4244.487,4241.538,4197.308,4178.077,4162.949,4158.462,4193.718,разжать руку
25,4117.308,3910.897,4146.923,4154.615,4175.513,4222.308,4241.795,4230.128,4228.462,4192.692,4178.462,4165.513,4156.795,4195.897,разжать руку
25,4120.641,3913.846,4152.308,4155.769,4180.0,4228.718,4249.359,4206.923,4212.692,4180.0,4178.974,4159.231,4155.0,4197.179,разжать руку
25,4124.231,3915.513,4158.846,4155.256,4183.462,4226.026,4234.872,4219.615,4229.744,4186.026,4183.718,4165.0,4160.641,4204.872,разжать руку
25,4134.103,3926.667,4167.821,4163.462,4188.974,4224.615,4224.615,4226.667,4235.513,4195.128,4184.359,4168.846,4160.128,4205.897,разжать руку
25,4139.872,3935.385,4167.692,4166.667,4182.564,4221.923,4226.667,4205.897,4218.333,4184.615,4180.385,4157.949,4152.692,4198.077,разжать руку
25,4135.513,3933.718,4165.641,4160.128,4175.641,4216.795,4232.564,4213.205,4222.692,4187.308,4180.385,4155.128,4156.667,4199.487,разжать руку
25,4133.59,3932.051,4170.128,4157.179,4175.513,4218.077,4240.897,4240.769,4237.821,4208.077,4182.436,4162.179,4163.077,4201.667,разжать руку
25,4134.615,3935.769,4169.231,4161.538,4171.41,4223.077,4253.333,4235.0,4229.744,4203.077,4181.026,4167.436,4156.795,4198.59,разжать руку
25,4134.615,3941.795,4164.744,4164.872,4173.462,4224.231,4254.359,4218.205,4221.026,4180.256,4178.333,4162.051,4152.692,4195.256,разжать руку
25,4135.128,3943.974,4164.872,4163.974,4184.487,4219.103,4233.333,4220.897,4226.795,4183.718,4178.077,4156.538,4157.564,4197.308,разжать руку
25,4137.949,3943.077,4168.333,4163.59,4189.103,4221.026,4223.462,4219.744,4225.0,4195.769,4180.641,4162.821,4162.949,4200.128,разжать руку
25,4142.692,3945.513,4171.154,4164.615,4190.0,4224.744,4228.718,4211.026,4219.487,4183.462,4183.462,4164.231,4160.385,4195.769,разжать руку
25,4142.308,3945.128,4168.846,4163.974,4190.385,4217.179,4226.923,4218.333,4224.103,4177.436,4179.487,4159.103,4151.282,4194.231,разжать руку
25,4137.436,3939.872,4166.923,4163.205,4183.333,4212.179,4222.692,4224.872,4225.128,4189.744,4173.333,4155.128,4146.795,4195.128,разжать руку
25,4134.872,3935.897,4166.026,4157.949,4176.538,4220.385,4226.41,4211.795,4214.359,4191.667,4172.179,4154.744,4151.795,4194.872,разжать руку
25,4144.231,3936.923,4171.154,4157.692,4172.821,4224.872,4237.051,4213.59,4216.795,4186.41,4176.538,4164.615,4160.513,4202.692,разжать руку
25,4157.436,3943.718,4182.179,4164.487,4168.205,4212.308,4234.487,4223.462,4226.154,4182.692,4180.641,4169.487,4163.974,4207.051,разжать руку
25,4159.231,3946.667,4183.974,4164.231,4164.615,4202.308,4216.667,4217.179,4221.026,4180.897,4182.564,4165.897,4164.487,4205.0,разжать руку
25,4160.256,3943.718,4182.692,4161.538,4164.872,4211.154,4213.59,4217.949,4221.795,4193.718,4181.538,4166.41,4168.846,4207.821,разжать руку
25,4169.872,3948.077,4189.359,4165.513,4167.179,4219.615,4226.667,4225.641,4231.41,4208.333,4182.308,4171.154,4174.487,4212.564,разжать руку
25,4171.41,3956.154,4191.667,4170.385,4172.051,4217.051,4228.462,4222.564,4228.333,4200.128,4185.513,4171.795,4172.564,4212.949,разжать руку
25,4157.692,3947.821,4180.128,4164.103,4175.256,4212.692,4221.795,4209.872,4215.513,4189.231,4178.718,4160.128,4163.333,4204.103,разжать руку
25,4149.103,3932.821,4171.026,4156.41,4169.487,4207.821,4216.538,4203.205,4211.026,4186.282,4169.103,4156.538,4156.154,4198.59,разжать руку
25,4154.487,3933.333,4175.385,4158.974,4166.667,4205.641,4210.385,4206.923,4213.462,4184.359,4173.718,4164.359,4153.846,4202.949,разжать руку
25,4157.436,3938.077,4179.231,4160.385,4168.718,4211.667,4209.615,4212.564,4213.974,4185.128,4178.846,4162.821,4152.179,4203.205,разжать руку
25,4152.308,3934.872,4173.462,4157.949,4169.615,4212.949,4215.385,4211.923,4210.256,4182.179,4175.513,4160.385,4152.051,4202.949,разжать руку
25,4149.359,3932.308,4167.179,4155.513,4170.256,4206.538,4216.795,4198.59,4200.256,4175.0,4169.744,4158.59,4150.385,4201.282,разжать руку
25,4148.59,3929.615,4165.897,4152.692,4162.051,4203.59,4213.846,4195.641,4200.256,4165.641,4163.846,4156.538,4139.872,4198.59,разжать руку
25,4148.077,3932.179,4170.641,4155.769,4159.487,4206.41,4215.897,4208.59,4212.051,4162.821,4170.128,4160.385,4136.538,4201.282,разжать руку
25,4146.795,3937.179,4171.282,4159.487,4170.385,4206.41,4222.436,4214.103,4215.128,4166.154,4195.769,4160.385,4142.308,4198.974,разжать руку
25,4141.154,3929.359,4156.923,4155.128,4168.718,4198.59,4224.359,4211.154,4212.179,4162.949,4215.0,4155.769,4138.974,4191.667,разжать руку
25,4140.897,3930.513,4153.974,4156.282,4165.0,4199.487,4222.821,4208.718,4215.897,4169.231,4220.128,4157.949,4138.974,4191.282,разжать руку
25,4149.231,3945.769,4171.41,4164.231,4175.897,4212.949,4229.103,4211.026,4219.615,4185.128,4232.564,4164.744,4149.487,4197.949,разжать руку
25,4155.641,3948.205,4175.385,4164.103,4183.718,4215.897,4235.513,4216.41,4217.436,4190.897,4242.179,4163.333,4150.128,4202.949,разжать руку
25,4162.436,3944.872,4163.846,4161.41,4179.103,4205.641,4224.615,4211.282,4215.128,4189.231,4239.359,4157.692,4146.41,4203.333,разжать руку
25,4169.872,3952.564,4161.538,4163.205,4176.026,4206.538,4213.846,4203.974,4213.718,4189.872,4245.641,4162.692,4153.846,4208.333,разжать руку
25,4172.564,3958.974,4171.154,4163.462,4182.179,4216.41,4226.154,4214.103,4216.282,4190.256,4253.718,4163.462,4158.846,4209.872,разжать руку
25,4177.051,3960.385,4178.077,4165.0,4186.667,4213.077,4230.256,4215.0,4217.308,4183.59,4248.077,4157.051,4154.487,4205.385,разжать руку
26,4176.923,3965.128,4171.282,4163.462,4186.282,4212.436,4212.051,4201.026,4207.564,4187.692,4257.179,4162.051,4152.436,4210.769,сжать руку
26,4164.359,3947.179,4166.41,4155.897,4178.974,4208.718,4222.308,4216.923,4211.923,4189.103,4246.41,4157.436,4140.128,4202.949,сжать руку
26,4168.59,3961.026,4171.795,4166.667,4183.59,4204.359,4213.846,4218.462,4220.769,4193.846,4238.718,4158.59,4135.641,4204.487,сжать руку
26,4172.821,3980.0,4168.462,4170.897,4190.897,4204.103,4209.744,4212.564,4219.615,4194.872,4243.846,4157.308,4138.846,4205.385,сжать руку
26,4169.359,3977.949,4160.897,4164.231,4190.513,4212.051,4226.026,4209.231,4209.744,4182.179,4242.179,4158.974,4137.821,4206.795,сжать руку
26,4170.128,3983.462,4168.462,4168.462,4195.128,4220.256,4228.462,4208.846,4209.487,4176.41,4237.949,4161.923,4130.641,4206.923,сжать руку
26,4171.667,3994.359,4175.256,4175.513,4202.564,4213.462,4208.718,4215.128,4221.667,4185.128,4242.436,4161.795,4126.923,4207.051,сжать руку
26,4170.128,3992.179,4170.385,4172.821,4204.744,4211.41,4208.59,4217.308,4220.128,4187.308,4246.282,4161.41,4130.897,4207.692,сжать руку
26,4167.821,3988.205,4168.333,4166.538,4201.41,4218.59,4225.769,4214.359,4210.0,4183.59,4244.487,4160.0,4132.821,4203.846,сжать руку
26,4169.487,3984.744,4173.333,4167.308,4193.718,4213.846,4224.103,4221.667,4220.256,4190.128,4244.615,4163.333,4131.795,4206.154,сжать руку
26,4175.0,3982.308,4179.487,4171.923,4193.333,4205.256,4215.897,4223.462,4228.59,4202.179,4245.256,4164.487,4133.205,4207.949,сжать руку
26,4174.744,3986.41,4181.282,4173.205,4200.513,4210.128,4216.538,4211.282,4219.103,4202.949,4244.615,4162.949,4131.026,4205.769,сжать руку
26,4170.769,3991.154,4179.615,4174.231,4201.923,4219.359,4216.538,4205.0,4212.179,4195.0,4242.436,4165.641,4124.487,4206.538,сжать руку
26,4168.718,3989.231,4176.795,4175.128,4200.0,4220.128,4216.667,4202.564,4207.692,4189.359,4237.692,4163.59,4120.769,4203.205,сжать руку
26,4163.846,3983.077,4173.846,4174.615,4191.538,4211.026,4217.436,4204.359,4205.128,4180.385,4233.59,4160.256,4116.923,4201.154,сжать руку
26,4168.333,3986.41,4181.154,4179.872,4183.59,4204.231,4223.718,4223.718,4220.513,4178.462,4235.897,4163.718,4114.872,4206.026,сжать руку
26,4184.231,4000.128,4193.974,4187.821,4191.795,4211.795,4236.923,4232.179,4226.026,4189.231,4240.256,4168.846,4119.487,4211.667,сжать руку
26,4184.744,4001.923,4190.385,4184.615,4204.487,4224.231,4243.077,4212.692,4207.821,4194.359,4237.564,4166.795,4119.103,4210.641,сжать руку
26,4170.513,3992.692,4178.205,4173.718,4197.949,4222.564,4233.718,4198.205,4200.513,4189.744,4231.154,4157.436,4110.641,4202.051,сжать руку
26,4166.795,3992.692,4175.513,4171.41,4186.154,4210.641,4219.231,4205.128,4208.974,4184.487,4225.897,4156.538,4105.769,4199.487,сжать руку
26,4172.692,3998.59,4180.513,4175.128,4188.462,4208.462,4217.051,4216.923,4215.0,4181.282,4223.462,4159.744,4103.718,4202.436,сжать руку
26,4175.513,3994.359,4185.513,4175.256,4187.949,4211.667,4221.41,4214.359,4210.641,4174.487,4221.026,4158.846,4097.436,4202.949,сжать руку
26,4182.436,3993.974,4191.538,4179.231,4188.718,4211.923,4218.974,4203.077,4200.513,4170.385,4220.128,4164.487,4097.308,4206.923,сжать руку
26,4186.154,4003.974,4191.667,4179.359,4196.538,4208.077,4206.154,4199.744,4196.282,4171.154,4222.179,4166.667,4104.872,4208.205,сжать руку
26,4172.949,4000.256,4182.051,4173.077,4191.667,4198.462,4201.026,4210.769,4206.282,4169.615,4222.949,4164.103,4101.795,4204.872,сжать руку
26,4161.41,3986.923,4179.231,4174.231,4192.051,4201.538,4215.385,4223.718,4218.077,4174.487,4221.667,4165.256,4093.846,4201.026,сжать руку
26,4162.051,3982.308,4181.41,4173.205,4202.564,4216.667,4223.974,4215.128,4213.846,4184.231,4217.949,4162.179,4094.103,4200.385,сжать руку
26,4164.359,3986.795,4181.154,4168.462,4198.205,4220.128,4221.41,4207.564,4210.385,4187.692,4218.077,4160.513,4099.103,4204.359,сжать руку
26,4163.333,3987.179,4179.487,4172.308,4190.0,4213.333,4222.051,4217.692,4215.513,4191.026,4223.59,4160.897,4102.308,4201.667,сжать руку
26,4160.128,3983.462,4175.385,4177.051,4196.154,4208.974,4218.718,4218.077,4212.564,4194.615,4222.308,4160.256,4100.513,4196.795,сжать руку
26,4156.923,3984.744,4175.897,4175.641,4201.538,4208.077,4210.385,4211.923,4207.179,4191.538,4213.59,4160.128,4096.41,4198.59,сжать руку
26,4158.077,3982.949,4178.846,4176.923,4196.282,4204.615,4205.128,4216.026,4211.41,4186.41,4209.872,4158.718,4096.667,4201.41,сжать руку
26,4166.538,3983.846,4182.564,4185.385,4192.821,4204.615,4198.974,4214.487,4210.769,4188.59,4218.333,4162.821,4105.0,4206.538,сжать руку
26,4172.692,3992.821,4188.974,4189.615,4195.769,4209.744,4204.615,4213.846,4210.769,4198.462,4226.923,4164.231,4110.0,4207.308,сжать руку
26,4168.59,3993.205,4188.205,4184.231,4198.718,4215.897,4217.949,4226.923,4223.462,4204.744,4225.641,4161.282,4109.615,4204.872,сжать руку
26,4167.308,3988.974,4182.308,4180.256,4197.564,4217.949,4213.333,4227.564,4222.949,4207.179,4222.692,4162.821,4114.744,4208.846,сжать руку
26,4174.487,3997.179,4184.872,4182.179,4189.231,4208.846,4198.333,4206.282,4205.0,4207.051,4225.769,4162.949,4118.333,4210.256,сжать руку
26,4180.513,4002.949,4192.179,4184.487,4188.846,4206.538,4203.205,4198.077,4200.641,4203.718,4230.256,4163.974,4115.256,4210.641,сжать руку
26,4184.744,4000.256,4195.641,4183.462,4200.0,4215.897,4217.821,4205.256,4206.026,4208.846,4225.0,4163.077,4113.077,4210.641,сжать руку
26,4183.59,3999.487,4191.795,4179.487,4198.974,4215.897,4216.154,4213.462,4208.205,4207.179,4210.641,4157.692,4104.615,4203.718,сжать руку
26,4170.897,3988.846,4182.436,4174.231,4190.769,4210.0,4215.769,4216.026,4209.615,4182.949,4200.128,4156.282,4089.487,4199.103,сжать руку
26,4163.205,3979.487,4177.436,4172.949,4192.436,4210.641,4219.231,4203.974,4204.487,4168.462,4204.744,4155.385,4086.795,4201.154,сжать руку
26,4171.282,3987.949,4179.487,4178.333,4189.872,4209.487,4213.974,4202.308,4205.128,4182.179,4213.205,4157.692,4098.59,4208.205,сжать руку
26,4179.103,4002.564,4185.513,4184.359,4186.795,4206.026,4201.154,4212.308,4210.641,4196.282,4212.308,4158.974,4107.949,4210.128,сжать руку
26,4180.513,4006.41,4188.974,4184.872,4195.897,4204.103,4187.436,4212.179,4206.41,4195.897,4213.59,4160.897,4110.897,4207.821,сжать руку
26,4187.051,4009.872,4193.462,4187.564,4201.282,4205.513,4194.359,4211.795,4209.487,4199.744,4222.949,4167.949,4116.923,4217.179,сжать руку
26,4192.436,4017.949,4202.179,4192.564,4195.0,4212.051,4220.0,4215.128,4218.974,4204.744,4222.692,4165.897,4119.231,4218.846,сжать руку
26,4187.949,4014.615,4202.308,4188.974,4190.128,4209.615,4219.872,4206.795,4210.128,4197.308,4210.769,4162.821,4111.667,4207.692,сжать руку
26,4184.615,4010.256,4196.923,4183.974,4192.179,4203.462,4198.333,4199.359,4200.769,4193.333,4206.795,4164.487,4110.256,4203.974,сжать руку
26,4182.308,4009.615,4193.333,4181.026,4192.564,4205.769,4204.487,4206.795,4207.949,4194.359,4208.462,4159.103,4110.128,4203.718,сжать руку
26,4172.051,4001.667,4187.692,4173.333,4189.231,4205.0,4213.59,4204.359,4206.667,4184.744,4203.846,4156.154,4099.359,4202.308,сжать руку
26,4168.59,3997.949,4186.026,4168.59,4187.051,4199.359,4193.205,4195.385,4198.846,4182.308,4202.051,4158.974,4097.949,4204.103,сжать руку
26,4178.462,4007.436,4192.308,4172.949,4185.897,4201.41,4184.359,4199.231,4202.949,4196.667,4212.821,4159.359,4115.128,4213.077,сжать руку
26,4187.399,4016.264,4196.905,4175.549,4186.099,4200.531,4185.22,4199.029,4201.923,4194.817,4214.084,4161.172,4118.883,4214.78,сжать руку
26,4196.337,4025.092,4201.502,4178.15,4186.3,4199.652,4186.081,4198.828,4200.897,4192.967,4215.348,4162.985,4122.637,4216.484,сжать руку
26,4205.275,4033.919,4206.099,4180.751,4186.502,4198.773,4186.941,4198.626,4199.872,4191.117,4216.612,4164.799,4126.392,4218.187,сжать руку
26,4214.212,4042.747,4210.696,4183.352,4186.703,4197.894,4187.802,4198.425,4198.846,4189.267,4217.875,4166.612,4130.147,4219.89,сжать руку
26,4223.15,4051.575,4215.293,4185.952,4186.905,4197.015,4188.663,4198.223,4197.821,4187.418,4219.139,4168.425,4133.901,4221.593,сжать руку
26,4232.088,4060.403,4219.89,4188.553,4187.106,4196.136,4189.524,4198.022,4196.795,4185.568,4220.403,4170.238,4137.656,4223.297,сжать руку
26,4241.026,4069.231,4224.487,4191.154,4187.308,4195.256,4190.385,4197.821,4195.769,4183.718,4221.667,4172.051,4141.41,4225.0,сжать руку
26,4233.205,4059.615,4224.231,4183.077,4183.333,4205.897,4210.641,4213.974,4206.538,4182.692,4225.513,4170.0,4137.821,4226.154,сжать руку
26,4226.026,4057.308,4218.462,4176.795,4185.128,4209.872,4217.051,4196.923,4196.154,4183.462,4220.256,4162.179,4136.026,4220.513,сжать руку
26,4222.564,4055.128,4210.256,4177.564,4194.231,4200.769,4198.718,4179.359,4184.615,4188.462,4214.615,4159.872,4138.462,4216.026,сжать руку
26,4212.821,4044.487,4206.154,4177.051,4195.0,4199.487,4201.923,4210.385,4204.359,4191.923,4220.0,4166.667,4135.385,4221.154,сжать руку
26,4201.282,4036.282,4205.897,4170.641,4185.256,4204.103,4218.718,4233.59,4221.667,4195.0,4227.564,4167.179,4132.564,4219.487,сжать руку
26,4200.769,4035.0,4201.538,4168.974,4184.359,4198.846,4209.359,4210.385,4210.128,4196.667,4228.077,4166.538,4136.026,4216.795,сжать руку
26,4201.667,4037.179,4197.692,4177.692,4196.667,4193.077,4195.256,4194.231,4200.769,4199.615,4226.41,4168.077,4141.795,4218.077,сжать руку
26,4192.949,4035.0,4196.282,4181.282,4197.564,4194.615,4197.949,4199.615,4202.821,4198.974,4228.077,4166.538,4140.0,4213.718,сжать руку
26,4184.487,4026.154,4190.513,4175.769,4186.154,4195.513,4207.179,4207.179,4209.872,4194.359,4233.846,4167.821,4132.564,4211.154,сжать руку
26,4179.872,4019.487,4184.872,4170.385,4185.0,4192.949,4211.154,4208.974,4215.128,4193.462,4237.179,4166.41,4132.179,4207.949,сжать руку
26,4175.641,4021.538,4187.179,4167.436,4188.205,4196.923,4212.051,4208.974,4217.051,4198.974,4234.359,4163.846,4138.462,4206.538,сжать руку
26,4180.0,4029.872,4193.205,4172.179,4193.077,4207.051,4214.615,4206.282,4212.564,4209.615,4235.897,4166.795,4146.282,4212.436,сжать руку
26,4184.872,4032.051,4194.487,4176.282,4200.128,4202.692,4209.359,4200.897,4202.564,4213.462,4241.41,4166.154,4149.615,4214.487,сжать руку
26,4178.59,4023.205,4190.897,4170.513,4195.0,4194.103,4204.615,4208.974,4207.436,4208.077,4240.0,4161.41,4145.0,4209.359,сжать руку
26,4171.667,4016.026,4186.667,4162.436,4181.667,4200.0,4215.385,4219.872,4218.077,4205.0,4232.949,4157.179,4138.59,4204.487,сжать руку
26,4174.231,4021.026,4183.974,4162.692,4180.769,4203.333,4215.0,4212.949,4217.179,4205.897,4229.103,4159.103,4138.974,4207.179,сжать руку
26,4182.564,4035.0,4189.231,4173.333,4196.154,4200.128,4196.795,4198.462,4212.308,4211.282,4231.923,4164.744,4141.923,4213.205,сжать руку
26,4185.897,4040.897,4197.179,4176.282,4202.949,4203.974,4203.974,4210.385,4218.846,4220.897,4236.795,4166.282,4144.103,4215.897,сжать руку
26,4184.872,4036.538,4199.744,4170.897,4195.897,4208.077,4226.795,4237.564,4234.359,4229.103,4241.154,4172.436,4153.974,4219.359,сжать руку
26,4189.487,4039.359,4201.923,4173.846,4196.667,4206.026,4220.513,4223.205,4229.103,4228.718,4237.051,4172.949,4160.128,4218.077,сжать руку
26,4197.051,4049.744,4206.282,4180.385,4200.513,4204.359,4203.718,4196.154,4208.59,4223.59,4227.564,4166.154,4153.59,4216.795,сжать руку
26,4198.59,4055.513,4207.564,4179.487,4198.462,4206.026,4206.538,4208.462,4211.667,4226.154,4228.974,4169.744,4152.308,4219.615,сжать руку
26,4187.564,4047.436,4197.308,4169.231,4193.846,4203.205,4209.103,4220.128,4224.487,4226.41,4232.692,4170.769,4152.949,4212.821,сжать руку
26,4176.538,4037.564,4183.846,4160.385,4186.667,4195.897,4201.667,4213.205,4219.231,4215.385,4226.026,4163.59,4144.359,4206.795,сжать руку
26,4180.385,4042.821,4186.154,4162.949,4187.051,4197.564,4199.103,4209.615,4209.359,4209.359,4217.564,4159.872,4138.59,4209.103,сжать руку
26,4185.256,4047.564,4194.359,4166.41,4194.615,4202.949,4201.41,4195.641,4202.308,4203.718,4214.231,4161.41,4137.949,4211.923,сжать руку
26,4182.821,4048.59,4196.41,4168.462,4192.179,4200.0,4201.538,4191.282,4202.436,4198.974,4216.41,4164.231,4140.897,4219.103,сжать руку
26,4184.615,4054.487,4197.179,4173.077,4185.0,4193.077,4199.487,4206.923,4209.615,4205.256,4220.769,4160.513,4149.615,4221.282,сжать руку
26,4181.923,4051.538,4193.077,4172.051,4185.769,4187.692,4199.872,4207.692,4206.795,4199.103,4216.538,4159.231,4148.974,4213.974,сжать руку
26,4177.436,4046.923,4192.308,4171.154,4185.897,4191.026,4206.41,4203.718,4204.872,4186.923,4208.974,4164.103,4141.282,4211.282,сжать руку
26,4187.308,4055.769,4199.359,4177.308,4183.333,4197.949,4205.641,4208.846,4215.0,4196.026,4213.077,4164.744,4144.744,4217.949,сжать руку
26,4202.436,4068.205,4207.051,4183.077,4189.744,4197.692,4194.615,4206.026,4215.897,4209.615,4222.051,4165.769,4157.949,4227.051,сжать руку
26,4207.564,4076.41,4215.128,4185.128,4201.923,4196.795,4195.256,4202.436,4209.744,4213.59,4228.333,4167.949,4169.744,4225.513,сжать руку
26,4204.872,4077.179,4216.282,4185.513,4201.795,4199.872,4204.231,4209.615,4214.231,4217.308,4229.487,4171.026,4170.385,4222.692,сжать руку
26,4203.077,4074.872,4215.513,4187.179,4194.872,4198.718,4201.667,4214.744,4218.333,4223.333,4228.59,4172.436,4163.846,4224.231,сжать руку
26,4206.667,4077.436,4222.436,4188.974,4193.462,4190.641,4190.256,4212.051,4214.359,4222.821,4227.821,4170.769,4162.564,4222.564,сжать руку
26,4210.385,4081.538,4222.692,4188.462,4191.154,4187.564,4187.436,4208.846,4210.128,4215.513,4220.769,4170.641,4161.282,4221.026,сжать руку
26,4206.795,4078.718,4212.436,4182.564,4190.0,4192.692,4196.154,4209.487,4206.41,4209.744,4211.026,4165.256,4154.103,4217.692,сжать руку
26,4202.564,4076.154,4208.974,4178.205,4194.103,4197.179,4196.667,4211.923,4209.872,4210.513,4208.333,4162.692,4151.538,4218.718,сжать руку
26,4200.128,4079.872,4209.615,4178.718,4197.051,4197.179,4190.0,4209.103,4213.077,4211.282,4212.308,4165.641,4151.667,4221.923,сжать руку
27,4187.051,4072.692,4202.692,4168.846,4187.436,4187.179,4192.436,4200.128,4200.897,4199.615,4208.205,4160.641,4152.564,4215.513,разжать руку
27,4188.718,4077.179,4207.179,4175.0,4198.718,4196.795,4200.513,4207.692,4212.564,4206.026,4209.103,4160.256,4150.385,4221.667,разжать руку
27,4194.615,4083.462,4209.103,4179.872,4197.179,4196.795,4202.949,4226.41,4228.462,4213.974,4212.179,4162.308,4142.051,4221.026,разжать руку
27,4199.487,4086.282,4210.897,4180.128,4191.282,4192.179,4185.385,4211.923,4211.41,4206.154,4208.333,4166.41,4144.231,4219.231,разжать руку
27,4197.821,4090.256,4211.667,4178.974,4198.077,4200.641,4178.59,4178.846,4186.795,4195.641,4205.256,4165.256,4153.077,4219.744,разжать руку
27,4193.462,4092.692,4209.231,4179.615,4199.487,4203.077,4194.103,4188.205,4196.154,4201.41,4209.231,4162.179,4152.179,4218.462,разжать руку
27,4190.641,4092.692,4209.359,4179.872,4196.154,4190.769,4193.59,4215.385,4212.564,4210.897,4211.026,4158.205,4147.308,4213.205,разжать руку
27,4191.026,4092.436,4208.59,4176.538,4196.026,4189.231,4181.795,4206.923,4204.103,4206.795,4207.436,4158.718,4147.692,4212.179,разжать руку
27,4194.231,4090.385,4207.051,4175.256,4194.487,4201.026,4198.205,4200.513,4202.179,4201.538,4207.436,4165.128,4149.103,4217.308,разжать руку
27,4195.385,4090.128,4210.641,4178.462,4196.923,4202.692,4211.795,4222.436,4221.538,4211.026,4210.0,4162.821,4142.692,4217.051,разжать руку
27,4195.256,4100.769,4215.897,4183.59,4203.59,4196.154,4188.077,4217.821,4217.949,4218.718,4210.897,4162.308,4140.256,4218.846,разжать руку
27,4195.641,4106.41,4215.0,4183.974,4200.128,4200.256,4181.538,4194.744,4198.59,4211.154,4210.256,4165.0,4145.769,4218.846,разжать руку
27,4189.103,4094.744,4208.333,4177.564,4190.128,4204.872,4208.846,4212.564,4208.333,4200.513,4205.513,4158.718,4140.0,4210.641,разжать руку
27,4185.897,4097.564,4207.821,4181.282,4194.103,4202.051,4209.615,4235.128,4224.359,4204.359,4205.385,4159.103,4133.59,4212.564,разжать руку
27,4191.282,4114.103,4210.641,4190.641,4202.308,4196.923,4181.026,4197.821,4203.077,4210.128,4206.667,4161.667,4135.897,4216.154,разжать руку
27,4191.923,4114.103,4206.41,4190.385,4198.718,4191.667,4170.256,4166.026,4183.462,4203.718,4203.974,4158.333,4131.923,4213.59,разжать руку
27,4191.667,4113.974,4205.128,4191.41,4195.897,4194.615,4181.282,4196.026,4201.538,4202.179,4203.333,4158.205,4131.154,4215.769,разжать руку
27,4192.949,4119.103,4205.769,4191.154,4196.795,4197.692,4190.897,4215.641,4213.205,4203.846,4200.385,4159.487,4135.0,4213.718,разжать руку
27,4190.641,4110.641,4201.795,4184.487,4192.308,4192.436,4195.513,4202.308,4204.103,4199.103,4194.487,4161.538,4127.821,4212.949,разжать руку
27,4193.333,4104.615,4204.231,4185.385,4191.667,4189.872,4195.0,4197.821,4198.974,4200.256,4195.385,4158.205,4123.846,4216.282,разжать руку
27,4192.564,4106.154,4202.051,4191.026,4193.077,4190.385,4201.41,4207.308,4204.615,4195.128,4196.282,4155.256,4123.462,4213.846,разжать руку
27,4188.718,4107.436,4199.359,4193.846,4192.821,4195.513,4212.308,4219.359,4214.872,4192.308,4195.641,4160.513,4120.769,4215.385,разжать руку
27,4198.59,4116.154,4211.538,4198.59,4200.513,4202.308,4198.077,4212.179,4213.333,4211.538,4204.872,4162.949,4129.744,4221.538,разжать руку
27,4203.846,4120.128,4215.256,4197.308,4206.795,4201.538,4181.154,4192.051,4202.308,4217.308,4210.769,4162.179,4135.897,4221.795,разжать руку
27,4198.333,4117.949,4208.846,4190.513,4201.538,4195.769,4184.487,4201.154,4205.769,4209.615,4206.41,4160.897,4130.0,4217.564,разжать руку
27,4202.436,4125.256,4216.795,4194.103,4198.974,4195.385,4190.385,4217.179,4212.179,4213.59,4207.436,4161.795,4132.051,4222.179,разжать руку
27,4208.462,4131.923,4226.795,4199.872,4208.077,4201.026,4205.385,4209.615,4210.0,4212.179,4206.538,4162.564,4134.615,4223.59,разжать руку
27,4201.795,4122.436,4221.026,4190.641,4211.538,4205.385,4224.487,4215.128,4216.282,4205.128,4198.205,4156.795,4121.026,4212.051,разжать руку
27,4196.026,4118.205,4213.59,4186.41,4207.564,4209.231,4214.615,4219.359,4217.308,4205.128,4196.41,4154.231,4110.641,4212.949,разжать руку
27,4198.846,4130.513,4214.359,4196.026,4213.462,4210.769,4196.026,4197.436,4200.0,4204.487,4197.949,4153.59,4114.744,4214.615,разжать руку
27,4200.128,4135.769,4215.641,4198.846,4219.231,4202.436,4198.205,4194.615,4197.051,4203.333,4199.615,4154.744,4118.974,4210.513,разжать руку
27,4202.564,4132.179,4218.846,4198.59,4214.872,4196.795,4204.487,4216.026,4212.179,4211.667,4206.026,4160.641,4119.231,4218.974,разжать руку
27,4203.59,4131.026,4219.359,4199.231,4208.846,4203.077,4206.795,4212.051,4210.128,4212.051,4202.308,4158.718,4109.744,4220.256,разжать руку
27,4198.333,4130.513,4214.359,4196.667,4206.41,4207.051,4213.333,4202.436,4202.436,4200.513,4192.692,4156.795,4099.231,4212.436,разжать руку
27,4195.128,4129.103,4213.077,4191.026,4210.128,4205.128,4220.256,4207.179,4204.872,4194.231,4191.282,4157.949,4099.231,4214.872,разжать руку
27,4197.179,4127.821,4214.359,4185.385,4210.641,4199.872,4212.051,4205.513,4204.615,4195.385,4194.615,4157.564,4102.821,4221.795,разжать руку
27,4204.744,4132.821,4220.385,4189.487,4206.41,4199.103,4204.231,4207.179,4205.897,4206.026,4201.154,4162.692,4109.615,4225.513,разжать руку
27,4215.256,4145.641,4231.282,4196.923,4211.923,4208.718,4213.333,4211.282,4209.487,4216.282,4206.154,4163.59,4115.769,4225.513,разжать руку
27,4221.795,4155.0,4235.128,4198.718,4220.128,4211.538,4213.462,4212.692,4212.564,4215.0,4205.897,4161.026,4115.641,4226.026,разжать руку
27,4228.077,4159.487,4239.744,4201.282,4220.128,4204.103,4207.179,4221.923,4218.718,4220.256,4211.154,4164.231,4116.41,4228.077,разжать руку
27,4239.359,4169.359,4246.154,4206.41,4215.385,4198.077,4203.846,4214.103,4208.718,4221.538,4213.974,4163.462,4118.59,4230.128,разжать руку
27,4247.051,4180.513,4242.949,4209.103,4207.308,4195.128,4194.615,4195.769,4189.744,4200.513,4207.692,4161.026,4116.667,4234.359,разжать руку
27,4250.0,4186.795,4242.821,4212.564,4204.615,4191.538,4194.744,4209.744,4198.974,4190.256,4205.897,4163.077,4111.795,4233.333,разжать руку
27,4253.462,4189.359,4251.795,4214.231,4210.256,4190.0,4200.256,4222.692,4212.051,4199.615,4207.179,4167.051,4110.0,4230.641,разжать руку
27,4252.821,4191.923,4250.256,4211.923,4211.026,4193.59,4199.359,4196.667,4195.385,4197.821,4203.718,4164.615,4107.564,4229.615,разжать руку
27,4246.41,4198.59,4238.59,4209.487,4208.974,4196.667,4202.692,4177.051,4178.59,4181.538,4198.205,4156.282,4098.846,4223.077,разжать руку
27,4247.949,4207.564,4241.923,4211.154,4217.051,4201.923,4203.846,4197.821,4189.231,4177.179,4195.256,4158.846,4090.0,4222.308,разжать руку
27,4254.487,4210.128,4252.179,4213.462,4223.333,4208.718,4209.872,4218.974,4205.385,4191.282,4193.974,4161.923,4089.231,4223.462,разжать руку
27,4251.41,4211.667,4250.128,4213.333,4217.949,4205.897,4215.769,4206.538,4199.103,4198.333,4198.333,4158.462,4092.564,4223.077,разжать руку
27,4248.59,4224.359,4248.718,4218.205,4222.821,4200.385,4195.641,4195.0,4190.769,4196.282,4203.333,4161.026,4092.179,4228.205,разжать руку
27,4245.385,4225.128,4247.949,4216.667,4233.205,4197.821,4176.667,4202.308,4199.744,4201.026,4200.897,4161.154,4088.718,4225.128,разжать руку
27,4232.564,4205.513,4237.179,4206.923,4223.718,4193.59,4194.359,4206.795,4206.538,4206.154,4198.974,4160.256,4086.667,4220.513,разжать руку
27,4232.564,4205.513,4239.615,4211.795,4219.744,4197.179,4208.59,4202.692,4203.59,4210.385,4204.231,4163.333,4090.897,4225.256,разжать руку
27,4242.051,4214.103,4252.564,4218.333,4230.641,4203.846,4195.256,4204.615,4206.667,4216.795,4209.231,4163.462,4089.615,4227.179,разжать руку
27,4232.436,4195.897,4247.564,4206.795,4229.231,4202.051,4198.59,4216.923,4214.103,4214.103,4204.231,4160.256,4076.026,4221.667,разжать руку
27,4218.846,4177.564,4239.487,4198.974,4221.282,4203.974,4209.359,4205.128,4202.821,4203.974,4197.949,4158.077,4071.667,4214.615,разжать руку
27,4217.436,4179.103,4239.615,4204.615,4219.103,4207.949,4203.333,4185.513,4189.872,4197.051,4198.205,4161.026,4076.282,4216.538,разжать руку
27,4211.282,4175.769,4235.513,4203.462,4218.077,4205.128,4209.231,4212.051,4205.128,4202.436,4202.051,4162.051,4073.846,4219.872,разжать руку
27,4203.846,4166.795,4232.051,4198.077,4217.436,4205.0,4221.282,4234.103,4217.308,4213.718,4205.897,4160.128,4069.231,4218.077,разжать руку
27,4202.436,4167.564,4231.538,4201.154,4222.179,4214.231,4215.897,4201.667,4201.41,4214.615,4204.103,4161.667,4070.0,4217.308,разжать руку
27,4193.718,4160.641,4222.179,4199.103,4222.821,4220.769,4215.385,4184.744,4191.667,4204.103,4197.692,4156.154,4064.487,4211.667,разжать руку
27,4180.641,4144.359,4212.308,4189.103,4215.769,4213.333,4221.667,4210.641,4201.026,4193.846,4190.897,4152.436,4055.128,4208.718,разжать руку
27,4187.051,4150.0,4221.923,4195.128,4221.154,4203.462,4204.487,4215.0,4203.974,4200.0,4194.615,4160.0,4058.846,4216.923,разжать руку
27,4203.59,4161.41,4233.333,4206.667,4228.846,4204.487,4184.872,4203.462,4203.718,4213.462,4205.0,4161.154,4064.231,4224.231,разжать руку
27,4204.231,4151.026,4227.949,4202.949,4221.795,4213.846,4203.718,4213.846,4209.359,4214.103,4206.154,4158.077,4061.026,4222.821,разжать руку
27,4192.051,4140.769,4221.538,4198.205,4215.256,4218.205,4221.667,4216.41,4205.897,4204.872,4197.051,4156.154,4053.462,4214.615,разжать руку
27,4185.128,4140.0,4220.385,4199.872,4218.205,4211.923,4210.128,4208.846,4200.256,4196.41,4189.744,4154.487,4043.59,4209.103,разжать руку
27,4186.923,4134.487,4218.205,4200.385,4223.974,4206.538,4206.41,4209.231,4203.205,4197.436,4193.718,4156.923,4044.744,4211.667,разжать руку
27,4184.487,4127.051,4215.128,4197.821,4223.846,4208.59,4213.333,4199.359,4196.795,4194.744,4195.769,4156.667,4054.487,4213.077,разжать руку
27,4173.205,4123.462,4208.462,4196.026,4218.974,4213.974,4215.385,4191.795,4189.359,4186.154,4187.949,4152.692,4053.462,4210.769,разжать руку
27,4168.333,4124.231,4205.769,4193.974,4218.333,4214.487,4217.949,4204.744,4202.436,4192.179,4187.051,4149.615,4048.846,4208.077,разжать руку
27,4175.897,4122.949,4211.538,4193.205,4218.718,4210.256,4223.974,4209.615,4211.282,4203.974,4199.103,4153.974,4053.59,4211.154,разжать руку
27,4184.615,4117.436,4219.103,4193.974,4215.513,4210.897,4233.333,4208.846,4206.795,4206.538,4206.538,4159.744,4059.231,4221.282,разжать руку
27,4187.564,4112.949,4222.051,4189.872,4215.641,4208.718,4232.436,4214.231,4206.41,4207.692,4206.667,4155.769,4059.615,4224.487,разжать руку
27,4186.923,4112.308,4221.026,4189.615,4218.462,4206.667,4218.718,4206.923,4204.487,4206.795,4211.026,4156.026,4055.513,4222.179,разжать руку
27,4186.538,4117.692,4223.333,4196.538,4222.692,4212.051,4212.949,4203.718,4205.256,4208.846,4215.0,4160.128,4054.359,4218.718,разжать руку
27,4185.897,4120.897,4223.718,4196.667,4224.103,4214.872,4216.538,4215.641,4213.077,4217.179,4217.051,4158.077,4060.769,4214.359,разжать руку
27,4185.385,4118.59,4222.051,4194.231,4222.692,4215.256,4223.846,4215.256,4213.974,4216.795,4219.615,4156.026,4064.359,4214.231,разжать руку
27,4188.718,4116.154,4223.974,4197.692,4229.231,4217.436,4226.538,4203.974,4207.692,4211.154,4218.59,4154.487,4064.231,4214.103,разжать руку
27,4192.692,4116.282,4226.667,4200.256,4235.0,4215.385,4213.333,4206.795,4207.821,4216.026,4215.769,4155.256,4065.897,4216.923,разжать руку
27,4194.359,4119.744,4228.59,4200.0,4230.769,4213.718,4213.205,4217.308,4215.256,4224.872,4215.385,4153.846,4067.051,4219.359,разжать руку
27,4191.923,4118.333,4228.077,4200.128,4223.077,4213.333,4227.564,4216.41,4217.436,4226.667,4217.308,4153.077,4069.615,4217.436,разжать руку
27,4191.667,4111.41,4226.41,4200.128,4218.974,4209.103,4220.769,4210.0,4211.538,4226.026,4218.205,4162.051,4073.974,4219.359,разжать руку
27,4192.564,4105.641,4223.846,4197.564,4218.205,4208.846,4210.0,4204.615,4201.923,4224.359,4214.744,4158.846,4068.077,4213.846,разжать руку
27,4185.641,4099.615,4218.205,4192.436,4218.205,4209.872,4210.769,4197.436,4195.897,4215.0,4209.103,4149.103,4058.718,4205.641,разжать руку
27,4178.077,4089.872,4214.615,4192.949,4217.692,4209.615,4216.41,4216.795,4212.692,4209.359,4206.154,4154.103,4059.359,4209.103,разжать руку
27,4178.846,4078.974,4216.795,4194.487,4216.667,4215.769,4228.077,4242.051,4230.128,4213.59,4206.41,4158.462,4059.359,4211.795,разжать руку
27,4185.128,4076.538,4218.205,4193.462,4223.333,4221.795,4226.538,4213.718,4209.744,4214.103,4206.41,4155.0,4057.051,4210.256,разжать руку
27,4184.359,4074.487,4215.897,4193.462,4227.949,4217.051,4210.128,4182.051,4189.615,4206.026,4200.897,4149.615,4058.718,4208.077,разжать руку
27,4183.718,4061.538,4215.769,4193.205,4218.718,4202.436,4206.41,4203.718,4207.051,4200.513,4197.821,4152.308,4057.179,4211.41,разжать руку
27,4192.564,4050.769,4219.872,4192.692,4214.103,4200.0,4213.974,4220.769,4220.641,4208.077,4201.282,4160.0,4053.333,4213.846,разжать руку
27,4196.154,4045.769,4221.667,4193.462,4216.923,4211.667,4215.256,4209.231,4211.795,4215.641,4202.051,4156.154,4053.462,4208.333,разжать руку
27,4192.436,4037.051,4218.974,4197.051,4216.923,4218.846,4218.974,4205.256,4204.872,4211.923,4201.41,4153.59,4062.692,4211.667,разжать руку
27,4190.513,4030.128,4220.256,4198.205,4220.385,4215.769,4219.103,4209.359,4207.821,4213.974,4203.59,4157.564,4070.513,4217.179,разжать руку
27,4190.256,4022.692,4221.154,4196.795,4221.026,4210.513,4209.359,4220.769,4220.769,4224.103,4203.333,4156.41,4063.462,4214.744,разжать руку
27,4191.923,4013.205,4221.026,4200.513,4219.103,4213.718,4208.718,4217.179,4218.077,4226.026,4205.128,4153.718,4059.744,4214.744,разжать руку
27,4192.179,4006.795,4221.795,4201.026,4226.41,4217.179,4217.821,4200.641,4203.846,4224.872,4208.718,4153.077,4066.282,4215.128,разжать руку
27,4186.41,4000.0,4219.359,4196.795,4231.282,4214.231,4223.59,4215.385,4214.744,4227.051,4202.436,4155.256,4063.846,4213.462,разжать руку
27,4185.513,3996.538,4220.0,4199.872,4232.436,4213.077,4215.897,4220.385,4218.846,4226.923,4198.718,4154.615,4062.308,4210.641,разжать руку
27,4187.949,3993.333,4220.641,4204.744,4233.718,4215.256,4208.462,4198.846,4205.128,4222.821,4202.436,4154.615,4070.0,4209.487,разжать руку
28,4184.615,3970.769,4215.128,4200.128,4225.513,4223.077,4223.205,4224.103,4216.795,4219.231,4196.538,4155.641,4066.667,4216.41,сжать руку
28,4186.923,3962.179,4213.462,4200.641,4221.667,4214.615,4207.051,4214.103,4213.077,4214.615,4197.436,4153.333,4072.821,4214.359,сжать руку
28,4185.641,3955.769,4215.897,4201.923,4221.282,4210.385,4210.128,4211.795,4213.333,4210.385,4196.538,4153.205,4071.282,4213.077,сжать руку
28,4189.103,3948.718,4219.103,4203.846,4226.667,4213.718,4221.282,4206.795,4203.462,4205.256,4190.641,4151.026,4059.872,4208.846,сжать руку
28,4196.795,3947.308,4218.462,4209.872,4230.769,4215.128,4208.333,4190.513,4187.821,4200.897,4187.436,4156.154,4059.487,4208.974,сжать руку
28,4196.282,3945.128,4217.564,4210.769,4224.359,4210.769,4198.333,4200.385,4196.667,4209.744,4192.949,4158.462,4066.026,4212.949,сжать руку
28,4194.872,3935.769,4219.487,4203.205,4218.846,4207.308,4205.0,4220.769,4215.0,4222.692,4203.205,4157.692,4071.154,4217.949,сжать руку
28,4199.103,3931.667,4219.487,4202.821,4223.59,4209.231,4207.949,4220.385,4217.051,4228.333,4206.026,4160.256,4077.308,4220.769,сжать руку
28,4199.615,3935.513,4218.205,4207.308,4225.513,4215.0,4212.949,4216.795,4213.333,4229.231,4202.949,4160.256,4078.077,4219.615,сжать руку
28,4200.897,3933.59,4220.128,4209.359,4226.154,4219.872,4219.872,4219.872,4214.359,4228.205,4208.205,4161.41,4078.205,4222.692,сжать руку
28,4202.821,3925.641,4219.359,4208.718,4231.667,4215.385,4216.923,4212.436,4214.359,4226.41,4209.359,4156.923,4080.641,4217.436,сжать руку
28,4194.103,3915.513,4212.051,4203.59,4224.615,4207.564,4218.333,4214.615,4216.538,4225.641,4201.026,4153.846,4077.436,4211.795,сжать руку
28,4189.744,3911.026,4211.282,4202.436,4214.744,4211.795,4227.564,4221.795,4217.692,4230.641,4204.231,4160.0,4076.667,4219.615,сжать руку
28,4197.564,3912.308,4214.231,4204.744,4217.564,4216.923,4219.872,4201.667,4205.385,4231.667,4210.128,4158.718,4080.385,4221.41,сжать руку
28,4196.41,3905.0,4207.436,4202.051,4216.923,4211.026,4209.359,4195.769,4202.949,4226.538,4206.667,4156.026,4079.615,4216.41,сжать руку
28,4188.462,3896.154,4202.179,4197.949,4216.282,4207.949,4217.949,4217.179,4219.615,4226.667,4204.872,4153.974,4076.923,4213.974,сжать руку
28,4185.641,3895.0,4202.179,4198.077,4221.538,4207.821,4218.59,4214.872,4219.872,4225.0,4203.846,4150.513,4077.179,4213.974,сжать руку
28,4188.205,3895.385,4202.179,4199.103,4219.872,4205.256,4208.59,4214.744,4215.897,4225.0,4202.436,4154.103,4080.256,4216.923,сжать руку
28,4189.487,3889.872,4200.641,4193.077,4210.0,4208.205,4212.692,4229.103,4224.872,4229.487,4205.256,4153.846,4080.0,4215.0,сжать руку
28,4183.462,3882.692,4198.333,4190.256,4203.846,4215.128,4218.205,4209.359,4218.077,4225.128,4205.769,4149.744,4076.282,4210.513,сжать руку
28,4178.333,3879.744,4198.205,4193.077,4209.359,4213.846,4213.077,4197.308,4210.641,4224.103,4197.821,4148.846,4073.846,4208.333,сжать руку
28,4180.641,3877.051,4196.026,4188.718,4213.333,4205.769,4209.615,4224.872,4225.513,4231.41,4198.077,4150.513,4076.026,4211.795,сжать руку
28,4186.154,3879.103,4195.385,4186.538,4210.641,4210.256,4215.256,4227.821,4227.949,4232.564,4205.641,4154.615,4082.692,4220.641,сжать руку
28,4186.026,3879.872,4196.538,4188.718,4207.051,4221.026,4225.385,4198.077,4207.949,4225.385,4202.949,4151.41,4084.744,4218.077,сжать руку
28,4180.256,3873.205,4192.821,4184.359,4206.026,4213.59,4220.385,4188.462,4200.897,4218.333,4196.923,4145.128,4080.0,4209.744,сжать руку
28,4179.487,3870.0,4194.103,4183.333,4206.667,4204.872,4209.744,4210.0,4216.795,4222.692,4197.308,4145.769,4078.59,4211.41,сжать руку
28,4178.846,3865.641,4195.256,4183.846,4200.769,4207.949,4215.897,4227.949,4232.179,4231.026,4197.308,4148.718,4078.846,4212.692,сжать руку
28,4173.59,3861.026,4187.179,4179.615,4198.846,4207.949,4217.564,4221.41,4227.692,4228.974,4195.769,4148.205,4077.949,4212.436,сжать руку
28,4175.897,3868.333,4190.513,4181.538,4209.487,4210.385,4206.795,4198.59,4208.333,4224.103,4198.077,4148.333,4084.359,4213.718,сжать руку
28,4186.538,3875.897,4204.103,4186.795,4213.077,4218.205,4208.718,4193.205,4205.513,4228.333,4204.231,4154.359,4092.436,4215.513,сжать руку
28,4187.564,3870.128,4203.205,4184.487,4205.769,4217.692,4217.051,4217.308,4223.333,4235.256,4204.231,4154.744,4091.538,4215.256,сжать руку
28,4179.231,3861.026,4193.205,4181.026,4201.667,4207.821,4208.077,4227.949,4225.897,4229.872,4198.59,4148.077,4089.231,4211.923,сжать руку
28,4181.154,3862.692,4195.641,4186.795,4205.385,4204.103,4203.846,4216.667,4215.385,4221.41,4198.846,4150.769,4092.308,4217.436,сжать руку
28,4191.795,3866.923,4206.282,4192.821,4207.564,4207.821,4221.154,4210.128,4213.333,4220.128,4202.179,4153.462,4092.308,4221.795,сжать руку
28,4197.564,3863.718,4209.103,4191.923,4205.769,4207.179,4225.128,4213.462,4213.718,4217.564,4197.308,4151.538,4088.59,4218.59,сжать руку
28,4200.385,3866.154,4207.949,4192.821,4206.538,4209.615,4212.179,4218.974,4220.385,4219.487,4194.872,4153.974,4091.026,4219.487,сжать руку
28,4200.641,3874.615,4208.846,4191.667,4206.795,4215.385,4208.846,4213.462,4223.59,4225.769,4198.974,4152.308,4093.205,4216.795,сжать руку
28,4195.256,3872.308,4205.513,4185.513,4201.154,4212.051,4214.231,4198.205,4206.538,4215.897,4193.846,4148.59,4086.795,4211.154,сжать руку
28,4189.103,3870.513,4202.051,4183.718,4202.564,4206.538,4212.821,4196.026,4197.564,4205.256,4187.821,4148.718,4084.744,4209.615,сжать руку
28,4187.821,3876.538,4203.333,4186.41,4210.256,4209.103,4204.359,4216.282,4214.231,4215.769,4192.821,4151.282,4091.795,4213.077,сжать руку
28,4184.744,3873.974,4200.641,4182.949,4208.077,4217.051,4207.051,4228.974,4223.333,4224.615,4194.487,4152.051,4094.359,4213.205,сжать руку
28,4174.103,3866.026,4187.436,4173.846,4202.436,4220.769,4220.641,4210.641,4210.385,4214.744,4188.462,4145.641,4087.051,4207.564,сжать руку
28,4170.128,3864.231,4180.769,4171.667,4203.59,4212.564,4218.205,4195.128,4205.128,4206.923,4188.462,4144.487,4082.949,4209.744,сжать руку
28,4180.769,3869.103,4190.513,4177.564,4205.897,4204.231,4204.872,4215.641,4217.051,4221.667,4197.436,4151.795,4092.051,4214.359,сжать руку
28,4191.923,3877.949,4197.821,4182.179,4206.41,4207.821,4205.256,4228.974,4223.718,4235.256,4201.923,4156.538,4103.846,4218.205,сжать руку
28,4193.205,3882.821,4194.615,4186.026,4211.538,4219.744,4219.231,4209.231,4216.282,4226.667,4196.154,4153.333,4103.077,4220.641,сжать руку
28,4188.333,3880.769,4190.256,4188.846,4214.103,4225.513,4224.615,4202.179,4208.462,4214.359,4192.051,4147.179,4094.103,4212.692,сжать руку
28,4186.282,3880.897,4189.231,4187.692,4210.0,4220.897,4220.128,4221.923,4216.026,4220.897,4196.923,4149.231,4095.897,4213.333,сжать руку
28,4190.256,3885.641,4190.897,4188.205,4212.436,4218.974,4226.795,4223.59,4224.872,4235.513,4200.513,4150.385,4107.692,4220.641,сжать руку
28,4191.795,3886.154,4188.333,4190.0,4214.359,4220.641,4230.897,4203.974,4216.667,4230.385,4197.564,4145.385,4110.769,4217.179,сжать руку
28,4190.128,3889.487,4183.462,4189.359,4208.718,4218.718,4215.0,4207.692,4214.744,4222.179,4197.179,4148.333,4104.872,4216.923,сжать руку
28,4189.487,3894.359,4184.487,4187.436,4211.667,4210.641,4198.205,4221.667,4224.872,4231.795,4198.974,4146.282,4105.513,4218.205,сжать руку
28,4182.692,3887.949,4180.385,4182.949,4214.359,4205.897,4205.769,4216.795,4220.897,4232.564,4198.59,4139.744,4109.744,4209.872,сжать руку
28,4178.077,3885.641,4174.487,4183.205,4208.205,4211.667,4218.59,4203.718,4207.436,4219.231,4196.667,4141.923,4108.718,4209.103,сжать руку
28,4186.538,3891.154,4182.179,4188.333,4204.872,4217.051,4208.718,4209.359,4215.641,4222.179,4196.41,4144.615,4107.436,4218.59,сжать руку
28,4192.051,3893.077,4190.128,4190.769,4208.077,4215.513,4197.949,4223.974,4231.538,4234.359,4199.359,4146.538,4111.026,4222.051,сжать руку
28,4186.538,3896.154,4187.949,4189.615,4216.667,4212.692,4203.974,4213.077,4223.462,4230.641,4199.487,4145.769,4113.718,4214.615,сжать руку
28,4183.205,3895.128,4185.256,4187.436,4220.769,4214.872,4212.179,4200.641,4215.641,4222.179,4193.974,4145.385,4108.846,4212.051,сжать руку
28,4185.256,3890.641,4189.744,4190.256,4213.846,4218.59,4217.692,4216.41,4223.974,4224.359,4192.564,4149.744,4107.564,4216.026,сжать руку
28,4184.615,3892.564,4192.821,4190.769,4208.077,4216.795,4222.051,4225.385,4223.974,4229.359,4196.923,4148.333,4112.821,4212.564,сжать руку
28,4182.564,3896.282,4192.949,4187.436,4208.205,4215.641,4220.385,4212.179,4218.077,4226.923,4199.103,4145.513,4116.41,4213.205,сжать руку
28,4185.128,3900.641,4197.821,4190.641,4210.0,4217.692,4216.795,4207.564,4219.872,4225.897,4198.59,4143.59,4122.436,4217.821,сжать руку
28,4187.436,3903.59,4197.949,4195.897,4210.128,4212.692,4217.051,4213.974,4218.846,4231.795,4200.0,4143.59,4129.744,4216.923,сжать руку
28,4186.154,3900.0,4195.513,4195.0,4208.333,4211.026,4219.487,4216.282,4217.308,4238.462,4203.846,4145.897,4131.795,4217.308,сжать руку
28,4184.615,3899.103,4197.179,4189.103,4206.667,4214.103,4214.487,4211.538,4220.256,4237.949,4203.718,4141.026,4128.077,4216.538,сжать руку
28,4181.923,3905.769,4197.308,4186.026,4208.718,4211.41,4207.179,4213.077,4224.103,4231.41,4200.641,4140.513,4125.128,4217.692,сжать руку
28,4181.795,3906.667,4195.385,4185.385,4209.744,4215.641,4217.051,4223.077,4223.59,4231.923,4199.359,4147.821,4125.513,4215.769,сжать руку
28,4185.769,3901.538,4195.385,4182.821,4201.923,4218.718,4225.769,4221.923,4221.41,4233.077,4198.205,4149.872,4129.103,4211.795,сжать руку
28,4184.359,3905.128,4197.564,4182.179,4201.026,4216.41,4225.385,4216.795,4226.41,4230.897,4197.692,4148.077,4136.026,4216.154,сжать руку
28,4175.769,3908.462,4195.385,4180.385,4211.795,4219.487,4230.385,4209.231,4222.179,4227.949,4197.179,4145.256,4136.667,4215.385,сжать руку
28,4172.051,3906.41,4190.897,4177.051,4214.615,4217.821,4232.308,4208.974,4215.897,4226.795,4198.333,4146.795,4132.051,4210.641,сжать руку
28,4176.538,3909.359,4193.077,4179.615,4210.641,4211.667,4229.103,4229.744,4228.846,4236.923,4204.487,4148.462,4135.128,4212.179,сжать руку
28,4180.128,3916.154,4195.769,4184.615,4212.949,4214.744,4228.333,4226.923,4231.795,4243.205,4211.41,4145.0,4140.385,4214.615,сжать руку
28,4183.077,3920.385,4194.359,4187.308,4221.026,4223.462,4226.154,4198.718,4214.872,4234.744,4211.538,4145.769,4139.744,4215.0,сжать руку
28,4177.564,3914.359,4187.821,4178.462,4212.179,4213.59,4209.744,4196.795,4212.308,4222.949,4204.872,4138.974,4134.744,4206.923,сжать руку
28,4155.385,3894.231,4168.846,4159.103,4181.41,4188.846,4183.333,4201.282,4211.667,4202.564,4194.744,4126.282,4122.949,4194.744,сжать руку
28,4140.897,3882.436,4152.308,4151.154,4163.846,4176.667,4172.051,4188.59,4199.744,4185.0,4191.923,4125.513,4110.513,4192.436,сжать руку
28,4147.051,3888.718,4154.615,4156.538,4166.795,4179.487,4178.205,4191.923,4203.077,4189.103,4197.308,4131.282,4111.795,4198.718,сжать руку
28,4151.026,3891.154,4159.359,4159.103,4165.897,4180.256,4176.154,4203.205,4211.923,4193.462,4196.41,4135.897,4119.872,4202.821,сжать руку
28,4146.538,3891.667,4159.487,4156.667,4165.0,4175.0,4171.667,4198.718,4208.846,4191.026,4193.462,4134.744,4121.41,4200.0,сжать руку
28,4147.821,3897.692,4162.179,4156.923,4169.231,4174.744,4177.564,4192.436,4205.128,4195.385,4196.41,4134.231,4120.769,4199.744,сжать руку
28,4153.974,3903.462,4165.897,4160.385,4171.41,4180.128,4177.179,4189.231,4202.436,4197.436,4193.974,4136.154,4121.026,4203.59,сжать руку
28,4148.59,3899.872,4163.59,4156.667,4169.359,4183.59,4179.615,4191.282,4202.308,4189.872,4183.462,4131.41,4116.41,4200.769,сжать руку
28,4136.923,3893.205,4153.718,4150.385,4166.282,4184.744,4188.846,4195.0,4203.718,4180.513,4177.949,4127.308,4110.256,4197.949,сжать руку
28,4136.923,3899.103,4151.923,4156.282,4170.385,4184.615,4182.179,4189.231,4199.615,4182.821,4178.205,4127.179,4112.564,4197.051,сжать руку
28,4143.59,3907.179,4160.513,4162.821,4172.308,4183.462,4180.128,4188.846,4198.077,4189.231,4180.769,4130.641,4116.154,4195.385,сжать руку
28,4145.641,3910.513,4165.769,4161.41,4168.205,4184.231,4197.692,4204.359,4207.821,4193.077,4187.051,4135.769,4119.103,4201.282,сжать руку
28,4148.077,3916.667,4166.282,4163.333,4171.026,4180.385,4191.41,4208.077,4214.872,4198.077,4188.846,4136.282,4126.026,4205.513,сжать руку
28,4156.923,3927.308,4170.385,4170.385,4175.0,4173.462,4163.077,4191.154,4208.718,4198.846,4187.564,4139.615,4132.821,4206.538,сжать руку
28,4156.41,3929.872,4171.154,4171.026,4174.615,4178.333,4166.795,4183.59,4202.051,4195.0,4182.949,4138.718,4130.0,4202.564,сжать руку
28,4147.051,3922.051,4163.974,4164.487,4173.205,4184.615,4181.282,4196.41,4205.513,4194.231,4179.359,4131.026,4125.128,4198.077,сжать руку
28,4148.077,3924.615,4165.897,4166.538,4175.769,4184.487,4178.846,4207.051,4211.282,4198.205,4185.256,4131.538,4130.641,4205.0,сжать руку
28,4153.846,3934.359,4171.923,4172.179,4181.154,4188.974,4185.513,4203.077,4210.256,4198.205,4187.564,4131.538,4133.462,4205.897,сжать руку
28,4154.359,3936.923,4170.769,4171.795,4186.154,4194.487,4191.026,4201.795,4209.359,4197.692,4183.333,4129.103,4131.026,4202.179,сжать руку
28,4160.385,3941.41,4176.538,4171.538,4190.0,4193.077,4182.436,4209.103,4217.051,4205.513,4186.282,4130.769,4136.923,4204.872,сжать руку
28,4166.41,3946.795,4183.205,4172.051,4188.974,4190.256,4179.872,4204.872,4218.846,4207.564,4189.872,4132.179,4140.513,4206.41,сжать руку
28,4158.846,3940.769,4173.846,4167.564,4183.205,4192.821,4190.128,4199.359,4211.667,4198.333,4181.026,4133.333,4134.103,4204.231,сжать руку
28,4155.128,3936.282,4165.256,4161.923,4179.359,4193.718,4201.282,4206.026,4211.026,4195.0,4175.897,4131.41,4132.436,4199.744,сжать руку
28,4163.718,3944.744,4171.41,4166.154,4179.103,4187.308,4202.692,4211.795,4217.692,4198.462,4178.077,4130.385,4138.333,4201.282,сжать руку
28,4172.821,3959.615,4181.923,4179.103,4184.615,4186.282,4193.718,4206.923,4216.923,4204.487,4178.077,4131.795,4144.744,4207.436,сжать руку
29,4173.846,3963.077,4176.667,4172.692,4186.538,4196.154,4194.103,4190.256,4200.128,4206.026,4182.051,4130.769,4146.154,4203.846,разжать руку
29,4169.103,3963.077,4173.718,4169.359,4183.718,4190.256,4196.41,4202.692,4211.923,4202.308,4180.0,4128.718,4142.564,4202.692,разжать руку
29,4168.333,3965.256,4177.051,4170.897,4181.282,4183.974,4181.795,4209.359,4218.333,4202.179,4177.308,4127.436,4146.923,4204.487,разжать руку
29,4173.846,3970.769,4182.564,4173.462,4182.179,4189.103,4180.897,4193.974,4206.282,4201.026,4181.41,4129.615,4155.0,4206.538,разжать руку
29,4175.769,3975.128,4181.923,4175.256,4186.667,4200.385,4197.692,4190.385,4204.615,4203.974,4182.821,4127.821,4155.385,4201.667,разжать руку
29,4165.897,3968.846,4173.462,4173.333,4186.154,4199.103,4208.077,4206.795,4213.077,4202.692,4176.154,4127.308,4144.744,4199.231,разжать руку
29,4158.846,3960.897,4169.744,4170.385,4183.077,4190.513,4211.154,4208.974,4212.436,4193.846,4174.103,4125.385,4138.205,4198.077,разжать руку
29,4163.718,3965.769,4171.026,4170.385,4180.385,4189.103,4206.538,4203.205,4213.462,4193.333,4179.615,4122.949,4143.718,4197.179,разжать руку
29,4171.538,3976.923,4172.821,4175.513,4180.128,4194.231,4198.462,4210.641,4219.103,4208.205,4187.692,4130.641,4153.59,4206.282,разжать руку
29,4174.231,3981.923,4177.051,4176.923,4184.103,4196.923,4196.282,4206.923,4212.692,4220.128,4191.923,4137.051,4161.538,4214.231,разжать руку
29,4176.026,3983.59,4180.385,4177.692,4186.667,4193.59,4193.205,4196.154,4209.487,4217.949,4192.949,4137.949,4167.051,4214.359,разжать руку
29,4182.692,3992.051,4181.795,4183.974,4188.462,4190.641,4185.641,4197.821,4213.846,4208.077,4189.359,4133.077,4163.462,4211.41,разжать руку
29,4191.41,4006.667,4181.667,4189.359,4191.282,4190.128,4182.436,4191.923,4205.513,4196.667,4181.667,4127.308,4156.795,4210.513,разжать руку
29,4202.436,4020.385,4184.103,4193.333,4193.462,4193.462,4191.667,4187.821,4202.821,4190.641,4177.051,4131.538,4159.487,4214.231,разжать руку
29,4212.179,4035.0,4190.128,4198.333,4196.41,4195.385,4199.359,4200.256,4210.0,4188.718,4183.333,4131.795,4165.128,4217.821,разжать руку
29,4220.769,4054.231,4196.026,4205.513,4200.0,4192.821,4194.615,4201.154,4205.256,4191.026,4197.179,4130.256,4171.538,4222.821,разжать руку
29,4229.231,4066.282,4201.282,4209.872,4204.615,4190.256,4191.667,4195.385,4202.692,4203.077,4202.308,4136.923,4181.282,4225.128,разжать руку
29,4233.333,4066.923,4205.641,4208.718,4204.487,4187.821,4189.103,4207.949,4218.462,4215.769,4199.744,4139.103,4186.795,4221.667,разжать руку
29,4234.103,4066.795,4206.41,4207.692,4196.282,4191.795,4187.051,4210.256,4222.564,4219.359,4197.692,4135.256,4187.564,4221.026,разжать руку
29,4229.615,4060.385,4201.154,4203.59,4191.026,4203.205,4202.564,4185.128,4200.641,4210.128,4193.333,4128.846,4182.308,4217.308,разжать руку
29,4221.154,4046.667,4191.795,4195.769,4194.744,4206.026,4214.487,4178.59,4196.026,4203.333,4190.897,4127.179,4176.41,4214.615,разжать руку
29,4215.0,4048.333,4189.615,4193.077,4201.282,4199.615,4200.769,4202.179,4216.667,4215.0,4197.564,4130.897,4179.487,4216.667,разжать руку
29,4210.0,4055.128,4189.615,4192.692,4201.41,4196.538,4195.897,4219.103,4223.846,4218.846,4199.615,4130.513,4179.872,4213.077,разжать руку
29,4202.051,4040.256,4183.333,4187.949,4193.205,4196.538,4213.077,4219.359,4216.795,4204.359,4191.41,4128.59,4170.128,4210.256,разжать руку
29,4199.872,4026.282,4182.179,4185.256,4188.974,4200.769,4217.821,4215.128,4219.103,4205.769,4189.615,4125.897,4166.923,4208.974,разжать руку
29,4203.59,4032.179,4185.641,4186.154,4193.205,4201.41,4202.821,4207.564,4217.692,4214.872,4191.923,4127.308,4170.256,4207.949,разжать руку
29,4201.026,4039.103,4184.103,4187.949,4198.718,4197.436,4194.231,4201.538,4209.231,4211.795,4190.385,4129.872,4169.872,4211.154,разжать руку
29,4197.949,4038.974,4184.487,4187.949,4199.615,4199.359,4196.795,4199.615,4211.795,4213.333,4191.538,4127.179,4172.051,4210.897,разжать руку
29,4196.795,4034.615,4189.615,4187.051,4193.718,4205.897,4208.59,4205.897,4220.385,4216.282,4191.667,4129.487,4172.564,4209.872,разжать руку
29,4195.641,4035.385,4190.385,4187.949,4188.846,4209.359,4227.051,4213.59,4219.615,4213.462,4188.59,4130.641,4167.949,4209.359,разжать руку
29,4197.308,4040.0,4187.051,4188.205,4191.282,4205.385,4226.154,4201.282,4208.077,4211.923,4189.359,4129.231,4168.333,4209.744,разжать руку
29,4203.333,4045.128,4191.154,4191.923,4198.718,4200.897,4205.641,4186.282,4199.103,4210.385,4194.615,4133.846,4176.795,4214.103,разжать руку
29,4202.949,4044.744,4193.333,4194.103,4198.846,4201.923,4202.564,4190.385,4200.256,4207.308,4192.179,4135.385,4177.051,4212.821,разжать руку
29,4193.59,4040.256,4185.897,4187.179,4192.821,4206.538,4216.026,4202.308,4211.282,4208.974,4186.795,4133.846,4168.333,4209.615,разжать руку
29,4191.923,4044.872,4185.897,4184.359,4198.59,4213.59,4222.436,4218.077,4231.154,4224.359,4191.538,4136.41,4174.744,4210.769,разжать руку
29,4191.154,4047.436,4189.231,4185.128,4203.205,4213.462,4223.462,4224.231,4236.923,4231.282,4193.974,4136.41,4184.744,4209.615,разжать руку
29,4186.026,4049.359,4184.615,4183.718,4198.974,4209.487,4222.179,4217.564,4225.641,4221.41,4187.564,4132.436,4179.231,4207.949,разжать руку
29,4182.436,4051.667,4178.333,4181.282,4198.462,4211.538,4214.744,4218.846,4226.026,4216.667,4186.41,4126.923,4171.667,4206.026,разжать руку
29,4177.436,4044.487,4173.333,4177.179,4197.821,4215.0,4214.359,4227.821,4234.872,4219.103,4187.821,4127.436,4169.359,4206.538,разжать руку
29,4174.615,4046.154,4173.59,4177.179,4196.154,4215.641,4223.333,4213.718,4224.359,4220.385,4187.821,4129.744,4169.615,4205.769,разжать руку
29,4173.462,4056.154,4174.744,4179.231,4193.974,4211.667,4222.692,4185.641,4201.282,4212.564,4188.718,4126.282,4173.077,4203.205,разжать руку
29,4168.333,4055.897,4170.0,4176.795,4189.487,4204.359,4216.026,4187.051,4196.538,4197.692,4182.692,4125.641,4173.974,4205.128,разжать руку
29,4169.615,4058.59,4175.897,4175.641,4183.333,4196.282,4211.154,4209.615,4209.872,4197.949,4180.385,4126.41,4174.872,4207.179,разжать руку
29,4183.59,4076.154,4192.692,4182.308,4183.974,4200.0,4210.256,4216.923,4222.949,4215.513,4192.436,4130.513,4187.179,4210.769,разжать руку
29,4187.308,4079.744,4195.128,4185.0,4191.538,4216.923,4224.615,4218.205,4231.41,4224.487,4198.59,4132.692,4193.333,4210.897,разжать руку
29,4174.103,4071.41,4184.615,4176.282,4190.256,4217.179,4228.462,4221.538,4229.359,4218.846,4191.923,4126.026,4181.282,4203.846,разжать руку
29,4161.026,4078.077,4175.385,4175.769,4184.359,4204.744,4209.231,4207.308,4215.128,4212.564,4185.513,4122.949,4174.487,4200.769,разжать руку
29,4157.051,4087.051,4169.487,4180.128,4184.487,4203.333,4206.795,4195.769,4208.718,4214.103,4178.077,4119.359,4173.846,4199.744,разжать руку
29,4163.462,4087.692,4171.41,4177.051,4186.154,4207.821,4221.154,4210.256,4216.41,4218.333,4178.462,4118.974,4176.41,4202.179,разжать руку
29,4171.41,4099.744,4182.308,4181.923,4187.308,4210.0,4223.718,4220.769,4221.41,4215.513,4189.103,4125.385,4185.897,4206.667,разжать руку
29,4167.821,4109.872,4183.205,4189.615,4188.718,4209.872,4214.872,4206.41,4217.949,4205.513,4187.051,4123.077,4183.846,4202.949,разжать руку
29,4160.641,4100.769,4173.59,4184.103,4183.077,4207.821,4210.641,4195.897,4209.615,4200.513,4176.282,4121.795,4168.718,4200.769,разжать руку
29,4166.538,4100.897,4177.308,4180.385,4177.308,4206.538,4216.923,4203.59,4206.154,4205.769,4173.59,4126.538,4169.872,4205.385,разжать руку
29,4178.077,4113.846,4188.846,4188.462,4179.359,4204.744,4221.667,4211.795,4215.256,4208.333,4180.0,4130.256,4182.179,4211.41,разжать руку
29,4183.462,4120.897,4191.538,4195.897,4182.949,4202.436,4217.949,4208.205,4216.795,4204.487,4188.333,4132.949,4182.308,4213.718,разжать руку
29,4179.359,4123.205,4185.128,4190.897,4181.538,4202.308,4212.308,4190.256,4197.949,4200.513,4187.051,4131.282,4181.282,4209.615,разжать руку
29,4177.051,4131.026,4179.231,4191.795,4173.974,4202.692,4213.077,4187.564,4192.564,4196.154,4184.359,4133.205,4186.795,4211.795,разжать руку
29,4187.308,4145.128,4184.231,4205.641,4173.59,4204.231,4218.974,4204.872,4208.974,4196.026,4191.538,4138.077,4189.231,4215.128,разжать руку
29,4190.769,4152.308,4185.769,4199.231,4179.744,4204.231,4217.179,4212.308,4216.41,4211.795,4193.205,4137.692,4191.923,4214.487,разжать руку
29,4182.949,4158.077,4177.821,4183.205,4183.718,4203.974,4212.308,4213.59,4217.179,4225.256,4187.564,4140.641,4198.846,4220.385,разжать руку
29,4180.897,4175.0,4173.974,4189.744,4184.615,4205.513,4213.333,4211.41,4217.436,4210.385,4195.0,4139.872,4200.641,4216.923,разжать руку
29,4176.282,4190.256,4167.436,4192.179,4188.333,4200.897,4209.744,4206.282,4211.538,4199.744,4198.333,4131.41,4197.179,4204.615,разжать руку
29,4163.974,4198.462,4154.487,4180.385,4198.974,4193.205,4199.872,4206.41,4210.769,4215.128,4181.795,4126.026,4199.615,4201.923,разжать руку
29,4160.641,4225.769,4149.487,4186.795,4198.974,4190.897,4197.821,4210.128,4217.564,4211.923,4175.513,4129.487,4212.692,4206.41,разжать руку
29,4161.41,4264.359,4150.641,4191.795,4195.641,4199.487,4206.026,4205.897,4216.282,4184.359,4188.846,4133.077,4235.641,4208.333,разжать руку
29,4153.718,4291.667,4142.308,4172.436,4211.41,4205.513,4207.564,4199.615,4208.077,4182.308,4193.333,4126.795,4255.641,4200.769,разжать руку
29,4153.205,4341.41,4135.513,4170.128,4231.923,4200.769,4205.897,4206.795,4212.051,4201.923,4189.615,4127.179,4270.641,4200.897,разжать руку
29,4163.846,4434.487,4144.615,4190.0,4241.923,4202.949,4216.154,4219.359,4224.359,4218.846,4197.308,4134.744,4290.385,4210.897,разжать руку
29,4160.897,4512.949,4145.385,4189.615,4248.462,4206.923,4223.077,4217.949,4222.692,4219.359,4201.538,4133.077,4303.462,4208.205,разжать руку
29,4155.128,4566.667,4137.179,4181.154,4260.769,4203.974,4219.359,4207.308,4213.333,4203.846,4193.462,4131.923,4308.205,4204.615,разжать руку
29,4166.282,4649.103,4145.128,4188.205,4281.154,4205.128,4212.692,4203.077,4210.513,4202.564,4190.513,4131.538,4321.795,4208.59,разжать руку
29,4175.385,4739.359,4154.231,4196.41,4296.41,4206.282,4204.744,4210.0,4217.692,4217.051,4195.128,4130.769,4341.41,4209.487,разжать руку
29,4171.41,4794.744,4148.974,4195.897,4302.436,4203.846,4207.949,4224.872,4232.564,4225.385,4198.077,4132.436,4352.949,4206.667,разжать руку
29,4168.077,4826.667,4141.282,4187.821,4311.795,4204.872,4223.077,4220.897,4228.974,4218.59,4194.359,4129.103,4352.308,4201.026,разжать руку
29,4170.0,4850.769,4139.103,4182.564,4318.462,4202.308,4221.667,4202.051,4207.949,4204.872,4189.231,4130.769,4349.744,4203.462,разжать руку
29,4178.59,4872.821,4142.949,4187.308,4321.923,4197.821,4202.564,4196.795,4205.0,4208.333,4199.231,4136.667,4368.462,4211.667,разжать руку
29,4188.718,4890.641,4148.846,4189.359,4331.41,4206.282,4203.59,4202.179,4219.744,4221.667,4211.923,4136.923,4394.103,4216.795,разжать руку
29,4186.795,4894.103,4151.41,4185.256,4337.821,4216.026,4223.846,4214.231,4226.282,4222.821,4208.077,4138.462,4398.077,4216.538,разжать руку
29,4183.462,4886.41,4156.282,4182.821,4333.205,4207.821,4221.154,4217.564,4225.385,4229.487,4207.949,4142.564,4401.026,4217.179,разжать руку
29,4195.897,4886.923,4166.026,4189.744,4328.462,4200.0,4207.821,4204.487,4223.462,4242.051,4223.462,4149.487,4412.436,4225.385,разжать руку
29,4201.795,4887.436,4170.128,4198.462,4328.333,4205.897,4216.154,4204.744,4221.026,4242.308,4223.846,4148.846,4405.769,4222.821,разжать руку
29,4188.974,4872.692,4165.897,4195.256,4322.821,4207.692,4218.077,4219.872,4224.359,4238.462,4214.231,4141.923,4389.615,4215.0,разжать руку
29,4188.333,4858.718,4164.103,4193.205,4320.897,4204.487,4205.256,4214.744,4226.154,4235.897,4219.487,4144.872,4389.872,4220.641,разжать руку
29,4198.333,4853.974,4167.308,4196.667,4322.308,4206.923,4203.846,4205.641,4224.744,4234.487,4219.359,4143.974,4389.744,4221.282,разжать руку
29,4192.308,4844.359,4168.077,4195.0,4317.692,4208.077,4197.436,4213.59,4226.667,4234.744,4207.308,4140.513,4377.821,4214.231,разжать руку
29,4184.359,4828.077,4168.59,4193.333,4314.744,4208.846,4190.256,4210.128,4221.923,4235.513,4206.41,4143.333,4374.231,4213.077,разжать руку
29,4185.897,4815.513,4167.564,4194.487,4310.256,4206.538,4200.128,4206.41,4217.051,4232.179,4211.282,4142.436,4377.692,4215.256,разжать руку
29,4183.59,4806.026,4164.744,4194.487,4300.256,4200.513,4203.974,4222.308,4226.41,4226.795,4209.103,4142.821,4375.128,4216.795,разжать руку
29,4183.077,4795.128,4170.0,4193.59,4299.872,4200.897,4201.154,4217.692,4224.872,4227.436,4204.487,4145.513,4368.846,4215.0,разжать руку
29,4186.923,4784.103,4173.718,4190.769,4304.744,4199.872,4208.205,4193.59,4204.744,4226.026,4201.923,4146.538,4361.41,4213.974,разжать руку
29,4186.154,4778.846,4172.308,4189.359,4298.462,4193.462,4208.077,4213.59,4214.744,4226.538,4204.872,4149.359,4359.872,4217.821,разжать руку
29,4184.744,4773.59,4174.744,4194.872,4289.103,4195.769,4201.923,4247.564,4242.949,4237.564,4210.0,4151.795,4365.769,4217.692,разжать руку
29,4180.256,4760.256,4174.744,4195.897,4284.231,4206.41,4206.795,4227.692,4231.667,4241.41,4202.436,4148.333,4362.692,4212.308,разжать руку
29,4171.538,4746.282,4166.41,4187.692,4279.487,4208.462,4206.154,4194.231,4206.026,4224.231,4189.231,4139.615,4346.667,4205.897,разжать руку
29,4167.949,4737.051,4161.923,4184.359,4272.436,4203.718,4197.308,4211.282,4221.667,4218.718,4193.077,4140.897,4342.436,4206.667,разжать руку
29,4170.897,4733.205,4167.436,4189.872,4271.667,4207.821,4199.487,4230.128,4236.923,4234.744,4203.077,4146.795,4353.59,4212.308,разжать руку
29,4172.308,4730.513,4168.205,4194.744,4277.949,4214.231,4199.487,4199.103,4211.41,4230.0,4198.846,4142.436,4354.103,4209.872,разжать руку
29,4173.077,4727.436,4166.795,4197.308,4274.231,4216.41,4196.282,4180.0,4201.026,4212.821,4194.872,4142.308,4346.154,4212.564,разжать руку
29,4176.41,4720.385,4172.436,4195.897,4266.026,4212.179,4203.718,4205.0,4221.923,4220.641,4200.641,4144.615,4351.282,4217.564,разжать руку
29,4172.821,4707.692,4171.026,4192.436,4259.359,4204.615,4206.026,4214.359,4222.179,4226.667,4198.974,4141.282,4354.487,4211.667,разжать руку
30,4173.333,4702.051,4176.795,4202.692,4249.744,4219.103,4216.026,4216.154,4225.897,4236.923,4200.385,4142.564,4346.026,4211.667,сжать руку
30,4173.974,4689.872,4179.872,4197.821,4245.513,4212.179,4212.564,4212.564,4217.051,4230.385,4202.821,4146.154,4348.462,4210.128,сжать руку
30,4174.359,4679.744,4179.615,4195.128,4240.128,4203.718,4215.385,4213.974,4210.513,4219.487,4200.128,4150.897,4346.667,4208.718,сжать руку
30,4182.564,4676.538,4185.256,4199.615,4238.077,4206.923,4220.897,4228.59,4224.872,4229.872,4204.487,4150.897,4348.333,4211.667,сжать руку
30,4182.564,4667.821,4183.205,4201.795,4238.333,4208.974,4213.333,4223.846,4223.462,4225.0,4205.128,4147.436,4342.564,4211.282,сжать руку
30,4169.359,4660.256,4173.974,4197.821,4233.59,4210.0,4215.769,4211.795,4209.359,4204.103,4196.538,4140.769,4329.615,4202.179,сжать руку
30,4164.872,4658.077,4172.436,4196.026,4228.846,4209.744,4226.154,4212.179,4210.641,4204.103,4195.256,4139.231,4326.667,4202.692,сжать руку
30,4176.026,4654.359,4178.205,4199.744,4234.231,4201.282,4211.026,4212.051,4219.872,4221.667,4201.667,4144.872,4333.846,4212.179,сжать руку
30,4181.538,4647.564,4180.641,4199.359,4239.231,4196.538,4190.256,4202.564,4219.103,4225.0,4205.769,4146.026,4337.308,4211.154,сжать руку
30,4172.308,4637.308,4177.051,4195.513,4231.026,4203.333,4199.744,4208.333,4221.667,4215.385,4205.385,4145.513,4332.692,4205.256,сжать руку
30,4170.897,4631.667,4180.513,4201.282,4222.051,4206.923,4214.103,4220.385,4225.128,4212.692,4200.641,4144.487,4327.821,4206.538,сжать руку
30,4185.897,4631.923,4189.744,4207.564,4219.872,4201.795,4203.846,4212.436,4217.564,4214.103,4198.333,4143.462,4333.718,4214.744,сжать руку
30,4191.923,4623.462,4191.538,4203.077,4217.179,4204.359,4195.641,4201.538,4210.0,4213.077,4200.385,4144.872,4340.513,4217.692,сжать руку
30,4177.821,4606.795,4186.41,4196.026,4209.103,4205.256,4202.692,4203.59,4207.949,4207.949,4197.692,4141.41,4329.231,4211.026,сжать руку
30,4166.795,4593.205,4181.667,4192.949,4198.462,4194.231,4201.154,4210.128,4208.718,4198.462,4189.872,4138.462,4318.205,4210.128,сжать руку
30,4173.462,4589.359,4183.974,4195.385,4196.41,4194.231,4204.615,4218.718,4214.359,4192.564,4191.282,4141.154,4323.205,4211.41,сжать руку
30,4182.436,4592.821,4192.051,4201.538,4196.282,4206.282,4217.436,4221.538,4219.487,4197.051,4197.949,4147.051,4327.179,4212.564,сжать руку
30,4185.385,4593.974,4197.051,4205.513,4195.769,4212.564,4212.308,4200.897,4209.615,4205.128,4194.487,4148.077,4327.564,4217.051,сжать руку
30,4182.821,4583.333,4193.462,4201.026,4199.615,4209.359,4204.615,4195.513,4207.308,4208.205,4189.103,4144.872,4326.923,4214.231,сжать руку
30,4182.051,4571.795,4192.692,4198.333,4198.333,4205.0,4208.333,4220.769,4223.462,4212.692,4194.103,4149.359,4325.769,4212.949,сжать руку
30,4190.385,4581.026,4201.667,4206.41,4195.256,4210.0,4203.974,4222.949,4224.615,4220.256,4201.026,4150.128,4330.513,4217.051,сжать руку
30,4195.385,4584.231,4202.821,4208.59,4196.026,4216.538,4198.974,4218.974,4220.769,4218.077,4197.564,4147.051,4331.154,4215.769,сжать руку
30,4193.077,4570.128,4198.462,4205.513,4196.667,4219.615,4212.308,4228.846,4225.256,4212.821,4194.231,4149.615,4326.667,4215.641,сжать руку
30,4197.308,4570.128,4202.564,4206.795,4192.949,4217.949,4217.564,4211.923,4214.615,4211.41,4196.667,4148.59,4328.077,4219.231,сжать руку
30,4208.974,4581.667,4210.0,4211.795,4188.333,4210.0,4208.59,4195.385,4204.231,4209.487,4200.256,4151.282,4335.513,4227.179,сжать руку
30,4222.564,4589.872,4219.359,4220.513,4188.718,4203.333,4210.385,4210.128,4216.282,4216.923,4206.282,4156.667,4345.385,4231.154,сжать руку
30,4231.026,4588.846,4226.41,4221.795,4184.487,4201.41,4214.487,4217.436,4226.026,4223.077,4209.872,4155.385,4349.487,4228.205,сжать руку
30,4228.59,4582.821,4226.923,4218.205,4180.0,4204.103,4210.513,4212.051,4217.436,4218.462,4208.974,4155.897,4347.308,4230.0,сжать руку
30,4224.487,4577.949,4227.308,4221.667,4186.026,4207.692,4208.077,4208.846,4210.128,4221.282,4209.231,4157.179,4351.538,4231.282,сжать руку
30,4224.744,4574.744,4227.821,4224.872,4189.487,4202.949,4205.897,4204.615,4213.974,4227.308,4209.615,4158.333,4356.667,4227.564,сжать руку
30,4222.051,4567.308,4223.59,4221.795,4185.256,4196.795,4201.282,4213.205,4221.667,4221.923,4206.538,4155.897,4344.615,4224.872,сжать руку
30,4214.103,4555.256,4218.462,4217.308,4183.846,4198.59,4198.077,4223.077,4225.128,4222.308,4204.744,4150.513,4334.103,4222.436,сжать руку
30,4210.256,4550.0,4218.333,4217.051,4182.564,4201.795,4195.897,4214.744,4220.385,4233.333,4207.692,4155.641,4339.487,4222.051,сжать руку
30,4207.821,4541.795,4220.513,4213.974,4176.41,4201.923,4190.385,4200.513,4209.231,4220.641,4206.282,4155.385,4334.615,4217.949,сжать руку
30,4200.0,4525.256,4215.513,4208.59,4174.487,4203.59,4187.179,4196.667,4198.974,4193.846,4196.923,4145.897,4316.538,4212.308,сжать руку
30,4197.436,4517.051,4213.462,4210.769,4179.744,4208.846,4200.513,4207.692,4207.821,4200.513,4194.103,4150.385,4312.949,4214.615,сжать руку
30,4196.795,4512.564,4218.205,4213.59,4181.667,4207.949,4209.103,4210.385,4217.436,4217.692,4197.949,4153.59,4317.436,4217.051,сжать руку
30,4190.769,4502.692,4219.615,4211.41,4180.769,4201.923,4195.897,4206.026,4212.051,4213.077,4202.308,4146.538,4313.59,4218.077,сжать руку
30,4187.308,4497.692,4219.872,4211.41,4182.308,4205.641,4199.231,4215.256,4212.436,4212.692,4206.026,4148.718,4309.872,4218.205,сжать руку
30,4190.897,4498.974,4221.282,4215.0,4178.846,4217.436,4222.436,4217.564,4219.744,4218.718,4208.333,4158.077,4310.897,4216.026,сжать руку
30,4191.282,4495.256,4218.205,4215.0,4175.128,4219.872,4222.821,4202.308,4214.487,4212.564,4206.282,4155.128,4310.0,4213.462,сжать руку
30,4183.333,4483.846,4205.769,4207.692,4176.795,4208.846,4204.872,4192.308,4203.205,4203.846,4198.718,4143.077,4302.436,4209.359,сжать руку
30,4179.872,4473.974,4197.179,4205.513,4177.821,4206.538,4202.821,4200.0,4203.846,4206.667,4196.154,4146.795,4297.436,4210.128,сжать руку
30,4181.282,4471.923,4204.231,4214.231,4177.692,4213.846,4208.59,4214.744,4215.385,4220.641,4205.641,4156.282,4302.051,4213.205,сжать руку
30,4185.256,4476.667,4215.385,4223.974,4178.974,4216.41,4207.051,4224.744,4224.231,4235.256,4214.615,4155.385,4306.923,4216.538,сжать руку
30,4189.359,4477.821,4217.821,4226.282,4188.077,4219.487,4214.744,4219.744,4219.359,4235.0,4209.872,4153.846,4307.179,4219.103,сжать руку
30,4182.051,4465.256,4209.231,4216.538,4197.051,4218.333,4221.154,4209.487,4212.821,4220.769,4205.256,4149.615,4301.667,4211.538,сжать руку
30,4173.974,4453.462,4201.538,4210.897,4193.462,4212.051,4215.385,4214.231,4221.282,4217.564,4211.795,4145.128,4295.513,4208.462,сжать руку
30,4177.949,4452.692,4202.949,4214.487,4186.026,4213.846,4217.821,4213.59,4223.077,4227.179,4213.205,4144.744,4293.59,4212.179,сжать руку
30,4181.154,4447.308,4206.41,4211.026,4184.744,4215.897,4218.205,4205.256,4216.282,4229.359,4211.923,4148.462,4293.718,4209.615,сжать руку
30,4180.897,4439.872,4209.487,4208.59,4178.205,4214.872,4213.333,4222.564,4227.436,4227.564,4218.205,4153.462,4292.051,4209.744,сжать руку
30,4183.846,4437.692,4210.897,4208.59,4172.179,4216.795,4214.103,4227.949,4230.0,4222.821,4219.615,4149.615,4285.641,4212.564,сжать руку
30,4180.128,4432.436,4205.897,4205.128,4181.026,4213.718,4203.846,4194.103,4207.436,4213.462,4209.103,4147.821,4278.205,4214.231,сжать руку
30,4179.872,4430.769,4210.0,4209.615,4192.051,4210.769,4191.41,4191.667,4208.718,4221.282,4208.974,4151.667,4285.513,4217.949,сжать руку
30,4191.667,4433.59,4224.103,4217.692,4188.718,4213.462,4203.718,4223.846,4227.949,4232.308,4217.179,4151.795,4292.821,4217.436,сжать руку
30,4196.026,4430.128,4228.205,4215.769,4184.103,4212.949,4212.949,4221.538,4222.308,4220.897,4214.103,4152.949,4284.103,4214.615,сжать руку
30,4191.538,4422.308,4227.179,4209.872,4192.692,4209.103,4199.359,4200.769,4208.974,4213.077,4209.744,4153.333,4278.205,4211.923,сжать руку
30,4187.692,4413.462,4228.846,4208.718,4194.872,4206.154,4194.231,4205.128,4209.615,4217.179,4217.051,4153.59,4281.667,4212.692,сжать руку
30,4186.795,4409.359,4231.41,4210.128,4190.769,4209.744,4208.205,4215.641,4213.205,4221.026,4226.795,4157.179,4282.179,4218.59,сжать руку
30,4187.692,4406.282,4230.0,4207.692,4191.667,4212.564,4212.308,4216.154,4216.41,4224.103,4227.051,4155.256,4276.538,4218.846,сжать руку
30,4188.59,4398.718,4222.436,4201.154,4193.205,4210.513,4203.333,4212.179,4216.026,4222.692,4222.564,4151.923,4269.487,4215.128,сжать руку
30,4189.359,4392.564,4223.333,4199.872,4197.949,4213.974,4199.744,4209.359,4216.026,4227.949,4225.128,4152.692,4268.077,4213.077,сжать руку
30,4187.436,4386.538,4230.385,4202.436,4200.128,4215.769,4206.923,4214.231,4221.282,4232.179,4226.923,4154.744,4269.231,4211.795,сжать руку
30,4185.513,4385.385,4233.59,4202.692,4202.051,4213.462,4216.538,4222.821,4222.179,4225.256,4225.0,4158.846,4268.333,4213.333,сжать руку
30,4190.128,4391.282,4237.821,4205.513,4204.744,4214.872,4215.128,4226.41,4222.051,4229.744,4225.641,4159.744,4267.949,4213.462,сжать руку
30,4192.564,4385.769,4243.974,4210.897,4204.103,4215.897,4201.282,4221.026,4223.077,4238.077,4225.256,4158.205,4267.179,4211.026,сжать руку
30,4185.897,4377.821,4248.333,4211.282,4206.026,4212.692,4195.897,4214.487,4219.487,4230.513,4219.744,4154.615,4263.205,4208.974,сжать руку
30,4184.359,4383.205,4255.769,4211.795,4206.923,4211.282,4202.564,4218.974,4220.256,4226.154,4220.513,4154.359,4264.359,4213.846,сжать руку
30,4189.231,4381.795,4262.949,4216.667,4204.744,4215.256,4205.641,4224.615,4223.462,4234.615,4224.744,4156.667,4266.41,4216.538,сжать руку
30,4188.462,4372.179,4264.359,4213.718,4204.744,4216.923,4195.897,4209.872,4212.308,4231.795,4220.513,4150.513,4261.41,4208.59,сжать руку
30,4186.154,4376.154,4267.436,4207.051,4206.41,4215.0,4191.923,4192.821,4200.769,4219.487,4218.462,4149.872,4258.718,4210.0,сжать руку
30,4187.949,4381.538,4271.795,4206.795,4203.718,4217.308,4208.077,4201.795,4210.385,4218.077,4220.128,4152.564,4258.59,4215.385,сжать руку
30,4186.923,4373.59,4272.308,4206.154,4199.872,4217.308,4211.923,4215.256,4219.359,4223.974,4218.718,4149.231,4254.615,4210.256,сжать руку
30,4187.308,4371.538,4274.487,4207.308,4206.667,4218.077,4206.667,4210.897,4215.128,4229.231,4219.872,4150.256,4252.051,4210.128,сжать руку
30,4188.846,4375.0,4274.487,4210.769,4215.641,4228.718,4220.256,4207.308,4214.487,4233.077,4219.744,4147.179,4251.282,4209.359,сжать руку
30,4180.769,4363.077,4264.359,4203.718,4209.615,4229.359,4224.615,4210.641,4215.0,4226.667,4211.282,4138.846,4245.641,4200.769,сжать руку
30,4176.026,4355.897,4259.103,4199.615,4202.308,4218.462,4208.077,4212.051,4213.718,4213.333,4204.359,4135.513,4242.051,4200.256,сжать руку
30,4183.59,4360.256,4267.692,4206.538,4202.179,4217.949,4199.615,4213.462,4217.179,4217.308,4209.103,4140.897,4249.615,4209.103,сжать руку
30,4190.897,4357.436,4273.205,4206.538,4197.821,4220.256,4206.282,4211.667,4217.179,4230.641,4215.769,4148.205,4255.897,4212.949,сжать руку
30,4190.256,4350.897,4273.462,4201.538,4191.795,4214.744,4214.872,4214.615,4219.103,4235.128,4217.436,4146.538,4252.179,4206.026,сжать руку
30,4188.718,4352.436,4277.692,4202.308,4194.744,4215.897,4218.59,4218.59,4222.051,4229.487,4217.051,4145.256,4252.179,4204.103,сжать руку
30,4192.436,4360.641,4284.615,4208.974,4202.436,4221.41,4209.359,4205.385,4214.615,4224.487,4216.538,4149.103,4260.769,4210.641,сжать руку
30,4191.795,4360.641,4283.077,4207.051,4203.59,4214.615,4196.795,4193.846,4206.41,4227.308,4218.846,4147.051,4261.538,4208.077,сжать руку
30,4186.923,4352.308,4273.846,4201.282,4195.128,4212.564,4198.462,4200.769,4209.615,4228.077,4222.564,4144.231,4256.923,4204.872,сжать руку
30,4188.59,4350.128,4272.308,4203.462,4191.154,4220.769,4209.744,4206.026,4217.821,4226.154,4218.718,4141.41,4259.615,4207.949,сжать руку
30,4191.154,4348.077,4272.821,4203.718,4192.308,4216.795,4220.641,4216.026,4227.308,4229.359,4215.513,4139.103,4261.795,4207.436,сжать руку
30,4188.974,4342.564,4264.872,4200.513,4192.821,4212.051,4222.051,4226.282,4227.692,4233.59,4221.282,4143.205,4258.462,4205.769,сжать руку
30,4186.282,4338.205,4249.103,4196.923,4190.769,4219.744,4220.128,4206.923,4212.692,4224.103,4217.821,4142.308,4250.769,4204.487,сжать руку
30,4190.0,4335.0,4242.308,4198.59,4189.231,4221.026,4210.513,4192.436,4210.641,4215.897,4213.462,4141.923,4247.821,4206.667,сжать руку
30,4196.538,4333.077,4248.59,4201.154,4191.154,4214.744,4198.077,4207.821,4221.667,4225.897,4223.333,4144.872,4252.949,4207.821,сжать руку
30,4193.718,4329.744,4244.487,4195.641,4189.487,4218.718,4202.821,4213.462,4222.179,4232.692,4227.436,4142.308,4252.436,4205.128,сжать руку
30,4186.795,4325.513,4232.564,4192.821,4187.308,4225.128,4207.308,4200.385,4215.256,4226.795,4221.026,4142.179,4246.667,4207.051,сжать руку
30,4184.359,4320.897,4226.923,4193.846,4183.974,4215.513,4192.564,4193.718,4208.462,4217.949,4216.026,4142.308,4241.41,4205.641,сжать руку
30,4184.744,4314.744,4222.179,4190.256,4173.077,4201.41,4183.205,4203.077,4212.821,4218.462,4212.436,4139.359,4238.077,4201.538,сжать руку
30,4186.795,4311.667,4216.154,4186.154,4168.462,4205.769,4197.692,4205.769,4216.667,4221.923,4211.026,4136.795,4239.487,4200.0,сжать руку
30,4185.0,4308.59,4208.462,4185.128,4176.154,4216.538,4205.513,4192.051,4205.256,4208.205,4210.0,4135.769,4238.974,4199.744,сжать руку
30,4182.564,4300.128,4203.718,4187.692,4176.667,4215.128,4202.949,4200.256,4207.436,4199.231,4208.333,4137.436,4236.795,4202.436,сжать руку
30,4184.103,4291.667,4203.846,4189.872,4167.949,4212.308,4208.333,4212.436,4217.436,4208.718,4208.205,4137.179,4233.205,4201.154,сжать руку
30,4183.718,4296.41,4199.872,4192.051,4171.538,4211.41,4203.205,4191.538,4205.513,4206.538,4207.949,4136.795,4228.077,4201.41,сжать руку
30,4182.051,4312.436,4196.923,4197.949,4183.59,4208.846,4194.231,4192.821,4206.538,4199.744,4207.179,4135.897,4226.154,4202.692,сжать руку
31,4193.205,4325.513,4205.128,4210.769,4186.795,4211.538,4194.744,4200.385,4213.718,4197.179,4203.59,4137.949,4226.282,4201.538,разжать руку
31,4193.077,4334.744,4205.385,4215.0,4186.026,4207.949,4197.436,4194.487,4206.41,4193.077,4205.256,4136.538,4222.821,4196.923,разжать руку
31,4189.872,4335.513,4210.0,4213.077,4183.718,4206.282,4208.205,4219.615,4221.41,4202.179,4205.769,4136.667,4222.308,4196.154,разжать руку
31,4191.923,4328.333,4208.333,4211.282,4186.795,4216.923,4212.308,4211.41,4217.564,4203.205,4201.667,4139.744,4223.462,4202.564,разжать руку
31,4197.564,4326.41,4200.128,4212.564,4189.615,4222.179,4206.538,4194.615,4206.41,4200.513,4203.718,4139.615,4225.513,4205.769,разжать руку
31,4199.359,4321.923,4196.667,4210.0,4184.231,4215.256,4209.615,4210.385,4215.769,4206.923,4208.333,4141.026,4228.077,4204.744,разжать руку
31,4199.359,4318.077,4198.974,4206.538,4184.487,4209.231,4201.282,4214.487,4221.282,4211.795,4209.103,4143.205,4229.487,4201.538,разжать руку
31,4200.256,4318.846,4197.436,4206.538,4186.154,4213.333,4183.205,4194.615,4210.128,4210.0,4210.256,4141.795,4230.128,4201.795,разжать руку
31,4196.41,4313.462,4191.923,4205.385,4184.231,4225.769,4195.769,4194.872,4206.282,4206.667,4207.051,4140.513,4228.846,4203.718,разжать руку
31,4192.308,4306.795,4189.231,4203.077,4188.333,4231.154,4214.615,4214.744,4215.513,4204.231,4204.615,4140.897,4223.59,4201.538,разжать руку
31,4192.179,4304.231,4186.41,4202.821,4192.564,4227.051,4210.0,4220.256,4219.615,4201.41,4206.923,4142.179,4217.692,4200.256,разжать руку
31,4193.718,4302.436,4185.897,4203.077,4187.949,4223.974,4211.538,4213.718,4217.308,4197.821,4206.41,4140.256,4219.103,4200.897,разжать руку
31,4190.385,4299.615,4184.615,4199.744,4178.718,4221.282,4223.718,4217.564,4218.205,4190.128,4203.205,4137.436,4220.0,4198.205,разжать руку
31,4185.0,4299.231,4179.231,4200.0,4180.641,4219.103,4217.308,4215.769,4217.051,4186.154,4197.821,4138.846,4216.282,4197.436,разжать руку
31,4184.487,4294.872,4176.667,4200.769,4192.308,4218.462,4200.0,4193.462,4210.128,4195.769,4185.513,4136.154,4217.949,4195.769,разжать руку
31,4185.128,4291.923,4179.359,4198.462,4193.718,4218.205,4200.513,4197.949,4216.026,4204.872,4174.744,4135.897,4222.308,4195.513,разжать руку
31,4182.436,4295.513,4182.564,4198.333,4187.821,4221.795,4215.769,4229.359,4230.769,4209.487,4173.846,4137.821,4219.231,4198.846,разжать руку
31,4183.718,4296.026,4182.179,4200.513,4186.41,4225.256,4214.744,4229.872,4230.385,4211.923,4176.795,4134.359,4218.462,4197.564,разжать руку
31,4188.846,4291.795,4178.718,4199.615,4187.564,4231.667,4218.846,4201.026,4213.205,4198.077,4174.872,4132.564,4217.051,4193.205,разжать руку
31,4183.718,4283.846,4173.59,4195.641,4186.538,4237.179,4232.436,4188.59,4203.333,4180.128,4168.59,4130.641,4206.667,4189.231,разжать руку
31,4182.949,4284.487,4173.718,4200.128,4185.641,4226.923,4217.308,4204.615,4215.0,4184.615,4169.487,4133.205,4208.59,4195.0,разжать руку
31,4203.205,4305.513,4185.385,4213.59,4190.0,4220.385,4205.641,4220.769,4226.026,4208.974,4181.41,4138.59,4229.103,4208.846,разжать руку
31,4228.462,4328.718,4199.359,4221.923,4196.795,4227.692,4209.744,4207.308,4219.487,4221.026,4192.821,4137.821,4246.667,4215.256,разжать руку
31,4243.333,4339.231,4207.821,4224.872,4201.026,4227.564,4197.179,4195.385,4217.308,4217.436,4202.949,4144.231,4259.872,4219.744,разжать руку
31,4249.487,4341.154,4213.077,4223.718,4194.744,4219.615,4197.692,4226.154,4231.923,4223.205,4211.923,4153.846,4270.769,4222.179,разжать руку
31,4252.436,4339.359,4215.769,4222.051,4179.872,4220.128,4222.949,4240.385,4233.333,4231.795,4214.231,4151.667,4273.974,4221.026,разжать руку
31,4263.974,4342.051,4220.641,4229.103,4183.205,4225.513,4222.692,4208.462,4218.718,4228.846,4218.59,4147.564,4283.846,4226.026,разжать руку
31,4275.513,4343.974,4222.564,4231.154,4193.077,4224.487,4215.0,4199.359,4215.513,4224.615,4225.256,4149.359,4295.385,4226.795,разжать руку
31,4274.231,4330.641,4217.308,4221.026,4181.026,4222.821,4227.051,4222.821,4223.59,4230.513,4225.385,4155.0,4296.282,4224.744,разжать руку
31,4272.179,4314.359,4215.0,4215.385,4170.128,4221.154,4225.513,4223.333,4225.769,4239.615,4229.103,4153.59,4298.974,4230.0,разжать руку
31,4274.615,4309.487,4213.974,4217.821,4176.026,4216.667,4210.0,4206.923,4221.667,4238.077,4236.41,4149.872,4304.615,4232.949,разжать руку
31,4280.128,4311.795,4215.256,4221.795,4179.487,4215.128,4201.41,4212.821,4226.667,4245.0,4244.359,4156.795,4313.974,4235.385,разжать руку
31,4287.692,4311.538,4219.615,4219.103,4174.103,4217.949,4202.821,4222.436,4233.077,4259.487,4253.462,4161.282,4321.282,4237.692,разжать руку
31,4293.077,4311.538,4219.744,4215.769,4174.487,4222.051,4211.667,4211.41,4223.718,4252.308,4255.0,4158.333,4319.744,4238.846,разжать руку
31,4294.615,4315.769,4217.949,4222.051,4183.718,4223.077,4213.077,4202.179,4216.282,4238.462,4256.154,4156.41,4320.256,4238.974,разжать руку
31,4296.923,4314.487,4216.795,4226.923,4186.667,4220.256,4206.795,4215.385,4228.718,4246.923,4267.821,4163.846,4327.692,4238.846,разжать руку
31,4299.103,4307.308,4217.692,4225.0,4183.205,4223.718,4221.538,4232.179,4239.103,4261.538,4277.436,4171.026,4329.359,4240.513,разжать руку
31,4289.359,4297.436,4207.821,4219.359,4183.718,4228.974,4241.282,4217.436,4225.513,4250.769,4269.744,4160.641,4321.667,4233.846,разжать руку
31,4281.154,4290.769,4195.513,4217.179,4186.026,4224.103,4228.077,4209.615,4224.872,4243.462,4266.282,4156.026,4318.333,4233.59,разжать руку
31,4287.436,4295.769,4199.359,4220.128,4187.308,4220.256,4207.308,4226.795,4243.205,4261.923,4277.949,4163.077,4324.103,4240.385,разжать руку
31,4286.923,4295.641,4200.897,4216.282,4182.949,4223.462,4214.103,4224.359,4238.718,4261.41,4276.795,4162.564,4321.538,4233.846,разжать руку
31,4272.821,4278.974,4188.974,4204.103,4176.41,4225.641,4234.359,4216.795,4227.692,4247.821,4266.282,4161.923,4310.641,4231.538,разжать руку
31,4266.41,4267.949,4182.821,4198.974,4173.59,4219.872,4233.846,4227.179,4234.359,4258.077,4269.231,4163.462,4311.667,4236.795,разжать руку
31,4265.256,4267.949,4186.282,4204.231,4166.154,4214.103,4220.897,4223.846,4233.718,4254.487,4274.231,4161.538,4316.41,4234.359,разжать руку
31,4260.769,4266.795,4188.59,4206.538,4163.846,4221.923,4222.179,4205.513,4224.359,4236.923,4267.179,4160.0,4313.974,4226.41,разжать руку
31,4258.333,4262.564,4187.436,4203.077,4171.667,4227.308,4225.897,4216.538,4235.385,4259.103,4266.026,4162.308,4316.795,4228.077,разжать руку
31,4256.923,4257.821,4189.359,4203.59,4175.769,4219.615,4223.974,4247.051,4254.231,4289.872,4275.256,4169.231,4321.282,4236.538,разжать руку
31,4249.231,4253.077,4195.128,4205.128,4172.308,4219.744,4236.282,4248.974,4251.667,4282.436,4271.282,4166.026,4312.821,4229.615,разжать руку
31,4240.641,4250.256,4199.744,4203.333,4168.974,4224.615,4248.846,4232.436,4243.205,4263.205,4261.282,4156.667,4303.59,4221.667,разжать руку
31,4242.436,4247.821,4202.949,4203.205,4171.538,4220.256,4238.205,4224.103,4243.59,4261.923,4263.205,4160.513,4306.795,4228.333,разжать руку
31,4240.513,4239.487,4200.0,4200.0,4174.744,4220.769,4228.333,4212.949,4237.436,4260.897,4263.974,4162.949,4302.821,4225.641,разжать руку
31,4223.077,4225.385,4184.744,4190.385,4173.718,4231.282,4236.282,4210.897,4228.462,4245.385,4250.256,4156.154,4285.385,4216.667,разжать руку
31,4209.615,4211.667,4175.641,4185.256,4175.0,4231.667,4236.154,4230.769,4233.974,4241.923,4242.949,4150.128,4272.821,4218.462,разжать руку
31,4213.462,4204.872,4184.615,4187.821,4177.821,4222.949,4223.333,4236.923,4246.538,4256.538,4253.205,4155.0,4272.821,4223.462,разжать руку
31,4224.744,4204.615,4197.564,4192.949,4174.615,4221.282,4225.897,4228.974,4249.103,4265.769,4261.795,4162.821,4278.718,4225.641,разжать руку
31,4223.846,4199.872,4197.051,4191.667,4171.923,4219.872,4232.692,4220.513,4237.308,4257.949,4256.538,4154.359,4272.051,4221.667,разжать руку
31,4215.256,4188.462,4192.949,4188.59,4174.872,4215.897,4226.923,4219.872,4232.564,4251.282,4246.795,4150.128,4253.59,4220.385,разжать руку
31,4218.205,4173.59,4200.513,4192.051,4175.513,4221.795,4231.538,4238.077,4245.385,4255.513,4243.846,4157.692,4241.795,4222.564,разжать руку
31,4221.154,4141.282,4198.846,4190.641,4172.821,4234.487,4254.231,4251.282,4250.897,4254.872,4244.615,4156.026,4238.59,4216.923,разжать руку
31,4210.128,4102.436,4178.462,4181.923,4173.846,4237.051,4262.821,4237.308,4241.154,4252.308,4240.897,4150.0,4232.692,4212.436,разжать руку
31,4202.308,4088.718,4166.538,4175.641,4177.051,4227.051,4244.103,4220.0,4236.795,4250.256,4232.564,4150.256,4219.744,4214.359,разжать руку
31,4209.103,4089.231,4170.385,4176.667,4178.462,4225.513,4234.615,4225.385,4240.897,4240.0,4232.821,4157.692,4212.436,4220.385,разжать руку
31,4216.282,4086.41,4175.897,4180.385,4181.538,4232.436,4241.41,4240.385,4246.282,4237.949,4238.718,4161.538,4213.462,4224.103,разжать руку
31,4211.282,4077.179,4173.974,4176.154,4173.974,4224.872,4236.667,4243.59,4247.821,4245.128,4231.667,4154.744,4208.59,4217.949,разжать руку
31,4199.231,4060.128,4163.718,4163.205,4156.026,4214.359,4231.538,4235.769,4242.949,4236.282,4221.795,4150.256,4196.923,4212.308,разжать руку
31,4198.205,4049.487,4161.923,4158.974,4151.667,4218.333,4236.026,4232.308,4240.256,4226.538,4226.795,4155.513,4197.051,4215.897,разжать руку
31,4208.077,4047.949,4169.615,4165.513,4154.615,4221.795,4232.308,4234.744,4241.923,4233.205,4234.872,4158.59,4201.026,4223.077,разжать руку
31,4205.128,4041.282,4163.333,4160.385,4152.179,4220.897,4238.59,4236.667,4240.385,4234.103,4228.59,4151.154,4191.41,4217.564,разжать руку
31,4192.949,4025.897,4147.179,4147.179,4152.436,4218.974,4247.949,4233.077,4235.513,4225.0,4221.795,4146.795,4184.231,4208.077,разжать руку
31,4195.385,4023.205,4148.205,4152.179,4161.282,4215.385,4230.513,4228.462,4235.641,4228.462,4230.897,4157.436,4191.154,4216.282,разжать руку
31,4201.538,4026.667,4159.359,4162.436,4165.0,4221.154,4227.436,4234.231,4240.513,4239.872,4240.513,4162.564,4197.436,4220.769,разжать руку
31,4197.308,4017.821,4158.333,4158.205,4156.795,4227.051,4241.795,4243.333,4243.718,4239.744,4234.744,4159.359,4191.282,4214.487,разжать руку
31,4194.615,4012.821,4156.538,4156.538,4153.205,4223.846,4231.41,4240.0,4244.103,4236.795,4226.667,4158.59,4186.154,4216.538,разжать руку
31,4191.41,4013.205,4160.128,4158.846,4151.282,4219.872,4221.282,4231.923,4243.462,4231.538,4224.103,4155.641,4186.538,4218.333,разжать руку
31,4190.513,4014.103,4166.538,4161.026,4148.846,4216.41,4221.667,4236.923,4247.051,4224.231,4224.103,4161.41,4186.282,4220.641,разжать руку
31,4200.385,4020.641,4180.641,4171.026,4156.538,4219.487,4215.641,4240.128,4247.308,4230.513,4228.077,4166.795,4187.692,4223.846,разжать руку
31,4194.872,4015.128,4181.538,4170.128,4156.41,4224.744,4225.897,4224.231,4234.615,4226.026,4226.154,4158.846,4184.231,4218.205,разжать руку
31,4178.462,4006.026,4173.974,4162.821,4144.615,4221.41,4234.103,4223.974,4237.436,4218.846,4221.282,4159.359,4183.333,4215.641,разжать руку
31,4179.359,4009.872,4177.051,4165.513,4145.385,4218.462,4220.897,4236.282,4252.821,4229.359,4226.154,4163.333,4187.308,4218.205,разжать руку
31,4184.103,4008.718,4178.077,4166.923,4152.949,4218.59,4216.026,4229.359,4243.718,4225.513,4227.436,4161.538,4183.59,4218.846,разжать руку
31,4181.923,4005.385,4178.462,4165.769,4152.308,4218.974,4224.615,4225.0,4233.846,4210.897,4220.256,4158.462,4180.128,4216.667,разжать руку
31,4185.128,4012.692,4187.308,4168.846,4151.667,4223.974,4231.154,4239.744,4246.667,4216.923,4221.154,4160.256,4183.846,4217.949,разжать руку
31,4187.051,4013.59,4191.41,4167.436,4153.59,4227.308,4237.051,4242.051,4251.282,4226.667,4226.667,4167.436,4187.051,4223.718,разжать руку
31,4181.026,4006.795,4187.179,4159.359,4148.205,4222.179,4238.846,4232.821,4241.923,4225.897,4221.795,4168.974,4185.641,4218.462,разжать руку
31,4174.744,4005.0,4182.949,4155.385,4138.462,4221.282,4232.308,4233.718,4241.923,4224.359,4214.872,4164.231,4185.513,4211.026,разжать руку
31,4175.128,4005.128,4180.256,4153.974,4138.205,4222.949,4226.282,4233.077,4249.487,4221.41,4213.718,4159.615,4190.641,4215.897,разжать руку
31,4178.462,4000.513,4183.462,4152.436,4142.692,4215.385,4217.051,4226.41,4250.641,4220.769,4214.744,4161.538,4196.923,4220.256,разжать руку
31,4177.692,3999.744,4190.256,4155.256,4141.538,4215.897,4220.128,4225.385,4247.564,4225.256,4213.974,4164.359,4198.718,4215.385,разжать руку
31,4174.359,4003.846,4187.821,4157.051,4139.744,4219.744,4235.0,4232.051,4251.282,4221.41,4214.744,4159.359,4199.103,4211.282,разжать руку
31,4172.179,4006.282,4179.103,4155.641,4141.667,4208.59,4226.026,4230.385,4254.615,4207.949,4214.359,4158.718,4198.205,4212.949,разжать руку
31,4167.308,3999.744,4170.641,4152.692,4139.103,4202.179,4216.923,4215.769,4242.436,4188.718,4203.205,4156.282,4187.564,4206.795,разжать руку
31,4157.821,3983.59,4160.897,4145.385,4128.59,4203.077,4228.59,4211.41,4234.487,4175.641,4191.154,4148.718,4175.641,4201.154,разжать руку
31,4156.667,3974.359,4152.308,4140.897,4121.154,4197.308,4229.487,4217.692,4242.564,4175.641,4191.667,4149.872,4175.513,4207.949,разжать руку
31,4159.872,3973.077,4147.564,4142.821,4121.026,4194.487,4216.282,4217.949,4244.359,4180.256,4195.513,4149.103,4182.051,4207.179,разжать руку
31,4159.744,3967.308,4142.821,4142.308,4121.41,4199.231,4219.231,4222.051,4238.59,4185.256,4198.59,4147.692,4186.154,4205.256,разжать руку
31,4166.026,3960.385,4137.949,4137.692,4123.974,4204.103,4233.718,4225.513,4238.462,4185.769,4203.333,4153.718,4184.744,4212.436,разжать руку
31,4171.538,3952.564,4131.41,4132.308,4123.846,4205.513,4229.872,4223.846,4244.872,4173.974,4205.0,4154.872,4180.769,4211.795,разжать руку
31,4169.359,3942.179,4123.974,4130.385,4119.103,4197.564,4212.436,4229.103,4250.641,4173.205,4204.103,4157.436,4181.538,4209.487,разжать руку
31,4167.051,3931.41,4118.974,4129.487,4122.692,4192.821,4210.128,4224.615,4241.795,4189.231,4199.359,4160.0,4178.846,4210.385,разжать руку
31,4160.769,3918.462,4110.256,4123.462,4124.103,4204.487,4227.051,4218.205,4235.0,4183.462,4194.231,4156.923,4169.359,4209.872,разжать руку
32,4143.205,3909.231,4097.949,4119.359,4112.051,4186.667,4199.744,4222.051,4239.872,4167.821,4206.154,4159.872,4175.897,4210.0,сжать руку
32,4140.769,3900.769,4097.051,4118.59,4109.615,4175.769,4193.462,4213.974,4233.205,4180.513,4203.333,4159.103,4172.179,4208.333,сжать руку
32,4136.538,3886.538,4098.718,4115.769,4103.333,4188.462,4210.641,4237.308,4242.821,4176.667,4204.359,4159.231,4171.795,4210.128,сжать руку
32,4136.923,3885.897,4097.308,4120.256,4099.487,4191.923,4206.923,4237.436,4242.179,4173.205,4208.462,4158.718,4174.872,4210.769,сжать руку
32,4135.641,3887.821,4090.0,4123.846,4099.487,4183.462,4197.179,4203.974,4225.641,4167.179,4204.615,4155.897,4171.41,4207.692,сжать руку
32,4127.692,3883.333,4084.872,4116.41,4099.615,4175.128,4190.0,4196.154,4217.436,4146.026,4196.538,4151.667,4166.282,4204.487,сжать руку
32,4124.872,3881.667,4083.333,4115.385,4096.795,4170.513,4178.205,4219.744,4227.436,4138.59,4198.59,4156.026,4163.077,4211.538,сжать руку
32,4136.667,3893.718,4089.615,4126.41,4096.026,4174.231,4176.154,4228.718,4237.692,4164.359,4206.154,4162.179,4165.513,4219.487,сжать руку
32,4142.949,3904.359,4095.256,4124.744,4093.205,4180.0,4184.487,4209.487,4224.744,4177.308,4202.308,4159.487,4170.769,4215.385,сжать руку
32,4133.205,3896.41,4091.538,4115.128,4084.487,4181.538,4197.179,4210.0,4216.795,4158.846,4190.897,4155.0,4178.077,4212.564,сжать руку
32,4139.359,3905.385,4097.051,4124.487,4087.051,4176.41,4192.051,4230.0,4235.513,4164.872,4192.821,4155.128,4198.077,4217.179,сжать руку
32,4162.821,3943.205,4108.974,4140.128,4100.0,4169.872,4173.846,4218.205,4237.564,4178.462,4197.821,4157.692,4216.154,4224.231,сжать руку
32,4173.205,3963.077,4113.205,4140.0,4101.795,4176.282,4182.436,4209.487,4226.667,4162.308,4198.846,4160.385,4222.821,4228.846,сжать руку
32,4170.641,3960.385,4116.154,4130.897,4094.359,4188.846,4203.333,4232.179,4234.103,4156.154,4206.795,4165.897,4232.308,4230.385,сжать руку
32,4173.59,3987.051,4120.128,4131.026,4095.128,4184.359,4194.615,4238.974,4238.205,4170.769,4210.513,4175.385,4246.026,4235.256,сжать руку
32,4176.538,4031.923,4122.564,4140.128,4095.256,4173.333,4183.974,4227.821,4232.436,4184.615,4207.564,4176.795,4257.308,4233.846,сжать руку
32,4167.821,4046.154,4123.462,4145.0,4090.0,4173.59,4191.667,4219.231,4226.41,4184.615,4206.667,4172.436,4268.077,4227.949,сжать руку
32,4154.487,4050.0,4122.436,4141.667,4094.359,4179.487,4191.795,4201.795,4217.436,4178.333,4207.179,4168.846,4272.821,4225.513,сжать руку
32,4143.718,4065.128,4115.897,4136.026,4096.923,4181.282,4192.692,4205.385,4223.846,4171.667,4205.513,4163.462,4272.179,4222.564,сжать руку
32,4138.59,4087.564,4111.923,4135.769,4094.615,4179.231,4199.231,4230.897,4238.974,4179.744,4207.949,4162.692,4284.872,4221.795,сжать руку
32,4137.051,4115.385,4113.974,4136.667,4104.231,4183.718,4199.872,4218.462,4231.026,4186.41,4211.282,4156.41,4293.718,4216.282,сжать руку
32,4136.795,4140.385,4116.282,4137.051,4111.667,4188.077,4198.59,4208.462,4229.744,4172.179,4208.846,4148.718,4286.538,4212.051,сжать руку
32,4137.308,4165.0,4119.103,4140.513,4109.487,4185.385,4197.436,4238.077,4248.205,4180.769,4212.051,4155.897,4288.974,4216.154,сжать руку
32,4132.051,4189.615,4115.128,4139.359,4107.821,4181.026,4196.795,4237.949,4242.308,4197.308,4217.949,4163.462,4299.359,4214.615,сжать руку
32,4125.256,4219.872,4110.769,4135.513,4111.41,4180.897,4197.179,4210.385,4229.487,4182.692,4222.179,4165.385,4302.821,4214.487,сжать руку
32,4118.462,4251.795,4111.026,4131.026,4117.692,4188.333,4207.692,4206.026,4232.051,4167.436,4218.462,4162.179,4297.949,4216.026,сжать руку
32,4107.949,4271.282,4104.744,4126.154,4113.333,4192.051,4212.692,4216.538,4229.872,4166.923,4207.308,4156.41,4289.103,4210.256,сжать руку
32,4099.744,4291.282,4098.59,4125.385,4102.821,4183.59,4202.821,4223.846,4228.333,4166.41,4206.282,4155.128,4287.051,4208.333,сжать руку
32,4098.205,4317.436,4104.103,4120.641,4107.051,4176.795,4197.821,4228.846,4233.974,4168.205,4213.333,4158.846,4298.333,4212.949,сжать руку
32,4098.462,4335.256,4110.0,4116.154,4118.718,4186.41,4206.538,4228.59,4237.949,4176.026,4215.641,4165.641,4309.615,4216.154,сжать руку
32,4095.769,4351.282,4108.462,4121.795,4120.128,4194.615,4210.256,4231.026,4244.103,4182.436,4213.974,4165.385,4309.615,4212.436,сжать руку
32,4093.205,4375.769,4106.795,4126.538,4122.308,4186.795,4201.154,4223.718,4241.026,4181.41,4213.462,4158.077,4305.897,4211.41,сжать руку
32,4095.385,4390.385,4107.436,4125.128,4128.333,4187.821,4208.205,4214.359,4229.615,4174.359,4211.282,4159.359,4308.974,4220.0,сжать руку
32,4096.538,4389.487,4107.436,4122.821,4123.974,4196.154,4219.231,4225.0,4237.051,4178.59,4211.538,4158.974,4315.0,4216.795,сжать руку
32,4095.897,4396.795,4106.154,4122.436,4119.487,4193.333,4203.333,4219.872,4240.385,4187.051,4217.949,4155.769,4318.205,4209.615,сжать руку
32,4098.846,4410.0,4112.308,4125.641,4125.0,4187.179,4195.641,4205.897,4226.795,4181.41,4215.513,4159.359,4317.949,4213.846,сжать руку
32,4100.513,4412.308,4122.692,4127.821,4126.282,4178.974,4202.051,4225.256,4234.103,4183.59,4209.872,4160.385,4317.051,4215.513,сжать руку
32,4103.205,4414.615,4128.59,4130.513,4122.821,4175.769,4197.308,4240.897,4248.974,4203.59,4218.974,4163.333,4322.949,4215.897,сжать руку
32,4112.821,4423.333,4134.487,4135.256,4130.128,4190.128,4201.667,4220.385,4237.436,4206.154,4228.077,4167.564,4326.154,4217.821,сжать руку
32,4113.59,4418.59,4136.538,4135.513,4131.923,4198.333,4222.692,4221.026,4231.667,4190.641,4219.615,4167.949,4321.154,4214.359,сжать руку
32,4102.821,4408.205,4132.821,4134.103,4126.026,4188.462,4225.385,4251.026,4248.077,4198.205,4217.692,4168.205,4325.513,4215.385,сжать руку
32,4099.872,4415.513,4129.359,4136.154,4134.359,4189.231,4213.974,4239.615,4244.615,4214.359,4227.436,4165.641,4332.949,4218.462,сжать руку
32,4101.795,4421.026,4126.026,4135.385,4143.462,4202.436,4222.308,4216.923,4229.872,4201.026,4222.692,4159.744,4322.436,4211.026,сжать руку
32,4095.641,4405.769,4123.718,4128.205,4137.564,4200.385,4234.487,4237.436,4240.897,4185.513,4212.308,4156.154,4307.564,4203.59,сжать руку
32,4091.41,4396.667,4125.897,4125.769,4135.641,4189.744,4226.282,4242.436,4243.974,4194.231,4213.077,4158.077,4307.949,4207.692,сжать руку
32,4099.103,4407.179,4129.872,4133.205,4147.564,4188.718,4213.077,4213.462,4224.487,4196.026,4211.795,4152.821,4309.615,4211.41,сжать руку
32,4104.231,4408.59,4130.128,4134.359,4146.41,4191.41,4221.026,4226.538,4229.487,4178.077,4208.718,4145.513,4301.795,4208.462,сжать руку
32,4100.385,4396.282,4131.667,4129.744,4133.59,4193.974,4235.128,4254.231,4245.641,4172.179,4210.385,4151.538,4298.974,4211.41,сжать руку
32,4099.615,4399.872,4137.692,4137.179,4140.0,4197.949,4220.385,4230.256,4236.41,4193.077,4213.205,4153.333,4307.821,4212.692,сжать руку
32,4096.667,4404.615,4135.256,4143.718,4146.538,4199.359,4209.744,4209.359,4228.718,4204.359,4213.59,4145.385,4307.692,4206.795,сжать руку
32,4086.667,4391.41,4125.385,4136.026,4138.846,4203.333,4226.282,4227.436,4235.513,4189.487,4211.538,4145.641,4295.256,4207.308,сжать руку
32,4082.308,4384.359,4124.231,4132.821,4144.615,4206.41,4225.128,4231.154,4233.718,4181.41,4208.077,4149.231,4292.436,4208.974,сжать руку
32,4085.897,4387.821,4128.333,4138.59,4154.615,4199.744,4205.256,4222.692,4235.0,4194.231,4208.846,4152.051,4300.385,4212.051,сжать руку
32,4083.462,4384.103,4125.641,4138.205,4147.179,4192.179,4213.077,4239.103,4245.128,4198.59,4213.077,4151.538,4299.872,4212.051,сжать руку
32,4077.051,4377.949,4122.564,4135.385,4143.462,4190.0,4220.641,4242.692,4238.846,4191.41,4210.256,4147.436,4296.154,4207.179,сжать руку
32,4080.641,4380.385,4124.615,4142.564,4152.051,4195.897,4209.744,4227.179,4229.872,4193.974,4206.923,4153.205,4296.795,4211.795,сжать руку
32,4081.923,4374.359,4122.564,4144.872,4153.59,4203.846,4225.128,4227.179,4228.718,4182.949,4208.205,4151.667,4290.897,4211.795,сжать руку
32,4074.359,4360.897,4118.462,4139.231,4148.205,4196.538,4231.154,4225.897,4221.026,4157.564,4208.59,4142.949,4284.103,4205.769,сжать руку
32,4076.667,4366.026,4126.41,4145.128,4153.333,4189.872,4208.718,4219.744,4220.256,4172.692,4213.205,4149.872,4291.667,4206.795,сжать руку
32,4085.128,4377.179,4134.487,4152.692,4159.615,4198.205,4211.026,4227.564,4233.718,4203.462,4219.231,4155.385,4297.179,4208.718,сжать руку
32,4084.487,4375.0,4131.795,4153.205,4157.564,4200.385,4226.795,4239.231,4239.872,4193.205,4213.333,4153.462,4290.897,4212.051,сжать руку
32,4083.974,4370.769,4133.718,4155.256,4160.641,4194.872,4220.769,4244.744,4239.103,4184.231,4204.744,4155.256,4290.128,4213.077,сжать руку
32,4089.231,4375.641,4140.128,4156.41,4171.026,4200.513,4217.436,4239.359,4235.128,4191.026,4209.872,4160.256,4293.462,4210.385,сжать руку
32,4092.821,4384.615,4144.103,4157.692,4172.436,4212.692,4230.897,4226.282,4226.41,4178.718,4215.769,4163.205,4291.41,4212.692,сжать руку
32,4094.744,4387.692,4149.487,4164.103,4160.0,4208.333,4231.795,4231.923,4231.41,4177.692,4213.974,4161.667,4291.41,4215.256,сжать руку
32,4092.564,4373.974,4150.128,4162.436,4158.205,4198.846,4226.667,4245.0,4236.41,4190.769,4212.179,4159.615,4290.513,4214.615,сжать руку
32,4083.974,4356.923,4143.718,4151.538,4171.41,4203.59,4226.667,4226.795,4218.718,4183.846,4203.974,4153.462,4277.821,4208.462,сжать руку
32,4081.026,4359.615,4139.487,4151.667,4169.872,4201.41,4214.487,4205.128,4206.795,4173.846,4196.538,4150.385,4269.359,4206.923,сжать руку
32,4085.897,4367.692,4145.256,4162.051,4164.231,4193.462,4207.821,4222.051,4223.974,4185.0,4202.949,4157.308,4283.462,4216.795,сжать руку
32,4083.974,4361.667,4150.897,4159.744,4169.359,4197.308,4222.179,4250.0,4241.41,4197.949,4209.487,4156.282,4293.205,4215.385,сжать руку
32,4078.462,4354.103,4147.179,4152.949,4167.051,4198.462,4228.974,4254.487,4242.051,4204.872,4210.769,4158.846,4288.205,4210.769,сжать руку
32,4083.205,4357.949,4150.0,4159.359,4164.872,4195.256,4223.333,4244.744,4236.282,4210.128,4214.487,4165.256,4289.231,4215.128,сжать руку
32,4084.231,4356.667,4153.718,4163.59,4170.769,4198.846,4226.923,4231.795,4224.872,4186.795,4210.513,4158.846,4284.103,4211.026,сжать руку
32,4075.0,4347.308,4146.667,4159.744,4169.487,4202.179,4233.077,4221.282,4217.436,4170.0,4203.333,4156.282,4270.513,4210.769,сжать руку
32,4073.333,4348.718,4144.615,4159.359,4165.641,4197.821,4221.282,4215.385,4217.308,4189.615,4207.308,4156.923,4274.487,4217.692,сжать руку
32,4076.923,4347.821,4147.949,4161.154,4166.923,4194.872,4207.436,4221.026,4218.205,4187.564,4209.744,4155.128,4282.051,4215.256,сжать руку
32,4077.692,4341.667,4146.538,4165.256,4168.462,4196.795,4209.103,4232.949,4219.744,4168.205,4206.154,4153.718,4276.538,4210.0,сжать руку
32,4079.872,4347.051,4144.744,4170.513,4171.795,4196.282,4209.487,4231.282,4219.615,4180.256,4208.077,4154.872,4276.282,4212.179,сжать руку
32,4081.538,4353.59,4146.795,4172.051,4176.026,4198.462,4212.821,4228.333,4218.718,4192.051,4209.744,4159.872,4281.41,4217.436,сжать руку
32,4085.641,4347.436,4152.051,4171.795,4173.718,4199.487,4221.795,4231.923,4218.718,4180.769,4208.462,4157.179,4280.385,4213.846,сжать руку
32,4094.103,4341.282,4156.538,4172.949,4168.462,4189.359,4211.282,4229.744,4217.949,4185.641,4213.077,4158.205,4282.308,4214.872,сжать руку
32,4094.615,4347.051,4154.872,4174.359,4172.821,4186.154,4200.897,4223.462,4215.769,4200.256,4217.179,4162.179,4287.179,4219.359,сжать руку
32,4082.051,4342.436,4144.744,4170.641,4174.872,4193.333,4209.487,4217.949,4214.103,4191.538,4212.179,4155.641,4283.846,4211.41,сжать руку
32,4075.513,4331.538,4140.641,4170.641,4167.564,4195.897,4214.872,4224.615,4216.282,4180.0,4207.821,4155.897,4277.308,4211.154,сжать руку
32,4080.256,4338.846,4146.923,4175.513,4170.513,4193.333,4211.026,4239.231,4220.897,4187.308,4208.077,4159.231,4272.179,4213.462,сжать руку
32,4077.692,4338.333,4143.333,4171.026,4175.897,4190.256,4205.897,4230.0,4213.974,4184.872,4204.487,4154.744,4270.128,4210.128,сжать руку
32,4072.436,4324.487,4140.385,4168.846,4175.385,4190.0,4202.564,4222.051,4213.462,4175.769,4203.333,4155.897,4273.974,4210.897,сжать руку
32,4076.795,4327.692,4147.821,4174.615,4179.359,4193.718,4206.923,4231.41,4222.436,4187.179,4206.667,4159.103,4275.0,4208.718,сжать руку
32,4083.462,4338.59,4149.359,4174.615,4183.462,4200.256,4208.974,4218.974,4212.308,4191.538,4207.949,4158.077,4272.692,4210.769,сжать руку
32,4083.718,4338.718,4152.179,4170.385,4184.615,4202.051,4201.923,4205.897,4198.974,4182.821,4208.462,4155.769,4276.667,4216.282,сжать руку
32,4082.564,4333.333,4158.462,4170.513,4184.359,4196.795,4202.564,4226.154,4207.949,4183.59,4205.256,4157.692,4278.718,4213.846,сжать руку
32,4081.795,4329.744,4155.769,4173.974,4183.59,4197.051,4218.462,4237.821,4217.692,4187.179,4196.41,4161.538,4269.744,4209.359,сжать руку
32,4074.744,4321.667,4152.564,4172.051,4184.487,4201.41,4222.179,4219.872,4210.0,4182.949,4191.41,4153.718,4263.333,4206.923,сжать руку
32,4071.41,4316.41,4158.462,4169.487,4185.641,4205.128,4216.282,4226.282,4213.205,4177.692,4196.154,4152.564,4262.821,4210.385,сжать руку
32,4081.795,4321.538,4167.308,4176.923,4188.077,4210.0,4224.487,4242.949,4218.846,4178.333,4197.308,4159.487,4261.41,4212.051,сжать руку
32,4090.0,4319.615,4174.103,4183.846,4188.718,4202.949,4225.641,4229.872,4210.641,4184.615,4194.231,4158.205,4262.692,4211.538,сжать руку
32,4092.564,4318.077,4185.0,4186.282,4190.128,4192.436,4215.256,4222.949,4209.231,4195.128,4203.462,4161.538,4273.077,4221.282,сжать руку
32,4101.154,4325.641,4194.872,4186.154,4195.0,4198.59,4219.231,4228.205,4210.0,4185.769,4213.846,4164.872,4283.077,4224.103,сжать руку
32,4106.026,4326.667,4196.538,4183.205,4190.897,4198.59,4221.282,4230.769,4210.897,4167.436,4213.205,4165.0,4280.256,4217.179,сжать руку
32,4103.718,4324.615,4197.051,4186.538,4184.615,4187.308,4208.846,4230.769,4211.923,4184.103,4210.769,4163.333,4274.487,4214.744,сжать руку
33,4102.436,4329.487,4191.923,4184.359,4188.59,4199.359,4204.744,4221.538,4205.385,4182.821,4207.821,4160.0,4276.026,4220.897,разжать руку
33,4112.821,4341.41,4199.487,4187.564,4188.077,4197.564,4205.256,4224.744,4208.718,4174.615,4213.462,4163.462,4284.615,4224.359,разжать руку
33,4125.641,4349.615,4207.949,4193.077,4186.667,4191.41,4210.513,4230.256,4208.846,4185.385,4216.154,4163.462,4291.154,4225.897,разжать руку
33,4131.538,4347.308,4210.769,4193.974,4185.769,4197.179,4222.308,4219.744,4201.282,4188.59,4212.821,4162.308,4294.615,4230.0,разжать руку
33,4131.026,4349.487,4211.282,4194.487,4184.487,4195.641,4212.564,4204.615,4193.718,4179.615,4209.615,4157.564,4289.872,4226.923,разжать руку
33,4133.205,4357.179,4213.333,4197.949,4185.641,4182.564,4198.974,4225.385,4203.205,4177.564,4209.487,4160.897,4287.821,4228.205,разжать руку
33,4138.718,4359.359,4221.282,4200.641,4192.179,4187.821,4210.385,4244.744,4214.872,4184.359,4214.615,4163.077,4294.359,4231.41,разжать руку
33,4144.103,4358.077,4228.974,4200.897,4193.974,4197.179,4209.359,4221.795,4202.821,4189.744,4218.974,4161.154,4295.641,4230.385,разжать руку
33,4142.051,4356.282,4227.179,4195.769,4194.615,4186.923,4188.974,4207.821,4191.923,4186.282,4218.333,4165.128,4286.282,4230.0,разжать руку
33,4125.128,4347.821,4217.692,4186.41,4198.974,4180.897,4188.205,4221.282,4198.974,4175.769,4210.128,4165.769,4276.538,4222.308,разжать руку
33,4103.846,4327.949,4200.385,4180.256,4188.846,4183.462,4192.821,4214.615,4194.359,4163.077,4195.769,4155.256,4265.897,4210.385,разжать руку
33,4093.462,4313.462,4186.538,4176.41,4174.231,4175.128,4180.897,4198.59,4186.667,4156.154,4184.487,4146.154,4255.641,4203.974,разжать руку
33,4086.795,4306.41,4182.692,4171.41,4172.821,4172.821,4182.179,4201.667,4191.923,4163.846,4183.59,4147.051,4252.179,4202.436,разжать руку
33,4046.026,4263.718,4143.974,4139.744,4142.564,4154.872,4165.897,4182.949,4173.718,4139.487,4160.385,4126.026,4224.615,4181.667,разжать руку
33,3981.282,4191.667,4070.256,4088.462,4076.41,4096.667,4103.59,4145.0,4138.205,4070.513,4115.128,4090.513,4171.41,4152.564,разжать руку
33,3961.667,4165.256,4045.0,4082.308,4051.667,4076.026,4075.128,4137.821,4131.154,4032.564,4106.538,4093.333,4152.564,4159.872,разжать руку
33,3988.59,4196.667,4079.487,4117.564,4085.769,4115.0,4101.026,4156.154,4148.59,4060.769,4133.462,4116.538,4183.462,4180.128,разжать руку
33,4003.846,4215.128,4097.564,4130.0,4108.974,4129.615,4112.821,4173.718,4164.103,4094.231,4151.154,4119.103,4203.846,4179.103,разжать руку
33,4003.974,4210.256,4093.077,4126.41,4109.487,4123.077,4116.667,4183.333,4167.308,4092.949,4154.359,4118.333,4199.615,4179.744,разжать руку
33,4016.538,4221.41,4108.205,4138.846,4116.795,4137.692,4139.103,4191.026,4168.718,4100.128,4160.641,4122.949,4205.897,4187.564,разжать руку
33,4031.667,4237.692,4128.077,4152.564,4127.949,4146.538,4149.487,4194.231,4174.231,4119.744,4169.359,4126.026,4216.538,4192.308,разжать руку
33,4037.179,4240.256,4135.513,4156.282,4139.103,4143.846,4148.077,4195.0,4182.308,4128.333,4174.103,4128.974,4220.513,4194.872,разжать руку
33,4037.949,4236.41,4137.436,4152.564,4144.744,4145.128,4147.436,4194.872,4185.256,4128.974,4176.026,4127.308,4220.128,4191.795,разжать руку
33,4041.026,4238.846,4141.026,4149.744,4144.487,4150.897,4149.231,4183.205,4176.154,4127.179,4178.077,4126.667,4217.436,4191.282,разжать руку
33,4052.436,4245.385,4154.744,4154.615,4149.744,4156.026,4155.0,4177.821,4168.077,4131.282,4180.256,4124.744,4216.667,4194.872,разжать руку
33,4062.949,4245.897,4166.41,4159.615,4153.205,4151.923,4142.564,4195.641,4176.282,4134.872,4182.949,4125.0,4221.923,4197.564,разжать руку
33,4067.308,4248.846,4169.103,4164.103,4158.846,4155.769,4136.41,4208.846,4189.103,4142.564,4190.769,4132.564,4230.128,4198.974,разжать руку
33,4068.205,4249.615,4168.59,4165.385,4168.205,4168.718,4157.692,4197.179,4185.256,4149.103,4193.333,4133.333,4229.231,4196.667,разжать руку
33,4066.282,4245.897,4167.692,4163.077,4168.205,4165.769,4166.282,4194.231,4179.744,4145.513,4183.333,4130.641,4225.385,4198.59,разжать руку
33,4068.846,4249.359,4171.282,4166.795,4168.462,4160.128,4155.769,4207.564,4187.821,4146.154,4183.59,4128.846,4228.59,4201.026,разжать руку
33,4077.564,4258.462,4180.769,4175.0,4175.641,4170.513,4162.179,4202.821,4190.513,4156.41,4196.667,4133.718,4238.077,4202.564,разжать руку
33,4085.897,4262.564,4189.615,4179.359,4178.974,4177.179,4181.795,4198.718,4185.641,4163.333,4198.462,4138.462,4241.154,4201.282,разжать руку
33,4079.872,4253.462,4184.231,4171.282,4172.949,4167.436,4184.103,4208.846,4186.538,4153.077,4186.026,4130.128,4230.0,4194.231,разжать руку
33,4073.077,4248.718,4177.308,4167.051,4172.051,4159.744,4169.872,4211.667,4196.282,4150.256,4185.897,4129.615,4223.974,4199.744,разжать руку
33,4081.282,4252.564,4186.667,4174.872,4182.436,4167.821,4164.744,4201.282,4193.462,4165.897,4195.513,4136.538,4233.846,4204.744,разжать руку
33,4084.872,4246.667,4191.282,4174.359,4182.436,4172.821,4172.436,4188.205,4176.923,4165.128,4189.103,4133.462,4236.282,4196.282,разжать руку
33,4080.641,4240.0,4187.051,4168.333,4177.949,4167.308,4173.077,4188.333,4174.103,4148.462,4180.641,4129.744,4227.179,4196.795,разжать руку
33,4080.641,4240.641,4186.282,4169.359,4174.615,4166.538,4168.846,4192.692,4181.026,4141.923,4183.718,4128.462,4225.256,4200.256,разжать руку
33,4083.846,4244.487,4188.333,4175.385,4169.872,4170.897,4173.333,4190.128,4181.538,4148.077,4188.462,4130.769,4230.256,4201.026,разжать руку
33,4086.154,4246.667,4191.41,4175.385,4175.0,4173.333,4186.026,4203.718,4186.538,4157.051,4190.513,4137.821,4233.974,4202.564,разжать руку
33,4087.179,4243.077,4191.795,4169.487,4181.282,4171.282,4191.795,4220.128,4193.718,4161.154,4191.154,4140.769,4235.513,4199.487,разжать руку
33,4091.026,4243.333,4194.359,4174.103,4183.333,4172.051,4187.436,4205.769,4188.59,4162.179,4191.026,4137.308,4234.615,4201.282,разжать руку
33,4102.436,4254.744,4201.538,4181.282,4190.897,4175.513,4186.154,4186.41,4183.077,4165.769,4189.103,4130.256,4234.872,4205.0,разжать руку
33,4108.333,4258.974,4201.667,4176.026,4194.615,4174.872,4187.179,4202.692,4190.897,4170.513,4190.769,4132.179,4240.641,4203.846,разжать руку
33,4101.538,4254.231,4197.564,4175.897,4191.282,4173.205,4183.59,4221.538,4197.949,4175.513,4191.282,4137.692,4243.59,4198.846,разжать руку
33,4097.051,4251.667,4195.256,4182.949,4192.051,4174.231,4180.641,4203.077,4186.282,4173.077,4180.513,4134.615,4234.103,4193.205,разжать руку
33,4102.436,4250.513,4194.359,4182.949,4195.641,4180.128,4187.308,4191.026,4174.359,4167.692,4175.256,4135.513,4226.282,4198.077,разжать руку
33,4108.59,4253.974,4195.0,4179.744,4196.538,4181.154,4189.103,4201.538,4178.077,4166.538,4187.051,4136.923,4231.667,4203.718,разжать руку
33,4103.974,4251.923,4194.744,4178.205,4193.718,4172.821,4179.487,4205.385,4184.872,4169.487,4193.205,4134.615,4235.385,4202.821,разжать руку
33,4098.462,4244.872,4197.308,4177.821,4193.333,4172.051,4182.179,4200.641,4183.59,4177.308,4181.667,4135.256,4230.0,4199.615,разжать руку
33,4103.077,4246.795,4204.744,4179.744,4195.641,4178.333,4187.949,4191.923,4177.949,4153.077,4177.051,4135.513,4225.769,4197.051,разжать руку
33,4111.667,4252.308,4211.154,4184.744,4196.154,4178.077,4183.59,4203.462,4188.718,4131.282,4189.872,4140.641,4231.795,4203.333,разжать руку
33,4110.897,4247.436,4211.538,4183.333,4197.692,4179.231,4193.846,4223.205,4200.641,4168.077,4195.769,4141.154,4236.923,4206.154,разжать руку
33,4105.769,4242.051,4205.897,4176.538,4198.333,4186.923,4209.359,4214.872,4193.205,4195.513,4188.846,4138.59,4235.256,4203.462,разжать руку
33,4110.897,4246.667,4204.744,4175.128,4197.436,4188.205,4200.897,4198.462,4187.692,4180.513,4190.897,4139.744,4238.205,4206.538,разжать руку
33,4117.821,4247.821,4210.769,4175.513,4198.974,4180.385,4182.436,4204.103,4195.0,4187.821,4202.308,4140.256,4243.462,4208.718,разжать руку
33,4119.103,4245.769,4216.41,4176.41,4204.487,4178.333,4183.333,4208.205,4193.333,4204.231,4203.333,4143.974,4244.231,4207.949,разжать руку
33,4122.051,4248.205,4222.308,4181.026,4206.795,4186.026,4202.308,4204.615,4187.436,4185.256,4193.974,4143.718,4239.231,4207.051,разжать руку
33,4129.231,4253.462,4230.897,4187.436,4202.051,4189.872,4208.462,4216.41,4194.615,4178.205,4196.795,4143.974,4239.487,4210.769,разжать руку
33,4128.718,4253.333,4231.41,4187.821,4199.231,4183.205,4195.385,4222.949,4196.154,4195.641,4205.769,4146.538,4244.487,4213.077,разжать руку
33,4120.385,4245.897,4222.436,4182.949,4201.282,4176.154,4184.744,4210.0,4185.128,4191.282,4202.051,4142.308,4241.923,4206.026,разжать руку
33,4118.59,4241.795,4216.795,4181.41,4203.462,4181.667,4189.872,4195.641,4177.821,4166.795,4191.154,4142.051,4234.359,4204.103,разжать руку
33,4124.615,4247.564,4219.231,4185.897,4203.718,4189.231,4198.59,4201.026,4180.769,4161.667,4192.692,4146.026,4233.077,4208.974,разжать руку
33,4126.41,4247.821,4219.103,4187.179,4202.564,4183.205,4197.308,4220.256,4188.077,4175.897,4198.974,4143.077,4233.462,4208.59,разжать руку
33,4122.821,4240.897,4215.769,4185.897,4207.179,4180.897,4190.897,4221.538,4192.051,4180.513,4194.231,4141.026,4231.154,4205.385,разжать руку
33,4123.462,4242.436,4217.692,4186.667,4214.487,4191.026,4189.615,4206.026,4189.487,4185.897,4189.103,4142.051,4231.41,4201.282,разжать руку
33,4125.385,4243.333,4218.077,4188.846,4207.949,4190.385,4192.821,4202.436,4186.667,4189.359,4188.974,4140.897,4229.103,4200.769,разжать руку
33,4128.59,4242.564,4219.231,4194.103,4204.103,4180.897,4187.692,4210.641,4190.769,4186.923,4192.949,4138.846,4229.872,4206.923,разжать руку
33,4133.846,4247.821,4223.59,4194.359,4215.513,4181.923,4184.103,4207.179,4189.615,4189.744,4194.872,4138.205,4234.872,4210.0,разжать руку
33,4138.59,4251.667,4227.821,4193.333,4222.051,4189.872,4195.641,4206.923,4188.205,4187.692,4194.487,4141.923,4234.103,4211.026,разжать руку
33,4139.359,4247.821,4231.667,4195.769,4215.769,4191.026,4204.103,4221.923,4197.821,4184.872,4196.41,4141.026,4233.846,4208.462,разжать руку
33,4133.333,4241.026,4228.205,4195.769,4210.0,4185.128,4203.333,4224.231,4198.846,4181.282,4193.077,4137.436,4231.026,4204.487,разжать руку
33,4130.897,4242.051,4223.333,4194.872,4211.026,4188.462,4209.615,4208.205,4185.256,4171.795,4186.41,4138.333,4224.231,4204.231,разжать руку
33,4138.205,4246.923,4223.846,4195.0,4209.487,4194.231,4208.077,4196.41,4181.795,4172.692,4187.308,4138.846,4225.641,4204.231,разжать руку
33,4140.385,4242.564,4225.641,4195.128,4207.179,4187.564,4196.41,4207.436,4189.872,4183.718,4191.026,4143.59,4231.282,4206.923,разжать руку
33,4132.436,4230.769,4223.846,4192.308,4212.949,4184.359,4203.59,4221.282,4191.154,4184.487,4182.564,4144.103,4223.59,4204.231,разжать руку
33,4132.949,4231.282,4224.103,4196.026,4218.077,4192.436,4208.718,4217.051,4188.974,4184.487,4182.051,4141.154,4219.103,4203.974,разжать руку
33,4142.051,4243.846,4229.359,4204.231,4217.308,4196.795,4195.256,4209.231,4188.846,4194.872,4190.513,4143.077,4230.128,4210.513,разжать руку
33,4141.154,4244.103,4231.923,4201.667,4217.436,4190.256,4190.128,4203.077,4186.282,4192.308,4187.308,4142.949,4231.923,4209.231,разжать руку
33,4137.436,4234.615,4226.538,4195.641,4219.615,4188.59,4196.154,4201.026,4183.333,4181.923,4181.795,4143.462,4224.231,4208.205,разжать руку
33,4136.923,4233.974,4218.077,4195.769,4221.795,4192.436,4196.923,4210.897,4185.385,4179.872,4181.41,4144.103,4222.949,4207.564,разжать руку
33,4134.872,4232.179,4213.462,4195.897,4221.667,4187.436,4195.128,4214.359,4187.308,4178.846,4178.077,4143.718,4221.538,4204.103,разжать руку
33,4138.205,4232.051,4216.282,4199.103,4219.231,4184.231,4198.974,4205.256,4187.179,4192.692,4177.436,4147.949,4225.128,4207.821,разжать руку
33,4143.974,4234.744,4219.231,4200.513,4217.308,4191.282,4206.282,4210.897,4187.436,4198.59,4184.872,4150.897,4231.538,4212.179,разжать руку
33,4145.641,4229.103,4217.051,4196.538,4214.487,4199.359,4210.897,4231.667,4192.949,4185.0,4185.641,4155.769,4226.923,4214.487,разжать руку
33,4146.154,4229.615,4216.795,4200.641,4218.462,4198.974,4204.744,4228.846,4198.462,4189.103,4179.872,4157.308,4222.436,4211.026,разжать руку
33,4143.846,4237.051,4214.359,4202.051,4223.59,4195.128,4200.513,4206.41,4193.974,4201.923,4181.41,4147.821,4225.385,4201.154,разжать руку
33,4147.949,4241.923,4215.641,4201.282,4226.154,4200.641,4213.718,4204.359,4188.077,4201.026,4186.923,4148.077,4229.103,4205.385,разжать руку
33,4160.256,4248.077,4230.128,4210.0,4230.385,4205.385,4221.667,4231.41,4198.846,4210.128,4191.154,4158.205,4234.872,4214.359,разжать руку
33,4160.897,4248.59,4233.846,4212.949,4229.359,4196.282,4208.333,4242.564,4206.923,4222.821,4191.154,4159.231,4237.821,4211.154,разжать руку
33,4154.744,4243.205,4226.282,4208.846,4229.487,4190.256,4200.897,4215.0,4190.769,4210.513,4191.282,4151.923,4231.795,4207.564,разжать руку
33,4157.949,4243.59,4226.282,4209.487,4232.692,4195.897,4207.308,4199.872,4181.538,4195.641,4193.59,4148.205,4231.154,4210.385,разжать руку
33,4158.333,4246.923,4222.692,4207.436,4229.744,4198.205,4212.308,4213.205,4191.282,4196.026,4192.949,4151.41,4236.026,4212.692,разжать руку
33,4152.692,4245.897,4213.846,4199.744,4223.59,4193.974,4209.487,4211.026,4192.051,4195.897,4184.487,4147.179,4232.949,4207.179,разжать руку
33,4158.077,4249.231,4217.051,4202.179,4223.718,4195.128,4201.282,4200.256,4182.564,4187.564,4180.385,4146.795,4229.231,4208.974,разжать руку
33,4173.462,4258.59,4226.282,4210.128,4230.0,4204.103,4205.0,4206.41,4181.282,4181.923,4188.718,4153.718,4231.923,4218.462,разжать руку
33,4183.974,4261.154,4227.179,4210.769,4227.179,4203.205,4214.231,4214.487,4187.949,4186.538,4193.846,4156.026,4235.385,4219.872,разжать руку
33,4192.821,4263.205,4231.923,4212.308,4220.513,4190.641,4207.692,4213.333,4189.231,4185.769,4191.154,4161.282,4242.051,4220.897,разжать руку
33,4203.718,4271.923,4245.513,4216.923,4219.487,4188.077,4202.564,4215.0,4189.615,4188.59,4195.641,4162.436,4252.179,4222.436,разжать руку
33,4208.974,4278.205,4249.615,4216.282,4218.974,4196.923,4213.718,4212.436,4188.59,4198.077,4202.692,4160.385,4253.846,4223.59,разжать руку
34,4215.0,4296.41,4255.513,4227.821,4243.333,4186.667,4188.462,4192.821,4182.564,4213.205,4204.872,4161.026,4258.077,4221.667,сжать руку
34,4211.026,4286.026,4254.103,4224.872,4240.641,4190.256,4188.077,4203.59,4188.462,4208.974,4204.359,4161.538,4255.256,4220.641,сжать руку
34,4193.846,4267.821,4240.513,4214.615,4233.846,4201.026,4205.0,4218.846,4197.821,4201.026,4193.974,4156.026,4244.615,4213.846,сжать руку
34,4172.179,4259.103,4221.795,4205.128,4235.897,4197.949,4206.795,4198.974,4186.667,4199.744,4182.564,4144.487,4233.205,4203.077,сжать руку
34,4165.769,4253.59,4215.128,4204.359,4237.949,4191.667,4198.077,4188.846,4180.641,4201.41,4184.744,4147.051,4230.256,4205.385,сжать руку
34,4173.077,4250.897,4224.231,4208.077,4237.692,4196.026,4192.692,4210.769,4192.051,4201.667,4188.846,4155.256,4232.692,4210.385,сжать руку
34,4176.795,4254.231,4230.641,4207.949,4237.692,4194.744,4187.051,4207.949,4192.179,4204.359,4187.821,4156.026,4231.026,4213.077,сжать руку
34,4171.026,4252.564,4226.41,4205.256,4234.487,4190.513,4192.308,4197.692,4188.077,4208.462,4183.462,4151.667,4225.256,4212.308,сжать руку
34,4169.359,4244.359,4224.487,4202.051,4228.718,4195.128,4211.923,4221.923,4196.538,4208.205,4181.795,4151.667,4224.359,4210.385,сжать руку
34,4174.487,4243.846,4230.897,4203.462,4228.077,4198.718,4220.385,4234.231,4202.179,4207.308,4187.821,4158.59,4230.128,4213.718,сжать руку
34,4177.564,4246.538,4234.615,4208.205,4232.949,4193.974,4203.077,4209.487,4194.872,4210.641,4192.949,4158.333,4236.026,4210.769,сжать руку
34,4177.051,4242.436,4232.692,4204.872,4233.205,4190.385,4185.769,4197.949,4186.154,4211.923,4191.282,4154.359,4237.821,4208.846,сжать руку
34,4174.359,4241.795,4229.487,4198.462,4229.487,4193.718,4192.308,4201.795,4182.692,4203.462,4184.872,4153.077,4233.974,4210.385,сжать руку
34,4175.128,4248.205,4228.974,4202.692,4231.795,4189.744,4190.256,4197.308,4187.051,4198.718,4188.846,4154.359,4230.256,4208.462,сжать руку
34,4183.846,4253.59,4235.385,4212.821,4237.949,4180.0,4174.103,4208.846,4197.564,4215.897,4202.949,4160.256,4234.615,4214.615,сжать руку
34,4184.872,4251.923,4239.231,4212.051,4240.385,4181.154,4183.974,4220.513,4200.0,4229.615,4205.897,4155.513,4238.462,4215.513,сжать руку
34,4167.949,4238.718,4224.872,4201.026,4236.154,4195.256,4212.308,4203.59,4187.436,4208.333,4190.897,4145.385,4229.872,4203.462,сжать руку
34,4157.949,4229.744,4214.103,4199.359,4233.974,4208.333,4218.59,4194.231,4179.615,4186.795,4185.641,4146.41,4223.462,4200.256,сжать руку
34,4166.795,4234.359,4224.487,4208.718,4239.744,4205.0,4200.256,4210.513,4188.846,4202.821,4201.538,4150.641,4231.154,4207.949,сжать руку
34,4173.59,4237.051,4233.205,4216.538,4240.641,4197.308,4190.897,4222.949,4198.718,4222.051,4211.154,4155.256,4240.256,4215.641,сжать руку
34,4174.231,4236.026,4232.949,4214.872,4239.359,4197.179,4194.231,4205.769,4189.103,4213.846,4208.974,4151.667,4237.179,4211.282,сжать руку
34,4176.795,4240.769,4234.359,4210.897,4242.051,4191.923,4189.359,4187.308,4179.872,4201.795,4207.564,4145.128,4228.205,4203.59,сжать руку
34,4185.128,4248.205,4242.692,4215.897,4242.821,4185.513,4187.949,4215.0,4200.513,4216.923,4213.077,4154.615,4234.359,4213.846,сжать руку
34,4191.026,4247.564,4247.308,4218.333,4241.154,4191.026,4203.59,4247.436,4222.436,4237.692,4221.923,4162.821,4248.718,4221.026,сжать руку
34,4183.077,4237.179,4240.897,4211.795,4241.795,4200.0,4212.436,4227.692,4213.974,4238.974,4224.744,4157.308,4249.103,4210.897,сжать руку
34,4171.538,4227.179,4233.205,4204.615,4243.077,4203.205,4209.231,4196.026,4195.897,4230.128,4220.385,4148.846,4234.231,4199.744,сжать руку
34,4168.205,4223.077,4226.154,4203.077,4237.179,4201.923,4214.872,4197.179,4188.974,4214.359,4211.41,4147.179,4222.564,4199.872,сжать руку
34,4165.769,4223.59,4220.769,4205.769,4234.103,4202.949,4220.769,4204.231,4186.667,4200.513,4204.615,4148.333,4221.41,4204.872,сжать руку
34,4162.949,4225.385,4221.538,4207.436,4238.462,4201.923,4204.231,4207.564,4188.205,4201.923,4205.641,4145.256,4223.718,4205.256,сжать руку
34,4165.897,4222.051,4224.744,4205.513,4239.103,4195.641,4191.026,4211.41,4190.641,4205.385,4208.077,4145.897,4225.128,4208.205,сжать руку
34,4170.769,4218.718,4228.718,4205.0,4232.051,4196.41,4205.0,4207.051,4188.846,4203.718,4206.795,4147.436,4223.077,4211.538,сжать руку
34,4180.128,4225.0,4236.923,4210.513,4226.795,4198.718,4205.641,4210.385,4199.487,4214.615,4211.795,4150.128,4227.436,4214.487,сжать руку
34,4194.103,4236.667,4247.179,4220.641,4237.564,4192.692,4180.0,4219.359,4213.205,4233.846,4224.487,4158.59,4245.128,4223.077,сжать руку
34,4198.333,4242.051,4252.436,4226.41,4251.282,4190.256,4173.718,4223.462,4211.923,4246.154,4228.333,4158.59,4254.872,4222.692,сжать руку
34,4190.256,4238.462,4249.487,4220.769,4248.205,4193.974,4195.769,4226.41,4206.923,4246.154,4221.795,4152.564,4243.333,4213.333,сжать руку
34,4184.103,4229.487,4244.103,4214.615,4241.667,4197.436,4213.462,4224.744,4204.615,4236.282,4215.513,4153.333,4233.077,4207.949,сжать руку
34,4180.256,4215.641,4238.974,4211.923,4237.436,4198.462,4213.974,4213.846,4200.513,4220.641,4209.615,4153.333,4226.41,4206.667,сжать руку
34,4178.974,4208.462,4235.256,4212.179,4233.333,4201.41,4211.923,4205.897,4196.026,4209.872,4206.154,4152.308,4215.641,4209.359,сжать руку
34,4179.744,4215.128,4235.513,4214.359,4237.821,4206.026,4218.462,4209.103,4196.538,4210.256,4204.231,4150.769,4216.538,4210.0,сжать руку
34,4178.205,4220.513,4235.0,4213.974,4240.897,4206.923,4224.103,4213.59,4199.231,4209.231,4202.051,4151.154,4224.872,4210.128,сжать руку
34,4180.256,4221.538,4238.205,4215.769,4242.179,4202.179,4212.821,4211.795,4199.487,4210.256,4206.795,4154.615,4225.128,4214.615,сжать руку
34,4185.897,4219.744,4241.538,4216.538,4245.641,4197.949,4199.487,4201.538,4196.538,4216.026,4209.744,4153.333,4218.846,4212.949,сжать руку
34,4187.692,4218.846,4242.436,4217.179,4241.41,4200.385,4205.897,4209.615,4201.667,4220.897,4206.795,4154.744,4219.103,4213.077,сжать руку
34,4195.641,4226.026,4252.051,4221.41,4240.897,4202.821,4216.667,4234.103,4218.333,4237.051,4211.923,4158.205,4228.846,4218.974,сжать руку
34,4204.872,4231.667,4261.154,4224.103,4251.41,4203.333,4216.282,4233.205,4219.103,4250.513,4219.744,4157.051,4236.282,4222.051,сжать руку
34,4200.128,4230.641,4256.41,4222.436,4252.179,4207.692,4220.897,4217.179,4205.0,4240.513,4215.769,4150.128,4231.795,4217.051,сжать руку
34,4188.333,4225.0,4243.59,4214.744,4241.667,4210.513,4228.718,4209.744,4198.205,4227.436,4206.154,4140.256,4221.026,4205.513,сжать руку
34,4182.821,4214.359,4234.103,4206.538,4239.103,4207.564,4222.179,4209.872,4198.333,4227.949,4201.795,4144.231,4218.205,4206.41,сжать руку
34,4182.436,4214.359,4232.436,4209.359,4244.872,4207.564,4218.59,4213.59,4200.641,4231.41,4205.641,4153.077,4223.718,4214.487,сжать руку
34,4188.974,4223.59,4238.077,4216.923,4247.436,4207.949,4218.077,4213.205,4201.795,4229.103,4211.41,4153.077,4229.615,4216.923,сжать руку
34,4185.641,4213.974,4233.59,4206.41,4236.154,4201.667,4207.949,4206.41,4196.282,4216.282,4199.615,4145.385,4221.282,4210.0,сжать руку
34,4161.538,4191.026,4212.949,4187.308,4217.308,4189.103,4199.744,4205.256,4188.333,4199.487,4183.333,4138.718,4203.974,4196.41,сжать руку
34,4155.513,4191.795,4205.769,4190.897,4216.41,4181.026,4192.821,4208.333,4191.538,4200.769,4193.462,4146.923,4205.0,4200.128,сжать руку
34,4179.872,4210.641,4221.538,4207.308,4231.026,4191.026,4191.538,4207.308,4198.718,4219.103,4207.949,4154.872,4219.231,4209.744,сжать руку
34,4191.026,4218.333,4233.974,4213.462,4234.103,4199.744,4201.026,4213.333,4200.385,4227.949,4207.949,4153.333,4224.615,4209.103,сжать руку
34,4183.59,4215.513,4235.385,4212.949,4231.154,4197.308,4210.769,4227.821,4204.872,4224.103,4208.077,4153.59,4220.641,4210.513,сжать руку
34,4175.513,4206.026,4230.128,4206.667,4235.256,4196.538,4211.538,4218.974,4198.462,4213.59,4201.923,4147.436,4212.308,4206.154,сжать руку
34,4167.308,4196.538,4219.359,4198.205,4226.41,4193.462,4202.436,4193.333,4184.744,4199.744,4188.205,4140.641,4202.308,4198.077,сжать руку
34,4171.282,4202.051,4220.256,4202.692,4216.154,4191.026,4200.513,4199.103,4191.667,4201.923,4189.359,4143.077,4203.718,4200.641,сжать руку
34,4174.744,4198.846,4220.641,4202.949,4219.872,4195.256,4217.436,4209.487,4194.872,4198.333,4189.359,4141.538,4202.564,4201.795,сжать руку
34,4161.41,4178.333,4208.462,4190.769,4221.41,4195.769,4224.487,4192.949,4178.205,4177.949,4176.41,4140.0,4191.026,4199.615,сжать руку
34,4163.333,4182.821,4211.667,4192.692,4224.231,4188.333,4200.0,4192.949,4180.641,4185.256,4180.641,4144.103,4196.795,4203.333,сжать руку
34,4181.41,4209.359,4226.154,4205.513,4229.231,4186.538,4184.103,4215.513,4200.897,4209.744,4199.103,4146.667,4208.59,4207.179,сжать руку
34,4181.282,4216.282,4224.744,4206.282,4227.692,4193.59,4198.077,4207.179,4198.077,4204.487,4193.718,4140.256,4201.667,4200.128,сжать руку
34,4170.385,4203.077,4214.487,4198.205,4221.795,4192.564,4200.385,4180.256,4179.872,4183.846,4177.821,4132.821,4192.564,4191.667,сжать руку
34,4171.282,4197.564,4212.949,4197.436,4215.641,4183.077,4186.923,4193.846,4184.872,4185.0,4184.103,4140.128,4196.667,4198.974,сжать руку
34,4169.744,4197.949,4212.179,4197.692,4210.513,4176.026,4181.026,4209.103,4194.487,4200.513,4191.923,4141.538,4198.718,4200.897,сжать руку
34,4157.051,4187.821,4203.718,4190.0,4206.923,4171.538,4176.923,4187.308,4180.385,4191.154,4180.385,4133.59,4185.769,4190.256,сжать руку
34,4150.256,4180.641,4195.897,4184.487,4209.359,4173.205,4177.436,4176.538,4167.564,4167.179,4171.41,4134.615,4175.0,4188.205,сжать руку
34,4140.641,4169.615,4182.692,4173.59,4197.436,4168.718,4174.744,4184.487,4170.641,4158.333,4164.615,4127.308,4168.59,4186.538,сжать руку
34,4128.974,4152.692,4170.513,4161.795,4177.949,4158.333,4163.077,4186.026,4176.538,4161.282,4156.795,4122.051,4163.333,4185.385,сжать руку
34,4139.231,4162.692,4185.641,4172.436,4189.359,4168.205,4171.667,4191.795,4181.41,4169.872,4167.051,4133.077,4170.897,4191.41,сжать руку
34,4148.205,4174.103,4199.231,4181.538,4201.923,4174.359,4180.128,4190.641,4177.051,4168.846,4171.538,4133.59,4173.846,4187.308,сжать руку
34,4130.0,4155.128,4179.615,4170.641,4185.0,4161.923,4168.333,4176.026,4167.564,4149.744,4154.103,4120.385,4158.718,4176.923,сжать руку
34,4115.641,4143.974,4164.872,4166.923,4178.846,4161.795,4166.026,4171.667,4165.641,4137.692,4150.0,4120.897,4153.846,4176.026,сжать руку
34,4130.128,4166.923,4181.667,4184.103,4196.026,4173.974,4171.795,4185.769,4176.282,4156.795,4167.051,4142.564,4172.179,4187.051,сжать руку
34,4145.897,4183.077,4196.41,4191.795,4198.205,4172.308,4166.026,4187.564,4182.821,4179.103,4174.615,4146.154,4182.692,4192.308,сжать руку
34,4137.821,4167.692,4180.256,4173.974,4183.077,4159.231,4153.846,4169.103,4173.59,4164.744,4159.359,4126.154,4168.077,4184.487,сжать руку
34,4124.615,4153.333,4162.436,4166.154,4180.641,4156.923,4156.667,4167.179,4164.103,4143.077,4148.205,4122.564,4155.641,4181.538,сжать руку
34,4125.641,4154.615,4167.436,4173.974,4182.308,4160.641,4164.615,4176.282,4164.615,4145.641,4153.846,4128.077,4158.333,4181.154,сжать руку
34,4120.128,4143.462,4158.205,4163.462,4158.974,4137.692,4141.795,4158.462,4156.538,4134.359,4145.128,4116.41,4148.974,4172.564,сжать руку
34,4090.385,4110.0,4119.872,4136.923,4120.641,4100.0,4096.923,4125.385,4131.667,4088.846,4110.128,4095.385,4119.487,4155.897,сжать руку
34,4071.795,4090.897,4102.308,4129.615,4101.41,4089.359,4079.231,4126.282,4126.667,4065.513,4093.718,4093.974,4105.513,4151.538,сжать руку
34,4084.872,4102.692,4119.103,4145.513,4110.513,4103.462,4103.462,4148.718,4143.718,4082.436,4109.487,4109.872,4115.0,4168.59,сжать руку
34,4099.103,4111.282,4132.051,4153.846,4124.744,4114.231,4123.718,4149.744,4143.974,4097.308,4117.949,4113.077,4119.231,4175.256,сжать руку
34,4102.308,4112.692,4135.256,4154.744,4131.538,4119.487,4113.718,4155.641,4142.949,4107.692,4118.718,4113.846,4124.103,4172.179,сжать руку
34,4105.769,4125.128,4142.564,4162.051,4138.846,4127.308,4109.744,4172.949,4155.769,4122.949,4126.41,4119.103,4134.872,4174.744,сжать руку
34,4109.872,4131.795,4146.667,4167.051,4145.128,4137.051,4131.923,4166.026,4156.538,4123.974,4129.487,4114.359,4136.154,4174.231,сжать руку
34,4114.615,4128.974,4148.333,4167.436,4150.897,4142.179,4143.333,4148.718,4144.103,4117.564,4129.487,4114.103,4141.026,4179.231,сжать руку
34,4123.718,4136.41,4158.077,4171.026,4158.205,4138.59,4133.462,4156.538,4148.333,4124.231,4132.821,4119.872,4150.769,4183.59,сжать руку
34,4126.41,4138.846,4161.538,4172.051,4156.282,4136.282,4134.487,4170.513,4160.128,4127.308,4131.667,4116.538,4149.231,4180.0,сжать руку
34,4125.513,4136.41,4161.41,4172.436,4154.872,4145.256,4144.359,4171.154,4158.462,4130.641,4135.0,4113.59,4149.359,4182.051,сжать руку
34,4136.154,4145.513,4170.769,4178.846,4167.051,4149.231,4142.308,4168.974,4155.128,4146.41,4150.513,4118.205,4157.564,4188.205,сжать руку
34,4145.513,4149.231,4177.692,4182.564,4170.128,4146.923,4143.077,4173.205,4160.0,4151.923,4156.282,4122.821,4158.718,4190.128,сжать руку
34,4137.564,4140.385,4171.41,4177.692,4160.385,4151.154,4156.538,4179.231,4161.41,4143.205,4144.615,4114.103,4148.974,4179.103,сжать руку
34,4131.282,4139.872,4166.923,4173.846,4162.821,4155.897,4161.41,4177.821,4158.462,4136.795,4138.846,4108.718,4140.256,4176.282,сжать руку
34,4144.615,4151.41,4177.179,4177.692,4174.744,4155.641,4158.077,4175.641,4163.718,4147.692,4147.821,4122.692,4149.103,4192.179,сжать руку
34,4151.154,4157.436,4183.462,4176.923,4177.436,4155.385,4154.359,4175.513,4165.513,4167.179,4154.744,4125.897,4164.487,4192.051,сжать руку
34,4138.718,4156.795,4175.513,4172.308,4174.744,4156.154,4146.538,4173.077,4157.436,4165.769,4153.333,4115.641,4161.923,4180.769,сжать руку
34,4135.897,4160.0,4174.103,4177.436,4180.385,4157.051,4146.923,4176.282,4159.615,4150.513,4149.231,4114.615,4154.744,4181.667,сжать руку
35,4153.333,4165.769,4184.744,4182.051,4183.59,4155.0,4160.385,4173.846,4163.846,4168.974,4158.462,4127.051,4166.154,4190.0,разжать руку
35,4154.615,4165.769,4187.179,4185.0,4185.769,4157.179,4158.59,4178.333,4165.897,4163.974,4157.564,4122.821,4159.744,4186.154,разжать руку
35,4154.872,4162.308,4186.923,4184.359,4186.154,4161.795,4159.487,4177.179,4165.0,4154.359,4151.282,4116.667,4156.026,4181.538,разжать руку
35,4155.641,4164.487,4187.308,4183.59,4189.231,4168.974,4168.205,4174.872,4164.872,4164.615,4155.0,4115.641,4159.872,4185.897,разжать руку
35,4158.846,4170.0,4191.154,4189.103,4194.231,4168.59,4171.282,4185.0,4170.513,4175.128,4163.077,4114.615,4164.744,4189.872,разжать руку
35,4162.692,4173.333,4189.103,4193.077,4194.872,4163.718,4168.205,4190.0,4167.949,4171.282,4160.385,4116.538,4165.128,4188.077,разжать руку
35,4157.692,4179.615,4185.385,4191.154,4195.769,4167.051,4172.692,4185.128,4166.667,4172.821,4157.308,4116.667,4163.974,4183.846,разжать руку
35,4156.154,4187.692,4190.513,4192.564,4204.744,4171.282,4179.103,4190.256,4176.667,4181.795,4166.282,4118.846,4166.538,4187.692,разжать руку
35,4172.179,4194.872,4204.487,4200.256,4220.385,4178.462,4180.769,4192.821,4175.641,4185.513,4172.564,4124.744,4171.795,4193.974,разжать руку
35,4191.282,4202.949,4218.718,4206.282,4232.051,4192.308,4187.179,4187.564,4170.0,4189.487,4172.949,4126.41,4177.564,4196.282,разжать руку
35,4200.513,4216.41,4234.103,4217.179,4238.974,4208.077,4207.949,4201.667,4185.385,4203.333,4181.538,4135.128,4184.872,4206.795,разжать руку
35,4208.846,4234.744,4250.128,4227.821,4256.154,4220.513,4226.41,4216.026,4199.487,4225.385,4194.103,4142.949,4194.359,4213.846,разжать руку
35,4218.077,4244.103,4257.051,4228.846,4275.128,4224.744,4231.667,4211.538,4198.974,4246.41,4198.974,4139.872,4202.436,4210.385,разжать руку
35,4225.0,4248.59,4263.846,4235.128,4277.436,4229.615,4237.179,4219.744,4207.179,4265.897,4210.641,4140.897,4212.179,4213.333,разжать руку
35,4228.077,4253.333,4272.179,4240.256,4276.41,4237.564,4251.154,4238.077,4216.026,4276.795,4223.974,4143.718,4217.308,4215.128,разжать руку
35,4226.41,4248.718,4269.615,4233.462,4283.718,4240.769,4258.205,4231.538,4207.564,4270.385,4221.795,4143.462,4210.513,4212.051,разжать руку
35,4232.564,4250.256,4274.872,4236.538,4292.821,4236.923,4249.487,4220.897,4203.205,4269.615,4221.026,4139.103,4210.513,4214.231,разжать руку
35,4245.128,4261.154,4288.077,4247.308,4296.026,4231.282,4245.0,4229.359,4210.897,4273.462,4225.641,4136.923,4215.769,4217.692,разжать руку
35,4245.641,4258.333,4285.513,4242.308,4295.769,4236.282,4259.487,4234.359,4211.923,4265.128,4225.769,4139.359,4213.077,4217.179,разжать руку
35,4239.487,4251.026,4279.615,4235.513,4298.077,4242.949,4266.026,4226.538,4212.051,4265.385,4229.103,4138.59,4212.179,4215.769,разжать руку
35,4243.077,4257.179,4286.282,4244.231,4300.641,4241.795,4255.0,4229.744,4219.872,4275.897,4239.744,4141.41,4221.026,4222.051,разжать руку
35,4252.308,4264.872,4294.744,4250.513,4305.385,4246.026,4260.385,4236.154,4220.128,4278.974,4248.846,4141.282,4225.128,4222.051,разжать руку
35,4255.641,4268.59,4296.795,4245.641,4309.872,4255.641,4272.949,4227.949,4214.231,4282.692,4255.256,4139.359,4223.077,4217.564,разжать руку
35,4261.923,4276.795,4298.846,4246.667,4317.308,4258.333,4270.641,4227.564,4216.667,4291.026,4259.744,4145.769,4228.846,4226.923,разжать руку
35,4266.154,4278.59,4300.0,4251.026,4320.513,4256.795,4268.077,4230.385,4216.154,4288.59,4257.564,4143.718,4232.051,4227.436,разжать руку
35,4263.333,4276.667,4299.744,4249.744,4313.59,4257.308,4264.487,4232.308,4217.308,4292.308,4259.103,4141.154,4232.051,4222.821,разжать руку
35,4265.0,4282.179,4307.436,4250.641,4315.897,4259.872,4264.487,4247.564,4230.128,4317.564,4267.179,4147.436,4239.487,4229.231,разжать руку
35,4269.103,4282.821,4315.385,4250.0,4317.821,4256.795,4277.436,4248.59,4229.103,4318.205,4269.231,4144.872,4240.897,4233.333,разжать руку
35,4274.744,4281.026,4316.41,4248.718,4314.231,4251.923,4279.615,4230.128,4219.487,4294.103,4267.821,4141.538,4235.0,4233.846,разжать руку
35,4281.41,4290.513,4318.974,4254.744,4318.205,4253.718,4267.308,4231.282,4227.949,4298.974,4268.59,4147.179,4238.333,4234.487,разжать руку
35,4280.256,4294.359,4323.846,4259.231,4321.154,4260.128,4271.026,4244.615,4234.359,4320.256,4274.231,4151.795,4249.872,4235.385,разжать руку
35,4273.718,4285.641,4325.128,4255.256,4322.564,4264.744,4284.872,4243.462,4229.872,4319.359,4272.436,4147.179,4249.231,4230.641,разжать руку
35,4270.769,4278.974,4318.846,4248.333,4320.385,4257.179,4281.795,4241.667,4228.077,4299.103,4260.641,4141.667,4236.923,4221.282,разжать руку
35,4268.846,4276.538,4311.026,4247.564,4308.205,4247.051,4268.333,4238.205,4221.538,4284.615,4252.692,4145.0,4231.667,4222.179,разжать руку
35,4268.333,4277.949,4307.179,4246.154,4300.128,4249.615,4256.667,4224.487,4215.641,4289.872,4248.974,4145.769,4233.59,4223.974,разжать руку
35,4268.59,4276.026,4302.564,4241.154,4303.718,4251.41,4250.769,4225.385,4224.744,4292.949,4246.667,4144.231,4231.923,4222.179,разжать руку
35,4262.949,4263.59,4297.436,4239.744,4304.744,4251.154,4269.359,4244.872,4232.051,4285.513,4249.359,4144.359,4227.051,4222.436,разжать руку
35,4262.051,4259.359,4297.949,4240.385,4304.615,4258.077,4288.462,4241.41,4223.846,4289.744,4253.333,4140.256,4227.308,4223.077,разжать руку
35,4277.949,4276.923,4307.692,4247.051,4312.308,4263.205,4274.359,4230.128,4224.231,4303.846,4256.026,4147.436,4238.333,4232.949,разжать руку
35,4292.308,4288.718,4318.974,4255.385,4317.308,4263.718,4264.615,4244.487,4237.308,4308.077,4259.872,4155.0,4249.615,4239.487,разжать руку
35,4288.333,4277.564,4317.692,4252.692,4312.564,4263.718,4278.974,4246.026,4234.359,4302.821,4259.359,4150.128,4245.513,4233.846,разжать руку
35,4283.462,4278.974,4315.513,4250.641,4312.051,4258.846,4278.333,4231.026,4227.564,4303.846,4256.923,4150.128,4243.077,4233.205,разжать руку
35,4289.103,4292.564,4320.128,4255.0,4317.179,4254.487,4260.385,4229.615,4228.59,4300.128,4254.615,4148.205,4247.179,4230.769,разжать руку
35,4286.154,4287.692,4314.359,4251.795,4313.333,4258.333,4259.231,4231.538,4226.538,4283.718,4243.718,4142.692,4239.231,4226.923,разжать руку
35,4282.179,4285.0,4307.051,4249.744,4310.641,4264.487,4270.769,4233.333,4228.077,4285.897,4238.974,4141.41,4232.949,4231.41,разжать руку
35,4284.744,4290.641,4305.0,4253.205,4316.41,4263.077,4271.282,4238.077,4232.949,4297.179,4243.462,4140.769,4237.308,4232.179,разжать руку
35,4282.692,4281.923,4297.564,4251.026,4311.667,4255.385,4265.513,4236.923,4230.641,4287.692,4243.205,4140.513,4234.872,4228.462,разжать руку
35,4282.692,4276.154,4296.41,4249.744,4300.897,4250.256,4262.308,4240.897,4229.231,4284.359,4245.385,4140.385,4232.308,4229.103,разжать руку
35,4290.513,4285.641,4302.821,4254.872,4302.821,4252.949,4264.744,4252.692,4235.513,4299.231,4253.59,4145.513,4239.872,4232.821,разжать руку
35,4288.718,4287.692,4300.128,4257.179,4308.718,4260.0,4276.41,4240.513,4229.487,4293.974,4249.615,4145.513,4241.41,4230.385,разжать руку
35,4279.872,4277.564,4296.154,4253.333,4301.282,4256.667,4275.769,4220.0,4217.179,4276.41,4240.641,4139.359,4234.744,4228.59,разжать руку
35,4282.564,4271.538,4301.795,4252.564,4295.769,4248.205,4260.256,4234.744,4226.026,4285.897,4248.974,4144.744,4236.41,4235.897,разжать руку
35,4283.718,4271.282,4298.846,4251.154,4303.718,4248.59,4257.308,4246.923,4237.564,4303.974,4257.308,4148.974,4239.872,4232.179,разжать руку
35,4276.282,4277.051,4288.205,4253.077,4307.821,4250.769,4258.462,4226.923,4229.872,4297.821,4250.256,4144.872,4236.923,4225.0,разжать руку
35,4276.667,4285.641,4292.436,4262.051,4309.231,4253.718,4252.821,4220.0,4224.744,4289.615,4244.487,4147.821,4236.538,4230.769,разжать руку
35,4279.872,4279.103,4296.795,4256.282,4310.128,4257.436,4253.718,4238.462,4232.564,4295.128,4247.949,4153.59,4234.487,4231.923,разжать руку
35,4274.487,4261.282,4285.513,4241.795,4303.59,4255.769,4262.179,4247.564,4234.103,4292.949,4247.692,4151.795,4227.692,4225.385,разжать руку
35,4268.077,4255.256,4280.513,4239.744,4300.128,4254.744,4261.667,4239.615,4229.744,4284.359,4241.538,4144.103,4227.179,4221.282,разжать руку
35,4264.615,4255.897,4281.923,4242.564,4299.103,4252.436,4254.872,4238.718,4231.923,4282.179,4236.538,4144.872,4230.897,4222.051,разжать руку
35,4264.103,4255.769,4281.41,4244.359,4294.744,4242.949,4253.462,4239.103,4230.256,4282.564,4240.897,4154.872,4229.103,4225.769,разжать руку
35,4273.59,4265.513,4286.538,4251.41,4292.436,4236.154,4246.282,4227.692,4221.795,4282.564,4250.897,4156.923,4229.615,4227.821,разжать руку
35,4282.436,4275.513,4291.923,4254.103,4292.821,4242.564,4240.513,4217.436,4219.103,4278.846,4251.41,4153.718,4233.462,4229.231,разжать руку
35,4278.462,4271.154,4287.436,4247.051,4292.692,4249.744,4249.103,4220.385,4221.538,4278.59,4244.487,4149.744,4234.103,4224.359,разжать руку
35,4266.282,4258.077,4275.641,4237.692,4291.667,4244.487,4256.41,4232.692,4223.333,4278.59,4241.667,4144.872,4229.487,4218.462,разжать руку
35,4257.821,4250.128,4265.769,4231.667,4288.846,4240.128,4253.846,4240.513,4225.897,4269.872,4238.205,4144.872,4221.795,4220.0,разжать руку
35,4260.0,4251.538,4265.256,4231.667,4284.487,4240.128,4253.077,4240.128,4229.872,4262.949,4231.667,4147.308,4216.795,4220.641,разжать руку
35,4272.949,4256.923,4276.538,4240.0,4286.154,4242.692,4251.282,4232.051,4230.0,4270.513,4235.128,4154.744,4221.667,4226.154,разжать руку
35,4284.359,4266.154,4289.103,4249.487,4296.026,4246.795,4244.231,4218.59,4221.538,4279.744,4242.179,4158.077,4227.692,4229.615,разжать руку
35,4281.026,4271.026,4287.564,4249.231,4297.821,4242.051,4246.795,4218.59,4217.179,4270.256,4236.923,4150.385,4218.333,4221.667,разжать руку
35,4270.641,4268.462,4276.923,4245.0,4287.308,4236.154,4253.59,4237.564,4229.103,4264.872,4233.59,4145.897,4212.308,4220.641,разжать руку
35,4264.744,4261.026,4268.077,4242.564,4281.538,4239.487,4247.179,4241.667,4234.615,4279.744,4238.333,4141.923,4223.59,4220.641,разжать руку
35,4261.923,4250.128,4266.026,4239.744,4285.641,4244.103,4241.667,4229.103,4225.641,4285.0,4241.282,4144.487,4231.154,4218.846,разжать руку
35,4262.051,4247.051,4273.205,4242.821,4291.795,4245.128,4254.359,4235.641,4230.128,4281.41,4243.846,4155.0,4231.282,4224.487,разжать руку
35,4268.077,4253.59,4276.538,4248.974,4291.41,4243.205,4257.051,4235.769,4235.0,4282.692,4245.897,4156.026,4232.821,4227.308,разжать руку
35,4277.564,4262.436,4277.051,4254.103,4285.769,4242.436,4242.308,4224.359,4226.282,4278.718,4242.051,4150.513,4229.744,4225.385,разжать руку
35,4275.128,4261.795,4281.41,4253.205,4282.692,4245.128,4247.436,4233.59,4222.564,4267.821,4233.077,4143.974,4219.487,4219.487,разжать руку
35,4260.513,4253.077,4276.923,4247.308,4276.282,4239.615,4248.462,4235.385,4220.897,4259.231,4225.641,4142.436,4215.128,4216.026,разжать руку
35,4260.0,4254.231,4272.692,4250.897,4274.872,4229.487,4230.513,4212.436,4211.41,4257.308,4225.897,4143.974,4216.154,4217.949,разжать руку
35,4265.385,4256.923,4276.154,4254.872,4279.359,4231.026,4229.487,4208.205,4205.513,4254.231,4227.821,4141.538,4211.41,4218.205,разжать руку
35,4259.487,4252.564,4275.256,4250.897,4278.846,4235.0,4236.41,4226.154,4209.872,4251.795,4225.256,4142.051,4207.949,4219.615,разжать руку
35,4257.821,4253.333,4274.231,4248.718,4278.205,4232.179,4231.923,4231.41,4219.615,4261.667,4223.333,4139.359,4212.051,4218.846,разжать руку
35,4264.231,4255.385,4278.846,4248.333,4277.692,4231.282,4233.974,4233.205,4229.744,4274.615,4230.256,4141.667,4221.795,4220.513,разжать руку
35,4267.179,4255.641,4281.667,4249.359,4280.0,4237.564,4243.974,4237.051,4229.359,4277.821,4237.692,4150.256,4230.128,4226.667,разжать руку
35,4266.667,4256.667,4278.205,4249.615,4285.256,4240.897,4244.231,4228.974,4222.692,4273.974,4238.974,4145.769,4228.205,4222.821,разжать руку
35,4267.106,4256.117,4277.656,4250.256,4284.267,4239.103,4241.758,4229.158,4223.333,4271.978,4237.143,4145.916,4226.172,4222.985,разжать руку
35,4267.546,4255.568,4277.106,4250.897,4283.278,4237.308,4239.286,4229.341,4223.974,4269.982,4235.311,4146.062,4224.139,4223.15,разжать руку
35,4267.985,4255.018,4276.557,4251.538,4282.289,4235.513,4236.813,4229.524,4224.615,4267.985,4233.48,4146.209,4222.106,4223.315,разжать руку
35,4268.425,4254.469,4276.007,4252.179,4281.3,4233.718,4234.341,4229.707,4225.256,4265.989,4231.648,4146.355,4220.073,4223.48,разжать руку
35,4268.864,4253.919,4275.458,4252.821,4280.311,4231.923,4231.868,4229.89,4225.897,4263.993,4229.817,4146.502,4218.04,4223.645,разжать руку
35,4269.304,4253.37,4274.908,4253.462,4279.322,4230.128,4229.396,4230.073,4226.538,4261.996,4227.985,4146.648,4216.007,4223.81,разжать руку
35,4269.744,4252.821,4274.359,4254.103,4278.333,4228.333,4226.923,4230.256,4227.179,4260.0,4226.154,4146.795,4213.974,4223.974,разжать руку
35,4273.205,4261.538,4281.667,4258.846,4281.154,4228.718,4239.231,4237.436,4227.179,4273.462,4232.436,4145.128,4219.231,4228.974,разжать руку
35,4273.077,4258.718,4281.026,4259.103,4276.026,4231.41,4246.026,4231.923,4221.667,4264.487,4227.692,4146.923,4214.872,4228.718,разжать руку
35,4274.359,4260.897,4279.359,4258.333,4273.718,4235.513,4237.692,4221.282,4219.359,4253.59,4227.949,4152.179,4219.231,4222.179,разжать руку
35,4269.872,4261.923,4279.487,4256.41,4274.359,4238.333,4234.231,4224.231,4222.692,4261.795,4233.333,4152.564,4226.282,4224.487,разжать руку
35,4260.256,4252.308,4271.667,4250.256,4270.128,4234.615,4243.462,4230.128,4226.026,4270.256,4230.385,4148.59,4221.667,4226.795,разжать руку
35,4258.718,4249.872,4265.641,4248.462,4265.256,4227.949,4236.923,4217.692,4216.667,4261.667,4225.0,4151.026,4215.769,4220.128,разжать руку
35,4268.974,4256.795,4274.487,4256.282,4268.205,4230.769,4224.615,4216.282,4210.641,4256.923,4226.538,4159.487,4221.154,4223.718,разжать руку
35,4275.897,4260.128,4283.333,4262.949,4276.41,4234.103,4230.256,4237.949,4223.205,4261.923,4228.718,4153.718,4225.897,4226.282,разжать руку
35,4268.974,4257.949,4278.077,4263.59,4280.513,4229.103,4235.385,4233.718,4225.128,4252.692,4221.282,4144.231,4215.0,4219.487,разжать руку
36,4262.692,4258.718,4267.308,4258.462,4269.872,4226.667,4228.718,4213.59,4211.667,4244.231,4216.667,4152.308,4211.795,4220.897,сжать руку
36,4258.077,4256.026,4263.077,4253.077,4265.256,4226.154,4223.462,4229.103,4221.154,4250.897,4220.769,4150.897,4215.513,4220.513,сжать руку
36,4263.718,4263.462,4270.385,4258.974,4272.564,4227.564,4212.179,4231.795,4225.385,4259.359,4222.564,4152.949,4218.974,4225.641,сжать руку
36,4275.897,4269.103,4277.949,4265.897,4270.513,4231.538,4217.949,4227.179,4220.385,4259.359,4224.872,4156.538,4226.282,4227.949,сжать руку
36,4269.359,4259.103,4270.0,4261.667,4263.846,4236.923,4235.513,4220.769,4211.538,4245.897,4222.436,4156.026,4222.051,4223.333,сжать руку
36,4258.974,4251.538,4261.538,4257.949,4267.821,4238.333,4231.154,4207.308,4204.103,4235.513,4216.282,4151.154,4209.359,4217.179,сжать руку
36,4262.564,4255.897,4263.846,4261.026,4270.128,4235.641,4221.538,4203.718,4206.538,4238.205,4215.0,4152.179,4209.615,4220.128,сжать руку
36,4264.615,4255.128,4267.179,4261.026,4265.256,4235.641,4228.718,4209.872,4211.282,4245.256,4216.795,4155.128,4218.59,4222.051,сжать руку
36,4260.385,4246.41,4263.462,4255.256,4262.436,4226.923,4220.897,4215.641,4217.436,4248.59,4220.0,4157.308,4218.462,4217.821,сжать руку
36,4262.692,4247.692,4262.179,4258.59,4265.128,4216.795,4204.231,4222.564,4224.744,4250.128,4226.795,4158.846,4215.0,4220.256,сжать руку
36,4263.974,4249.744,4262.564,4263.205,4266.41,4223.205,4209.103,4223.205,4223.718,4249.487,4228.59,4150.641,4215.128,4221.667,сжать руку
36,4259.487,4243.974,4258.462,4259.615,4266.026,4232.436,4217.821,4219.103,4216.795,4243.333,4230.0,4150.256,4216.667,4222.051,сжать руку
36,4260.513,4245.0,4258.846,4259.103,4269.615,4231.154,4220.897,4222.308,4213.59,4238.846,4235.385,4157.436,4220.385,4224.359,сжать руку
36,4266.923,4252.051,4263.718,4261.667,4273.205,4226.538,4222.436,4230.0,4219.103,4247.821,4242.308,4154.487,4227.051,4228.205,сжать руку
36,4274.359,4256.923,4267.051,4264.359,4274.872,4233.077,4225.513,4233.462,4225.256,4259.103,4250.641,4153.462,4233.077,4232.179,сжать руку
36,4271.795,4252.821,4265.897,4263.974,4274.231,4243.077,4239.231,4228.333,4221.154,4255.256,4250.513,4153.846,4229.744,4222.308,сжать руку
36,4261.923,4246.026,4261.154,4260.897,4270.513,4237.179,4239.231,4216.538,4218.205,4244.872,4242.051,4150.897,4223.205,4216.538,сжать руку
36,4266.538,4252.564,4264.615,4262.051,4270.128,4226.795,4217.692,4219.103,4227.949,4252.436,4242.949,4152.949,4226.154,4227.308,сжать руку
36,4278.59,4258.462,4271.795,4264.744,4272.949,4227.436,4215.0,4221.795,4225.385,4258.205,4248.205,4156.795,4231.795,4231.41,сжать руку
36,4281.41,4250.256,4275.128,4264.103,4270.0,4229.615,4226.282,4207.821,4211.923,4245.897,4244.744,4159.359,4229.744,4227.436,сжать руку
36,4276.026,4244.359,4277.051,4261.538,4259.231,4222.179,4221.923,4209.744,4218.462,4241.026,4240.128,4154.231,4222.436,4223.333,сжать руку
36,4267.821,4244.744,4272.821,4257.949,4252.436,4212.692,4213.974,4224.872,4224.744,4239.231,4236.538,4147.821,4215.0,4221.667,сжать руку
36,4265.641,4241.538,4266.41,4256.41,4259.615,4217.949,4221.282,4228.974,4217.179,4233.846,4229.872,4151.026,4213.333,4221.026,сжать руку
36,4268.718,4236.795,4266.154,4254.103,4262.308,4227.692,4223.462,4226.154,4219.872,4239.103,4229.872,4157.051,4216.41,4219.103,сжать руку
36,4270.641,4239.231,4266.667,4250.0,4254.359,4225.897,4215.256,4220.641,4221.154,4242.436,4233.846,4158.846,4216.154,4222.308,сжать руку
36,4275.128,4245.0,4268.718,4253.333,4260.256,4223.59,4215.256,4216.154,4212.692,4236.667,4232.564,4155.128,4217.821,4223.718,сжать руку
36,4277.436,4245.385,4271.41,4255.641,4267.179,4228.846,4224.615,4220.769,4214.615,4233.333,4229.744,4152.949,4217.564,4220.513,сжать руку
36,4266.923,4240.256,4264.744,4247.821,4257.179,4230.256,4233.59,4220.0,4217.949,4232.179,4228.462,4151.282,4208.59,4218.077,сжать руку
36,4262.821,4239.359,4261.154,4244.103,4252.949,4217.949,4225.897,4213.077,4216.667,4232.692,4227.564,4148.718,4207.692,4218.462,сжать руку
36,4279.872,4246.795,4272.692,4254.231,4260.641,4210.513,4210.897,4219.231,4222.692,4244.103,4233.462,4155.897,4224.231,4226.282,сжать руку
36,4290.128,4255.641,4280.769,4261.667,4264.103,4218.077,4210.128,4217.821,4224.744,4257.051,4241.41,4160.769,4232.692,4228.718,сжать руку
36,4282.949,4255.385,4273.462,4255.897,4259.615,4225.513,4214.744,4204.487,4215.641,4251.026,4236.795,4158.846,4223.462,4221.41,сжать руку
36,4277.436,4247.308,4265.256,4249.487,4255.897,4223.462,4210.128,4207.436,4212.179,4235.385,4228.205,4156.667,4217.051,4219.744,сжать руку
36,4270.769,4242.179,4260.256,4244.744,4251.923,4213.59,4203.205,4218.846,4214.744,4224.487,4224.872,4144.744,4209.103,4215.128,сжать руку
36,4258.205,4237.308,4253.205,4244.231,4246.923,4208.846,4206.026,4220.256,4215.128,4216.154,4214.231,4138.077,4195.641,4208.077,сжать руку
36,4254.103,4232.564,4248.846,4247.564,4250.0,4219.872,4213.333,4218.333,4217.821,4220.769,4210.641,4142.308,4198.59,4210.256,сжать руку
36,4258.59,4233.077,4245.897,4246.538,4252.821,4226.282,4215.641,4222.564,4219.231,4230.641,4223.077,4142.436,4212.179,4217.692,сжать руку
36,4261.667,4240.897,4248.205,4250.256,4253.077,4216.538,4206.538,4223.205,4217.949,4232.949,4227.308,4144.103,4216.795,4222.821,сжать руку
36,4263.077,4243.846,4255.769,4256.667,4256.41,4215.0,4199.103,4208.462,4210.256,4228.718,4216.538,4141.538,4209.359,4216.154,сжать руку
36,4262.179,4239.744,4255.128,4257.051,4255.769,4226.538,4207.308,4201.538,4203.59,4218.333,4211.923,4137.692,4202.564,4210.128,сжать руку
36,4267.051,4246.795,4256.282,4261.154,4253.974,4231.026,4216.282,4208.205,4205.897,4213.59,4219.231,4145.256,4207.051,4216.282,сжать руку
36,4272.949,4247.692,4263.333,4264.615,4253.59,4220.641,4204.359,4205.385,4206.795,4215.513,4221.154,4151.538,4215.128,4222.821,сжать руку
36,4275.128,4240.897,4265.513,4262.051,4248.718,4206.795,4181.923,4200.897,4207.179,4218.077,4223.846,4156.538,4222.821,4229.615,сжать руку
36,4283.205,4246.538,4269.744,4261.282,4247.564,4206.667,4179.872,4208.333,4212.692,4224.615,4235.256,4158.077,4232.051,4230.513,сжать руку
36,4288.974,4246.667,4272.692,4260.385,4248.333,4211.667,4193.077,4221.282,4220.769,4230.513,4240.897,4154.231,4230.385,4227.564,сжать руку
36,4281.795,4233.974,4265.897,4255.513,4243.846,4214.103,4200.256,4225.128,4224.359,4228.333,4228.205,4148.974,4219.359,4223.974,сжать руку
36,4268.205,4227.821,4256.154,4250.0,4238.462,4218.462,4204.744,4211.154,4216.667,4213.974,4209.231,4140.769,4211.923,4217.179,сжать руку
36,4261.795,4230.769,4251.154,4249.615,4237.821,4222.308,4211.795,4203.077,4211.41,4208.205,4207.564,4138.077,4208.077,4218.333,сжать руку
36,4263.077,4233.59,4248.333,4252.436,4244.872,4220.641,4210.385,4218.462,4219.359,4224.487,4215.385,4141.923,4207.692,4217.821,сжать руку
36,4259.744,4233.462,4243.077,4250.897,4248.462,4217.949,4198.333,4221.538,4219.103,4228.974,4213.718,4148.462,4208.718,4210.0,сжать руку
36,4249.103,4224.744,4237.564,4243.205,4242.692,4216.795,4198.077,4200.0,4203.333,4208.333,4206.026,4151.41,4199.359,4208.846,сжать руку
36,4242.308,4213.846,4233.077,4236.154,4233.846,4206.282,4199.615,4197.564,4200.513,4198.846,4206.538,4149.103,4190.256,4212.436,сжать руку
36,4251.923,4219.615,4237.692,4241.026,4232.564,4196.795,4185.0,4212.564,4213.59,4209.744,4216.282,4156.026,4200.641,4218.333,сжать руку
36,4262.308,4233.077,4248.846,4248.59,4239.744,4199.359,4174.359,4199.615,4210.641,4212.436,4215.385,4157.692,4209.231,4217.821,сжать руку
36,4262.308,4233.59,4249.487,4249.359,4240.769,4200.769,4177.692,4183.205,4201.795,4207.821,4210.385,4151.41,4202.949,4214.615,сжать руку
36,4261.795,4229.744,4245.513,4249.487,4238.462,4207.564,4192.436,4201.795,4212.051,4212.692,4218.974,4151.282,4205.385,4220.128,сжать руку
36,4257.308,4227.179,4245.385,4245.385,4241.923,4213.077,4203.718,4217.821,4221.154,4219.359,4225.256,4147.179,4210.256,4218.846,сжать руку
36,4250.256,4220.256,4239.615,4238.333,4242.308,4207.949,4201.282,4213.205,4217.821,4217.308,4216.538,4142.692,4203.077,4213.462,сжать руку
36,4252.051,4223.59,4234.872,4243.462,4236.41,4211.538,4203.462,4212.179,4218.333,4217.692,4211.923,4141.026,4200.513,4216.795,сжать руку
36,4259.487,4234.231,4239.615,4250.641,4234.359,4225.769,4212.179,4210.256,4219.359,4220.769,4218.205,4137.821,4208.333,4219.872,сжать руку
36,4262.564,4232.821,4243.718,4248.846,4240.897,4227.051,4211.154,4206.795,4214.872,4216.41,4221.538,4140.385,4213.718,4220.513,сжать руку
36,4258.205,4225.256,4242.436,4246.154,4243.718,4216.41,4203.718,4209.487,4210.769,4212.436,4218.718,4140.256,4210.128,4218.077,сжать руку
36,4253.205,4221.667,4239.359,4245.385,4237.179,4213.205,4200.256,4207.308,4205.0,4209.744,4215.385,4137.051,4204.359,4217.692,сжать руку
36,4253.077,4221.923,4238.077,4248.462,4233.462,4215.641,4196.538,4202.308,4199.487,4203.205,4213.59,4138.974,4202.564,4219.359,сжать руку
36,4260.0,4224.359,4242.308,4252.051,4232.564,4212.179,4189.872,4205.0,4204.872,4200.256,4212.564,4143.59,4206.41,4220.513,сжать руку
36,4262.692,4227.436,4247.051,4252.949,4230.769,4201.41,4180.897,4207.821,4214.359,4204.615,4211.154,4147.051,4211.026,4223.846,сжать руку
36,4258.333,4227.821,4244.744,4253.462,4234.103,4195.513,4177.949,4199.231,4212.308,4210.128,4209.231,4142.436,4209.744,4221.026,сжать руку
36,4256.538,4226.667,4238.974,4251.923,4236.795,4197.821,4186.538,4194.744,4204.231,4207.436,4206.026,4139.359,4205.897,4217.564,сжать руку
36,4258.974,4231.667,4239.615,4251.282,4234.487,4202.949,4194.744,4210.513,4210.385,4207.821,4207.179,4142.692,4207.436,4219.359,сжать руку
36,4257.179,4233.974,4239.231,4249.231,4228.077,4205.769,4191.667,4215.897,4218.462,4215.769,4212.436,4137.949,4209.359,4216.41,сжать руку
36,4243.974,4219.103,4227.821,4242.308,4221.154,4202.051,4182.436,4200.128,4209.615,4212.821,4206.41,4131.154,4201.41,4211.538,сжать руку
36,4237.821,4210.513,4221.667,4238.846,4225.385,4206.026,4178.333,4202.179,4206.538,4207.308,4196.282,4132.692,4198.974,4211.026,сжать руку
36,4241.026,4218.205,4222.308,4241.923,4232.692,4217.436,4183.205,4214.359,4215.513,4211.41,4198.974,4136.667,4204.872,4213.205,сжать руку
36,4237.564,4216.667,4219.103,4243.846,4229.744,4221.923,4193.333,4214.103,4214.872,4216.795,4203.333,4134.359,4204.231,4211.282,сжать руку
36,4232.692,4206.667,4217.692,4244.744,4226.026,4217.436,4196.538,4207.436,4203.462,4210.641,4196.538,4129.103,4198.846,4206.795,сжать руку
36,4239.872,4214.487,4224.359,4251.923,4230.0,4215.128,4193.205,4205.128,4202.564,4202.821,4196.923,4135.769,4200.641,4213.59,сжать руку
36,4252.821,4232.949,4236.026,4257.051,4234.231,4214.615,4199.615,4217.692,4214.487,4214.359,4209.615,4144.103,4207.949,4221.795,сжать руку
36,4255.256,4233.205,4238.846,4252.692,4232.051,4211.026,4203.718,4223.718,4216.026,4224.872,4209.487,4141.41,4208.077,4219.231,сжать руку
36,4254.615,4227.692,4236.154,4254.359,4231.667,4213.205,4194.615,4202.692,4202.692,4212.692,4198.846,4140.128,4204.359,4219.487,сжать руку
36,4257.692,4230.128,4236.538,4260.513,4235.641,4211.538,4182.308,4184.744,4196.026,4198.59,4200.769,4142.179,4204.103,4218.846,сжать руку
36,4253.846,4225.769,4234.103,4253.974,4235.897,4207.692,4185.897,4201.667,4204.487,4200.0,4207.051,4145.769,4205.641,4215.513,сжать руку
36,4243.077,4218.077,4226.282,4244.103,4233.974,4217.949,4215.256,4225.0,4213.846,4208.462,4200.128,4144.615,4202.564,4211.026,сжать руку
36,4242.564,4219.359,4223.462,4244.615,4230.256,4221.41,4225.0,4223.333,4218.974,4215.385,4198.077,4141.41,4202.436,4209.744,сжать руку
36,4254.231,4227.308,4235.769,4250.256,4227.949,4209.231,4199.487,4214.487,4219.744,4222.179,4208.718,4141.795,4212.051,4218.205,сжать руку
36,4255.513,4227.564,4241.538,4247.821,4227.949,4205.897,4193.333,4209.103,4209.615,4220.128,4205.0,4137.949,4212.949,4220.128,сжать руку
36,4250.769,4224.231,4233.077,4244.359,4227.051,4214.103,4206.282,4211.667,4205.897,4213.974,4196.923,4141.154,4206.795,4221.41,сжать руку
36,4257.179,4233.974,4236.154,4249.359,4231.154,4221.538,4205.897,4219.872,4213.718,4218.462,4206.154,4150.0,4211.538,4226.41,сжать руку
36,4265.897,4239.103,4247.821,4249.103,4237.692,4222.564,4203.462,4216.41,4213.718,4221.667,4211.41,4152.436,4217.051,4225.0,сжать руку
36,4265.897,4229.231,4248.333,4244.103,4237.179,4219.103,4208.077,4204.487,4207.692,4218.333,4207.051,4157.564,4215.641,4224.744,сжать руку
36,4259.872,4226.538,4241.282,4245.769,4234.615,4217.564,4208.974,4207.436,4212.692,4219.615,4206.667,4155.0,4215.0,4220.385,сжать руку
36,4260.256,4239.231,4241.667,4254.103,4236.41,4220.256,4208.462,4215.385,4216.538,4220.256,4207.308,4149.359,4215.513,4216.282,сжать руку
36,4268.205,4245.0,4248.077,4259.872,4241.795,4220.897,4206.923,4210.128,4212.949,4218.462,4207.308,4153.205,4216.923,4220.256,сжать руку
36,4269.487,4235.0,4247.949,4253.333,4242.949,4214.872,4202.051,4206.154,4214.103,4218.462,4206.923,4149.359,4215.641,4220.897,сжать руку
36,4265.897,4232.564,4244.103,4248.077,4234.103,4213.077,4208.077,4220.0,4221.026,4225.897,4207.308,4146.41,4212.051,4220.513,сжать руку
36,4264.103,4237.436,4246.41,4250.385,4226.795,4220.256,4213.846,4227.564,4223.462,4234.615,4209.103,4151.026,4213.462,4220.769,сжать руку
36,4254.487,4224.744,4239.103,4243.718,4226.923,4220.256,4204.487,4207.436,4214.231,4223.846,4203.59,4148.846,4208.718,4215.385,сжать руку
36,4240.641,4209.615,4223.205,4234.359,4229.103,4210.513,4201.41,4200.385,4210.641,4211.538,4195.769,4142.949,4200.0,4210.256,сжать руку
36,4235.513,4211.923,4219.872,4235.0,4225.897,4207.179,4205.385,4214.231,4213.59,4213.205,4193.974,4140.513,4198.59,4208.077,сжать руку
36,4236.667,4217.179,4225.0,4240.513,4219.744,4212.564,4201.154,4211.282,4205.769,4201.026,4191.41,4143.333,4196.923,4212.564,сжать руку
36,4245.513,4222.051,4231.282,4243.59,4226.923,4219.615,4201.41,4205.513,4202.692,4194.615,4195.128,4143.718,4200.385,4218.333,сжать руку
37,4246.667,4216.795,4226.41,4239.103,4226.795,4204.359,4195.641,4199.615,4204.359,4211.026,4203.333,4141.026,4214.487,4215.641,разжать руку
37,4242.436,4214.359,4221.538,4237.436,4222.051,4197.179,4186.795,4184.231,4190.769,4192.949,4198.974,4139.615,4203.462,4213.333,разжать руку
37,4250.641,4219.359,4225.385,4239.231,4219.103,4195.513,4176.026,4201.795,4204.359,4201.538,4211.41,4145.128,4209.615,4218.333,разжать руку
37,4259.487,4221.026,4231.026,4243.718,4215.641,4195.897,4170.0,4215.513,4218.59,4216.41,4220.641,4148.59,4221.667,4222.564,разжать руку
37,4265.128,4224.359,4231.923,4247.564,4213.974,4194.487,4175.769,4200.385,4206.667,4210.256,4217.436,4145.0,4216.154,4220.256,разжать руку
37,4276.282,4236.667,4234.872,4250.641,4216.026,4192.821,4181.026,4198.59,4197.949,4203.974,4218.846,4149.231,4211.282,4225.256,разжать руку
37,4284.103,4245.128,4243.205,4250.641,4220.256,4196.795,4183.462,4210.385,4201.667,4209.103,4224.487,4150.641,4220.769,4228.846,разжать руку
37,4280.0,4239.103,4242.821,4248.333,4221.923,4199.487,4185.0,4210.256,4208.077,4209.359,4224.615,4147.564,4224.359,4225.0,разжать руку
37,4275.769,4234.231,4234.744,4247.564,4217.179,4200.256,4185.641,4209.744,4214.359,4205.256,4222.051,4145.385,4215.769,4220.641,разжать руку
37,4275.385,4237.949,4234.872,4248.205,4214.231,4203.077,4184.231,4206.795,4204.872,4199.231,4221.795,4140.641,4211.795,4219.487,разжать руку
37,4271.923,4239.103,4237.179,4247.821,4218.718,4205.128,4182.308,4193.462,4190.897,4193.462,4222.564,4143.462,4215.256,4222.949,разжать руку
37,4267.051,4235.897,4234.744,4244.744,4222.436,4199.487,4181.667,4189.872,4198.59,4197.436,4224.872,4147.308,4216.538,4220.385,разжать руку
37,4266.795,4231.923,4235.128,4242.179,4217.949,4193.59,4183.974,4196.154,4205.641,4202.949,4228.077,4147.564,4214.744,4217.179,разжать руку
37,4267.051,4228.974,4238.205,4242.564,4212.308,4194.615,4181.282,4196.923,4197.821,4202.051,4222.564,4148.718,4213.333,4218.846,разжать руку
37,4259.487,4222.436,4230.385,4239.231,4211.282,4195.256,4173.59,4193.846,4196.41,4196.026,4211.538,4146.667,4206.795,4212.692,разжать руку
37,4251.923,4219.487,4220.256,4234.872,4214.103,4198.333,4178.974,4204.615,4206.026,4198.846,4214.103,4146.41,4201.282,4211.154,разжать руку
37,4256.667,4227.308,4227.821,4240.641,4220.897,4196.41,4180.0,4216.154,4213.718,4218.333,4225.256,4145.769,4206.026,4216.538,разжать руку
37,4260.256,4224.744,4232.564,4242.949,4219.231,4186.667,4171.795,4204.872,4208.077,4222.436,4221.923,4142.692,4208.718,4214.359,разжать руку
37,4254.872,4213.333,4225.0,4239.487,4215.513,4196.154,4181.795,4200.385,4201.923,4210.256,4212.692,4143.077,4207.179,4208.718,разжать руку
37,4252.564,4213.974,4221.154,4242.051,4222.564,4210.256,4187.949,4206.923,4204.103,4208.59,4212.436,4141.41,4207.949,4205.897,разжать руку
37,4251.923,4217.692,4221.795,4243.205,4226.667,4203.59,4176.667,4202.436,4203.333,4205.513,4209.359,4141.282,4203.59,4209.872,разжать руку
37,4243.333,4210.769,4218.333,4238.718,4220.128,4205.0,4190.769,4195.128,4196.667,4192.308,4197.949,4139.615,4192.051,4207.564,разжать руку
37,4240.769,4209.487,4215.385,4237.179,4216.154,4215.385,4208.974,4197.436,4196.154,4192.821,4197.949,4140.256,4192.821,4206.154,разжать руку
37,4256.667,4222.308,4225.385,4242.692,4225.769,4211.795,4193.846,4203.077,4202.179,4212.179,4212.179,4147.949,4209.615,4220.641,разжать руку
37,4268.974,4226.923,4234.103,4243.846,4230.641,4203.077,4178.974,4204.103,4205.256,4222.436,4217.692,4147.949,4214.872,4224.231,разжать руку
37,4262.308,4215.513,4227.692,4238.205,4222.179,4199.231,4182.436,4200.769,4205.897,4218.846,4213.077,4145.513,4205.641,4214.231,разжать руку
37,4251.923,4205.256,4217.692,4234.487,4218.718,4201.667,4188.718,4195.256,4204.872,4217.179,4210.641,4145.256,4206.538,4211.41,разжать руку
37,4249.103,4205.385,4214.615,4234.615,4218.846,4205.897,4190.897,4207.308,4209.231,4221.026,4213.077,4143.59,4214.487,4217.564,разжать руку
37,4253.974,4213.974,4220.256,4240.256,4217.051,4204.872,4192.436,4225.513,4217.051,4228.59,4220.128,4145.641,4216.282,4222.564,разжать руку
37,4259.359,4217.949,4227.179,4241.538,4218.59,4196.923,4191.923,4219.487,4217.051,4233.333,4222.308,4144.487,4215.769,4216.41,разжать руку
37,4254.359,4209.744,4224.744,4235.769,4217.179,4199.103,4199.103,4209.872,4217.179,4228.718,4212.308,4142.564,4213.077,4208.974,разжать руку
37,4243.205,4200.641,4213.205,4233.974,4215.256,4217.051,4220.128,4212.692,4215.0,4218.462,4206.795,4140.641,4205.385,4206.282,разжать руку
37,4238.718,4199.615,4205.0,4233.718,4220.128,4223.462,4220.513,4205.128,4206.154,4209.103,4209.231,4135.0,4200.385,4207.308,разжать руку
37,4238.59,4202.692,4202.564,4231.154,4219.103,4208.333,4195.641,4198.205,4206.795,4203.974,4201.923,4133.077,4199.103,4210.769,разжать руку
37,4234.744,4202.179,4200.513,4228.205,4213.205,4200.897,4182.821,4207.821,4212.308,4203.333,4192.692,4131.538,4192.821,4205.128,разжать руку
37,4232.436,4199.103,4199.359,4229.872,4213.718,4211.154,4191.282,4209.359,4205.897,4196.154,4192.564,4131.795,4185.897,4200.769,разжать руку
37,4238.846,4203.205,4204.103,4236.41,4216.667,4211.026,4189.487,4200.897,4201.282,4190.0,4193.205,4137.051,4190.128,4207.051,разжать руку
37,4247.821,4211.538,4212.564,4239.615,4214.872,4197.564,4171.282,4196.154,4203.846,4196.538,4196.538,4138.718,4198.974,4210.641,разжать руку
37,4248.205,4210.897,4213.59,4239.872,4210.385,4194.103,4172.564,4192.051,4200.385,4196.41,4197.692,4138.205,4197.308,4208.718,разжать руку
37,4243.077,4204.487,4210.641,4236.026,4206.538,4195.0,4183.205,4197.308,4200.641,4189.487,4191.41,4136.41,4192.821,4205.513,разжать руку
37,4242.949,4201.41,4210.513,4227.436,4203.846,4193.462,4176.538,4210.256,4210.513,4198.333,4196.41,4137.051,4199.103,4208.718,разжать руку
37,4247.564,4204.615,4215.513,4230.256,4207.308,4201.795,4177.564,4216.667,4218.333,4216.923,4209.615,4143.462,4208.718,4215.769,разжать руку
37,4244.231,4202.051,4214.487,4234.872,4204.872,4206.154,4192.821,4215.256,4216.154,4217.179,4202.179,4137.949,4203.846,4209.359,разжать руку
37,4232.692,4192.308,4200.513,4228.205,4196.282,4198.846,4190.897,4205.641,4203.59,4196.41,4186.282,4126.923,4190.0,4203.974,разжать руку
37,4227.179,4189.359,4195.385,4225.128,4200.513,4203.077,4183.846,4196.282,4199.359,4186.667,4187.692,4127.436,4185.385,4207.308,разжать руку
37,4226.667,4187.564,4199.103,4228.718,4205.769,4210.641,4192.179,4198.077,4205.256,4193.59,4196.154,4137.179,4189.103,4205.0,разжать руку
37,4226.795,4188.718,4198.974,4233.077,4204.744,4205.256,4193.59,4201.923,4206.538,4202.051,4200.128,4146.667,4197.179,4206.026,разжать руку
37,4229.615,4195.513,4202.051,4238.077,4207.949,4202.051,4184.103,4196.41,4202.949,4201.41,4199.615,4143.974,4202.308,4209.615,разжать руку
37,4235.256,4194.359,4208.462,4242.436,4207.821,4203.846,4180.385,4190.897,4202.308,4194.615,4197.308,4139.487,4200.256,4209.615,разжать руку
37,4241.923,4195.128,4210.256,4243.205,4205.128,4200.128,4183.462,4199.103,4205.513,4199.744,4197.821,4140.641,4197.436,4207.564,разжать руку
37,4245.256,4203.205,4210.769,4241.538,4204.103,4192.821,4181.154,4209.359,4207.821,4205.897,4198.718,4143.333,4197.821,4206.538,разжать руку
37,4246.667,4206.667,4217.308,4242.179,4206.154,4192.308,4172.949,4207.692,4208.974,4198.718,4197.051,4145.769,4199.872,4212.051,разжать руку
37,4245.128,4202.436,4216.154,4237.436,4208.205,4200.769,4176.795,4197.436,4205.641,4194.231,4193.718,4135.385,4196.282,4210.256,разжать руку
37,4233.974,4195.897,4200.769,4226.026,4202.179,4206.795,4188.205,4195.385,4201.667,4194.487,4189.231,4126.282,4186.667,4203.205,разжать руку
37,4228.462,4193.974,4196.282,4225.769,4202.692,4206.923,4186.923,4204.359,4205.0,4198.718,4189.487,4133.077,4187.692,4204.103,разжать руку
37,4239.231,4201.282,4207.308,4233.846,4212.692,4206.795,4182.564,4206.41,4206.154,4202.436,4192.436,4137.308,4199.231,4208.077,разжать руку
37,4242.051,4197.564,4206.923,4230.128,4209.103,4209.487,4196.282,4199.359,4198.846,4192.308,4190.897,4132.564,4194.744,4209.359,разжать руку
37,4233.59,4182.692,4197.051,4224.359,4197.821,4206.154,4199.872,4194.231,4197.949,4185.0,4188.846,4127.564,4185.385,4204.744,разжать руку
37,4232.692,4188.974,4196.923,4230.256,4201.154,4200.0,4180.0,4194.359,4208.333,4199.103,4190.256,4128.974,4191.667,4202.821,разжать руку
37,4232.692,4206.026,4199.231,4234.615,4210.641,4203.333,4168.462,4191.795,4207.051,4203.846,4186.923,4129.872,4194.359,4204.615,разжать руку
37,4229.231,4206.795,4197.821,4231.667,4208.333,4202.564,4169.231,4190.256,4196.154,4185.256,4182.692,4129.231,4187.308,4202.821,разжать руку
37,4236.923,4202.949,4203.718,4232.821,4203.077,4197.436,4173.974,4198.077,4200.385,4180.128,4186.282,4135.641,4189.872,4208.077,разжать руку
37,4246.026,4206.026,4213.718,4236.026,4204.103,4202.436,4180.128,4200.385,4208.462,4197.179,4189.615,4137.179,4194.487,4209.872,разжать руку
37,4243.333,4204.231,4210.385,4231.667,4205.256,4207.436,4176.923,4198.205,4206.026,4202.564,4189.615,4135.385,4192.051,4206.282,разжать руку
37,4242.564,4201.667,4208.333,4228.077,4206.667,4204.744,4172.949,4203.462,4205.897,4196.667,4193.59,4138.59,4196.41,4209.359,разжать руку
37,4244.103,4202.436,4212.051,4226.41,4202.436,4199.872,4178.846,4204.103,4206.795,4193.59,4193.846,4137.436,4198.846,4208.974,разжать руку
37,4239.872,4198.333,4206.795,4220.385,4192.308,4196.282,4178.59,4202.051,4204.872,4190.385,4188.974,4137.051,4192.692,4205.769,разжать руку
37,4240.0,4197.436,4205.897,4216.026,4192.308,4201.282,4174.103,4197.949,4200.128,4189.872,4189.615,4135.128,4191.41,4203.974,разжать руку
37,4239.744,4196.795,4207.436,4213.718,4199.359,4206.282,4177.821,4189.872,4192.692,4188.205,4189.231,4131.41,4188.846,4206.538,разжать руку
37,4235.897,4198.077,4203.205,4216.667,4204.231,4199.744,4178.59,4198.077,4197.564,4183.974,4185.769,4137.949,4187.308,4211.923,разжать руку
37,4238.59,4204.103,4202.436,4220.0,4208.077,4196.795,4175.256,4205.385,4207.308,4187.179,4187.308,4140.641,4195.769,4208.59,разжать руку
37,4240.0,4199.103,4202.179,4218.846,4207.179,4207.051,4181.538,4192.692,4202.179,4189.487,4185.897,4139.487,4196.41,4203.205,разжать руку
37,4228.462,4188.974,4195.128,4214.744,4205.385,4213.205,4189.487,4196.667,4198.205,4185.256,4179.359,4140.385,4181.923,4200.897,разжать руку
37,4218.974,4185.513,4185.128,4208.974,4207.179,4206.667,4180.641,4208.205,4203.205,4187.179,4175.897,4136.026,4176.795,4196.282,разжать руку
37,4222.179,4189.359,4182.308,4210.897,4204.359,4201.667,4173.846,4202.692,4204.744,4194.487,4175.641,4134.487,4184.487,4196.282,разжать руку
37,4222.564,4192.436,4183.333,4214.359,4197.821,4201.538,4179.231,4201.282,4204.103,4194.231,4175.128,4134.744,4186.538,4198.59,разжать руку
37,4220.641,4192.179,4185.128,4212.692,4199.744,4201.538,4176.41,4199.359,4202.692,4192.821,4177.436,4136.923,4188.718,4202.179,разжать руку
37,4232.179,4197.949,4196.923,4216.667,4211.026,4204.872,4175.256,4194.359,4200.641,4205.385,4182.051,4141.667,4201.538,4207.821,разжать руку
37,4238.077,4198.59,4207.308,4220.0,4212.564,4208.205,4187.436,4198.59,4201.795,4210.385,4182.821,4140.513,4202.949,4208.333,разжать руку
37,4232.308,4195.641,4204.359,4217.564,4206.154,4209.487,4191.282,4202.692,4203.59,4199.615,4180.128,4140.128,4194.615,4210.128,разжать руку
37,4234.103,4201.026,4201.282,4216.795,4208.462,4208.59,4181.923,4193.462,4199.872,4196.154,4180.0,4141.282,4195.641,4209.872,разжать руку
37,4233.462,4199.487,4198.718,4216.154,4204.359,4199.615,4177.821,4184.872,4195.128,4189.615,4178.333,4140.769,4195.513,4205.897,разжать руку
37,4229.103,4193.462,4195.769,4217.179,4195.128,4193.59,4183.59,4195.641,4201.282,4186.41,4179.359,4142.436,4191.923,4209.744,разжать руку
37,4245.256,4206.795,4207.179,4228.205,4200.128,4195.897,4186.795,4209.744,4207.051,4198.333,4187.821,4147.949,4198.205,4218.718,разжать руку
37,4265.0,4225.769,4220.385,4235.769,4205.897,4191.282,4177.821,4205.641,4200.0,4199.103,4192.179,4151.282,4206.538,4224.103,разжать руку
37,4266.923,4225.385,4219.615,4232.692,4200.256,4188.974,4174.103,4188.077,4186.154,4184.615,4185.769,4144.615,4202.179,4216.667,разжать руку
37,4271.154,4227.692,4222.051,4234.103,4197.821,4195.897,4182.179,4188.462,4187.949,4186.667,4186.026,4144.487,4202.821,4215.385,разжать руку
37,4277.308,4239.359,4229.231,4239.103,4206.154,4203.205,4186.923,4202.051,4200.0,4202.949,4195.897,4150.256,4213.333,4225.769,разжать руку
37,4263.974,4235.0,4221.795,4235.513,4210.256,4206.41,4186.923,4194.359,4196.538,4198.59,4193.59,4143.462,4213.205,4221.538,разжать руку
37,4254.103,4228.974,4215.128,4232.436,4209.103,4203.846,4181.154,4182.051,4186.282,4187.436,4186.538,4141.667,4211.282,4215.769,разжать руку
37,4263.846,4235.641,4224.231,4232.949,4211.667,4197.436,4176.795,4187.051,4189.872,4193.846,4190.513,4143.974,4213.718,4218.846,разжать руку
37,4266.795,4231.026,4227.564,4228.333,4204.615,4194.359,4183.205,4199.487,4203.333,4199.615,4194.487,4140.641,4210.385,4220.0,разжать руку
37,4257.564,4218.718,4220.641,4224.872,4196.41,4201.41,4187.436,4206.154,4210.128,4203.077,4192.692,4143.333,4208.462,4220.641,разжать руку
37,4250.513,4214.231,4213.077,4221.795,4204.487,4203.718,4174.872,4200.897,4206.154,4212.051,4188.59,4140.641,4211.538,4214.744,разжать руку
37,4244.487,4207.308,4205.513,4216.923,4209.487,4194.744,4167.308,4196.154,4202.051,4209.359,4188.462,4135.769,4206.795,4209.103,разжать руку
37,4238.333,4199.103,4204.872,4216.282,4204.487,4196.667,4177.821,4197.436,4198.718,4196.795,4190.128,4136.923,4197.949,4208.077,разжать руку
37,4233.333,4196.41,4205.128,4215.128,4205.128,4205.897,4178.974,4190.128,4191.795,4194.615,4191.154,4135.385,4194.872,4204.872,разжать руку
37,4231.282,4194.872,4198.59,4213.718,4208.718,4201.923,4176.41,4185.769,4191.923,4198.205,4196.154,4135.128,4197.051,4207.051,разжать руку
37,4233.59,4196.41,4197.436,4217.949,4208.718,4192.308,4185.897,4207.949,4206.923,4202.692,4205.0,4138.205,4202.051,4210.769,разжать руку
37,4239.487,4201.154,4206.282,4222.949,4212.051,4196.795,4188.462,4215.385,4211.154,4207.179,4210.128,4143.59,4203.718,4210.513,разжать руку
38,4238.462,4206.538,4206.667,4222.308,4217.564,4206.026,4181.026,4185.897,4199.359,4205.385,4209.103,4142.436,4201.667,4207.051,сжать руку
38,4230.897,4198.59,4204.231,4218.462,4208.462,4203.205,4187.564,4198.718,4205.0,4197.308,4207.179,4142.692,4198.077,4206.923,сжать руку
38,4237.949,4200.385,4213.077,4220.769,4208.077,4205.641,4191.667,4208.462,4214.231,4205.128,4209.872,4148.077,4204.487,4209.744,сжать руку
38,4244.231,4203.205,4214.231,4222.821,4208.974,4199.487,4183.333,4208.077,4214.744,4215.256,4212.692,4145.769,4211.026,4208.462,сжать руку
38,4234.231,4197.564,4205.0,4220.0,4205.128,4199.103,4180.385,4197.051,4201.026,4204.744,4209.615,4139.103,4203.718,4205.128,сжать руку
38,4227.692,4193.59,4203.846,4220.0,4206.154,4205.897,4185.128,4193.718,4200.641,4203.462,4208.462,4142.179,4198.462,4203.333,сжать руку
38,4234.231,4194.615,4210.513,4222.692,4211.923,4203.462,4184.615,4210.128,4218.462,4223.462,4210.513,4149.744,4206.41,4204.487,сжать руку
38,4234.359,4197.179,4211.154,4219.359,4214.231,4202.564,4184.487,4213.59,4217.949,4224.744,4208.59,4141.538,4207.179,4203.333,сжать руку
38,4230.897,4200.897,4206.795,4217.692,4212.949,4208.462,4187.436,4203.205,4205.256,4210.385,4205.385,4138.846,4203.077,4204.615,сжать руку
38,4238.59,4201.538,4211.026,4223.718,4213.974,4210.128,4194.359,4213.718,4211.282,4216.923,4205.128,4150.513,4210.641,4208.718,сжать руку
38,4244.744,4197.692,4215.641,4224.744,4218.333,4207.692,4197.308,4214.744,4214.872,4224.872,4206.667,4148.333,4215.641,4208.205,сжать руку
38,4240.385,4196.923,4211.154,4223.59,4221.538,4211.795,4190.897,4197.564,4208.59,4217.821,4208.205,4142.179,4210.256,4210.385,сжать руку
38,4236.667,4200.256,4211.282,4225.641,4219.615,4213.846,4189.231,4199.487,4214.487,4219.359,4203.205,4143.59,4207.179,4209.231,сжать руку
38,4237.821,4201.41,4214.359,4225.385,4216.667,4204.487,4189.231,4209.615,4216.923,4221.026,4197.051,4143.077,4205.641,4202.436,сжать руку
38,4237.308,4199.359,4208.333,4225.385,4216.154,4200.513,4183.718,4206.923,4208.205,4214.359,4199.231,4139.872,4203.333,4200.769,сжать руку
38,4230.641,4192.692,4197.949,4222.692,4210.769,4204.487,4183.333,4195.0,4202.051,4210.641,4198.718,4135.897,4202.179,4200.0,сжать руку
38,4223.333,4185.385,4193.59,4214.359,4199.231,4202.436,4188.718,4194.744,4202.051,4205.641,4192.051,4139.231,4195.385,4200.641,сжать руку
38,4221.923,4187.821,4197.179,4214.359,4200.128,4198.59,4188.077,4202.821,4206.282,4203.077,4190.385,4144.615,4190.897,4200.0,сжать руку
38,4220.769,4190.513,4199.103,4221.795,4208.333,4202.179,4186.923,4200.641,4208.333,4204.487,4193.974,4143.59,4194.615,4198.974,сжать руку
38,4224.231,4192.051,4200.897,4226.795,4206.41,4204.359,4191.538,4198.59,4206.538,4209.231,4198.974,4146.41,4201.41,4206.026,сжать руку
38,4231.282,4196.026,4205.897,4227.308,4202.051,4202.308,4191.667,4200.513,4205.0,4213.59,4200.0,4145.513,4202.436,4205.385,сжать руку
38,4228.718,4190.897,4201.538,4224.359,4202.179,4202.821,4185.513,4197.821,4205.641,4206.795,4191.667,4140.641,4196.795,4200.0,сжать руку
38,4226.282,4191.154,4197.692,4224.615,4209.487,4207.564,4181.41,4191.538,4203.205,4203.846,4188.974,4143.205,4196.282,4202.821,сжать руку
38,4231.538,4201.026,4203.462,4223.077,4213.718,4207.821,4186.282,4189.231,4201.667,4207.949,4196.282,4145.128,4200.641,4204.359,сжать руку
38,4235.256,4201.282,4205.897,4220.513,4208.205,4202.821,4192.564,4198.59,4208.205,4204.359,4195.897,4145.0,4203.077,4205.641,сжать руку
38,4237.949,4196.41,4207.692,4223.462,4207.051,4203.846,4192.179,4212.179,4212.436,4203.333,4191.667,4142.051,4203.077,4207.051,сжать руку
38,4241.41,4199.231,4210.128,4222.821,4210.256,4205.641,4184.103,4207.564,4206.154,4208.718,4194.487,4138.718,4201.923,4207.179,сжать руку
38,4236.41,4199.231,4205.513,4218.077,4207.436,4200.897,4178.974,4195.256,4203.077,4208.59,4196.538,4141.538,4201.154,4205.897,сжать руку
38,4226.538,4189.231,4199.487,4213.462,4201.026,4193.205,4181.282,4202.564,4209.744,4207.308,4191.795,4143.462,4201.795,4201.667,сжать руку
38,4226.41,4188.59,4199.615,4214.872,4201.154,4192.179,4179.487,4204.103,4207.436,4206.923,4190.256,4144.103,4204.872,4204.615,сжать руку
38,4230.0,4197.308,4205.128,4220.256,4207.051,4198.846,4178.462,4187.949,4196.795,4203.205,4191.282,4142.564,4203.974,4207.308,сжать руку
38,4228.205,4197.179,4207.308,4218.462,4209.103,4201.282,4182.308,4184.487,4196.154,4201.923,4189.872,4143.718,4201.923,4205.256,сжать руку
38,4226.154,4192.692,4202.564,4212.436,4207.308,4200.641,4183.59,4196.026,4200.256,4202.821,4186.154,4145.0,4199.615,4204.744,сжать руку
38,4222.692,4189.359,4194.615,4207.949,4204.359,4198.846,4179.872,4199.615,4199.615,4200.256,4180.128,4138.974,4194.231,4199.872,сжать руку
38,4218.718,4187.308,4193.718,4210.897,4199.359,4196.154,4178.333,4197.308,4202.821,4200.513,4180.897,4140.769,4194.487,4201.282,сжать руку
38,4227.179,4193.974,4202.821,4220.128,4198.718,4196.923,4182.308,4197.308,4207.051,4202.821,4188.462,4144.744,4202.436,4207.564,сжать руку
38,4242.179,4203.333,4210.513,4223.205,4201.154,4196.538,4182.821,4200.641,4208.462,4206.026,4194.744,4143.718,4209.103,4208.59,сжать руку
38,4249.359,4209.359,4213.462,4225.0,4205.769,4197.051,4181.282,4201.026,4206.923,4213.718,4197.179,4147.949,4214.872,4212.308,сжать руку
38,4252.949,4223.333,4217.051,4232.308,4210.385,4198.846,4178.462,4204.872,4210.256,4218.846,4198.846,4149.359,4221.026,4216.538,сжать руку
38,4265.256,4239.615,4221.923,4241.538,4207.821,4196.41,4181.795,4214.872,4217.692,4221.154,4205.897,4148.846,4226.795,4221.026,сжать руку
38,4277.179,4243.462,4221.026,4243.718,4206.795,4194.231,4189.744,4200.513,4205.128,4218.205,4204.359,4146.538,4231.41,4222.436,сжать руку
38,4278.077,4241.667,4215.385,4240.0,4209.615,4194.615,4178.077,4176.667,4187.051,4202.692,4198.205,4142.564,4232.051,4220.256,сжать руку
38,4274.359,4245.897,4215.513,4240.897,4211.795,4199.103,4168.59,4185.256,4192.436,4192.051,4200.641,4146.026,4227.949,4221.923,сжать руку
38,4270.641,4247.564,4216.923,4241.026,4210.897,4206.667,4189.231,4203.846,4203.333,4199.872,4203.205,4146.026,4224.359,4218.077,сжать руку
38,4270.0,4240.385,4215.641,4238.077,4206.026,4205.897,4199.359,4206.667,4205.897,4210.641,4202.308,4146.026,4226.795,4217.051,сжать руку
38,4274.103,4237.051,4220.256,4238.462,4208.077,4198.846,4178.462,4209.231,4214.872,4218.205,4206.41,4151.41,4231.026,4222.436,сжать руку
38,4271.026,4236.667,4222.692,4235.385,4214.359,4197.179,4168.205,4203.59,4211.923,4217.949,4203.846,4145.769,4223.846,4215.128,сжать руку
38,4256.923,4229.487,4212.564,4228.077,4211.795,4204.103,4182.436,4192.821,4195.385,4205.256,4191.026,4137.564,4208.974,4206.795,сжать руку
38,4243.718,4217.436,4199.872,4224.872,4203.077,4208.974,4188.718,4203.462,4200.897,4202.949,4188.077,4135.769,4204.103,4205.256,сжать руку
38,4236.923,4207.821,4192.564,4222.564,4202.436,4202.564,4179.872,4205.641,4206.282,4204.487,4186.282,4136.538,4203.718,4200.769,сжать руку
38,4233.846,4208.59,4193.846,4221.538,4211.026,4197.564,4172.051,4187.564,4196.667,4200.128,4180.385,4138.077,4201.795,4201.026,сжать руку
38,4236.923,4211.282,4196.538,4223.846,4212.308,4200.897,4166.538,4186.795,4197.692,4201.154,4182.949,4137.821,4202.308,4205.513,сжать руку
38,4238.974,4206.282,4195.641,4222.949,4206.154,4204.103,4166.282,4203.974,4204.872,4202.949,4184.615,4140.769,4201.026,4208.718,сжать руку
38,4238.59,4205.641,4200.513,4222.436,4207.692,4202.051,4173.974,4204.615,4201.795,4201.41,4180.897,4142.436,4200.385,4206.026,сжать руку
38,4237.949,4209.487,4203.333,4224.359,4209.487,4199.231,4179.744,4196.667,4199.103,4202.179,4183.846,4142.179,4203.205,4205.385,сжать руку
38,4233.846,4205.641,4199.872,4222.692,4203.846,4203.077,4182.051,4207.179,4206.154,4208.59,4188.077,4141.41,4201.667,4207.051,сжать руку
38,4228.59,4198.205,4197.051,4219.615,4200.256,4200.385,4175.513,4207.564,4206.538,4211.026,4184.359,4135.769,4195.641,4201.667,сжать руку
38,4228.846,4198.077,4192.179,4222.308,4197.051,4188.333,4163.59,4192.436,4201.154,4206.41,4182.949,4137.436,4197.179,4202.179,сжать руку
38,4228.59,4201.026,4187.821,4225.513,4196.667,4189.487,4166.538,4194.872,4202.179,4202.564,4185.513,4139.487,4199.487,4204.872,сжать руку
38,4221.282,4194.872,4187.949,4224.231,4200.897,4203.077,4174.615,4199.744,4200.128,4195.256,4180.769,4135.769,4190.769,4203.59,сжать руку
38,4220.641,4185.897,4186.923,4223.974,4203.462,4208.333,4179.103,4191.923,4190.513,4183.205,4172.821,4138.846,4184.103,4204.615,сжать руку
38,4225.0,4183.718,4185.641,4222.821,4201.41,4205.0,4192.692,4185.128,4183.462,4178.333,4172.179,4141.282,4188.974,4200.769,сжать руку
38,4226.154,4192.692,4192.949,4226.538,4197.308,4203.205,4190.0,4183.205,4187.436,4184.744,4181.154,4145.897,4198.846,4203.718,сжать руку
38,4230.0,4203.462,4200.769,4232.436,4200.897,4201.41,4167.821,4188.205,4196.923,4196.667,4186.154,4151.795,4205.385,4208.974,сжать руку
38,4230.0,4199.359,4193.718,4222.308,4205.128,4199.231,4166.795,4197.821,4203.974,4203.846,4183.718,4149.615,4201.282,4204.615,сжать руку
38,4226.282,4191.795,4190.128,4212.949,4200.641,4201.154,4181.923,4207.179,4210.128,4206.923,4185.128,4146.923,4196.667,4204.615,сжать руку
38,4231.41,4198.59,4205.0,4221.026,4198.205,4203.205,4181.667,4211.282,4214.487,4218.077,4188.333,4146.282,4203.205,4208.333,сжать руку
38,4234.103,4203.205,4214.615,4223.846,4202.179,4198.718,4177.564,4209.744,4215.256,4220.513,4183.462,4147.949,4205.769,4208.846,сжать руку
38,4228.205,4202.949,4210.769,4217.564,4206.026,4199.231,4190.256,4209.744,4212.949,4212.692,4183.462,4148.077,4200.513,4207.051,сжать руку
38,4228.333,4205.769,4208.974,4216.667,4203.846,4207.821,4201.795,4210.256,4209.359,4214.231,4188.333,4147.308,4200.769,4205.641,сжать руку
38,4233.333,4206.154,4213.462,4220.256,4203.077,4210.128,4199.615,4199.744,4202.692,4215.0,4187.821,4151.538,4205.0,4209.487,сжать руку
38,4235.0,4204.615,4216.154,4218.59,4202.692,4207.436,4199.615,4190.0,4199.744,4207.436,4186.538,4147.564,4206.282,4208.462,сжать руку
38,4230.513,4202.564,4210.897,4214.872,4197.436,4206.923,4198.718,4199.487,4205.385,4206.538,4184.487,4140.128,4205.513,4202.692,сжать руку
38,4224.103,4201.795,4203.974,4215.256,4201.41,4208.59,4191.282,4201.154,4206.41,4210.641,4180.385,4141.41,4203.718,4202.949,сжать руку
38,4217.308,4199.615,4196.923,4212.692,4208.846,4204.615,4184.872,4184.615,4199.744,4205.513,4176.538,4140.769,4198.974,4199.487,сжать руку
38,4212.949,4194.359,4191.282,4208.718,4205.256,4199.487,4183.974,4188.846,4201.667,4199.744,4174.744,4139.615,4197.564,4195.385,сжать руку
38,4212.949,4193.59,4193.462,4210.256,4201.41,4204.872,4184.103,4213.333,4212.179,4209.231,4178.846,4140.641,4200.128,4198.333,сжать руку
38,4210.897,4195.128,4194.872,4210.897,4203.462,4207.051,4184.872,4218.205,4215.128,4216.538,4179.487,4138.333,4196.667,4200.0,сжать руку
38,4207.308,4192.564,4186.41,4206.538,4202.308,4201.923,4184.231,4198.59,4205.513,4207.436,4167.821,4136.026,4189.103,4197.308,сжать руку
38,4204.744,4185.769,4179.359,4202.692,4197.308,4199.744,4176.41,4181.538,4194.359,4192.564,4159.615,4134.103,4185.0,4192.821,сжать руку
38,4206.923,4184.487,4181.923,4205.385,4195.513,4199.487,4171.667,4187.949,4198.333,4188.59,4167.949,4137.949,4190.769,4198.718,сжать руку
38,4208.333,4187.179,4187.436,4209.744,4199.231,4198.846,4182.564,4202.564,4205.0,4195.256,4175.641,4138.718,4196.667,4203.077,сжать руку
38,4208.59,4187.179,4189.487,4209.487,4203.974,4198.077,4180.513,4189.615,4190.385,4192.179,4171.667,4135.897,4194.231,4200.385,сжать руку
38,4214.744,4193.077,4193.205,4209.487,4204.231,4196.026,4165.0,4185.385,4188.077,4190.385,4176.154,4143.59,4197.051,4204.615,сжать руку
38,4219.744,4198.974,4199.872,4208.333,4200.769,4195.0,4175.769,4221.154,4216.282,4208.333,4191.538,4147.436,4204.615,4207.051,сжать руку
38,4216.154,4194.872,4200.128,4203.205,4199.487,4200.769,4196.026,4224.615,4219.744,4217.821,4196.923,4145.769,4205.513,4205.513,сжать руку
38,4216.282,4194.231,4199.231,4204.744,4203.974,4207.949,4192.949,4188.846,4201.026,4210.897,4194.359,4148.333,4204.615,4204.744,сжать руку
38,4217.821,4193.077,4196.795,4205.641,4205.897,4206.795,4187.949,4186.667,4204.359,4208.333,4195.385,4149.359,4205.256,4201.282,сжать руку
38,4209.359,4181.667,4187.051,4198.846,4203.846,4205.256,4197.436,4216.154,4219.103,4216.026,4200.513,4149.103,4203.718,4199.359,сжать руку
38,4201.282,4175.128,4178.974,4194.359,4201.667,4204.615,4198.462,4222.564,4222.308,4225.385,4199.487,4146.41,4203.718,4196.154,сжать руку
38,4200.897,4179.487,4179.487,4200.0,4196.923,4200.897,4189.615,4201.923,4211.667,4221.41,4192.564,4142.179,4201.667,4194.487,сжать руку
38,4202.821,4180.897,4185.128,4208.333,4196.154,4201.667,4188.59,4184.359,4196.026,4207.051,4188.974,4138.974,4193.462,4196.667,сжать руку
38,4203.205,4176.923,4186.026,4206.282,4199.359,4201.795,4186.154,4188.718,4195.769,4199.103,4188.974,4141.667,4191.154,4197.436,сжать руку
38,4211.154,4181.538,4188.462,4206.538,4199.487,4197.564,4185.256,4211.026,4213.077,4207.821,4191.026,4148.077,4198.718,4202.308,сжать руку
38,4224.231,4193.462,4200.513,4216.667,4202.692,4197.308,4187.051,4209.359,4217.179,4220.769,4194.744,4144.615,4205.0,4203.462,сжать руку
38,4230.256,4195.641,4207.692,4220.0,4205.513,4200.256,4182.692,4195.769,4207.692,4215.641,4197.564,4142.436,4203.205,4202.821,сжать руку
38,4233.718,4192.692,4209.615,4215.385,4203.077,4204.103,4178.974,4199.872,4204.487,4208.077,4196.667,4147.436,4201.154,4206.41,сжать руку
38,4238.462,4194.231,4214.103,4213.333,4200.385,4200.256,4180.769,4197.436,4203.077,4208.718,4195.256,4144.872,4203.974,4205.897,сжать руку
38,4239.103,4189.231,4212.179,4210.513,4196.41,4192.949,4184.231,4189.872,4199.744,4201.538,4193.59,4146.667,4206.026,4207.308,сжать руку
38,4238.462,4187.821,4210.385,4206.41,4195.513,4196.154,4183.077,4199.359,4202.821,4201.795,4196.282,4152.436,4207.949,4208.59,сжать руку
39,4245.641,4201.923,4218.462,4217.949,4200.256,4196.795,4173.333,4201.282,4206.282,4218.333,4199.744,4152.308,4208.462,4208.077,разжать руку
39,4240.256,4196.795,4213.462,4215.641,4200.385,4190.256,4170.641,4195.385,4198.718,4202.821,4191.538,4149.231,4204.615,4207.308,разжать руку
39,4232.564,4193.462,4205.513,4211.282,4196.667,4195.0,4172.821,4202.179,4200.256,4200.0,4190.513,4146.282,4201.667,4202.564,разжать руку
39,4224.103,4197.051,4199.615,4215.256,4199.744,4200.641,4173.333,4202.051,4206.026,4205.897,4191.282,4141.795,4202.179,4198.718,разжать руку
39,4219.359,4199.103,4197.564,4218.846,4204.487,4193.59,4166.282,4195.256,4204.744,4204.744,4189.487,4137.564,4202.308,4199.744,разжать руку
39,4221.667,4198.59,4198.462,4220.128,4201.154,4194.487,4169.359,4198.462,4200.385,4199.744,4188.718,4142.436,4199.872,4201.667,разжать руку
39,4221.026,4195.128,4198.205,4218.59,4198.462,4202.051,4177.564,4190.769,4194.744,4194.872,4182.821,4141.026,4195.256,4196.026,разжать руку
39,4216.41,4191.282,4195.513,4214.615,4201.667,4197.051,4168.846,4176.923,4199.615,4197.436,4178.205,4137.949,4194.615,4194.103,разжать руку
39,4217.436,4194.231,4195.385,4217.949,4200.641,4197.308,4172.821,4199.487,4212.821,4204.615,4183.205,4141.41,4200.0,4201.154,разжать руку
39,4223.333,4195.0,4196.026,4221.795,4192.692,4209.103,4194.872,4221.026,4213.077,4200.256,4182.821,4142.051,4200.897,4201.667,разжать руку
39,4226.667,4193.462,4197.821,4220.385,4197.436,4209.615,4193.077,4200.897,4207.949,4196.41,4177.308,4141.923,4199.231,4198.333,разжать руку
39,4224.615,4193.846,4202.949,4217.308,4208.077,4203.205,4176.538,4186.923,4207.949,4203.718,4179.359,4141.923,4200.0,4196.538,разжать руку
39,4225.513,4195.256,4208.077,4217.564,4206.41,4202.821,4174.872,4206.41,4212.436,4210.0,4185.128,4144.359,4203.718,4203.205,разжать руку
39,4232.436,4201.282,4208.974,4221.282,4206.026,4207.179,4184.103,4212.692,4213.846,4213.974,4186.923,4145.513,4208.205,4208.974,разжать руку
39,4232.821,4200.641,4202.821,4219.359,4206.026,4209.103,4195.513,4198.333,4208.718,4210.513,4185.513,4141.154,4205.256,4200.769,разжать руку
39,4230.385,4195.0,4201.538,4219.872,4199.359,4203.59,4197.821,4204.359,4208.077,4199.359,4186.154,4143.462,4203.333,4201.41,разжать руку
39,4240.0,4203.333,4210.513,4228.205,4201.026,4198.846,4186.41,4215.385,4211.795,4206.41,4190.385,4148.974,4212.436,4208.59,разжать руку
39,4247.051,4212.436,4210.769,4231.667,4206.154,4203.718,4182.308,4206.026,4209.103,4221.026,4188.333,4148.205,4215.641,4208.59,разжать руку
39,4237.179,4205.128,4199.744,4224.487,4205.513,4206.923,4191.923,4190.385,4202.564,4212.051,4179.615,4143.077,4205.385,4204.103,разжать руку
39,4236.41,4204.103,4200.385,4223.333,4206.538,4201.538,4189.615,4183.974,4202.436,4197.692,4181.154,4142.051,4204.744,4202.179,разжать руку
39,4253.333,4217.564,4214.359,4233.205,4211.154,4200.128,4178.333,4188.333,4205.385,4204.231,4193.205,4150.897,4216.154,4208.462,разжать руку
39,4257.179,4218.205,4220.513,4233.077,4210.128,4204.359,4179.872,4196.795,4206.923,4212.179,4191.795,4151.538,4215.513,4206.154,разжать руку
39,4240.641,4200.513,4208.205,4218.205,4198.718,4202.692,4193.333,4201.282,4207.692,4200.897,4178.718,4142.436,4200.897,4198.333,разжать руку
39,4236.41,4194.359,4200.128,4213.077,4196.026,4199.359,4201.538,4204.744,4208.333,4197.949,4177.436,4144.744,4198.462,4203.077,разжать руку
39,4250.0,4206.538,4209.487,4223.59,4204.487,4203.333,4196.538,4210.128,4213.462,4219.231,4188.974,4149.744,4212.821,4208.846,разжать руку
39,4252.308,4208.077,4212.821,4225.897,4204.103,4209.744,4194.744,4207.436,4216.282,4225.256,4194.744,4146.41,4217.308,4206.026,разжать руку
39,4241.41,4199.872,4207.179,4218.333,4204.872,4210.513,4201.923,4199.103,4210.0,4211.667,4191.154,4139.615,4210.128,4202.821,разжать руку
39,4237.051,4202.436,4207.564,4216.923,4216.026,4208.718,4201.026,4203.974,4208.462,4212.821,4191.282,4141.795,4210.513,4203.462,разжать руку
39,4242.821,4209.615,4213.462,4223.462,4217.564,4209.615,4195.769,4218.333,4216.795,4222.821,4193.718,4149.103,4214.615,4205.256,разжать руку
39,4247.821,4208.59,4215.769,4227.051,4208.077,4208.846,4192.179,4214.359,4216.41,4221.026,4192.051,4146.282,4213.205,4207.179,разжать руку
39,4247.821,4207.308,4216.026,4227.692,4206.538,4206.41,4187.179,4192.436,4204.359,4215.641,4191.154,4145.769,4215.256,4210.641,разжать руку
39,4246.026,4209.231,4218.333,4227.564,4211.026,4209.487,4186.154,4191.026,4203.974,4220.769,4190.513,4148.462,4216.282,4207.179,разжать руку
39,4241.795,4203.718,4217.436,4221.154,4209.615,4207.308,4188.59,4212.949,4216.538,4222.564,4189.231,4145.128,4209.872,4200.0,разжать руку
39,4237.051,4203.077,4216.026,4221.667,4208.974,4200.897,4189.872,4219.359,4217.692,4215.641,4189.103,4144.872,4210.769,4204.231,разжать руку
39,4233.59,4207.308,4213.205,4224.872,4211.41,4204.231,4191.795,4200.769,4207.821,4213.462,4184.872,4144.231,4211.282,4202.692,разжать руку
39,4228.333,4197.949,4206.923,4216.795,4205.385,4207.308,4192.821,4188.718,4200.769,4208.205,4180.385,4142.949,4202.436,4196.026,разжать руку
39,4228.077,4189.872,4210.128,4212.179,4199.872,4205.513,4195.641,4202.179,4205.0,4203.59,4179.487,4143.718,4201.41,4199.487,разжать руку
39,4237.821,4198.333,4216.282,4217.179,4203.077,4203.718,4195.897,4210.256,4209.103,4212.051,4180.897,4143.205,4207.436,4202.949,разжать руку
39,4247.179,4211.923,4217.308,4224.872,4209.615,4206.026,4191.026,4196.538,4207.308,4221.282,4186.41,4147.051,4210.256,4206.538,разжать руку
39,4248.077,4216.923,4220.385,4230.513,4214.615,4212.436,4191.41,4198.205,4215.897,4225.769,4188.333,4146.154,4211.923,4204.487,разжать руку
39,4239.103,4208.718,4217.436,4226.538,4211.795,4210.897,4196.538,4214.615,4222.179,4226.538,4181.41,4141.923,4207.821,4199.744,разжать руку
39,4227.308,4199.231,4204.615,4221.026,4205.128,4204.103,4199.872,4207.308,4210.513,4217.436,4177.308,4144.615,4200.769,4202.692,разжать руку
39,4229.359,4203.462,4201.154,4226.538,4200.513,4203.333,4200.385,4191.41,4201.154,4204.103,4180.128,4145.641,4202.949,4205.256,разжать руку
39,4241.41,4210.128,4209.615,4233.718,4199.103,4206.923,4195.385,4198.846,4206.41,4205.0,4182.308,4146.282,4208.974,4207.692,разжать руку
39,4239.487,4199.615,4212.692,4230.128,4202.051,4211.282,4197.308,4214.231,4211.667,4209.872,4183.462,4145.641,4206.538,4205.513,разжать руку
39,4231.41,4189.359,4209.359,4225.0,4204.615,4212.308,4203.59,4213.205,4211.795,4208.59,4180.513,4145.385,4200.385,4202.564,разжать руку
39,4237.436,4193.077,4210.513,4227.949,4205.256,4212.179,4207.692,4203.205,4209.615,4206.41,4178.205,4148.462,4202.308,4205.897,разжать руку
39,4241.538,4194.744,4213.333,4230.897,4202.821,4208.077,4206.41,4198.718,4205.385,4197.436,4184.487,4147.436,4207.821,4205.897,разжать руку
39,4234.487,4199.487,4209.231,4229.231,4198.077,4199.744,4195.128,4200.0,4206.923,4193.974,4185.385,4148.462,4208.846,4204.744,разжать руку
39,4233.333,4212.051,4205.769,4231.538,4200.641,4200.128,4189.359,4199.103,4208.462,4202.564,4177.821,4147.179,4204.487,4203.974,разжать руку
39,4240.128,4222.436,4209.872,4240.897,4205.256,4204.359,4195.128,4196.667,4204.359,4200.897,4172.436,4144.487,4197.821,4202.692,разжать руку
39,4249.487,4235.897,4218.718,4250.769,4206.41,4200.641,4196.538,4201.667,4206.282,4196.667,4175.128,4148.974,4198.205,4208.718,разжать руку
39,4256.282,4250.385,4223.205,4252.308,4212.308,4196.154,4187.821,4202.051,4207.692,4204.103,4177.436,4144.872,4201.795,4212.051,разжать руку
39,4259.231,4259.872,4221.41,4253.59,4210.256,4199.359,4187.949,4197.564,4203.333,4203.59,4172.308,4139.487,4197.051,4209.359,разжать руку
39,4263.59,4272.308,4225.385,4260.897,4202.821,4202.692,4194.615,4198.205,4199.487,4191.154,4166.026,4143.205,4190.256,4206.538,разжать руку
39,4262.436,4273.974,4224.744,4260.0,4207.949,4198.718,4184.872,4192.949,4194.103,4178.846,4161.154,4142.179,4183.205,4201.667,разжать руку
39,4249.872,4264.103,4213.205,4251.026,4216.795,4195.513,4172.692,4185.897,4190.769,4173.974,4156.538,4141.538,4173.333,4197.051,разжать руку
39,4243.462,4272.051,4210.0,4246.282,4224.487,4194.103,4169.487,4187.436,4193.205,4155.385,4152.564,4145.385,4170.769,4193.846,разжать руку
39,4243.462,4282.436,4211.154,4246.41,4230.513,4194.359,4172.308,4190.897,4193.333,4117.436,4150.128,4146.923,4169.359,4194.615,разжать руку
39,4235.513,4274.615,4205.128,4245.897,4233.846,4200.513,4178.846,4190.641,4190.256,4130.897,4146.026,4144.872,4158.462,4193.846,разжать руку
39,4226.154,4266.923,4199.359,4240.256,4226.026,4199.872,4176.667,4188.59,4190.641,4187.821,4143.077,4142.564,4151.923,4190.641,разжать руку
39,4224.744,4267.821,4198.205,4236.154,4212.949,4191.795,4167.949,4191.282,4195.641,4195.385,4144.872,4146.154,4154.744,4192.179,разжать руку
39,4217.051,4262.436,4194.231,4235.641,4217.949,4197.051,4178.718,4193.59,4199.872,4173.718,4140.0,4144.103,4150.769,4185.897,разжать руку
39,4198.718,4247.436,4183.462,4231.538,4235.0,4206.538,4192.821,4190.0,4197.436,4176.538,4135.0,4138.333,4141.923,4178.333,разжать руку
39,4190.769,4243.59,4173.59,4229.615,4242.821,4206.026,4190.128,4187.564,4193.718,4176.41,4137.179,4138.333,4144.744,4180.641,разжать руку
39,4192.821,4242.821,4169.487,4232.564,4236.41,4201.154,4189.231,4187.692,4192.179,4164.359,4136.026,4136.667,4148.462,4180.641,разжать руку
39,4188.718,4231.154,4164.872,4232.436,4236.282,4202.308,4189.487,4189.359,4191.795,4167.179,4134.872,4137.436,4143.974,4182.436,разжать руку
39,4186.282,4229.231,4159.744,4230.513,4242.564,4209.103,4189.487,4199.359,4201.026,4178.974,4143.59,4141.282,4142.179,4185.385,разжать руку
39,4187.179,4236.026,4155.641,4228.718,4240.128,4209.359,4191.026,4202.949,4205.513,4178.974,4147.821,4142.949,4143.59,4182.821,разжать руку
39,4186.026,4235.513,4155.513,4229.103,4235.641,4205.128,4186.538,4192.692,4196.923,4175.0,4148.077,4146.923,4147.179,4183.718,разжать руку
39,4186.795,4234.359,4160.128,4229.359,4238.718,4207.821,4181.282,4186.026,4192.949,4184.744,4157.564,4147.564,4153.205,4183.974,разжать руку
39,4185.897,4231.41,4157.692,4226.923,4244.103,4212.179,4185.641,4193.974,4200.128,4187.692,4160.769,4141.923,4151.41,4184.103,разжать руку
39,4180.385,4227.564,4150.769,4223.974,4243.718,4208.205,4195.0,4202.179,4203.846,4175.0,4154.231,4135.769,4145.897,4184.615,разжать руку
39,4183.333,4230.513,4152.692,4222.179,4240.897,4202.051,4196.795,4195.385,4197.821,4170.513,4158.077,4142.564,4148.718,4187.308,разжать руку
39,4188.974,4230.385,4158.718,4223.59,4242.436,4206.667,4201.154,4191.538,4197.179,4176.667,4166.154,4154.231,4153.333,4190.769,разжать руку
39,4181.026,4219.615,4155.897,4222.436,4246.026,4215.256,4210.256,4204.615,4207.179,4178.718,4165.513,4148.59,4149.103,4184.359,разжать руку
39,4175.513,4216.538,4150.769,4221.026,4245.385,4217.051,4211.41,4213.718,4213.205,4177.949,4162.949,4146.795,4146.282,4184.487,разжать руку
39,4180.128,4223.205,4151.41,4221.667,4242.308,4219.872,4211.795,4202.821,4206.795,4179.872,4166.667,4155.128,4150.385,4191.538,разжать руку
39,4177.179,4219.231,4152.308,4218.974,4238.718,4217.179,4211.923,4198.59,4203.077,4182.949,4173.59,4155.0,4153.974,4192.051,разжать руку
39,4177.436,4213.462,4157.436,4221.41,4235.769,4208.718,4208.205,4216.282,4214.231,4190.0,4178.205,4156.538,4154.872,4197.179,разжать руку
39,4189.359,4215.769,4167.692,4225.128,4233.205,4207.821,4203.462,4215.256,4213.333,4190.897,4174.487,4158.077,4154.615,4199.744,разжать руку
39,4194.103,4210.513,4172.051,4219.872,4225.769,4201.795,4195.256,4198.846,4203.205,4178.462,4169.359,4158.077,4154.231,4196.154,разжать руку
39,4192.051,4202.179,4174.487,4217.308,4222.564,4192.821,4191.667,4204.231,4211.41,4177.949,4174.231,4158.59,4154.103,4196.026,разжать руку
39,4193.846,4202.308,4174.103,4222.821,4227.179,4196.282,4192.692,4199.744,4212.692,4188.846,4179.487,4155.0,4155.641,4196.282,разжать руку
39,4195.385,4205.256,4168.718,4225.641,4231.923,4205.128,4189.487,4176.282,4195.769,4182.308,4177.179,4155.513,4157.821,4200.128,разжать руку
39,4198.846,4210.897,4174.359,4228.205,4236.282,4206.026,4187.436,4184.103,4198.077,4178.718,4176.282,4159.359,4158.846,4204.103,разжать руку
39,4203.974,4213.462,4183.846,4233.462,4236.282,4203.974,4188.205,4206.41,4215.769,4193.462,4177.949,4158.077,4162.564,4203.846,разжать руку
39,4206.41,4205.385,4186.41,4236.667,4232.821,4205.769,4188.846,4204.231,4214.615,4198.718,4173.718,4155.256,4164.103,4203.333,разжать руку
39,4208.077,4196.667,4188.846,4235.513,4231.538,4203.205,4188.462,4196.282,4203.462,4186.795,4166.026,4151.026,4156.026,4199.615,разжать руку
39,4204.359,4194.615,4185.641,4230.385,4224.231,4197.692,4186.282,4201.154,4204.103,4178.462,4165.256,4149.103,4151.667,4196.667,разжать руку
39,4206.026,4199.231,4181.667,4230.513,4221.154,4198.333,4186.41,4205.256,4210.897,4185.513,4171.538,4150.769,4160.256,4198.59,разжать руку
39,4216.154,4203.59,4187.308,4235.128,4228.462,4203.077,4196.538,4203.462,4210.641,4189.487,4178.205,4154.615,4160.897,4201.795,разжать руку
39,4219.615,4203.846,4193.59,4236.795,4229.487,4207.179,4205.769,4206.282,4204.487,4185.641,4179.487,4157.051,4154.615,4201.41,разжать руку
39,4219.744,4201.538,4191.923,4234.103,4227.949,4208.077,4199.487,4202.436,4200.513,4187.821,4179.359,4152.051,4162.051,4198.846,разжать руку
39,4223.333,4199.487,4188.846,4233.462,4235.0,4211.538,4195.513,4194.487,4202.436,4196.667,4185.0,4151.154,4174.872,4204.231,разжать руку
39,4224.103,4202.051,4192.564,4238.462,4245.385,4220.128,4206.282,4201.538,4208.077,4204.615,4191.41,4153.846,4173.974,4210.256,разжать руку
39,4227.051,4200.897,4200.897,4238.462,4247.308,4221.41,4207.308,4205.0,4204.231,4202.308,4191.026,4151.154,4170.128,4212.179,разжать руку
39,4239.231,4200.641,4211.282,4238.462,4243.205,4213.846,4195.769,4197.179,4199.615,4201.026,4189.359,4151.154,4179.359,4214.487,разжать руку
39,4244.615,4206.41,4218.846,4243.974,4242.436,4212.564,4192.436,4200.641,4208.974,4210.0,4191.795,4151.41,4186.154,4211.154,разжать руку
39,4242.564,4207.821,4221.923,4247.051,4242.179,4216.41,4195.769,4206.667,4213.205,4213.462,4192.949,4153.974,4181.923,4209.615,разжать руку
40,4245.769,4208.462,4227.692,4243.077,4246.41,4217.179,4200.641,4194.231,4207.564,4216.154,4194.359,4156.154,4185.256,4207.051,сжать руку
40,4244.872,4207.821,4231.923,4245.0,4241.41,4215.385,4194.872,4195.128,4207.051,4218.846,4195.128,4157.692,4183.205,4210.0,сжать руку
40,4248.718,4204.231,4240.897,4251.41,4241.026,4216.538,4196.538,4207.051,4211.667,4214.615,4192.436,4156.282,4181.026,4207.564,сжать руку
40,4249.231,4196.667,4244.359,4251.41,4243.974,4217.949,4200.256,4210.641,4215.513,4211.282,4187.564,4156.41,4180.128,4205.128,сжать руку
40,4243.077,4190.385,4242.821,4245.897,4249.103,4219.487,4200.385,4197.436,4207.308,4213.333,4190.385,4156.667,4182.308,4207.821,сжать руку
40,4243.718,4186.41,4244.615,4242.949,4249.615,4221.026,4202.051,4194.872,4204.103,4219.744,4198.333,4153.59,4191.923,4207.821,сжать руку
40,4247.051,4180.513,4247.821,4244.231,4242.949,4220.385,4205.513,4207.436,4215.385,4226.026,4199.872,4157.051,4199.231,4209.103,сжать руку
40,4240.897,4174.487,4246.282,4245.385,4239.487,4217.564,4208.59,4202.179,4214.359,4229.359,4196.282,4156.154,4197.949,4207.821,сжать руку
40,4233.846,4168.59,4240.513,4242.949,4232.051,4212.564,4211.667,4191.282,4206.795,4225.256,4196.026,4152.821,4194.615,4208.077,сжать руку
40,4235.385,4163.205,4240.128,4242.949,4220.641,4209.103,4210.641,4201.282,4213.333,4223.205,4197.179,4155.385,4193.718,4210.256,сжать руку
40,4239.231,4166.667,4245.769,4248.974,4224.744,4211.41,4206.154,4207.692,4216.41,4228.462,4200.128,4154.872,4196.154,4207.308,сжать руку
40,4241.026,4175.513,4247.821,4256.923,4242.308,4220.128,4210.769,4200.769,4211.795,4227.949,4204.744,4154.487,4198.462,4206.538,сжать руку
40,4238.974,4175.128,4247.949,4259.359,4244.359,4221.923,4221.538,4195.128,4212.179,4227.308,4205.128,4156.026,4196.282,4205.769,сжать руку
40,4235.256,4171.667,4252.692,4256.282,4234.872,4213.846,4218.59,4200.641,4216.795,4237.436,4206.923,4160.641,4199.231,4206.538,сжать руку
40,4238.974,4174.615,4260.513,4257.821,4240.513,4217.179,4207.692,4208.846,4217.308,4245.897,4212.436,4162.821,4208.59,4212.564,сжать руку
40,4242.949,4177.179,4268.333,4260.513,4250.897,4225.128,4206.41,4202.051,4212.949,4239.103,4211.667,4154.615,4208.462,4211.41,сжать руку
40,4238.974,4175.641,4269.872,4259.359,4249.744,4224.744,4213.205,4199.359,4211.667,4234.615,4208.974,4153.846,4202.308,4207.051,сжать руку
40,4238.462,4174.359,4267.564,4260.769,4246.026,4224.359,4221.923,4210.769,4214.615,4242.308,4211.923,4159.359,4202.821,4204.487,сжать руку
40,4241.282,4171.026,4270.128,4263.205,4246.282,4223.846,4220.513,4207.436,4216.538,4241.538,4212.051,4157.564,4203.974,4202.308,сжать руку
40,4237.692,4167.436,4275.256,4262.179,4247.179,4219.487,4206.795,4196.282,4215.513,4230.897,4207.564,4155.0,4198.205,4204.744,сжать руку
40,4230.769,4165.128,4274.103,4260.385,4244.872,4217.308,4200.256,4190.897,4208.974,4220.769,4204.744,4151.41,4191.41,4206.026,сжать руку
40,4230.385,4162.692,4272.692,4263.462,4239.615,4218.077,4205.769,4186.667,4201.154,4217.692,4205.256,4153.462,4192.436,4205.897,сжать руку
40,4238.077,4168.205,4280.128,4268.333,4238.846,4222.949,4211.923,4196.026,4208.718,4229.744,4207.949,4158.59,4200.128,4206.41,сжать руку
40,4240.513,4172.564,4283.077,4269.103,4241.282,4222.821,4213.077,4204.231,4217.436,4240.256,4208.59,4156.667,4201.667,4205.513,сжать руку
40,4242.308,4173.205,4284.231,4271.282,4245.256,4215.769,4211.923,4194.615,4210.513,4235.769,4209.359,4157.949,4198.205,4208.333,сжать руку
40,4251.154,4177.051,4290.769,4275.128,4250.897,4217.692,4211.667,4194.231,4207.564,4236.795,4211.923,4160.385,4202.564,4206.667,сжать руку
40,4251.282,4175.769,4290.128,4271.667,4250.0,4225.0,4213.718,4203.974,4211.282,4244.103,4213.974,4159.872,4208.077,4205.897,сжать руку
40,4245.256,4173.205,4287.564,4268.333,4248.974,4223.718,4215.897,4194.231,4203.846,4241.41,4213.077,4158.846,4205.385,4209.615,сжать руку
40,4244.744,4174.744,4288.846,4268.077,4248.974,4218.077,4212.179,4183.205,4195.641,4233.077,4210.256,4155.256,4199.744,4207.821,сжать руку
40,4246.795,4180.128,4291.667,4269.359,4243.333,4218.718,4207.692,4195.385,4201.41,4232.564,4209.359,4155.128,4199.487,4209.359,сжать руку
40,4248.59,4183.846,4296.154,4273.205,4243.462,4223.462,4211.538,4204.359,4207.564,4242.692,4212.308,4157.179,4206.154,4210.641,сжать руку
40,4247.436,4178.077,4295.513,4275.385,4247.692,4222.692,4215.641,4201.667,4207.564,4248.718,4218.205,4159.487,4209.359,4209.359,сжать руку
40,4245.256,4174.615,4292.564,4277.692,4246.282,4223.974,4218.462,4207.564,4212.692,4248.462,4221.923,4160.385,4206.282,4211.282,сжать руку
40,4246.282,4178.974,4296.026,4280.513,4245.256,4225.385,4219.103,4211.41,4215.769,4250.513,4220.385,4159.359,4202.564,4208.333,сжать руку
40,4245.769,4173.846,4298.59,4282.051,4247.308,4222.436,4216.026,4198.718,4207.051,4246.154,4215.0,4163.077,4200.769,4205.641,сжать руку
40,4238.462,4162.821,4294.359,4280.513,4248.846,4229.103,4218.718,4186.667,4198.333,4233.718,4207.436,4160.641,4196.795,4205.641,сжать руку
40,4233.333,4164.231,4286.923,4275.769,4243.718,4236.923,4222.051,4194.872,4202.308,4228.077,4202.692,4153.333,4189.487,4204.103,сжать руку
40,4231.538,4167.436,4282.692,4274.615,4240.256,4230.641,4221.282,4205.256,4210.0,4234.487,4203.974,4153.59,4191.282,4202.436,сжать руку
40,4223.462,4159.872,4283.718,4271.923,4244.103,4220.385,4215.128,4192.564,4202.821,4237.051,4205.513,4151.538,4195.897,4199.487,сжать руку
40,4219.231,4157.436,4283.205,4269.103,4245.769,4219.744,4211.282,4181.667,4190.641,4229.872,4202.949,4150.769,4194.231,4202.436,сжать руку
40,4222.821,4167.179,4283.846,4272.179,4244.103,4221.923,4215.0,4186.795,4192.821,4228.205,4204.359,4151.923,4196.538,4206.923,сжать руку
40,4225.769,4168.974,4287.692,4272.564,4238.974,4215.256,4210.0,4187.179,4201.026,4232.564,4208.974,4153.077,4203.205,4206.41,сжать руку
40,4227.821,4165.256,4291.538,4270.641,4236.667,4214.231,4204.359,4186.026,4201.026,4237.179,4210.0,4159.103,4203.718,4206.538,сжать руку
40,4228.974,4170.897,4295.128,4270.897,4239.359,4222.179,4209.744,4190.256,4197.564,4239.103,4208.846,4158.205,4201.923,4205.897,сжать руку
40,4230.385,4179.231,4300.256,4275.897,4242.564,4222.564,4208.333,4186.026,4199.231,4239.872,4209.744,4157.692,4206.795,4210.128,сжать руку
40,4233.333,4180.0,4307.564,4281.026,4243.846,4222.436,4204.231,4182.949,4205.641,4244.872,4211.538,4160.256,4208.462,4211.923,сжать руку
40,4232.949,4176.282,4306.026,4279.231,4239.744,4221.41,4200.769,4188.718,4206.026,4243.205,4210.0,4156.923,4202.179,4204.615,сжать руку
40,4231.41,4178.974,4298.718,4279.103,4238.59,4218.462,4193.462,4188.077,4201.026,4236.282,4208.077,4158.077,4199.872,4206.154,сжать руку
40,4235.897,4183.462,4301.026,4282.308,4248.077,4222.821,4190.256,4181.538,4199.359,4237.179,4207.436,4160.0,4200.641,4207.821,сжать руку
40,4230.641,4173.718,4300.128,4276.154,4248.333,4221.795,4195.385,4177.821,4195.769,4232.436,4202.949,4155.641,4193.846,4199.103,сжать руку
40,4214.359,4162.436,4290.769,4267.949,4233.333,4212.179,4199.744,4174.359,4191.154,4215.513,4192.949,4150.769,4182.308,4193.974,сжать руку
40,4210.256,4163.846,4290.128,4265.385,4229.872,4212.308,4195.769,4174.615,4193.462,4210.256,4191.154,4149.744,4180.385,4201.026,сжать руку
40,4220.897,4165.256,4297.564,4263.718,4238.974,4220.769,4192.949,4186.795,4201.41,4225.256,4201.923,4156.538,4189.872,4211.538,сжать руку
40,4225.769,4166.923,4301.667,4267.308,4238.205,4224.103,4200.513,4195.256,4204.487,4238.077,4204.872,4160.0,4199.103,4208.333,сжать руку
40,4219.359,4170.0,4299.744,4272.051,4236.026,4224.615,4208.077,4186.795,4197.051,4232.308,4195.513,4155.385,4195.641,4201.026,сжать руку
40,4218.462,4167.564,4296.923,4268.718,4243.462,4226.282,4206.026,4181.154,4192.692,4225.897,4193.077,4153.59,4188.846,4203.333,сжать руку
40,4223.077,4163.59,4296.923,4260.897,4240.128,4226.154,4207.308,4178.846,4192.308,4225.769,4196.41,4154.872,4188.333,4201.41,сжать руку
40,4218.462,4163.974,4295.256,4257.564,4230.897,4223.718,4212.564,4175.256,4190.385,4215.513,4191.923,4154.359,4186.923,4196.026,сжать руку
40,4213.333,4166.538,4292.564,4260.641,4236.667,4217.564,4209.615,4184.103,4196.026,4213.718,4193.462,4151.154,4187.179,4196.923,сжать руку
40,4224.744,4171.026,4299.744,4266.923,4243.59,4216.923,4205.769,4197.821,4208.718,4234.744,4212.564,4158.205,4199.359,4208.077,сжать руку
40,4238.462,4175.513,4313.205,4269.615,4244.487,4227.564,4206.41,4190.385,4207.949,4248.462,4224.872,4168.846,4208.974,4216.923,сжать руку
40,4236.41,4175.385,4311.026,4264.103,4243.205,4227.051,4202.436,4178.59,4197.308,4240.769,4218.462,4164.872,4202.436,4208.974,сжать руку
40,4231.795,4178.205,4299.487,4263.846,4241.026,4215.897,4198.077,4187.692,4199.872,4231.923,4216.154,4164.103,4196.282,4204.103,сжать руку
40,4237.821,4182.179,4302.692,4271.667,4244.872,4221.282,4204.615,4193.974,4206.923,4236.026,4226.41,4170.256,4201.538,4208.59,сжать руку
40,4244.744,4178.846,4311.41,4273.205,4253.846,4228.974,4204.487,4187.949,4204.615,4238.846,4229.231,4172.821,4203.205,4212.692,сжать руку
40,4246.923,4182.436,4314.103,4273.846,4251.41,4224.103,4196.923,4194.487,4204.359,4236.538,4226.282,4176.667,4203.077,4216.667,сжать руку
40,4248.462,4192.179,4315.641,4274.872,4238.974,4224.103,4200.385,4199.615,4208.59,4240.385,4226.154,4175.513,4206.026,4213.205,сжать руку
40,4246.538,4186.026,4311.923,4270.385,4232.692,4225.385,4202.436,4184.359,4205.897,4240.0,4224.359,4170.897,4202.051,4211.282,сжать руку
40,4244.487,4179.744,4308.077,4269.872,4242.949,4222.692,4198.077,4176.282,4198.718,4237.949,4224.103,4171.026,4200.256,4213.59,сжать руку
40,4242.051,4182.949,4308.846,4269.872,4250.513,4222.821,4196.026,4185.0,4198.974,4245.513,4228.462,4172.692,4206.282,4211.154,сжать руку
40,4235.0,4178.333,4306.282,4264.615,4235.897,4222.179,4190.769,4186.282,4200.641,4246.154,4229.487,4169.872,4205.769,4209.615,сжать руку
40,4230.128,4171.026,4302.564,4264.487,4225.0,4215.0,4186.282,4188.718,4201.538,4238.846,4223.718,4162.051,4200.385,4208.718,сжать руку
40,4232.564,4169.103,4304.872,4268.462,4232.179,4209.231,4189.359,4192.949,4202.821,4237.692,4218.718,4165.769,4201.282,4210.513,сжать руку
40,4238.846,4174.231,4312.051,4269.231,4240.769,4213.333,4191.538,4181.667,4199.359,4242.564,4223.333,4176.154,4208.718,4215.385,сжать руку
40,4239.872,4175.128,4312.051,4266.41,4233.974,4217.692,4187.949,4178.205,4198.718,4247.179,4230.513,4174.872,4214.872,4216.538,сжать руку
40,4236.154,4170.256,4305.641,4266.282,4225.0,4217.821,4187.308,4189.103,4202.051,4246.795,4229.103,4172.821,4212.308,4216.026,сжать руку
40,4235.256,4175.513,4304.103,4268.077,4232.308,4218.205,4192.564,4187.051,4198.718,4238.333,4222.949,4170.641,4204.872,4211.282,сжать руку
40,4237.436,4186.923,4304.231,4269.872,4237.564,4213.462,4190.0,4180.256,4193.59,4227.179,4219.231,4168.205,4199.615,4208.333,сжать руку
40,4244.103,4195.0,4306.795,4276.538,4237.564,4209.359,4178.846,4179.872,4191.538,4225.385,4217.692,4171.282,4198.462,4215.0,сжать руку
40,4252.179,4199.359,4314.103,4279.103,4239.231,4208.718,4171.667,4180.385,4193.974,4228.077,4216.795,4172.051,4195.513,4217.308,сжать руку
40,4250.0,4195.769,4310.256,4270.513,4236.923,4207.821,4172.436,4189.103,4201.795,4227.821,4215.769,4173.077,4191.41,4213.59,сжать руку
40,4235.385,4183.077,4298.974,4263.077,4233.846,4209.487,4178.974,4194.615,4200.769,4224.359,4211.41,4170.513,4187.949,4207.436,сжать руку
40,4230.513,4179.487,4297.949,4264.615,4230.513,4214.103,4178.718,4182.308,4190.0,4219.103,4210.256,4165.256,4188.333,4206.154,сжать руку
40,4244.231,4190.385,4304.231,4270.897,4229.103,4221.282,4174.231,4180.897,4195.0,4224.872,4215.769,4168.59,4195.641,4212.051,сжать руку
40,4245.641,4187.692,4303.333,4271.282,4231.41,4220.128,4173.205,4191.795,4206.923,4231.538,4214.744,4167.051,4192.692,4209.744,сжать руку
40,4231.923,4179.615,4298.333,4268.333,4232.308,4213.59,4172.436,4186.795,4202.436,4222.821,4208.333,4163.077,4182.308,4205.256,сжать руку
40,4236.154,4194.231,4304.487,4273.077,4240.128,4217.692,4174.359,4174.231,4196.026,4221.795,4208.59,4166.41,4186.41,4207.949,сжать руку
40,4249.487,4209.103,4309.615,4277.949,4246.667,4225.128,4180.897,4174.487,4197.179,4232.308,4211.026,4168.205,4194.487,4211.923,сжать руку
40,4241.026,4194.359,4298.462,4272.564,4238.077,4225.0,4189.103,4190.513,4201.026,4235.0,4208.59,4164.744,4190.897,4210.641,сжать руку
40,4225.128,4177.308,4286.41,4266.41,4232.821,4223.718,4189.359,4192.564,4200.256,4230.0,4205.513,4158.718,4184.359,4200.897,сжать руку
40,4221.923,4181.923,4282.949,4268.462,4237.564,4225.769,4188.077,4180.385,4196.41,4217.436,4201.41,4156.282,4180.385,4198.59,сжать руку
40,4220.769,4183.846,4283.462,4271.795,4237.564,4226.154,4191.41,4190.256,4200.256,4210.897,4195.897,4154.615,4173.59,4202.949,сжать руку
40,4217.821,4173.718,4283.462,4266.41,4232.692,4221.795,4187.051,4194.615,4199.487,4215.513,4192.821,4155.256,4171.154,4200.897,сжать руку
40,4218.077,4173.718,4281.667,4262.308,4232.436,4220.385,4182.179,4181.923,4195.256,4213.974,4192.949,4162.821,4175.513,4200.256,сжать руку
40,4220.128,4180.385,4280.0,4263.974,4236.795,4226.795,4182.949,4183.077,4200.385,4212.179,4198.974,4161.41,4179.359,4201.923,сжать руку
40,4223.462,4179.103,4282.436,4265.641,4239.615,4226.923,4180.128,4185.641,4200.641,4219.103,4205.513,4156.282,4182.949,4204.487,сжать руку
40,4225.385,4182.949,4285.513,4268.205,4235.641,4217.179,4172.308,4170.897,4189.615,4222.179,4203.59,4158.59,4186.538,4206.154,сжать руку
40,4219.744,4185.128,4280.385,4262.436,4226.667,4215.128,4167.564,4170.128,4189.359,4217.308,4201.282,4160.0,4184.359,4202.564,сжать руку
40,4220.256,4176.282,4278.974,4254.231,4226.026,4220.385,4175.0,4192.821,4203.59,4219.103,4207.179,4161.282,4183.846,4206.026,сжать руку
40,4231.923,4178.59,4289.744,4259.744,4230.897,4218.077,4187.308,4196.538,4205.385,4224.872,4211.538,4161.41,4188.077,4209.487,сжать руку
41,4224.359,4186.667,4287.821,4265.385,4229.103,4217.436,4177.179,4181.667,4196.026,4227.564,4211.154,4160.128,4185.513,4203.077,разжать руку
41,4222.821,4178.718,4285.513,4262.821,4222.051,4216.41,4181.923,4192.692,4201.282,4226.154,4210.128,4159.103,4183.462,4200.641,разжать руку
41,4224.872,4174.487,4285.641,4260.641,4219.231,4214.103,4186.282,4196.41,4208.333,4220.769,4206.923,4161.282,4184.487,4205.769,разжать руку
41,4221.667,4175.641,4284.359,4255.128,4224.744,4219.744,4180.769,4197.821,4207.179,4224.615,4206.795,4159.744,4187.692,4204.744,разжать руку
41,4214.103,4172.692,4272.051,4250.897,4226.41,4215.128,4170.641,4186.41,4190.128,4221.282,4207.179,4154.231,4186.282,4194.231,разжать руку
41,4207.308,4161.282,4261.282,4250.128,4227.692,4210.256,4172.692,4172.308,4179.615,4208.846,4205.641,4155.641,4183.333,4195.128,разжать руку
41,4208.718,4156.41,4266.154,4252.308,4221.667,4215.769,4186.026,4191.282,4197.179,4215.385,4206.795,4159.103,4185.128,4202.436,разжать руку
41,4217.564,4165.385,4275.769,4257.051,4209.744,4216.667,4185.513,4204.615,4205.128,4226.667,4210.128,4162.564,4186.667,4204.359,разжать руку
41,4222.821,4174.487,4279.103,4257.564,4217.051,4213.718,4177.436,4186.282,4191.026,4220.897,4211.795,4162.692,4187.179,4203.333,разжать руку
41,4221.41,4171.667,4277.179,4250.256,4226.282,4211.41,4180.128,4185.0,4193.59,4216.026,4211.026,4162.308,4187.051,4204.359,разжать руку
41,4219.359,4167.564,4278.59,4250.0,4218.333,4208.846,4179.103,4200.128,4206.026,4222.564,4209.872,4165.385,4185.769,4206.667,разжать руку
41,4219.359,4168.718,4281.282,4254.487,4217.564,4214.615,4172.949,4190.385,4198.462,4224.487,4210.513,4163.462,4185.385,4203.333,разжать руку
41,4216.538,4168.205,4277.436,4250.0,4225.641,4222.179,4175.128,4181.795,4188.077,4215.256,4212.051,4159.615,4183.077,4201.154,разжать руку
41,4217.564,4172.821,4275.897,4246.795,4226.795,4220.0,4179.487,4195.513,4198.974,4218.333,4210.256,4160.0,4183.205,4203.718,разжать руку
41,4220.769,4176.667,4278.846,4248.974,4225.513,4217.692,4181.538,4195.897,4203.718,4229.744,4210.256,4162.821,4187.692,4203.59,разжать руку
41,4217.308,4172.436,4278.462,4249.615,4226.923,4222.051,4185.641,4192.564,4200.897,4227.179,4217.308,4168.077,4192.949,4205.769,разжать руку
41,4217.692,4171.41,4278.462,4248.077,4227.564,4225.128,4182.308,4204.744,4209.872,4232.692,4222.949,4169.103,4199.872,4209.872,разжать руку
41,4225.385,4174.744,4281.923,4250.513,4221.923,4224.744,4179.487,4204.231,4211.282,4245.128,4224.744,4169.359,4203.59,4212.821,разжать руку
41,4224.359,4173.205,4280.385,4254.487,4219.615,4221.026,4190.769,4191.923,4200.769,4237.821,4222.821,4168.077,4199.359,4209.615,разжать руку
41,4215.513,4171.154,4273.333,4252.692,4226.026,4215.769,4189.872,4187.308,4194.872,4223.846,4215.256,4162.436,4193.846,4203.077,разжать руку
41,4217.179,4173.333,4272.564,4256.026,4226.41,4216.795,4177.949,4193.846,4198.846,4224.231,4212.821,4166.282,4196.282,4208.333,разжать руку
41,4222.051,4170.769,4276.026,4260.769,4221.538,4217.564,4183.077,4201.41,4204.231,4228.077,4216.282,4165.897,4198.718,4209.487,разжать руку
41,4222.179,4169.872,4275.0,4258.718,4221.154,4213.59,4186.282,4197.821,4202.308,4224.872,4213.974,4159.231,4193.718,4204.872,разжать руку
41,4227.308,4178.333,4273.205,4259.487,4223.077,4218.462,4180.769,4184.359,4193.846,4223.718,4210.897,4161.154,4194.103,4210.0,разжать руку
41,4231.154,4178.59,4272.179,4262.179,4221.795,4221.282,4183.205,4186.282,4196.667,4225.256,4212.179,4161.538,4197.436,4211.154,разжать руку
41,4229.103,4176.41,4267.692,4261.667,4220.897,4216.282,4184.744,4203.462,4209.615,4226.154,4212.179,4160.641,4193.462,4208.59,разжать руку
41,4233.846,4193.974,4265.897,4262.564,4224.103,4219.103,4183.333,4200.0,4204.103,4226.282,4209.615,4158.718,4191.282,4211.154,разжать руку
41,4249.359,4217.949,4272.179,4269.487,4227.308,4221.795,4189.487,4190.641,4196.41,4225.0,4212.564,4160.769,4199.615,4217.949,разжать руку
41,4267.179,4232.308,4281.538,4279.872,4229.744,4216.154,4191.154,4203.718,4206.41,4230.256,4220.0,4168.077,4210.897,4223.974,разжать руку
41,4274.615,4239.615,4286.923,4283.846,4232.051,4210.256,4179.872,4202.564,4205.385,4233.333,4223.205,4166.282,4214.359,4222.436,разжать руку
41,4271.026,4237.436,4283.974,4280.897,4226.154,4212.949,4178.59,4191.41,4198.077,4227.308,4221.026,4162.949,4212.821,4219.359,разжать руку
41,4270.385,4235.513,4279.872,4282.949,4225.0,4221.923,4190.385,4201.154,4206.282,4226.41,4222.821,4163.333,4213.333,4216.282,разжать руку
41,4272.949,4236.41,4277.308,4285.641,4229.103,4221.154,4186.282,4195.256,4203.462,4224.103,4223.077,4163.974,4214.872,4218.205,разжать руку
41,4262.564,4226.026,4268.718,4278.077,4219.744,4213.718,4176.795,4172.692,4186.667,4211.41,4214.231,4164.103,4206.667,4217.436,разжать руку
41,4242.051,4211.154,4256.41,4267.949,4212.436,4217.308,4177.821,4176.923,4184.615,4200.128,4204.872,4154.615,4189.231,4200.641,разжать руку
41,4232.308,4204.615,4248.718,4267.179,4218.333,4222.821,4177.436,4193.077,4192.949,4197.949,4203.205,4150.256,4182.949,4195.897,разжать руку
41,4235.128,4200.385,4251.282,4270.385,4220.513,4222.949,4184.615,4196.923,4199.615,4207.949,4206.282,4158.59,4189.231,4206.795,разжать руку
41,4237.051,4193.59,4255.513,4268.846,4216.41,4222.179,4193.718,4193.59,4200.385,4218.974,4210.0,4164.615,4195.128,4210.769,разжать руку
41,4241.667,4196.026,4258.718,4270.0,4220.897,4222.308,4185.256,4185.769,4192.308,4221.538,4212.564,4167.436,4198.974,4212.949,разжать руку
41,4244.487,4202.179,4266.667,4271.41,4227.308,4219.872,4175.769,4190.513,4195.385,4226.538,4213.462,4164.487,4197.949,4210.0,разжать руку
41,4239.359,4201.282,4267.436,4271.795,4223.333,4217.308,4180.0,4201.923,4206.795,4229.615,4209.872,4161.282,4194.231,4205.385,разжать руку
41,4240.641,4206.667,4265.897,4279.231,4221.41,4223.333,4185.769,4189.231,4199.231,4225.641,4210.513,4166.41,4198.462,4212.179,разжать руку
41,4247.692,4208.59,4270.256,4279.744,4221.282,4227.179,4193.718,4185.513,4198.59,4229.615,4218.59,4171.795,4205.897,4215.513,разжать руку
41,4246.026,4197.308,4270.256,4272.949,4222.051,4219.744,4203.718,4205.128,4214.615,4233.077,4220.0,4171.154,4204.103,4210.385,разжать руку
41,4239.615,4196.154,4266.154,4272.821,4227.051,4215.0,4196.795,4195.385,4204.744,4220.513,4210.641,4162.308,4198.462,4205.641,разжать руку
41,4238.974,4205.256,4263.462,4271.538,4225.513,4220.897,4186.667,4180.769,4190.256,4214.872,4210.0,4159.615,4200.385,4207.179,разжать руку
41,4241.923,4206.667,4264.231,4268.846,4221.923,4226.026,4197.179,4201.538,4205.256,4230.897,4218.205,4165.513,4206.923,4211.667,разжать руку
41,4234.872,4198.205,4260.385,4266.667,4218.974,4220.513,4206.923,4207.692,4208.846,4235.769,4216.154,4160.641,4202.308,4205.0,разжать руку
41,4224.487,4192.308,4250.641,4264.231,4218.077,4215.128,4200.385,4196.41,4196.41,4225.128,4209.744,4158.205,4193.333,4200.513,разжать руку
41,4228.205,4199.231,4252.051,4266.154,4224.615,4222.436,4195.769,4201.41,4199.487,4233.462,4212.949,4167.821,4199.744,4208.718,разжать руку
41,4229.487,4199.744,4255.769,4264.231,4224.487,4229.487,4200.641,4201.282,4201.538,4242.692,4215.256,4169.487,4206.282,4209.487,разжать руку
41,4217.308,4189.487,4246.41,4254.872,4216.795,4224.103,4201.41,4191.282,4196.282,4232.436,4210.769,4164.615,4201.282,4203.077,разжать руку
41,4212.564,4188.462,4242.436,4250.769,4217.692,4217.692,4194.359,4191.41,4197.949,4227.821,4209.231,4164.487,4197.179,4202.564,разжать руку
41,4220.897,4197.949,4251.41,4257.564,4217.436,4220.385,4190.769,4203.59,4208.077,4237.692,4212.051,4168.718,4198.974,4209.231,разжать руку
41,4228.846,4202.692,4254.615,4261.154,4213.462,4225.641,4195.513,4212.308,4215.0,4245.385,4213.077,4167.308,4203.974,4211.026,разжать руку
41,4228.205,4195.769,4245.897,4253.205,4216.026,4223.718,4199.872,4196.154,4205.385,4235.513,4209.487,4161.667,4203.333,4206.41,разжать руку
41,4221.282,4191.667,4238.846,4247.949,4220.769,4223.205,4196.154,4177.308,4193.59,4222.949,4207.051,4165.897,4199.744,4206.667,разжать руку
41,4215.769,4196.538,4238.718,4251.538,4224.487,4221.41,4183.846,4189.231,4199.615,4230.256,4213.974,4169.487,4201.026,4205.897,разжать руку
41,4216.923,4199.615,4241.41,4255.385,4223.846,4212.308,4174.744,4210.897,4215.641,4244.487,4225.128,4167.179,4205.769,4206.538,разжать руку
41,4223.333,4198.077,4245.385,4256.41,4219.615,4213.077,4185.385,4212.949,4219.103,4247.436,4229.487,4165.769,4207.692,4210.0,разжать руку
41,4227.051,4195.897,4243.974,4254.487,4219.744,4222.564,4191.667,4195.513,4204.359,4237.051,4227.436,4167.821,4206.41,4207.308,разжать руку
41,4224.231,4192.949,4237.821,4250.256,4223.077,4227.692,4187.564,4179.487,4190.769,4226.667,4225.256,4169.615,4205.513,4206.538,разжать руку
41,4219.359,4187.821,4234.103,4245.256,4220.128,4222.564,4193.205,4188.846,4200.256,4228.462,4223.59,4164.359,4204.359,4207.949,разжать руку
41,4220.513,4188.077,4234.487,4245.641,4216.41,4214.359,4191.923,4204.615,4211.795,4232.564,4223.462,4167.179,4206.282,4210.513,разжать руку
41,4227.308,4193.462,4238.974,4253.077,4221.026,4220.769,4190.513,4196.41,4203.718,4232.308,4226.154,4174.872,4211.282,4212.436,разжать руку
41,4231.026,4198.077,4242.821,4255.128,4219.359,4229.231,4200.513,4189.872,4201.282,4237.051,4227.564,4173.718,4215.769,4211.538,разжать руку
41,4230.897,4203.333,4243.077,4253.333,4215.513,4223.205,4198.846,4205.513,4209.487,4242.051,4228.974,4177.821,4216.795,4212.692,разжать руку
41,4226.41,4202.051,4240.128,4253.462,4226.538,4217.436,4190.641,4205.385,4205.256,4239.744,4228.462,4178.333,4213.077,4208.333,разжать руку
41,4223.077,4199.744,4237.692,4249.487,4232.179,4221.538,4195.769,4194.872,4204.359,4237.051,4224.744,4170.897,4210.641,4207.179,разжать руку
41,4230.513,4215.385,4243.077,4249.359,4225.769,4224.615,4202.949,4211.795,4220.0,4242.949,4226.923,4169.872,4217.051,4214.744,разжать руку
41,4237.308,4230.385,4247.821,4255.385,4228.462,4227.949,4205.641,4219.615,4219.103,4248.59,4233.077,4171.026,4221.282,4212.949,разжать руку
41,4232.949,4222.949,4243.846,4253.205,4238.718,4230.769,4209.744,4192.949,4198.205,4243.974,4231.795,4170.256,4218.205,4208.718,разжать руку
41,4231.795,4219.231,4244.231,4245.513,4241.154,4226.41,4204.103,4182.051,4199.231,4241.154,4227.179,4168.59,4218.462,4211.282,разжать руку
41,4238.462,4224.487,4251.026,4245.385,4233.462,4224.103,4203.974,4208.077,4218.59,4243.077,4227.051,4171.282,4219.487,4210.513,разжать руку
41,4239.231,4221.538,4251.026,4247.821,4227.692,4227.949,4219.231,4221.026,4220.641,4244.359,4226.41,4176.154,4217.949,4208.462,разжать руку
41,4234.744,4215.769,4244.103,4240.0,4226.795,4224.103,4219.359,4204.744,4212.308,4242.564,4223.205,4170.0,4217.821,4208.077,разжать руку
41,4230.385,4212.949,4241.41,4231.538,4225.513,4217.308,4206.026,4198.462,4213.462,4236.795,4223.077,4166.795,4217.179,4210.513,разжать руку
41,4234.231,4220.897,4248.846,4239.744,4228.077,4225.256,4202.564,4200.128,4209.872,4236.538,4224.231,4171.41,4218.718,4211.795,разжать руку
41,4239.872,4226.795,4250.256,4247.949,4223.462,4228.846,4203.462,4199.744,4203.59,4238.846,4222.821,4173.205,4221.667,4210.897,разжать руку
41,4233.718,4215.256,4241.154,4240.897,4213.333,4218.077,4203.077,4217.692,4215.769,4240.513,4220.641,4171.923,4218.077,4210.769,разжать руку
41,4226.538,4210.769,4237.436,4235.641,4219.231,4217.051,4202.564,4219.359,4218.333,4239.103,4218.974,4164.231,4214.103,4207.436,разжать руку
41,4228.974,4218.333,4236.282,4240.256,4231.795,4223.718,4191.538,4186.795,4194.231,4227.179,4216.026,4160.385,4216.154,4208.077,разжать руку
41,4230.385,4220.385,4232.692,4241.026,4231.154,4224.615,4184.872,4188.077,4195.0,4227.436,4216.026,4165.256,4216.154,4208.077,разжать руку
41,4225.513,4219.872,4230.769,4237.308,4220.128,4223.077,4195.769,4219.872,4219.103,4245.641,4218.846,4166.282,4214.231,4203.718,разжать руку
41,4225.256,4223.59,4231.923,4241.538,4218.205,4224.103,4201.923,4215.769,4216.667,4248.462,4217.051,4165.641,4215.769,4208.205,разжать руку
41,4224.744,4221.41,4229.359,4242.821,4224.487,4223.846,4197.179,4194.872,4201.923,4232.308,4211.026,4163.205,4213.974,4206.538,разжать руку
41,4216.154,4217.692,4224.103,4235.769,4224.231,4222.564,4194.744,4196.795,4206.282,4226.026,4208.077,4160.513,4210.0,4200.0,разжать руку
41,4217.308,4223.846,4226.41,4235.897,4220.769,4224.103,4197.692,4211.41,4219.103,4240.769,4211.795,4166.282,4215.641,4206.667,разжать руку
41,4224.615,4222.436,4228.333,4237.564,4220.385,4225.385,4202.308,4213.333,4219.103,4250.769,4216.41,4169.231,4222.692,4212.949,разжать руку
41,4226.282,4218.846,4227.051,4239.231,4222.564,4229.359,4205.0,4204.487,4210.385,4239.615,4218.846,4167.308,4222.051,4212.179,разжать руку
41,4230.513,4229.872,4233.718,4243.462,4223.077,4232.949,4203.205,4208.205,4212.179,4233.846,4220.769,4167.692,4222.564,4209.872,разжать руку
41,4239.231,4236.282,4240.513,4245.256,4223.974,4226.667,4195.769,4217.564,4219.359,4244.872,4224.744,4167.179,4226.026,4210.769,разжать руку
41,4237.436,4229.103,4233.974,4242.949,4226.026,4222.949,4197.949,4203.718,4211.282,4242.949,4223.974,4162.564,4225.769,4210.513,разжать руку
41,4225.641,4222.692,4222.564,4237.179,4223.205,4225.128,4205.897,4188.846,4200.769,4228.846,4214.744,4158.974,4221.923,4205.256,разжать руку
41,4225.385,4221.923,4223.718,4236.795,4215.769,4220.385,4197.051,4200.513,4203.846,4228.718,4211.026,4164.872,4218.974,4206.795,разжать руку
41,4229.615,4221.538,4232.179,4239.872,4213.205,4218.846,4186.282,4204.359,4203.077,4233.077,4212.564,4166.282,4217.949,4210.385,разжать руку
41,4227.179,4219.487,4232.949,4237.308,4215.769,4221.41,4190.0,4194.872,4200.128,4232.051,4214.231,4164.359,4218.077,4211.282,разжать руку
41,4227.949,4221.923,4231.41,4237.179,4215.128,4216.41,4191.154,4201.538,4208.59,4237.179,4218.718,4167.051,4220.128,4213.077,разжать руку
41,4226.154,4223.462,4228.462,4236.026,4208.718,4209.487,4179.872,4207.692,4208.333,4230.0,4217.051,4159.872,4217.051,4206.154,разжать руку
41,4220.0,4217.564,4218.462,4231.282,4201.282,4207.436,4172.692,4201.923,4198.974,4211.538,4211.154,4154.231,4212.949,4200.256,разжать руку
42,4232.949,4228.205,4229.487,4245.513,4212.308,4209.103,4189.359,4198.205,4204.744,4228.974,4220.897,4164.231,4219.103,4213.462,сжать руку
42,4232.692,4234.231,4231.41,4244.872,4207.692,4215.897,4193.59,4204.872,4206.667,4232.308,4222.821,4169.359,4223.718,4219.231,сжать руку
42,4236.795,4235.513,4233.462,4245.256,4215.641,4223.718,4196.538,4209.872,4206.667,4238.974,4226.41,4168.205,4230.256,4217.436,сжать руку
42,4237.308,4234.744,4233.718,4245.0,4225.897,4222.308,4196.026,4201.923,4205.641,4240.641,4224.615,4163.333,4228.333,4213.59,сжать руку
42,4225.0,4230.128,4226.667,4237.564,4223.333,4220.769,4198.846,4203.205,4212.436,4242.821,4222.179,4162.949,4224.487,4211.667,сжать руку
42,4220.256,4220.897,4223.333,4232.179,4216.667,4225.0,4205.128,4214.231,4218.718,4244.231,4223.974,4162.564,4224.359,4211.282,сжать руку
42,4228.59,4220.256,4229.231,4234.359,4212.436,4225.769,4204.744,4212.821,4214.231,4236.154,4221.026,4162.436,4223.718,4215.897,сжать руку
42,4232.821,4226.154,4235.513,4236.026,4211.923,4218.462,4196.026,4203.205,4207.179,4233.974,4219.359,4162.179,4223.846,4215.641,сжать руку
42,4228.205,4228.333,4231.41,4235.128,4216.41,4216.667,4189.872,4195.897,4203.846,4235.128,4221.026,4162.821,4224.103,4211.667,сжать руку
42,4224.103,4224.615,4227.051,4235.641,4219.744,4224.103,4200.0,4216.282,4212.692,4229.872,4220.256,4164.487,4222.179,4212.821,сжать руку
42,4226.026,4225.0,4231.282,4236.41,4213.974,4222.692,4200.385,4236.795,4225.0,4234.103,4221.538,4163.333,4224.615,4211.667,сжать руку
42,4224.872,4230.513,4228.974,4233.462,4208.333,4216.667,4189.231,4210.385,4213.718,4237.821,4220.769,4160.513,4224.231,4209.359,сжать руку
42,4216.538,4226.538,4217.692,4227.821,4213.462,4222.179,4200.0,4189.744,4203.333,4229.615,4210.897,4155.128,4216.026,4206.026,сжать руку
42,4218.59,4218.59,4214.231,4227.051,4218.974,4228.846,4210.128,4207.564,4212.436,4227.692,4207.692,4155.769,4213.077,4205.385,сжать руку
42,4227.179,4221.026,4219.231,4232.436,4217.436,4228.205,4205.897,4214.487,4212.692,4232.564,4214.359,4160.128,4218.846,4211.026,сжать руку
42,4222.436,4221.41,4217.949,4230.769,4212.308,4226.538,4216.026,4205.128,4203.462,4228.077,4213.077,4157.436,4218.205,4208.718,сжать руку
42,4221.923,4219.744,4218.462,4228.205,4214.487,4225.897,4224.872,4210.897,4210.128,4225.0,4211.538,4162.308,4216.282,4207.308,сжать руку
42,4240.769,4242.692,4234.487,4243.205,4224.487,4229.615,4204.615,4209.872,4217.436,4238.205,4220.385,4169.231,4228.333,4215.128,сжать руку
42,4247.949,4258.462,4238.077,4249.103,4226.282,4230.128,4189.487,4209.359,4215.385,4244.744,4221.923,4166.41,4233.846,4217.308,сжать руку
42,4230.513,4237.949,4219.615,4232.692,4220.385,4223.333,4201.026,4225.0,4219.615,4234.744,4211.282,4165.256,4221.795,4209.872,сжать руку
42,4218.718,4224.103,4210.769,4226.154,4219.872,4219.231,4203.59,4205.769,4213.205,4223.846,4202.436,4161.795,4213.59,4203.077,сжать руку
42,4226.026,4234.872,4220.0,4236.795,4219.231,4221.538,4191.795,4178.077,4199.872,4219.359,4202.692,4158.59,4217.692,4209.103,сжать руку
42,4235.641,4241.41,4229.359,4241.026,4214.359,4223.462,4190.128,4197.821,4207.308,4224.744,4208.462,4162.821,4220.641,4214.231,сжать руку
42,4235.256,4234.103,4228.974,4233.59,4208.846,4217.308,4195.0,4222.051,4218.462,4230.769,4211.026,4170.385,4217.821,4210.385,сжать руку
42,4231.795,4230.897,4226.282,4230.769,4208.205,4216.026,4197.308,4206.282,4210.897,4228.205,4207.821,4171.538,4218.974,4210.513,сжать руку
42,4225.513,4228.718,4223.333,4228.846,4212.564,4221.41,4193.077,4187.564,4200.513,4223.462,4206.154,4160.897,4217.949,4208.462,сжать руку
42,4221.282,4228.077,4221.795,4227.308,4211.667,4223.59,4194.359,4199.359,4210.128,4225.385,4209.487,4160.256,4216.026,4207.821,сжать руку
42,4226.923,4234.615,4225.385,4231.667,4205.513,4226.026,4210.641,4207.436,4214.744,4225.128,4207.692,4168.59,4214.615,4211.41,сжать руку
42,4224.231,4226.667,4222.436,4225.897,4202.949,4226.795,4215.0,4195.385,4202.949,4210.385,4196.282,4164.744,4200.256,4204.744,сжать руку
42,4213.205,4213.333,4213.59,4217.179,4204.231,4223.333,4200.641,4199.103,4204.103,4201.026,4193.59,4159.615,4191.795,4198.974,сжать руку
42,4217.692,4220.385,4213.462,4218.333,4206.538,4220.513,4194.103,4210.256,4213.846,4216.154,4204.615,4161.667,4211.795,4205.897,сжать руку
42,4226.282,4226.923,4220.256,4221.923,4201.154,4224.231,4215.513,4203.59,4211.538,4230.128,4212.436,4165.897,4229.744,4214.359,сжать руку
42,4230.769,4228.077,4228.718,4227.692,4204.359,4227.051,4227.308,4205.513,4212.179,4237.308,4218.59,4170.641,4233.974,4218.205,сжать руку
42,4239.744,4235.897,4233.846,4232.179,4217.179,4220.769,4205.641,4210.769,4218.718,4249.615,4226.923,4171.282,4242.692,4217.564,сжать руку
42,4239.487,4236.154,4230.513,4230.385,4213.333,4220.897,4200.769,4209.231,4216.41,4252.179,4227.436,4172.949,4243.333,4215.641,сжать руку
42,4232.949,4230.769,4229.615,4226.795,4205.385,4228.846,4220.0,4218.205,4221.026,4249.103,4224.872,4173.846,4234.744,4214.103,сжать руку
42,4232.564,4230.128,4230.0,4225.128,4208.974,4222.692,4213.59,4219.872,4227.564,4252.308,4227.564,4170.128,4236.667,4217.692,сжать руку
42,4232.051,4229.103,4226.282,4225.769,4214.744,4216.667,4203.718,4209.872,4220.897,4253.462,4228.333,4169.231,4241.026,4219.744,сжать руку
42,4232.692,4230.256,4225.897,4226.923,4211.538,4225.128,4216.667,4209.231,4218.077,4249.615,4222.051,4169.872,4234.231,4214.487,сжать руку
42,4240.385,4238.205,4231.795,4230.385,4208.333,4225.897,4210.256,4206.282,4220.385,4246.154,4220.897,4172.692,4230.513,4215.641,сжать руку
42,4240.256,4238.974,4232.436,4228.846,4210.256,4221.282,4207.179,4199.615,4215.641,4240.256,4222.949,4168.59,4229.487,4213.333,сжать руку
42,4229.231,4230.513,4222.692,4220.897,4207.051,4221.795,4220.769,4207.564,4209.872,4233.333,4216.154,4160.513,4224.615,4207.179,сжать руку
42,4231.154,4232.564,4222.436,4223.205,4205.897,4217.308,4209.359,4219.487,4217.692,4241.154,4215.513,4166.538,4229.487,4216.026,сжать руку
42,4235.897,4235.641,4227.564,4228.974,4207.051,4213.205,4202.179,4213.205,4219.487,4245.128,4220.897,4171.923,4232.564,4216.282,сжать руку
42,4229.872,4231.026,4222.564,4226.026,4204.872,4217.308,4210.0,4201.41,4210.128,4232.436,4216.795,4169.615,4226.667,4210.769,сжать руку
42,4226.282,4230.385,4218.462,4220.513,4201.026,4219.615,4206.923,4209.872,4213.59,4230.385,4211.538,4166.923,4228.333,4215.513,сжать руку
42,4227.051,4232.949,4218.974,4219.359,4200.385,4215.256,4206.154,4231.667,4221.923,4237.179,4212.564,4167.051,4231.154,4214.359,сжать руку
42,4227.436,4236.41,4218.205,4225.256,4206.538,4216.026,4217.308,4225.897,4218.077,4233.59,4211.026,4169.744,4228.974,4209.487,сжать руку
42,4225.769,4240.513,4216.154,4232.692,4204.615,4220.256,4211.538,4198.846,4206.923,4227.949,4207.051,4167.308,4228.846,4208.205,сжать руку
42,4219.487,4237.692,4208.205,4229.615,4195.128,4221.667,4204.744,4198.077,4203.333,4223.846,4206.282,4164.103,4226.41,4207.179,сжать руку
42,4211.667,4231.026,4198.59,4219.487,4196.667,4220.513,4222.821,4210.769,4207.692,4220.769,4205.0,4161.026,4221.026,4205.385,сжать руку
42,4217.051,4235.128,4203.077,4224.744,4208.333,4214.231,4220.897,4209.487,4215.256,4230.256,4211.154,4164.487,4230.256,4210.128,сжать руку
42,4230.897,4247.564,4215.513,4240.769,4213.462,4216.154,4208.077,4211.154,4221.282,4244.744,4222.308,4178.077,4244.359,4218.205,сжать руку
42,4231.154,4248.333,4217.179,4238.846,4214.231,4221.923,4217.051,4218.077,4221.538,4248.077,4222.436,4178.846,4245.641,4215.0,сжать руку
42,4223.462,4244.615,4208.718,4228.205,4215.128,4217.308,4221.41,4221.154,4221.282,4244.872,4221.026,4172.051,4242.308,4211.41,сжать руку
42,4220.769,4248.846,4202.179,4232.564,4212.308,4217.821,4213.974,4212.564,4218.59,4245.385,4230.0,4173.077,4242.564,4213.205,сжать руку
42,4216.923,4247.692,4198.077,4231.667,4210.128,4217.821,4211.282,4204.103,4217.564,4246.923,4232.051,4172.821,4240.256,4211.282,сжать руку
42,4212.821,4242.051,4196.026,4220.513,4208.077,4211.795,4212.821,4212.308,4221.026,4241.282,4224.744,4173.077,4235.385,4212.179,сжать руку
42,4213.59,4243.974,4196.923,4220.256,4203.59,4217.949,4210.897,4210.0,4216.538,4228.462,4224.744,4168.462,4234.487,4210.513,сжать руку
42,4209.872,4240.641,4192.821,4220.513,4195.897,4222.308,4209.103,4196.538,4209.744,4221.538,4228.333,4163.333,4237.051,4207.821,сжать руку
42,4207.179,4234.487,4192.436,4215.897,4195.769,4213.205,4214.872,4223.59,4227.179,4235.897,4231.667,4169.615,4240.256,4212.051,сжать руку
42,4213.205,4237.308,4194.872,4215.897,4203.205,4209.231,4220.641,4244.872,4240.128,4246.667,4235.641,4169.359,4239.231,4210.0,сжать руку
42,4216.923,4243.077,4190.641,4218.462,4203.205,4213.205,4211.538,4205.256,4218.974,4233.59,4231.282,4163.205,4233.205,4207.179,сжать руку
42,4217.564,4249.615,4192.051,4221.667,4202.051,4213.718,4202.179,4188.205,4209.103,4233.718,4227.436,4166.923,4237.821,4210.769,сжать руку
42,4218.974,4255.0,4202.436,4225.513,4205.513,4211.154,4211.026,4225.513,4229.359,4250.256,4235.385,4173.846,4247.308,4213.59,сжать руку
42,4221.41,4259.103,4209.487,4228.974,4204.487,4211.282,4216.667,4231.923,4233.205,4248.974,4239.615,4172.692,4245.641,4214.103,сжать руку
42,4224.872,4261.41,4207.564,4227.051,4198.974,4211.923,4209.744,4205.385,4215.897,4238.462,4231.282,4166.538,4237.949,4211.923,сжать руку
42,4230.385,4260.513,4204.487,4226.538,4201.667,4211.795,4212.179,4214.359,4219.872,4241.795,4230.641,4170.0,4241.154,4216.538,сжать руку
42,4238.205,4263.333,4206.538,4232.821,4208.846,4212.821,4220.641,4233.974,4233.077,4249.231,4241.154,4174.103,4252.179,4225.0,сжать руку
42,4242.564,4266.41,4207.308,4235.256,4205.256,4213.205,4210.897,4215.641,4225.513,4247.949,4247.692,4173.077,4257.436,4224.231,сжать руку
42,4239.872,4266.026,4202.564,4232.949,4206.923,4212.436,4197.179,4193.59,4211.282,4243.462,4244.103,4173.974,4255.513,4219.487,сжать руку
42,4230.385,4261.538,4193.077,4227.179,4212.179,4211.154,4206.923,4203.718,4212.179,4232.692,4233.077,4166.154,4242.564,4213.077,сжать руку
42,4226.538,4259.615,4185.897,4223.59,4204.231,4213.205,4216.41,4220.513,4226.026,4226.538,4227.179,4162.692,4237.436,4212.564,сжать руку
42,4233.462,4269.359,4186.667,4229.487,4204.744,4220.385,4210.769,4212.821,4225.641,4231.923,4228.59,4168.462,4246.026,4218.077,сжать руку
42,4235.0,4275.128,4187.179,4231.154,4208.846,4221.923,4211.667,4215.128,4220.513,4228.205,4226.282,4167.308,4237.692,4215.641,сжать руку
42,4233.462,4270.641,4185.256,4227.051,4200.256,4212.949,4210.513,4227.949,4222.436,4219.359,4218.846,4166.538,4224.103,4214.744,сжать руку
42,4243.077,4278.462,4190.769,4231.154,4199.615,4203.077,4193.974,4215.0,4220.0,4226.667,4220.128,4167.436,4236.154,4220.0,сжать руку
42,4254.615,4292.692,4194.615,4236.923,4199.872,4203.974,4198.59,4208.846,4219.744,4232.436,4227.051,4166.538,4251.026,4221.923,сжать руку
42,4256.795,4295.641,4191.41,4230.897,4192.692,4210.128,4217.051,4217.692,4222.051,4225.769,4227.564,4165.769,4251.795,4222.821,сжать руку
42,4264.231,4296.538,4198.205,4227.308,4197.564,4203.59,4192.564,4203.59,4216.667,4233.077,4233.59,4169.744,4263.846,4228.205,сжать руку
42,4271.923,4292.179,4206.41,4231.282,4199.231,4198.718,4172.051,4200.385,4220.513,4252.179,4242.949,4178.077,4280.0,4231.923,сжать руку
42,4265.513,4284.872,4202.308,4226.795,4190.128,4209.231,4204.231,4223.974,4234.231,4258.846,4242.949,4176.795,4284.359,4224.872,сжать руку
42,4256.282,4283.59,4195.0,4218.718,4190.256,4210.385,4223.205,4216.282,4227.821,4247.949,4241.41,4168.333,4285.128,4220.128,сжать руку
42,4255.128,4278.077,4192.821,4219.744,4192.692,4200.128,4210.769,4201.667,4218.462,4240.256,4243.205,4168.205,4284.872,4224.231,сжать руку
42,4252.564,4266.538,4190.769,4218.59,4185.128,4204.872,4217.692,4214.615,4225.256,4247.179,4237.692,4168.974,4281.923,4218.462,сжать руку
42,4244.487,4260.256,4185.513,4214.231,4182.051,4216.282,4229.103,4219.359,4230.0,4248.974,4233.462,4170.256,4279.744,4215.0,сжать руку
42,4247.308,4258.718,4184.615,4215.641,4186.154,4211.538,4212.821,4217.692,4234.872,4246.154,4242.692,4172.179,4280.128,4220.0,сжать руку
42,4255.897,4255.513,4184.872,4216.282,4180.897,4200.385,4197.436,4217.564,4237.179,4245.769,4244.872,4169.487,4280.256,4220.0,сжать руку
42,4258.077,4258.077,4187.436,4216.282,4177.051,4197.949,4194.872,4215.385,4232.949,4253.333,4239.103,4172.051,4282.564,4222.692,сжать руку
42,4255.385,4259.231,4192.051,4218.974,4176.41,4203.205,4194.615,4215.128,4231.282,4258.462,4239.231,4176.41,4285.0,4225.128,сжать руку
42,4252.564,4247.949,4190.385,4219.359,4168.718,4209.744,4204.103,4211.41,4228.333,4251.41,4240.513,4176.154,4285.769,4224.359,сжать руку
42,4246.795,4236.923,4182.179,4212.308,4164.872,4208.846,4213.59,4202.051,4220.128,4246.795,4240.256,4169.744,4287.308,4220.128,сжать руку
42,4235.641,4231.538,4174.103,4205.641,4170.385,4202.179,4205.513,4209.103,4221.026,4247.436,4243.846,4169.615,4291.795,4217.949,сжать руку
42,4235.513,4232.692,4177.051,4210.897,4178.974,4206.667,4203.077,4226.154,4231.667,4256.026,4254.487,4180.897,4299.615,4224.872,сжать руку
42,4238.333,4228.205,4180.769,4213.205,4178.718,4218.59,4223.333,4231.154,4238.462,4267.949,4257.949,4179.487,4300.641,4221.41,сжать руку
42,4233.718,4217.949,4175.256,4208.333,4170.385,4220.897,4236.026,4238.333,4246.538,4271.795,4254.487,4174.231,4299.744,4217.564,сжать руку
42,4233.205,4220.769,4174.872,4208.974,4170.385,4215.641,4231.41,4240.897,4250.641,4273.205,4257.308,4177.436,4306.41,4224.744,сжать руку
42,4229.744,4221.538,4171.923,4207.821,4168.462,4207.564,4221.026,4219.615,4237.692,4265.513,4251.538,4170.641,4303.59,4220.769,сжать руку
42,4220.385,4216.667,4162.949,4203.59,4163.718,4206.538,4211.154,4208.077,4231.154,4251.923,4239.744,4163.718,4294.103,4212.436,сжать руку
42,4216.026,4216.538,4157.949,4203.077,4169.487,4211.41,4214.872,4218.974,4237.051,4249.487,4236.923,4163.205,4289.359,4211.282,сжать руку
43,4214.487,4212.564,4157.821,4204.231,4156.667,4200.769,4219.103,4229.359,4241.282,4258.718,4242.821,4167.179,4291.282,4223.462,разжать руку
43,4221.154,4218.462,4166.923,4209.359,4165.256,4205.256,4214.744,4235.641,4248.718,4273.205,4252.949,4171.282,4303.846,4223.462,разжать руку
43,4220.0,4219.359,4163.077,4205.897,4175.897,4212.179,4223.077,4234.231,4246.154,4271.154,4248.205,4167.179,4302.308,4216.154,разжать руку
43,4214.103,4221.667,4157.436,4203.077,4170.385,4213.59,4226.154,4228.333,4241.538,4256.282,4234.872,4158.333,4290.897,4211.154,разжать руку
43,4220.897,4240.128,4162.821,4211.026,4166.667,4203.462,4213.077,4218.718,4236.282,4250.513,4236.026,4160.769,4291.026,4215.513,разжать руку
43,4221.154,4243.974,4160.385,4213.333,4168.846,4198.718,4219.615,4218.718,4229.487,4247.564,4236.538,4167.821,4294.615,4219.744,разжать руку
43,4203.718,4225.513,4143.718,4200.513,4162.308,4207.051,4237.692,4218.59,4226.795,4232.949,4224.231,4161.538,4285.897,4211.923,разжать руку
43,4205.641,4244.359,4144.231,4201.026,4160.769,4207.564,4229.103,4220.128,4237.051,4231.923,4227.308,4161.538,4288.718,4213.462,разжать руку
43,4226.795,4287.564,4161.282,4215.256,4169.487,4200.0,4215.897,4236.026,4250.897,4254.615,4240.769,4168.333,4305.513,4222.692,разжать руку
43,4228.333,4289.487,4162.436,4214.103,4171.923,4196.667,4204.872,4231.41,4245.641,4259.359,4236.667,4168.333,4306.41,4220.641,разжать руку
43,4213.59,4279.231,4148.077,4203.462,4168.462,4199.231,4198.974,4209.872,4230.769,4236.795,4225.769,4167.821,4292.692,4214.487,разжать руку
43,4211.923,4295.641,4143.077,4202.179,4162.692,4200.513,4211.154,4216.282,4230.641,4226.154,4227.179,4169.103,4288.077,4212.949,разжать руку
43,4221.667,4304.872,4148.205,4207.051,4153.59,4198.59,4224.103,4234.487,4237.821,4233.974,4228.718,4170.513,4291.795,4217.821,разжать руку
43,4216.795,4308.59,4145.385,4204.231,4150.385,4203.077,4230.641,4234.615,4238.846,4237.436,4222.692,4167.308,4291.026,4219.615,разжать руку
43,4205.641,4338.462,4135.0,4198.462,4155.513,4209.487,4234.615,4229.103,4235.641,4236.667,4223.846,4164.615,4289.615,4215.513,разжать руку
43,4215.513,4369.615,4135.0,4203.333,4159.872,4208.077,4235.385,4225.256,4230.897,4236.41,4227.949,4169.103,4290.256,4217.308,разжать руку
43,4230.897,4384.359,4142.436,4207.821,4164.615,4197.949,4218.718,4220.897,4230.513,4234.744,4226.667,4171.026,4291.154,4219.615,разжать руку
43,4221.41,4409.744,4135.385,4200.641,4163.462,4193.077,4211.667,4216.026,4228.718,4228.077,4224.872,4170.385,4287.564,4216.538,разжать руку
43,4212.179,4453.205,4127.436,4199.359,4159.487,4197.436,4221.154,4207.949,4220.0,4220.128,4225.769,4173.333,4285.769,4214.615,разжать руку
43,4226.154,4498.333,4137.308,4205.256,4157.949,4196.41,4211.795,4214.487,4225.641,4223.718,4226.154,4176.538,4285.385,4218.718,разжать руку
43,4235.513,4526.026,4142.051,4200.897,4152.436,4191.795,4197.308,4225.897,4239.487,4234.231,4226.538,4180.385,4280.897,4225.641,разжать руку
43,4225.385,4538.462,4131.282,4191.538,4148.462,4192.179,4202.436,4233.718,4246.667,4243.718,4228.59,4179.359,4278.718,4220.769,разжать руку
43,4213.846,4558.333,4118.718,4184.744,4151.026,4199.231,4222.051,4245.256,4247.692,4237.179,4224.487,4170.513,4272.821,4210.128,разжать руку
43,4210.513,4594.359,4113.59,4183.59,4149.872,4207.949,4234.744,4244.487,4239.872,4221.41,4217.051,4166.282,4261.41,4212.051,разжать руку
43,4209.615,4622.179,4111.667,4185.128,4143.333,4207.308,4229.231,4223.846,4230.128,4221.154,4211.154,4169.872,4257.179,4215.641,разжать руку
43,4204.872,4632.821,4107.949,4181.538,4145.0,4200.256,4221.41,4212.179,4225.385,4219.744,4209.103,4172.564,4258.59,4214.615,разжать руку
43,4202.821,4651.282,4107.564,4178.205,4152.692,4192.436,4211.282,4215.897,4218.462,4205.769,4213.462,4167.821,4257.692,4214.487,разжать руку
43,4208.462,4673.462,4109.487,4181.667,4153.077,4187.692,4201.154,4214.487,4215.385,4201.026,4220.128,4169.231,4260.0,4217.564,разжать руку
43,4213.333,4690.385,4111.795,4186.41,4152.308,4191.154,4206.026,4211.667,4223.205,4212.179,4219.103,4176.282,4264.615,4218.974,разжать руку
43,4206.154,4697.821,4110.641,4181.282,4152.308,4192.308,4217.564,4217.821,4230.897,4217.308,4210.641,4171.282,4256.282,4213.077,разжать руку
43,4201.795,4702.308,4108.846,4178.333,4147.949,4186.282,4210.769,4228.974,4232.308,4215.897,4208.59,4172.179,4249.103,4212.949,разжать руку
43,4202.051,4714.231,4110.128,4182.436,4146.538,4186.667,4207.821,4233.846,4234.231,4218.333,4211.795,4175.128,4253.974,4212.949,разжать руку
43,4191.154,4722.692,4101.538,4177.821,4147.821,4189.103,4220.769,4230.769,4232.821,4208.718,4208.846,4168.077,4245.641,4205.385,разжать руку
43,4185.256,4727.564,4094.359,4176.923,4146.154,4188.974,4220.513,4234.231,4234.615,4201.41,4204.231,4168.718,4232.821,4205.385,разжать руку
43,4193.333,4737.949,4097.051,4181.41,4142.436,4190.897,4208.59,4227.436,4235.769,4212.692,4206.538,4169.744,4239.872,4208.718,разжать руку
43,4192.692,4754.359,4096.667,4177.692,4141.667,4191.026,4206.41,4208.974,4223.846,4207.051,4204.359,4165.897,4242.051,4206.923,разжать руку
43,4183.205,4757.436,4089.744,4172.692,4144.744,4190.0,4216.667,4215.0,4215.0,4183.846,4195.385,4165.385,4231.538,4203.077,разжать руку
43,4191.026,4766.026,4090.385,4182.821,4144.103,4184.231,4219.359,4230.641,4224.359,4187.436,4202.949,4172.308,4239.487,4210.641,разжать руку
43,4212.692,4799.487,4105.641,4199.744,4146.667,4182.179,4209.487,4221.282,4231.538,4210.256,4217.692,4182.051,4255.641,4226.667,разжать руку
43,4226.923,4818.718,4116.795,4197.308,4158.59,4188.718,4202.692,4214.359,4226.026,4213.974,4215.513,4181.026,4255.897,4228.077,разжать руку
43,4230.385,4816.795,4113.59,4187.949,4160.513,4191.026,4202.821,4229.231,4226.41,4207.564,4212.949,4177.692,4259.615,4226.41,разжать руку
43,4230.256,4834.487,4111.667,4194.359,4151.923,4192.564,4216.538,4236.667,4234.872,4208.718,4215.769,4180.385,4263.462,4229.872,разжать руку
43,4232.436,4854.615,4115.385,4199.744,4151.154,4197.564,4233.333,4229.615,4233.974,4205.128,4211.923,4181.026,4254.103,4225.0,разжать руку
43,4237.692,4845.0,4116.667,4192.564,4153.077,4196.154,4230.256,4233.718,4232.949,4205.897,4216.282,4182.436,4257.051,4226.026,разжать руку
43,4244.872,4849.103,4121.282,4194.231,4153.59,4187.949,4213.846,4233.59,4234.231,4218.205,4227.308,4184.487,4268.077,4232.949,разжать руку
43,4246.026,4863.974,4126.026,4200.769,4162.564,4192.051,4218.077,4221.154,4230.769,4217.949,4226.538,4186.026,4262.949,4233.333,разжать руку
43,4241.154,4854.872,4125.385,4193.462,4176.282,4204.615,4235.0,4225.897,4233.974,4218.333,4227.949,4188.205,4261.538,4231.154,разжать руку
43,4236.795,4847.308,4124.487,4186.282,4178.462,4203.077,4227.821,4240.0,4243.718,4232.051,4239.231,4189.615,4268.077,4227.179,разжать руку
43,4235.641,4848.59,4122.051,4191.154,4172.436,4193.846,4213.718,4243.846,4247.949,4234.615,4241.923,4191.538,4261.923,4226.923,разжать руку
43,4228.333,4832.308,4118.077,4193.077,4169.615,4197.051,4221.923,4237.821,4238.462,4218.846,4233.846,4186.026,4248.462,4222.051,разжать руку
43,4209.359,4801.795,4105.897,4177.308,4161.41,4206.795,4236.41,4234.103,4229.487,4207.179,4226.538,4180.128,4239.487,4211.667,разжать руку
43,4202.436,4793.077,4097.436,4170.128,4157.051,4203.333,4227.436,4236.795,4235.513,4210.769,4229.744,4183.333,4240.769,4214.615,разжать руку
43,4211.795,4789.615,4103.718,4177.436,4160.769,4196.795,4211.538,4238.974,4242.436,4213.333,4238.462,4182.564,4243.333,4220.0,разжать руку
43,4215.128,4765.128,4107.051,4176.923,4157.692,4201.026,4221.41,4243.077,4243.333,4208.846,4234.103,4180.897,4237.564,4215.641,разжать руку
43,4208.333,4749.487,4105.0,4171.41,4161.026,4201.41,4236.41,4240.769,4241.026,4210.769,4223.718,4181.667,4235.385,4213.333,разжать руку
43,4205.897,4748.974,4107.692,4175.513,4164.872,4193.205,4227.436,4230.513,4234.359,4211.282,4225.385,4181.41,4239.744,4217.692,разжать руку
43,4211.154,4740.769,4110.769,4181.538,4159.359,4195.385,4215.897,4227.949,4228.846,4205.385,4230.128,4180.513,4243.974,4220.769,разжать руку
43,4212.436,4727.692,4109.231,4177.949,4161.667,4203.59,4217.179,4226.154,4227.692,4207.308,4225.385,4178.205,4250.256,4216.282,разжать руку
43,4204.744,4719.103,4109.744,4174.744,4167.564,4199.615,4213.718,4231.923,4232.821,4216.923,4225.128,4184.103,4257.821,4217.436,разжать руку
43,4200.897,4710.0,4113.718,4176.795,4162.564,4195.128,4214.231,4251.026,4243.077,4228.974,4234.103,4188.59,4256.667,4217.692,разжать руку
43,4205.513,4700.641,4116.795,4181.282,4158.846,4197.308,4224.487,4251.923,4242.436,4227.179,4232.949,4179.744,4249.744,4211.667,разжать руку
43,4202.564,4695.0,4114.359,4184.744,4169.872,4202.308,4228.974,4230.897,4227.692,4208.333,4223.333,4174.615,4246.795,4213.077,разжать руку
43,4190.769,4679.615,4105.128,4179.744,4176.282,4202.179,4223.59,4231.282,4231.538,4203.333,4218.333,4175.769,4246.667,4210.897,разжать руку
43,4188.205,4658.718,4099.744,4175.0,4169.359,4194.744,4216.282,4240.513,4242.436,4211.795,4220.385,4178.974,4249.487,4208.59,разжать руку
43,4193.333,4646.154,4102.436,4176.41,4169.359,4196.154,4223.974,4224.359,4227.949,4207.436,4222.308,4180.641,4250.897,4212.308,разжать руку
43,4196.667,4640.256,4105.769,4178.462,4175.256,4200.769,4229.359,4226.282,4224.872,4197.692,4219.615,4178.205,4247.564,4212.692,разжать руку
43,4202.692,4638.333,4111.282,4183.333,4171.026,4195.385,4213.077,4246.41,4240.769,4203.333,4221.154,4181.667,4248.59,4216.282,разжать руку
43,4205.256,4628.205,4114.103,4183.333,4166.026,4197.692,4208.846,4235.641,4235.641,4211.795,4223.462,4181.667,4249.487,4217.821,разжать руку
43,4199.103,4610.0,4111.41,4176.923,4177.564,4208.077,4227.949,4229.231,4230.385,4213.974,4220.513,4178.59,4245.0,4217.692,разжать руку
43,4197.051,4600.513,4115.513,4176.667,4188.718,4205.128,4228.077,4248.333,4245.769,4222.051,4221.538,4181.026,4247.308,4220.385,разжать руку
43,4202.179,4598.462,4118.59,4178.462,4179.359,4194.744,4204.872,4240.769,4244.103,4223.974,4226.282,4182.308,4252.692,4218.846,разжать руку
43,4202.308,4591.538,4114.359,4177.308,4172.949,4197.564,4200.385,4225.897,4230.769,4212.436,4221.538,4183.077,4246.154,4217.949,разжать руку
43,4194.103,4576.538,4112.692,4173.333,4178.718,4206.923,4217.821,4238.462,4236.282,4202.436,4211.154,4177.436,4236.667,4216.026,разжать руку
43,4186.282,4562.308,4108.462,4164.103,4173.59,4206.282,4226.667,4228.077,4230.0,4192.179,4208.205,4171.026,4235.641,4210.256,разжать руку
43,4186.667,4561.923,4106.795,4162.179,4166.923,4200.256,4218.205,4209.103,4216.667,4180.385,4206.667,4176.538,4234.487,4210.256,разжать руку
43,4195.256,4565.128,4117.692,4170.128,4172.308,4194.231,4203.718,4224.487,4224.487,4184.359,4203.59,4179.359,4235.256,4217.949,разжать руку
43,4199.615,4551.923,4121.923,4171.282,4172.308,4192.949,4204.359,4236.795,4233.974,4199.872,4206.282,4175.128,4240.769,4222.821,разжать руку
43,4195.385,4539.359,4113.462,4167.692,4169.872,4198.077,4215.641,4231.923,4233.974,4205.641,4210.256,4172.692,4239.103,4213.077,разжать руку
43,4189.744,4535.256,4108.077,4168.333,4172.179,4200.769,4213.077,4234.359,4235.769,4202.949,4208.077,4173.333,4235.0,4206.41,разжать руку
43,4192.821,4530.513,4115.641,4173.077,4171.026,4198.333,4206.923,4242.949,4244.231,4208.718,4209.231,4175.897,4240.513,4217.692,разжать руку
43,4201.795,4525.256,4125.897,4174.487,4170.513,4200.385,4220.385,4244.487,4246.923,4212.436,4212.692,4177.564,4241.667,4221.538,разжать руку
43,4204.231,4521.923,4128.205,4171.923,4176.538,4205.513,4233.205,4250.0,4243.974,4209.359,4211.026,4180.256,4235.513,4215.897,разжать руку
43,4204.103,4519.487,4130.256,4174.744,4185.513,4205.513,4228.333,4243.59,4237.308,4213.846,4209.487,4178.718,4236.538,4215.513,разжать руку
43,4201.026,4513.718,4129.103,4176.667,4190.0,4202.564,4217.949,4215.769,4223.205,4203.205,4210.385,4176.538,4238.718,4214.872,разжать руку
43,4197.051,4507.308,4123.462,4172.179,4188.846,4200.128,4208.462,4203.846,4212.821,4173.462,4210.128,4180.256,4235.513,4215.256,разжать руку
43,4193.205,4496.923,4117.179,4167.308,4182.436,4199.744,4207.949,4216.795,4213.333,4162.436,4203.077,4174.231,4225.513,4213.846,разжать руку
43,4182.308,4478.974,4109.872,4161.795,4172.564,4200.513,4216.538,4219.103,4218.205,4172.308,4196.795,4166.538,4213.077,4213.205,разжать руку
43,4179.872,4472.436,4111.795,4160.128,4174.103,4201.538,4218.205,4215.385,4225.641,4188.205,4204.872,4174.615,4219.359,4215.641,разжать руку
43,4194.487,4479.487,4123.718,4165.256,4182.436,4201.923,4219.872,4235.128,4240.641,4206.026,4218.59,4182.436,4235.0,4215.256,разжать руку
43,4207.308,4481.795,4133.462,4172.821,4182.949,4204.615,4234.487,4254.103,4249.872,4215.769,4222.821,4183.077,4237.949,4217.821,разжать руку
43,4206.667,4475.897,4138.59,4173.077,4183.462,4204.103,4241.154,4247.051,4246.538,4216.667,4220.897,4181.795,4239.872,4218.333,разжать руку
43,4205.769,4469.359,4141.795,4170.128,4186.667,4197.949,4228.462,4240.897,4244.487,4211.026,4217.564,4181.282,4240.128,4215.385,разжать руку
43,4212.308,4466.795,4143.462,4174.872,4183.333,4199.103,4219.359,4246.538,4242.821,4203.333,4213.846,4180.128,4233.333,4215.897,разжать руку
43,4214.744,4461.154,4141.795,4175.769,4177.821,4202.308,4214.103,4231.667,4228.462,4197.308,4213.846,4176.026,4230.513,4213.718,разжать руку
43,4204.872,4445.256,4132.051,4166.41,4178.077,4202.179,4211.923,4199.487,4210.128,4180.641,4209.872,4174.615,4228.462,4211.154,разжать руку
43,4199.359,4435.256,4125.897,4160.769,4181.154,4198.205,4216.026,4197.564,4209.744,4166.667,4205.769,4174.744,4224.103,4212.949,разжать руку
43,4205.641,4430.897,4130.769,4164.615,4181.282,4192.179,4214.615,4221.667,4224.359,4176.41,4211.538,4176.667,4228.59,4218.846,разжать руку
43,4206.282,4419.872,4131.923,4163.462,4179.359,4199.615,4225.385,4230.128,4230.0,4188.59,4213.077,4177.821,4229.615,4221.538,разжать руку
43,4200.897,4412.051,4126.41,4157.564,4177.564,4208.846,4235.0,4216.41,4220.256,4185.513,4205.641,4171.282,4217.564,4215.128,разжать руку
43,4205.641,4415.128,4128.205,4162.692,4179.359,4197.949,4220.513,4228.333,4227.692,4187.949,4206.282,4174.872,4219.872,4212.949,разжать руку
44,4281.282,4079.359,4214.359,4217.436,4197.179,4194.615,4197.564,4210.256,4199.744,4204.872,4201.795,4184.231,4205.513,4212.692,сжать руку
44,4270.897,4077.179,4204.103,4212.821,4205.641,4181.923,4172.949,4189.103,4187.051,4187.692,4197.308,4180.897,4199.872,4209.615,сжать руку
44,4263.846,4066.282,4198.59,4206.667,4211.41,4184.615,4179.103,4202.564,4195.513,4183.718,4198.077,4176.41,4196.282,4208.974,сжать руку
44,4264.872,4063.462,4199.615,4203.205,4207.436,4195.513,4197.051,4220.641,4207.692,4192.051,4204.615,4179.487,4202.308,4212.692,сжать руку
44,4268.462,4071.667,4205.641,4203.974,4211.923,4196.923,4194.872,4215.385,4202.051,4196.41,4215.128,4183.846,4212.308,4219.231,сжать руку
44,4266.026,4071.538,4206.538,4203.077,4213.333,4195.513,4193.974,4213.59,4198.462,4199.872,4227.179,4181.41,4214.487,4217.821,сжать руку
44,4262.821,4066.282,4206.41,4205.128,4206.282,4196.923,4203.718,4229.103,4212.949,4212.436,4236.282,4183.718,4215.513,4216.026,сжать руку
44,4262.692,4068.462,4210.256,4210.0,4206.923,4200.128,4207.949,4229.872,4219.359,4222.821,4238.718,4184.487,4220.385,4215.128,сжать руку
44,4256.923,4068.462,4210.769,4211.282,4207.564,4200.897,4204.872,4221.667,4215.256,4218.333,4235.128,4180.641,4219.231,4211.282,сжать руку
44,4248.846,4069.615,4207.949,4214.103,4205.128,4193.59,4199.615,4227.564,4216.538,4215.256,4228.333,4177.051,4209.359,4205.385,сжать руку
44,4248.462,4076.667,4205.256,4217.821,4206.282,4189.359,4190.897,4220.513,4212.179,4214.744,4224.487,4177.436,4205.897,4205.256,сжать руку
44,4252.564,4079.487,4205.0,4217.821,4212.051,4198.333,4181.795,4204.487,4208.846,4209.359,4227.821,4182.821,4216.538,4211.795,сжать руку
44,4245.897,4072.051,4202.949,4214.615,4214.872,4206.154,4190.0,4206.923,4208.846,4197.564,4222.821,4175.385,4213.59,4207.949,сжать руку
44,4237.436,4067.308,4198.59,4215.641,4210.256,4198.974,4197.949,4202.692,4197.308,4184.231,4215.513,4172.821,4199.231,4207.308,сжать руку
44,4243.59,4072.821,4206.026,4221.282,4208.974,4191.282,4184.872,4196.667,4194.872,4187.436,4223.974,4187.051,4207.564,4217.308,сжать руку
44,4250.128,4076.795,4217.949,4224.103,4207.308,4193.718,4176.154,4218.718,4212.051,4206.154,4233.846,4192.949,4218.718,4218.462,сжать руку
44,4245.513,4072.308,4217.692,4225.0,4201.41,4198.205,4191.026,4233.974,4217.692,4219.231,4231.923,4187.564,4212.051,4216.538,сжать руку
44,4241.282,4066.795,4215.641,4225.0,4199.615,4195.385,4203.077,4223.718,4208.718,4220.513,4228.59,4180.641,4210.513,4214.872,сжать руку
44,4242.564,4069.872,4218.205,4225.897,4197.179,4190.385,4196.026,4216.282,4210.128,4223.077,4229.872,4178.205,4219.615,4215.513,сжать руку
44,4244.231,4078.333,4218.077,4228.205,4195.769,4195.0,4194.872,4211.795,4210.769,4222.692,4227.436,4176.538,4216.795,4218.59,сжать руку
44,4244.872,4078.205,4215.897,4224.487,4201.41,4197.564,4194.744,4212.179,4206.154,4210.0,4222.821,4174.359,4204.103,4216.795,сжать руку
44,4246.154,4076.667,4216.154,4223.205,4209.103,4190.385,4182.564,4214.615,4204.231,4202.692,4222.821,4178.462,4205.0,4218.077,сжать руку
44,4251.41,4086.538,4219.359,4232.179,4211.538,4188.59,4176.154,4198.718,4196.795,4202.051,4219.615,4177.308,4210.0,4218.333,сжать руку
44,4255.0,4093.462,4220.128,4234.103,4210.0,4189.615,4174.231,4189.103,4190.256,4187.564,4210.256,4170.385,4201.154,4214.231,сжать руку
44,4253.59,4093.974,4218.59,4227.308,4206.795,4187.051,4169.487,4206.41,4196.026,4179.487,4209.872,4171.923,4197.564,4215.897,сжать руку
44,4249.615,4095.385,4214.231,4223.59,4206.41,4186.282,4167.949,4212.949,4205.513,4194.744,4218.333,4173.718,4205.0,4216.154,сжать руку
44,4245.0,4095.385,4209.872,4224.231,4209.615,4191.282,4177.179,4211.154,4210.128,4203.974,4217.308,4171.795,4204.872,4214.103,сжать руку
44,4246.923,4101.154,4214.615,4228.077,4215.0,4201.026,4189.744,4223.205,4212.051,4210.641,4212.692,4171.154,4202.308,4213.077,сжать руку
44,4249.615,4106.538,4219.615,4227.308,4217.949,4206.282,4189.103,4220.769,4211.667,4218.846,4215.128,4170.128,4206.923,4211.923,сжать руку
44,4242.821,4098.077,4215.128,4220.897,4215.513,4204.231,4184.744,4210.513,4209.231,4209.359,4214.615,4172.436,4209.231,4214.359,сжать руку
44,4235.256,4088.333,4210.897,4216.154,4212.692,4201.538,4191.026,4216.41,4206.282,4199.872,4208.59,4171.795,4209.359,4213.59,сжать руку
44,4239.487,4091.667,4211.923,4217.692,4212.179,4197.949,4187.949,4218.205,4206.795,4203.462,4207.564,4170.0,4211.282,4211.795,сжать руку
44,4247.308,4099.487,4215.256,4225.641,4217.308,4196.41,4170.128,4215.897,4212.564,4207.692,4215.513,4171.154,4213.974,4216.795,сжать руку
44,4243.333,4097.051,4217.821,4230.513,4219.744,4199.231,4164.615,4212.949,4209.487,4207.821,4216.923,4168.59,4216.923,4218.846,сжать руку
44,4237.051,4091.923,4219.359,4230.641,4212.436,4201.154,4173.333,4202.564,4198.205,4204.615,4209.872,4168.59,4213.974,4218.974,сжать руку
44,4236.282,4096.154,4216.538,4229.359,4211.282,4196.538,4174.231,4202.308,4198.846,4200.0,4207.051,4170.256,4205.897,4214.359,сжать руку
44,4236.538,4101.154,4211.923,4224.872,4213.077,4190.641,4169.487,4215.256,4212.821,4199.615,4208.462,4173.59,4202.564,4211.41,сжать руку
44,4233.59,4099.744,4213.333,4223.205,4204.872,4194.487,4168.846,4214.872,4214.231,4200.897,4204.359,4171.282,4200.513,4213.462,сжать руку
44,4223.846,4095.128,4212.308,4224.359,4200.513,4195.641,4172.564,4201.41,4200.513,4192.179,4200.256,4164.872,4192.564,4208.59,сжать руку
44,4218.205,4096.154,4207.436,4225.0,4208.846,4190.256,4178.846,4206.923,4201.923,4188.205,4203.846,4172.308,4189.359,4207.949,сжать руку
44,4228.333,4106.41,4214.615,4225.513,4217.692,4195.0,4178.205,4220.769,4213.077,4203.077,4210.256,4180.385,4199.872,4215.641,сжать руку
44,4239.231,4115.385,4225.128,4225.769,4218.846,4202.692,4174.359,4220.128,4211.795,4215.513,4214.615,4179.487,4212.949,4220.897,сжать руку
44,4233.077,4117.179,4223.462,4226.282,4218.974,4200.897,4175.641,4213.077,4204.872,4209.359,4213.205,4177.051,4213.846,4219.103,сжать руку
44,4223.333,4113.077,4218.718,4223.846,4217.821,4192.564,4175.0,4214.231,4204.487,4199.744,4211.795,4173.205,4206.154,4215.385,сжать руку
44,4226.41,4109.359,4217.051,4218.846,4212.308,4189.359,4175.128,4224.872,4209.231,4204.359,4214.231,4174.231,4203.718,4217.308,сжать руку
44,4229.103,4111.154,4215.0,4217.179,4210.897,4195.641,4178.462,4219.615,4211.026,4213.077,4212.564,4173.205,4207.821,4215.641,сжать руку
44,4225.641,4112.308,4215.769,4217.051,4211.923,4201.282,4176.41,4200.769,4206.538,4210.513,4212.692,4171.154,4209.487,4213.59,сжать руку
44,4226.538,4109.744,4221.154,4214.103,4211.667,4198.205,4177.179,4207.051,4209.103,4213.333,4219.103,4177.692,4212.821,4221.154,сжать руку
44,4226.667,4107.564,4220.128,4208.718,4207.179,4186.667,4181.41,4218.59,4214.744,4225.0,4219.231,4177.179,4216.282,4221.923,сжать руку
44,4217.436,4106.41,4210.641,4208.462,4202.436,4186.667,4181.538,4201.923,4202.179,4211.538,4209.103,4168.974,4205.897,4213.974,сжать руку
44,4207.692,4105.256,4204.359,4208.205,4204.615,4198.718,4188.077,4197.692,4196.923,4186.538,4200.769,4168.333,4195.641,4206.795,сжать руку
44,4205.128,4101.282,4202.308,4203.077,4204.359,4193.077,4188.718,4213.974,4206.154,4187.051,4200.641,4172.692,4197.179,4207.436,сжать руку
44,4210.769,4105.897,4205.641,4208.333,4204.615,4180.641,4180.385,4206.538,4198.974,4196.923,4206.41,4174.359,4202.051,4216.538,сжать руку
44,4220.641,4122.436,4216.026,4220.128,4209.872,4188.59,4184.615,4200.385,4193.205,4200.897,4213.205,4174.359,4209.359,4220.385,сжать руку
44,4221.667,4126.41,4220.769,4217.564,4212.821,4196.154,4192.051,4219.487,4204.615,4206.026,4214.487,4179.487,4213.462,4217.308,сжать руку
44,4209.872,4115.128,4212.692,4206.154,4208.59,4191.154,4190.256,4219.359,4208.718,4208.462,4210.769,4177.436,4207.051,4210.256,сжать руку
44,4198.077,4110.513,4201.538,4200.769,4198.974,4187.564,4188.333,4208.974,4205.0,4202.692,4207.308,4166.154,4198.205,4206.026,сжать руку
44,4194.103,4114.872,4198.718,4203.077,4196.667,4189.487,4190.513,4212.436,4203.718,4194.103,4205.385,4166.538,4196.282,4207.564,сжать руку
44,4195.0,4115.641,4203.077,4204.615,4206.154,4191.538,4188.205,4199.359,4195.513,4190.769,4203.974,4170.769,4197.949,4202.308,сжать руку
44,4197.692,4115.128,4205.769,4203.462,4211.795,4189.744,4183.59,4189.487,4193.077,4197.051,4203.59,4174.487,4207.821,4204.231,сжать руку
44,4203.59,4122.179,4209.359,4206.026,4211.41,4191.154,4190.128,4212.051,4207.692,4209.487,4207.821,4178.333,4217.692,4213.974,сжать руку
44,4206.795,4126.154,4211.923,4208.974,4215.769,4202.051,4196.795,4212.949,4207.179,4206.154,4207.179,4172.821,4209.359,4212.564,сжать руку
44,4200.641,4122.436,4205.385,4206.667,4217.564,4207.436,4192.949,4186.795,4193.205,4192.692,4203.077,4171.282,4199.103,4209.103,сжать руку
44,4197.821,4122.051,4203.077,4206.41,4211.923,4197.564,4191.154,4198.077,4199.615,4196.923,4205.385,4172.821,4201.667,4208.462,сжать руку
44,4203.462,4123.333,4208.974,4207.949,4204.615,4186.795,4191.026,4218.846,4210.128,4205.385,4210.128,4171.538,4203.077,4210.641,сжать руку
44,4203.077,4119.359,4212.308,4206.923,4201.41,4191.923,4191.667,4209.359,4209.872,4204.615,4206.923,4174.615,4202.436,4214.487,сжать руку
44,4194.615,4116.41,4209.872,4206.667,4203.718,4195.641,4193.59,4203.846,4208.333,4203.333,4199.231,4174.103,4202.179,4210.769,сжать руку
44,4188.974,4118.718,4206.282,4206.667,4204.487,4191.154,4193.205,4208.846,4203.59,4195.769,4194.103,4168.333,4193.59,4207.564,сжать руку
44,4188.846,4119.231,4204.103,4205.769,4202.051,4193.333,4195.385,4205.769,4198.462,4185.513,4189.615,4164.872,4187.308,4207.179,сжать руку
44,4191.795,4121.154,4203.846,4209.359,4201.923,4197.436,4197.051,4200.769,4196.41,4191.282,4193.205,4168.59,4193.974,4208.974,сжать руку
44,4201.667,4130.385,4211.282,4214.872,4202.949,4193.974,4189.231,4207.692,4197.949,4205.0,4203.846,4175.128,4203.462,4217.179,сжать руку
44,4206.41,4131.538,4217.308,4212.051,4201.923,4187.308,4184.487,4207.692,4196.923,4201.795,4203.205,4172.821,4203.205,4216.667,сжать руку
44,4197.692,4124.615,4210.385,4208.718,4197.692,4185.897,4191.154,4194.487,4188.974,4183.462,4193.59,4168.846,4194.231,4209.615,сжать руку
44,4191.026,4127.949,4204.359,4209.744,4198.333,4187.949,4191.026,4192.051,4186.667,4180.641,4193.462,4170.769,4193.846,4210.0,сжать руку
44,4193.077,4132.821,4208.846,4207.949,4204.231,4191.41,4178.077,4200.513,4199.872,4197.179,4196.41,4173.333,4201.667,4213.205,сжать руку
44,4197.821,4135.897,4212.179,4210.385,4208.59,4194.872,4173.462,4204.744,4210.128,4206.282,4198.205,4175.897,4205.128,4216.795,сжать руку
44,4197.436,4144.103,4208.846,4215.256,4205.641,4193.462,4179.744,4202.564,4204.103,4204.872,4200.513,4175.385,4200.897,4213.333,сжать руку
44,4198.846,4147.564,4209.744,4217.179,4196.282,4187.179,4177.436,4208.077,4203.718,4201.795,4197.949,4176.538,4198.974,4211.282,сжать руку
44,4210.641,4151.538,4218.59,4222.179,4196.538,4185.385,4172.564,4213.718,4206.538,4201.026,4193.205,4177.564,4203.077,4216.923,сжать руку
44,4218.974,4162.179,4219.615,4222.692,4199.359,4191.41,4178.974,4193.718,4191.538,4191.41,4194.359,4172.308,4203.333,4219.359,сжать руку
44,4216.795,4168.333,4214.359,4218.462,4195.0,4192.692,4177.564,4187.564,4188.846,4183.59,4201.026,4174.872,4205.769,4222.436,сжать руку
44,4217.692,4171.154,4219.231,4219.487,4194.487,4184.615,4160.385,4213.59,4209.231,4195.256,4207.051,4178.59,4213.974,4224.231,сжать руку
44,4227.436,4176.41,4227.692,4221.538,4199.615,4179.231,4148.718,4213.846,4207.051,4201.41,4211.795,4178.077,4218.077,4226.154,сжать руку
44,4233.462,4181.154,4228.333,4223.462,4207.179,4183.59,4153.59,4182.051,4183.333,4183.974,4211.538,4175.897,4212.051,4226.667,сжать руку
44,4233.462,4181.026,4227.051,4224.744,4207.564,4183.974,4160.897,4180.513,4184.359,4173.718,4210.769,4173.462,4205.385,4223.59,сжать руку
44,4232.051,4176.667,4229.487,4222.949,4202.179,4185.256,4168.974,4207.692,4202.179,4190.0,4218.718,4178.974,4209.615,4225.256,сжать руку
44,4229.487,4174.103,4230.897,4223.077,4205.128,4197.436,4176.538,4202.564,4198.59,4196.795,4225.0,4179.359,4210.641,4223.077,сжать руку
44,4232.051,4177.051,4232.692,4227.949,4206.026,4198.974,4177.308,4191.282,4194.872,4187.308,4225.769,4176.923,4205.128,4222.564,сжать руку
44,4237.692,4179.103,4242.051,4229.872,4201.538,4192.821,4183.333,4212.436,4208.974,4198.974,4229.231,4181.154,4202.692,4226.923,сжать руку
44,4232.308,4173.59,4243.205,4222.821,4204.615,4195.385,4186.026,4217.949,4211.795,4213.846,4229.872,4178.718,4199.744,4220.769,сжать руку
44,4217.821,4165.513,4228.846,4217.051,4211.026,4198.718,4177.821,4200.385,4203.846,4202.051,4224.615,4174.744,4195.769,4215.897,сжать руку
44,4208.333,4163.333,4221.41,4216.538,4214.103,4199.872,4183.59,4200.641,4205.128,4193.077,4224.744,4173.205,4197.179,4216.282,сжать руку
44,4204.872,4158.333,4221.667,4214.872,4215.769,4200.385,4191.795,4213.462,4211.667,4207.308,4227.821,4171.667,4197.051,4214.487,сжать руку
44,4199.872,4150.0,4216.41,4209.744,4214.872,4197.179,4181.282,4212.436,4214.359,4219.487,4226.026,4169.872,4190.256,4212.821,сжать руку
44,4193.718,4147.692,4210.641,4207.051,4209.615,4191.538,4177.051,4208.718,4212.436,4213.846,4222.564,4167.308,4184.103,4208.462,сжать руку
44,4187.308,4146.538,4208.077,4209.359,4207.692,4193.846,4186.538,4212.051,4208.077,4201.41,4222.051,4166.923,4180.256,4206.795,сжать руку
44,4181.923,4142.949,4207.564,4208.974,4210.385,4199.615,4184.872,4203.205,4198.718,4193.718,4219.487,4164.744,4174.744,4208.59,сжать руку
44,4174.359,4137.692,4205.897,4202.692,4207.179,4193.974,4174.359,4184.359,4188.846,4184.359,4210.513,4162.564,4170.0,4205.513,сжать руку
44,4169.872,4137.308,4205.769,4200.897,4203.718,4188.077,4171.41,4179.872,4187.051,4178.462,4208.077,4168.205,4173.974,4203.718,сжать руку
44,4172.308,4140.385,4208.462,4203.846,4208.077,4193.974,4172.051,4190.256,4192.692,4183.462,4217.949,4168.59,4181.795,4206.795,сжать руку
45,4169.103,4143.205,4213.077,4211.667,4206.538,4197.308,4185.256,4218.718,4215.641,4207.821,4223.974,4171.026,4184.103,4210.256,разжать руку
45,4165.641,4143.846,4212.692,4212.949,4205.0,4195.769,4184.615,4215.256,4215.256,4214.487,4221.667,4167.821,4184.744,4205.641,разжать руку
45,4163.205,4144.487,4208.077,4210.513,4211.154,4199.872,4172.179,4197.692,4208.846,4205.0,4218.462,4165.0,4178.718,4205.513,разжать руку
45,4167.179,4146.795,4209.615,4211.282,4217.436,4198.333,4168.59,4195.385,4208.846,4206.282,4217.051,4165.385,4174.231,4204.487,разжать руку
45,4173.59,4143.59,4214.103,4209.487,4213.718,4192.051,4178.846,4220.385,4218.718,4215.256,4218.462,4166.795,4173.718,4203.59,разжать руку
45,4173.077,4137.821,4212.821,4206.282,4208.59,4195.769,4188.077,4229.231,4217.308,4205.641,4218.077,4165.385,4171.154,4206.795,разжать руку
45,4163.333,4134.615,4202.692,4200.256,4207.179,4202.179,4185.385,4195.385,4194.872,4183.846,4211.154,4159.103,4166.538,4203.718,разжать руку
45,4153.333,4132.436,4192.821,4195.769,4204.615,4201.923,4187.821,4172.436,4177.949,4165.0,4200.513,4156.282,4158.333,4198.974,разжать руку
45,4155.641,4132.564,4195.256,4198.718,4205.641,4201.282,4192.051,4189.231,4184.103,4159.359,4195.128,4156.538,4150.513,4197.051,разжать руку
45,4166.923,4141.795,4206.282,4201.795,4210.256,4201.154,4181.154,4204.359,4196.538,4172.179,4201.154,4161.026,4157.692,4201.282,разжать руку
45,4172.564,4153.59,4214.231,4202.179,4211.026,4202.179,4174.103,4203.974,4202.821,4198.974,4214.103,4167.179,4176.41,4211.154,разжать руку
45,4172.564,4155.513,4216.667,4204.231,4207.436,4198.077,4179.615,4209.231,4208.077,4219.487,4222.308,4167.692,4186.41,4211.667,разжать руку
45,4177.179,4155.256,4218.974,4209.359,4208.077,4189.487,4178.718,4221.667,4214.487,4223.846,4224.872,4171.923,4189.231,4209.615,разжать руку
45,4183.59,4160.0,4223.205,4210.897,4213.205,4195.385,4186.538,4227.308,4216.923,4224.872,4225.0,4174.231,4190.128,4209.615,разжать руку
45,4183.077,4159.103,4225.0,4207.692,4211.282,4205.769,4207.308,4225.385,4214.744,4220.513,4221.41,4172.436,4181.923,4210.385,разжать руку
45,4182.436,4152.692,4224.103,4206.026,4209.487,4201.795,4202.692,4220.641,4212.051,4207.308,4217.179,4175.769,4175.128,4213.205,разжать руку
45,4177.179,4146.41,4218.59,4201.282,4212.564,4196.41,4187.692,4212.692,4205.256,4189.231,4208.974,4170.0,4171.026,4207.436,разжать руку
45,4165.513,4137.308,4207.179,4194.103,4204.744,4199.872,4193.59,4206.795,4198.077,4176.154,4200.128,4161.795,4160.256,4202.564,разжать руку
45,4160.0,4133.59,4202.308,4193.077,4193.462,4203.205,4197.821,4202.436,4195.513,4177.051,4196.154,4161.923,4152.051,4200.513,разжать руку
45,4159.231,4133.462,4200.641,4192.051,4194.103,4198.59,4188.846,4190.256,4188.846,4178.077,4194.231,4159.231,4154.231,4196.795,разжать руку
45,4157.821,4133.333,4194.487,4193.205,4201.667,4193.077,4184.359,4184.487,4184.487,4182.051,4195.385,4159.744,4160.641,4200.641,разжать руку
45,4157.179,4139.872,4194.872,4200.0,4204.872,4195.641,4187.051,4197.949,4196.923,4199.615,4202.436,4165.513,4166.538,4204.615,разжать руку
45,4162.821,4146.538,4205.897,4206.154,4202.179,4196.795,4185.0,4211.795,4208.462,4212.436,4208.718,4170.897,4170.128,4206.923,разжать руку
45,4171.795,4152.308,4215.641,4207.179,4206.026,4189.487,4186.154,4218.846,4211.795,4214.103,4210.256,4170.641,4172.564,4209.744,разжать руку
45,4176.154,4157.821,4216.026,4205.769,4209.615,4186.154,4189.359,4225.769,4219.744,4223.846,4213.333,4168.974,4178.205,4211.026,разжать руку
45,4174.872,4157.051,4213.205,4206.795,4208.462,4196.026,4193.59,4219.359,4215.513,4227.308,4213.974,4173.205,4181.41,4213.077,разжать руку
45,4174.872,4152.692,4214.744,4206.026,4210.641,4203.205,4202.179,4210.897,4203.974,4212.949,4208.333,4171.923,4176.026,4208.077,разжать руку
45,4174.615,4149.359,4216.154,4201.282,4209.359,4201.667,4202.564,4215.0,4204.103,4204.359,4206.923,4166.795,4169.103,4202.564,разжать руку
45,4166.923,4145.641,4211.026,4198.718,4204.103,4199.872,4191.41,4212.821,4205.385,4203.205,4206.923,4163.462,4165.128,4202.821,разжать руку
45,4157.051,4137.179,4198.974,4196.667,4202.692,4199.744,4187.051,4199.872,4198.077,4193.846,4198.718,4156.667,4159.231,4201.154,разжать руку
45,4156.41,4136.154,4194.487,4200.256,4205.128,4206.026,4198.846,4198.205,4194.231,4182.692,4191.026,4157.051,4157.051,4203.333,разжать руку
45,4167.051,4146.795,4205.769,4209.615,4208.846,4212.308,4207.308,4206.538,4199.359,4182.179,4194.359,4162.949,4164.359,4204.872,разжать руку
45,4172.179,4150.0,4211.026,4210.769,4206.538,4207.821,4202.308,4206.154,4202.821,4187.308,4201.538,4166.923,4167.308,4203.333,разжать руку
45,4171.154,4149.744,4209.231,4208.077,4204.744,4203.846,4202.564,4205.513,4205.0,4200.385,4206.41,4170.128,4167.692,4210.769,разжать руку
45,4173.333,4155.0,4211.667,4210.769,4213.077,4203.846,4209.103,4207.949,4204.487,4211.538,4209.615,4170.0,4174.231,4215.769,разжать руку
45,4173.333,4159.615,4212.949,4213.077,4219.744,4201.795,4205.513,4209.359,4203.974,4210.385,4210.256,4171.795,4177.179,4211.41,разжать руку
45,4170.385,4159.231,4212.179,4211.923,4218.718,4202.564,4197.179,4216.154,4209.359,4212.436,4208.718,4171.41,4174.872,4206.154,разжать руку
45,4170.897,4155.641,4212.436,4211.923,4212.051,4205.513,4201.923,4216.667,4206.154,4210.897,4205.385,4166.026,4173.59,4203.718,разжать руку
45,4178.846,4154.103,4215.128,4215.769,4205.385,4203.205,4208.846,4206.667,4199.231,4202.692,4203.462,4164.615,4175.513,4206.538,разжать руку
45,4183.333,4155.769,4217.308,4216.538,4205.769,4197.179,4199.487,4202.308,4201.923,4201.795,4206.282,4166.154,4172.821,4210.0,разжать руку
45,4181.282,4158.846,4219.231,4216.154,4209.872,4194.359,4188.59,4218.718,4215.0,4204.103,4209.615,4171.667,4172.051,4214.103,разжать руку
45,4187.692,4163.974,4226.795,4221.41,4211.154,4200.256,4195.641,4227.564,4220.513,4209.487,4211.667,4175.769,4180.769,4214.615,разжать руку
45,4190.256,4161.026,4226.795,4221.538,4208.718,4201.154,4202.308,4204.744,4203.718,4211.923,4212.821,4173.59,4183.974,4211.923,разжать руку
45,4176.795,4149.231,4213.333,4212.051,4206.538,4198.205,4197.821,4192.949,4195.641,4205.513,4209.872,4170.385,4177.821,4211.154,разжать руку
45,4169.744,4145.128,4210.385,4206.923,4205.513,4206.282,4194.615,4209.231,4212.051,4206.795,4208.59,4170.0,4174.744,4207.949,разжать руку
45,4168.718,4143.462,4212.564,4206.41,4203.974,4213.846,4202.692,4217.051,4215.641,4208.333,4207.564,4172.949,4172.051,4206.026,разжать руку
45,4159.487,4136.667,4201.41,4203.59,4205.256,4215.128,4214.744,4212.692,4204.103,4202.308,4202.821,4170.0,4165.0,4204.231,разжать руку
45,4158.974,4139.231,4198.077,4204.744,4208.718,4210.897,4205.128,4208.718,4205.0,4205.769,4201.41,4165.513,4166.282,4203.59,разжать руку
45,4166.667,4147.436,4207.564,4210.385,4209.615,4203.333,4189.231,4210.0,4211.154,4212.564,4204.744,4172.051,4172.949,4208.59,разжать руку
45,4163.718,4148.59,4210.769,4210.769,4207.308,4202.051,4196.282,4221.026,4210.769,4210.128,4205.641,4172.821,4173.077,4206.154,разжать руку
45,4156.923,4145.641,4205.897,4207.179,4201.667,4199.231,4198.462,4217.821,4207.821,4205.897,4201.667,4165.769,4173.077,4201.026,разжать руку
45,4156.026,4147.179,4203.59,4206.41,4199.615,4193.333,4184.359,4191.41,4198.205,4202.436,4196.026,4162.949,4172.821,4202.949,разжать руку
45,4157.949,4154.615,4205.0,4210.385,4202.179,4195.385,4176.282,4190.256,4194.103,4196.667,4193.846,4162.692,4168.718,4201.667,разжать руку
45,4163.205,4161.538,4207.436,4218.077,4204.359,4201.154,4178.205,4209.359,4200.0,4191.538,4194.872,4167.179,4168.462,4201.667,разжать руку
45,4168.974,4160.897,4213.462,4220.0,4205.641,4196.667,4181.923,4206.282,4199.231,4191.154,4192.436,4165.256,4172.821,4202.692,разжать руку
45,4170.128,4160.128,4217.692,4214.744,4207.692,4190.897,4177.051,4197.564,4196.282,4193.205,4191.923,4161.282,4174.231,4203.333,разжать руку
45,4172.051,4164.487,4218.333,4214.872,4205.385,4197.821,4174.487,4201.026,4196.282,4192.949,4196.41,4165.0,4170.769,4205.256,разжать руку
45,4169.872,4162.308,4213.846,4213.077,4198.846,4204.487,4184.359,4200.0,4196.282,4188.205,4194.359,4161.667,4166.41,4200.897,разжать руку
45,4166.282,4163.974,4211.923,4210.128,4201.667,4202.564,4181.795,4200.641,4202.051,4192.692,4194.744,4162.436,4172.051,4205.385,разжать руку
45,4172.564,4173.846,4217.436,4216.667,4211.795,4201.026,4165.769,4208.462,4207.564,4210.769,4201.795,4169.872,4181.795,4214.744,разжать руку
45,4174.359,4167.949,4214.615,4217.949,4212.949,4205.256,4173.077,4214.231,4207.821,4219.231,4202.308,4168.718,4179.615,4210.769,разжать руку
45,4165.513,4155.897,4206.41,4211.538,4207.179,4211.923,4200.897,4212.436,4206.923,4211.795,4196.41,4166.282,4173.462,4203.974,разжать руку
45,4164.103,4162.179,4208.333,4212.564,4206.282,4210.256,4202.179,4202.436,4204.231,4204.872,4195.0,4167.949,4178.718,4205.385,разжать руку
45,4174.103,4173.077,4216.538,4219.359,4209.744,4205.513,4186.282,4197.692,4202.436,4205.769,4199.231,4170.385,4186.026,4212.436,разжать руку
45,4174.103,4171.923,4217.436,4222.564,4210.769,4208.59,4191.282,4200.897,4200.897,4207.051,4199.487,4167.564,4185.769,4210.0,разжать руку
45,4168.462,4168.333,4212.436,4221.41,4208.333,4208.846,4203.077,4208.59,4202.692,4205.256,4195.769,4166.282,4183.846,4205.0,разжать руку
45,4177.564,4175.128,4214.744,4222.949,4210.128,4205.897,4201.795,4218.718,4211.282,4207.436,4197.308,4171.41,4184.487,4209.744,разжать руку
45,4181.154,4180.513,4218.205,4225.0,4215.0,4210.0,4196.154,4212.564,4210.641,4213.077,4202.308,4166.538,4186.154,4208.59,разжать руку
45,4176.282,4175.769,4215.385,4224.744,4211.923,4207.179,4193.333,4204.359,4205.513,4218.077,4205.385,4162.692,4186.026,4206.41,разжать руку
45,4179.744,4175.256,4216.026,4224.872,4214.103,4199.872,4195.256,4212.564,4208.718,4221.282,4208.59,4168.462,4187.692,4209.744,разжать руку
45,4177.949,4178.59,4214.615,4221.154,4219.487,4202.179,4196.795,4212.179,4209.487,4217.692,4210.769,4167.564,4186.538,4207.949,разжать руку
45,4167.692,4175.513,4206.282,4215.897,4216.795,4206.795,4191.667,4201.026,4207.949,4210.256,4208.333,4165.128,4183.462,4206.282,разжать руку
45,4167.949,4173.205,4203.333,4215.897,4219.487,4206.154,4189.103,4200.0,4209.103,4208.59,4209.872,4166.923,4184.872,4206.538,разжать руку
45,4171.41,4173.462,4206.41,4215.769,4223.718,4210.0,4197.436,4206.923,4207.821,4211.154,4215.385,4166.538,4187.949,4207.308,разжать руку
45,4168.462,4175.128,4208.333,4216.282,4223.333,4217.436,4198.462,4215.641,4213.333,4222.179,4217.821,4163.974,4191.923,4209.231,разжать руку
45,4165.897,4178.205,4205.256,4220.769,4224.872,4217.179,4184.615,4208.718,4216.538,4228.462,4218.205,4163.205,4190.513,4208.974,разжать руку
45,4164.615,4177.564,4203.333,4225.769,4225.128,4216.41,4187.692,4204.487,4210.641,4220.0,4221.154,4166.026,4187.821,4208.59,разжать руку
45,4167.051,4178.333,4210.385,4225.769,4218.462,4216.667,4205.0,4220.128,4215.897,4222.949,4223.718,4167.949,4191.026,4206.41,разжать руку
45,4173.846,4186.154,4218.205,4226.538,4216.923,4209.615,4198.846,4224.359,4222.692,4237.436,4223.205,4172.308,4197.436,4206.667,разжать руку
45,4176.923,4191.41,4221.795,4231.795,4224.615,4208.462,4191.026,4220.128,4218.205,4238.333,4220.513,4176.41,4196.795,4210.256,разжать руку
45,4174.487,4186.538,4223.59,4231.795,4223.718,4214.615,4202.692,4218.462,4215.769,4226.41,4219.231,4171.538,4189.615,4206.795,разжать руку
45,4176.026,4183.974,4225.0,4229.103,4216.41,4211.538,4203.333,4207.821,4213.462,4219.487,4221.282,4169.487,4188.59,4206.667,разжать руку
45,4183.333,4191.41,4227.051,4233.333,4220.128,4205.897,4194.615,4198.59,4205.769,4220.128,4218.59,4170.256,4188.59,4209.744,разжать руку
45,4186.923,4194.615,4229.872,4235.769,4224.231,4209.615,4193.718,4204.231,4205.256,4222.051,4213.974,4170.641,4187.051,4207.436,разжать руку
45,4181.026,4189.615,4229.615,4233.205,4218.846,4212.821,4190.897,4205.256,4209.487,4223.077,4215.385,4172.436,4187.692,4204.872,разжать руку
45,4173.333,4184.359,4226.282,4232.179,4213.462,4206.667,4186.667,4204.872,4209.615,4217.821,4216.538,4168.333,4186.154,4202.821,разжать руку
45,4179.487,4188.205,4228.333,4237.179,4216.282,4204.359,4189.103,4220.0,4216.667,4222.564,4219.872,4171.667,4190.897,4207.821,разжать руку
45,4191.282,4196.41,4235.128,4242.179,4223.59,4216.282,4195.769,4221.538,4219.359,4239.103,4225.128,4174.487,4198.462,4210.128,разжать руку
45,4186.282,4191.667,4229.359,4235.256,4218.846,4221.41,4202.949,4203.718,4205.513,4231.154,4218.974,4165.769,4193.718,4201.923,разжать руку
45,4176.795,4185.385,4221.282,4228.077,4209.231,4211.282,4201.154,4200.128,4202.051,4208.846,4213.718,4168.462,4187.821,4205.256,разжать руку
45,4186.41,4193.59,4230.385,4233.974,4217.308,4203.205,4187.436,4211.667,4215.256,4214.103,4221.41,4177.949,4194.744,4215.769,разжать руку
45,4201.026,4202.949,4238.974,4239.744,4223.974,4206.41,4182.692,4212.564,4215.641,4229.103,4224.872,4179.103,4199.359,4217.179,разжать руку
45,4200.0,4199.744,4231.923,4235.128,4214.744,4214.872,4195.128,4208.59,4209.744,4231.026,4218.974,4177.692,4196.667,4212.564,разжать руку
45,4189.359,4186.667,4222.051,4225.897,4208.59,4211.154,4200.513,4218.846,4215.897,4227.564,4218.205,4176.026,4195.0,4208.077,разжать руку
45,4183.59,4178.974,4220.128,4225.256,4215.256,4203.205,4191.923,4225.769,4218.846,4223.718,4220.513,4175.385,4194.231,4209.872,разжать руку
45,4186.795,4183.205,4221.282,4230.641,4221.41,4208.077,4188.718,4213.59,4214.487,4225.513,4216.538,4175.769,4193.718,4209.359,разжать руку
45,4190.256,4187.308,4218.846,4232.949,4219.487,4213.462,4194.872,4201.923,4210.256,4225.0,4210.769,4178.59,4193.205,4207.821,разжать руку
45,4187.821,4190.0,4217.949,4232.692,4216.026,4211.282,4201.538,4207.051,4209.487,4220.769,4209.103,4180.128,4193.718,4211.41,разжать руку
45,4183.846,4192.436,4217.051,4229.872,4212.564,4207.949,4198.59,4210.769,4211.41,4222.564,4210.769,4176.923,4194.487,4210.513,разжать руку
45,4183.846,4189.103,4213.59,4227.821,4213.718,4209.103,4190.641,4205.513,4212.308,4226.795,4208.462,4175.897,4194.231,4210.0,разжать руку
46,4185.513,4191.923,4209.231,4226.923,4217.821,4209.744,4192.436,4211.026,4212.692,4236.154,4210.256,4171.41,4200.385,4211.026,сжать руку
46,4186.795,4191.026,4209.615,4231.667,4209.615,4202.564,4188.205,4220.128,4219.231,4236.795,4212.436,4177.436,4199.103,4211.795,сжать руку
46,4191.538,4192.564,4214.872,4236.795,4211.154,4205.641,4197.179,4221.154,4208.077,4232.308,4208.59,4175.385,4197.564,4208.974,сжать руку
46,4200.0,4200.385,4218.974,4237.308,4213.333,4208.846,4199.359,4205.513,4197.821,4223.718,4204.744,4175.641,4196.923,4212.821,сжать руку
46,4209.744,4211.282,4224.487,4242.051,4213.205,4204.231,4179.359,4212.821,4217.692,4230.641,4209.744,4183.718,4201.667,4221.923,сжать руку
46,4210.385,4218.974,4227.949,4246.154,4214.744,4205.256,4175.897,4219.615,4222.564,4242.051,4213.205,4185.769,4206.154,4220.128,сжать руку
46,4205.385,4215.385,4222.821,4243.077,4216.667,4207.179,4194.103,4198.59,4193.077,4228.974,4208.333,4181.667,4204.872,4215.769,сжать руку
46,4215.128,4213.59,4223.974,4243.205,4218.205,4201.154,4191.923,4192.308,4188.59,4217.564,4210.641,4181.026,4210.513,4220.128,сжать руку
46,4229.231,4225.897,4235.897,4247.692,4213.718,4198.333,4179.615,4206.667,4210.897,4231.667,4222.949,4186.795,4220.769,4226.41,сжать руку
46,4226.41,4235.128,4245.897,4250.385,4210.385,4203.077,4188.205,4205.128,4209.744,4241.282,4223.974,4185.641,4219.615,4222.436,сжать руку
46,4216.795,4229.359,4247.692,4249.231,4213.718,4203.462,4193.462,4199.103,4201.282,4234.872,4210.641,4179.487,4214.359,4218.462,сжать руку
46,4213.205,4222.308,4245.897,4246.795,4217.436,4204.103,4186.026,4206.026,4209.744,4234.103,4209.744,4179.615,4217.179,4221.923,сжать руку
46,4208.974,4220.513,4245.128,4245.0,4220.128,4206.026,4184.487,4207.051,4215.128,4238.718,4219.103,4173.718,4215.0,4217.692,сжать руку
46,4201.923,4215.641,4238.718,4242.179,4219.744,4201.282,4183.718,4203.718,4211.154,4235.513,4216.282,4168.462,4207.179,4212.179,сжать руку
46,4198.077,4211.795,4230.897,4238.205,4218.205,4204.872,4190.256,4203.59,4209.615,4231.538,4210.0,4172.051,4206.282,4210.897,сжать руку
46,4196.026,4205.641,4228.59,4231.026,4212.308,4212.179,4203.077,4207.051,4209.872,4228.974,4211.282,4172.821,4202.949,4207.692,сжать руку
46,4193.077,4199.359,4229.103,4228.462,4208.205,4208.333,4202.051,4213.077,4212.692,4231.41,4212.179,4172.821,4197.308,4210.256,сжать руку
46,4185.641,4198.974,4227.051,4228.462,4213.205,4203.333,4192.436,4213.59,4219.872,4244.744,4210.385,4171.538,4202.949,4210.513,сжать руку
46,4173.205,4194.231,4219.359,4223.205,4216.667,4208.077,4191.923,4210.0,4223.205,4245.385,4209.103,4168.974,4204.231,4206.538,сжать руку
46,4167.692,4192.308,4214.231,4219.872,4217.179,4215.641,4195.769,4204.231,4215.513,4227.051,4203.333,4167.051,4192.308,4206.282,сжать руку
46,4168.077,4192.179,4210.256,4214.487,4213.974,4210.897,4193.718,4199.487,4205.128,4215.385,4193.59,4161.923,4183.974,4203.59,сжать руку
46,4168.718,4181.41,4204.487,4210.897,4211.667,4201.538,4194.872,4204.487,4206.795,4217.692,4190.641,4163.333,4183.59,4203.077,сжать руку
46,4171.154,4178.205,4207.692,4216.026,4216.923,4204.744,4200.641,4209.615,4212.564,4222.308,4193.462,4166.282,4183.846,4205.0,сжать руку
46,4178.59,4191.282,4217.051,4221.667,4218.077,4209.231,4200.128,4206.538,4211.026,4223.205,4196.795,4167.436,4187.821,4209.231,сжать руку
46,4183.462,4195.769,4219.487,4223.59,4217.436,4209.103,4200.641,4206.154,4210.641,4226.795,4200.128,4171.667,4194.359,4213.333,сжать руку
46,4173.59,4181.282,4209.487,4218.077,4221.667,4206.026,4202.564,4203.846,4209.231,4223.333,4197.051,4167.308,4188.974,4206.667,сжать руку
46,4157.179,4171.026,4193.462,4211.154,4222.949,4200.513,4197.436,4196.795,4205.0,4214.103,4189.615,4159.231,4181.282,4203.077,сжать руку
46,4152.821,4175.897,4188.333,4211.026,4224.744,4201.923,4198.59,4201.026,4206.795,4223.846,4190.513,4159.872,4186.795,4204.615,сжать руку
46,4150.641,4174.615,4188.333,4209.487,4229.359,4204.487,4203.333,4209.231,4211.923,4236.154,4194.872,4163.462,4188.974,4202.564,сжать руку
46,4143.846,4168.59,4182.821,4207.051,4227.436,4200.128,4199.231,4208.59,4211.154,4225.769,4187.821,4162.692,4182.308,4203.077,сжать руку
46,4151.795,4173.974,4183.846,4212.564,4225.641,4197.692,4194.744,4204.872,4211.538,4223.077,4184.487,4158.462,4184.231,4205.385,сжать руку
46,4167.179,4179.359,4191.282,4216.667,4228.077,4201.154,4199.872,4204.487,4215.385,4234.872,4194.103,4163.462,4189.615,4209.359,сжать руку
46,4164.872,4179.615,4192.179,4213.333,4226.538,4204.872,4205.897,4205.641,4208.077,4223.59,4192.821,4167.179,4185.385,4209.359,сжать руку
46,4154.744,4175.128,4189.359,4208.077,4221.923,4203.846,4202.051,4201.41,4190.769,4198.974,4183.59,4163.974,4180.897,4206.795,сжать руку
46,4157.949,4170.769,4190.897,4207.179,4215.385,4203.205,4198.205,4196.667,4187.949,4194.744,4186.538,4166.795,4183.205,4211.41,сжать руку
46,4168.718,4179.872,4198.205,4213.974,4210.128,4200.0,4201.282,4204.231,4201.795,4208.59,4193.974,4166.923,4187.051,4216.282,сжать руку
46,4174.487,4194.359,4205.128,4218.59,4208.333,4189.103,4198.974,4210.769,4204.487,4213.846,4194.231,4167.692,4192.564,4218.846,сжать руку
46,4183.077,4207.821,4210.769,4222.564,4212.821,4183.333,4186.41,4200.897,4197.692,4213.077,4197.179,4173.205,4202.051,4222.692,сжать руку
46,4192.436,4217.436,4214.231,4227.692,4220.0,4190.513,4178.077,4196.667,4201.41,4223.462,4204.359,4171.923,4206.923,4224.615,сжать руку
46,4188.974,4216.538,4214.103,4225.128,4220.128,4197.436,4183.077,4207.179,4205.897,4230.0,4202.821,4169.487,4203.205,4224.615,сжать руку
46,4182.436,4214.231,4216.795,4221.795,4220.0,4198.333,4189.487,4209.359,4201.282,4225.385,4196.667,4168.718,4200.385,4221.41,сжать руку
46,4184.872,4217.436,4222.692,4223.462,4220.513,4197.179,4186.282,4203.974,4197.564,4225.385,4198.846,4170.0,4202.949,4222.051,сжать руку
46,4186.923,4216.795,4227.692,4223.846,4214.744,4195.897,4184.872,4199.744,4197.436,4231.538,4201.923,4169.231,4205.769,4224.615,сжать руку
46,4178.205,4209.872,4229.231,4220.0,4210.513,4195.256,4186.923,4193.205,4193.846,4226.282,4199.103,4164.103,4204.103,4218.718,сжать руку
46,4170.385,4207.949,4224.359,4219.744,4218.205,4201.282,4186.41,4195.641,4194.872,4218.846,4202.564,4165.641,4203.077,4214.103,сжать руку
46,4166.667,4204.615,4221.795,4218.205,4225.769,4210.513,4191.282,4207.436,4202.949,4230.769,4206.154,4165.0,4203.59,4208.718,сжать руку
46,4157.692,4192.051,4220.769,4212.949,4221.538,4210.385,4193.077,4206.667,4202.564,4238.718,4198.077,4160.128,4197.692,4204.103,сжать руку
46,4154.103,4186.667,4216.282,4215.0,4220.641,4208.59,4188.974,4200.769,4199.615,4228.462,4192.179,4160.897,4189.487,4207.179,сжать руку
46,4165.128,4192.308,4216.026,4219.744,4222.308,4207.949,4186.795,4199.872,4200.769,4224.231,4197.692,4160.641,4188.974,4207.821,сжать руку
46,4172.949,4196.795,4224.872,4225.385,4218.205,4200.513,4183.59,4202.949,4202.821,4230.769,4205.128,4161.41,4196.538,4211.795,сжать руку
46,4168.333,4197.692,4230.0,4229.231,4220.128,4202.821,4186.41,4206.923,4206.923,4232.949,4203.718,4160.641,4195.641,4211.795,сжать руку
46,4164.744,4196.154,4225.0,4225.256,4222.821,4213.718,4194.103,4199.615,4204.744,4222.821,4195.513,4154.744,4186.026,4204.744,сжать руку
46,4164.744,4190.256,4220.641,4221.41,4216.667,4212.436,4191.795,4190.256,4194.872,4211.538,4190.128,4155.513,4183.077,4206.41,сжать руку
46,4160.256,4185.513,4218.718,4222.179,4213.077,4204.231,4184.103,4194.231,4193.077,4212.308,4192.436,4157.564,4185.897,4206.41,сжать руку
46,4160.897,4190.513,4220.897,4224.615,4218.077,4203.718,4183.333,4203.846,4203.462,4219.744,4195.641,4160.0,4190.256,4204.487,сжать руку
46,4175.256,4199.872,4228.205,4228.333,4222.821,4206.282,4184.487,4196.538,4200.769,4225.0,4202.179,4164.872,4198.718,4211.282,сжать руку
46,4185.385,4200.385,4226.667,4226.923,4221.41,4203.333,4183.077,4183.718,4189.872,4221.026,4209.744,4168.59,4203.462,4214.744,сжать руку
46,4186.282,4208.59,4222.179,4226.667,4218.59,4198.59,4182.179,4193.59,4195.128,4210.513,4210.256,4172.179,4197.949,4215.385,сжать руку
46,4189.872,4222.308,4222.821,4230.897,4216.41,4199.615,4180.513,4200.128,4198.718,4202.949,4206.667,4165.641,4192.564,4213.462,сжать руку
46,4193.333,4218.333,4217.436,4231.667,4209.744,4201.795,4178.333,4190.385,4191.538,4199.487,4205.128,4159.231,4195.0,4210.897,сжать руку
46,4197.051,4215.897,4214.872,4233.718,4205.128,4201.538,4185.0,4197.564,4194.615,4201.667,4211.41,4163.59,4199.359,4214.103,сжать руку
46,4198.974,4224.231,4217.564,4235.256,4208.974,4200.513,4189.872,4204.231,4198.59,4204.872,4218.718,4164.872,4200.385,4215.769,сжать руку
46,4198.846,4224.872,4216.026,4231.282,4215.769,4200.0,4184.103,4192.692,4196.667,4212.949,4223.333,4165.641,4200.128,4216.923,сжать руку
46,4200.128,4221.154,4216.026,4231.154,4215.385,4203.462,4187.692,4191.41,4200.641,4228.718,4226.795,4165.769,4202.692,4218.333,сжать руку
46,4194.359,4218.59,4206.154,4231.667,4207.308,4206.923,4191.923,4190.513,4200.128,4227.308,4222.564,4163.59,4201.282,4216.795,сжать руку
46,4183.205,4214.872,4189.359,4227.179,4209.359,4207.821,4182.436,4184.359,4198.462,4214.487,4218.205,4166.923,4196.154,4210.641,сжать руку
46,4177.308,4209.744,4184.103,4224.615,4217.949,4205.0,4184.487,4191.795,4201.41,4215.0,4218.077,4169.103,4188.718,4202.692,сжать руку
46,4172.436,4201.282,4178.59,4224.744,4214.487,4202.179,4200.513,4197.051,4196.923,4213.59,4215.0,4164.872,4180.128,4203.333,сжать руку
46,4167.692,4199.231,4169.359,4222.949,4215.256,4207.051,4203.718,4191.538,4195.513,4207.308,4211.538,4159.872,4178.59,4202.821,сжать руку
46,4166.154,4200.513,4167.051,4220.897,4220.385,4210.128,4195.0,4195.385,4202.692,4208.077,4211.795,4163.077,4178.974,4199.744,сжать руку
46,4162.564,4194.872,4167.692,4221.538,4216.154,4207.308,4192.692,4202.564,4199.872,4211.154,4213.333,4168.205,4177.051,4201.795,сжать руку
46,4159.744,4194.872,4164.359,4222.308,4213.333,4203.974,4188.846,4199.359,4196.154,4210.128,4215.769,4168.077,4177.308,4204.487,сжать руку
46,4162.949,4198.333,4162.179,4224.744,4213.718,4205.0,4184.615,4200.128,4205.513,4208.718,4215.897,4171.282,4177.692,4204.359,сжать руку
46,4165.641,4193.205,4166.538,4230.513,4210.0,4204.615,4185.513,4199.872,4206.538,4208.59,4209.615,4169.487,4174.103,4199.231,сжать руку
46,4160.385,4189.872,4166.667,4230.769,4202.949,4197.564,4176.923,4195.897,4197.051,4203.846,4207.436,4168.205,4171.026,4196.795,сжать руку
46,4151.026,4189.615,4157.179,4225.897,4201.923,4200.385,4176.923,4201.538,4197.564,4198.462,4208.59,4177.051,4169.872,4201.154,сжать руку
46,4149.744,4185.897,4155.256,4226.538,4205.385,4208.974,4190.897,4211.154,4204.231,4205.897,4208.077,4175.513,4172.564,4204.872,сжать руку
46,4162.179,4189.231,4168.205,4233.205,4204.872,4209.359,4193.077,4212.692,4206.795,4215.513,4213.205,4173.846,4184.487,4217.051,сжать руку
46,4172.308,4199.359,4176.795,4241.282,4201.667,4210.385,4191.282,4207.564,4203.974,4209.615,4217.692,4188.077,4192.436,4231.154,сжать руку
46,4165.897,4201.923,4174.487,4247.949,4197.308,4213.718,4197.436,4205.513,4202.692,4202.436,4211.795,4192.821,4184.487,4230.769,сжать руку
46,4160.0,4202.179,4177.821,4252.692,4198.846,4212.436,4195.256,4209.231,4206.154,4211.538,4210.513,4184.231,4181.026,4227.436,сжать руку
46,4167.051,4208.333,4182.564,4250.128,4206.667,4209.615,4184.231,4210.641,4207.051,4223.205,4218.59,4177.949,4192.949,4221.41,сжать руку
46,4169.615,4210.0,4177.692,4245.897,4206.026,4211.795,4191.41,4212.179,4205.513,4227.436,4220.641,4179.231,4196.41,4216.154,сжать руку
46,4162.949,4206.538,4174.615,4246.923,4200.897,4214.231,4203.974,4213.718,4206.667,4228.205,4213.077,4179.103,4183.462,4214.744,сжать руку
46,4159.359,4211.154,4170.513,4245.769,4206.667,4212.308,4193.974,4207.821,4203.846,4218.718,4203.205,4170.641,4170.641,4205.0,сжать руку
46,4160.513,4224.103,4165.769,4246.923,4217.051,4211.154,4180.256,4207.564,4204.103,4215.769,4203.462,4168.974,4169.103,4202.179,сжать руку
46,4162.179,4233.462,4165.128,4247.949,4220.385,4212.179,4181.282,4213.718,4210.0,4227.949,4210.256,4169.231,4173.59,4204.487,сжать руку
46,4154.231,4225.769,4157.179,4234.744,4218.846,4209.103,4186.41,4206.026,4203.974,4220.385,4203.333,4160.513,4167.051,4195.641,сжать руку
46,4147.436,4217.692,4151.41,4222.821,4219.231,4200.513,4178.59,4196.026,4194.872,4204.872,4190.897,4151.538,4156.795,4189.103,сжать руку
46,4149.872,4217.436,4156.795,4223.077,4216.41,4195.256,4175.128,4195.513,4196.538,4205.897,4191.026,4145.256,4156.282,4186.026,сжать руку
46,4147.051,4214.744,4159.615,4221.282,4213.974,4205.128,4198.974,4195.0,4195.897,4203.462,4194.231,4142.308,4161.282,4177.821,сжать руку
46,4144.615,4219.872,4164.744,4215.769,4222.051,4215.513,4210.897,4195.0,4195.256,4203.59,4192.436,4138.077,4168.846,4171.154,сжать руку
46,4153.846,4226.667,4182.308,4214.872,4230.385,4207.564,4187.564,4200.0,4201.026,4221.282,4196.538,4136.795,4179.487,4172.821,сжать руку
46,4155.769,4220.0,4191.667,4210.769,4229.744,4201.538,4188.59,4197.179,4197.436,4223.077,4196.795,4127.436,4179.359,4161.795,сжать руку
46,4146.538,4204.744,4182.179,4197.692,4221.282,4203.333,4205.256,4192.692,4191.026,4200.641,4190.128,4122.821,4171.538,4152.692,сжать руку
46,4154.103,4200.641,4181.923,4196.667,4219.103,4201.154,4185.897,4204.872,4200.513,4197.949,4195.385,4149.615,4182.179,4181.923,сжать руку
46,4172.436,4207.821,4196.282,4204.487,4231.282,4199.103,4170.641,4205.897,4200.897,4212.436,4205.256,4167.179,4199.615,4206.41,сжать руку
46,4172.179,4202.308,4194.359,4194.615,4235.256,4200.385,4183.205,4190.256,4186.154,4202.051,4198.974,4160.641,4195.256,4198.846,сжать руку
46,4158.59,4184.615,4178.077,4177.179,4218.205,4201.154,4190.0,4187.692,4182.692,4175.128,4182.949,4160.385,4181.154,4192.692,сжать руку
46,4150.513,4171.795,4171.154,4167.179,4205.128,4191.026,4177.436,4180.0,4180.897,4160.513,4172.436,4158.974,4177.821,4191.795,сжать руку
47,4159.487,4173.974,4180.0,4161.026,4208.077,4176.667,4161.923,4168.205,4166.538,4147.564,4167.436,4159.615,4182.051,4191.538,разжать руку
47,4150.256,4149.872,4172.308,4147.179,4207.821,4188.718,4181.667,4196.154,4181.923,4143.333,4160.385,4151.538,4171.538,4183.077,разжать руку
47,4149.231,4137.692,4169.744,4142.821,4217.436,4188.718,4171.41,4190.256,4184.487,4148.718,4163.077,4154.872,4175.641,4187.564,разжать руку
47,4163.59,4144.487,4185.385,4149.103,4232.308,4186.026,4154.487,4172.564,4177.179,4163.718,4171.795,4164.359,4187.949,4196.923,разжать руку
47,4172.949,4140.769,4195.897,4145.513,4236.154,4189.872,4161.538,4166.795,4175.513,4168.718,4171.538,4165.256,4187.051,4197.949,разжать руку
47,4168.077,4124.744,4195.385,4136.795,4230.513,4198.205,4176.282,4170.385,4178.846,4156.795,4165.513,4166.923,4183.205,4195.897,разжать руку
47,4167.564,4125.128,4207.821,4143.333,4227.308,4199.487,4176.41,4182.564,4184.744,4153.974,4165.256,4170.897,4190.0,4198.59,разжать руку
47,4177.436,4141.538,4229.103,4158.718,4235.128,4191.923,4164.615,4179.231,4182.051,4163.974,4172.308,4175.128,4199.359,4205.641,разжать руку
47,4178.974,4150.897,4243.333,4165.897,4242.308,4190.128,4155.385,4174.103,4177.179,4167.308,4177.051,4171.795,4201.795,4202.564,разжать руку
47,4176.41,4147.308,4256.538,4165.513,4236.282,4190.897,4154.744,4188.59,4182.821,4163.59,4176.154,4165.641,4199.615,4198.462,разжать руку
47,4182.308,4141.795,4271.026,4166.538,4233.59,4188.077,4154.103,4184.872,4180.256,4162.308,4174.615,4169.103,4197.564,4206.538,разжать руку
47,4183.59,4139.359,4283.718,4172.308,4236.154,4192.436,4155.641,4167.564,4170.256,4165.256,4176.538,4180.769,4198.718,4216.154,разжать руку
47,4177.179,4136.667,4299.744,4171.282,4241.026,4202.821,4171.795,4181.282,4178.205,4183.718,4178.205,4159.231,4200.385,4190.641,разжать руку
47,4168.718,4113.333,4298.077,4157.436,4225.897,4191.154,4168.077,4195.641,4185.897,4183.077,4177.179,4158.077,4195.128,4188.333,разжать руку
47,4175.0,4108.462,4306.667,4178.077,4217.436,4202.051,4170.897,4202.949,4186.026,4170.128,4183.205,4223.718,4202.308,4260.128,разжать руку
47,4186.538,4133.974,4348.718,4193.333,4253.846,4231.538,4196.282,4189.103,4179.744,4202.949,4181.667,4158.846,4210.897,4200.513,разжать руку
47,4169.103,4102.051,4337.564,4152.179,4242.051,4196.154,4170.769,4144.872,4157.564,4194.231,4166.923,4079.487,4189.359,4113.205,разжать руку
47,4163.974,4081.923,4321.41,4156.538,4217.949,4182.436,4159.872,4160.385,4163.59,4169.615,4168.59,4148.974,4180.513,4180.641,разжать руку
47,4177.308,4111.538,4356.538,4181.154,4249.103,4210.385,4188.59,4190.897,4181.667,4203.077,4174.103,4141.154,4188.974,4176.026,разжать руку
47,4168.846,4101.795,4357.692,4168.205,4253.205,4204.231,4183.205,4162.949,4167.051,4197.308,4167.051,4105.769,4175.128,4136.795,разжать руку
47,4160.641,4087.051,4348.462,4176.538,4243.333,4208.205,4179.487,4152.179,4160.513,4178.077,4166.154,4133.59,4160.256,4166.795,разжать руку
47,4168.205,4088.462,4359.744,4187.179,4244.872,4214.231,4182.949,4167.821,4172.308,4189.615,4167.821,4136.667,4161.282,4172.308,разжать руку
47,4178.718,4086.026,4365.641,4190.769,4243.974,4203.077,4174.359,4167.436,4174.103,4193.974,4170.769,4143.846,4169.231,4178.59,разжать руку
47,4179.615,4083.846,4370.385,4197.308,4245.0,4201.154,4176.41,4157.051,4165.385,4195.385,4171.282,4147.436,4167.179,4187.051,разжать руку
47,4175.897,4077.949,4373.333,4198.333,4240.513,4201.923,4181.667,4154.744,4161.667,4194.103,4165.769,4145.641,4157.179,4187.692,разжать руку
47,4181.538,4078.59,4380.769,4208.718,4242.051,4198.846,4168.205,4165.0,4170.256,4198.718,4172.179,4166.667,4163.718,4203.077,разжать руку
47,4188.462,4082.308,4395.641,4223.846,4249.487,4202.564,4166.026,4176.538,4180.128,4213.718,4186.667,4187.564,4172.051,4219.231,разжать руку
47,4182.179,4066.282,4402.692,4225.256,4247.308,4208.077,4187.949,4184.615,4182.821,4220.769,4187.692,4189.103,4167.051,4219.615,разжать руку
47,4177.949,4050.769,4404.231,4231.667,4238.974,4205.513,4186.282,4180.641,4179.487,4217.051,4188.077,4197.308,4169.615,4232.821,разжать руку
47,4182.821,4059.615,4415.0,4250.128,4242.051,4205.769,4168.59,4170.769,4178.077,4220.513,4196.795,4201.667,4179.872,4245.897,разжать руку
47,4174.231,4052.821,4413.718,4249.359,4242.821,4204.872,4172.692,4178.59,4185.256,4221.538,4195.256,4188.718,4173.333,4231.282,разжать руку
47,4160.385,4031.538,4400.385,4241.923,4238.077,4203.462,4181.538,4184.359,4188.333,4214.744,4188.846,4193.205,4161.41,4230.385,разжать руку
47,4163.462,4034.359,4408.462,4251.795,4245.641,4211.41,4179.231,4169.359,4177.949,4218.077,4187.821,4201.026,4164.744,4243.333,разжать руку
47,4171.667,4037.308,4419.487,4263.333,4249.487,4216.026,4186.154,4169.872,4177.692,4220.256,4188.205,4203.077,4168.462,4250.128,разжать руку
47,4176.154,4027.821,4421.282,4268.718,4249.872,4215.641,4198.846,4190.641,4195.385,4226.923,4193.59,4199.872,4167.564,4245.385,разжать руку
47,4180.256,4020.641,4426.282,4268.846,4245.0,4212.692,4188.846,4189.744,4198.462,4228.205,4195.256,4197.949,4165.769,4241.667,разжать руку
47,4188.205,4023.59,4444.487,4276.667,4251.667,4220.513,4190.897,4186.154,4191.795,4229.744,4192.051,4193.974,4166.667,4238.846,разжать руку
47,4183.59,4016.282,4451.41,4269.744,4263.59,4219.487,4202.821,4182.564,4190.256,4238.205,4189.103,4149.359,4158.846,4194.872,разжать руку
47,4166.026,3993.077,4427.692,4260.256,4244.744,4204.487,4186.538,4164.231,4179.615,4214.231,4184.487,4151.026,4141.41,4197.179,разжать руку
47,4166.923,4000.513,4425.385,4280.769,4245.641,4215.385,4181.923,4158.974,4173.59,4206.282,4185.897,4179.487,4142.179,4227.821,разжать руку
47,4177.564,4013.077,4433.205,4284.103,4257.564,4216.41,4189.359,4165.0,4182.821,4224.744,4195.128,4158.846,4151.667,4205.897,разжать руку
47,4182.692,4013.205,4426.154,4281.923,4251.154,4206.667,4187.436,4168.718,4190.897,4225.769,4203.59,4162.949,4153.205,4212.436,разжать руку
47,4191.538,4020.128,4429.231,4295.256,4260.513,4215.128,4185.385,4156.923,4183.205,4233.333,4210.128,4166.795,4156.41,4222.564,разжать руку
47,4202.692,4008.077,4424.487,4292.949,4263.846,4215.256,4182.308,4140.256,4171.667,4240.769,4217.308,4159.231,4160.769,4212.436,разжать руку
47,4215.769,3999.744,4414.872,4285.897,4255.641,4213.846,4188.718,4149.615,4179.231,4244.487,4226.026,4162.436,4164.744,4212.564,разжать руку
47,4223.333,4003.205,4410.641,4282.179,4257.179,4210.385,4186.026,4154.359,4187.308,4249.615,4235.513,4155.385,4162.821,4206.282,разжать руку
47,4223.974,3996.41,4399.231,4279.359,4264.103,4206.026,4178.205,4142.821,4182.051,4248.846,4236.026,4151.282,4154.231,4203.205,разжать руку
47,4218.462,3979.615,4380.385,4271.41,4260.897,4208.718,4184.744,4142.436,4179.615,4242.179,4229.359,4147.821,4143.205,4198.974,разжать руку
47,4215.0,3957.308,4363.205,4260.897,4248.846,4205.897,4185.641,4148.718,4182.179,4236.282,4231.282,4146.154,4139.359,4197.308,разжать руку
47,4218.205,3940.128,4348.077,4256.667,4241.538,4200.641,4176.538,4147.564,4181.41,4239.487,4237.051,4142.179,4137.821,4194.231,разжать руку
47,4215.769,3930.128,4327.564,4255.513,4240.0,4202.564,4179.744,4138.462,4176.026,4235.513,4232.949,4133.077,4124.744,4183.718,разжать руку
47,4213.59,3920.897,4311.026,4255.256,4241.923,4205.256,4188.718,4137.436,4177.949,4228.718,4231.923,4133.718,4117.949,4184.872,разжать руку
47,4216.795,3903.846,4298.974,4253.205,4242.051,4201.282,4180.897,4148.462,4186.41,4237.949,4237.051,4137.692,4120.513,4191.923,разжать руку
47,4217.308,3888.974,4282.821,4248.462,4235.0,4198.846,4171.282,4154.615,4192.051,4251.538,4237.564,4137.051,4117.308,4193.718,разжать руку
47,4215.256,3881.154,4270.769,4244.615,4226.282,4198.718,4174.744,4156.923,4194.103,4252.949,4239.359,4138.974,4115.0,4196.026,разжать руку
47,4210.641,3866.41,4259.359,4242.564,4219.872,4197.436,4176.923,4160.0,4188.462,4241.154,4239.103,4147.436,4112.692,4199.359,разжать руку
47,4207.564,3854.744,4248.205,4245.128,4217.949,4202.436,4176.41,4167.179,4186.282,4236.795,4235.385,4156.795,4109.103,4203.59,разжать руку
47,4203.718,3847.692,4242.821,4246.538,4215.641,4208.077,4184.487,4171.154,4190.0,4239.744,4233.333,4160.513,4108.077,4203.59,разжать руку
47,4191.538,3832.308,4231.41,4241.41,4204.872,4207.308,4194.615,4169.231,4186.795,4227.692,4227.949,4160.897,4097.821,4199.872,разжать руку
47,4183.333,3820.769,4216.026,4240.385,4200.256,4208.974,4195.256,4173.718,4190.0,4215.769,4224.103,4162.949,4084.615,4199.231,разжать руку
47,4187.949,3820.0,4213.462,4245.385,4204.615,4210.897,4191.026,4185.769,4201.282,4225.513,4229.359,4172.949,4088.333,4206.923,разжать руку
47,4190.256,3823.846,4217.051,4247.821,4203.718,4204.872,4185.769,4189.487,4203.974,4241.154,4238.077,4183.974,4098.974,4215.128,разжать руку
47,4180.513,3820.513,4207.821,4241.795,4194.744,4204.487,4191.154,4179.231,4197.436,4235.256,4231.41,4177.436,4090.769,4207.949,разжать руку
47,4170.769,3810.513,4193.59,4233.718,4190.128,4216.282,4199.744,4177.692,4195.256,4219.359,4217.821,4168.974,4071.667,4203.077,разжать руку
47,4174.359,3816.795,4196.667,4235.897,4196.795,4222.821,4194.231,4195.385,4203.846,4231.282,4222.051,4172.308,4074.487,4212.564,разжать руку
47,4181.795,3832.051,4205.769,4238.333,4201.923,4217.179,4193.59,4204.615,4212.436,4254.103,4233.077,4170.513,4089.487,4212.821,разжать руку
47,4179.872,3832.692,4199.103,4231.795,4200.385,4213.846,4195.769,4196.154,4211.538,4248.59,4225.769,4161.667,4082.436,4202.949,разжать руку
47,4175.385,3830.385,4190.897,4226.282,4203.333,4213.205,4180.256,4194.615,4209.487,4244.103,4219.231,4156.795,4068.846,4197.949,разжать руку
47,4172.949,3831.41,4190.0,4222.692,4205.897,4203.718,4164.487,4198.333,4210.897,4259.872,4230.641,4161.282,4075.128,4199.103,разжать руку
47,4164.744,3825.897,4180.641,4216.026,4208.333,4198.59,4162.564,4185.256,4204.359,4253.333,4227.436,4166.795,4079.872,4197.564,разжать руку
47,4150.385,3818.718,4167.308,4209.872,4207.308,4199.231,4159.487,4169.487,4193.846,4227.179,4210.128,4156.538,4068.718,4187.692,разжать руку
47,4146.282,3817.308,4169.744,4208.718,4190.256,4196.667,4170.128,4180.897,4200.128,4226.154,4213.846,4157.692,4073.077,4195.0,разжать руку
47,4155.385,3824.487,4187.821,4212.308,4177.436,4202.051,4204.231,4202.692,4212.692,4249.872,4226.026,4169.359,4094.103,4205.641,разжать руку
47,4156.667,3827.821,4196.923,4210.897,4174.615,4204.872,4209.744,4201.923,4213.077,4254.744,4216.795,4165.385,4097.179,4198.077,разжать руку
47,4152.179,3827.821,4197.179,4209.615,4175.641,4205.256,4200.641,4193.333,4208.974,4239.231,4205.897,4166.41,4088.205,4199.872,разжать руку
47,4156.154,3839.872,4203.077,4211.41,4187.179,4207.308,4211.538,4190.256,4207.308,4237.949,4207.949,4162.821,4089.231,4197.692,разжать руку
47,4155.0,3849.744,4203.333,4209.359,4190.897,4200.256,4204.103,4192.051,4209.231,4242.051,4208.333,4161.41,4095.769,4191.795,разжать руку
47,4142.051,3845.769,4193.718,4203.846,4182.179,4207.308,4209.872,4202.436,4217.308,4240.641,4201.41,4164.359,4093.974,4191.026,разжать руку
47,4133.462,3843.974,4185.256,4191.923,4175.769,4220.769,4231.026,4203.718,4219.487,4238.974,4195.256,4157.051,4091.795,4188.077,разжать руку
47,4144.103,3867.692,4193.205,4197.436,4183.333,4214.872,4214.359,4200.897,4217.179,4242.436,4198.462,4162.821,4108.333,4195.641,разжать руку
47,4152.179,3898.462,4207.051,4204.872,4192.821,4214.359,4192.179,4202.949,4219.359,4245.641,4199.359,4165.385,4123.846,4193.205,разжать руку
47,4142.564,3906.41,4197.821,4188.205,4185.641,4218.974,4187.949,4196.41,4215.897,4226.282,4192.179,4157.564,4121.41,4186.923,разжать руку
47,4136.795,3912.436,4186.923,4181.923,4176.538,4207.308,4184.103,4182.564,4206.282,4210.256,4191.538,4154.103,4129.487,4191.026,разжать руку
47,4140.769,3938.59,4196.026,4190.769,4176.795,4200.256,4187.051,4180.385,4206.667,4222.051,4195.897,4153.462,4151.923,4185.513,разжать руку
47,4143.846,3972.821,4210.0,4191.923,4171.795,4211.538,4201.154,4192.179,4217.051,4237.692,4200.0,4154.744,4165.769,4181.667,разжать руку
47,4144.872,4006.795,4218.718,4192.821,4164.487,4212.436,4198.205,4196.026,4219.359,4237.308,4202.692,4153.59,4171.923,4189.487,разжать руку
47,4146.667,4046.282,4223.846,4198.974,4172.692,4206.026,4192.949,4188.333,4213.846,4228.077,4197.949,4144.615,4173.462,4187.692,разжать руку
47,4145.256,4079.103,4223.59,4195.256,4183.718,4211.923,4203.205,4181.026,4213.846,4223.718,4192.949,4137.564,4175.641,4177.308,разжать руку
47,4143.718,4107.051,4224.744,4192.949,4180.641,4217.051,4205.513,4197.179,4226.154,4230.0,4197.949,4148.974,4187.564,4185.513,разжать руку
47,4144.872,4148.718,4233.59,4198.718,4177.821,4217.821,4208.974,4216.538,4234.744,4240.0,4197.949,4148.718,4190.641,4185.128,разжать руку
47,4140.641,4182.949,4234.615,4193.205,4176.667,4218.718,4211.026,4204.103,4227.308,4235.128,4192.821,4140.0,4184.872,4177.051,разжать руку
47,4137.949,4208.333,4232.564,4187.564,4173.974,4224.872,4210.385,4183.974,4215.385,4223.59,4193.462,4148.59,4192.051,4185.897,разжать руку
47,4141.667,4240.256,4235.128,4184.744,4170.641,4229.359,4215.385,4187.308,4213.974,4224.103,4191.41,4144.487,4193.462,4181.026,разжать руку
47,4143.846,4267.821,4227.564,4182.051,4162.308,4220.897,4215.769,4205.769,4224.872,4229.487,4188.59,4136.923,4181.795,4173.59,разжать руку
47,4135.513,4289.487,4208.462,4179.744,4162.692,4215.513,4210.128,4195.641,4222.821,4230.513,4186.667,4141.923,4179.487,4177.436,разжать руку
47,4128.846,4310.513,4187.051,4172.051,4171.026,4217.051,4202.949,4161.923,4203.846,4218.718,4179.615,4139.872,4182.308,4172.949,разжать руку
47,4138.462,4332.692,4174.872,4171.154,4171.154,4213.59,4197.564,4162.692,4202.308,4210.641,4179.487,4140.0,4184.615,4176.795,разжать руку
47,4148.205,4362.949,4173.59,4180.897,4172.051,4207.949,4193.333,4184.615,4213.462,4216.154,4183.333,4141.154,4184.103,4182.821,разжать руку
47,4138.205,4381.667,4162.564,4179.359,4171.795,4207.949,4199.615,4182.949,4207.436,4202.821,4171.538,4132.692,4173.846,4170.385,разжать руку
47,4128.077,4387.308,4148.718,4172.564,4165.256,4208.077,4202.949,4180.256,4202.821,4187.821,4164.744,4134.872,4174.103,4167.564,разжать руку
48,4143.59,4430.641,4159.615,4185.641,4170.897,4201.795,4162.949,4179.872,4211.538,4227.179,4185.769,4152.692,4205.385,4188.462,сжать руку
48,4143.59,4435.0,4155.513,4178.59,4167.179,4209.744,4179.231,4182.949,4214.744,4229.744,4188.974,4149.487,4206.538,4184.872,сжать руку
48,4138.462,4433.077,4147.821,4174.744,4159.872,4212.692,4200.513,4189.615,4216.538,4226.538,4185.513,4140.897,4204.359,4179.615,сжать руку
48,4136.667,4437.692,4141.923,4180.128,4162.821,4217.179,4199.487,4184.872,4207.564,4214.103,4177.949,4141.282,4194.359,4179.744,сжать руку
48,4136.538,4443.333,4139.231,4180.385,4170.897,4219.744,4188.462,4190.513,4211.154,4200.641,4174.103,4141.41,4183.846,4179.744,сжать руку
48,4138.846,4452.436,4140.128,4178.205,4167.308,4207.308,4176.667,4197.179,4221.154,4198.333,4177.308,4140.769,4185.641,4182.821,сжать руку
48,4147.821,4466.41,4144.231,4184.487,4161.923,4203.846,4180.897,4189.744,4213.462,4200.128,4181.667,4145.513,4193.462,4187.949,сжать руку
48,4149.359,4468.462,4145.256,4187.179,4167.308,4211.538,4192.692,4174.744,4197.564,4194.744,4180.385,4144.872,4197.821,4183.59,сжать руку
48,4141.538,4462.564,4142.179,4184.615,4165.769,4206.41,4192.308,4175.513,4200.385,4194.615,4176.538,4144.487,4198.333,4182.436,сжать руку
48,4135.256,4460.0,4138.333,4179.487,4155.769,4200.0,4195.0,4207.179,4223.205,4206.282,4177.179,4144.744,4200.385,4184.872,сжать руку
48,4131.923,4457.949,4133.077,4174.231,4159.744,4204.231,4202.436,4216.282,4227.051,4213.333,4178.59,4141.795,4203.462,4181.282,сжать руку
48,4127.692,4453.333,4128.846,4172.821,4169.487,4210.128,4210.513,4190.128,4206.795,4212.436,4176.538,4140.897,4201.282,4178.333,сжать руку
48,4127.179,4454.744,4127.436,4173.462,4165.769,4208.205,4209.487,4179.231,4196.795,4203.718,4173.59,4141.41,4196.538,4178.718,сжать руку
48,4136.667,4468.974,4128.974,4182.179,4165.897,4200.769,4184.487,4176.282,4196.795,4194.231,4169.359,4139.103,4198.462,4181.538,сжать руку
48,4144.359,4482.308,4132.051,4191.282,4173.846,4197.949,4166.41,4171.282,4196.282,4194.231,4170.897,4136.41,4204.872,4182.051,сжать руку
48,4145.0,4482.564,4134.359,4189.487,4171.026,4197.308,4178.718,4190.513,4204.615,4195.128,4177.949,4140.513,4207.179,4187.308,сжать руку
48,4148.718,4482.051,4140.0,4189.744,4167.564,4198.462,4194.231,4202.564,4206.282,4190.385,4177.179,4143.205,4210.897,4196.154,сжать руку
48,4156.026,4485.385,4145.256,4194.487,4171.154,4202.051,4188.077,4181.026,4194.872,4187.436,4175.385,4141.154,4217.051,4194.744,сжать руку
48,4155.769,4483.718,4144.103,4191.282,4171.154,4202.308,4180.641,4178.077,4199.872,4187.051,4180.128,4144.487,4215.513,4194.103,сжать руку
48,4150.897,4480.897,4143.205,4184.744,4164.872,4199.231,4188.462,4195.513,4208.974,4186.026,4180.385,4143.718,4211.538,4194.231,сжать руку
48,4149.872,4477.949,4142.821,4182.821,4157.308,4200.641,4196.282,4196.795,4201.41,4185.385,4175.641,4138.718,4210.641,4190.513,сжать руку
48,4152.436,4478.59,4143.077,4186.282,4162.436,4201.667,4184.231,4182.308,4196.795,4187.564,4174.359,4141.026,4213.846,4190.897,сжать руку
48,4157.821,4487.179,4147.949,4190.769,4173.077,4192.692,4162.821,4170.769,4195.513,4192.949,4175.769,4144.872,4219.231,4196.026,сжать руку
48,4162.949,4494.744,4156.667,4194.231,4171.026,4193.974,4166.154,4183.974,4195.256,4195.513,4181.795,4149.872,4224.872,4199.103,сжать руку
48,4166.538,4497.051,4161.538,4198.205,4169.615,4206.538,4180.641,4192.564,4198.846,4192.179,4186.282,4148.077,4227.821,4195.641,сжать руку
48,4170.385,4496.795,4161.41,4198.974,4173.333,4203.59,4183.205,4184.231,4202.821,4188.718,4189.231,4148.846,4227.949,4201.282,сжать руку
48,4176.538,4500.256,4169.615,4199.872,4176.923,4198.974,4193.462,4199.872,4210.256,4198.718,4201.154,4150.897,4236.538,4204.744,сжать руку
48,4182.051,4500.0,4172.436,4194.872,4176.795,4198.846,4190.897,4199.615,4207.821,4204.359,4209.359,4148.846,4245.128,4197.949,сжать руку
48,4185.897,4497.564,4166.538,4199.231,4179.231,4204.615,4188.974,4189.231,4205.641,4198.846,4212.949,4170.897,4249.615,4224.359,сжать руку
48,4189.359,4503.846,4183.846,4201.923,4201.795,4219.615,4219.744,4201.41,4213.59,4222.564,4218.462,4130.128,4256.538,4192.692,сжать руку
48,4185.769,4493.718,4180.897,4180.256,4191.282,4199.487,4204.103,4185.897,4201.667,4217.179,4217.179,4099.744,4253.333,4159.744,сжать руку
48,4196.154,4500.513,4168.205,4198.205,4171.41,4189.231,4179.615,4178.205,4194.487,4193.077,4218.846,4174.359,4255.0,4233.846,сжать руку
48,4203.205,4518.205,4183.718,4219.359,4185.385,4209.872,4205.128,4189.359,4202.821,4213.974,4225.769,4168.462,4259.487,4231.282,сжать руку
48,4195.256,4505.513,4187.051,4201.795,4184.359,4201.667,4193.205,4183.077,4205.513,4219.744,4230.256,4138.718,4260.256,4197.051,сжать руку
48,4202.821,4506.923,4191.795,4208.59,4190.385,4202.949,4180.641,4186.41,4207.308,4211.795,4229.744,4170.256,4263.205,4222.308,сжать руку
48,4203.333,4508.59,4202.051,4214.359,4197.949,4213.333,4201.538,4193.59,4202.308,4210.897,4221.667,4163.333,4250.385,4212.436,сжать руку
48,4201.538,4500.128,4206.41,4207.949,4194.487,4202.821,4187.051,4189.231,4197.564,4205.513,4220.128,4157.051,4246.154,4208.974,сжать руку
48,4202.564,4497.692,4214.231,4210.0,4197.949,4199.359,4177.692,4191.41,4204.359,4205.513,4220.385,4159.872,4251.41,4209.872,сжать руку
48,4188.718,4481.282,4208.077,4204.103,4187.308,4207.436,4205.641,4196.923,4206.154,4199.487,4212.949,4157.051,4244.872,4200.641,сжать руку
48,4189.103,4478.462,4211.154,4205.385,4184.359,4212.436,4203.59,4198.59,4208.846,4209.103,4219.359,4158.718,4252.051,4209.615,сжать руку
48,4205.769,4495.513,4230.128,4219.744,4194.615,4204.872,4171.923,4200.256,4215.385,4228.59,4233.846,4157.949,4267.949,4216.795,сжать руку
48,4204.231,4496.538,4235.897,4221.795,4195.641,4203.846,4183.846,4205.769,4216.667,4229.359,4229.615,4156.282,4262.308,4208.205,сжать руку
48,4195.513,4484.744,4230.128,4217.821,4195.769,4208.718,4204.615,4211.923,4218.077,4227.949,4219.615,4151.282,4253.846,4201.667,сжать руку
48,4196.282,4480.641,4227.179,4221.282,4198.205,4207.179,4194.615,4200.641,4211.538,4226.795,4217.051,4148.718,4257.179,4204.231,сжать руку
48,4191.026,4484.615,4230.256,4219.744,4194.359,4206.026,4190.897,4190.769,4203.205,4217.308,4216.026,4151.41,4252.436,4202.949,сжать руку
48,4183.205,4479.744,4231.41,4211.538,4192.949,4208.718,4197.436,4197.949,4205.0,4208.846,4215.897,4153.333,4243.333,4198.974,сжать руку
48,4183.718,4470.769,4227.179,4211.538,4192.821,4211.41,4200.256,4199.231,4205.641,4204.744,4211.026,4153.205,4242.179,4201.154,сжать руку
48,4185.385,4474.744,4226.538,4213.205,4193.205,4207.692,4192.692,4186.154,4202.308,4203.333,4202.949,4152.179,4245.256,4203.59,сжать руку
48,4185.513,4476.026,4232.821,4210.128,4196.282,4203.59,4182.436,4192.692,4211.41,4205.385,4204.872,4152.436,4246.154,4204.359,сжать руку
48,4188.205,4464.231,4239.103,4210.128,4190.0,4207.179,4190.256,4204.872,4219.103,4208.846,4210.513,4155.897,4243.077,4205.385,сжать руку
48,4190.0,4459.359,4237.436,4205.385,4185.513,4207.949,4192.051,4184.487,4205.0,4209.231,4206.923,4152.179,4242.564,4200.256,сжать руку
48,4186.282,4457.821,4230.513,4197.949,4192.436,4200.769,4177.051,4166.538,4191.538,4208.974,4203.333,4144.615,4242.436,4197.692,сжать руку
48,4174.744,4442.308,4224.231,4194.103,4187.436,4196.923,4183.205,4185.897,4197.821,4207.949,4203.59,4145.256,4240.0,4200.513,сжать руку
48,4165.256,4428.59,4222.692,4192.308,4172.949,4195.385,4202.692,4218.333,4213.462,4205.0,4201.41,4149.359,4237.179,4199.359,сжать руку
48,4172.564,4432.821,4225.641,4198.718,4176.667,4199.231,4207.436,4208.333,4210.897,4204.872,4201.026,4150.769,4240.385,4197.821,сжать руку
48,4183.462,4438.974,4230.0,4207.821,4186.923,4210.897,4213.462,4180.897,4195.897,4204.231,4201.282,4151.154,4242.821,4200.513,сжать руку
48,4190.0,4438.59,4233.846,4209.103,4188.846,4211.026,4216.667,4201.923,4208.205,4205.385,4199.744,4155.128,4240.385,4204.615,сжать руку
48,4197.308,4438.974,4238.333,4205.769,4195.769,4205.641,4212.308,4228.205,4225.128,4210.513,4200.641,4159.231,4244.231,4208.077,сжать руку
48,4205.385,4449.103,4240.128,4208.462,4207.179,4209.487,4202.179,4205.256,4211.282,4216.923,4206.667,4158.974,4250.256,4208.846,сжать руку
48,4208.077,4454.487,4236.154,4211.41,4209.231,4212.692,4191.923,4175.769,4193.59,4221.923,4216.538,4157.051,4252.436,4209.744,сжать руку
48,4204.615,4441.538,4229.872,4207.692,4198.077,4211.41,4197.179,4191.538,4205.128,4222.949,4216.154,4156.41,4250.0,4209.615,сжать руку
48,4200.897,4431.154,4227.949,4206.282,4190.0,4206.667,4200.641,4214.615,4218.205,4220.897,4205.897,4161.154,4246.923,4207.436,сжать руку
48,4199.615,4437.308,4229.872,4208.462,4198.846,4197.308,4186.923,4203.846,4208.718,4215.897,4201.026,4166.026,4249.487,4206.795,сжать руку
48,4198.333,4438.846,4229.231,4207.949,4203.846,4196.026,4186.923,4198.59,4208.59,4212.051,4203.077,4166.923,4250.513,4203.462,сжать руку
48,4196.282,4431.282,4226.667,4209.103,4196.667,4206.154,4208.462,4213.462,4217.949,4207.051,4203.205,4170.0,4243.077,4200.0,сжать руку
48,4199.359,4435.256,4231.667,4216.795,4200.641,4209.103,4206.795,4196.795,4203.718,4202.436,4200.641,4174.487,4239.744,4202.949,сжать руку
48,4205.385,4443.205,4240.641,4223.077,4211.154,4205.128,4186.538,4177.821,4197.821,4213.846,4201.538,4173.333,4251.026,4206.795,сжать руку
48,4201.667,4435.385,4237.692,4223.846,4210.385,4206.538,4190.641,4203.462,4215.769,4224.872,4203.846,4169.615,4254.359,4202.949,сжать руку
48,4190.897,4422.308,4227.051,4218.59,4202.051,4207.692,4208.205,4210.641,4209.615,4211.538,4200.769,4165.0,4239.872,4197.564,сжать руку
48,4185.513,4417.308,4225.128,4214.103,4192.949,4203.846,4204.103,4190.513,4194.615,4200.0,4197.179,4164.359,4231.923,4200.513,сжать руку
48,4188.718,4418.974,4227.051,4215.897,4194.487,4203.974,4187.949,4198.333,4204.487,4210.769,4197.692,4169.872,4238.462,4205.256,сжать руку
48,4192.308,4422.179,4226.795,4218.718,4206.923,4204.872,4180.897,4206.795,4206.795,4214.872,4200.0,4173.974,4246.538,4205.128,сжать руку
48,4190.256,4420.256,4226.795,4221.667,4212.308,4200.641,4178.718,4193.333,4200.769,4206.282,4199.103,4177.564,4246.026,4205.0,сжать руку
48,4185.641,4413.077,4227.179,4218.718,4206.667,4200.256,4187.051,4189.103,4203.077,4205.256,4195.0,4175.897,4237.179,4205.256,сжать руку
48,4181.667,4409.487,4221.667,4213.462,4202.051,4203.59,4197.179,4194.103,4196.282,4200.897,4194.103,4169.231,4228.333,4201.795,сжать руку
48,4185.769,4413.462,4221.795,4218.974,4203.333,4203.59,4191.538,4205.769,4201.282,4201.41,4198.974,4174.103,4236.538,4203.59,сжать руку
48,4194.103,4414.359,4228.462,4221.795,4202.436,4204.487,4193.718,4216.154,4220.385,4215.641,4202.821,4176.154,4246.41,4207.436,сжать руку
48,4187.692,4405.769,4219.872,4210.897,4195.641,4204.872,4212.051,4209.487,4211.667,4215.128,4199.487,4168.333,4236.41,4205.256,сжать руку
48,4182.821,4404.744,4210.769,4208.846,4197.949,4200.0,4201.795,4196.026,4196.41,4206.538,4197.179,4170.641,4233.333,4205.385,сжать руку
48,4190.897,4412.692,4219.231,4215.0,4208.718,4198.974,4175.769,4197.308,4206.41,4213.846,4200.0,4177.949,4246.538,4207.564,сжать руку
48,4193.718,4412.308,4226.923,4213.333,4204.615,4204.359,4182.308,4205.256,4211.667,4220.513,4202.692,4177.179,4249.359,4207.051,сжать руку
48,4187.436,4405.128,4221.026,4212.308,4196.154,4206.282,4195.769,4199.231,4205.128,4217.821,4202.308,4174.872,4241.154,4203.462,сжать руку
48,4183.333,4400.256,4214.872,4211.923,4198.333,4204.615,4187.692,4197.308,4213.59,4216.923,4195.897,4172.436,4236.923,4200.128,сжать руку
48,4180.641,4398.59,4213.846,4207.564,4199.744,4203.718,4190.513,4213.718,4220.769,4216.154,4191.795,4168.974,4234.359,4198.333,сжать руку
48,4178.846,4397.051,4210.641,4204.231,4198.974,4201.538,4199.487,4203.59,4202.564,4212.308,4188.718,4167.564,4232.949,4194.872,сжать руку
48,4183.974,4395.256,4212.051,4206.282,4200.513,4202.436,4190.641,4188.59,4196.41,4214.103,4191.923,4175.0,4238.462,4203.205,сжать руку
48,4186.667,4396.026,4215.0,4208.846,4208.974,4213.846,4198.974,4208.333,4212.436,4223.333,4196.795,4168.718,4241.538,4201.026,сжать руку
48,4175.897,4382.179,4199.487,4193.59,4205.128,4209.487,4208.077,4206.41,4208.59,4211.667,4189.103,4154.615,4232.179,4185.256,сжать руку
48,4171.026,4372.051,4182.692,4193.077,4188.333,4199.231,4193.59,4195.256,4204.231,4190.256,4186.667,4193.077,4230.897,4221.538,сжать руку
48,4174.615,4388.59,4193.846,4213.718,4198.974,4216.667,4199.359,4206.795,4213.205,4201.538,4187.308,4194.872,4233.59,4224.359,сжать руку
48,4162.692,4382.949,4190.0,4201.667,4205.641,4218.077,4206.154,4201.026,4208.718,4203.077,4175.897,4149.615,4215.769,4174.103,сжать руку
48,4156.667,4370.641,4177.308,4191.026,4195.128,4207.821,4200.897,4202.436,4210.513,4196.154,4179.359,4172.051,4210.897,4192.949,сжать руку
48,4177.564,4390.641,4197.564,4207.821,4203.462,4211.923,4199.103,4211.795,4218.974,4219.872,4196.41,4186.795,4234.615,4214.103,сжать руку
48,4193.333,4398.974,4208.205,4210.0,4208.077,4205.769,4194.487,4205.0,4211.41,4227.051,4193.462,4168.077,4243.974,4197.179,сжать руку
48,4186.538,4383.718,4195.897,4200.641,4203.333,4203.205,4201.282,4203.205,4203.846,4211.282,4181.41,4167.436,4228.718,4193.077,сжать руку
48,4176.923,4374.744,4185.897,4196.154,4202.308,4201.538,4198.077,4199.103,4203.077,4203.462,4184.359,4166.41,4219.231,4196.667,сжать руку
48,4183.974,4381.667,4185.769,4201.795,4205.0,4195.641,4180.256,4200.385,4209.103,4208.974,4192.564,4168.333,4227.949,4204.872,сжать руку
48,4194.744,4387.179,4189.872,4207.051,4210.385,4205.0,4192.821,4218.077,4217.179,4221.154,4193.205,4170.897,4234.103,4204.487,сжать руку
48,4193.718,4380.769,4186.026,4202.564,4209.359,4216.026,4208.974,4209.744,4205.641,4214.744,4187.692,4166.41,4228.462,4199.872,сжать руку
48,4189.359,4375.897,4179.103,4200.897,4203.077,4210.128,4187.564,4183.205,4195.0,4199.359,4184.872,4161.795,4228.077,4205.641,сжать руку
49,4188.59,4376.795,4182.564,4202.051,4205.513,4206.154,4192.821,4217.564,4213.974,4218.846,4188.333,4155.513,4232.179,4192.436,разжать руку
49,4185.513,4365.769,4173.333,4198.205,4196.154,4202.051,4193.205,4192.949,4192.949,4197.308,4184.487,4171.41,4225.128,4207.949,разжать руку
49,4181.026,4371.154,4170.385,4204.103,4199.487,4208.205,4194.615,4194.103,4203.462,4201.41,4186.41,4178.462,4225.0,4215.513,разжать руку
49,4174.231,4363.846,4170.385,4194.359,4201.41,4207.051,4196.538,4215.513,4222.051,4220.641,4184.744,4158.718,4224.487,4190.641,разжать руку
49,4174.231,4352.821,4167.564,4190.897,4189.487,4199.615,4190.0,4220.256,4216.41,4217.564,4183.333,4171.282,4227.949,4201.923,разжать руку
49,4177.692,4363.205,4172.308,4203.077,4187.821,4208.59,4195.513,4204.359,4207.179,4215.769,4183.974,4176.538,4230.641,4208.59,разжать руку
49,4174.872,4360.128,4171.795,4199.103,4187.179,4207.949,4200.513,4196.41,4207.692,4212.821,4182.692,4167.436,4227.179,4199.359,разжать руку
49,4176.538,4348.333,4168.974,4192.564,4189.359,4201.282,4198.205,4218.205,4217.051,4212.436,4185.513,4175.513,4231.923,4204.359,разжать руку
49,4181.154,4351.41,4172.051,4196.538,4198.462,4202.308,4197.564,4230.256,4220.897,4219.487,4187.949,4178.846,4235.0,4202.308,разжать руку
49,4184.103,4357.692,4173.846,4202.949,4205.513,4208.077,4204.487,4211.923,4209.872,4214.615,4184.359,4178.846,4232.179,4201.282,разжать руку
49,4186.923,4357.308,4171.538,4203.205,4205.513,4208.974,4205.641,4192.051,4198.59,4208.333,4184.744,4175.385,4231.538,4201.41,разжать руку
49,4183.974,4354.359,4165.256,4198.333,4195.385,4202.308,4198.333,4215.128,4211.923,4213.718,4193.333,4177.821,4229.744,4202.179,разжать руку
49,4182.308,4355.897,4167.308,4202.692,4195.385,4207.436,4198.718,4231.538,4221.026,4217.692,4198.077,4182.179,4230.641,4207.692,разжать руку
49,4196.667,4364.487,4177.949,4211.154,4202.436,4211.41,4199.872,4201.667,4209.615,4214.872,4205.385,4178.846,4239.872,4210.897,разжать руку
49,4211.154,4370.897,4181.154,4213.59,4193.974,4202.821,4203.077,4195.256,4207.692,4213.333,4212.821,4184.359,4242.949,4213.718,разжать руку
49,4212.051,4371.667,4182.308,4213.59,4189.744,4196.795,4204.872,4214.615,4210.385,4211.667,4208.846,4185.256,4235.769,4210.513,разжать руку
49,4213.205,4373.59,4185.256,4209.487,4198.205,4194.615,4189.359,4202.308,4204.487,4205.641,4207.949,4174.359,4240.0,4205.256,разжать руку
49,4217.821,4373.462,4184.744,4206.923,4198.846,4195.641,4183.59,4192.949,4210.0,4207.179,4214.744,4179.231,4249.615,4214.103,разжать руку
49,4213.462,4370.0,4186.795,4209.231,4196.41,4198.462,4207.949,4218.59,4220.0,4212.308,4209.615,4186.154,4247.179,4216.026,разжать руку
49,4209.872,4371.538,4195.256,4210.641,4196.282,4196.795,4212.564,4219.615,4211.282,4207.821,4201.41,4186.41,4242.308,4210.897,разжать руку
49,4217.564,4378.077,4200.897,4212.436,4194.103,4199.103,4194.744,4190.641,4198.462,4205.0,4203.462,4189.487,4242.949,4215.897,разжать руку
49,4217.179,4376.923,4196.538,4210.769,4197.436,4207.692,4194.744,4193.205,4201.795,4208.205,4202.179,4180.769,4238.077,4208.333,разжать руку
49,4202.436,4366.538,4189.487,4202.821,4203.974,4209.744,4199.231,4215.0,4207.436,4206.538,4201.282,4176.667,4231.41,4202.564,разжать руку
49,4200.769,4362.949,4192.051,4203.077,4210.897,4209.744,4201.795,4217.821,4210.769,4210.0,4205.897,4184.359,4237.692,4212.692,разжать руку
49,4207.564,4363.205,4196.154,4206.41,4216.667,4211.026,4202.821,4204.487,4209.231,4217.308,4202.949,4169.744,4241.795,4200.256,разжать руку
49,4206.538,4360.897,4192.051,4206.923,4210.897,4207.179,4191.026,4203.333,4206.538,4211.41,4200.641,4172.179,4236.923,4205.0,разжать руку
49,4209.103,4368.718,4201.154,4216.923,4210.256,4211.026,4199.359,4220.128,4213.205,4217.949,4206.282,4185.513,4235.513,4219.615,разжать руку
49,4206.41,4364.615,4202.051,4209.359,4204.615,4212.051,4222.564,4222.179,4218.077,4225.128,4205.0,4170.385,4233.205,4197.949,разжать руку
49,4197.051,4350.641,4187.949,4200.769,4193.974,4212.051,4222.949,4221.538,4217.436,4213.077,4200.256,4180.769,4230.385,4205.641,разжать руку
49,4200.0,4358.333,4193.59,4213.333,4207.436,4217.564,4208.462,4216.026,4212.179,4215.769,4198.205,4179.744,4227.692,4212.564,разжать руку
49,4206.026,4360.513,4195.256,4210.385,4212.051,4210.641,4199.872,4198.333,4203.077,4213.846,4199.103,4164.359,4223.462,4200.0,разжать руку
49,4205.513,4354.231,4191.795,4200.513,4205.641,4215.128,4215.641,4212.692,4211.795,4208.462,4206.154,4175.897,4227.821,4208.462,разжать руку
49,4207.436,4357.436,4201.538,4203.718,4211.026,4218.462,4217.949,4230.641,4224.231,4221.026,4206.795,4173.59,4233.462,4206.154,разжать руку
49,4215.256,4362.692,4208.333,4210.385,4217.436,4207.949,4195.0,4221.282,4222.436,4232.308,4206.923,4178.205,4237.308,4211.538,разжать руку
49,4215.385,4362.692,4208.077,4206.154,4221.026,4213.974,4197.821,4209.103,4215.897,4236.026,4211.41,4176.41,4241.154,4210.897,разжать руку
49,4205.641,4352.179,4202.436,4197.308,4213.718,4217.436,4213.59,4212.436,4213.333,4223.077,4208.974,4165.385,4230.769,4199.103,разжать руку
49,4206.923,4350.513,4203.974,4204.872,4212.564,4211.026,4208.846,4217.179,4213.974,4213.974,4201.795,4167.692,4222.308,4203.077,разжать руку
49,4209.872,4349.487,4205.641,4208.333,4220.256,4210.0,4198.205,4205.256,4210.128,4217.179,4195.513,4159.359,4221.923,4201.282,разжать руку
49,4199.872,4339.359,4196.154,4203.846,4217.436,4212.436,4205.641,4203.205,4209.359,4214.231,4194.872,4155.769,4215.385,4197.949,разжать руку
49,4193.846,4335.769,4191.282,4204.872,4213.462,4213.077,4218.59,4212.821,4211.154,4215.0,4198.718,4158.333,4214.231,4198.205,разжать руку
49,4197.436,4333.462,4192.821,4203.846,4214.231,4211.282,4213.974,4214.487,4208.59,4215.128,4195.769,4154.744,4218.333,4195.0,разжать руку
49,4204.231,4330.769,4194.872,4203.846,4215.769,4213.333,4204.872,4213.462,4209.872,4215.641,4193.333,4154.615,4218.59,4199.103,разжать руку
49,4203.59,4325.0,4194.744,4207.436,4211.795,4213.333,4205.769,4208.974,4211.154,4219.359,4195.897,4155.513,4219.872,4205.641,разжать руку
49,4196.538,4316.795,4193.077,4205.641,4207.436,4208.077,4204.487,4209.872,4208.333,4213.846,4192.051,4156.154,4223.974,4206.282,разжать руку
49,4198.974,4317.308,4198.077,4206.282,4211.667,4207.051,4195.128,4219.615,4209.487,4207.821,4188.205,4158.974,4221.667,4201.282,разжать руку
49,4206.667,4318.846,4204.487,4211.667,4211.923,4207.564,4195.513,4210.0,4205.385,4204.872,4191.538,4162.179,4212.179,4202.179,разжать руку
49,4205.769,4313.077,4204.615,4212.564,4207.051,4208.462,4207.821,4195.641,4198.205,4198.846,4190.641,4160.128,4207.949,4208.333,разжать руку
49,4204.744,4310.128,4203.077,4208.462,4207.564,4207.564,4205.641,4212.051,4208.846,4202.949,4193.59,4160.0,4212.436,4207.436,разжать руку
49,4212.308,4314.231,4203.333,4208.974,4209.231,4202.179,4186.154,4217.051,4217.179,4215.128,4204.487,4163.974,4216.667,4209.615,разжать руку
49,4211.667,4312.179,4201.282,4206.923,4204.744,4201.026,4188.077,4203.205,4208.462,4214.359,4201.154,4158.718,4212.179,4210.641,разжать руку
49,4199.487,4300.513,4193.077,4196.923,4195.641,4206.282,4213.077,4215.897,4208.846,4205.513,4192.821,4152.692,4206.282,4204.359,разжать руку
49,4196.282,4296.667,4192.821,4197.564,4197.051,4207.821,4214.744,4227.436,4216.282,4210.897,4200.0,4156.795,4213.846,4207.821,разжать руку
49,4202.949,4305.897,4198.333,4208.462,4210.769,4207.051,4199.487,4211.795,4210.897,4221.154,4206.538,4157.821,4221.795,4210.513,разжать руку
49,4208.462,4308.974,4196.795,4210.385,4214.744,4213.846,4202.692,4217.308,4214.231,4225.513,4204.872,4157.692,4218.333,4208.974,разжать руку
49,4208.718,4302.179,4195.256,4206.538,4207.179,4217.949,4205.385,4227.564,4222.436,4225.128,4202.308,4154.487,4216.026,4208.846,разжать руку
49,4204.231,4299.872,4196.667,4205.641,4207.564,4212.436,4196.026,4209.231,4211.795,4214.103,4197.436,4149.103,4216.538,4209.487,разжать руку
49,4199.231,4303.205,4194.359,4206.026,4215.897,4211.795,4196.154,4210.385,4210.385,4208.59,4195.0,4151.538,4213.59,4208.205,разжать руку
49,4195.128,4297.949,4189.231,4202.821,4215.385,4212.436,4199.744,4226.154,4220.385,4215.897,4197.051,4152.821,4208.462,4204.231,разжать руку
49,4191.282,4285.897,4186.41,4201.41,4203.718,4209.103,4200.513,4209.359,4208.974,4212.179,4193.718,4150.641,4204.487,4205.385,разжать руку
49,4190.385,4280.0,4182.436,4199.872,4198.462,4211.667,4212.308,4203.333,4203.462,4202.949,4192.308,4150.769,4204.615,4206.41,разжать руку
49,4193.205,4283.205,4182.564,4197.436,4204.872,4214.103,4214.744,4231.538,4224.487,4212.692,4196.667,4154.231,4212.179,4209.359,разжать руку
49,4193.718,4287.051,4191.41,4202.308,4211.923,4214.872,4210.0,4232.949,4226.538,4224.872,4197.692,4156.41,4218.205,4211.667,разжать руку
49,4189.359,4281.667,4193.718,4204.487,4211.282,4219.487,4220.385,4208.59,4209.103,4219.359,4195.641,4152.436,4211.923,4207.564,разжать руку
49,4189.103,4275.0,4191.282,4201.154,4208.333,4216.154,4218.974,4215.128,4213.718,4216.923,4194.744,4152.949,4211.538,4210.641,разжать руку
49,4192.564,4278.846,4192.564,4204.103,4213.718,4209.615,4209.359,4228.59,4222.051,4220.641,4194.487,4155.256,4215.897,4213.462,разжать руку
49,4192.949,4282.949,4192.949,4208.59,4218.846,4212.436,4210.513,4226.154,4221.538,4215.513,4195.0,4152.564,4211.923,4208.59,разжать руку
49,4188.846,4280.256,4192.949,4210.641,4218.718,4216.923,4208.718,4224.615,4221.026,4212.821,4192.692,4151.795,4209.487,4205.513,разжать руку
49,4180.256,4273.718,4188.333,4207.692,4218.077,4218.077,4208.718,4213.205,4212.051,4214.103,4184.487,4146.667,4208.205,4201.923,разжать руку
49,4176.282,4268.333,4179.231,4200.513,4212.949,4212.949,4213.462,4208.077,4207.436,4207.436,4180.641,4140.128,4202.308,4202.308,разжать руку
49,4178.718,4266.795,4181.41,4200.641,4208.59,4203.974,4208.205,4220.897,4214.487,4206.282,4182.949,4140.641,4201.667,4203.974,разжать руку
49,4179.359,4266.538,4191.282,4207.564,4207.821,4203.333,4198.718,4221.41,4213.846,4212.051,4183.846,4141.795,4206.538,4197.949,разжать руку
49,4179.487,4266.923,4192.051,4208.333,4208.846,4208.077,4200.769,4210.897,4206.795,4210.0,4187.179,4144.872,4211.026,4201.795,разжать руку
49,4186.923,4270.128,4194.487,4207.436,4212.949,4211.795,4208.333,4216.41,4210.641,4212.821,4193.974,4148.718,4216.026,4213.333,разжать руку
49,4188.59,4265.769,4197.436,4207.308,4211.538,4215.0,4210.128,4223.59,4213.205,4214.487,4189.487,4145.897,4210.128,4208.205,разжать руку
49,4178.333,4255.128,4190.385,4204.744,4207.692,4216.667,4209.615,4226.41,4211.026,4199.359,4178.333,4138.077,4195.769,4199.231,разжать руку
49,4177.308,4255.641,4188.846,4205.0,4210.385,4211.923,4206.026,4233.077,4213.077,4195.256,4176.795,4136.667,4196.026,4202.821,разжать руку
49,4186.282,4260.897,4196.154,4207.436,4209.872,4208.462,4200.256,4223.974,4212.949,4208.718,4180.897,4143.718,4206.026,4209.615,разжать руку
49,4183.462,4253.974,4199.615,4205.0,4202.692,4210.385,4196.026,4211.282,4210.256,4210.513,4180.256,4141.795,4204.359,4203.846,разжать руку
49,4176.923,4250.256,4199.615,4204.615,4203.846,4207.692,4199.872,4217.179,4210.897,4206.154,4183.333,4139.103,4200.385,4196.667,разжать руку
49,4187.564,4264.487,4205.897,4212.692,4209.103,4205.769,4215.0,4226.667,4219.744,4215.897,4190.256,4144.487,4207.821,4200.256,разжать руку
49,4200.256,4275.128,4209.872,4218.462,4203.974,4205.641,4217.051,4217.949,4220.256,4218.974,4189.487,4141.154,4211.026,4203.462,разжать руку
49,4196.026,4268.333,4206.41,4221.154,4205.0,4207.436,4207.949,4207.436,4208.205,4209.872,4186.41,4136.667,4203.974,4203.077,разжать руку
49,4189.615,4263.462,4202.821,4226.026,4213.846,4211.026,4217.308,4216.154,4209.744,4209.744,4183.846,4139.487,4202.051,4197.436,разжать руку
49,4186.538,4263.846,4199.359,4225.769,4210.128,4209.359,4224.615,4218.205,4215.513,4205.0,4179.615,4141.667,4203.333,4193.718,разжать руку
49,4182.436,4262.949,4199.744,4225.769,4203.077,4206.282,4209.744,4210.513,4207.821,4194.103,4178.718,4140.385,4202.821,4199.487,разжать руку
49,4186.282,4262.179,4201.41,4229.615,4204.487,4204.359,4200.641,4210.128,4202.179,4196.667,4179.744,4140.897,4203.205,4204.103,разжать руку
49,4195.513,4266.667,4202.692,4233.462,4207.179,4208.333,4215.0,4216.41,4210.769,4209.103,4182.949,4145.0,4203.718,4207.436,разжать руку
49,4199.615,4269.872,4203.462,4232.692,4203.462,4211.667,4225.385,4226.538,4217.051,4215.897,4188.205,4144.744,4202.949,4208.59,разжать руку
49,4201.154,4263.462,4202.436,4230.128,4196.282,4203.718,4222.949,4236.795,4221.282,4217.179,4191.41,4146.026,4207.436,4210.128,разжать руку
49,4205.385,4261.282,4205.0,4230.641,4200.641,4203.462,4224.615,4234.872,4228.718,4222.308,4190.897,4147.179,4213.333,4209.872,разжать руку
49,4206.282,4264.103,4205.256,4230.0,4207.436,4212.179,4222.564,4216.026,4216.41,4218.846,4188.846,4141.795,4210.256,4205.897,разжать руку
49,4200.256,4262.949,4203.333,4232.179,4200.769,4210.769,4215.513,4207.949,4202.692,4210.513,4187.308,4143.59,4207.308,4207.949,разжать руку
49,4198.59,4263.333,4204.231,4234.744,4195.256,4204.359,4217.051,4211.282,4208.205,4214.103,4189.744,4147.179,4209.872,4207.692,разжать руку
49,4201.795,4259.872,4201.923,4230.769,4196.154,4204.103,4221.154,4211.154,4212.051,4211.026,4191.795,4145.256,4208.974,4205.385,разжать руку
49,4199.231,4253.59,4196.026,4226.282,4199.103,4206.923,4221.41,4219.872,4209.872,4199.359,4188.718,4142.436,4207.179,4205.128,разжать руку
49,4190.641,4251.795,4192.179,4224.615,4204.615,4208.846,4221.667,4231.538,4212.051,4203.205,4189.103,4143.205,4208.59,4203.718,разжать руку
49,4193.462,4258.077,4194.103,4228.718,4206.667,4211.538,4218.462,4225.769,4213.205,4215.128,4197.821,4152.821,4212.949,4210.256,разжать руку
49,4208.846,4266.795,4203.462,4232.436,4208.333,4211.154,4212.051,4217.308,4214.103,4219.487,4207.821,4156.026,4220.0,4213.333,разжать руку
49,4212.821,4266.795,4205.641,4230.641,4212.051,4207.821,4206.795,4214.744,4215.385,4212.692,4211.538,4153.846,4221.41,4210.641,разжать руку
49,4205.0,4257.179,4195.128,4233.333,4212.436,4207.308,4203.077,4210.128,4209.231,4201.154,4206.41,4153.718,4213.974,4207.308,разжать руку
50,4201.41,4246.923,4191.667,4226.026,4193.462,4201.667,4200.256,4213.462,4209.744,4207.436,4210.513,4152.692,4211.538,4210.128,сжать руку
50,4201.538,4252.308,4195.128,4226.795,4201.667,4206.795,4204.744,4213.462,4209.615,4207.308,4215.769,4158.205,4216.026,4217.179,сжать руку
50,4200.769,4249.231,4197.051,4228.974,4203.846,4212.692,4218.333,4229.615,4217.692,4205.256,4213.205,4158.205,4215.897,4215.0,сжать руку
50,4200.385,4249.615,4197.308,4226.923,4199.744,4211.282,4224.103,4234.744,4225.769,4214.231,4217.949,4154.231,4212.821,4211.795,сжать руку
50,4199.231,4256.154,4196.795,4227.308,4208.205,4208.205,4205.128,4217.692,4217.692,4219.744,4221.795,4147.692,4210.897,4206.667,сжать руку
50,4197.564,4251.667,4194.103,4223.59,4215.897,4212.564,4196.667,4209.487,4205.513,4207.051,4213.462,4148.462,4207.564,4206.538,сжать руку
50,4199.359,4244.359,4195.385,4219.872,4211.282,4218.205,4219.744,4226.538,4215.256,4205.385,4211.538,4152.821,4207.179,4211.795,сжать руку
50,4205.385,4252.821,4203.462,4228.974,4210.256,4212.821,4224.744,4236.282,4227.179,4219.231,4217.051,4151.154,4210.897,4211.154,сжать руку
50,4209.231,4259.744,4209.872,4237.051,4212.051,4205.897,4206.923,4222.564,4215.256,4218.59,4213.205,4152.308,4210.128,4210.513,сжать руку
50,4204.359,4249.872,4207.564,4229.359,4207.564,4207.308,4207.564,4203.333,4200.769,4207.436,4203.974,4150.256,4201.282,4209.103,сжать руку
50,4193.59,4237.949,4197.821,4220.513,4205.0,4207.308,4215.0,4207.051,4208.462,4199.872,4198.333,4140.0,4193.718,4202.564,сжать руку
50,4192.436,4241.538,4195.0,4225.0,4207.564,4204.231,4211.667,4227.692,4218.59,4196.026,4196.282,4142.692,4191.538,4206.923,сжать руку
50,4203.205,4254.487,4203.333,4230.256,4213.462,4207.821,4211.026,4219.103,4210.769,4198.462,4196.667,4152.051,4192.179,4212.821,сжать руку
50,4204.487,4254.615,4211.154,4227.436,4214.744,4211.667,4212.564,4203.333,4206.667,4205.513,4198.205,4149.359,4196.795,4203.846,сжать руку
50,4199.231,4244.103,4209.872,4222.436,4212.179,4211.538,4212.564,4223.077,4218.205,4208.462,4204.872,4148.462,4200.769,4200.769,сжать руку
50,4207.949,4246.538,4208.974,4225.128,4217.051,4217.692,4218.59,4246.282,4228.846,4215.0,4211.667,4158.077,4202.692,4213.718,сжать руку
50,4217.436,4256.026,4216.026,4231.026,4225.0,4224.615,4221.667,4236.538,4230.513,4229.231,4207.821,4155.256,4207.179,4211.026,сжать руку
50,4213.462,4246.923,4218.846,4226.923,4218.718,4215.641,4214.487,4219.615,4222.308,4226.026,4205.385,4153.205,4208.462,4205.128,сжать руку
50,4213.59,4236.41,4221.282,4222.949,4216.538,4211.923,4216.282,4227.949,4218.462,4218.077,4210.256,4159.615,4206.667,4212.692,сжать руку
50,4213.077,4237.821,4221.538,4220.385,4222.821,4217.436,4220.513,4226.41,4221.667,4219.231,4210.0,4148.718,4205.513,4202.821,сжать руку
50,4207.821,4239.744,4217.436,4225.385,4217.564,4213.59,4213.974,4217.564,4223.077,4212.692,4208.846,4162.179,4207.051,4215.513,сжать руку
50,4217.179,4256.41,4233.718,4237.051,4230.256,4219.872,4220.385,4229.359,4226.154,4224.872,4212.564,4160.128,4211.923,4213.974,сжать руку
50,4223.718,4261.282,4240.641,4226.538,4233.462,4215.769,4216.795,4226.667,4222.949,4234.487,4211.41,4130.256,4206.538,4180.513,сжать руку
50,4223.462,4256.026,4232.179,4226.795,4217.308,4211.154,4208.59,4217.436,4217.051,4215.385,4210.256,4168.718,4201.667,4215.385,сжать руку
50,4225.0,4261.923,4242.564,4238.718,4228.333,4228.333,4226.154,4224.103,4219.872,4216.795,4205.769,4179.872,4204.103,4225.256,сжать руку
50,4215.385,4248.333,4236.154,4224.744,4227.051,4218.974,4227.436,4232.564,4227.179,4221.026,4197.949,4144.359,4197.949,4189.744,сжать руку
50,4209.103,4238.974,4223.205,4221.41,4216.282,4203.974,4215.641,4226.154,4224.872,4210.641,4201.282,4153.974,4192.308,4203.462,сжать руку
50,4208.462,4240.256,4228.462,4225.513,4219.487,4208.846,4214.615,4208.718,4210.256,4206.923,4201.026,4158.846,4190.385,4207.179,сжать руку
50,4205.128,4228.974,4226.41,4219.615,4214.359,4211.282,4212.051,4220.128,4213.59,4208.077,4195.897,4157.051,4192.692,4200.385,сжать руку
50,4205.385,4223.59,4221.923,4219.872,4211.154,4211.538,4217.308,4233.333,4224.231,4208.462,4196.282,4159.231,4193.846,4203.077,сжать руку
50,4200.0,4226.026,4216.026,4218.333,4209.231,4209.103,4220.641,4210.256,4213.333,4192.692,4189.359,4152.564,4183.718,4198.846,сжать руку
50,4197.821,4230.513,4212.308,4219.744,4205.641,4205.641,4212.949,4207.564,4209.744,4187.436,4184.487,4156.795,4183.077,4203.974,сжать руку
50,4210.513,4239.231,4219.359,4227.821,4214.872,4204.872,4204.872,4223.846,4217.051,4206.923,4192.821,4160.897,4193.718,4210.641,сжать руку
50,4218.846,4243.718,4226.282,4231.154,4223.974,4208.205,4203.59,4222.051,4214.615,4214.359,4202.179,4159.231,4200.513,4211.795,сжать руку
50,4213.59,4241.154,4224.487,4226.41,4218.59,4210.128,4207.692,4219.231,4216.282,4209.872,4202.308,4156.923,4201.923,4210.385,сжать руку
50,4210.641,4237.949,4221.282,4222.692,4214.872,4206.41,4207.436,4213.718,4216.282,4207.949,4199.359,4154.231,4199.103,4210.0,сжать руку
50,4215.0,4237.821,4223.462,4224.744,4218.205,4206.795,4209.744,4215.0,4210.513,4207.949,4200.641,4155.897,4198.59,4211.795,сжать руку
50,4219.231,4233.59,4225.769,4226.923,4216.667,4214.615,4224.359,4237.821,4224.231,4215.641,4204.103,4160.0,4200.0,4212.692,сжать руку
50,4222.179,4228.077,4223.077,4226.154,4215.897,4216.026,4227.821,4235.256,4232.436,4223.205,4204.359,4160.513,4200.513,4210.769,сжать руку
50,4223.333,4231.538,4217.821,4223.718,4220.0,4208.974,4213.205,4204.487,4211.795,4216.026,4201.667,4156.667,4200.0,4207.949,сжать руку
50,4222.436,4236.41,4219.103,4223.205,4221.41,4206.667,4212.051,4206.667,4205.0,4207.308,4199.231,4155.769,4197.692,4207.821,сжать руку
50,4226.795,4235.128,4226.667,4229.231,4219.487,4212.179,4227.564,4230.641,4220.513,4214.103,4202.179,4161.667,4198.718,4211.282,сжать руку
50,4233.462,4236.538,4225.513,4233.59,4220.0,4216.41,4231.41,4232.308,4227.949,4224.744,4205.897,4163.974,4203.59,4212.051,сжать руку
50,4230.256,4238.333,4216.923,4225.128,4221.154,4214.231,4227.308,4223.462,4225.385,4225.0,4203.846,4162.436,4203.59,4208.846,сжать руку
50,4220.128,4231.538,4211.282,4217.051,4220.0,4210.641,4222.949,4219.744,4221.026,4221.282,4200.0,4163.205,4200.128,4207.436,сжать руку
50,4218.205,4229.872,4213.077,4222.179,4218.462,4210.0,4211.923,4225.385,4221.538,4228.846,4205.256,4163.59,4206.282,4208.462,сжать руку
50,4226.667,4237.692,4218.974,4225.897,4221.282,4211.41,4206.41,4226.41,4223.59,4237.051,4215.256,4166.41,4213.846,4213.718,сжать руку
50,4234.744,4238.974,4220.769,4223.333,4226.154,4211.923,4214.103,4223.718,4220.769,4236.282,4219.872,4167.949,4217.564,4217.692,сжать руку
50,4230.897,4234.231,4216.026,4223.718,4222.692,4211.923,4224.103,4228.462,4220.513,4235.769,4216.282,4162.179,4216.795,4215.128,сжать руку
50,4221.154,4228.077,4210.0,4223.462,4214.359,4214.359,4237.692,4233.205,4225.769,4231.154,4210.0,4160.256,4206.026,4212.051,сжать руку
50,4222.949,4231.795,4214.487,4222.821,4217.051,4215.897,4238.59,4225.513,4220.0,4223.077,4210.641,4165.0,4206.923,4213.462,сжать руку
50,4235.0,4244.615,4224.615,4226.41,4224.872,4214.744,4219.103,4212.821,4213.333,4230.0,4216.41,4169.744,4225.128,4218.974,сжать руку
50,4238.846,4246.923,4227.179,4229.359,4224.103,4215.897,4215.769,4215.128,4219.615,4242.949,4218.846,4172.692,4229.872,4222.821,сжать руку
50,4232.179,4233.205,4221.795,4224.615,4219.744,4215.256,4229.103,4225.128,4220.385,4235.128,4212.821,4168.718,4213.205,4215.513,сжать руку
50,4225.128,4225.256,4213.846,4214.231,4221.923,4211.026,4223.718,4223.974,4211.282,4212.692,4201.41,4161.795,4201.923,4206.795,сжать руку
50,4218.462,4227.308,4207.821,4209.487,4224.103,4212.179,4215.385,4213.846,4208.333,4207.051,4199.103,4160.897,4200.128,4207.949,сжать руку
50,4215.769,4225.0,4205.128,4211.667,4219.359,4211.795,4219.231,4216.795,4214.359,4217.949,4199.872,4161.026,4200.0,4209.487,сжать руку
50,4217.564,4224.231,4205.385,4211.282,4214.487,4206.667,4216.154,4221.538,4212.436,4219.872,4191.41,4157.051,4202.179,4207.949,сжать руку
50,4216.154,4222.821,4204.872,4205.769,4211.538,4206.538,4212.692,4205.897,4205.256,4209.615,4186.154,4153.718,4200.256,4204.487,сжать руку
50,4215.385,4213.59,4203.462,4206.538,4207.179,4208.462,4218.077,4214.744,4213.846,4215.641,4191.795,4156.923,4199.744,4205.128,сжать руку
50,4218.462,4213.846,4207.949,4212.179,4211.795,4210.128,4222.051,4239.872,4223.974,4228.718,4197.949,4162.308,4205.641,4212.436,сжать руку
50,4216.282,4222.179,4210.128,4213.077,4221.282,4211.026,4227.179,4223.205,4212.949,4217.692,4194.487,4161.026,4203.718,4213.333,сжать руку
50,4216.282,4222.692,4207.821,4212.564,4220.0,4207.949,4225.256,4192.949,4199.615,4202.436,4188.333,4159.103,4200.256,4209.487,сжать руку
50,4222.436,4220.128,4209.872,4212.179,4215.128,4205.769,4209.359,4202.821,4206.282,4208.205,4192.179,4163.462,4205.897,4209.103,сжать руку
50,4221.41,4216.923,4213.846,4214.487,4213.846,4205.513,4201.795,4222.436,4215.385,4215.128,4195.769,4165.513,4205.128,4212.051,сжать руку
50,4216.026,4215.0,4215.0,4216.795,4214.872,4202.051,4210.385,4224.231,4214.231,4215.897,4194.744,4161.538,4204.359,4214.231,сжать руку
50,4216.538,4217.692,4214.487,4212.436,4213.333,4203.333,4216.923,4224.487,4213.205,4217.308,4194.487,4161.538,4209.744,4215.128,сжать руку
50,4218.59,4222.949,4212.308,4213.59,4210.128,4207.821,4211.923,4215.769,4214.872,4216.282,4193.718,4165.256,4206.923,4213.846,сжать руку
50,4216.923,4222.692,4208.462,4222.436,4211.282,4206.538,4203.846,4205.385,4212.179,4212.949,4189.744,4161.154,4202.564,4209.103,сжать руку
50,4211.538,4214.872,4206.154,4220.385,4215.769,4207.051,4206.795,4216.154,4208.974,4210.641,4189.359,4155.769,4205.769,4207.308,сжать руку
50,4202.308,4207.179,4205.641,4211.923,4214.103,4210.0,4213.333,4226.538,4211.538,4207.564,4188.718,4159.231,4202.821,4206.667,сжать руку
50,4197.564,4208.462,4205.385,4212.821,4206.923,4204.487,4207.179,4211.282,4211.41,4206.538,4188.59,4162.308,4198.846,4205.0,сжать руку
50,4201.282,4210.769,4202.179,4214.103,4204.359,4196.282,4199.231,4203.462,4210.897,4210.256,4192.051,4161.282,4202.308,4204.744,сжать руку
50,4202.692,4208.333,4200.641,4210.256,4203.718,4198.205,4203.718,4220.769,4214.744,4213.59,4187.436,4159.872,4199.615,4205.0,сжать руку
50,4200.385,4206.667,4199.872,4207.051,4204.103,4203.974,4214.231,4224.744,4213.59,4208.077,4181.923,4156.923,4192.051,4204.231,сжать руку
50,4200.0,4208.333,4197.436,4208.333,4211.538,4206.026,4215.385,4212.821,4211.154,4202.179,4181.923,4157.436,4193.077,4203.205,сжать руку
50,4207.308,4213.205,4202.179,4213.205,4220.897,4206.538,4205.0,4213.077,4215.513,4211.923,4185.513,4162.949,4199.872,4205.385,сжать руку
50,4210.769,4214.872,4208.974,4213.974,4217.949,4209.487,4206.667,4221.41,4220.128,4219.872,4194.231,4165.385,4201.282,4210.513,сжать руку
50,4209.359,4209.744,4209.103,4210.641,4213.205,4211.667,4221.282,4221.41,4219.487,4213.718,4200.513,4161.923,4202.821,4211.154,сжать руку
50,4209.615,4208.333,4208.333,4212.564,4220.385,4207.692,4214.872,4211.154,4214.744,4213.59,4208.333,4162.179,4211.026,4209.487,сжать руку
50,4208.077,4210.897,4207.051,4214.872,4226.923,4208.205,4203.462,4198.974,4206.026,4215.513,4218.077,4164.615,4211.923,4210.897,сжать руку
50,4209.231,4209.615,4206.795,4212.564,4219.872,4212.564,4213.718,4207.692,4209.744,4215.897,4217.308,4162.821,4209.359,4212.051,сжать руку
50,4218.333,4211.282,4214.487,4215.256,4212.051,4213.205,4217.308,4218.462,4223.846,4221.41,4215.513,4163.718,4212.051,4213.59,сжать руку
50,4221.538,4216.538,4221.667,4217.692,4216.41,4210.641,4209.487,4214.744,4221.41,4222.692,4219.872,4163.077,4213.59,4212.051,сжать руку
50,4215.385,4216.282,4219.231,4216.154,4226.154,4206.026,4208.974,4213.718,4210.641,4219.487,4220.256,4161.154,4208.718,4208.205,сжать руку
50,4217.692,4215.128,4220.128,4220.385,4230.128,4205.256,4215.128,4217.949,4215.897,4222.692,4216.795,4164.872,4205.256,4209.744,сжать руку
50,4221.282,4215.256,4225.256,4220.897,4225.256,4211.282,4223.205,4216.795,4223.205,4223.718,4215.256,4163.718,4207.308,4210.128,сжать руку
50,4215.128,4212.564,4224.615,4212.436,4217.179,4211.795,4218.718,4216.667,4219.231,4220.256,4214.487,4157.949,4207.692,4209.872,сжать руку
50,4211.795,4209.359,4222.308,4209.744,4213.205,4203.974,4208.077,4222.436,4219.872,4224.487,4215.385,4159.103,4207.564,4209.872,сжать руку
50,4213.333,4208.462,4221.795,4210.513,4215.0,4205.128,4207.564,4211.538,4216.923,4223.718,4215.513,4162.179,4207.821,4208.077,сжать руку
50,4213.205,4209.103,4221.41,4207.949,4219.615,4212.564,4211.41,4201.795,4207.051,4215.128,4215.256,4163.333,4207.308,4209.359,сжать руку
50,4218.974,4210.256,4226.795,4212.564,4221.026,4211.282,4207.949,4215.897,4210.0,4214.103,4217.051,4167.436,4206.795,4214.231,сжать руку
50,4227.821,4211.667,4235.128,4223.077,4220.897,4208.718,4207.179,4224.615,4221.795,4222.308,4218.974,4175.769,4214.744,4220.256,сжать руку
50,4225.769,4209.744,4238.462,4221.923,4222.821,4213.846,4213.846,4214.615,4220.256,4227.692,4219.359,4179.103,4221.282,4223.462,сжать руку
50,4223.077,4209.231,4238.59,4217.692,4223.59,4214.103,4212.564,4211.41,4212.949,4222.821,4218.462,4173.846,4214.744,4221.538,сжать руку
50,4228.59,4213.974,4237.821,4222.692,4218.59,4210.0,4209.744,4218.205,4216.795,4215.513,4217.692,4173.462,4212.821,4221.667,сжать руку
50,4225.0,4214.744,4230.641,4220.641,4216.154,4216.154,4221.923,4214.231,4218.846,4214.103,4218.59,4173.077,4213.974,4222.436,сжать руку
50,4212.949,4207.564,4220.128,4209.487,4217.692,4216.923,4226.154,4214.615,4218.205,4214.103,4214.359,4166.795,4204.744,4219.487,сжать руку
50,4213.205,4204.231,4218.205,4208.333,4214.744,4207.051,4210.897,4216.41,4218.333,4211.538,4205.769,4167.308,4199.487,4220.256,сжать руку
50,4219.487,4205.513,4222.308,4209.872,4212.821,4208.077,4210.0,4214.359,4217.179,4210.513,4200.513,4172.949,4206.154,4221.41,сжать руку
51,4217.949,4200.385,4224.103,4211.41,4219.872,4212.564,4206.538,4214.744,4219.744,4216.923,4211.282,4173.333,4215.897,4218.205,разжать руку
51,4223.718,4201.795,4225.513,4211.538,4212.949,4202.564,4200.385,4217.179,4223.462,4220.128,4215.0,4178.205,4214.744,4219.487,разжать руку
51,4234.615,4208.333,4234.872,4209.359,4212.949,4202.308,4196.923,4223.077,4220.897,4220.385,4211.538,4181.026,4219.487,4222.692,разжать руку
51,4240.769,4214.103,4241.154,4215.256,4215.0,4206.026,4195.897,4213.846,4215.385,4217.179,4206.026,4172.949,4221.282,4217.692,разжать руку
51,4237.564,4209.872,4234.872,4216.41,4209.103,4201.538,4208.846,4213.205,4214.231,4208.205,4204.103,4164.744,4216.282,4209.744,разжать руку
51,4233.59,4209.231,4230.513,4212.179,4209.872,4201.41,4218.333,4215.128,4209.231,4202.821,4203.462,4162.051,4215.385,4208.718,разжать руку
51,4226.026,4209.487,4227.821,4210.256,4213.333,4206.795,4209.487,4195.769,4204.231,4202.436,4201.154,4157.564,4214.872,4205.641,разжать руку
51,4215.641,4198.846,4218.333,4208.205,4211.282,4207.179,4214.103,4201.667,4212.564,4201.795,4199.487,4154.487,4207.949,4200.256,разжать руку
51,4220.513,4195.385,4214.359,4205.513,4213.59,4208.333,4230.385,4229.103,4221.538,4206.026,4201.026,4156.41,4206.667,4203.077,разжать руку
51,4226.795,4201.154,4215.0,4200.769,4208.333,4216.154,4234.615,4215.769,4212.564,4208.59,4201.154,4158.59,4208.462,4207.821,разжать руку
51,4220.513,4201.026,4213.205,4199.103,4198.333,4213.718,4221.026,4196.026,4205.513,4206.41,4201.026,4160.385,4205.769,4206.538,разжать руку
51,4217.436,4199.615,4212.692,4205.385,4204.103,4200.256,4202.821,4211.41,4213.205,4209.231,4203.846,4162.821,4209.872,4207.949,разжать руку
51,4222.051,4205.256,4218.205,4209.744,4212.949,4201.923,4202.051,4219.103,4220.385,4215.128,4207.051,4165.641,4217.821,4214.359,разжать руку
51,4225.0,4213.59,4225.513,4210.897,4214.103,4215.0,4208.974,4203.333,4216.667,4217.179,4211.538,4165.256,4218.846,4217.179,разжать руку
51,4229.231,4218.077,4221.538,4214.359,4216.41,4215.641,4206.154,4207.179,4213.077,4218.718,4213.077,4167.436,4216.154,4217.051,разжать руку
51,4233.462,4215.128,4213.846,4214.487,4215.256,4205.513,4207.051,4228.333,4220.897,4224.744,4212.179,4171.538,4217.179,4216.923,разжать руку
51,4230.769,4208.077,4216.923,4213.59,4210.128,4210.0,4220.0,4220.897,4222.821,4224.744,4213.077,4170.128,4219.103,4217.692,разжать руку
51,4231.154,4207.308,4223.077,4216.41,4214.744,4219.744,4220.0,4203.333,4215.897,4220.0,4217.179,4169.744,4219.231,4220.769,разжать руку
51,4234.487,4204.359,4217.564,4215.641,4216.538,4218.718,4211.41,4214.487,4215.128,4219.872,4215.0,4172.179,4216.026,4220.641,разжать руку
51,4228.205,4192.821,4208.205,4210.769,4206.538,4218.462,4217.436,4225.0,4214.487,4211.795,4204.744,4173.077,4206.41,4219.103,разжать руку
51,4220.897,4190.256,4207.692,4212.436,4207.692,4218.974,4229.487,4227.308,4220.769,4209.231,4206.41,4178.077,4206.538,4221.41,разжать руку
51,4224.615,4199.744,4211.026,4217.179,4215.897,4212.179,4227.179,4231.667,4232.308,4222.564,4216.41,4182.051,4218.462,4224.615,разжать руку
51,4229.872,4205.513,4209.872,4217.436,4216.154,4210.641,4215.641,4217.821,4224.744,4223.974,4217.179,4177.051,4216.538,4225.897,разжать руку
51,4232.692,4211.026,4207.436,4218.974,4219.359,4220.769,4212.692,4207.051,4211.026,4215.513,4212.564,4173.846,4209.231,4225.897,разжать руку
51,4240.128,4218.974,4216.154,4225.897,4225.897,4221.667,4211.923,4222.949,4216.538,4222.564,4212.692,4177.436,4216.538,4226.282,разжать руку
51,4240.641,4215.513,4226.154,4227.949,4227.692,4215.513,4212.692,4226.538,4221.41,4227.308,4209.359,4174.872,4222.436,4225.0,разжать руку
51,4237.308,4208.846,4225.385,4223.333,4228.077,4216.41,4219.615,4216.538,4216.154,4222.692,4207.949,4170.641,4218.077,4221.667,разжать руку
51,4243.462,4215.256,4228.077,4225.641,4228.462,4215.0,4223.333,4223.846,4216.795,4228.718,4217.821,4176.795,4220.641,4222.436,разжать руку
51,4243.462,4218.59,4231.154,4224.872,4223.462,4218.077,4222.308,4220.128,4214.487,4228.205,4220.0,4176.282,4222.436,4223.974,разжать руку
51,4231.282,4203.333,4222.692,4211.026,4214.744,4220.769,4226.026,4211.026,4209.231,4217.564,4210.513,4167.051,4213.718,4216.154,разжать руку
51,4231.795,4193.846,4219.359,4207.564,4212.564,4213.59,4231.538,4229.487,4220.769,4220.256,4206.026,4170.513,4212.179,4210.128,разжать руку
51,4238.59,4198.205,4227.692,4212.436,4220.128,4211.923,4226.154,4226.538,4221.923,4219.744,4206.923,4171.41,4212.436,4208.205,разжать руку
51,4228.205,4193.718,4224.615,4206.795,4225.641,4219.615,4222.436,4198.846,4203.333,4202.436,4200.513,4160.897,4201.026,4204.615,разжать руку
51,4222.051,4187.949,4220.769,4203.59,4221.41,4221.026,4228.59,4213.59,4213.205,4200.897,4200.513,4160.513,4197.949,4206.667,разжать руку
51,4231.538,4198.718,4232.821,4211.667,4218.718,4216.923,4228.462,4243.59,4237.949,4223.974,4211.923,4169.872,4214.231,4212.821,разжать руку
51,4239.615,4214.744,4243.462,4216.41,4227.308,4219.872,4222.051,4222.051,4222.564,4238.974,4217.308,4171.795,4225.769,4213.846,разжать руку
51,4237.692,4210.256,4243.59,4212.179,4230.128,4216.41,4220.256,4195.128,4200.769,4225.385,4208.718,4165.897,4219.744,4209.231,разжать руку
51,4229.872,4194.872,4239.615,4204.615,4214.231,4198.59,4208.077,4208.974,4211.538,4207.821,4204.103,4163.205,4213.205,4207.436,разжать руку
51,4221.41,4187.436,4233.462,4200.513,4203.333,4191.667,4192.436,4215.385,4213.846,4209.231,4201.795,4158.846,4208.718,4202.051,разжать руку
51,4212.564,4181.41,4222.051,4198.205,4206.923,4201.667,4203.205,4195.0,4195.385,4206.154,4190.0,4151.282,4199.359,4191.795,разжать руку
51,4205.769,4176.154,4213.462,4195.256,4204.872,4201.667,4214.359,4187.308,4195.385,4194.744,4182.436,4149.231,4197.179,4190.513,разжать руку
51,4200.641,4177.051,4214.744,4194.615,4199.744,4190.897,4198.974,4192.564,4202.949,4193.462,4184.744,4147.564,4202.821,4192.564,разжать руку
51,4199.231,4176.795,4217.436,4193.462,4199.872,4195.641,4197.436,4195.513,4197.436,4193.718,4184.744,4142.436,4198.333,4188.077,разжать руку
51,4204.103,4175.513,4218.846,4192.564,4198.333,4205.641,4217.564,4207.692,4204.615,4196.538,4185.385,4142.949,4193.974,4186.538,разжать руку
51,4212.692,4182.821,4223.846,4198.846,4200.0,4201.41,4211.282,4215.256,4216.667,4206.538,4193.846,4152.564,4202.821,4195.128,разжать руку
51,4220.256,4189.103,4230.385,4207.564,4206.41,4196.282,4186.41,4205.0,4208.974,4211.026,4201.795,4163.59,4208.974,4203.205,разжать руку
51,4218.974,4184.103,4230.385,4207.179,4207.436,4199.231,4183.462,4207.564,4204.615,4210.128,4202.821,4167.821,4208.59,4203.077,разжать руку
51,4214.487,4179.615,4224.872,4205.256,4202.436,4201.41,4193.333,4217.179,4210.641,4207.821,4198.333,4167.436,4208.974,4203.974,разжать руку
51,4215.256,4183.333,4224.103,4207.179,4198.205,4203.333,4198.59,4201.538,4203.333,4196.538,4194.359,4166.41,4206.026,4208.077,разжать руку
51,4219.103,4187.179,4226.026,4206.026,4198.846,4201.795,4194.487,4186.282,4195.0,4189.744,4196.41,4167.179,4202.564,4207.179,разжать руку
51,4216.923,4183.846,4219.744,4205.385,4206.41,4197.949,4190.128,4192.564,4197.436,4189.231,4192.051,4166.026,4203.205,4204.744,разжать руку
51,4211.667,4181.538,4212.051,4206.923,4209.231,4197.564,4195.641,4197.051,4196.026,4186.795,4183.462,4159.744,4199.487,4201.538,разжать руку
51,4211.667,4185.513,4211.795,4205.641,4205.385,4194.487,4195.897,4195.0,4194.103,4193.59,4189.872,4159.359,4194.615,4199.359,разжать руку
51,4218.205,4192.051,4214.744,4207.308,4207.564,4193.205,4189.103,4207.692,4206.282,4210.128,4203.718,4166.154,4203.462,4203.59,разжать руку
51,4225.769,4193.205,4213.59,4210.128,4208.077,4198.333,4196.026,4215.385,4213.077,4217.051,4204.744,4165.0,4213.462,4204.615,разжать руку
51,4221.026,4187.308,4202.821,4203.077,4204.872,4200.128,4202.051,4200.769,4203.59,4208.077,4200.0,4158.59,4211.667,4201.41,разжать руку
51,4212.564,4184.359,4189.744,4197.436,4208.59,4195.513,4186.154,4189.487,4201.026,4201.538,4204.744,4156.795,4204.359,4201.026,разжать руку
51,4209.744,4183.974,4186.026,4198.718,4210.385,4193.974,4181.026,4189.744,4204.103,4201.154,4210.0,4158.59,4199.872,4202.692,разжать руку
51,4205.513,4178.974,4188.205,4197.564,4207.436,4198.205,4198.59,4201.41,4205.385,4199.103,4211.026,4161.41,4201.154,4204.103,разжать руку
51,4204.359,4176.154,4188.205,4196.667,4207.949,4198.077,4200.0,4208.59,4209.744,4199.103,4215.128,4162.308,4200.897,4204.615,разжать руку
51,4208.59,4179.615,4189.744,4198.59,4208.462,4195.769,4186.923,4196.026,4207.564,4201.667,4217.949,4164.359,4199.231,4206.667,разжать руку
51,4208.974,4182.564,4191.41,4200.897,4206.923,4199.103,4191.282,4192.179,4205.128,4207.564,4216.667,4167.949,4205.897,4209.487,разжать руку
51,4210.0,4185.769,4191.538,4204.359,4207.821,4203.974,4202.051,4203.974,4211.538,4214.744,4219.231,4166.667,4216.154,4210.641,разжать руку
51,4216.026,4189.487,4195.385,4207.179,4208.59,4204.744,4196.923,4198.462,4209.103,4215.256,4223.205,4165.513,4215.128,4210.513,разжать руку
51,4211.667,4185.385,4196.923,4201.282,4207.564,4198.462,4187.308,4190.513,4203.974,4214.103,4221.538,4165.769,4210.513,4206.667,разжать руку
51,4207.949,4183.205,4195.385,4199.103,4205.769,4194.487,4189.231,4211.282,4217.308,4221.667,4221.154,4168.846,4212.308,4205.769,разжать руку
51,4216.154,4186.538,4197.564,4208.462,4207.564,4202.692,4202.308,4221.154,4218.462,4224.744,4222.179,4172.821,4214.359,4208.846,разжать руку
51,4216.41,4182.949,4197.564,4209.487,4211.41,4214.231,4211.923,4201.026,4202.564,4211.667,4217.308,4170.0,4210.513,4206.282,разжать руку
51,4210.128,4179.103,4198.846,4204.359,4212.692,4211.538,4207.692,4198.846,4207.308,4202.436,4215.769,4168.462,4207.949,4203.846,разжать руку
51,4210.769,4181.795,4207.564,4204.615,4210.128,4198.846,4194.872,4224.487,4222.821,4213.846,4219.103,4173.462,4210.256,4208.59,разжать руку
51,4214.872,4182.949,4211.41,4207.308,4205.897,4198.077,4190.897,4225.385,4218.718,4226.923,4220.513,4176.667,4216.795,4214.359,разжать руку
51,4215.128,4178.718,4207.179,4205.128,4206.667,4207.692,4202.949,4198.077,4203.59,4221.41,4217.821,4174.744,4219.487,4213.974,разжать руку
51,4215.513,4182.564,4208.974,4203.59,4210.897,4207.564,4208.462,4199.872,4204.744,4212.179,4217.949,4173.333,4216.538,4211.41,разжать руку
51,4216.282,4190.641,4215.256,4207.564,4204.872,4200.513,4200.128,4217.179,4213.205,4213.205,4217.949,4174.103,4215.385,4213.205,разжать руку
51,4218.077,4188.59,4219.872,4209.744,4200.385,4198.205,4193.462,4203.205,4208.333,4211.41,4215.128,4170.769,4215.769,4214.744,разжать руку
51,4227.436,4185.385,4229.103,4208.333,4208.205,4199.615,4190.897,4192.564,4207.436,4210.769,4221.923,4171.667,4219.615,4216.538,разжать руку
51,4234.615,4191.667,4240.128,4208.205,4215.128,4204.744,4192.051,4210.256,4221.154,4222.308,4228.974,4180.0,4225.897,4221.667,разжать руку
51,4229.744,4195.641,4240.641,4207.692,4217.949,4212.051,4206.41,4216.282,4223.846,4224.487,4222.051,4179.359,4220.385,4220.256,разжать руку
51,4226.154,4189.103,4237.308,4204.872,4218.333,4214.359,4215.128,4206.154,4210.769,4215.0,4212.821,4171.795,4210.897,4214.872,разжать руку
51,4233.333,4192.179,4243.205,4208.462,4217.564,4208.205,4202.949,4205.897,4209.231,4219.359,4217.179,4174.487,4218.846,4215.513,разжать руку
51,4233.718,4200.128,4246.026,4209.872,4218.974,4201.538,4190.256,4210.513,4215.513,4225.385,4220.641,4176.923,4229.744,4216.026,разжать руку
51,4218.974,4191.154,4233.974,4202.308,4221.538,4203.077,4186.026,4203.077,4207.821,4213.718,4210.769,4169.872,4220.513,4210.0,разжать руку
51,4213.333,4181.154,4226.026,4199.359,4218.59,4209.487,4190.385,4200.513,4202.692,4207.308,4205.128,4168.333,4210.0,4205.385,разжать руку
51,4222.308,4187.308,4235.0,4203.077,4210.256,4206.667,4201.282,4211.795,4216.538,4215.256,4210.769,4174.487,4214.359,4209.487,разжать руку
51,4228.59,4192.051,4244.359,4205.385,4207.821,4201.538,4207.821,4210.769,4221.41,4221.282,4217.692,4175.256,4221.41,4213.077,разжать руку
51,4224.359,4181.667,4239.231,4201.154,4210.897,4208.077,4205.769,4200.769,4210.513,4218.718,4213.462,4171.154,4217.949,4209.231,разжать руку
51,4218.59,4176.41,4232.949,4197.692,4208.974,4213.462,4204.359,4198.718,4209.744,4214.359,4212.308,4171.154,4214.103,4210.0,разжать руку
51,4225.256,4184.359,4240.128,4200.513,4199.359,4209.103,4214.103,4215.0,4225.513,4225.128,4222.821,4171.41,4223.462,4218.846,разжать руку
51,4233.205,4187.179,4245.128,4202.051,4197.436,4203.846,4224.103,4237.308,4236.795,4241.41,4227.308,4170.641,4231.154,4221.026,разжать руку
51,4229.872,4183.333,4234.359,4197.436,4205.897,4206.026,4223.205,4220.769,4221.282,4231.795,4219.487,4167.179,4223.205,4214.487,разжать руку
51,4223.59,4182.564,4224.231,4193.846,4208.974,4210.385,4214.231,4181.538,4195.769,4209.615,4212.308,4160.641,4216.026,4212.308,разжать руку
51,4222.179,4182.436,4225.641,4195.385,4205.128,4209.615,4209.487,4188.077,4202.821,4208.718,4214.487,4163.718,4219.231,4216.538,разжать руку
51,4224.872,4184.487,4230.385,4195.641,4203.077,4209.231,4208.333,4218.205,4220.769,4220.0,4216.282,4170.769,4221.538,4217.436,разжать руку
51,4229.359,4192.949,4229.231,4196.538,4211.026,4209.487,4208.077,4214.744,4215.897,4222.692,4217.051,4171.923,4219.615,4218.077,разжать руку
51,4232.051,4197.179,4225.385,4196.667,4216.026,4211.538,4222.179,4207.692,4214.231,4220.0,4218.718,4170.769,4221.154,4219.359,разжать руку
51,4230.897,4191.795,4222.436,4191.667,4209.359,4210.513,4228.462,4209.231,4219.615,4213.205,4216.41,4170.128,4223.462,4214.615,разжать руку
51,4235.128,4192.949,4221.923,4190.256,4203.333,4201.41,4206.923,4206.667,4212.051,4205.385,4215.897,4172.051,4221.538,4216.41,разжать руку
51,4247.436,4206.282,4226.282,4195.256,4203.462,4192.179,4197.436,4218.205,4212.436,4209.487,4225.385,4176.026,4223.333,4226.923,разжать руку
51,4257.308,4217.436,4228.077,4196.282,4200.0,4193.462,4207.821,4213.846,4217.436,4216.282,4228.59,4176.41,4229.872,4227.949,разжать руку
51,4259.615,4221.923,4223.077,4196.795,4196.795,4198.333,4194.744,4188.077,4204.103,4211.667,4218.846,4171.538,4232.692,4223.59,разжать руку
52,4263.846,4225.385,4239.231,4205.769,4192.949,4194.103,4195.256,4209.231,4211.923,4211.41,4228.974,4178.462,4242.821,4227.692,сжать руку
52,4269.872,4226.795,4246.538,4207.436,4192.051,4193.718,4206.667,4214.359,4217.692,4217.949,4230.0,4179.487,4242.949,4227.051,сжать руку
52,4265.385,4222.821,4240.385,4207.949,4199.359,4193.205,4193.205,4195.0,4209.744,4215.128,4228.205,4173.846,4235.513,4222.949,сжать руку
52,4260.641,4220.897,4238.205,4208.59,4206.923,4193.462,4187.949,4189.744,4202.949,4211.923,4223.462,4174.359,4235.128,4220.641,сжать руку
52,4266.154,4223.205,4245.128,4209.487,4211.538,4199.231,4197.949,4207.949,4210.128,4218.333,4218.077,4175.385,4236.795,4222.308,сжать руку
52,4260.256,4214.487,4243.333,4206.026,4212.949,4204.103,4205.513,4209.359,4212.564,4213.462,4217.692,4170.897,4225.256,4222.564,сжать руку
52,4241.923,4199.231,4233.59,4197.564,4209.872,4200.128,4206.923,4194.615,4203.077,4200.128,4216.154,4170.385,4214.615,4219.231,сжать руку
52,4236.538,4191.154,4230.256,4193.205,4200.385,4196.923,4208.718,4204.231,4205.385,4203.59,4213.205,4173.846,4220.897,4217.051,сжать руку
52,4235.256,4185.769,4229.487,4192.949,4192.949,4201.41,4215.128,4220.256,4217.436,4213.077,4213.718,4174.744,4223.846,4217.564,сжать руку
52,4225.256,4181.154,4225.897,4189.487,4195.897,4206.026,4221.923,4209.487,4214.359,4204.103,4206.154,4169.872,4207.051,4213.974,сжать руку
52,4220.0,4177.308,4220.0,4186.667,4202.179,4208.462,4225.0,4205.897,4212.436,4191.154,4195.513,4164.359,4192.179,4208.718,сжать руку
52,4227.821,4177.564,4218.462,4188.974,4206.282,4211.026,4221.282,4220.128,4220.897,4196.41,4197.692,4168.205,4202.564,4210.641,сжать руку
52,4239.231,4188.59,4231.282,4195.641,4211.923,4206.667,4210.513,4211.667,4215.0,4211.026,4210.0,4177.949,4223.718,4221.795,сжать руку
52,4244.231,4198.205,4250.0,4201.026,4213.205,4201.923,4206.282,4201.538,4212.051,4222.436,4218.333,4183.333,4231.154,4230.256,сжать руку
52,4246.026,4197.051,4254.231,4199.744,4209.615,4204.744,4216.538,4213.974,4220.0,4223.077,4217.564,4178.462,4226.923,4225.128,сжать руку
52,4242.949,4188.974,4245.513,4193.974,4207.564,4199.487,4219.615,4211.026,4213.333,4213.462,4214.231,4172.564,4224.231,4221.795,сжать руку
52,4232.564,4183.077,4238.974,4189.615,4203.333,4194.231,4208.333,4189.872,4201.41,4209.744,4210.128,4169.615,4224.744,4224.872,сжать руку
52,4216.282,4176.667,4229.615,4181.538,4200.0,4205.641,4218.59,4198.846,4209.615,4210.0,4201.667,4164.615,4217.308,4216.923,сжать руку
52,4209.359,4167.564,4221.026,4175.641,4202.564,4217.179,4240.385,4225.641,4221.667,4206.026,4194.744,4164.359,4204.744,4209.103,сжать руку
52,4211.667,4167.949,4222.436,4179.103,4206.026,4214.872,4234.872,4216.667,4213.59,4206.282,4197.308,4166.154,4201.026,4211.41,сжать руку
52,4211.282,4170.769,4224.872,4179.872,4203.718,4208.718,4225.128,4201.026,4207.051,4214.744,4198.974,4167.821,4208.333,4211.41,сжать руку
52,4218.333,4170.897,4229.872,4180.897,4203.974,4207.564,4236.026,4219.359,4220.128,4224.872,4200.256,4174.103,4216.026,4213.974,сжать руку
52,4238.077,4182.051,4240.513,4190.385,4210.0,4208.333,4233.974,4230.0,4225.385,4231.026,4208.718,4177.179,4221.026,4222.821,сжать руку
52,4250.256,4196.282,4246.41,4198.462,4213.59,4207.051,4208.59,4208.718,4207.692,4231.026,4215.128,4179.231,4227.949,4226.538,сжать руку
52,4242.692,4197.692,4247.051,4196.667,4216.282,4202.821,4197.051,4196.923,4201.538,4227.436,4208.846,4179.231,4232.051,4223.59,сжать руку
52,4235.769,4193.205,4246.026,4192.308,4216.154,4198.077,4196.282,4200.641,4207.436,4223.205,4201.667,4174.103,4229.103,4221.282,сжать руку
52,4236.282,4191.154,4239.744,4191.41,4211.667,4203.846,4200.513,4201.026,4206.667,4215.641,4203.205,4171.667,4224.744,4220.256,сжать руку
52,4226.923,4182.179,4230.256,4185.513,4207.179,4218.077,4222.564,4212.564,4215.0,4213.077,4201.154,4172.692,4217.949,4213.974,сжать руку
52,4211.795,4172.051,4219.359,4177.564,4206.667,4226.41,4244.231,4222.051,4224.872,4219.615,4196.026,4170.128,4212.821,4207.564,сжать руку
52,4208.59,4176.41,4212.564,4181.795,4211.282,4226.154,4242.179,4226.026,4226.795,4235.0,4199.103,4168.205,4216.923,4207.692,сжать руку
52,4211.026,4182.949,4212.308,4191.154,4213.462,4225.0,4235.513,4234.231,4230.513,4242.564,4201.667,4167.692,4219.744,4209.487,сжать руку
52,4200.256,4174.359,4202.692,4186.026,4209.487,4226.026,4248.077,4223.974,4224.872,4223.846,4195.128,4163.205,4209.359,4207.949,сжать руку
52,4192.821,4166.41,4192.436,4176.923,4210.641,4221.026,4246.154,4201.923,4209.487,4207.564,4198.077,4163.59,4207.308,4206.923,сжать руку
52,4204.615,4175.897,4200.641,4181.282,4218.846,4211.795,4221.795,4207.051,4211.282,4218.333,4214.487,4170.769,4218.718,4210.769,сжать руку
52,4216.538,4184.103,4210.256,4187.308,4220.256,4210.385,4220.641,4226.026,4221.538,4229.103,4219.231,4172.179,4221.795,4213.462,сжать руку
52,4218.59,4183.846,4212.179,4187.051,4213.462,4212.051,4230.641,4219.744,4216.026,4223.846,4218.59,4171.538,4220.641,4214.744,сжать руку
52,4227.821,4192.436,4225.385,4192.564,4215.897,4205.128,4214.872,4205.897,4211.923,4225.513,4230.0,4179.231,4232.179,4222.051,сжать руку
52,4238.205,4197.564,4236.538,4199.487,4221.667,4201.667,4205.513,4207.692,4214.359,4230.385,4237.179,4183.077,4237.564,4223.974,сжать руку
52,4230.128,4185.897,4228.077,4192.051,4214.872,4209.359,4221.538,4209.359,4210.513,4222.692,4231.923,4176.667,4230.641,4217.436,сжать руку
52,4228.301,4185.705,4226.955,4191.154,4214.535,4209.519,4221.474,4212.788,4213.798,4224.696,4230.192,4176.17,4230.561,4217.212,сжать руку
52,4226.474,4185.513,4225.833,4190.256,4214.199,4209.679,4221.41,4216.218,4217.083,4226.699,4228.462,4175.673,4230.481,4216.987,сжать руку
52,4224.647,4185.321,4224.712,4189.359,4213.862,4209.84,4221.346,4219.647,4220.369,4228.702,4226.731,4175.176,4230.401,4216.763,сжать руку
52,4222.821,4185.128,4223.59,4188.462,4213.526,4210.0,4221.282,4223.077,4223.654,4230.705,4225.0,4174.679,4230.321,4216.538,сжать руку
52,4220.994,4184.936,4222.468,4187.564,4213.189,4210.16,4221.218,4226.506,4226.939,4232.708,4223.269,4174.183,4230.24,4216.314,сжать руку
52,4219.167,4184.744,4221.346,4186.667,4212.853,4210.321,4221.154,4229.936,4230.224,4234.712,4221.538,4173.686,4230.16,4216.09,сжать руку
52,4217.34,4184.551,4220.224,4185.769,4212.516,4210.481,4221.09,4233.365,4233.51,4236.715,4219.808,4173.189,4230.08,4215.865,сжать руку
52,4215.513,4184.359,4219.103,4184.872,4212.179,4210.641,4221.026,4236.795,4236.795,4238.718,4218.077,4172.692,4230.0,4215.641,сжать руку
52,4219.744,4185.0,4227.564,4191.923,4217.821,4214.231,4226.667,4214.872,4221.795,4233.718,4220.128,4172.821,4235.513,4220.0,сжать руку
52,4220.769,4181.154,4227.051,4191.282,4220.128,4218.846,4224.615,4201.667,4211.538,4224.872,4223.846,4169.103,4227.179,4216.41,сжать руку
52,4225.897,4182.308,4233.077,4188.59,4218.333,4209.487,4208.462,4221.923,4225.128,4239.744,4227.436,4171.667,4232.308,4217.564,сжать руку
52,4220.0,4178.718,4228.974,4182.821,4213.205,4208.59,4205.513,4215.256,4220.769,4237.051,4220.641,4166.154,4234.744,4216.41,сжать руку
52,4206.923,4169.615,4210.641,4177.436,4213.974,4217.051,4203.462,4184.359,4200.513,4207.308,4210.385,4162.179,4220.897,4211.41,сжать руку
52,4204.231,4163.205,4206.667,4176.282,4208.077,4214.615,4212.692,4195.256,4203.718,4203.462,4209.872,4167.692,4215.769,4209.231,сжать руку
52,4206.282,4162.179,4218.333,4175.513,4190.0,4210.256,4237.308,4234.103,4227.179,4225.385,4214.744,4170.513,4223.205,4208.846,сжать руку
52,4206.41,4165.256,4222.051,4175.0,4186.154,4217.436,4240.0,4240.897,4235.769,4234.744,4217.949,4172.564,4221.667,4211.026,сжать руку
52,4205.769,4171.154,4215.897,4179.103,4199.872,4223.462,4222.564,4213.205,4221.282,4227.564,4215.385,4172.692,4220.385,4210.385,сжать руку
52,4203.59,4173.846,4208.333,4181.282,4205.513,4219.487,4216.795,4208.077,4215.256,4224.231,4211.795,4168.205,4226.282,4205.897,сжать руку
52,4204.744,4176.538,4208.462,4183.077,4203.59,4211.154,4215.128,4226.154,4226.795,4232.179,4215.513,4168.974,4226.41,4208.718,сжать руку
52,4208.205,4179.615,4215.256,4186.282,4202.436,4207.692,4207.436,4219.872,4229.872,4235.385,4213.462,4171.41,4222.821,4211.154,сжать руку
52,4202.692,4171.154,4213.974,4183.205,4197.436,4210.641,4216.667,4202.308,4216.41,4218.462,4202.821,4167.821,4214.231,4205.385,сжать руку
52,4199.744,4165.128,4206.923,4178.718,4192.179,4209.872,4229.487,4206.026,4207.821,4202.051,4196.923,4166.282,4206.41,4202.949,сжать руку
52,4210.513,4176.923,4209.359,4182.949,4194.487,4200.128,4213.333,4207.821,4208.974,4203.077,4200.256,4171.41,4210.128,4208.846,сжать руку
52,4211.154,4177.949,4211.795,4182.692,4194.231,4195.256,4202.949,4199.359,4206.538,4201.538,4201.41,4174.231,4210.513,4209.359,сжать руку
52,4199.487,4157.308,4204.487,4173.205,4186.026,4201.41,4220.0,4199.744,4203.462,4194.744,4199.872,4171.154,4203.974,4206.154,сжать руку
52,4202.436,4156.538,4202.692,4178.846,4187.308,4204.615,4221.795,4206.923,4207.821,4199.872,4198.974,4168.718,4210.641,4211.026,сжать руку
52,4214.744,4180.513,4211.795,4195.769,4203.077,4204.487,4211.667,4207.821,4211.538,4211.538,4199.359,4170.641,4220.0,4213.077,сжать руку
52,4211.667,4183.59,4211.282,4191.538,4204.103,4208.974,4221.538,4210.128,4210.128,4216.154,4206.026,4170.897,4216.795,4211.41,сжать руку
52,4205.256,4165.0,4206.41,4178.718,4193.077,4211.667,4228.718,4228.846,4222.051,4218.205,4213.974,4171.667,4216.026,4214.615,сжать руку
52,4213.077,4166.282,4216.41,4184.103,4199.744,4210.513,4217.051,4233.205,4228.59,4223.59,4215.641,4174.231,4224.744,4214.872,сжать руку
52,4218.333,4182.436,4220.897,4190.513,4210.641,4210.0,4209.615,4209.744,4218.59,4222.821,4212.821,4174.359,4227.564,4212.692,сжать руку
52,4213.462,4180.641,4213.59,4185.641,4207.692,4211.282,4213.462,4203.462,4217.692,4215.641,4212.949,4172.692,4223.462,4212.949,сжать руку
52,4211.41,4173.077,4212.949,4182.051,4202.821,4210.256,4216.923,4212.821,4215.897,4210.769,4210.513,4171.41,4222.308,4210.769,сжать руку
52,4213.333,4178.974,4215.256,4182.179,4203.462,4210.513,4218.462,4211.41,4205.769,4212.692,4204.359,4172.179,4222.692,4211.282,сжать руку
52,4212.564,4178.077,4212.436,4181.282,4200.897,4211.41,4220.513,4203.077,4205.513,4210.769,4202.308,4171.282,4217.564,4213.205,сжать руку
52,4210.641,4163.846,4208.462,4180.128,4192.308,4211.41,4224.359,4199.872,4211.795,4202.692,4201.026,4170.256,4212.692,4210.513,сжать руку
52,4209.615,4160.385,4207.564,4183.205,4191.026,4212.051,4226.282,4207.179,4215.385,4205.769,4200.641,4173.333,4216.41,4208.59,сжать руку
52,4208.462,4168.333,4205.641,4185.0,4197.308,4210.256,4221.154,4222.692,4223.333,4218.205,4206.795,4175.128,4220.128,4211.923,сжать руку
52,4213.462,4174.359,4206.026,4186.923,4199.231,4212.308,4219.231,4229.487,4228.846,4227.051,4216.667,4175.256,4221.923,4215.769,сжать руку
52,4219.231,4177.308,4205.641,4190.256,4201.154,4217.564,4215.769,4220.769,4219.744,4233.077,4217.949,4172.308,4228.077,4213.974,сжать руку
52,4210.256,4171.026,4197.051,4186.667,4202.051,4213.462,4208.974,4215.641,4214.103,4226.282,4206.667,4168.846,4223.462,4208.333,сжать руку
52,4198.846,4163.333,4191.41,4180.641,4198.718,4207.564,4214.744,4220.256,4221.154,4211.923,4198.205,4170.513,4214.231,4207.436,сжать руку
52,4207.179,4171.667,4200.897,4185.897,4200.256,4209.744,4213.974,4214.103,4222.308,4214.615,4202.308,4174.872,4220.897,4212.179,сжать руку
52,4218.205,4182.949,4208.974,4194.231,4201.538,4208.974,4201.538,4209.359,4220.513,4225.897,4206.026,4176.667,4229.231,4212.308,сжать руку
52,4206.026,4178.59,4199.872,4191.41,4197.821,4205.256,4205.385,4214.744,4221.538,4222.308,4201.923,4170.385,4220.385,4204.487,сжать руку
52,4194.103,4173.718,4190.769,4192.949,4206.667,4211.538,4213.59,4200.256,4211.41,4206.923,4198.846,4166.026,4210.513,4202.821,сжать руку
52,4200.0,4176.41,4192.821,4197.692,4217.179,4214.872,4205.897,4179.744,4197.692,4196.41,4198.718,4170.128,4215.256,4207.564,сжать руку
52,4201.923,4174.231,4194.872,4192.308,4201.282,4206.41,4201.282,4191.026,4203.333,4199.744,4198.718,4172.436,4220.897,4206.923,сжать руку
52,4200.769,4173.077,4195.641,4192.564,4189.231,4207.692,4212.949,4213.718,4219.359,4213.462,4202.564,4173.333,4222.308,4209.103,сжать руку
52,4203.462,4177.436,4196.667,4197.949,4202.051,4223.333,4223.077,4213.59,4219.359,4218.205,4203.333,4172.179,4218.077,4210.769,сжать руку
52,4198.462,4174.231,4192.179,4194.359,4206.41,4228.077,4225.128,4212.564,4212.564,4207.051,4194.744,4166.795,4210.897,4206.154,сжать руку
52,4195.641,4172.564,4190.769,4193.974,4203.462,4216.41,4223.333,4223.077,4218.846,4208.462,4194.231,4168.718,4215.0,4208.077,сжать руку
52,4203.462,4180.641,4196.667,4198.333,4210.0,4210.385,4219.872,4221.154,4227.564,4226.667,4203.59,4174.872,4222.692,4211.667,сжать руку
52,4199.359,4180.0,4195.128,4196.538,4210.513,4213.846,4215.897,4204.359,4218.974,4226.667,4198.718,4170.769,4215.769,4207.051,сжать руку
52,4189.872,4174.615,4189.103,4196.795,4202.436,4215.769,4210.385,4193.846,4205.897,4210.385,4186.41,4161.026,4208.718,4203.59,сжать руку
52,4195.0,4176.41,4187.564,4197.949,4200.769,4216.795,4210.897,4202.821,4211.41,4205.513,4188.333,4163.462,4212.179,4204.103,сжать руку
52,4196.923,4173.846,4188.077,4192.949,4204.487,4217.051,4209.872,4213.718,4218.205,4204.872,4191.795,4169.872,4211.41,4205.0,сжать руку
52,4189.615,4167.179,4189.872,4192.308,4206.41,4212.949,4207.692,4208.718,4206.923,4197.949,4184.872,4165.897,4208.077,4204.744,сжать руку
52,4192.051,4166.795,4190.385,4196.795,4200.513,4210.256,4213.59,4196.41,4195.641,4197.564,4181.282,4165.128,4212.179,4204.744,сжать руку
52,4201.795,4176.923,4193.333,4201.538,4196.923,4210.897,4209.615,4196.282,4204.103,4209.231,4189.487,4168.462,4217.436,4206.923,сжать руку
52,4204.231,4188.333,4201.795,4207.179,4206.154,4210.769,4200.0,4213.205,4220.256,4221.667,4197.692,4169.744,4221.795,4210.0,сжать руку
53,4202.051,4188.846,4202.179,4209.744,4209.359,4224.103,4218.077,4211.154,4218.462,4218.974,4194.487,4165.513,4218.974,4208.974,разжать руку
53,4200.385,4189.359,4202.821,4209.231,4206.538,4212.308,4210.256,4199.487,4210.641,4215.128,4197.308,4163.077,4215.385,4206.795,разжать руку
53,4201.667,4184.487,4208.974,4206.795,4201.795,4206.282,4203.205,4203.205,4210.385,4216.923,4192.692,4166.538,4221.282,4208.205,разжать руку
53,4196.154,4175.385,4204.872,4200.128,4196.026,4210.513,4210.513,4209.487,4212.564,4212.436,4182.821,4165.128,4221.026,4204.359,разжать руку
53,4189.487,4173.59,4196.667,4196.538,4196.282,4208.718,4215.385,4212.949,4216.41,4205.769,4184.744,4163.333,4217.692,4201.154,разжать руку
53,4189.103,4178.205,4197.436,4197.949,4196.41,4207.949,4214.487,4200.897,4209.103,4204.872,4188.59,4164.872,4217.436,4203.077,разжать руку
53,4187.051,4176.41,4197.821,4196.282,4193.462,4207.436,4213.205,4191.667,4196.667,4203.077,4183.333,4163.077,4215.128,4204.615,разжать руку
53,4183.974,4167.949,4193.846,4191.282,4194.103,4203.333,4213.974,4212.179,4207.949,4205.385,4186.538,4164.744,4215.128,4206.282,разжать руку
53,4185.385,4162.436,4192.051,4190.0,4192.564,4204.359,4212.179,4216.282,4215.897,4207.564,4197.051,4167.564,4218.718,4207.436,разжать руку
53,4186.026,4165.0,4194.872,4195.128,4190.513,4207.821,4202.821,4196.026,4201.795,4203.974,4199.487,4167.308,4219.231,4207.308,разжать руку
53,4187.436,4168.846,4196.667,4199.231,4193.205,4206.923,4202.564,4205.513,4206.923,4207.179,4198.718,4168.974,4220.385,4206.923,разжать руку
53,4192.564,4171.795,4194.103,4195.256,4192.436,4206.154,4211.154,4214.744,4220.897,4211.026,4203.333,4168.462,4222.051,4207.308,разжать руку
53,4192.308,4174.487,4192.051,4194.231,4192.949,4210.769,4209.615,4191.154,4207.949,4202.179,4205.256,4167.436,4219.487,4208.333,разжать руку
53,4186.667,4173.718,4194.103,4200.385,4203.333,4211.795,4198.974,4189.744,4200.897,4196.026,4203.59,4167.564,4218.846,4209.231,разжать руку
53,4184.615,4173.333,4196.538,4200.769,4208.59,4211.154,4200.641,4211.795,4213.333,4203.974,4210.128,4168.846,4218.974,4210.641,разжать руку
53,4188.205,4174.103,4195.769,4199.487,4202.821,4216.154,4214.231,4210.769,4213.205,4209.615,4217.051,4170.769,4219.615,4208.205,разжать руку
53,4194.744,4172.564,4198.077,4205.0,4203.205,4215.385,4214.872,4197.692,4208.718,4208.974,4215.385,4171.795,4226.538,4205.513,разжать руку
53,4199.231,4175.769,4206.795,4208.59,4206.282,4207.436,4208.333,4204.231,4217.564,4214.744,4215.897,4175.128,4232.564,4208.974,разжать руку
53,4199.615,4180.513,4210.256,4205.256,4200.641,4207.436,4210.769,4223.718,4224.231,4222.564,4219.231,4176.795,4230.513,4212.179,разжать руку
53,4190.641,4174.231,4198.974,4199.872,4193.846,4211.923,4210.769,4213.333,4210.897,4214.487,4211.795,4170.256,4220.641,4208.205,разжать руку
53,4175.0,4161.795,4182.692,4193.205,4186.795,4202.821,4199.744,4184.872,4197.051,4190.641,4194.615,4159.231,4206.795,4198.718,разжать руку
53,4167.564,4155.256,4175.513,4187.949,4174.103,4186.154,4188.846,4183.077,4195.641,4171.795,4184.872,4155.897,4196.538,4190.385,разжать руку
53,4164.103,4147.179,4170.513,4186.538,4162.308,4180.385,4187.179,4188.718,4191.667,4163.333,4184.744,4157.436,4190.897,4188.077,разжать руку
53,4154.615,4136.282,4162.436,4184.359,4158.974,4181.795,4186.923,4187.436,4190.769,4162.308,4184.231,4156.154,4189.872,4188.205,разжать руку
53,4151.923,4138.205,4162.179,4186.923,4158.718,4181.667,4179.615,4186.41,4195.641,4163.718,4182.179,4155.641,4194.487,4190.256,разжать руку
53,4163.077,4150.0,4171.026,4195.128,4166.795,4181.282,4171.154,4174.103,4188.846,4162.821,4183.077,4156.667,4198.333,4194.231,разжать руку
53,4168.718,4150.513,4174.103,4197.051,4176.923,4180.769,4172.821,4169.615,4183.974,4164.359,4186.795,4156.795,4196.795,4196.538,разжать руку
53,4169.103,4145.897,4172.051,4195.513,4172.949,4178.205,4179.359,4193.077,4195.385,4173.718,4189.103,4157.692,4199.103,4195.897,разжать руку
53,4170.256,4148.59,4174.359,4195.128,4165.769,4183.333,4186.923,4203.462,4202.051,4182.179,4188.205,4157.308,4203.974,4193.462,разжать руку
53,4167.564,4147.436,4174.615,4192.179,4166.154,4190.0,4194.231,4191.538,4197.308,4178.718,4186.795,4156.026,4197.821,4193.974,разжать руку
53,4170.513,4144.744,4176.282,4191.667,4168.718,4181.538,4187.949,4190.513,4196.026,4178.846,4187.821,4158.846,4192.436,4200.641,разжать руку
53,4174.615,4148.846,4176.026,4192.436,4166.538,4176.026,4176.795,4188.462,4192.692,4176.538,4185.897,4156.154,4193.462,4200.0,разжать руку
53,4167.051,4147.821,4170.0,4190.128,4165.128,4184.744,4180.513,4188.205,4191.795,4161.41,4179.487,4150.385,4190.128,4194.487,разжать руку
53,4170.0,4148.718,4174.103,4191.026,4170.385,4186.154,4182.436,4191.154,4191.923,4159.872,4180.256,4152.692,4190.897,4196.41,разжать руку
53,4184.231,4154.615,4183.077,4193.59,4171.41,4176.282,4173.205,4178.205,4183.974,4170.385,4183.462,4155.0,4196.282,4200.0,разжать руку
53,4180.641,4152.692,4180.256,4190.128,4165.513,4175.385,4176.41,4175.128,4185.256,4168.077,4182.051,4151.923,4192.436,4198.846,разжать руку
53,4173.205,4148.846,4176.282,4188.205,4162.051,4185.0,4190.128,4197.564,4199.487,4168.077,4181.154,4150.0,4188.718,4196.795,разжать руку
53,4181.282,4155.641,4178.333,4193.333,4166.667,4184.615,4183.59,4198.333,4199.103,4176.026,4183.077,4153.59,4196.538,4198.59,разжать руку
53,4184.615,4162.821,4178.846,4196.41,4173.974,4177.821,4167.436,4176.538,4189.103,4172.949,4185.385,4156.154,4201.795,4200.769,разжать руку
53,4182.179,4158.974,4185.641,4194.359,4175.385,4181.026,4170.641,4179.744,4190.897,4170.0,4183.205,4156.282,4199.359,4202.308,разжать руку
53,4186.923,4153.846,4192.436,4193.333,4170.256,4189.487,4184.359,4193.59,4193.333,4171.41,4175.641,4156.667,4195.641,4202.308,разжать руку
53,4187.564,4149.615,4187.692,4194.103,4169.359,4189.744,4185.513,4188.333,4190.256,4165.513,4173.718,4153.846,4191.667,4197.436,разжать руку
53,4182.051,4148.846,4185.513,4193.59,4172.179,4182.821,4178.718,4186.282,4194.231,4166.026,4181.538,4154.231,4195.769,4197.436,разжать руку
53,4185.128,4157.692,4193.205,4197.308,4173.462,4184.103,4181.538,4195.128,4201.026,4180.385,4185.385,4161.41,4204.103,4202.692,разжать руку
53,4191.026,4163.205,4196.667,4201.282,4173.974,4193.077,4188.974,4190.769,4196.026,4184.487,4183.205,4162.821,4203.718,4201.282,разжать руку
53,4188.462,4155.513,4188.077,4198.333,4173.462,4191.154,4187.564,4186.282,4188.333,4173.718,4183.333,4158.59,4202.564,4197.436,разжать руку
53,4185.128,4152.436,4184.872,4195.0,4176.154,4182.692,4178.59,4191.923,4192.179,4172.051,4184.231,4156.923,4203.462,4199.359,разжать руку
53,4183.333,4157.564,4187.179,4194.872,4178.59,4186.154,4177.821,4190.513,4194.872,4176.41,4184.744,4157.949,4201.923,4201.795,разжать руку
53,4177.436,4157.564,4186.667,4195.0,4173.846,4192.308,4181.923,4191.538,4194.744,4178.974,4185.385,4158.333,4203.718,4200.385,разжать руку
53,4175.256,4152.436,4186.026,4193.333,4167.949,4185.0,4184.872,4198.205,4196.667,4177.821,4184.487,4157.821,4202.949,4197.308,разжать руку
53,4178.077,4152.308,4182.949,4191.667,4167.436,4183.718,4196.41,4194.872,4194.231,4171.795,4183.462,4158.974,4197.821,4197.821,разжать руку
53,4182.692,4158.333,4182.949,4193.718,4171.282,4192.949,4198.462,4190.385,4192.949,4178.077,4184.487,4157.949,4203.974,4202.436,разжать руку
53,4189.744,4164.872,4186.282,4196.41,4173.205,4190.513,4189.231,4202.692,4203.59,4195.769,4187.949,4157.308,4214.103,4205.256,разжать руку
53,4191.154,4162.821,4183.59,4194.359,4174.487,4187.308,4194.487,4201.795,4204.487,4193.718,4188.718,4154.487,4209.615,4199.615,разжать руку
53,4182.179,4155.0,4177.179,4190.513,4176.41,4190.0,4193.846,4180.128,4188.333,4173.59,4184.231,4147.436,4197.949,4193.205,разжать руку
53,4180.641,4154.615,4178.59,4191.923,4175.769,4187.051,4174.744,4175.0,4184.872,4170.769,4181.667,4150.128,4198.974,4198.59,разжать руку
53,4191.41,4164.487,4187.051,4197.051,4174.231,4185.769,4175.256,4187.308,4192.692,4186.282,4188.59,4156.41,4208.462,4204.744,разжать руку
53,4200.641,4175.0,4196.923,4204.872,4177.564,4190.0,4189.615,4195.897,4197.308,4195.897,4199.359,4156.154,4217.564,4207.051,разжать руку
53,4211.795,4180.513,4208.205,4210.769,4177.436,4191.282,4192.308,4200.641,4201.41,4193.59,4201.41,4156.667,4220.513,4212.179,разжать руку
53,4220.897,4185.769,4210.513,4204.744,4168.718,4185.641,4195.385,4200.256,4201.538,4185.385,4192.564,4158.077,4214.231,4212.051,разжать руку
53,4218.59,4192.179,4205.513,4199.359,4165.769,4176.538,4192.949,4190.897,4194.487,4175.128,4185.769,4157.179,4213.077,4207.051,разжать руку
53,4218.59,4196.026,4203.846,4204.744,4171.923,4177.051,4185.0,4183.077,4183.846,4167.821,4186.154,4157.051,4217.821,4207.179,разжать руку
53,4224.103,4200.769,4201.795,4208.462,4176.41,4187.821,4187.179,4177.564,4179.103,4166.795,4186.154,4159.615,4215.385,4211.026,разжать руку
53,4224.487,4206.282,4202.179,4209.487,4180.769,4192.051,4189.744,4178.718,4185.769,4172.564,4185.513,4163.59,4213.205,4212.308,разжать руку
53,4226.154,4204.359,4207.949,4212.821,4183.205,4188.462,4184.487,4189.872,4192.051,4177.051,4187.821,4164.872,4218.333,4209.872,разжать руку
53,4229.359,4195.0,4213.59,4212.692,4177.308,4192.692,4186.41,4197.821,4194.744,4177.821,4189.615,4161.795,4215.769,4207.949,разжать руку
53,4222.692,4190.897,4211.282,4211.026,4175.513,4195.513,4196.923,4196.282,4202.564,4179.103,4187.564,4156.41,4208.59,4205.769,разжать руку
53,4212.949,4190.513,4208.205,4211.41,4185.0,4186.667,4194.744,4193.462,4204.231,4180.0,4185.513,4153.333,4212.692,4202.564,разжать руку
53,4211.026,4187.051,4215.0,4210.513,4189.615,4186.538,4190.769,4194.744,4192.436,4182.308,4187.436,4157.949,4214.103,4204.872,разжать руку
53,4216.026,4185.0,4218.846,4211.026,4183.462,4194.103,4197.949,4192.692,4186.795,4186.923,4188.974,4160.513,4207.564,4206.026,разжать руку
53,4211.795,4184.359,4211.026,4211.923,4183.077,4192.308,4196.026,4188.333,4195.897,4190.385,4187.949,4157.436,4205.128,4203.205,разжать руку
53,4194.359,4179.103,4205.641,4207.436,4194.487,4190.513,4189.231,4193.333,4203.462,4190.256,4184.872,4156.154,4204.487,4199.744,разжать руку
53,4186.795,4176.026,4208.205,4205.513,4198.333,4195.513,4192.308,4201.538,4201.538,4193.077,4184.359,4156.154,4202.692,4197.821,разжать руку
53,4193.333,4178.59,4204.615,4208.333,4192.179,4196.795,4190.256,4190.769,4193.205,4193.077,4185.897,4155.256,4200.256,4199.744,разжать руку
53,4190.897,4177.692,4195.769,4204.359,4192.308,4192.821,4181.41,4173.462,4185.641,4185.641,4183.846,4153.077,4198.846,4198.462,разжать руку
53,4180.385,4170.641,4191.795,4196.026,4190.769,4193.333,4187.821,4186.795,4190.769,4182.692,4181.154,4152.692,4194.872,4192.949,разжать руку
53,4175.897,4164.487,4191.154,4198.205,4181.923,4195.769,4199.744,4214.744,4203.974,4186.41,4183.462,4154.744,4189.744,4193.205,разжать руку
53,4176.41,4163.718,4191.154,4201.282,4181.795,4195.0,4197.692,4200.897,4200.128,4183.077,4185.128,4153.974,4190.513,4196.667,разжать руку
53,4179.359,4165.513,4190.128,4198.718,4188.462,4193.205,4185.256,4165.769,4181.795,4173.846,4182.051,4153.974,4193.462,4196.538,разжать руку
53,4183.462,4170.0,4192.949,4199.615,4191.538,4191.667,4172.051,4171.795,4184.231,4180.769,4182.692,4157.436,4196.282,4196.538,разжать руку
53,4178.205,4170.385,4193.462,4197.692,4191.282,4191.154,4172.308,4194.103,4198.333,4188.205,4185.769,4154.872,4196.41,4196.41,разжать руку
53,4171.41,4166.282,4188.333,4190.769,4189.359,4190.641,4178.59,4195.513,4194.744,4179.615,4183.846,4151.282,4194.231,4196.026,разжать руку
53,4168.462,4162.692,4181.667,4189.744,4184.744,4190.385,4178.718,4197.051,4192.692,4178.59,4180.897,4154.103,4193.974,4195.641,разжать руку
53,4165.897,4160.385,4177.179,4194.103,4185.641,4193.59,4181.154,4201.795,4201.026,4189.872,4184.103,4155.128,4197.436,4196.41,разжать руку
53,4167.821,4163.59,4178.59,4198.077,4192.436,4196.667,4182.692,4191.538,4195.256,4191.795,4188.077,4150.385,4199.872,4197.949,разжать руку
53,4168.846,4164.231,4180.641,4197.821,4192.692,4190.641,4177.308,4183.974,4183.205,4182.436,4184.615,4150.641,4195.897,4196.026,разжать руку
53,4170.385,4161.282,4182.051,4194.615,4192.051,4188.077,4177.821,4191.282,4187.564,4186.154,4188.077,4155.641,4198.718,4197.821,разжать руку
53,4177.564,4165.0,4186.923,4195.128,4194.103,4196.154,4186.795,4192.949,4196.667,4196.795,4198.59,4155.897,4206.923,4203.59,разжать руку
53,4186.538,4172.051,4191.41,4200.128,4192.821,4196.026,4190.128,4200.641,4205.385,4201.154,4201.923,4158.846,4208.974,4207.949,разжать руку
53,4189.103,4173.462,4190.256,4199.872,4191.41,4191.538,4199.615,4208.846,4210.897,4206.282,4205.769,4161.026,4212.308,4207.179,разжать руку
53,4187.821,4170.385,4187.051,4196.41,4194.231,4196.538,4205.513,4199.487,4201.923,4210.385,4215.385,4156.026,4213.333,4203.333,разжать руку
53,4186.667,4171.667,4186.154,4197.179,4196.667,4202.179,4197.949,4197.949,4199.872,4212.179,4218.333,4154.744,4206.538,4203.846,разжать руку
53,4186.026,4174.615,4186.795,4197.564,4197.051,4201.795,4196.154,4212.308,4213.462,4213.846,4215.128,4158.718,4204.615,4204.487,разжать руку
53,4188.846,4175.513,4189.487,4195.769,4199.744,4197.564,4198.333,4211.923,4216.923,4210.256,4212.436,4159.872,4209.359,4205.641,разжать руку
53,4192.308,4175.128,4191.667,4197.692,4204.231,4196.026,4195.769,4194.103,4206.282,4201.026,4212.821,4156.923,4206.026,4206.667,разжать руку
53,4195.385,4177.436,4193.333,4203.205,4207.564,4199.103,4190.0,4182.051,4195.641,4194.359,4212.692,4155.385,4205.256,4205.385,разжать руку
53,4200.256,4183.974,4196.795,4206.41,4206.923,4198.974,4182.564,4178.205,4190.0,4194.487,4207.821,4159.103,4212.436,4209.487,разжать руку
53,4210.385,4188.462,4202.308,4207.436,4206.667,4192.179,4178.077,4180.128,4190.513,4194.103,4207.308,4161.154,4212.564,4212.949,разжать руку
53,4216.282,4186.923,4204.231,4206.282,4205.385,4190.513,4178.462,4185.385,4197.051,4191.538,4211.282,4161.026,4210.256,4208.846,разжать руку
53,4206.538,4182.179,4198.718,4198.846,4200.641,4197.179,4184.103,4182.692,4200.897,4192.692,4205.513,4161.923,4209.231,4204.872,разжать руку
54,4187.692,4165.385,4186.538,4190.513,4192.179,4200.256,4205.769,4201.026,4205.385,4205.256,4202.308,4154.103,4198.718,4196.923,сжать руку
54,4188.205,4166.923,4185.897,4192.692,4193.333,4194.231,4198.205,4211.154,4207.949,4207.692,4203.846,4156.795,4201.538,4197.949,сжать руку
54,4190.385,4170.641,4185.641,4191.026,4197.564,4193.205,4188.077,4206.795,4213.846,4215.385,4201.154,4158.077,4203.718,4203.462,сжать руку
54,4190.641,4170.385,4181.538,4191.154,4198.077,4200.897,4190.897,4203.205,4218.205,4217.436,4201.154,4158.59,4205.641,4202.179,сжать руку
54,4189.744,4172.179,4180.0,4193.462,4197.821,4200.769,4194.744,4206.923,4212.821,4211.154,4200.256,4158.205,4203.077,4198.59,сжать руку
54,4194.359,4174.872,4181.538,4194.359,4200.769,4188.333,4187.308,4201.282,4204.231,4203.846,4200.513,4155.769,4200.128,4201.026,сжать руку
54,4201.282,4181.795,4184.872,4199.103,4202.821,4190.513,4184.231,4191.795,4200.641,4198.718,4199.872,4155.641,4201.795,4202.821,сжать руку
54,4203.205,4188.462,4188.205,4201.795,4198.846,4203.077,4192.564,4187.564,4196.154,4193.846,4196.923,4157.949,4202.051,4201.795,сжать руку
54,4202.179,4184.103,4187.436,4197.436,4195.641,4199.103,4193.846,4181.795,4187.436,4186.795,4198.59,4156.41,4201.538,4200.897,сжать руку
54,4193.205,4175.0,4179.615,4191.795,4195.128,4191.923,4188.846,4180.128,4186.154,4183.59,4198.974,4151.538,4199.615,4195.769,сжать руку
54,4182.692,4169.872,4174.103,4190.0,4192.308,4196.923,4191.923,4190.385,4197.436,4186.41,4190.641,4152.436,4194.615,4193.077,сжать руку
54,4185.513,4172.179,4177.179,4192.821,4192.821,4203.718,4194.872,4193.718,4202.308,4192.436,4187.821,4152.692,4196.026,4199.103,сжать руку
54,4187.949,4175.385,4175.769,4193.718,4196.154,4204.359,4199.103,4184.231,4198.333,4196.026,4194.231,4147.564,4199.359,4203.077,сжать руку
54,4187.051,4175.385,4172.949,4192.821,4194.872,4204.103,4210.769,4201.41,4212.436,4205.897,4199.359,4152.692,4200.256,4204.359,сжать руку
54,4197.564,4177.179,4181.667,4197.308,4197.821,4200.769,4206.795,4222.949,4228.333,4225.641,4204.231,4161.923,4210.385,4206.923,сжать руку
54,4203.077,4180.128,4190.641,4199.744,4203.974,4194.359,4191.923,4207.179,4213.846,4229.231,4204.615,4158.846,4214.359,4206.667,сжать руку
54,4192.949,4178.462,4184.487,4196.154,4200.641,4195.641,4200.641,4195.897,4200.769,4214.487,4199.487,4154.615,4203.205,4204.359,сжать руку
54,4191.538,4175.641,4176.41,4196.41,4192.949,4201.026,4213.077,4210.128,4212.051,4209.231,4197.949,4155.513,4200.256,4201.667,сжать руку
54,4198.333,4178.718,4178.846,4201.282,4192.179,4199.359,4201.667,4208.333,4213.846,4211.667,4196.923,4155.769,4206.795,4203.077,сжать руку
54,4195.513,4181.41,4180.897,4202.179,4194.103,4199.615,4196.795,4186.538,4197.564,4205.513,4194.231,4154.744,4204.359,4206.538,сжать руку
54,4194.872,4183.333,4179.744,4200.0,4194.487,4202.051,4204.615,4190.641,4195.0,4199.744,4192.179,4155.897,4198.59,4205.385,сжать руку
54,4199.872,4185.385,4183.718,4200.769,4194.231,4197.821,4208.333,4208.462,4205.128,4197.821,4187.436,4158.59,4200.256,4203.077,сжать руку
54,4200.641,4184.615,4188.333,4201.41,4195.128,4197.821,4209.615,4202.564,4205.0,4196.41,4188.974,4158.974,4200.641,4205.128,сжать руку
54,4206.667,4190.0,4184.615,4202.179,4198.59,4205.641,4204.231,4183.59,4196.026,4201.154,4200.641,4157.821,4201.795,4211.41,сжать руку
54,4213.333,4199.359,4179.872,4201.667,4200.769,4201.41,4197.821,4186.923,4198.333,4205.385,4203.333,4153.205,4206.538,4210.256,сжать руку
54,4212.821,4205.0,4184.231,4199.744,4198.846,4191.282,4201.026,4215.256,4213.846,4204.615,4198.59,4152.692,4211.154,4206.923,сжать руку
54,4223.846,4216.667,4197.436,4205.513,4201.282,4194.359,4199.744,4215.513,4214.615,4209.872,4202.821,4160.769,4216.923,4213.718,сжать руку
54,4242.179,4229.487,4205.641,4214.103,4201.026,4198.718,4199.615,4189.615,4198.077,4213.333,4203.205,4161.795,4217.051,4215.641,сжать руку
54,4246.923,4228.974,4206.41,4216.026,4194.872,4193.718,4204.359,4188.846,4195.385,4208.718,4200.769,4161.154,4217.692,4214.744,сжать руку
54,4241.795,4225.897,4209.359,4212.692,4192.821,4190.513,4198.974,4209.872,4212.436,4209.872,4207.692,4165.0,4222.821,4220.128,сжать руку
54,4234.103,4220.897,4205.0,4207.308,4192.821,4192.179,4202.436,4212.949,4219.103,4209.359,4207.308,4160.641,4220.256,4216.41,сжать руку
54,4232.308,4218.846,4199.744,4208.333,4194.744,4194.615,4205.385,4195.769,4206.923,4200.128,4198.205,4155.769,4212.692,4208.974,сжать руку
54,4242.179,4230.0,4206.923,4216.538,4204.103,4198.077,4186.667,4194.872,4205.385,4200.897,4204.103,4162.949,4217.179,4216.154,сжать руку
54,4249.103,4233.846,4213.846,4218.333,4206.795,4202.179,4189.359,4203.205,4211.538,4210.897,4212.308,4170.513,4223.333,4224.231,сжать руку
54,4251.282,4222.564,4213.59,4215.513,4200.0,4205.256,4212.821,4203.974,4211.154,4216.282,4209.744,4167.692,4225.0,4220.256,сжать руку
54,4247.949,4213.846,4209.744,4213.59,4194.872,4203.974,4213.846,4195.128,4203.974,4211.923,4207.821,4162.308,4225.897,4214.359,сжать руку
54,4232.692,4207.692,4203.462,4208.333,4191.667,4198.974,4213.59,4192.436,4201.282,4199.103,4203.077,4160.256,4214.487,4210.769,сжать руку
54,4231.795,4208.59,4205.897,4212.051,4199.231,4198.205,4209.744,4202.949,4207.564,4199.103,4203.59,4160.769,4208.846,4212.436,сжать руку
54,4245.897,4216.154,4215.256,4222.564,4210.0,4202.949,4195.513,4205.256,4211.026,4211.923,4212.308,4162.051,4218.333,4217.821,сжать руку
54,4233.462,4206.026,4206.154,4215.769,4202.949,4211.795,4216.667,4200.897,4204.103,4202.949,4201.795,4158.718,4206.41,4210.256,сжать руку
54,4213.718,4187.308,4192.692,4199.359,4195.513,4211.282,4232.308,4198.333,4195.256,4182.436,4184.487,4154.231,4186.538,4201.923,сжать руку
54,4225.128,4194.615,4201.923,4205.0,4202.821,4197.308,4196.667,4204.487,4200.769,4196.667,4194.615,4161.282,4201.667,4215.0,сжать руку
54,4240.256,4211.538,4220.0,4218.718,4203.333,4191.795,4184.744,4213.846,4213.718,4227.821,4212.436,4172.821,4224.231,4224.744,сжать руку
54,4239.744,4209.872,4225.641,4216.667,4193.077,4203.59,4212.179,4216.795,4217.051,4232.564,4211.41,4171.282,4221.154,4216.41,сжать руку
54,4237.436,4201.41,4220.641,4212.692,4193.59,4210.641,4216.667,4212.308,4211.667,4221.667,4204.615,4161.154,4214.744,4211.026,сжать руку
54,4227.821,4196.282,4213.846,4211.923,4197.692,4200.641,4210.256,4198.974,4202.436,4211.538,4198.718,4157.308,4213.846,4208.846,сжать руку
54,4212.179,4189.744,4210.385,4207.692,4192.949,4190.897,4209.103,4200.385,4201.923,4204.231,4198.077,4162.436,4209.487,4206.667,сжать руку
54,4211.282,4189.487,4216.923,4209.744,4192.436,4192.692,4198.462,4214.487,4211.538,4209.615,4204.359,4164.744,4211.538,4209.872,сжать руку
54,4217.692,4194.744,4221.538,4216.026,4199.231,4201.923,4196.923,4213.077,4215.0,4213.077,4202.949,4159.487,4214.615,4212.308,сжать руку
54,4213.077,4194.744,4215.641,4211.538,4201.282,4205.0,4205.897,4193.462,4198.462,4195.256,4193.846,4155.513,4208.205,4209.103,сжать руку
54,4206.923,4191.923,4210.513,4208.462,4198.846,4200.897,4203.974,4182.821,4186.923,4182.436,4191.667,4154.615,4202.308,4205.256,сжать руку
54,4208.846,4193.462,4212.949,4217.692,4201.667,4202.436,4198.59,4202.692,4204.744,4196.923,4198.59,4156.667,4202.821,4204.615,сжать руку
54,4208.333,4195.0,4216.795,4218.59,4205.641,4208.974,4205.769,4222.179,4222.308,4215.128,4200.385,4159.872,4208.846,4204.744,сжать руку
54,4203.59,4190.769,4213.59,4208.718,4201.538,4213.974,4218.846,4212.821,4213.718,4215.128,4196.923,4160.0,4210.513,4205.128,сжать руку
54,4205.641,4190.256,4209.487,4207.692,4202.051,4216.026,4222.821,4205.897,4205.897,4213.846,4199.231,4160.513,4205.385,4207.949,сжать руку
54,4207.308,4194.872,4208.974,4214.487,4211.026,4213.718,4215.897,4215.256,4211.667,4221.795,4202.436,4161.538,4205.897,4209.359,сжать руку
54,4199.872,4194.487,4209.487,4217.051,4207.308,4207.821,4209.359,4212.564,4210.128,4221.923,4199.359,4159.615,4209.487,4205.128,сжать руку
54,4196.795,4189.872,4206.667,4214.231,4194.359,4205.769,4212.308,4207.179,4207.949,4214.487,4200.0,4156.154,4205.256,4201.154,сжать руку
54,4199.487,4186.41,4199.487,4208.974,4188.974,4205.256,4222.692,4208.59,4209.615,4205.385,4197.564,4155.385,4198.077,4201.154,сжать руку
54,4198.333,4183.462,4192.821,4207.564,4192.436,4205.128,4225.128,4196.795,4200.128,4194.231,4188.333,4158.974,4197.179,4202.949,сжать руку
54,4199.359,4178.974,4188.205,4208.974,4197.308,4207.949,4216.154,4193.077,4199.744,4193.205,4188.462,4163.59,4198.077,4204.359,сжать руку
54,4198.077,4178.59,4187.692,4207.179,4199.872,4207.949,4211.795,4210.769,4212.949,4202.821,4199.744,4169.231,4199.615,4206.667,сжать руку
54,4191.41,4185.513,4191.923,4208.718,4206.026,4206.538,4215.128,4208.718,4209.487,4210.897,4207.564,4173.077,4205.385,4210.513,сжать руку
54,4191.538,4189.231,4195.128,4210.513,4211.795,4207.308,4215.769,4192.949,4201.026,4217.051,4213.333,4173.974,4211.538,4212.692,сжать руку
54,4196.026,4184.103,4193.077,4203.974,4206.923,4211.154,4217.564,4198.59,4212.308,4218.205,4220.256,4176.41,4212.564,4212.051,сжать руку
54,4194.615,4181.923,4191.282,4200.513,4199.359,4213.205,4230.128,4212.821,4221.154,4215.0,4220.128,4175.897,4209.487,4209.231,сжать руку
54,4196.923,4191.282,4193.077,4207.179,4203.59,4208.846,4235.256,4211.923,4215.897,4217.308,4217.821,4173.333,4211.41,4212.308,сжать руку
54,4205.385,4198.077,4196.282,4211.923,4209.231,4208.333,4229.615,4203.59,4211.282,4219.359,4219.487,4174.615,4219.744,4218.974,сжать руку
54,4204.615,4195.513,4196.026,4209.487,4203.846,4212.564,4232.692,4206.282,4211.795,4213.59,4219.103,4172.949,4217.564,4215.0,сжать руку
54,4196.282,4187.692,4190.897,4207.564,4198.462,4210.897,4232.179,4211.154,4214.744,4207.051,4217.949,4168.205,4204.103,4208.59,сжать руку
54,4193.205,4182.564,4189.103,4206.154,4200.769,4205.256,4226.282,4213.077,4218.974,4208.333,4215.641,4168.59,4202.949,4209.487,сжать руку
54,4196.923,4189.103,4195.0,4210.513,4203.333,4206.41,4228.846,4216.795,4221.538,4219.487,4216.41,4174.487,4213.333,4213.077,сжать руку
54,4203.462,4197.821,4197.436,4221.41,4203.462,4212.436,4234.487,4210.128,4218.718,4229.615,4219.872,4173.974,4213.077,4213.718,сжать руку
54,4204.615,4197.179,4192.308,4222.308,4205.641,4212.692,4229.744,4204.744,4214.359,4227.436,4218.846,4164.103,4206.795,4210.513,сжать руку
54,4197.179,4192.051,4191.026,4218.333,4206.154,4211.923,4226.923,4218.462,4219.231,4221.923,4215.897,4161.41,4211.41,4208.462,сжать руку
54,4194.872,4193.718,4197.308,4223.462,4207.308,4215.769,4230.128,4218.462,4222.949,4222.564,4219.487,4166.795,4217.949,4210.513,сжать руку
54,4197.564,4194.359,4198.205,4225.769,4207.436,4214.359,4231.154,4198.205,4211.41,4216.41,4219.487,4167.179,4213.077,4208.718,сжать руку
54,4191.923,4185.897,4189.487,4223.077,4195.641,4208.974,4235.641,4200.769,4203.59,4201.282,4209.872,4166.41,4205.897,4205.0,сжать руку
54,4185.0,4180.513,4182.692,4222.692,4184.103,4208.205,4229.744,4207.692,4206.667,4199.487,4206.538,4165.0,4203.59,4202.436,сжать руку
54,4181.282,4177.179,4179.359,4217.821,4184.872,4201.795,4211.282,4196.923,4203.974,4205.513,4206.923,4158.205,4200.256,4199.487,сжать руку
54,4173.974,4176.538,4174.487,4213.205,4190.385,4193.205,4201.026,4204.359,4207.564,4201.538,4202.436,4154.872,4195.641,4199.615,сжать руку
54,4172.436,4185.128,4173.462,4218.205,4191.154,4196.026,4204.231,4212.564,4214.103,4197.949,4200.897,4159.359,4196.923,4201.154,сжать руку
54,4177.564,4188.718,4177.051,4220.769,4189.103,4201.538,4216.41,4203.077,4208.205,4204.359,4202.692,4161.795,4199.615,4202.821,сжать руку
54,4176.026,4178.59,4178.718,4215.769,4185.641,4200.769,4221.41,4204.487,4208.462,4209.359,4202.308,4159.103,4194.872,4202.692,сжать руку
54,4176.282,4175.385,4178.974,4213.59,4181.538,4194.615,4208.718,4209.231,4211.41,4205.897,4202.821,4159.744,4194.615,4206.026,сжать руку
54,4186.282,4181.923,4182.692,4217.051,4179.872,4191.667,4202.436,4203.974,4205.641,4203.205,4203.59,4163.846,4204.359,4212.692,сжать руку
54,4185.385,4179.231,4181.282,4217.821,4176.795,4197.692,4215.513,4210.128,4205.385,4195.897,4199.103,4162.692,4204.231,4208.333,сжать руку
54,4175.0,4176.538,4177.308,4214.231,4178.205,4201.154,4217.949,4215.641,4210.385,4189.103,4197.179,4159.103,4193.974,4200.897,сжать руку
54,4176.026,4181.41,4179.872,4212.308,4179.744,4196.026,4208.333,4200.513,4203.718,4193.974,4201.41,4158.974,4195.769,4201.923,сжать руку
54,4179.615,4177.692,4179.872,4211.795,4172.949,4190.513,4203.974,4188.205,4199.487,4195.128,4200.641,4163.333,4200.128,4208.59,сжать руку
54,4173.59,4171.026,4174.487,4209.872,4170.897,4188.974,4206.282,4191.538,4202.949,4186.538,4191.538,4164.231,4192.949,4210.513,сжать руку
54,4167.436,4170.128,4171.923,4207.692,4175.256,4190.128,4218.462,4196.923,4198.077,4178.974,4185.128,4158.205,4187.692,4207.564,сжать руку
54,4173.974,4173.974,4174.359,4210.256,4174.487,4192.564,4220.128,4201.538,4201.282,4183.333,4188.077,4158.846,4191.154,4210.513,сжать руку
54,4179.103,4179.231,4179.744,4217.436,4178.718,4192.949,4205.256,4196.41,4206.667,4194.872,4191.282,4163.59,4197.308,4212.179,сжать руку
54,4171.667,4176.154,4177.564,4216.923,4186.41,4195.0,4207.692,4192.436,4201.026,4195.769,4188.333,4162.564,4197.564,4204.872,сжать руку
54,4165.641,4171.667,4165.513,4209.231,4183.077,4197.436,4223.718,4201.538,4200.641,4190.0,4184.231,4161.282,4191.282,4200.256,сжать руку
54,4167.692,4176.538,4164.744,4210.513,4180.641,4193.718,4216.667,4209.487,4210.897,4194.231,4186.923,4162.179,4190.385,4202.308,сжать руку
54,4167.051,4179.744,4174.615,4217.436,4181.282,4191.41,4204.487,4213.462,4220.769,4205.769,4191.41,4161.026,4194.744,4202.436,сжать руку
54,4164.359,4178.462,4173.333,4214.872,4174.231,4195.385,4210.897,4213.333,4215.897,4207.692,4192.051,4159.872,4197.821,4198.333,сжать руку
54,4166.282,4179.231,4163.974,4210.641,4171.667,4195.256,4209.359,4197.949,4204.231,4198.59,4191.795,4158.077,4195.769,4197.949,сжать руку
55,4162.949,4169.231,4167.179,4206.538,4175.641,4192.692,4205.256,4205.385,4205.256,4189.872,4186.154,4157.436,4191.154,4203.846,разжать руку
55,4163.077,4160.897,4165.513,4202.179,4169.231,4193.077,4213.59,4210.256,4204.615,4188.974,4184.487,4159.231,4190.256,4201.538,разжать руку
55,4160.897,4161.923,4164.231,4205.256,4174.103,4194.359,4208.462,4202.308,4200.897,4185.128,4185.641,4162.051,4187.179,4202.051,разжать руку
55,4153.846,4170.128,4165.128,4206.667,4178.462,4195.128,4200.897,4202.308,4201.923,4184.615,4182.308,4160.897,4182.051,4198.846,разжать руку
55,4150.385,4170.385,4161.154,4205.0,4175.769,4193.974,4199.872,4202.051,4202.051,4185.385,4180.0,4158.718,4180.769,4195.385,разжать руку
55,4157.179,4168.718,4162.564,4210.128,4178.333,4193.59,4195.641,4196.923,4199.872,4191.154,4184.744,4158.077,4184.872,4200.0,разжать руку
55,4167.564,4176.154,4171.282,4214.615,4185.256,4193.077,4194.615,4199.103,4199.359,4198.718,4186.538,4158.846,4190.897,4206.026,разжать руку
55,4172.308,4179.615,4173.59,4212.051,4184.615,4195.513,4205.513,4215.897,4210.769,4200.385,4188.205,4161.154,4195.385,4205.385,разжать руку
55,4167.692,4174.487,4170.256,4211.026,4182.564,4199.359,4205.128,4215.256,4216.282,4198.718,4193.718,4160.513,4197.179,4203.333,разжать руку
55,4168.333,4181.154,4176.41,4216.41,4187.308,4197.179,4191.154,4193.846,4203.077,4199.103,4196.026,4163.077,4201.795,4208.205,разжать руку
55,4177.949,4195.128,4185.897,4222.179,4192.051,4193.077,4192.821,4194.103,4203.59,4204.103,4196.923,4164.231,4209.615,4209.744,разжать руку
55,4179.744,4196.154,4182.179,4219.615,4187.564,4194.359,4204.615,4209.872,4212.436,4207.949,4197.436,4157.564,4211.667,4202.949,разжать руку
55,4173.718,4186.795,4176.154,4213.846,4180.128,4196.538,4201.026,4207.308,4206.667,4205.385,4192.051,4154.359,4202.179,4198.718,разжать руку
55,4171.667,4176.41,4176.41,4210.128,4178.59,4192.179,4193.59,4202.821,4205.256,4197.821,4186.667,4157.179,4193.077,4198.077,разжать руку
55,4166.795,4166.41,4170.641,4206.538,4176.026,4188.59,4194.872,4208.205,4210.128,4188.59,4184.359,4153.59,4185.0,4193.205,разжать руку
55,4156.154,4162.949,4164.231,4205.0,4176.41,4192.051,4189.487,4193.974,4196.282,4176.923,4182.179,4146.154,4174.231,4190.128,разжать руку
55,4152.051,4166.923,4163.462,4206.923,4183.077,4198.205,4188.718,4188.846,4191.026,4176.667,4182.051,4151.923,4179.359,4198.59,разжать руку
55,4156.923,4165.513,4161.154,4209.103,4186.538,4202.821,4200.897,4209.872,4210.769,4193.846,4187.179,4162.179,4199.359,4207.436,разжать руку
55,4163.974,4165.0,4162.051,4206.923,4183.846,4199.103,4198.077,4212.949,4218.718,4209.103,4193.846,4161.026,4203.846,4206.41,разжать руку
55,4169.872,4170.769,4172.051,4203.974,4182.051,4193.718,4191.923,4207.308,4212.436,4213.974,4198.205,4162.308,4199.231,4206.538,разжать руку
55,4171.667,4173.974,4178.59,4205.385,4180.641,4196.795,4207.051,4216.795,4211.667,4215.128,4195.0,4166.154,4202.436,4208.205,разжать руку
55,4167.436,4170.128,4175.0,4205.897,4176.026,4196.923,4206.538,4208.077,4204.487,4209.615,4187.564,4158.846,4203.974,4202.051,разжать руку
55,4158.846,4164.744,4167.692,4199.487,4175.641,4191.667,4187.692,4184.487,4189.615,4194.615,4185.641,4151.41,4197.564,4195.897,разжать руку
55,4150.256,4161.923,4163.333,4192.308,4177.564,4187.308,4185.128,4189.615,4197.051,4189.359,4185.641,4154.487,4193.718,4196.538,разжать руку
55,4151.538,4161.667,4168.077,4192.821,4174.487,4186.282,4188.077,4203.333,4211.282,4197.051,4184.103,4161.538,4196.795,4197.179,разжать руку
55,4160.897,4166.795,4177.564,4200.128,4172.949,4190.513,4187.692,4203.718,4207.051,4204.487,4185.0,4163.718,4200.897,4198.718,разжать руку
55,4167.821,4173.077,4181.154,4205.641,4176.41,4194.744,4190.256,4207.051,4204.615,4210.0,4188.59,4161.026,4205.897,4204.872,разжать руку
55,4169.744,4175.641,4175.641,4202.436,4174.231,4193.077,4198.077,4200.385,4202.308,4204.615,4188.846,4158.846,4204.231,4206.41,разжать руку
55,4169.744,4176.026,4174.103,4200.0,4169.487,4190.641,4202.564,4196.41,4200.385,4194.231,4184.615,4157.436,4201.667,4200.0,разжать руку
55,4175.385,4180.513,4186.282,4205.0,4176.026,4191.923,4194.103,4207.436,4207.051,4201.154,4186.538,4157.564,4207.308,4200.769,разжать руку
55,4173.205,4179.872,4188.974,4202.308,4180.256,4189.615,4188.974,4202.564,4207.692,4207.692,4190.513,4157.564,4210.513,4203.974,разжать руку
55,4157.436,4172.564,4176.026,4191.154,4173.846,4187.692,4192.308,4192.308,4198.462,4201.538,4188.462,4157.051,4206.795,4200.513,разжать руку
55,4151.923,4172.179,4172.051,4190.0,4175.641,4190.385,4187.051,4198.205,4200.128,4206.923,4186.795,4160.641,4206.923,4200.128,разжать руку
55,4163.718,4173.205,4174.487,4192.564,4183.974,4192.308,4183.333,4193.462,4201.026,4210.897,4187.179,4161.154,4205.256,4199.231,разжать руку
55,4169.103,4169.103,4170.385,4189.744,4176.667,4193.205,4191.795,4186.667,4193.974,4194.487,4181.538,4157.564,4197.436,4194.872,разжать руку
55,4162.308,4167.179,4170.641,4191.282,4163.718,4191.41,4194.103,4206.667,4200.385,4189.615,4177.051,4161.538,4197.692,4195.385,разжать руку
55,4157.692,4166.41,4175.128,4191.154,4167.308,4184.103,4186.667,4210.769,4203.077,4195.256,4180.513,4166.667,4200.641,4197.308,разжать руку
55,4154.103,4164.359,4172.179,4187.051,4174.487,4178.205,4182.308,4188.462,4191.538,4184.103,4183.333,4165.128,4197.692,4197.308,разжать руку
55,4150.128,4168.974,4170.0,4188.718,4175.256,4183.59,4182.821,4191.282,4193.846,4179.487,4185.641,4161.923,4200.897,4197.308,разжать руку
55,4148.974,4176.795,4171.026,4192.821,4181.538,4190.385,4186.41,4203.846,4206.795,4196.154,4193.59,4163.846,4208.718,4201.154,разжать руку
55,4155.641,4181.282,4168.205,4192.949,4189.487,4192.436,4191.41,4197.949,4208.59,4213.718,4205.641,4169.231,4217.179,4207.308,разжать руку
55,4165.0,4185.769,4169.615,4191.026,4189.359,4194.744,4199.744,4199.872,4211.154,4223.077,4215.128,4173.077,4223.462,4208.59,разжать руку
55,4170.641,4185.128,4176.923,4193.59,4186.667,4199.103,4208.718,4218.205,4221.923,4229.487,4220.256,4174.487,4224.103,4210.385,разжать руку
55,4173.974,4183.205,4181.282,4198.205,4190.385,4205.256,4213.718,4222.179,4223.846,4232.692,4222.436,4171.667,4224.487,4212.564,разжать руку
55,4174.872,4186.538,4181.538,4201.538,4191.026,4203.205,4210.897,4208.974,4214.359,4229.487,4222.051,4167.436,4225.769,4207.051,разжать руку
55,4171.026,4191.41,4182.692,4206.282,4187.564,4193.333,4200.128,4204.103,4206.923,4222.436,4215.513,4163.974,4224.103,4201.538,разжать руку
55,4166.026,4186.538,4179.103,4204.744,4183.462,4193.974,4192.949,4205.897,4207.051,4211.026,4203.333,4157.179,4216.538,4199.872,разжать руку
55,4159.744,4175.641,4171.923,4194.231,4177.821,4200.641,4195.769,4201.282,4208.077,4196.667,4198.077,4152.949,4203.718,4197.949,разжать руку
55,4157.051,4173.846,4175.256,4193.59,4177.564,4194.615,4191.667,4195.769,4203.333,4191.923,4201.026,4157.949,4201.026,4201.154,разжать руку
55,4160.513,4178.077,4181.026,4202.051,4180.256,4185.641,4178.077,4193.846,4194.872,4195.385,4202.436,4160.0,4209.487,4201.538,разжать руку
55,4156.795,4175.897,4174.615,4199.615,4178.205,4186.026,4179.744,4195.385,4195.769,4189.615,4200.385,4154.487,4207.051,4193.462,разжать руку
55,4155.641,4173.59,4169.615,4192.179,4176.026,4186.923,4187.179,4196.282,4199.231,4186.538,4198.718,4150.769,4199.872,4192.436,разжать руку
55,4163.462,4179.103,4175.0,4195.897,4181.282,4181.026,4178.59,4199.231,4198.718,4199.744,4198.846,4153.974,4207.564,4203.077,разжать руку
55,4164.615,4185.769,4181.282,4201.282,4186.282,4176.667,4174.231,4203.846,4202.179,4211.154,4202.821,4161.282,4217.179,4207.564,разжать руку
55,4160.641,4184.231,4184.103,4197.564,4180.769,4185.385,4191.154,4207.564,4208.462,4209.615,4207.308,4165.256,4213.333,4200.128,разжать руку
55,4167.821,4183.718,4189.359,4196.154,4176.923,4197.179,4201.154,4216.923,4215.0,4210.769,4207.949,4166.795,4212.436,4201.667,разжать руку
55,4175.385,4188.077,4194.487,4200.513,4178.718,4198.59,4202.051,4218.205,4215.897,4217.821,4206.026,4164.103,4219.744,4207.821,разжать руку
55,4169.359,4184.231,4190.641,4198.462,4176.41,4192.821,4208.205,4201.795,4207.821,4213.718,4201.282,4161.667,4215.897,4203.462,разжать руку
55,4169.231,4177.308,4188.718,4194.744,4176.41,4189.744,4194.103,4196.667,4204.872,4207.692,4199.231,4163.462,4206.154,4202.436,разжать руку
55,4174.359,4180.513,4192.308,4195.513,4180.641,4188.974,4168.462,4203.462,4209.231,4210.385,4202.949,4160.897,4208.718,4206.795,разжать руку
55,4173.974,4182.051,4186.282,4198.846,4178.205,4189.359,4175.256,4196.41,4205.897,4205.0,4200.385,4159.744,4210.128,4204.487,разжать руку
55,4170.0,4180.0,4178.59,4200.641,4181.026,4192.821,4199.615,4191.667,4199.615,4193.974,4193.846,4160.641,4203.59,4199.487,разжать руку
55,4169.359,4184.872,4181.282,4198.846,4190.0,4190.897,4191.538,4198.205,4201.538,4196.282,4195.897,4158.462,4206.026,4202.179,разжать руку
55,4171.41,4186.282,4184.615,4196.667,4187.051,4189.615,4173.205,4199.359,4205.769,4208.077,4201.538,4159.359,4213.077,4205.897,разжать руку
55,4167.692,4179.103,4180.256,4198.333,4181.667,4195.513,4184.359,4198.718,4203.846,4211.282,4200.0,4160.769,4210.769,4204.231,разжать руку
55,4167.692,4181.538,4180.513,4200.385,4187.179,4194.103,4197.051,4198.718,4200.513,4205.128,4198.333,4159.487,4212.821,4204.359,разжать руку
55,4177.179,4191.282,4190.641,4202.051,4187.179,4191.026,4196.026,4208.974,4208.205,4208.846,4200.128,4162.949,4219.744,4207.179,разжать руку
55,4183.462,4190.128,4197.308,4204.487,4177.692,4200.0,4200.385,4225.128,4220.256,4219.615,4201.795,4170.769,4217.308,4209.487,разжать руку
55,4185.769,4189.487,4199.487,4206.923,4175.641,4203.077,4200.897,4210.0,4212.051,4215.0,4203.846,4171.795,4216.667,4211.282,разжать руку
55,4190.128,4193.846,4199.359,4205.0,4181.41,4191.282,4187.564,4188.974,4195.897,4205.641,4203.974,4165.513,4220.385,4208.077,разжать руку
55,4184.615,4184.359,4191.667,4201.026,4176.154,4190.385,4193.333,4207.692,4203.718,4202.821,4200.897,4166.154,4213.205,4206.026,разжать руку
55,4179.487,4178.846,4190.128,4205.385,4175.897,4198.974,4198.462,4216.41,4210.256,4198.59,4199.359,4172.436,4207.821,4210.128,разжать руку
55,4186.282,4188.974,4194.872,4211.282,4189.103,4191.41,4173.718,4197.051,4198.59,4198.59,4200.256,4170.0,4213.974,4209.872,разжать руку
55,4180.385,4186.538,4186.795,4208.077,4189.231,4183.846,4168.333,4206.41,4200.385,4202.179,4199.487,4164.744,4214.615,4202.949,разжать руку
55,4172.436,4181.41,4180.256,4205.385,4185.256,4190.385,4189.872,4213.974,4208.333,4200.385,4199.359,4162.051,4210.641,4198.59,разжать руку
55,4181.282,4191.538,4185.128,4207.821,4192.564,4197.564,4189.103,4184.615,4197.436,4195.513,4196.41,4157.308,4211.026,4201.026,разжать руку
55,4181.026,4189.872,4183.974,4205.513,4191.538,4197.564,4181.538,4183.205,4195.641,4196.41,4190.128,4158.077,4209.103,4204.872,разжать руку
55,4174.744,4179.615,4180.897,4200.769,4181.923,4195.641,4192.308,4210.256,4210.385,4201.282,4191.154,4163.974,4207.949,4204.615,разжать руку
55,4181.41,4187.179,4183.59,4199.872,4185.769,4197.308,4199.103,4210.769,4208.205,4202.564,4198.462,4166.282,4212.821,4203.333,разжать руку
55,4187.692,4194.744,4185.897,4201.282,4192.949,4196.026,4196.795,4208.974,4205.769,4203.974,4201.667,4167.436,4219.487,4204.359,разжать руку
55,4191.282,4193.462,4193.333,4205.769,4190.769,4194.231,4194.744,4219.615,4212.821,4211.026,4201.795,4171.41,4225.128,4208.974,разжать руку
55,4196.795,4196.795,4202.051,4208.333,4192.949,4197.821,4191.282,4209.231,4203.718,4213.077,4205.0,4170.641,4226.154,4211.154,разжать руку
55,4188.718,4191.41,4195.0,4203.205,4194.487,4198.718,4192.051,4191.282,4191.923,4198.718,4199.744,4164.103,4216.282,4202.051,разжать руку
55,4174.615,4179.615,4184.615,4198.077,4192.949,4192.692,4188.974,4193.59,4200.256,4188.462,4189.872,4162.436,4205.769,4195.385,разжать руку
55,4172.051,4182.436,4183.205,4201.41,4196.667,4195.385,4180.0,4205.641,4206.154,4197.308,4192.821,4163.462,4207.436,4199.615,разжать руку
55,4173.974,4190.128,4180.897,4205.513,4200.0,4205.513,4181.41,4206.41,4198.333,4201.538,4197.308,4162.692,4213.205,4201.41,разжать руку
55,4177.436,4192.821,4186.154,4205.0,4199.103,4202.051,4188.205,4199.744,4200.0,4197.821,4191.923,4163.59,4213.974,4201.795,разжать руку
55,4180.0,4191.154,4192.051,4201.41,4195.0,4194.359,4188.718,4194.487,4202.692,4194.103,4185.128,4160.0,4208.205,4202.949,разжать руку
55,4171.923,4184.872,4181.282,4195.641,4190.385,4192.308,4189.872,4191.41,4193.718,4186.538,4184.359,4154.615,4201.154,4202.692,разжать руку
55,4164.872,4184.487,4169.744,4192.692,4192.308,4193.846,4195.385,4194.615,4194.872,4189.615,4188.462,4156.026,4205.385,4202.949,разжать руку
55,4172.692,4190.641,4172.436,4196.282,4200.385,4201.154,4203.462,4210.385,4213.59,4207.692,4195.385,4162.436,4218.974,4207.179,разжать руку
55,4187.179,4195.256,4181.154,4206.154,4205.513,4205.256,4205.513,4216.538,4218.59,4215.385,4202.949,4165.897,4225.641,4210.128,разжать руку
55,4194.615,4197.949,4188.462,4210.769,4201.282,4197.949,4201.41,4207.308,4202.949,4208.333,4199.744,4163.59,4219.103,4207.308,разжать руку
55,4194.231,4194.744,4194.103,4206.282,4192.308,4190.0,4200.769,4210.897,4198.718,4202.436,4188.974,4163.205,4211.667,4205.897,разжать руку
55,4191.538,4194.744,4195.897,4205.513,4194.744,4196.667,4202.436,4207.949,4205.897,4201.154,4187.308,4165.128,4214.103,4206.667,разжать руку
55,4185.128,4196.026,4187.821,4203.462,4204.359,4206.41,4200.0,4187.692,4200.641,4196.795,4194.231,4159.487,4215.0,4204.231,разжать руку
55,4179.103,4187.692,4172.821,4195.385,4202.564,4205.0,4200.769,4189.487,4189.231,4187.436,4189.359,4152.821,4207.051,4201.282,разжать руку
55,4180.256,4183.974,4168.077,4192.308,4199.744,4200.769,4201.923,4200.0,4189.615,4179.744,4179.744,4152.949,4203.333,4201.41,разжать руку
55,4185.641,4193.462,4178.462,4199.744,4204.615,4200.0,4197.692,4194.359,4194.487,4186.795,4188.077,4160.385,4211.795,4207.692,разжать руку
55,4190.385,4200.513,4191.026,4205.641,4203.718,4201.667,4193.974,4205.769,4203.59,4205.513,4200.641,4166.795,4221.026,4212.564,разжать руку
56,4186.154,4190.513,4186.154,4196.538,4200.0,4202.821,4204.615,4214.231,4209.103,4203.205,4196.026,4162.564,4222.436,4209.615,сжать руку
56,4188.077,4188.077,4188.846,4197.051,4199.359,4205.0,4210.897,4212.692,4211.538,4210.128,4197.692,4162.436,4219.744,4211.923,сжать руку
56,4194.615,4192.692,4196.282,4203.59,4198.077,4203.846,4203.462,4206.41,4210.641,4212.692,4194.231,4156.41,4214.744,4206.795,сжать руку
56,4192.308,4196.795,4195.513,4207.436,4196.667,4198.59,4201.154,4193.333,4202.564,4202.821,4193.077,4156.667,4214.615,4206.41,сжать руку
56,4189.103,4195.256,4197.692,4207.821,4198.846,4194.103,4210.385,4198.846,4201.154,4202.692,4198.462,4165.128,4216.41,4211.923,сжать руку
56,4189.615,4194.872,4201.538,4205.256,4203.974,4193.333,4212.308,4214.744,4207.821,4208.077,4192.949,4167.436,4216.154,4211.667,сжать руку
56,4187.821,4199.487,4196.154,4203.59,4205.641,4196.026,4206.154,4219.103,4207.436,4205.385,4188.59,4161.538,4218.333,4206.667,сжать руку
56,4187.564,4204.615,4191.795,4205.513,4205.385,4203.59,4203.718,4205.385,4195.897,4201.41,4195.385,4157.179,4220.385,4205.385,сжать руку
56,4190.641,4208.205,4194.359,4207.179,4209.744,4208.846,4207.692,4189.359,4188.846,4199.359,4196.026,4156.795,4218.974,4208.59,сжать руку
56,4189.359,4208.718,4195.385,4204.744,4212.436,4201.41,4206.795,4194.103,4194.231,4202.179,4194.615,4158.205,4221.41,4210.385,сжать руку
56,4182.564,4202.051,4193.846,4198.59,4207.051,4193.333,4198.205,4211.538,4205.641,4208.077,4200.769,4161.154,4223.846,4208.59,сжать руку
56,4174.359,4196.282,4191.41,4196.667,4202.564,4200.128,4200.128,4207.051,4202.692,4204.231,4195.256,4158.462,4217.821,4204.231,сжать руку
56,4174.103,4200.897,4193.718,4201.154,4204.103,4205.385,4207.564,4199.615,4194.872,4196.41,4182.692,4151.923,4211.154,4202.949,сжать руку
56,4184.103,4202.821,4201.41,4206.41,4205.897,4200.128,4204.615,4209.231,4201.282,4197.051,4182.949,4154.487,4209.744,4206.795,сжать руку
56,4191.026,4199.744,4205.385,4206.667,4205.897,4201.282,4198.462,4211.282,4204.359,4201.282,4189.487,4161.923,4212.949,4207.436,сжать руку
56,4195.0,4205.128,4208.077,4208.077,4210.0,4204.487,4196.154,4205.897,4200.128,4202.179,4196.154,4164.872,4217.692,4205.897,сжать руку
56,4198.974,4212.308,4211.282,4211.795,4214.487,4200.769,4199.359,4213.462,4205.513,4206.282,4200.769,4162.821,4224.359,4209.744,сжать руку
56,4199.872,4212.179,4209.359,4208.333,4212.949,4201.41,4206.538,4228.846,4218.718,4219.615,4205.641,4163.59,4230.128,4214.615,сжать руку
56,4202.179,4213.974,4211.538,4206.154,4216.154,4205.769,4206.41,4222.051,4218.333,4227.436,4212.692,4168.59,4230.256,4214.231,сжать руку
56,4202.949,4216.41,4217.051,4210.0,4221.41,4205.769,4197.308,4198.205,4204.744,4218.205,4213.846,4164.231,4223.59,4209.487,сжать руку
56,4196.795,4209.487,4213.59,4207.179,4214.615,4205.128,4191.923,4189.103,4196.026,4205.513,4205.385,4157.179,4219.231,4207.436,сжать руку
56,4190.385,4197.821,4208.333,4200.897,4208.846,4201.923,4192.692,4197.179,4198.59,4202.692,4202.436,4158.974,4218.077,4207.692,сжать руку
56,4185.641,4194.744,4206.667,4198.205,4210.256,4192.949,4195.769,4202.821,4208.205,4205.256,4210.641,4161.538,4215.385,4205.897,сжать руку
56,4182.051,4205.256,4204.872,4195.769,4205.897,4192.436,4196.667,4199.359,4206.795,4206.795,4215.0,4161.923,4213.333,4205.0,сжать руку
56,4186.538,4214.359,4208.333,4196.538,4204.615,4202.179,4195.897,4197.436,4199.359,4201.282,4207.692,4160.641,4210.769,4203.333,сжать руку
56,4191.538,4208.718,4211.538,4203.205,4214.359,4206.795,4201.026,4202.308,4203.205,4190.897,4199.744,4157.564,4208.205,4202.308,сжать руку
56,4193.205,4203.846,4208.974,4205.513,4217.949,4205.385,4201.667,4205.128,4207.436,4189.872,4205.641,4156.538,4213.205,4204.744,сжать руку
56,4203.59,4213.333,4213.974,4204.359,4211.026,4203.718,4191.923,4199.872,4205.641,4204.231,4214.231,4160.128,4224.231,4208.974,сжать руку
56,4221.538,4229.103,4226.154,4213.462,4212.308,4201.667,4189.231,4205.128,4207.821,4220.769,4218.718,4166.282,4232.308,4216.282,сжать руку
56,4234.872,4241.795,4235.256,4225.128,4220.385,4202.051,4199.231,4217.949,4216.282,4224.487,4224.359,4168.077,4240.0,4222.436,сжать руку
56,4244.103,4248.205,4245.128,4225.641,4214.744,4203.333,4204.615,4207.949,4211.154,4214.615,4225.897,4166.026,4243.462,4223.718,сжать руку
56,4252.051,4254.744,4255.256,4223.59,4207.179,4202.308,4200.513,4198.974,4202.436,4216.154,4225.128,4170.641,4240.385,4228.333,сжать руку
56,4259.744,4256.282,4259.103,4225.128,4211.154,4202.051,4203.846,4218.333,4212.308,4232.564,4230.513,4179.615,4246.026,4232.692,сжать руку
56,4260.128,4248.462,4253.462,4220.769,4213.59,4201.282,4208.077,4216.154,4213.718,4231.41,4235.128,4177.051,4254.615,4229.487,сжать руку
56,4255.256,4247.308,4247.051,4215.128,4215.128,4202.179,4203.333,4193.59,4201.795,4223.718,4233.462,4172.821,4253.462,4224.872,сжать руку
56,4254.487,4250.897,4246.667,4217.179,4218.59,4202.179,4197.949,4205.0,4206.667,4235.385,4232.949,4178.462,4251.282,4224.231,сжать руку
56,4249.615,4242.692,4245.0,4215.128,4212.436,4202.692,4201.41,4218.333,4216.41,4236.282,4228.205,4175.385,4247.821,4220.769,сжать руку
56,4233.974,4230.769,4234.744,4210.385,4207.179,4203.718,4205.0,4198.974,4207.821,4215.513,4217.436,4163.077,4234.872,4213.333,сжать руку
56,4226.41,4234.103,4226.923,4211.026,4216.41,4198.974,4192.436,4191.538,4201.154,4209.872,4211.154,4161.923,4227.308,4210.897,сжать руку
56,4233.205,4239.872,4226.41,4215.641,4218.846,4194.615,4180.641,4210.641,4211.795,4223.59,4210.641,4166.41,4231.41,4212.564,сжать руку
56,4231.538,4233.077,4223.974,4217.308,4210.128,4198.077,4180.641,4216.026,4215.897,4226.795,4210.897,4163.846,4228.846,4211.795,сжать руку
56,4222.051,4223.718,4225.128,4215.0,4210.0,4202.949,4187.179,4203.59,4210.128,4220.513,4206.41,4161.282,4223.205,4211.026,сжать руку
56,4215.385,4215.385,4223.333,4210.385,4214.744,4202.179,4193.846,4193.205,4199.487,4213.462,4198.205,4156.923,4218.333,4204.231,сжать руку
56,4209.231,4207.692,4212.436,4207.051,4213.077,4203.59,4189.359,4191.795,4193.846,4205.128,4194.744,4152.949,4208.077,4198.974,сжать руку
56,4204.231,4206.795,4208.462,4206.667,4211.923,4209.231,4191.026,4201.667,4207.051,4207.436,4199.744,4158.333,4206.026,4204.487,сжать руку
56,4200.128,4209.744,4212.179,4204.487,4216.282,4208.974,4205.128,4210.0,4217.949,4218.077,4205.769,4163.333,4217.308,4208.59,сжать руку
56,4200.513,4211.026,4215.0,4206.282,4222.051,4207.308,4204.231,4214.359,4213.718,4222.692,4208.846,4164.872,4226.667,4209.615,сжать руку
56,4203.846,4219.231,4221.026,4211.282,4228.333,4210.641,4188.077,4205.897,4201.795,4217.821,4207.821,4165.641,4222.308,4209.615,сжать руку
56,4204.487,4223.846,4223.205,4210.513,4223.846,4208.462,4182.179,4192.308,4197.949,4210.128,4204.872,4163.205,4216.154,4208.205,сжать руку
56,4203.846,4214.615,4215.385,4209.231,4213.205,4199.872,4190.128,4197.179,4202.436,4206.667,4203.974,4160.641,4215.897,4209.231,сжать руку
56,4201.154,4207.692,4208.59,4209.103,4212.821,4200.641,4191.667,4196.538,4198.974,4198.59,4198.846,4156.923,4211.41,4206.026,сжать руку
56,4195.256,4207.692,4206.538,4207.564,4213.59,4205.513,4182.949,4185.385,4193.077,4191.026,4195.897,4156.282,4209.231,4204.231,сжать руку
56,4197.949,4208.462,4211.923,4208.077,4210.897,4202.564,4182.179,4197.692,4203.205,4205.513,4200.769,4165.256,4214.487,4212.564,сжать руку
56,4211.923,4212.179,4221.795,4216.026,4217.821,4202.179,4192.308,4220.128,4218.974,4226.795,4203.462,4172.308,4217.436,4216.154,сжать руку
56,4214.231,4214.487,4225.0,4223.974,4230.385,4207.821,4197.308,4212.179,4212.308,4223.462,4200.385,4168.846,4216.795,4211.026,сжать руку
56,4208.846,4212.436,4227.051,4223.59,4229.103,4210.256,4198.333,4202.436,4203.718,4213.974,4203.462,4167.692,4218.718,4213.59,сжать руку
56,4208.59,4210.256,4229.615,4217.692,4221.154,4210.897,4212.051,4223.59,4216.282,4222.051,4212.949,4173.974,4220.128,4219.487,сжать руку
56,4206.41,4204.744,4225.897,4213.077,4222.949,4217.564,4218.333,4226.667,4219.872,4228.077,4216.667,4171.026,4218.205,4213.205,сжать руку
56,4200.769,4197.308,4220.128,4211.41,4224.872,4218.333,4197.821,4211.538,4214.231,4225.513,4215.769,4162.436,4215.513,4205.769,сжать руку
56,4196.282,4196.154,4217.949,4210.0,4218.205,4211.026,4187.692,4213.846,4213.974,4218.077,4209.744,4163.59,4208.462,4206.923,сжать руку
56,4192.564,4193.59,4211.154,4206.923,4211.154,4208.846,4197.821,4204.615,4202.436,4202.179,4201.41,4162.051,4204.359,4205.0,сжать руку
56,4192.821,4191.923,4204.487,4209.615,4213.462,4209.359,4199.231,4187.564,4193.718,4197.436,4206.41,4161.282,4209.872,4204.487,сжать руку
56,4202.308,4204.359,4213.974,4220.897,4222.564,4208.974,4192.308,4213.59,4215.641,4220.769,4220.128,4172.179,4218.974,4215.513,сжать руку
56,4210.513,4213.974,4226.282,4223.718,4226.538,4213.462,4200.513,4232.051,4222.821,4232.308,4220.128,4174.359,4223.333,4220.897,сжать руку
56,4214.359,4211.154,4227.308,4221.41,4220.641,4219.487,4217.051,4202.821,4202.821,4215.256,4213.333,4167.692,4223.462,4213.718,сжать руку
56,4221.795,4213.59,4231.795,4226.667,4217.949,4213.077,4212.564,4205.641,4212.692,4217.949,4216.282,4169.487,4220.769,4211.923,сжать руку
56,4222.949,4216.923,4239.487,4228.846,4221.538,4202.179,4192.821,4230.128,4229.103,4232.564,4219.359,4173.205,4216.795,4216.923,сжать руку
56,4212.564,4211.923,4233.846,4221.923,4221.795,4201.41,4187.564,4219.231,4215.897,4224.872,4216.667,4168.462,4217.051,4214.744,сжать руку
56,4207.692,4207.564,4224.359,4218.205,4218.077,4204.744,4202.692,4211.154,4210.385,4217.436,4214.615,4164.487,4217.564,4209.615,сжать руку
56,4213.077,4206.154,4226.923,4220.385,4214.103,4209.231,4206.795,4217.179,4216.026,4221.026,4212.308,4166.795,4211.538,4212.436,сжать руку
56,4210.513,4203.974,4230.513,4217.436,4215.128,4214.872,4198.077,4207.821,4208.846,4218.077,4210.897,4164.744,4210.128,4213.205,сжать руку
56,4200.513,4201.41,4225.769,4210.897,4216.923,4213.846,4203.718,4200.128,4205.897,4211.795,4208.59,4160.513,4213.59,4207.949,сжать руку
56,4200.385,4202.821,4222.692,4210.128,4213.333,4208.462,4212.692,4215.641,4220.897,4215.513,4208.718,4160.769,4212.821,4208.59,сжать руку
56,4206.795,4207.436,4223.59,4212.564,4215.641,4212.436,4204.615,4219.615,4221.923,4215.769,4210.897,4159.103,4211.282,4211.154,сжать руку
56,4208.846,4205.385,4219.615,4210.256,4222.051,4216.923,4188.077,4206.154,4206.154,4207.692,4208.718,4159.744,4211.795,4211.538,сжать руку
56,4205.897,4194.231,4216.667,4207.692,4216.667,4210.897,4194.231,4206.154,4205.641,4203.462,4206.41,4161.538,4210.641,4210.897,сжать руку
56,4200.513,4189.359,4219.359,4206.667,4208.974,4204.615,4209.487,4211.667,4212.821,4205.769,4212.051,4159.872,4210.256,4211.41,сжать руку
56,4201.923,4201.282,4224.615,4206.795,4217.821,4206.026,4198.59,4207.051,4209.487,4215.769,4219.487,4161.923,4218.077,4213.59,сжать руку
56,4210.897,4212.564,4228.718,4215.385,4226.795,4208.846,4183.718,4208.846,4210.128,4227.692,4217.821,4165.897,4227.051,4213.974,сжать руку
56,4218.077,4215.513,4228.462,4224.103,4221.026,4209.359,4188.846,4216.667,4216.538,4231.923,4216.282,4166.026,4226.795,4214.231,сжать руку
56,4218.718,4220.0,4225.897,4223.205,4217.436,4210.128,4196.154,4212.821,4212.949,4227.692,4217.308,4161.282,4219.487,4212.179,сжать руку
56,4216.154,4222.179,4225.769,4221.282,4221.282,4207.308,4196.282,4214.359,4212.436,4222.692,4214.744,4160.897,4215.128,4208.718,сжать руку
56,4213.846,4218.205,4226.154,4221.154,4222.564,4206.667,4203.462,4228.333,4217.949,4225.897,4215.641,4166.795,4219.872,4213.462,сжать руку
56,4206.538,4213.718,4220.897,4216.026,4217.692,4210.897,4203.462,4219.231,4208.59,4226.026,4216.795,4164.744,4220.897,4215.897,сжать руку
56,4197.821,4209.872,4216.41,4210.897,4211.41,4208.846,4192.692,4206.41,4205.769,4218.718,4211.282,4161.026,4215.0,4209.615,сжать руку
56,4202.436,4208.077,4222.692,4214.103,4217.436,4207.564,4198.974,4216.026,4218.846,4221.41,4209.359,4165.256,4217.179,4207.564,сжать руку
56,4212.179,4211.667,4227.692,4219.103,4226.41,4213.59,4207.436,4221.154,4219.487,4229.231,4212.949,4163.59,4224.615,4211.538,сжать руку
56,4207.179,4209.744,4219.487,4221.538,4220.256,4217.051,4203.462,4213.333,4211.282,4220.256,4208.718,4156.282,4218.462,4210.641,сжать руку
56,4201.026,4207.308,4215.641,4223.333,4213.974,4219.231,4207.436,4208.333,4207.308,4211.923,4205.256,4157.564,4211.282,4207.308,сжать руку
56,4210.385,4216.795,4223.59,4224.231,4223.333,4218.846,4212.308,4210.769,4205.769,4223.205,4214.487,4163.846,4220.641,4210.256,сжать руку
56,4218.333,4226.795,4228.333,4228.974,4232.436,4215.128,4202.564,4217.436,4211.667,4232.821,4220.513,4168.59,4230.385,4216.282,сжать руку
56,4218.205,4226.538,4229.744,4233.974,4228.846,4215.769,4195.513,4222.949,4220.385,4231.282,4216.667,4171.154,4230.256,4216.282,сжать руку
56,4215.128,4218.974,4231.41,4229.872,4222.692,4217.821,4201.795,4218.333,4213.462,4225.769,4214.744,4169.231,4227.821,4212.564,сжать руку
56,4211.026,4210.128,4226.923,4222.949,4224.872,4217.821,4208.077,4209.487,4202.179,4219.487,4214.615,4163.462,4227.179,4209.872,сжать руку
56,4208.333,4207.436,4219.103,4223.846,4230.641,4217.564,4210.513,4218.59,4211.538,4220.256,4213.718,4163.718,4224.103,4209.615,сжать руку
56,4207.692,4209.103,4214.359,4227.179,4230.385,4220.256,4211.026,4227.179,4223.205,4228.846,4216.41,4170.256,4223.205,4211.667,сжать руку
56,4202.949,4205.0,4211.026,4224.231,4224.359,4220.897,4214.103,4215.385,4218.333,4228.974,4216.154,4168.974,4221.667,4210.256,сжать руку
56,4199.487,4200.385,4210.513,4221.795,4221.538,4217.564,4220.0,4208.077,4214.487,4220.0,4215.0,4164.872,4217.308,4209.359,сжать руку
56,4204.231,4204.872,4216.923,4224.103,4227.179,4215.897,4219.487,4214.231,4220.513,4223.205,4222.949,4168.205,4223.974,4211.154,сжать руку
56,4208.205,4208.718,4222.821,4225.513,4234.744,4220.256,4210.513,4213.846,4218.974,4236.538,4233.462,4174.872,4231.795,4212.692,сжать руку
57,4199.744,4199.231,4215.0,4210.513,4228.205,4212.308,4217.051,4227.308,4225.513,4229.359,4226.154,4167.179,4222.051,4205.513,разжать руку
57,4202.051,4202.179,4216.538,4210.769,4224.615,4209.744,4221.795,4216.026,4215.128,4220.513,4228.205,4165.0,4219.359,4204.359,разжать руку
57,4212.308,4212.949,4226.538,4223.974,4228.462,4216.41,4214.103,4196.923,4200.0,4220.256,4230.769,4173.077,4223.974,4212.051,разжать руку
57,4215.641,4213.974,4228.59,4225.769,4226.538,4214.359,4200.128,4209.615,4210.128,4219.744,4231.41,4175.385,4227.564,4215.769,разжать руку
57,4209.231,4207.051,4223.59,4214.103,4222.179,4206.667,4200.513,4223.205,4222.308,4217.051,4234.615,4169.872,4223.718,4213.974,разжать руку
57,4211.795,4211.538,4225.769,4214.872,4224.103,4206.026,4208.59,4208.718,4214.231,4219.872,4238.462,4168.462,4224.231,4214.744,разжать руку
57,4217.179,4215.769,4229.744,4222.051,4223.462,4212.821,4213.205,4203.59,4210.897,4223.205,4237.821,4172.179,4232.564,4216.282,разжать руку
57,4209.872,4209.359,4228.846,4217.692,4218.974,4214.872,4221.538,4225.385,4220.513,4224.487,4234.103,4170.769,4231.026,4213.462,разжать руку
57,4204.359,4204.103,4226.026,4210.897,4218.974,4205.128,4219.103,4229.231,4221.923,4225.385,4231.282,4164.359,4221.154,4211.026,разжать руку
57,4213.462,4206.026,4227.436,4212.949,4219.359,4199.615,4199.359,4209.615,4217.308,4222.436,4229.231,4164.231,4218.974,4213.462,разжать руку
57,4219.359,4207.436,4233.205,4217.051,4217.949,4207.692,4196.41,4208.974,4214.487,4217.436,4228.333,4169.103,4220.256,4213.333,разжать руку
57,4217.821,4207.949,4234.744,4214.872,4220.385,4210.897,4209.487,4220.128,4215.513,4218.333,4230.769,4171.667,4221.795,4211.923,разжать руку
57,4222.821,4210.513,4230.641,4215.385,4223.974,4205.513,4207.436,4221.923,4217.692,4226.795,4234.487,4170.641,4224.872,4214.872,разжать руку
57,4227.051,4210.385,4228.59,4214.103,4221.026,4208.205,4203.077,4216.282,4216.538,4230.769,4232.949,4166.667,4226.282,4214.872,разжать руку
57,4226.154,4210.641,4231.154,4209.231,4217.949,4215.641,4210.641,4213.974,4213.59,4230.513,4232.051,4165.256,4230.897,4213.846,разжать руку
57,4227.949,4213.718,4233.59,4211.538,4224.359,4215.256,4210.256,4219.487,4217.436,4234.359,4234.359,4168.718,4233.718,4215.513,разжать руку
57,4230.0,4216.154,4235.128,4216.923,4230.769,4210.641,4202.436,4225.897,4226.795,4241.154,4236.026,4173.205,4233.974,4220.897,разжать руку
57,4226.154,4212.179,4234.231,4212.949,4226.795,4214.359,4208.333,4227.051,4227.692,4246.923,4237.436,4171.795,4236.026,4222.949,разжать руку
57,4217.692,4204.487,4225.0,4204.231,4218.205,4214.231,4208.462,4218.205,4217.308,4238.718,4231.026,4162.564,4233.077,4213.974,разжать руку
57,4213.59,4200.256,4214.744,4204.231,4213.974,4199.231,4188.59,4210.641,4212.436,4221.026,4219.359,4159.615,4224.103,4207.821,разжать руку
57,4217.179,4200.256,4217.949,4205.641,4213.718,4196.154,4180.897,4208.974,4218.462,4215.769,4215.0,4163.846,4220.897,4209.487,разжать руку
57,4215.128,4199.103,4219.744,4201.923,4211.026,4208.846,4191.795,4208.846,4216.41,4219.231,4216.667,4165.0,4222.564,4208.718,разжать руку
57,4204.359,4196.282,4210.128,4202.692,4207.949,4206.41,4192.821,4211.41,4206.923,4215.769,4215.385,4163.205,4220.128,4205.513,разжать руку
57,4202.179,4201.154,4205.385,4204.872,4212.308,4195.641,4188.205,4209.103,4207.949,4217.564,4216.154,4165.128,4222.949,4206.923,разжать руку
57,4210.897,4207.692,4206.795,4205.513,4216.667,4204.359,4201.923,4204.744,4207.949,4223.974,4219.872,4168.974,4225.769,4208.974,разжать руку
57,4215.769,4209.615,4209.615,4206.026,4215.128,4213.846,4210.128,4207.949,4206.538,4218.846,4220.0,4167.179,4223.077,4206.154,разжать руку
57,4216.282,4210.897,4220.128,4207.051,4215.769,4204.615,4196.667,4213.718,4212.564,4215.769,4217.308,4166.026,4223.205,4205.256,разжать руку
57,4213.462,4207.821,4225.385,4207.949,4219.487,4199.744,4188.333,4209.615,4211.41,4220.256,4216.538,4170.385,4222.436,4210.897,разжать руку
57,4209.615,4202.051,4214.615,4202.564,4216.282,4204.231,4194.872,4213.077,4210.513,4223.59,4221.923,4172.692,4223.077,4214.487,разжать руку
57,4206.154,4201.667,4205.385,4196.923,4210.769,4203.333,4196.538,4222.436,4214.872,4223.077,4224.231,4170.769,4225.641,4208.718,разжать руку
57,4204.487,4203.974,4205.0,4199.872,4214.103,4204.231,4188.333,4213.59,4212.179,4217.051,4217.564,4169.231,4221.026,4206.795,разжать руку
57,4212.821,4205.385,4208.462,4207.821,4215.0,4208.846,4188.333,4203.59,4208.333,4210.641,4213.974,4169.744,4218.077,4214.359,разжать руку
57,4229.744,4214.872,4215.0,4211.795,4209.615,4206.282,4192.821,4208.462,4210.128,4209.231,4217.436,4171.538,4228.59,4221.154,разжать руку
57,4241.667,4228.59,4222.564,4217.051,4215.897,4203.718,4183.462,4208.205,4203.974,4214.359,4223.59,4171.795,4233.59,4224.231,разжать руку
57,4244.615,4232.051,4222.564,4220.0,4223.333,4206.923,4175.385,4198.846,4198.333,4215.769,4228.205,4171.923,4228.59,4225.385,разжать руку
57,4249.487,4233.718,4219.744,4217.821,4214.487,4206.923,4187.308,4198.462,4203.59,4211.154,4230.769,4175.385,4232.821,4226.154,разжать руку
57,4260.0,4242.308,4228.462,4224.231,4210.385,4202.692,4195.385,4205.256,4203.974,4213.205,4231.667,4175.641,4241.538,4226.923,разжать руку
57,4264.487,4249.103,4238.59,4233.59,4221.667,4200.769,4181.667,4210.641,4205.641,4226.795,4235.769,4175.0,4247.821,4229.744,разжать руку
57,4255.897,4242.564,4235.128,4230.897,4222.821,4197.564,4178.205,4206.538,4206.154,4230.0,4236.538,4174.103,4245.0,4225.0,разжать руку
57,4242.949,4227.179,4221.795,4218.077,4211.667,4196.923,4197.692,4201.667,4198.462,4216.41,4226.154,4170.897,4233.718,4214.487,разжать руку
57,4236.923,4223.333,4214.744,4213.077,4210.128,4201.667,4206.538,4214.487,4204.231,4216.154,4223.205,4171.795,4232.308,4213.077,разжать руку
57,4233.718,4224.872,4216.923,4215.897,4211.795,4201.538,4200.385,4217.308,4214.872,4227.564,4230.0,4173.974,4236.923,4217.179,разжать руку
57,4228.974,4214.487,4219.231,4214.103,4201.795,4194.872,4201.667,4207.692,4211.667,4226.923,4227.051,4175.256,4231.41,4217.692,разжать руку
57,4221.538,4206.154,4218.718,4211.026,4197.308,4192.436,4208.462,4216.923,4209.744,4222.179,4217.436,4176.026,4227.949,4213.333,разжать руку
57,4213.846,4207.308,4213.462,4210.0,4202.949,4200.128,4216.923,4220.641,4212.308,4220.0,4218.205,4173.974,4228.333,4209.615,разжать руку
57,4213.846,4205.128,4209.872,4209.103,4203.59,4205.641,4220.769,4213.974,4216.667,4219.872,4221.667,4172.308,4222.436,4211.538,разжать руку
57,4223.205,4202.949,4211.154,4208.205,4205.897,4205.128,4211.923,4217.949,4222.949,4226.923,4218.718,4173.205,4221.667,4212.051,разжать руку
57,4227.179,4206.41,4211.282,4211.667,4213.077,4205.385,4205.128,4212.949,4215.385,4230.641,4217.564,4173.462,4226.667,4208.718,разжать руку
57,4219.744,4205.641,4208.718,4214.103,4214.744,4204.615,4211.667,4202.692,4203.59,4219.744,4218.205,4168.59,4221.538,4206.026,разжать руку
57,4218.974,4204.359,4207.179,4212.821,4213.205,4203.077,4208.974,4208.077,4205.128,4206.923,4212.436,4167.051,4212.821,4206.795,разжать руку
57,4223.59,4202.308,4205.513,4210.0,4216.154,4210.641,4203.333,4211.538,4207.308,4200.256,4202.436,4169.231,4207.821,4205.897,разжать руку
57,4217.821,4197.692,4200.897,4207.821,4215.769,4219.231,4214.872,4210.256,4204.872,4198.846,4200.641,4166.026,4203.462,4202.949,разжать руку
57,4216.41,4201.795,4203.59,4210.256,4210.0,4204.615,4216.538,4212.949,4203.462,4208.718,4212.821,4166.026,4213.718,4207.308,разжать руку
57,4225.128,4211.538,4212.949,4213.462,4206.026,4190.385,4204.615,4210.769,4205.385,4224.872,4222.692,4172.051,4234.359,4214.231,разжать руку
57,4222.179,4208.718,4211.154,4209.231,4202.949,4197.308,4204.744,4213.718,4211.923,4228.333,4219.359,4172.949,4235.0,4214.103,разжать руку
57,4215.513,4199.872,4203.846,4203.59,4206.41,4205.513,4209.103,4222.308,4215.128,4221.026,4216.538,4170.641,4222.821,4213.59,разжать руку
57,4218.077,4201.154,4204.103,4206.154,4211.538,4204.744,4204.359,4216.026,4209.231,4218.205,4218.718,4165.897,4217.821,4211.154,разжать руку
57,4215.256,4205.513,4204.744,4211.923,4209.744,4201.923,4195.769,4206.795,4204.231,4215.641,4212.692,4159.615,4216.282,4207.692,разжать руку
57,4206.282,4205.513,4204.359,4212.308,4210.385,4203.462,4196.667,4212.692,4206.026,4213.974,4209.487,4165.513,4217.692,4210.641,разжать руку
57,4201.026,4201.026,4203.077,4205.256,4212.051,4207.179,4206.154,4215.0,4206.41,4214.359,4214.359,4171.923,4222.692,4212.949,разжать руку
57,4199.872,4201.154,4199.487,4203.974,4211.795,4210.769,4209.872,4206.795,4201.795,4212.179,4212.308,4167.308,4223.333,4211.41,разжать руку
57,4202.564,4209.359,4203.077,4212.564,4218.59,4211.282,4208.205,4209.231,4204.231,4219.103,4207.564,4166.282,4220.769,4209.103,разжать руку
57,4201.795,4210.128,4207.436,4214.615,4221.538,4210.513,4214.872,4217.821,4214.231,4227.051,4208.462,4168.333,4217.564,4206.923,разжать руку
57,4192.692,4204.231,4199.359,4207.436,4213.718,4212.564,4225.128,4215.897,4212.436,4216.795,4202.692,4164.487,4209.231,4203.205,разжать руку
57,4191.667,4205.641,4196.667,4205.897,4212.051,4208.974,4213.846,4212.949,4205.769,4210.256,4196.795,4164.231,4207.564,4201.795,разжать руку
57,4201.795,4211.538,4209.872,4210.513,4216.41,4205.128,4195.128,4217.949,4211.538,4222.949,4203.462,4172.564,4218.462,4208.846,разжать руку
57,4206.923,4210.641,4218.077,4210.641,4215.0,4210.128,4197.692,4216.667,4215.128,4223.462,4206.795,4176.282,4221.026,4212.436,разжать руку
57,4205.513,4202.821,4215.128,4207.051,4207.949,4209.359,4207.436,4209.615,4209.231,4206.923,4200.641,4172.308,4211.795,4206.538,разжать руку
57,4205.385,4200.641,4213.718,4205.256,4201.923,4201.41,4209.231,4208.59,4206.026,4204.744,4200.0,4171.667,4213.205,4207.949,разжать руку
57,4210.0,4209.487,4217.821,4207.821,4201.923,4201.923,4205.256,4204.615,4202.821,4212.692,4207.308,4173.333,4222.564,4215.0,разжать руку
57,4215.513,4216.795,4223.077,4213.846,4204.744,4203.846,4199.359,4200.385,4197.051,4207.692,4212.051,4174.487,4222.179,4214.359,разжать руку
57,4218.846,4215.385,4225.385,4217.179,4208.205,4197.436,4194.359,4209.615,4199.231,4203.333,4211.923,4175.513,4221.538,4212.949,разжать руку
57,4218.462,4212.821,4224.872,4214.103,4211.923,4194.359,4193.718,4221.026,4209.872,4213.077,4214.487,4175.897,4226.026,4215.897,разжать руку
57,4214.103,4211.154,4225.385,4210.385,4210.256,4196.667,4195.128,4219.359,4211.667,4220.513,4219.615,4175.641,4222.949,4216.154,разжать руку
57,4214.231,4209.615,4225.0,4214.359,4209.872,4202.564,4198.462,4210.128,4204.359,4219.487,4221.538,4174.103,4221.41,4212.436,разжать руку
57,4216.41,4211.026,4223.333,4218.59,4219.359,4211.154,4204.744,4206.026,4205.385,4221.667,4222.179,4178.205,4229.103,4213.462,разжать руку
57,4210.513,4210.897,4222.821,4213.974,4219.487,4208.59,4206.923,4214.103,4218.333,4227.564,4221.923,4180.513,4227.179,4216.41,разжать руку
57,4201.41,4204.744,4217.821,4205.128,4207.821,4202.564,4204.744,4220.256,4224.103,4229.103,4217.436,4173.718,4215.256,4211.154,разжать руку
57,4200.897,4202.949,4212.436,4206.538,4210.256,4210.385,4206.667,4214.359,4217.949,4226.667,4219.231,4171.667,4215.385,4208.718,разжать руку
57,4206.282,4208.974,4216.538,4214.487,4222.692,4216.667,4215.0,4213.59,4214.231,4230.769,4228.718,4176.41,4227.436,4214.359,разжать руку
57,4211.282,4215.256,4223.846,4214.103,4222.564,4209.872,4208.205,4217.949,4215.641,4238.59,4235.385,4179.744,4234.359,4218.333,разжать руку
57,4218.077,4221.026,4224.615,4213.077,4218.205,4206.667,4195.385,4215.385,4218.718,4240.897,4234.615,4179.487,4235.769,4215.256,разжать руку
57,4218.846,4222.436,4224.103,4217.949,4218.846,4208.462,4204.359,4215.641,4221.154,4236.795,4233.333,4177.436,4237.179,4213.205,разжать руку
57,4213.205,4217.308,4226.026,4219.487,4217.564,4202.051,4210.0,4218.462,4220.128,4236.41,4233.333,4177.821,4236.538,4215.256,разжать руку
57,4213.205,4212.692,4226.667,4214.103,4216.538,4199.487,4200.0,4209.615,4211.923,4232.436,4224.615,4174.103,4227.179,4209.872,разжать руку
57,4210.769,4208.59,4224.231,4208.846,4214.487,4206.154,4204.359,4204.872,4209.487,4212.821,4216.282,4167.692,4216.282,4203.59,разжать руку
57,4201.923,4204.744,4219.872,4207.692,4212.949,4211.154,4211.538,4209.872,4215.256,4201.538,4215.769,4168.205,4215.641,4206.026,разжать руку
57,4197.821,4203.462,4213.718,4207.308,4214.744,4207.179,4196.538,4212.051,4216.923,4216.282,4217.308,4172.436,4218.974,4207.179,разжать руку
57,4199.744,4199.487,4210.0,4202.436,4213.462,4198.974,4190.769,4214.359,4216.667,4227.949,4214.359,4170.641,4214.615,4203.59,разжать руку
57,4197.051,4195.897,4208.333,4199.231,4208.974,4199.359,4200.385,4199.231,4206.41,4210.0,4206.923,4162.692,4208.205,4200.128,разжать руку
57,4195.256,4200.0,4205.513,4202.564,4209.231,4205.897,4198.077,4186.667,4199.615,4191.923,4201.538,4159.872,4208.718,4200.513,разжать руку
57,4207.949,4209.487,4213.974,4207.436,4214.744,4208.59,4191.667,4210.897,4214.872,4209.103,4209.615,4168.846,4215.897,4208.462,разжать руку
57,4226.795,4220.513,4230.128,4213.846,4220.513,4205.769,4193.718,4222.821,4221.667,4233.077,4224.487,4175.769,4226.41,4216.795,разжать руку
57,4230.641,4228.205,4232.821,4219.615,4222.564,4207.051,4203.59,4210.256,4213.077,4231.41,4224.487,4174.744,4231.282,4218.205,разжать руку
57,4224.231,4226.282,4230.385,4216.667,4221.538,4212.949,4213.846,4215.128,4215.0,4227.949,4219.359,4175.385,4231.667,4217.308,разжать руку
57,4223.718,4217.308,4230.128,4207.051,4219.744,4209.231,4214.103,4219.359,4220.128,4233.205,4219.359,4176.667,4232.308,4213.077,разжать руку
57,4220.769,4213.333,4225.513,4206.538,4219.359,4206.026,4215.256,4210.0,4215.385,4228.974,4217.949,4173.333,4227.949,4208.333,разжать руку
57,4213.077,4215.256,4222.692,4211.154,4220.513,4213.333,4219.359,4208.462,4212.821,4222.949,4216.41,4168.718,4223.974,4210.128,разжать руку
57,4209.487,4211.41,4219.872,4206.41,4214.487,4213.333,4212.436,4218.718,4216.538,4222.692,4215.897,4168.974,4225.385,4213.077,разжать руку
57,4207.949,4206.923,4212.436,4202.051,4207.436,4207.436,4210.0,4224.615,4219.487,4221.154,4216.41,4171.923,4228.077,4210.256,разжать руку
58,4214.487,4213.718,4215.0,4207.821,4218.333,4215.641,4204.872,4196.923,4206.154,4218.077,4213.846,4171.538,4220.513,4207.051,сжать руку
58,4220.256,4217.179,4219.872,4210.0,4216.667,4208.974,4196.538,4213.718,4220.0,4229.872,4221.667,4175.513,4229.744,4213.846,сжать руку
58,4218.205,4220.897,4224.615,4210.641,4215.769,4207.821,4206.795,4235.769,4231.41,4241.282,4231.026,4176.026,4236.923,4215.641,сжать руку
58,4218.59,4220.897,4226.282,4208.333,4216.923,4209.231,4213.077,4228.718,4224.744,4238.077,4225.513,4175.0,4235.256,4213.462,сжать руку
58,4218.59,4217.564,4224.103,4207.051,4215.769,4207.436,4206.795,4220.256,4223.462,4234.359,4216.795,4174.487,4236.154,4212.051,сжать руку
58,4215.385,4214.103,4218.462,4207.436,4214.744,4210.897,4203.077,4215.0,4220.0,4230.513,4218.077,4173.077,4235.385,4211.538,сжать руку
58,4213.462,4210.769,4214.359,4205.256,4212.308,4212.179,4205.769,4212.179,4212.564,4220.769,4216.154,4170.897,4226.538,4208.59,сжать руку
58,4215.385,4210.128,4218.333,4203.59,4207.692,4207.821,4207.051,4213.205,4211.923,4218.846,4213.462,4171.667,4224.487,4208.59,сжать руку
58,4216.282,4211.795,4221.667,4205.128,4208.718,4208.333,4203.846,4201.538,4206.282,4218.846,4215.513,4173.205,4226.154,4210.385,сжать руку
58,4219.103,4215.128,4218.974,4208.333,4216.026,4211.538,4195.769,4195.641,4204.744,4215.897,4214.872,4171.923,4222.308,4208.333,сжать руку
58,4224.231,4220.897,4221.41,4210.256,4219.231,4212.308,4194.872,4214.615,4220.641,4225.385,4214.744,4172.692,4225.385,4211.154,сжать руку
58,4223.846,4225.0,4226.923,4207.949,4216.282,4214.231,4206.538,4230.128,4228.077,4236.923,4216.538,4173.974,4233.974,4214.359,сжать руку
58,4223.59,4224.872,4225.641,4205.897,4215.641,4212.051,4210.897,4224.231,4219.231,4231.282,4215.769,4172.949,4237.436,4212.821,сжать руку
58,4228.333,4223.846,4223.333,4208.846,4218.846,4208.205,4205.897,4215.128,4212.179,4220.513,4215.256,4173.205,4235.256,4214.744,сжать руку
58,4236.026,4228.077,4230.0,4211.41,4215.128,4209.744,4207.949,4205.385,4204.615,4214.487,4215.897,4177.179,4233.077,4221.282,сжать руку
58,4244.615,4237.949,4239.872,4212.692,4207.692,4203.974,4209.231,4212.949,4208.846,4219.231,4218.077,4184.615,4241.923,4225.897,сжать руку
58,4253.333,4244.872,4242.949,4216.923,4206.41,4196.154,4203.205,4231.154,4223.205,4228.974,4223.205,4182.692,4251.667,4224.231,сжать руку
58,4259.615,4247.821,4244.744,4220.513,4210.0,4203.077,4208.718,4219.103,4214.487,4220.769,4223.718,4177.436,4246.795,4223.205,сжать руку
58,4264.231,4255.513,4250.897,4224.231,4213.59,4213.974,4221.795,4200.0,4201.282,4210.641,4223.974,4183.205,4244.872,4228.846,сжать руку
58,4258.718,4256.538,4250.256,4224.103,4216.795,4212.821,4218.718,4203.974,4209.744,4215.897,4229.487,4184.103,4248.077,4227.308,сжать руку
58,4247.051,4246.282,4239.615,4218.974,4216.923,4207.051,4205.128,4207.436,4212.949,4223.333,4226.538,4178.333,4246.154,4219.231,сжать руку
58,4249.103,4244.487,4237.179,4218.718,4216.667,4208.205,4202.949,4208.59,4211.795,4233.718,4225.769,4180.385,4248.718,4218.974,сжать руку
58,4247.821,4246.538,4240.0,4219.231,4216.923,4211.282,4212.564,4224.615,4222.821,4245.769,4230.0,4181.795,4251.282,4218.718,сжать руку
58,4233.846,4241.282,4238.205,4219.615,4215.769,4212.436,4221.282,4230.256,4225.0,4241.795,4224.487,4177.949,4242.692,4213.974,сжать руку
58,4230.128,4236.154,4238.718,4222.308,4218.718,4211.538,4222.308,4217.949,4216.923,4230.0,4220.128,4175.769,4232.692,4212.051,сжать руку
58,4235.128,4232.564,4241.026,4217.949,4218.077,4210.641,4219.359,4217.436,4217.564,4227.564,4224.231,4175.0,4231.538,4211.282,сжать руку
58,4228.846,4227.308,4237.179,4212.436,4213.333,4211.41,4218.333,4220.0,4217.821,4229.359,4221.667,4175.769,4232.821,4209.487,сжать руку
58,4219.615,4226.154,4227.564,4211.282,4214.615,4209.359,4209.615,4211.538,4210.897,4225.897,4214.487,4175.897,4231.282,4207.308,сжать руку
58,4218.462,4226.282,4224.615,4206.282,4218.205,4208.205,4199.103,4210.128,4211.026,4217.436,4215.769,4174.487,4226.538,4209.103,сжать руку
58,4212.564,4218.205,4224.103,4198.59,4215.0,4211.923,4211.41,4225.0,4216.923,4215.128,4216.538,4175.128,4220.385,4208.59,сжать руку
58,4200.0,4203.846,4212.821,4191.538,4206.667,4211.538,4225.128,4232.179,4218.205,4218.846,4211.923,4178.718,4215.385,4205.641,сжать руку
58,4197.179,4200.256,4206.795,4190.769,4208.718,4207.821,4212.564,4212.692,4210.641,4220.769,4211.026,4180.128,4219.103,4210.128,сжать руку
58,4207.436,4211.154,4216.026,4200.385,4212.692,4210.513,4204.744,4196.923,4203.974,4223.974,4212.179,4176.282,4227.692,4212.179,сжать руку
58,4210.0,4214.744,4222.051,4205.769,4209.615,4209.744,4212.564,4212.179,4213.333,4226.282,4212.051,4174.487,4223.077,4207.564,сжать руку
58,4204.615,4209.744,4221.795,4198.333,4210.769,4204.103,4209.231,4226.41,4223.205,4226.41,4212.179,4177.051,4220.769,4205.897,сжать руку
58,4200.385,4206.667,4219.231,4192.692,4211.923,4204.744,4203.59,4213.59,4213.718,4222.051,4210.0,4177.436,4225.513,4207.308,сжать руку
58,4191.795,4202.564,4212.308,4193.333,4206.026,4204.103,4209.615,4201.923,4202.179,4210.897,4202.564,4174.359,4215.513,4202.179,сжать руку
58,4190.128,4203.462,4210.513,4193.974,4206.154,4201.923,4212.692,4209.359,4207.179,4208.333,4199.359,4173.333,4205.897,4198.718,сжать руку
58,4196.923,4210.385,4212.821,4196.795,4212.692,4208.077,4211.282,4211.154,4214.615,4215.385,4201.026,4175.256,4215.0,4206.026,сжать руку
58,4195.0,4209.872,4212.821,4197.692,4210.641,4211.923,4207.436,4206.154,4212.308,4214.872,4205.256,4175.513,4221.026,4209.103,сжать руку
58,4190.769,4203.974,4216.795,4195.385,4207.564,4206.538,4204.359,4214.744,4213.077,4212.436,4208.718,4176.538,4215.513,4204.872,сжать руку
58,4200.0,4207.179,4220.385,4196.41,4210.128,4203.974,4210.641,4226.154,4221.026,4217.821,4209.231,4181.667,4218.59,4207.821,сжать руку
58,4206.026,4210.128,4216.154,4196.923,4208.462,4205.256,4215.0,4220.769,4218.462,4223.462,4208.462,4179.487,4223.846,4210.0,сжать руку
58,4199.359,4205.897,4212.308,4194.872,4206.026,4205.513,4211.154,4218.718,4214.744,4223.205,4208.462,4173.333,4220.513,4204.744,сжать руку
58,4201.026,4207.692,4216.026,4199.615,4209.487,4208.462,4215.256,4227.564,4221.282,4218.462,4202.949,4175.513,4217.821,4203.077,сжать руку
58,4203.333,4210.513,4218.718,4205.513,4209.487,4209.615,4221.538,4220.0,4216.795,4213.846,4199.103,4176.41,4216.41,4206.923,сжать руку
58,4192.308,4207.564,4215.128,4202.949,4207.436,4207.949,4216.026,4202.436,4202.436,4212.821,4204.359,4173.974,4217.308,4208.077,сжать руку
58,4187.692,4207.179,4210.769,4201.026,4210.641,4209.872,4214.487,4204.487,4204.103,4214.103,4203.59,4174.359,4216.667,4206.923,сжать руку
58,4194.744,4212.821,4211.154,4204.103,4213.462,4210.385,4219.487,4218.333,4217.949,4217.821,4200.128,4176.154,4215.897,4209.487,сжать руку
58,4195.769,4212.821,4213.077,4203.974,4211.923,4211.41,4225.897,4220.641,4219.231,4223.59,4206.923,4175.769,4217.692,4211.923,сжать руку
58,4190.641,4206.154,4208.333,4196.923,4209.231,4210.0,4225.128,4216.795,4214.487,4225.769,4212.179,4174.615,4217.564,4209.615,сжать руку
58,4190.0,4204.615,4199.872,4191.795,4210.897,4204.359,4212.821,4217.821,4217.949,4223.718,4211.923,4175.513,4216.667,4209.231,сжать руку
58,4187.949,4207.308,4196.538,4192.564,4215.897,4208.077,4212.436,4213.077,4217.821,4218.205,4212.821,4174.615,4216.538,4207.949,сжать руку
58,4185.128,4206.923,4201.538,4193.333,4220.0,4215.513,4219.487,4212.051,4214.103,4215.385,4216.41,4175.513,4219.103,4206.923,сжать руку
58,4189.487,4207.436,4208.846,4193.333,4217.179,4213.846,4214.359,4220.256,4217.179,4221.538,4218.462,4177.436,4220.256,4210.641,сжать руку
58,4192.308,4206.795,4209.359,4194.231,4215.513,4210.385,4210.641,4216.923,4218.205,4223.205,4220.256,4175.256,4218.59,4211.154,сжать руку
58,4189.615,4201.667,4205.385,4194.103,4219.744,4211.026,4222.564,4209.744,4213.974,4216.282,4220.385,4173.718,4214.359,4207.821,сжать руку
58,4192.051,4203.59,4206.923,4193.205,4220.385,4212.436,4232.949,4225.256,4223.077,4220.256,4222.051,4176.154,4214.359,4207.949,сжать руку
58,4199.231,4213.333,4215.256,4200.641,4219.231,4216.795,4226.282,4229.872,4230.0,4231.41,4229.103,4181.282,4220.769,4208.846,сжать руку
58,4201.154,4214.487,4219.103,4208.846,4223.333,4218.077,4218.59,4214.744,4220.256,4232.821,4233.333,4185.385,4223.718,4210.769,сжать руку
58,4196.795,4209.103,4214.103,4203.846,4226.154,4211.026,4216.154,4219.744,4222.308,4230.641,4230.513,4181.795,4225.897,4211.538,сжать руку
58,4195.385,4208.205,4208.205,4196.282,4220.513,4210.641,4213.846,4227.564,4228.59,4228.462,4228.462,4176.923,4227.821,4209.744,сжать руку
58,4200.128,4212.821,4211.795,4200.897,4217.308,4216.026,4213.462,4225.641,4226.923,4232.564,4232.564,4178.974,4231.41,4210.513,сжать руку
58,4200.513,4212.692,4214.359,4205.897,4216.795,4212.051,4220.897,4226.667,4227.692,4234.872,4227.436,4176.282,4230.128,4208.077,сжать руку
58,4192.564,4207.821,4208.333,4204.231,4213.974,4209.231,4222.051,4212.949,4221.923,4224.487,4217.436,4171.282,4220.256,4204.615,сжать руку
58,4192.821,4211.41,4212.436,4205.641,4217.436,4214.615,4211.923,4205.128,4216.923,4220.385,4222.308,4176.154,4221.41,4207.692,сжать руку
58,4205.897,4218.974,4224.872,4209.615,4222.179,4212.564,4213.333,4228.974,4229.231,4231.923,4230.385,4180.897,4229.744,4212.564,сжать руку
58,4210.0,4220.385,4224.103,4210.897,4217.692,4204.487,4216.667,4233.205,4230.385,4236.538,4228.205,4178.462,4226.538,4208.333,сжать руку
58,4201.41,4215.385,4212.436,4208.077,4210.385,4203.718,4209.359,4207.051,4212.949,4225.513,4225.128,4178.077,4219.744,4202.564,сжать руку
58,4195.769,4206.282,4206.923,4203.077,4207.692,4207.179,4213.974,4208.077,4212.308,4215.385,4221.667,4180.128,4220.0,4206.538,сжать руку
58,4197.308,4201.795,4207.436,4197.821,4208.974,4207.821,4220.256,4217.564,4216.795,4216.026,4212.692,4175.128,4219.487,4207.564,сжать руку
58,4200.897,4204.231,4207.051,4194.872,4211.41,4207.051,4207.692,4212.051,4213.077,4221.282,4213.718,4172.051,4219.872,4207.692,сжать руку
58,4204.487,4206.538,4208.205,4196.795,4211.667,4207.051,4203.333,4218.718,4216.282,4221.667,4220.0,4175.128,4222.564,4211.667,сжать руку
58,4206.795,4207.564,4212.308,4200.641,4211.795,4210.513,4217.436,4225.0,4218.462,4219.359,4216.667,4173.846,4219.872,4210.897,сжать руку
58,4205.897,4208.718,4215.897,4201.538,4219.615,4213.846,4221.667,4223.205,4217.692,4225.641,4217.051,4174.103,4218.462,4209.231,сжать руку
58,4205.641,4210.897,4218.718,4202.692,4223.846,4210.385,4220.641,4227.564,4222.436,4230.769,4220.513,4175.128,4222.051,4209.359,сжать руку
58,4208.974,4214.744,4220.128,4205.769,4212.564,4207.179,4226.282,4217.949,4217.692,4223.205,4218.846,4174.487,4224.231,4208.718,сжать руку
58,4210.385,4215.769,4217.821,4208.59,4205.385,4211.667,4229.615,4213.205,4214.103,4219.615,4216.795,4176.154,4223.462,4209.359,сжать руку
58,4203.077,4211.282,4212.564,4206.795,4214.231,4213.462,4222.949,4226.923,4222.949,4225.0,4217.308,4176.538,4218.077,4208.077,сжать руку
58,4195.641,4210.385,4208.718,4200.897,4219.487,4208.974,4214.872,4225.385,4223.205,4223.974,4215.769,4174.872,4214.487,4203.462,сжать руку
58,4201.154,4215.0,4209.487,4200.256,4217.051,4210.897,4221.667,4218.077,4215.641,4220.128,4213.077,4173.718,4216.282,4206.41,сжать руку
58,4210.513,4217.564,4210.385,4205.769,4217.564,4213.718,4223.333,4217.308,4213.462,4217.949,4212.051,4177.308,4215.769,4214.103,сжать руку
58,4211.538,4215.385,4210.128,4207.051,4220.128,4209.103,4206.795,4216.923,4217.692,4218.59,4212.949,4179.744,4217.436,4213.846,сжать руку
58,4210.256,4214.359,4210.513,4202.436,4217.051,4205.641,4199.231,4217.949,4225.385,4223.462,4216.41,4176.026,4225.0,4209.231,сжать руку
58,4210.256,4215.385,4210.385,4202.051,4211.538,4208.205,4210.128,4223.462,4228.974,4227.949,4217.692,4175.897,4224.487,4212.949,сжать руку
58,4212.949,4213.974,4214.231,4206.41,4212.692,4213.077,4219.359,4230.128,4230.128,4228.205,4215.128,4178.59,4220.128,4218.205,сжать руку
58,4218.846,4211.026,4219.487,4204.872,4215.128,4212.949,4222.308,4225.256,4225.769,4224.359,4215.513,4178.846,4223.59,4215.513,сжать руку
58,4223.846,4213.077,4219.872,4200.513,4214.744,4208.205,4216.41,4211.282,4218.718,4221.026,4218.077,4180.897,4227.051,4213.59,сжать руку
58,4217.821,4212.564,4214.615,4196.026,4211.282,4206.923,4213.333,4210.128,4219.103,4224.615,4218.205,4180.385,4223.462,4214.103,сжать руку
58,4212.308,4206.282,4211.026,4193.59,4207.051,4210.769,4224.615,4227.308,4226.026,4230.769,4216.282,4176.154,4220.769,4215.256,сжать руку
58,4218.077,4205.513,4210.513,4194.872,4208.846,4210.385,4220.513,4226.026,4221.41,4223.333,4216.795,4175.385,4220.385,4214.359,сжать руку
58,4217.436,4208.59,4208.077,4197.179,4212.179,4207.564,4204.744,4204.487,4209.487,4211.923,4216.154,4172.949,4216.41,4209.359,сжать руку
58,4214.231,4210.513,4207.308,4200.256,4209.231,4209.744,4213.205,4206.41,4213.846,4217.051,4208.462,4171.154,4214.103,4207.821,сжать руку
58,4217.564,4214.103,4207.564,4202.051,4210.513,4212.692,4222.821,4225.897,4225.128,4229.359,4207.692,4174.359,4213.205,4210.513,сжать руку
58,4218.205,4213.462,4203.974,4200.256,4216.282,4208.718,4212.308,4227.436,4225.256,4227.692,4211.538,4175.256,4212.692,4208.974,сжать руку
58,4215.128,4209.744,4202.308,4196.282,4213.59,4205.897,4214.615,4214.359,4216.667,4215.128,4206.41,4171.923,4215.769,4206.026,сжать руку
58,4215.897,4208.077,4206.282,4194.744,4209.615,4207.436,4224.231,4209.231,4211.923,4211.795,4204.487,4172.821,4216.538,4207.564,сжать руку
58,4219.744,4207.564,4210.385,4197.308,4209.359,4207.179,4215.641,4211.667,4215.769,4216.538,4211.667,4178.846,4214.744,4210.641,сжать руку
58,4218.974,4214.103,4211.41,4198.974,4211.154,4206.923,4212.436,4211.026,4214.744,4216.41,4215.897,4177.051,4218.718,4209.872,сжать руку
58,4217.179,4220.0,4211.538,4196.026,4213.718,4208.59,4219.872,4211.923,4212.821,4215.769,4210.769,4172.308,4223.846,4209.615,сжать руку
59,4216.282,4215.513,4211.538,4196.923,4215.0,4212.051,4226.795,4226.154,4222.179,4230.769,4205.769,4178.974,4222.564,4207.308,разжать руку
59,4211.154,4219.359,4212.051,4198.462,4215.641,4210.641,4219.615,4213.846,4213.077,4218.205,4204.103,4171.923,4223.077,4206.41,разжать руку
59,4204.103,4215.0,4209.615,4200.256,4210.128,4206.923,4208.974,4204.231,4210.769,4211.795,4203.205,4171.538,4218.462,4208.462,разжать руку
59,4201.41,4213.846,4208.333,4205.256,4208.718,4207.436,4211.667,4211.282,4214.872,4220.897,4202.179,4176.41,4219.615,4208.077,разжать руку
59,4201.41,4219.487,4208.974,4203.462,4217.949,4211.282,4220.641,4212.692,4211.795,4223.718,4202.692,4176.667,4224.744,4208.205,разжать руку
59,4203.59,4217.949,4207.949,4196.923,4218.974,4213.333,4221.923,4211.026,4213.077,4215.769,4201.923,4172.436,4221.667,4207.308,разжать руку
59,4201.667,4213.462,4202.179,4196.538,4212.821,4211.795,4216.026,4213.333,4215.641,4210.769,4199.103,4171.538,4214.744,4205.769,разжать руку
59,4193.205,4214.487,4197.821,4197.179,4215.769,4210.513,4212.308,4213.846,4211.154,4210.385,4194.872,4173.462,4212.051,4203.205,разжать руку
59,4188.333,4210.0,4194.744,4190.897,4217.949,4213.974,4217.051,4220.128,4213.205,4206.026,4193.59,4171.41,4207.564,4199.615,разжать руку
59,4191.923,4207.564,4193.974,4189.872,4216.667,4219.487,4220.641,4224.872,4219.487,4205.385,4200.0,4174.615,4210.256,4205.769,разжать руку
59,4199.359,4217.051,4201.923,4197.949,4217.821,4220.769,4221.41,4212.308,4216.795,4215.256,4203.077,4180.128,4221.538,4215.641,разжать руку
59,4198.462,4219.231,4205.128,4199.231,4215.128,4215.385,4221.923,4206.538,4212.308,4220.0,4201.795,4176.667,4222.821,4214.231,разжать руку
59,4188.846,4208.205,4200.128,4194.103,4209.103,4209.615,4215.0,4214.744,4212.692,4214.744,4199.615,4172.179,4216.667,4207.308,разжать руку
59,4187.821,4208.59,4201.667,4194.744,4209.359,4205.0,4206.923,4212.821,4211.667,4212.179,4197.051,4177.051,4218.59,4206.795,разжать руку
59,4199.103,4224.359,4207.949,4202.308,4213.59,4204.103,4215.769,4209.744,4212.051,4217.692,4200.0,4181.41,4222.821,4212.692,разжать руку
59,4206.282,4229.615,4209.487,4204.872,4218.59,4208.077,4224.744,4221.41,4221.795,4226.026,4206.538,4177.821,4224.872,4215.385,разжать руку
59,4199.231,4222.564,4209.487,4198.718,4218.846,4209.359,4215.0,4225.513,4226.923,4227.051,4203.846,4176.154,4226.41,4211.667,разжать руку
59,4192.179,4222.051,4205.769,4195.897,4214.231,4211.41,4206.026,4202.179,4210.385,4215.513,4193.974,4173.846,4220.385,4205.897,разжать руку
59,4194.872,4221.667,4198.718,4198.59,4212.564,4210.128,4205.513,4195.256,4202.949,4209.231,4193.718,4173.462,4212.564,4205.256,разжать руку
59,4202.564,4219.359,4203.718,4200.769,4213.59,4202.436,4205.256,4226.282,4221.154,4223.718,4202.692,4182.308,4220.0,4212.436,разжать руку
59,4202.821,4222.949,4213.59,4199.615,4216.795,4206.026,4213.205,4228.718,4222.949,4230.128,4202.564,4181.923,4225.385,4212.821,разжать руку
59,4197.051,4224.615,4208.974,4197.308,4220.0,4217.308,4221.026,4201.667,4206.026,4214.231,4196.154,4174.359,4215.128,4206.026,разжать руку
59,4198.077,4223.462,4204.615,4199.231,4218.333,4211.795,4213.333,4209.615,4211.795,4213.974,4197.564,4175.385,4212.436,4207.821,разжать руку
59,4200.897,4224.744,4210.641,4202.949,4216.923,4205.385,4211.538,4229.359,4225.769,4229.872,4201.667,4178.205,4221.026,4212.436,разжать руку
59,4196.923,4223.333,4213.718,4204.231,4217.179,4212.949,4223.205,4215.769,4214.615,4229.744,4200.513,4178.333,4222.308,4212.308,разжать руку
59,4187.949,4212.564,4209.231,4196.795,4214.615,4214.487,4230.641,4211.667,4209.487,4220.0,4197.564,4177.821,4216.154,4209.231,разжать руку
59,4178.974,4205.513,4202.949,4190.641,4210.513,4210.769,4229.872,4230.769,4222.692,4218.718,4196.538,4177.308,4212.179,4206.154,разжать руку
59,4183.333,4215.769,4205.513,4201.154,4215.128,4215.128,4222.564,4223.205,4221.923,4226.41,4203.59,4180.256,4218.59,4209.231,разжать руку
59,4195.769,4221.538,4212.821,4209.103,4220.0,4215.897,4219.103,4204.615,4213.205,4231.154,4210.513,4180.641,4227.179,4214.872,разжать руку
59,4195.513,4212.564,4212.564,4202.051,4217.949,4208.974,4218.462,4208.59,4214.359,4225.385,4205.0,4174.359,4223.59,4216.923,разжать руку
59,4194.359,4211.282,4212.179,4203.333,4221.282,4210.897,4214.487,4213.974,4212.308,4221.667,4204.487,4172.308,4221.795,4217.051,разжать руку
59,4197.692,4215.128,4213.462,4209.872,4221.667,4216.667,4212.179,4215.0,4212.564,4225.0,4211.667,4172.436,4226.026,4215.769,разжать руку
59,4188.59,4205.897,4207.179,4201.282,4211.154,4212.692,4211.667,4218.59,4222.692,4220.513,4212.308,4171.154,4223.205,4210.128,разжать руку
59,4187.179,4200.256,4206.923,4197.051,4210.0,4206.41,4203.205,4213.333,4221.41,4216.667,4213.462,4175.769,4221.026,4209.103,разжать руку
59,4203.974,4213.718,4220.641,4208.846,4218.462,4208.718,4200.256,4204.103,4213.205,4224.103,4220.641,4183.205,4230.897,4217.051,разжать руку
59,4210.128,4224.487,4228.462,4215.0,4218.718,4212.949,4211.667,4215.641,4219.359,4229.615,4228.846,4182.821,4236.923,4219.744,разжать руку
59,4205.641,4222.564,4224.487,4209.103,4214.359,4207.821,4210.897,4223.462,4221.41,4225.769,4232.692,4177.949,4231.923,4215.897,разжать руку
59,4212.308,4223.462,4220.385,4207.308,4215.256,4205.0,4203.205,4214.744,4218.205,4218.333,4228.59,4178.333,4229.487,4219.103,разжать руку
59,4225.897,4239.487,4226.795,4215.256,4219.487,4209.872,4203.462,4213.462,4218.205,4213.846,4223.846,4180.641,4232.436,4226.026,разжать руку
59,4240.385,4255.256,4239.744,4222.179,4219.487,4206.538,4197.308,4217.949,4217.692,4217.821,4231.795,4183.077,4240.641,4230.256,разжать руку
59,4251.923,4257.436,4245.385,4223.718,4215.641,4205.0,4190.385,4216.282,4216.923,4222.179,4238.59,4187.051,4247.821,4232.564,разжать руку
59,4251.667,4259.872,4243.205,4222.692,4216.282,4210.513,4194.359,4206.795,4217.308,4221.026,4232.821,4186.667,4246.41,4228.59,разжать руку
59,4247.436,4262.821,4240.385,4223.718,4222.692,4205.128,4194.615,4201.923,4217.051,4221.795,4230.385,4181.026,4246.923,4223.974,разжать руку
59,4251.538,4264.231,4244.744,4225.641,4225.769,4198.333,4184.231,4209.487,4215.128,4229.744,4234.103,4178.205,4249.744,4227.564,разжать руку
59,4256.923,4266.538,4252.692,4226.282,4222.564,4204.231,4182.949,4219.615,4215.769,4234.744,4235.128,4182.051,4248.974,4231.538,разжать руку
59,4254.231,4263.462,4250.897,4224.231,4222.564,4211.41,4192.692,4217.179,4218.462,4231.154,4232.436,4182.949,4248.333,4227.179,разжать руку
59,4243.718,4256.538,4239.487,4216.923,4220.769,4211.923,4196.154,4207.436,4216.41,4226.41,4231.154,4176.026,4248.718,4221.282,разжать руку
59,4233.718,4250.128,4229.872,4208.846,4215.256,4205.897,4199.231,4213.333,4211.795,4222.436,4227.308,4175.256,4241.538,4221.41,разжать руку
59,4231.795,4248.205,4228.974,4210.128,4216.538,4201.282,4202.308,4220.385,4218.718,4225.0,4226.154,4178.205,4240.128,4222.308,разжать руку
59,4235.385,4245.0,4234.615,4218.205,4222.564,4208.846,4200.0,4213.462,4227.949,4233.205,4229.744,4178.718,4247.564,4221.154,разжать руку
59,4235.256,4242.692,4238.974,4217.564,4224.744,4219.231,4204.359,4210.256,4220.256,4230.0,4225.769,4182.051,4242.051,4222.564,разжать руку
59,4230.897,4246.923,4232.179,4215.0,4223.205,4214.359,4206.667,4218.59,4217.692,4226.154,4220.256,4181.41,4237.179,4219.744,разжать руку
59,4227.949,4245.385,4221.41,4216.026,4218.846,4205.385,4196.538,4223.718,4228.205,4233.462,4223.333,4180.0,4242.821,4216.923,разжать руку
59,4229.872,4238.333,4222.308,4212.949,4217.692,4208.077,4191.538,4216.154,4224.615,4234.615,4223.077,4181.667,4242.436,4221.026,разжать руку
59,4235.256,4240.897,4232.436,4215.385,4220.256,4214.615,4199.103,4210.897,4213.59,4221.923,4216.538,4182.051,4235.897,4222.436,разжать руку
59,4237.949,4252.564,4236.154,4225.0,4220.769,4214.872,4205.641,4211.795,4213.718,4216.923,4217.692,4183.462,4234.872,4220.897,разжать руку
59,4234.103,4255.513,4232.692,4227.308,4220.769,4208.846,4198.077,4206.923,4213.718,4220.513,4217.564,4182.179,4237.949,4219.615,разжать руку
59,4234.615,4253.462,4232.692,4224.487,4221.795,4207.692,4195.0,4209.359,4211.41,4219.872,4213.077,4181.538,4239.231,4221.667,разжать руку
59,4247.821,4257.949,4239.615,4228.333,4223.974,4210.897,4205.128,4221.923,4217.821,4227.821,4222.179,4187.821,4246.026,4227.436,разжать руку
59,4259.103,4261.795,4247.564,4228.333,4223.333,4208.718,4203.974,4220.0,4222.949,4237.821,4230.897,4189.744,4250.769,4229.103,разжать руку
59,4255.513,4261.282,4250.256,4224.872,4220.769,4206.667,4194.103,4216.154,4221.667,4234.359,4224.615,4185.513,4243.974,4226.538,разжать руку
59,4247.308,4254.615,4245.256,4222.821,4222.051,4207.692,4203.462,4222.051,4221.026,4231.538,4217.436,4186.154,4240.769,4223.846,разжать руку
59,4243.333,4247.564,4238.59,4220.128,4223.974,4209.103,4212.821,4209.103,4215.256,4224.872,4216.795,4188.205,4245.128,4225.0,разжать руку
59,4238.974,4247.308,4238.333,4221.923,4224.872,4209.103,4198.333,4201.667,4213.718,4217.692,4220.128,4186.282,4242.051,4223.846,разжать руку
59,4232.692,4245.641,4239.359,4222.436,4223.205,4208.846,4191.154,4222.949,4224.744,4229.103,4227.051,4186.41,4236.795,4219.615,разжать руку
59,4230.385,4241.795,4236.026,4217.308,4224.744,4209.615,4201.795,4221.41,4218.718,4240.769,4226.795,4188.718,4243.974,4221.923,разжать руку
59,4230.128,4240.128,4233.205,4211.026,4226.154,4210.128,4210.256,4199.231,4201.923,4231.41,4222.051,4183.974,4248.718,4224.359,разжать руку
59,4229.872,4237.949,4234.744,4210.385,4224.103,4206.41,4210.0,4212.564,4213.718,4229.744,4226.41,4180.769,4243.974,4221.282,разжать руку
59,4228.333,4234.744,4235.385,4215.128,4223.077,4209.231,4207.436,4229.744,4230.897,4244.872,4228.077,4183.846,4241.538,4218.974,разжать руку
59,4220.385,4230.513,4228.59,4213.59,4224.615,4220.256,4212.821,4213.974,4218.718,4240.385,4218.077,4181.282,4236.923,4215.897,разжать руку
59,4211.026,4228.077,4223.846,4209.231,4225.385,4218.462,4215.385,4205.641,4209.231,4225.256,4213.718,4178.462,4227.949,4211.923,разжать руку
59,4212.436,4227.821,4227.821,4211.667,4220.0,4206.41,4209.231,4215.513,4217.436,4224.487,4215.641,4180.128,4226.282,4212.051,разжать руку
59,4214.231,4225.128,4228.59,4211.923,4217.692,4203.077,4203.205,4217.051,4216.282,4226.026,4215.128,4179.487,4228.205,4213.333,разжать руку
59,4206.154,4222.436,4223.846,4206.923,4220.769,4213.333,4212.564,4217.179,4212.436,4223.974,4216.282,4180.128,4226.795,4213.718,разжать руку
59,4202.179,4224.231,4224.615,4207.436,4223.846,4220.769,4223.462,4221.667,4215.641,4226.795,4218.462,4182.821,4226.795,4215.385,разжать руку
59,4199.615,4220.513,4223.077,4209.487,4222.179,4209.231,4210.128,4220.897,4218.333,4228.974,4214.872,4181.795,4226.795,4216.154,разжать руку
59,4194.487,4213.718,4218.59,4208.974,4219.359,4202.051,4193.462,4212.051,4217.436,4228.718,4211.795,4178.846,4224.744,4212.308,разжать руку
59,4193.333,4210.897,4216.795,4207.051,4218.59,4208.333,4197.436,4200.256,4213.462,4227.308,4211.923,4177.436,4221.923,4207.436,разжать руку
59,4190.769,4207.436,4213.077,4203.462,4216.154,4210.0,4203.974,4201.667,4215.256,4223.718,4208.974,4178.333,4220.0,4208.59,разжать руку
59,4189.487,4206.795,4210.897,4201.923,4217.051,4208.718,4202.179,4212.949,4219.615,4227.051,4207.821,4178.333,4217.692,4209.359,разжать руку
59,4194.231,4210.0,4214.872,4203.333,4219.487,4211.154,4203.333,4213.974,4217.051,4232.436,4212.692,4176.795,4215.385,4206.795,разжать руку
59,4199.359,4209.615,4224.231,4208.077,4222.051,4206.282,4206.667,4213.205,4216.923,4233.333,4218.59,4178.333,4216.667,4210.385,разжать руку
59,4200.0,4207.436,4228.846,4210.0,4222.051,4202.949,4213.205,4216.282,4219.872,4230.897,4216.923,4180.0,4218.462,4212.692,разжать руку
59,4198.59,4207.692,4220.897,4205.385,4216.026,4212.436,4222.821,4211.538,4212.179,4221.667,4210.385,4178.974,4215.128,4207.051,разжать руку
59,4190.641,4206.923,4212.564,4201.795,4214.872,4215.385,4215.0,4204.872,4204.744,4216.795,4206.795,4174.103,4212.436,4200.769,разжать руку
59,4180.385,4198.333,4207.564,4198.974,4218.846,4205.641,4203.333,4208.462,4211.538,4222.179,4205.256,4170.385,4211.923,4201.154,разжать руку
59,4176.026,4185.256,4200.513,4189.744,4216.026,4208.974,4220.385,4221.923,4221.923,4217.308,4200.256,4173.59,4202.051,4202.436,разжать руку
59,4169.359,4178.974,4192.692,4183.333,4208.974,4222.692,4235.641,4231.026,4219.744,4203.205,4194.487,4175.897,4190.641,4196.667,разжать руку
59,4164.359,4184.872,4193.333,4189.744,4210.385,4221.282,4215.385,4214.744,4205.385,4201.282,4197.692,4172.308,4194.744,4195.0,разжать руку
59,4169.872,4192.949,4199.744,4195.641,4213.205,4210.641,4200.256,4199.872,4204.487,4208.846,4201.026,4169.487,4205.769,4201.282,разжать руку
59,4178.462,4193.846,4204.744,4194.487,4209.103,4206.795,4213.846,4217.821,4218.333,4214.359,4202.564,4174.615,4211.282,4208.077,разжать руку
59,4178.462,4188.205,4208.59,4191.923,4203.718,4203.846,4218.846,4223.846,4215.513,4211.41,4203.205,4179.103,4209.103,4210.897,разжать руку
59,4170.0,4181.282,4205.513,4187.821,4200.513,4202.308,4207.051,4202.051,4203.718,4201.282,4199.615,4172.821,4199.744,4207.051,разжать руку
59,4166.667,4178.205,4198.205,4186.538,4202.436,4210.385,4207.949,4205.641,4210.641,4202.692,4200.641,4170.256,4197.949,4204.487,разжать руку
59,4171.795,4178.59,4197.821,4190.256,4209.359,4213.846,4217.308,4224.615,4221.795,4212.949,4202.051,4173.077,4202.564,4204.103,разжать руку
59,4173.333,4177.308,4204.872,4191.41,4209.615,4208.718,4224.615,4213.974,4213.846,4207.949,4198.59,4172.821,4197.436,4204.872,разжать руку
59,4174.744,4182.308,4215.513,4192.692,4202.949,4208.077,4226.923,4204.359,4207.179,4200.769,4198.462,4175.769,4195.513,4209.615,разжать руку
59,4182.308,4191.538,4220.897,4197.949,4202.564,4206.154,4212.436,4216.795,4213.974,4211.154,4202.436,4179.103,4202.436,4211.41,разжать руку
59,4179.103,4188.205,4212.179,4194.231,4203.077,4203.462,4199.231,4219.359,4215.769,4219.231,4200.256,4175.513,4200.641,4207.051,разжать руку
59,4165.0,4176.41,4201.538,4186.026,4199.744,4207.692,4206.667,4215.0,4213.205,4214.487,4198.846,4173.462,4194.872,4203.846,разжать руку
60,4170.0,4180.128,4201.667,4192.051,4198.846,4207.179,4209.103,4202.564,4204.872,4199.744,4188.846,4171.282,4196.41,4203.846,сжать руку
60,4174.615,4180.0,4204.487,4191.795,4198.718,4207.564,4211.282,4205.641,4204.487,4198.077,4189.359,4170.513,4192.949,4200.513,сжать руку
60,4173.077,4176.538,4205.0,4189.231,4203.077,4206.667,4207.308,4217.564,4211.923,4196.026,4195.128,4173.59,4192.179,4202.051,сжать руку
60,4172.179,4176.667,4200.769,4187.821,4202.308,4202.692,4193.718,4214.103,4209.615,4190.769,4194.744,4173.59,4194.487,4206.538,сжать руку
60,4172.564,4177.564,4200.897,4185.897,4197.179,4202.179,4187.436,4205.513,4203.974,4195.256,4196.538,4172.692,4202.949,4208.718,сжать руку
60,4172.949,4180.256,4203.205,4187.821,4198.974,4202.949,4189.487,4209.231,4207.308,4206.026,4202.308,4174.615,4208.462,4207.949,сжать руку
60,4176.795,4187.949,4202.051,4193.077,4202.436,4203.462,4189.744,4211.026,4209.359,4208.077,4203.974,4172.179,4202.564,4204.231,сжать руку
60,4179.103,4189.359,4200.0,4193.718,4200.128,4203.846,4190.641,4210.128,4209.359,4203.077,4201.026,4169.487,4196.667,4204.744,сжать руку
60,4174.103,4188.846,4198.462,4192.051,4204.744,4204.359,4194.487,4217.564,4215.897,4202.692,4198.59,4173.077,4200.128,4208.846,сжать руку
60,4173.462,4190.641,4194.615,4192.821,4210.256,4205.0,4192.179,4217.821,4217.308,4206.667,4201.538,4174.359,4204.615,4206.41,сжать руку
60,4176.667,4187.436,4195.128,4196.282,4208.462,4209.359,4189.487,4201.026,4206.667,4206.667,4207.308,4172.564,4205.128,4204.359,сжать руку
60,4177.179,4188.59,4198.974,4198.077,4209.872,4212.436,4198.718,4197.436,4205.513,4206.538,4205.128,4171.282,4205.641,4206.154,сжать руку
60,4176.923,4193.077,4198.205,4197.308,4213.333,4204.872,4198.333,4209.872,4212.308,4207.949,4205.256,4172.564,4205.897,4208.205,сжать руку
60,4174.744,4186.538,4193.59,4193.846,4210.385,4199.872,4191.026,4213.59,4212.692,4208.59,4214.487,4175.641,4207.436,4209.359,сжать руку
60,4172.179,4180.256,4193.974,4190.513,4208.333,4207.564,4203.718,4214.872,4215.128,4213.077,4217.564,4175.641,4207.692,4207.949,сжать руку
60,4177.308,4189.744,4205.769,4194.744,4213.974,4215.128,4211.282,4220.769,4223.077,4224.615,4217.179,4179.744,4210.385,4210.641,сжать руку
60,4184.872,4199.103,4214.103,4199.359,4216.538,4212.949,4204.103,4215.897,4219.615,4225.641,4219.744,4183.462,4217.051,4212.308,сжать руку
60,4181.538,4196.154,4207.436,4196.282,4213.59,4207.179,4201.667,4208.205,4208.846,4210.0,4216.923,4177.051,4212.051,4206.154,сжать руку
60,4175.641,4190.769,4202.564,4193.205,4212.051,4208.205,4205.385,4216.795,4214.103,4205.641,4213.974,4172.949,4204.615,4206.026,сжать руку
60,4177.436,4188.333,4206.923,4196.026,4209.231,4211.923,4209.744,4229.615,4224.487,4219.231,4217.051,4175.385,4211.538,4210.385,сжать руку
60,4179.103,4189.231,4208.205,4197.436,4203.462,4209.872,4211.667,4224.744,4223.462,4222.308,4217.949,4173.077,4212.564,4205.769,сжать руку
60,4176.667,4189.359,4206.667,4195.128,4200.769,4205.256,4206.667,4213.59,4217.179,4215.513,4215.128,4170.256,4205.128,4200.0,сжать руку
60,4178.59,4191.795,4208.718,4196.667,4205.0,4205.641,4202.692,4207.821,4214.744,4217.051,4216.538,4175.0,4211.154,4203.846,сжать руку
60,4185.385,4196.282,4211.538,4199.487,4210.128,4210.128,4208.333,4208.205,4218.974,4225.513,4219.103,4178.974,4224.103,4210.128,сжать руку
60,4183.462,4194.487,4210.897,4198.59,4211.026,4212.051,4208.59,4212.051,4217.436,4228.59,4217.436,4175.256,4219.872,4210.0,сжать руку
60,4182.564,4191.282,4208.846,4196.282,4206.538,4208.59,4208.462,4217.436,4216.154,4223.718,4216.538,4171.923,4215.256,4208.974,сжать руку
60,4187.179,4189.359,4210.0,4195.897,4205.385,4207.308,4213.846,4219.744,4220.256,4222.821,4216.667,4172.949,4218.846,4208.846,сжать руку
60,4184.231,4189.872,4210.513,4195.897,4206.41,4208.077,4206.538,4209.615,4217.692,4223.718,4216.923,4172.051,4215.513,4207.308,сжать руку
60,4185.128,4196.795,4208.462,4196.667,4203.59,4207.564,4195.769,4206.923,4214.744,4219.744,4218.59,4172.949,4214.487,4208.718,сжать руку
60,4188.077,4196.41,4206.538,4196.282,4203.974,4207.692,4197.564,4213.846,4216.41,4218.59,4220.128,4172.821,4219.103,4209.103,сжать руку
60,4182.308,4185.513,4206.795,4192.051,4203.846,4208.462,4198.462,4209.487,4217.051,4218.718,4215.513,4170.513,4213.333,4204.103,сжать руку
60,4181.41,4188.846,4208.333,4194.615,4204.487,4206.795,4193.205,4207.949,4215.641,4212.821,4211.282,4171.667,4203.077,4201.282,сжать руку
60,4187.308,4199.615,4209.359,4199.359,4208.59,4204.231,4195.256,4210.513,4214.744,4207.179,4211.923,4171.538,4204.744,4203.974,сжать руку
60,4184.487,4197.179,4209.487,4200.128,4212.051,4205.641,4201.154,4206.282,4213.205,4209.487,4213.846,4171.923,4207.949,4208.333,сжать руку
60,4178.333,4193.718,4206.923,4201.538,4213.974,4212.564,4208.462,4205.385,4215.128,4214.359,4216.923,4173.59,4207.949,4208.333,сжать руку
60,4179.872,4191.923,4203.077,4197.051,4209.872,4212.308,4211.795,4211.923,4213.077,4216.026,4212.692,4174.487,4210.513,4204.103,сжать руку
60,4184.872,4192.051,4204.744,4195.513,4204.103,4205.897,4202.308,4209.872,4206.795,4213.205,4204.103,4174.615,4207.308,4203.333,сжать руку
60,4186.667,4199.231,4208.59,4202.692,4206.923,4205.513,4191.923,4206.154,4210.256,4212.179,4205.513,4171.026,4204.359,4205.385,сжать руку
60,4183.718,4198.077,4207.436,4203.077,4208.59,4203.205,4191.795,4216.41,4215.897,4217.436,4214.615,4170.128,4210.897,4209.359,сжать руку
60,4189.487,4194.744,4211.795,4200.513,4203.077,4200.641,4201.282,4229.359,4224.359,4228.718,4219.872,4177.692,4218.846,4212.949,сжать руку
60,4200.513,4200.513,4219.231,4205.897,4201.026,4203.333,4207.949,4228.718,4230.769,4234.103,4220.0,4181.282,4216.795,4211.795,сжать руку
60,4196.282,4200.0,4215.0,4208.59,4202.692,4202.564,4210.256,4209.487,4217.692,4220.256,4217.436,4173.077,4209.487,4210.385,сжать руку
60,4189.359,4192.692,4208.846,4205.385,4200.256,4200.769,4212.692,4205.256,4206.923,4209.103,4213.846,4169.359,4207.821,4211.154,сжать руку
60,4195.897,4192.949,4210.641,4207.564,4199.231,4205.0,4205.256,4227.949,4218.59,4216.282,4216.667,4177.308,4209.744,4211.795,сжать руку
60,4194.359,4192.821,4210.128,4207.436,4200.769,4211.41,4199.231,4226.667,4221.923,4221.282,4218.333,4178.462,4208.846,4209.231,сжать руку
60,4183.077,4187.949,4204.103,4203.205,4200.385,4209.359,4203.846,4204.872,4211.795,4214.744,4214.872,4172.308,4206.795,4205.897,сжать руку
60,4183.846,4189.872,4198.974,4204.103,4202.308,4203.846,4206.154,4208.974,4215.128,4213.718,4212.949,4172.564,4207.051,4205.256,сжать руку
60,4187.179,4191.282,4198.205,4203.462,4205.641,4204.872,4205.128,4216.282,4215.769,4215.641,4213.462,4169.231,4206.282,4204.103,сжать руку
60,4183.333,4188.846,4201.795,4203.846,4207.821,4210.0,4207.821,4206.41,4208.462,4215.769,4213.333,4167.179,4208.462,4205.256,сжать руку
60,4188.077,4196.795,4210.128,4211.282,4212.821,4211.41,4207.436,4216.667,4218.718,4226.026,4216.026,4176.795,4217.949,4209.487,сжать руку
60,4195.897,4205.385,4212.051,4214.231,4213.59,4207.564,4203.462,4229.487,4227.564,4233.718,4219.615,4178.333,4220.769,4209.744,сжать руку
60,4187.821,4199.231,4201.667,4207.051,4209.487,4207.051,4203.59,4212.051,4212.692,4218.59,4210.897,4166.667,4208.59,4205.256,сжать руку
60,4180.385,4192.308,4195.897,4203.974,4209.231,4210.385,4201.795,4204.231,4205.769,4205.385,4203.462,4163.462,4200.0,4201.795,сжать руку
60,4187.051,4196.282,4201.667,4208.846,4207.564,4211.538,4199.872,4212.949,4215.385,4212.179,4210.256,4171.795,4205.256,4204.487,сжать руку
60,4193.59,4197.564,4208.846,4211.154,4204.359,4207.051,4205.128,4215.0,4216.795,4218.974,4218.077,4176.795,4212.179,4210.641,сжать руку
60,4197.179,4195.385,4211.41,4210.128,4204.103,4201.282,4207.821,4219.615,4221.667,4221.026,4218.718,4176.667,4211.795,4212.179,сжать руку
60,4194.487,4195.385,4205.897,4208.462,4199.231,4203.718,4212.308,4220.128,4223.59,4220.256,4211.41,4175.128,4205.769,4209.872,сжать руку
60,4189.744,4194.744,4199.359,4207.436,4195.769,4208.846,4217.308,4207.821,4208.462,4211.41,4205.513,4170.0,4203.462,4206.795,сжать руку
60,4193.718,4196.795,4201.923,4208.59,4202.821,4208.462,4209.231,4208.077,4207.179,4211.282,4210.513,4169.744,4208.205,4207.949,сжать руку
60,4197.308,4202.821,4206.667,4211.282,4210.513,4207.949,4201.795,4214.744,4221.795,4222.436,4220.385,4176.923,4212.692,4212.308,сжать руку
60,4185.513,4199.103,4198.077,4210.769,4209.872,4207.949,4209.487,4208.077,4218.205,4220.256,4215.128,4174.359,4210.256,4208.974,сжать руку
60,4179.615,4195.256,4193.462,4210.385,4203.077,4208.974,4220.897,4207.564,4211.923,4210.0,4203.974,4168.846,4207.308,4206.282,сжать руку
60,4195.641,4206.154,4207.179,4214.615,4203.205,4209.615,4221.154,4214.103,4216.154,4216.538,4204.487,4173.333,4211.667,4210.256,сжать руку
60,4200.769,4209.872,4213.974,4213.333,4207.179,4202.692,4214.487,4210.641,4214.744,4220.256,4206.41,4174.744,4212.436,4208.59,сжать руку
60,4190.128,4197.821,4204.872,4207.564,4201.923,4199.487,4207.436,4208.846,4214.615,4211.795,4202.436,4171.154,4206.923,4203.846,сжать руку
60,4187.179,4192.949,4197.564,4205.128,4199.744,4209.615,4208.462,4215.128,4217.821,4210.128,4199.231,4170.256,4201.282,4203.077,сжать руку
60,4190.513,4195.513,4194.487,4202.692,4206.282,4217.308,4217.821,4223.974,4217.692,4208.205,4201.667,4170.769,4199.487,4204.615,сжать руку
60,4186.154,4192.821,4192.436,4201.667,4203.59,4212.308,4220.897,4225.641,4218.846,4202.821,4201.795,4165.385,4199.231,4202.949,сжать руку
60,4180.641,4190.513,4196.667,4204.487,4196.026,4205.769,4214.615,4215.385,4217.821,4205.897,4196.795,4166.282,4197.179,4202.308,сжать руку
60,4187.179,4198.718,4206.923,4209.615,4200.0,4200.897,4205.513,4205.513,4211.154,4215.769,4202.821,4178.974,4203.333,4212.051,сжать руку
60,4196.41,4209.359,4213.077,4212.821,4200.897,4200.128,4203.718,4206.41,4209.231,4216.282,4212.436,4183.205,4212.692,4217.051,сжать руку
60,4200.0,4208.59,4212.308,4212.821,4193.718,4205.513,4209.103,4210.641,4214.744,4208.077,4209.359,4177.179,4211.795,4210.513,сжать руку
60,4195.256,4200.256,4209.359,4209.487,4196.923,4205.641,4206.282,4207.692,4214.744,4207.564,4201.154,4174.231,4208.205,4206.923,сжать руку
60,4184.615,4194.487,4204.103,4204.359,4201.795,4200.897,4200.769,4201.154,4208.59,4207.051,4200.256,4173.205,4207.179,4206.667,сжать руку
60,4179.103,4193.333,4197.308,4202.692,4196.667,4201.41,4209.103,4208.718,4212.564,4203.462,4201.923,4172.692,4203.077,4205.769,сжать руку
60,4184.872,4197.179,4201.154,4204.487,4196.923,4206.923,4211.667,4217.564,4221.41,4208.846,4202.308,4176.667,4205.128,4206.667,сжать руку
60,4193.077,4200.769,4208.333,4205.128,4203.205,4205.769,4195.385,4207.692,4213.59,4215.385,4203.846,4178.974,4213.846,4210.385,сжать руку
60,4193.443,4202.051,4209.432,4205.733,4203.37,4205.476,4195.33,4205.952,4211.593,4214.066,4203.095,4178.425,4212.821,4210.604,сжать руку
60,4193.81,4203.333,4210.531,4206.337,4203.535,4205.183,4195.275,4204.212,4209.597,4212.747,4202.344,4177.875,4211.795,4210.824,сжать руку
60,4194.176,4204.615,4211.63,4206.941,4203.7,4204.89,4195.22,4202.473,4207.601,4211.429,4201.593,4177.326,4210.769,4211.044,сжать руку
60,4194.542,4205.897,4212.729,4207.546,4203.864,4204.597,4195.165,4200.733,4205.604,4210.11,4200.842,4176.777,4209.744,4211.264,сжать руку
60,4194.908,4207.179,4213.828,4208.15,4204.029,4204.304,4195.11,4198.993,4203.608,4208.791,4200.092,4176.227,4208.718,4211.484,сжать руку
60,4195.275,4208.462,4214.927,4208.755,4204.194,4204.011,4195.055,4197.253,4201.612,4207.473,4199.341,4175.678,4207.692,4211.703,сжать руку
60,4195.641,4209.744,4216.026,4209.359,4204.359,4203.718,4195.0,4195.513,4199.615,4206.154,4198.59,4175.128,4206.667,4211.923,сжать руку
60,4195.256,4202.436,4215.256,4205.897,4194.615,4200.256,4190.769,4211.026,4216.154,4213.846,4202.821,4178.846,4209.231,4212.179,сжать руку
60,4191.923,4196.026,4213.077,4206.282,4193.333,4201.154,4201.795,4213.59,4218.462,4216.026,4202.692,4179.103,4206.667,4208.462,сжать руку
60,4188.846,4195.256,4206.795,4206.026,4198.333,4204.103,4210.128,4208.205,4208.462,4206.667,4198.718,4173.718,4205.641,4205.0,сжать руку
60,4191.154,4200.0,4206.41,4206.795,4201.538,4201.667,4206.154,4212.436,4211.667,4205.256,4206.923,4173.077,4210.128,4210.0,сжать руку
60,4196.667,4209.872,4214.872,4210.769,4202.949,4200.769,4201.923,4213.333,4216.538,4215.256,4219.487,4177.179,4215.0,4216.282,сжать руку
60,4198.846,4214.103,4221.795,4215.641,4203.077,4200.641,4201.282,4207.949,4215.641,4221.026,4221.026,4177.692,4217.692,4214.487,сжать руку
60,4197.436,4212.308,4222.051,4216.154,4208.462,4202.692,4206.154,4209.872,4216.41,4221.667,4221.41,4175.513,4219.744,4210.641,сжать руку
60,4195.513,4213.077,4219.744,4212.564,4215.385,4209.103,4212.179,4222.821,4224.487,4227.436,4231.282,4177.564,4222.051,4211.795,сжать руку
60,4196.538,4211.538,4219.103,4211.667,4214.359,4213.846,4213.333,4232.179,4232.308,4235.513,4235.897,4185.128,4224.103,4214.103,сжать руку
60,4197.564,4207.564,4220.385,4212.308,4212.436,4211.282,4210.641,4222.179,4227.564,4234.487,4234.615,4181.923,4223.333,4211.923,сжать руку
60,4197.179,4208.205,4221.795,4210.513,4215.0,4209.487,4211.154,4210.256,4220.256,4226.154,4234.359,4172.692,4218.077,4209.872,сжать руку
60,4197.308,4207.692,4222.692,4210.385,4214.615,4208.077,4210.513,4209.744,4217.949,4215.128,4225.769,4172.949,4210.128,4206.923,сжать руку
60,4197.308,4207.692,4224.744,4214.872,4208.077,4203.846,4205.0,4207.949,4215.128,4206.667,4220.769,4176.41,4207.051,4205.128,сжать руку
60,4202.436,4213.59,4229.487,4222.051,4205.769,4207.564,4203.974,4208.333,4214.744,4213.077,4230.641,4180.0,4215.385,4213.59,сжать руку
60,4210.256,4217.949,4233.974,4226.026,4212.436,4211.026,4208.846,4220.0,4225.128,4227.051,4237.051,4183.846,4223.462,4219.487,сжать руку
60,4213.462,4217.692,4235.128,4223.846,4217.692,4209.103,4213.974,4223.077,4227.949,4228.077,4232.949,4183.59,4221.282,4213.59,сжать руку
61,4217.949,4228.59,4238.718,4225.256,4210.641,4207.949,4215.641,4214.231,4223.205,4230.0,4235.897,4181.282,4224.359,4216.154,разжать руку
61,4211.667,4217.949,4233.333,4224.231,4210.513,4210.641,4222.564,4214.615,4224.103,4229.872,4231.282,4182.949,4221.282,4213.974,разжать руку
61,4203.077,4209.103,4225.128,4220.641,4211.41,4212.179,4221.923,4211.282,4220.128,4219.231,4221.154,4175.897,4211.795,4207.308,разжать руку
61,4205.513,4209.359,4224.487,4221.154,4208.718,4209.872,4219.872,4221.026,4225.641,4215.897,4216.026,4175.256,4209.872,4208.333,разжать руку
61,4208.205,4207.821,4227.564,4223.462,4210.513,4210.641,4221.41,4227.308,4228.333,4217.821,4218.974,4181.795,4216.282,4211.538,разжать руку
61,4205.641,4206.923,4227.564,4222.564,4215.256,4213.462,4218.462,4216.154,4219.744,4220.641,4221.923,4180.385,4215.385,4208.462,разжать руку
61,4206.41,4210.128,4225.769,4221.154,4214.487,4210.769,4208.974,4206.795,4214.872,4225.256,4221.154,4176.795,4213.333,4210.128,разжать руку
61,4208.462,4211.41,4223.333,4222.308,4216.667,4209.872,4208.974,4213.077,4220.0,4226.026,4219.359,4177.308,4215.641,4213.077,разжать руку
61,4206.667,4209.744,4220.256,4222.692,4220.256,4213.077,4216.026,4222.308,4226.154,4221.795,4217.821,4177.308,4214.359,4210.256,разжать руку
61,4206.026,4210.513,4221.41,4223.205,4217.179,4213.974,4217.564,4218.333,4226.41,4219.231,4218.718,4178.205,4213.718,4211.538,разжать руку
61,4210.513,4213.077,4225.385,4223.333,4212.949,4210.128,4212.051,4205.385,4216.667,4215.256,4219.487,4177.564,4217.051,4213.333,разжать руку
61,4215.513,4212.692,4226.41,4220.769,4209.872,4202.821,4205.513,4205.769,4212.564,4207.821,4216.026,4174.487,4215.513,4211.538,разжать руку
61,4215.897,4210.256,4229.231,4222.564,4207.308,4205.128,4207.051,4217.179,4220.641,4209.231,4215.641,4176.538,4210.641,4212.821,разжать руку
61,4213.205,4214.872,4236.282,4228.462,4207.821,4214.487,4215.128,4218.462,4222.051,4216.282,4221.667,4183.718,4217.308,4218.077,разжать руку
61,4218.718,4225.385,4241.026,4231.667,4211.154,4214.615,4224.103,4224.872,4221.923,4223.974,4225.385,4188.59,4226.667,4220.513,разжать руку
61,4219.359,4228.077,4236.026,4225.769,4214.872,4208.846,4221.41,4234.231,4227.821,4229.615,4220.513,4185.0,4222.179,4215.513,разжать руку
61,4207.692,4220.513,4225.513,4218.974,4216.795,4208.333,4209.872,4217.949,4220.641,4220.513,4216.282,4179.487,4211.795,4210.0,разжать руку
61,4201.923,4216.667,4222.692,4218.59,4215.128,4211.282,4208.333,4204.487,4210.0,4209.359,4216.923,4180.513,4210.897,4211.923,разжать руку
61,4204.231,4219.231,4226.026,4219.615,4210.256,4207.692,4204.872,4215.385,4217.179,4217.564,4216.795,4182.821,4216.41,4215.128,разжать руку
61,4201.282,4216.667,4221.923,4216.538,4208.205,4205.0,4194.487,4217.564,4225.256,4225.128,4216.667,4182.949,4214.487,4213.846,разжать руку
61,4193.846,4209.487,4216.026,4212.179,4209.359,4209.615,4198.59,4200.385,4215.769,4213.59,4216.154,4180.128,4209.872,4208.333,разжать руку
61,4195.769,4205.385,4219.359,4213.462,4203.205,4211.154,4209.231,4207.179,4211.538,4207.821,4213.974,4181.026,4210.641,4206.41,разжать руку
61,4202.051,4206.282,4227.051,4219.231,4193.846,4204.872,4205.769,4222.564,4218.846,4215.128,4214.615,4186.795,4213.718,4211.538,разжать руку
61,4201.282,4208.718,4227.436,4222.564,4196.154,4202.821,4203.718,4215.256,4222.179,4220.128,4217.051,4186.795,4214.615,4214.103,разжать руку
61,4199.615,4208.205,4224.487,4219.615,4205.256,4209.231,4210.0,4212.308,4224.231,4221.154,4218.333,4185.128,4213.59,4211.538,разжать руку
61,4201.923,4207.821,4225.641,4217.308,4207.692,4217.821,4211.923,4215.513,4220.897,4220.769,4217.949,4185.256,4213.205,4208.59,разжать руку
61,4202.308,4211.026,4226.282,4219.487,4207.308,4220.256,4215.256,4214.872,4215.128,4215.641,4217.821,4183.462,4213.077,4207.692,разжать руку
61,4201.923,4213.846,4226.41,4222.564,4210.0,4213.077,4218.974,4217.179,4215.513,4211.41,4217.179,4181.41,4212.051,4210.128,разжать руку
61,4205.641,4213.59,4227.949,4224.103,4210.897,4206.795,4212.436,4213.59,4216.026,4210.256,4216.538,4180.513,4212.179,4212.179,разжать руку
61,4207.308,4215.385,4226.154,4222.436,4207.179,4209.359,4203.974,4209.615,4211.667,4205.897,4218.205,4178.718,4215.256,4211.923,разжать руку
61,4203.846,4217.051,4223.59,4220.897,4205.385,4210.256,4202.949,4212.564,4208.718,4201.923,4217.564,4177.051,4218.846,4210.256,разжать руку
61,4200.897,4213.718,4223.205,4219.231,4205.641,4204.744,4204.231,4203.974,4209.615,4200.769,4212.692,4177.308,4214.231,4210.385,разжать руку
61,4202.821,4210.641,4221.41,4216.667,4207.308,4204.359,4201.41,4196.41,4213.462,4203.205,4211.923,4177.436,4207.564,4210.769,разжать руку
61,4202.692,4211.795,4220.128,4216.667,4212.949,4210.641,4195.897,4210.256,4220.513,4217.051,4216.795,4179.103,4213.974,4210.769,разжать руку
61,4200.256,4215.0,4223.462,4221.667,4215.256,4214.744,4195.897,4220.0,4226.026,4234.615,4220.0,4184.872,4224.872,4215.128,разжать руку
61,4201.41,4217.821,4225.385,4225.256,4213.846,4216.667,4211.538,4218.077,4226.667,4238.077,4219.231,4183.077,4221.41,4214.744,разжать руку
61,4200.641,4213.077,4220.641,4221.538,4215.769,4217.821,4222.179,4212.179,4214.872,4227.436,4216.795,4176.154,4211.41,4207.051,разжать руку
61,4195.641,4206.538,4218.59,4219.487,4216.154,4215.256,4212.051,4212.821,4211.154,4223.333,4215.641,4178.077,4215.256,4207.179,разжать руку
61,4202.821,4214.103,4226.667,4224.359,4214.103,4213.718,4207.308,4223.59,4227.436,4228.59,4218.205,4183.718,4219.487,4213.846,разжать руку
61,4214.872,4224.872,4231.41,4229.231,4215.513,4215.385,4214.359,4216.154,4223.462,4225.385,4220.641,4184.744,4216.538,4217.436,разжать руку
61,4210.256,4221.41,4225.769,4227.564,4216.538,4210.897,4214.615,4201.538,4205.0,4213.718,4218.974,4181.538,4218.205,4216.282,разжать руку
61,4205.769,4216.41,4222.564,4222.179,4213.59,4204.231,4205.897,4213.205,4210.769,4207.051,4215.128,4178.462,4220.0,4217.051,разжать руку
61,4213.59,4221.538,4227.179,4223.205,4214.359,4207.051,4197.564,4219.231,4220.128,4209.487,4216.538,4181.026,4215.513,4220.385,разжать руку
61,4217.179,4220.641,4230.128,4225.128,4212.179,4214.103,4202.308,4204.744,4212.179,4207.308,4215.513,4180.769,4208.846,4214.615,разжать руку
61,4209.103,4210.385,4226.154,4220.256,4201.667,4209.231,4212.308,4209.231,4212.692,4196.795,4204.872,4175.128,4203.59,4205.897,разжать руку
61,4196.154,4207.436,4215.513,4214.744,4203.59,4206.026,4213.974,4216.282,4212.949,4189.231,4197.692,4173.846,4201.667,4206.154,разжать руку
61,4189.103,4208.462,4205.385,4212.179,4214.744,4216.026,4206.923,4200.641,4202.564,4186.667,4197.564,4176.41,4202.436,4207.308,разжать руку
61,4189.487,4208.718,4206.538,4212.308,4213.974,4219.103,4203.077,4199.744,4210.128,4190.385,4201.795,4177.179,4203.846,4206.795,разжать руку
61,4196.667,4212.692,4212.949,4213.59,4207.692,4211.154,4205.513,4211.667,4219.744,4203.718,4208.59,4174.359,4210.256,4208.462,разжать руку
61,4195.256,4212.692,4210.641,4211.667,4204.872,4202.949,4204.872,4212.308,4214.615,4208.718,4205.769,4174.744,4212.308,4207.564,разжать руку
61,4191.795,4210.128,4208.333,4209.872,4205.128,4198.205,4197.821,4212.692,4215.128,4205.897,4202.308,4182.308,4209.103,4207.821,разжать руку
61,4194.487,4212.949,4212.436,4209.872,4205.385,4198.974,4190.769,4211.154,4220.897,4212.949,4212.949,4184.487,4213.077,4212.821,разжать руку
61,4189.872,4208.718,4208.077,4206.282,4200.0,4203.462,4197.051,4205.256,4213.974,4215.128,4215.897,4179.615,4213.333,4211.923,разжать руку
61,4180.513,4197.436,4200.0,4202.051,4193.462,4200.513,4199.231,4203.462,4202.564,4198.077,4199.487,4175.0,4201.667,4204.744,разжать руку
61,4179.103,4196.026,4204.231,4204.359,4193.974,4192.179,4188.077,4208.333,4205.256,4184.231,4194.615,4172.821,4195.513,4204.359,разжать руку
61,4189.744,4206.026,4215.385,4213.077,4196.282,4194.615,4187.179,4210.513,4213.205,4190.641,4204.615,4179.872,4203.846,4214.487,разжать руку
61,4198.077,4212.179,4218.205,4217.949,4195.128,4203.077,4196.538,4205.0,4212.179,4202.692,4205.256,4187.308,4211.667,4217.692,разжать руку
61,4195.385,4207.051,4211.026,4211.282,4195.256,4202.821,4199.487,4200.513,4204.359,4200.0,4199.231,4179.615,4210.385,4211.41,разжать руку
61,4192.821,4206.154,4207.436,4208.205,4197.692,4199.231,4197.821,4204.359,4207.436,4192.308,4200.385,4172.051,4207.308,4212.821,разжать руку
61,4197.821,4215.897,4213.974,4217.821,4200.897,4202.179,4198.718,4206.154,4213.077,4196.41,4207.949,4178.333,4210.769,4218.077,разжать руку
61,4205.0,4221.154,4222.436,4225.513,4205.128,4206.538,4198.59,4203.077,4208.59,4206.538,4208.846,4185.513,4218.718,4217.821,разжать руку
61,4203.846,4216.154,4220.385,4223.462,4207.051,4204.487,4196.795,4205.513,4206.026,4203.462,4201.923,4181.154,4217.821,4211.41,разжать руку
61,4199.359,4207.692,4211.667,4220.128,4203.462,4202.051,4192.692,4206.667,4204.359,4193.846,4196.667,4178.974,4210.385,4208.077,разжать руку
61,4192.051,4205.385,4209.487,4219.744,4203.59,4206.026,4193.974,4206.667,4203.462,4200.128,4201.41,4184.487,4209.872,4210.385,разжать руку
61,4186.667,4207.051,4209.103,4216.795,4209.615,4209.744,4201.282,4209.103,4206.538,4212.692,4210.897,4187.564,4216.026,4211.538,разжать руку
61,4184.359,4202.308,4202.564,4211.667,4202.949,4206.795,4205.769,4210.897,4214.487,4212.949,4207.308,4186.923,4213.718,4210.0,разжать руку
61,4178.462,4194.487,4199.872,4209.359,4191.667,4200.641,4209.359,4215.897,4217.564,4205.897,4202.308,4182.564,4205.513,4206.795,разжать руку
61,4177.564,4199.359,4205.128,4212.051,4198.333,4200.385,4204.487,4214.744,4210.769,4206.154,4211.538,4182.564,4209.744,4208.718,разжать руку
61,4186.538,4207.821,4209.487,4216.795,4207.308,4204.744,4193.077,4207.051,4210.0,4214.744,4221.026,4187.564,4220.513,4212.692,разжать руку
61,4189.103,4199.615,4205.256,4215.897,4196.667,4204.615,4202.179,4215.769,4221.923,4217.949,4218.205,4184.615,4217.821,4208.974,разжать руку
61,4176.667,4189.103,4195.769,4211.923,4193.718,4200.385,4220.897,4221.282,4223.718,4210.128,4214.359,4176.923,4207.564,4206.026,разжать руку
61,4173.59,4197.436,4198.077,4213.846,4210.385,4200.641,4212.308,4206.923,4213.974,4206.538,4222.564,4176.795,4206.923,4209.615,разжать руку
61,4191.282,4210.128,4213.333,4221.795,4212.692,4207.051,4198.333,4211.538,4225.0,4219.231,4230.385,4184.744,4217.308,4215.0,разжать руку
61,4198.846,4210.513,4217.821,4225.256,4203.974,4207.564,4198.077,4214.231,4227.308,4224.872,4227.692,4185.769,4222.821,4214.744,разжать руку
61,4187.051,4207.308,4211.026,4218.077,4206.923,4195.385,4195.513,4189.487,4205.256,4213.205,4225.0,4178.974,4218.077,4209.487,разжать руку
61,4182.179,4206.538,4209.231,4211.795,4206.538,4194.744,4202.821,4187.564,4202.308,4202.949,4226.667,4176.538,4213.718,4209.103,разжать руку
61,4187.692,4206.154,4211.795,4215.256,4203.077,4212.564,4210.897,4215.897,4223.462,4210.0,4227.692,4182.051,4220.513,4213.718,разжать руку
61,4193.077,4210.256,4216.026,4221.41,4209.744,4213.718,4200.513,4219.103,4225.128,4222.179,4229.744,4188.59,4227.821,4213.462,разжать руку
61,4198.846,4213.846,4224.231,4222.436,4211.667,4198.333,4200.385,4210.513,4215.0,4217.179,4233.846,4191.41,4225.128,4213.077,разжать руку
61,4201.282,4211.026,4226.282,4218.59,4203.59,4199.487,4208.59,4218.974,4220.256,4210.513,4233.59,4191.41,4224.103,4217.564,разжать руку
61,4199.744,4208.718,4222.949,4218.462,4204.487,4210.0,4197.821,4222.308,4226.538,4219.487,4235.385,4191.667,4227.179,4220.641,разжать руку
61,4204.615,4215.0,4227.308,4225.256,4215.128,4211.026,4195.513,4216.795,4226.154,4231.667,4236.795,4191.667,4225.256,4216.026,разжать руку
61,4210.513,4221.667,4230.769,4228.718,4214.231,4206.282,4208.59,4221.026,4228.846,4229.487,4231.667,4187.436,4220.385,4208.974,разжать руку
61,4207.179,4217.564,4227.179,4223.333,4205.641,4205.769,4206.538,4232.436,4233.718,4219.103,4231.282,4184.872,4219.615,4211.795,разжать руку
61,4202.821,4210.385,4225.641,4219.231,4210.256,4209.359,4195.128,4218.846,4222.051,4213.077,4230.641,4185.385,4218.974,4216.41,разжать руку
61,4201.667,4210.128,4224.487,4221.795,4219.615,4213.077,4194.231,4195.513,4209.487,4214.231,4228.205,4185.641,4215.769,4212.949,разжать руку
61,4201.154,4210.0,4220.0,4222.436,4215.641,4210.641,4199.487,4207.308,4218.59,4222.692,4231.667,4186.282,4217.179,4210.769,разжать руку
61,4204.487,4207.564,4220.256,4219.359,4208.205,4203.718,4192.821,4215.385,4218.974,4224.103,4232.308,4186.667,4223.718,4214.615,разжать руку
61,4211.795,4213.205,4225.897,4219.744,4209.615,4202.308,4185.641,4205.256,4212.949,4221.026,4231.538,4192.436,4229.872,4219.359,разжать руку
61,4216.538,4223.59,4229.744,4223.718,4213.333,4205.128,4192.949,4218.333,4223.462,4228.974,4238.718,4196.282,4231.41,4219.615,разжать руку
61,4218.718,4225.897,4231.667,4226.026,4216.026,4208.077,4199.359,4227.692,4228.846,4236.795,4240.256,4194.359,4233.077,4218.718,разжать руку
61,4217.564,4217.821,4231.923,4223.974,4217.051,4210.513,4202.179,4214.744,4218.846,4229.615,4234.615,4191.795,4229.359,4215.769,разжать руку
61,4207.179,4209.872,4225.897,4218.846,4212.179,4207.821,4205.769,4214.872,4217.564,4215.641,4230.128,4183.974,4217.051,4211.795,разжать руку
61,4199.872,4209.872,4215.897,4218.846,4207.308,4205.385,4203.077,4219.744,4221.154,4209.744,4222.564,4178.077,4212.949,4212.436,разжать руку
61,4207.436,4216.282,4216.154,4228.205,4211.667,4207.564,4192.949,4213.846,4219.359,4211.795,4223.077,4183.718,4220.769,4213.205,разжать руку
61,4215.256,4220.769,4223.718,4233.205,4217.949,4207.564,4185.769,4203.077,4210.769,4211.026,4227.179,4190.256,4222.308,4214.103,разжать руку
61,4210.513,4219.231,4222.692,4228.846,4215.513,4209.103,4188.205,4193.462,4203.333,4208.846,4220.769,4189.359,4219.487,4216.538,разжать руку
61,4202.051,4211.923,4211.795,4222.051,4208.974,4211.282,4197.179,4207.051,4213.462,4213.59,4217.436,4185.0,4222.821,4213.205,разжать руку
61,4202.564,4206.026,4210.256,4219.359,4206.154,4205.256,4196.923,4228.205,4227.308,4221.923,4224.231,4186.154,4225.513,4212.179,разжать руку
61,4213.974,4211.154,4221.282,4223.974,4210.256,4202.949,4193.077,4215.128,4219.615,4226.154,4228.333,4189.744,4228.718,4219.487,разжать руку
62,4211.41,4215.513,4220.897,4222.692,4211.282,4210.0,4203.077,4210.128,4218.205,4210.385,4219.744,4188.077,4212.308,4212.051,сжать руку
62,4201.795,4215.897,4216.795,4222.436,4215.256,4208.333,4194.103,4207.179,4216.282,4207.051,4212.821,4182.564,4207.179,4209.359,сжать руку
62,4198.846,4208.846,4210.0,4222.051,4212.692,4207.949,4194.231,4211.154,4213.974,4212.179,4214.744,4182.308,4217.051,4209.872,сжать руку
62,4200.513,4207.436,4208.846,4222.051,4210.0,4208.718,4204.103,4226.667,4219.487,4217.564,4221.026,4184.872,4224.359,4210.256,сжать руку
62,4203.59,4216.795,4214.359,4225.897,4213.974,4211.538,4201.795,4208.333,4213.846,4213.462,4215.513,4182.564,4218.077,4209.744,сжать руку
62,4200.256,4217.692,4213.333,4228.205,4213.205,4207.179,4191.154,4191.41,4208.462,4206.154,4206.41,4179.487,4210.897,4209.359,сжать руку
62,4190.769,4206.667,4207.949,4222.179,4205.256,4199.359,4193.59,4218.462,4218.333,4212.564,4207.692,4177.564,4210.128,4207.692,сжать руку
62,4187.436,4203.59,4205.128,4215.256,4202.949,4205.513,4202.821,4226.795,4218.846,4217.821,4212.949,4175.256,4207.949,4206.795,сжать руку
62,4194.615,4210.385,4204.744,4218.59,4209.487,4212.821,4200.256,4196.026,4202.949,4209.487,4211.538,4174.359,4208.846,4209.872,сжать руку
62,4199.103,4210.128,4211.282,4222.308,4209.615,4206.795,4192.179,4200.0,4209.615,4213.974,4212.564,4179.103,4215.256,4214.359,сжать руку
62,4202.436,4210.897,4218.846,4220.128,4207.308,4207.564,4197.564,4227.051,4226.154,4231.795,4219.359,4183.462,4220.513,4217.436,сжать руку
62,4205.897,4223.205,4218.846,4221.282,4216.026,4216.795,4207.949,4221.795,4221.41,4236.282,4220.385,4182.308,4224.872,4215.769,сжать руку
62,4203.974,4226.923,4214.615,4221.026,4223.077,4213.462,4210.0,4221.154,4218.846,4232.051,4218.462,4182.051,4227.949,4214.872,сжать руку
62,4200.769,4215.0,4209.615,4215.897,4214.487,4207.436,4208.59,4230.0,4223.846,4229.103,4217.692,4180.769,4222.308,4216.154,сжать руку
62,4199.744,4210.641,4205.641,4216.41,4206.667,4208.59,4210.256,4215.385,4217.051,4223.077,4216.41,4176.795,4218.205,4215.769,сжать руку
62,4200.513,4218.462,4207.179,4220.385,4213.333,4209.487,4206.923,4207.051,4213.077,4223.205,4218.974,4180.385,4222.949,4214.872,сжать руку
62,4200.513,4216.026,4204.744,4213.59,4212.564,4211.923,4208.59,4222.692,4220.897,4228.718,4217.949,4181.154,4220.128,4212.821,сжать руку
62,4197.308,4208.462,4198.077,4210.385,4205.385,4211.667,4213.59,4229.615,4219.872,4224.744,4214.359,4175.0,4216.923,4211.667,сжать руку
62,4200.256,4217.308,4202.949,4221.667,4210.641,4208.462,4201.795,4218.333,4213.205,4224.103,4216.154,4178.462,4227.436,4216.667,сжать руку
62,4207.179,4224.872,4210.0,4225.128,4214.744,4209.615,4194.744,4215.769,4220.641,4235.0,4218.846,4184.744,4232.821,4220.385,сжать руку
62,4206.923,4221.026,4207.949,4219.103,4210.385,4210.128,4205.385,4226.41,4229.872,4242.179,4218.718,4183.846,4232.051,4218.846,сжать руку
62,4209.872,4224.744,4210.513,4222.821,4212.308,4207.949,4210.897,4227.179,4224.359,4239.103,4220.897,4181.538,4235.128,4216.538,сжать руку
62,4216.667,4231.282,4214.615,4228.333,4217.179,4209.615,4205.256,4208.974,4211.41,4229.744,4221.026,4180.256,4231.41,4216.41,сжать руку
62,4210.0,4225.385,4207.179,4220.641,4213.718,4211.026,4200.0,4200.128,4209.615,4221.923,4209.103,4178.718,4221.154,4215.385,сжать руку
62,4200.769,4214.103,4199.359,4210.897,4208.846,4205.641,4198.846,4217.949,4224.744,4219.615,4200.769,4175.897,4214.231,4212.051,сжать руку
62,4195.0,4208.077,4193.718,4207.692,4206.538,4203.59,4205.769,4219.487,4220.256,4210.128,4201.282,4172.051,4205.769,4209.487,сжать руку
62,4191.282,4205.513,4188.846,4206.026,4202.821,4208.718,4211.026,4205.513,4200.769,4199.744,4198.718,4171.154,4198.59,4209.872,сжать руку
62,4198.59,4207.051,4197.179,4207.051,4203.333,4212.949,4208.205,4217.308,4211.282,4206.923,4202.436,4175.897,4206.667,4214.231,сжать руку
62,4207.564,4208.462,4210.256,4209.231,4208.077,4210.256,4209.487,4230.0,4230.128,4218.846,4215.385,4181.41,4218.333,4220.769,сжать руку
62,4203.462,4206.538,4214.231,4209.103,4207.436,4205.256,4211.923,4223.077,4220.256,4227.821,4221.154,4181.795,4224.744,4219.231,сжать руку
62,4199.359,4208.077,4209.103,4209.744,4204.487,4208.333,4206.667,4216.538,4212.051,4239.103,4217.179,4177.949,4228.846,4213.077,сжать руку
62,4201.795,4212.949,4202.949,4213.462,4208.846,4211.667,4199.872,4215.641,4219.872,4238.718,4216.154,4175.256,4225.0,4210.641,сжать руку
62,4200.641,4216.667,4202.564,4212.692,4211.923,4203.59,4194.231,4213.462,4216.282,4226.538,4214.359,4175.0,4218.974,4211.923,сжать руку
62,4200.385,4216.154,4206.282,4210.385,4209.103,4199.744,4196.538,4220.385,4213.974,4225.0,4210.385,4177.179,4219.615,4216.923,сжать руку
62,4208.205,4218.205,4211.282,4214.872,4209.744,4210.897,4204.615,4217.436,4221.923,4226.282,4212.949,4181.538,4220.256,4222.051,сжать руку
62,4215.385,4223.077,4216.026,4218.846,4205.0,4208.462,4196.538,4200.256,4217.308,4212.692,4212.564,4183.718,4215.513,4222.436,сжать руку
62,4212.051,4219.615,4217.051,4213.718,4195.513,4193.974,4186.282,4202.564,4207.564,4205.128,4205.513,4178.718,4208.462,4216.795,сжать руку
62,4197.179,4206.667,4206.538,4204.744,4197.436,4198.718,4195.897,4211.667,4209.103,4212.436,4199.872,4173.205,4203.974,4206.795,сжать руку
62,4181.026,4198.718,4194.359,4203.205,4204.231,4208.846,4201.026,4214.487,4217.564,4219.231,4200.513,4178.333,4208.077,4206.41,сжать руку
62,4179.872,4203.846,4193.974,4206.795,4206.538,4205.513,4196.41,4223.462,4218.077,4229.359,4209.359,4183.205,4222.692,4213.718,сжать руку
62,4187.308,4206.667,4194.615,4207.051,4205.769,4204.103,4203.205,4224.615,4215.0,4237.308,4213.333,4179.231,4227.692,4215.385,сжать руку
62,4190.0,4204.103,4192.179,4204.872,4203.333,4211.026,4212.821,4213.462,4215.897,4229.359,4207.436,4178.077,4220.256,4213.718,сжать руку
62,4198.077,4207.564,4198.333,4206.026,4203.846,4208.974,4198.974,4208.718,4215.0,4223.205,4206.667,4182.436,4222.179,4216.538,сжать руку
62,4214.872,4219.744,4213.077,4212.436,4207.692,4202.821,4183.974,4215.769,4213.718,4232.436,4216.026,4188.59,4230.0,4223.974,сжать руку
62,4223.077,4225.513,4222.821,4215.385,4206.538,4206.154,4190.769,4220.128,4216.538,4236.154,4218.974,4189.359,4230.513,4223.462,сжать руку
62,4213.462,4215.0,4222.179,4210.256,4201.154,4209.744,4195.0,4220.769,4218.205,4227.308,4211.538,4183.846,4224.872,4215.897,сжать руку
62,4195.769,4205.641,4218.59,4204.487,4204.615,4208.077,4194.103,4220.513,4218.59,4220.641,4203.846,4180.0,4220.385,4213.59,сжать руку
62,4186.667,4207.564,4215.513,4205.513,4209.872,4208.59,4208.846,4218.077,4219.359,4216.026,4201.026,4180.385,4216.538,4212.564,сжать руку
62,4193.974,4210.897,4210.897,4208.846,4208.462,4213.205,4219.359,4216.667,4216.282,4208.462,4208.718,4182.179,4211.923,4212.949,сжать руку
62,4205.897,4212.949,4212.051,4214.487,4211.667,4215.0,4209.103,4218.205,4216.41,4212.436,4215.513,4181.923,4213.462,4217.436,сжать руку
62,4206.154,4213.718,4217.179,4218.205,4220.897,4214.103,4209.872,4221.026,4221.795,4225.513,4215.0,4181.41,4218.462,4220.897,сжать руку
62,4197.308,4206.923,4216.282,4212.564,4221.538,4215.0,4220.256,4222.308,4223.974,4231.41,4221.026,4186.026,4222.821,4221.667,сжать руку
62,4192.564,4202.564,4212.179,4206.41,4212.949,4213.59,4211.795,4226.41,4226.795,4238.077,4232.692,4188.462,4227.179,4221.154,сжать руку
62,4190.128,4206.41,4210.128,4208.974,4207.308,4208.974,4203.974,4227.179,4225.641,4244.231,4235.513,4188.718,4230.641,4219.872,сжать руку
62,4189.103,4207.949,4213.333,4213.846,4208.718,4208.846,4208.846,4217.308,4218.077,4241.282,4231.795,4190.641,4232.692,4215.513,сжать руку
62,4193.974,4211.538,4219.744,4212.308,4213.59,4214.615,4213.974,4215.513,4220.256,4244.487,4236.667,4189.744,4235.897,4214.359,сжать руку
62,4195.897,4215.769,4222.564,4210.897,4217.821,4221.538,4222.949,4232.179,4233.59,4255.641,4247.308,4189.231,4240.385,4219.103,сжать руку
62,4187.949,4207.179,4222.436,4210.385,4216.154,4220.897,4229.744,4244.487,4239.615,4255.513,4248.077,4190.385,4238.077,4217.179,сжать руку
62,4190.769,4199.103,4223.59,4207.821,4202.821,4217.436,4225.256,4238.333,4233.205,4243.205,4240.128,4190.256,4229.103,4211.282,сжать руку
62,4214.231,4207.821,4229.744,4211.026,4194.872,4220.513,4224.359,4224.487,4223.718,4229.359,4231.154,4188.59,4222.821,4211.282,сжать руку
62,4220.769,4213.077,4230.641,4211.923,4201.538,4218.59,4223.59,4214.359,4216.795,4213.59,4221.026,4181.538,4212.308,4209.872,сжать руку
62,4202.051,4207.179,4219.359,4206.154,4207.564,4209.231,4212.949,4213.59,4217.692,4203.205,4210.385,4176.154,4201.026,4206.667,сжать руку
62,4193.59,4207.692,4208.718,4204.487,4208.205,4208.077,4211.667,4214.103,4215.897,4197.051,4206.795,4175.641,4202.564,4206.538,сжать руку
62,4196.923,4212.308,4208.59,4208.718,4209.231,4209.744,4210.256,4207.949,4210.641,4191.923,4209.872,4178.333,4209.744,4207.949,сжать руку
62,4189.615,4212.051,4208.718,4207.821,4211.923,4206.154,4201.026,4209.615,4215.128,4197.821,4214.744,4179.359,4210.385,4209.872,сжать руку
62,4180.513,4212.821,4204.744,4202.308,4215.385,4206.026,4205.0,4213.333,4218.462,4209.359,4216.795,4175.513,4208.59,4208.59,сжать руку
62,4190.128,4214.231,4207.564,4202.436,4215.641,4209.615,4209.359,4213.205,4214.103,4219.744,4217.308,4175.641,4215.897,4208.077,сжать руку
62,4198.59,4211.538,4214.615,4207.179,4210.769,4211.026,4203.718,4224.872,4221.923,4235.385,4226.667,4183.59,4227.051,4216.026,сжать руку
62,4200.128,4210.128,4220.0,4209.744,4208.205,4209.231,4202.949,4227.692,4231.667,4245.641,4240.128,4191.538,4235.513,4224.487,сжать руку
62,4210.513,4213.462,4227.436,4208.462,4214.487,4210.0,4206.282,4216.667,4225.385,4244.744,4243.59,4194.231,4240.385,4226.923,сжать руку
62,4224.231,4218.59,4235.0,4211.795,4216.667,4214.231,4200.897,4216.282,4216.667,4241.667,4239.744,4193.205,4238.077,4224.744,сжать руку
62,4232.308,4222.179,4241.154,4220.513,4209.487,4213.718,4195.128,4220.128,4215.513,4235.0,4237.308,4194.615,4231.923,4225.256,сжать руку
62,4237.949,4224.615,4245.0,4220.641,4207.308,4209.744,4199.487,4216.538,4218.846,4223.718,4232.949,4196.923,4225.641,4226.667,сжать руку
62,4231.282,4223.205,4239.487,4213.205,4209.872,4209.103,4206.538,4212.436,4216.282,4206.282,4218.205,4191.282,4214.487,4217.308,сжать руку
62,4210.769,4217.308,4221.667,4209.872,4208.333,4210.0,4206.923,4207.692,4204.744,4186.667,4200.769,4180.641,4200.897,4205.769,сжать руку
62,4199.231,4211.538,4212.692,4209.359,4208.462,4207.821,4194.487,4204.487,4202.179,4187.436,4198.974,4178.59,4199.359,4204.359,сжать руку
62,4199.103,4210.128,4216.667,4207.564,4213.462,4203.462,4181.282,4210.128,4211.154,4205.513,4212.436,4185.897,4208.205,4209.103,сжать руку
62,4198.846,4208.718,4213.846,4204.872,4212.692,4206.795,4191.795,4218.077,4215.513,4216.282,4220.513,4184.744,4212.821,4209.615,сжать руку
62,4197.692,4202.949,4205.641,4202.179,4206.923,4215.128,4211.538,4223.077,4216.154,4218.974,4215.513,4178.077,4210.641,4208.974,сжать руку
62,4199.872,4205.897,4213.205,4206.795,4203.718,4212.949,4211.282,4225.897,4219.872,4225.641,4217.821,4184.744,4215.769,4217.051,сжать руку
62,4208.077,4215.385,4228.846,4215.128,4203.718,4208.077,4206.795,4220.641,4218.462,4234.615,4230.0,4192.692,4227.821,4224.487,сжать руку
62,4212.821,4209.359,4228.846,4212.692,4202.308,4212.821,4211.667,4218.077,4216.154,4237.564,4235.0,4190.769,4233.59,4225.128,сжать руку
62,4208.462,4197.692,4225.128,4206.923,4199.487,4211.795,4206.41,4223.333,4221.923,4235.513,4234.872,4190.769,4235.256,4222.821,сжать руку
62,4207.308,4195.897,4228.333,4207.949,4196.154,4202.692,4200.128,4217.436,4219.359,4228.974,4231.026,4191.923,4233.333,4218.59,сжать руку
62,4215.0,4199.103,4228.846,4208.846,4193.846,4202.821,4207.949,4203.718,4208.974,4217.179,4221.923,4190.513,4225.897,4217.564,сжать руку
62,4223.59,4207.949,4228.59,4211.923,4195.897,4208.333,4213.205,4208.974,4208.974,4211.282,4217.051,4191.795,4217.179,4221.026,сжать руку
62,4227.308,4217.308,4230.128,4215.128,4202.051,4207.564,4204.231,4213.462,4207.949,4208.846,4219.359,4191.41,4216.667,4224.615,сжать руку
62,4223.974,4215.769,4229.231,4216.41,4208.205,4201.795,4195.0,4202.949,4200.513,4199.359,4217.692,4189.103,4218.59,4224.359,сжать руку
62,4217.564,4212.692,4223.077,4220.897,4213.077,4199.359,4198.846,4209.103,4207.308,4200.256,4213.974,4188.59,4214.744,4219.744,сжать руку
62,4209.615,4212.179,4220.256,4219.872,4213.333,4206.538,4217.821,4228.333,4218.974,4216.154,4217.564,4188.077,4215.0,4215.769,сжать руку
62,4203.333,4213.333,4222.179,4215.0,4213.718,4213.718,4227.564,4224.872,4216.667,4226.538,4218.59,4181.538,4216.923,4210.769,сжать руку
62,4203.077,4218.333,4220.641,4217.821,4217.949,4211.154,4215.385,4207.692,4208.718,4219.744,4215.897,4174.872,4214.615,4206.41,сжать руку
62,4206.282,4217.436,4219.487,4221.154,4218.205,4207.564,4206.154,4203.974,4206.282,4211.41,4217.692,4179.359,4214.103,4211.41,сжать руку
62,4209.487,4210.256,4222.692,4215.256,4209.359,4207.821,4208.59,4208.205,4208.846,4216.795,4219.359,4185.897,4218.59,4219.615,сжать руку
62,4214.872,4214.487,4227.051,4216.026,4206.154,4204.359,4209.615,4211.795,4213.462,4223.077,4216.795,4185.0,4218.462,4223.846,сжать руку
62,4216.154,4222.436,4228.333,4223.974,4211.282,4201.667,4207.564,4223.205,4217.179,4219.872,4220.897,4182.692,4217.692,4224.487,сжать руку
62,4211.923,4214.744,4226.923,4220.128,4209.744,4206.41,4203.846,4230.0,4217.564,4217.949,4229.872,4184.231,4224.615,4224.487,сжать руку
62,4214.487,4207.692,4227.179,4213.077,4206.026,4208.974,4201.923,4215.385,4210.769,4221.667,4229.615,4187.564,4227.564,4224.744,сжать руку
62,4219.487,4210.256,4230.0,4212.821,4209.487,4207.179,4209.872,4206.154,4207.821,4221.154,4223.59,4187.308,4224.231,4223.077,сжать руку
62,4211.667,4205.256,4229.231,4209.103,4204.872,4208.205,4218.718,4213.59,4211.026,4213.333,4220.0,4186.282,4218.077,4223.59,сжать руку
63,4207.179,4194.872,4227.308,4206.41,4199.615,4201.154,4200.641,4214.615,4218.846,4223.462,4217.436,4186.41,4220.256,4220.769,разжать руку
63,4207.949,4201.41,4219.103,4207.564,4207.179,4195.385,4202.308,4212.436,4214.872,4219.744,4214.744,4183.077,4222.436,4213.462,разжать руку
63,4207.821,4208.846,4215.385,4208.718,4209.231,4200.769,4201.41,4203.205,4206.667,4212.692,4213.59,4180.385,4217.308,4215.897,разжать руку
63,4210.0,4211.795,4221.026,4211.538,4208.205,4204.487,4195.128,4202.564,4206.923,4218.333,4215.769,4181.154,4213.974,4218.462,разжать руку
63,4205.513,4210.128,4220.641,4211.795,4208.333,4199.615,4195.897,4215.641,4215.0,4222.179,4215.769,4182.692,4217.308,4213.333,разжать руку
63,4198.718,4210.128,4217.436,4209.487,4210.897,4205.0,4203.59,4215.128,4213.718,4212.692,4212.821,4178.077,4217.308,4210.641,разжать руку
63,4197.949,4208.462,4217.179,4208.077,4212.564,4216.667,4206.667,4213.077,4206.667,4213.718,4214.359,4176.923,4213.205,4217.051,разжать руку
63,4203.59,4206.154,4219.744,4208.333,4210.641,4213.59,4208.333,4220.769,4210.385,4226.282,4216.667,4185.385,4219.103,4223.718,разжать руку
63,4208.974,4208.846,4226.282,4208.205,4207.821,4203.846,4209.231,4216.538,4214.872,4227.179,4216.795,4190.641,4227.564,4222.051,разжать руку
63,4211.026,4212.436,4231.154,4208.333,4207.692,4207.179,4203.077,4203.077,4208.205,4222.949,4215.641,4187.692,4224.615,4218.462,разжать руку
63,4211.538,4213.846,4227.179,4209.487,4209.615,4213.205,4198.59,4205.769,4204.872,4225.256,4215.897,4186.923,4220.513,4221.154,разжать руку
63,4210.897,4213.974,4223.974,4209.615,4212.051,4207.949,4203.974,4218.718,4213.205,4226.923,4218.59,4189.103,4223.846,4225.256,разжать руку
63,4205.0,4212.179,4223.974,4209.103,4212.949,4203.077,4212.051,4210.256,4209.487,4220.0,4217.564,4182.821,4220.769,4222.821,разжать руку
63,4198.462,4205.513,4221.026,4207.949,4210.513,4203.205,4210.897,4198.718,4201.026,4215.0,4211.795,4177.949,4212.821,4219.744,разжать руку
63,4201.282,4205.897,4222.692,4207.179,4207.436,4207.436,4206.282,4207.179,4206.154,4220.769,4213.59,4183.59,4217.692,4220.128,разжать руку
63,4208.846,4217.949,4226.154,4210.641,4211.667,4208.718,4205.256,4210.513,4205.641,4226.923,4217.051,4183.59,4226.923,4216.538,разжать руку
63,4209.615,4221.41,4221.667,4214.744,4218.59,4198.974,4200.385,4199.359,4198.077,4221.795,4207.179,4176.282,4220.769,4211.923,разжать руку
63,4203.205,4211.026,4214.359,4212.692,4218.333,4192.821,4200.641,4199.615,4196.538,4210.0,4198.846,4174.615,4209.744,4211.41,разжать руку
63,4196.795,4206.795,4208.846,4205.769,4212.949,4200.897,4202.949,4206.667,4196.923,4208.333,4206.026,4178.333,4209.359,4212.564,разжать руку
63,4199.487,4214.487,4210.0,4208.077,4214.103,4210.0,4196.667,4211.795,4205.641,4222.179,4216.538,4181.282,4219.615,4217.051,разжать руку
63,4205.641,4216.154,4218.205,4216.795,4216.923,4208.846,4198.077,4217.949,4215.0,4233.974,4218.462,4179.359,4228.333,4219.103,разжать руку
63,4209.487,4214.487,4223.205,4219.359,4210.256,4206.538,4210.897,4211.026,4206.923,4219.744,4209.359,4179.872,4225.128,4220.0,разжать руку
63,4224.359,4228.974,4230.128,4223.205,4205.0,4206.026,4212.051,4205.0,4200.128,4206.026,4206.41,4188.333,4223.462,4230.0,разжать руку
63,4249.103,4251.026,4245.513,4234.231,4210.641,4198.333,4198.718,4208.077,4203.205,4217.051,4217.051,4192.692,4234.487,4240.769,разжать руку
63,4261.026,4263.205,4253.462,4242.436,4212.564,4191.923,4200.897,4200.641,4197.692,4219.615,4221.282,4190.897,4237.821,4241.026,разжать руку
63,4254.487,4256.41,4248.333,4234.744,4205.513,4190.0,4210.256,4187.821,4189.103,4205.769,4215.256,4188.59,4227.949,4235.0,разжать руку
63,4244.872,4243.462,4242.051,4223.205,4202.051,4191.026,4203.077,4192.179,4191.41,4200.513,4213.59,4186.538,4225.897,4231.795,разжать руку
63,4238.077,4241.795,4235.256,4226.923,4209.615,4202.051,4202.564,4209.231,4203.462,4208.846,4218.974,4187.436,4234.615,4228.718,разжать руку
63,4232.308,4245.897,4228.205,4231.795,4220.513,4210.897,4211.282,4214.103,4211.667,4219.359,4222.051,4185.256,4240.769,4222.692,разжать руку
63,4227.436,4243.462,4226.026,4227.179,4222.949,4203.077,4206.795,4209.615,4208.718,4228.718,4221.923,4181.41,4241.026,4221.923,разжать руку
63,4225.897,4237.692,4228.333,4223.59,4217.949,4196.282,4199.487,4211.923,4207.436,4231.282,4223.718,4183.462,4235.513,4224.615,разжать руку
63,4228.59,4236.026,4231.923,4226.538,4215.256,4200.897,4206.026,4207.436,4210.897,4223.846,4228.974,4186.667,4231.795,4224.615,разжать руку
63,4231.667,4237.436,4235.897,4225.769,4217.692,4203.718,4212.821,4189.872,4203.59,4217.308,4233.333,4187.308,4229.615,4225.0,разжать руку
63,4229.615,4237.179,4236.026,4224.487,4216.538,4201.026,4208.974,4195.641,4204.103,4213.974,4228.462,4186.667,4218.974,4223.718,разжать руку
63,4225.385,4235.128,4233.718,4229.359,4212.051,4200.128,4201.923,4217.821,4216.923,4212.821,4220.513,4184.615,4212.308,4218.333,разжать руку
63,4221.026,4232.179,4232.564,4228.205,4214.872,4203.718,4202.051,4211.282,4211.282,4209.615,4215.385,4178.205,4215.256,4211.795,разжать руку
63,4215.256,4227.692,4226.538,4220.641,4218.974,4205.513,4203.59,4199.487,4202.564,4202.179,4214.359,4175.769,4210.641,4210.0,разжать руку
63,4209.487,4226.026,4221.41,4221.538,4221.154,4204.615,4196.795,4203.974,4210.128,4204.487,4216.667,4179.744,4203.974,4213.718,разжать руку
63,4208.333,4229.487,4223.846,4226.41,4226.667,4209.744,4194.231,4204.744,4210.897,4210.513,4215.513,4177.051,4207.308,4215.0,разжать руку
63,4206.923,4228.205,4226.026,4223.846,4225.513,4212.179,4202.692,4213.462,4211.795,4210.897,4215.769,4175.897,4212.564,4216.923,разжать руку
63,4205.385,4222.308,4223.846,4221.795,4218.974,4204.231,4199.487,4218.718,4219.231,4212.308,4216.795,4179.231,4212.308,4219.103,разжать руку
63,4205.769,4221.795,4222.051,4223.077,4221.41,4199.615,4188.205,4193.59,4206.923,4212.436,4215.897,4176.923,4213.333,4216.795,разжать руку
63,4206.154,4222.821,4224.872,4219.872,4220.769,4204.487,4195.641,4177.308,4188.077,4204.359,4215.641,4174.359,4219.231,4217.308,разжать руку
63,4208.205,4214.615,4226.026,4215.0,4209.872,4206.795,4207.051,4191.795,4194.103,4199.744,4216.154,4174.872,4220.0,4218.846,разжать руку
63,4210.385,4208.59,4223.718,4212.051,4208.59,4203.462,4206.282,4192.436,4200.128,4205.897,4217.051,4174.231,4217.949,4219.359,разжать руку
63,4207.564,4217.564,4223.205,4213.718,4216.282,4198.846,4206.026,4188.205,4199.103,4208.974,4216.923,4173.974,4217.692,4218.846,разжать руку
63,4207.949,4226.538,4225.128,4218.077,4217.436,4193.077,4197.436,4198.59,4205.256,4206.026,4216.795,4174.359,4214.615,4215.513,разжать руку
63,4213.205,4221.41,4224.231,4220.128,4216.282,4196.41,4195.513,4206.795,4208.462,4205.0,4214.231,4173.974,4214.103,4214.872,разжать руку
63,4213.718,4218.59,4223.333,4219.103,4219.872,4206.282,4215.128,4222.949,4214.872,4211.154,4212.564,4175.0,4215.256,4215.641,разжать руку
63,4209.744,4223.462,4225.128,4217.564,4221.41,4207.564,4221.026,4242.564,4226.795,4221.026,4213.205,4178.205,4214.744,4211.795,разжать руку
63,4206.795,4226.026,4223.718,4218.974,4225.385,4205.769,4204.615,4230.897,4224.615,4227.051,4215.897,4176.41,4215.769,4209.231,разжать руку
63,4205.513,4224.744,4218.846,4219.487,4225.128,4208.077,4202.308,4208.846,4213.846,4225.769,4216.795,4171.923,4218.205,4213.205,разжать руку
63,4208.846,4222.051,4218.333,4217.692,4215.128,4206.154,4213.462,4212.949,4212.308,4214.359,4209.744,4174.744,4215.256,4216.795,разжать руку
63,4214.231,4223.333,4223.846,4215.256,4215.641,4197.179,4210.0,4210.897,4207.051,4205.897,4206.41,4176.667,4213.846,4215.385,разжать руку
63,4212.821,4223.462,4222.436,4210.385,4222.564,4195.256,4206.282,4191.41,4192.564,4205.513,4211.667,4175.385,4215.513,4213.974,разжать руку
63,4209.615,4218.205,4216.795,4208.205,4218.974,4204.744,4216.026,4193.077,4191.282,4202.051,4215.256,4177.949,4216.026,4212.051,разжать руку
63,4207.564,4213.974,4217.564,4208.718,4216.282,4209.615,4216.41,4210.256,4201.538,4202.051,4214.615,4179.359,4220.385,4210.897,разжать руку
63,4205.641,4213.077,4216.795,4206.026,4220.256,4204.103,4207.564,4212.692,4206.923,4210.513,4212.692,4179.359,4220.256,4215.769,разжать руку
63,4201.923,4213.718,4210.769,4205.0,4218.333,4207.179,4207.692,4200.897,4203.077,4214.872,4207.308,4176.667,4214.487,4215.128,разжать руку
63,4195.641,4208.077,4205.513,4205.641,4215.513,4219.359,4210.897,4199.487,4204.103,4212.436,4198.846,4170.0,4208.077,4207.949,разжать руку
63,4197.692,4203.59,4207.051,4204.872,4218.333,4218.59,4206.41,4218.077,4217.692,4219.744,4198.718,4171.795,4205.513,4210.641,разжать руку
63,4201.154,4209.744,4211.667,4205.128,4218.205,4208.974,4207.949,4228.59,4224.872,4232.692,4205.256,4175.897,4210.128,4216.026,разжать руку
63,4201.154,4219.231,4213.462,4208.077,4217.692,4205.769,4209.487,4211.923,4216.154,4230.0,4205.769,4173.974,4217.949,4216.923,разжать руку
63,4201.154,4218.974,4211.923,4209.615,4218.205,4207.821,4206.667,4202.564,4210.128,4221.282,4204.103,4174.231,4218.846,4216.538,разжать руку
63,4198.846,4210.128,4210.256,4208.333,4214.359,4207.051,4210.769,4215.641,4213.718,4218.333,4210.0,4176.667,4213.846,4213.333,разжать руку
63,4201.667,4211.154,4214.103,4207.564,4211.026,4202.179,4211.154,4219.615,4212.692,4217.308,4214.744,4175.128,4215.513,4214.487,разжать руку
63,4209.231,4221.41,4219.103,4210.385,4213.718,4201.026,4195.769,4201.026,4199.103,4209.359,4208.846,4173.462,4220.385,4217.308,разжать руку
63,4203.462,4218.59,4212.436,4208.205,4213.974,4205.641,4190.641,4187.692,4190.0,4193.718,4202.692,4172.051,4212.949,4211.667,разжать руку
63,4191.026,4204.615,4200.128,4198.846,4209.487,4209.487,4204.744,4195.385,4197.436,4185.385,4200.385,4170.0,4202.692,4207.051,разжать руку
63,4193.846,4203.205,4199.359,4198.59,4206.795,4205.385,4203.333,4203.077,4202.436,4191.282,4198.974,4171.923,4206.795,4208.846,разжать руку
63,4191.923,4209.615,4198.846,4201.154,4207.692,4197.821,4190.128,4201.154,4197.051,4195.897,4200.385,4173.462,4209.359,4207.564,разжать руку
63,4185.641,4207.051,4193.59,4198.205,4208.846,4198.846,4198.462,4205.256,4203.205,4196.667,4199.487,4169.231,4205.0,4204.744,разжать руку
63,4192.692,4206.795,4198.59,4203.333,4211.41,4205.641,4210.897,4217.564,4214.744,4206.154,4199.359,4168.718,4207.436,4207.179,разжать руку
63,4195.769,4211.538,4204.359,4209.231,4215.385,4204.487,4205.641,4225.0,4213.462,4215.385,4203.333,4172.308,4208.974,4209.487,разжать руку
63,4191.795,4211.795,4202.308,4205.128,4214.744,4202.564,4202.821,4217.564,4207.436,4212.564,4204.744,4170.641,4205.256,4208.718,разжать руку
63,4192.949,4208.718,4197.564,4204.103,4211.154,4211.154,4211.795,4198.077,4202.564,4204.231,4202.051,4164.872,4202.179,4208.333,разжать руку
63,4194.487,4207.821,4197.692,4207.949,4212.179,4214.103,4210.641,4197.051,4204.103,4202.949,4201.026,4162.308,4205.256,4206.795,разжать руку
63,4197.821,4212.949,4202.564,4207.051,4215.513,4206.154,4201.538,4213.077,4210.769,4210.897,4203.205,4166.41,4211.538,4207.308,разжать руку
63,4205.769,4218.462,4205.769,4207.308,4215.128,4203.59,4202.821,4213.333,4210.641,4215.385,4203.846,4171.667,4212.308,4210.641,разжать руку
63,4203.59,4215.769,4199.744,4205.513,4210.641,4203.462,4210.256,4200.513,4203.333,4209.615,4201.923,4164.872,4208.974,4208.077,разжать руку
63,4197.308,4210.128,4195.385,4199.615,4207.821,4199.231,4208.333,4203.333,4201.923,4206.41,4200.769,4161.282,4209.872,4207.051,разжать руку
63,4200.769,4211.667,4202.949,4198.333,4210.128,4205.128,4207.949,4215.897,4209.744,4214.744,4201.667,4170.769,4211.667,4210.256,разжать руку
63,4204.615,4215.256,4206.923,4201.41,4209.103,4208.974,4213.077,4213.462,4212.308,4219.615,4199.872,4174.872,4209.487,4210.385,разжать руку
63,4206.282,4215.513,4205.385,4206.154,4208.077,4199.744,4204.744,4206.154,4208.333,4219.359,4199.872,4172.692,4213.077,4208.59,разжать руку
63,4204.872,4214.872,4202.436,4206.154,4213.846,4200.256,4195.256,4208.846,4205.256,4216.795,4202.564,4172.564,4214.359,4204.872,разжать руку
63,4195.641,4208.59,4196.667,4198.462,4211.795,4213.718,4204.744,4211.026,4206.282,4199.872,4194.359,4173.205,4204.487,4202.564,разжать руку
63,4187.564,4201.026,4192.692,4194.103,4202.436,4216.026,4217.308,4208.846,4202.308,4187.564,4183.59,4169.872,4198.59,4202.564,разжать руку
63,4190.513,4201.154,4192.564,4193.333,4201.795,4206.026,4214.872,4208.333,4197.051,4195.128,4189.487,4168.205,4202.564,4202.051,разжать руку
63,4195.385,4207.436,4197.179,4192.692,4209.872,4202.949,4207.692,4208.462,4203.974,4204.872,4201.282,4172.564,4208.462,4207.692,разжать руку
63,4194.872,4211.667,4201.923,4195.0,4211.154,4207.692,4208.974,4205.897,4205.385,4206.154,4201.026,4173.59,4211.667,4214.103,разжать руку
63,4197.308,4210.0,4200.0,4197.051,4205.0,4207.564,4215.769,4205.128,4197.436,4205.128,4198.462,4172.821,4211.154,4213.718,разжать руку
63,4203.205,4208.462,4198.462,4196.538,4204.744,4201.41,4213.205,4207.949,4203.462,4207.308,4201.026,4175.128,4212.308,4212.308,разжать руку
63,4201.795,4210.385,4202.051,4198.846,4208.205,4197.051,4195.513,4210.256,4215.0,4211.282,4199.872,4174.615,4212.949,4211.154,разжать руку
63,4199.487,4210.513,4200.897,4200.0,4207.179,4202.821,4195.256,4203.333,4207.179,4211.538,4198.59,4170.897,4211.41,4212.179,разжать руку
63,4202.179,4209.231,4198.846,4196.154,4207.692,4210.128,4211.538,4198.205,4201.154,4210.0,4201.538,4169.872,4212.179,4215.641,разжать руку
63,4205.513,4208.974,4205.897,4194.103,4211.795,4209.359,4210.897,4212.051,4214.231,4216.41,4204.615,4174.744,4217.564,4217.436,разжать руку
63,4200.641,4200.897,4206.923,4192.051,4206.41,4208.333,4205.897,4216.026,4214.103,4220.256,4204.615,4176.282,4215.385,4214.103,разжать руку
63,4188.59,4191.795,4193.59,4189.359,4200.513,4206.41,4206.154,4205.385,4205.0,4211.795,4196.923,4167.436,4201.154,4207.821,разжать руку
63,4187.692,4204.103,4186.41,4193.59,4208.462,4204.487,4204.359,4211.923,4209.872,4208.462,4192.308,4164.744,4197.436,4208.846,разжать руку
63,4201.41,4224.359,4199.615,4202.692,4217.564,4210.769,4212.949,4218.205,4213.846,4214.872,4198.077,4172.179,4210.128,4213.462,разжать руку
64,4205.513,4224.872,4207.949,4207.051,4217.692,4210.769,4217.821,4209.872,4211.282,4216.795,4197.436,4165.897,4208.462,4211.923,сжать руку
64,4197.436,4224.487,4195.513,4198.205,4216.41,4206.41,4217.564,4201.923,4203.205,4210.513,4194.359,4165.513,4205.897,4209.872,сжать руку
64,4198.718,4214.744,4193.718,4193.205,4212.308,4207.692,4216.282,4192.692,4197.436,4210.513,4196.667,4175.641,4211.795,4211.41,сжать руку
64,4202.051,4214.231,4203.462,4196.795,4215.256,4210.385,4206.154,4206.154,4208.333,4219.487,4201.538,4178.205,4214.103,4212.949,сжать руку
64,4199.487,4221.923,4204.872,4195.128,4219.615,4208.718,4211.41,4226.795,4219.103,4225.128,4203.718,4173.846,4212.564,4210.897,сжать руку
64,4196.923,4216.026,4196.026,4193.718,4218.333,4206.282,4219.103,4224.487,4216.154,4225.0,4201.154,4176.538,4212.308,4209.487,сжать руку
64,4202.436,4214.103,4197.564,4201.282,4220.385,4210.0,4212.692,4202.949,4206.795,4225.256,4205.385,4177.179,4213.718,4213.333,сжать руку
64,4203.462,4223.205,4208.205,4204.615,4224.231,4213.974,4216.026,4195.641,4203.974,4225.897,4214.487,4173.462,4216.667,4217.949,сжать руку
64,4202.308,4218.974,4213.077,4203.846,4225.513,4212.821,4231.538,4222.179,4214.487,4225.897,4217.179,4176.667,4218.462,4216.026,сжать руку
64,4207.051,4213.718,4214.359,4208.205,4225.897,4213.077,4232.564,4229.615,4216.154,4225.0,4217.051,4185.256,4220.0,4213.974,сжать руку
64,4208.462,4223.205,4216.923,4206.41,4227.179,4214.487,4221.667,4204.103,4204.872,4221.282,4220.0,4187.692,4224.872,4220.256,сжать руку
64,4205.769,4220.897,4214.231,4194.872,4225.128,4216.795,4228.205,4203.077,4205.769,4219.359,4223.462,4180.0,4221.923,4221.026,сжать руку
64,4206.026,4208.077,4211.154,4192.564,4220.769,4221.923,4243.462,4225.641,4216.795,4223.718,4221.923,4174.744,4214.615,4213.077,сжать руку
64,4205.256,4212.949,4213.205,4199.615,4223.846,4221.41,4236.538,4227.179,4220.256,4230.897,4220.897,4177.692,4216.282,4211.154,сжать руку
64,4200.513,4217.051,4210.769,4197.308,4226.795,4215.0,4220.897,4212.179,4215.769,4228.846,4222.179,4178.718,4218.59,4215.513,сжать руку
64,4199.103,4208.205,4206.538,4192.949,4221.026,4215.897,4220.769,4204.487,4210.0,4217.949,4220.641,4175.385,4213.462,4215.641,сжать руку
64,4203.462,4208.718,4210.641,4195.641,4219.615,4217.821,4226.41,4205.256,4206.923,4217.821,4217.692,4173.59,4210.385,4214.487,сжать руку
64,4206.154,4216.026,4216.154,4199.744,4222.821,4209.359,4224.615,4214.615,4214.231,4226.538,4216.923,4177.051,4212.949,4218.974,сжать руку
64,4207.949,4221.282,4217.821,4204.487,4220.256,4203.333,4217.179,4218.59,4220.256,4230.128,4220.256,4182.179,4217.692,4221.282,сжать руку
64,4212.821,4226.538,4220.769,4209.359,4221.282,4206.923,4211.795,4205.769,4212.051,4229.615,4225.769,4183.462,4223.333,4217.308,сжать руку
64,4215.641,4226.667,4223.718,4208.974,4225.128,4208.59,4218.077,4205.256,4212.564,4228.59,4226.282,4180.769,4223.077,4215.641,сжать руку
64,4214.615,4222.949,4226.667,4208.462,4222.179,4211.538,4227.949,4215.641,4217.564,4227.051,4226.026,4176.026,4219.744,4215.128,сжать руку
64,4212.821,4223.333,4225.897,4209.872,4222.179,4217.308,4224.359,4212.308,4214.744,4226.282,4226.795,4175.641,4221.538,4214.615,сжать руку
64,4208.974,4224.103,4219.359,4208.59,4228.077,4218.718,4226.667,4212.564,4216.154,4222.949,4222.051,4177.949,4222.179,4212.949,сжать руку
64,4207.308,4223.077,4218.333,4206.923,4227.821,4216.538,4232.692,4218.462,4218.333,4216.923,4216.667,4174.615,4216.41,4208.59,сжать руку
64,4208.462,4221.026,4219.744,4206.538,4222.821,4215.385,4222.179,4206.795,4214.231,4216.154,4217.692,4172.179,4212.564,4209.103,сжать руку
64,4211.667,4218.846,4217.949,4205.769,4223.333,4215.513,4220.385,4204.103,4213.462,4223.333,4222.179,4175.641,4217.308,4215.128,сжать руку
64,4210.0,4217.949,4216.154,4204.487,4225.513,4213.205,4229.872,4220.513,4219.231,4230.513,4223.205,4176.667,4221.795,4218.077,сжать руку
64,4206.41,4217.949,4216.923,4206.282,4226.538,4210.641,4222.308,4217.692,4219.744,4233.718,4222.179,4175.385,4221.923,4217.051,сжать руку
64,4204.615,4217.179,4213.077,4206.795,4226.282,4211.667,4209.615,4205.0,4215.641,4232.564,4217.179,4172.308,4219.615,4209.744,сжать руку
64,4198.462,4213.718,4207.179,4199.359,4219.615,4212.564,4216.154,4210.769,4215.385,4226.154,4210.128,4168.974,4214.872,4201.667,сжать руку
64,4190.769,4209.872,4204.487,4194.872,4213.718,4211.795,4225.513,4216.667,4218.59,4219.872,4206.923,4170.385,4210.897,4202.692,сжать руку
64,4192.051,4209.744,4205.897,4198.462,4215.0,4210.641,4223.333,4211.923,4216.667,4216.795,4211.667,4178.077,4211.538,4209.487,сжать руку
64,4203.205,4209.359,4215.385,4200.513,4215.128,4210.641,4221.667,4205.385,4211.026,4219.231,4219.487,4184.359,4218.077,4217.692,сжать руку
64,4203.462,4207.564,4218.59,4200.641,4210.897,4208.718,4223.205,4206.795,4212.564,4225.641,4216.923,4181.538,4222.821,4217.821,сжать руку
64,4196.923,4212.179,4211.795,4204.872,4211.282,4209.872,4228.333,4226.026,4220.385,4225.128,4213.462,4178.974,4216.154,4212.949,сжать руку
64,4199.359,4220.256,4208.718,4206.026,4216.667,4209.487,4225.513,4231.026,4220.513,4219.359,4215.128,4181.667,4208.846,4212.821,сжать руку
64,4200.641,4215.769,4210.385,4200.256,4212.051,4205.385,4216.154,4212.564,4213.205,4216.538,4214.231,4182.308,4207.692,4210.513,сжать руку
64,4194.615,4208.077,4210.641,4197.051,4203.59,4210.256,4223.462,4214.487,4213.077,4217.821,4214.487,4177.308,4207.949,4206.538,сжать руку
64,4194.615,4212.692,4210.513,4199.487,4209.487,4215.513,4234.615,4226.282,4220.128,4219.615,4215.769,4173.59,4209.359,4208.59,сжать руку
64,4205.128,4220.513,4214.103,4204.231,4217.949,4207.179,4219.872,4212.821,4216.923,4221.538,4216.026,4178.718,4215.385,4215.641,сжать руку
64,4213.59,4225.256,4220.385,4210.385,4218.077,4206.41,4207.692,4205.0,4213.59,4227.179,4217.051,4183.974,4220.769,4221.154,сжать руку
64,4215.513,4228.205,4225.385,4211.41,4217.308,4216.154,4219.359,4218.59,4224.359,4230.256,4216.923,4179.487,4221.154,4220.385,сжать руку
64,4212.692,4225.897,4220.769,4206.282,4216.795,4211.923,4222.949,4218.974,4222.436,4225.769,4215.513,4178.846,4220.641,4216.923,сжать руку
64,4206.026,4216.795,4215.769,4202.821,4213.462,4209.359,4224.231,4212.308,4209.487,4221.667,4215.641,4185.0,4217.949,4212.308,сжать руку
64,4200.385,4209.872,4216.282,4200.513,4210.128,4217.692,4236.41,4220.385,4213.718,4222.949,4216.41,4183.462,4213.974,4209.872,сжать руку
64,4197.821,4211.667,4213.846,4200.513,4211.41,4217.564,4237.308,4226.41,4221.538,4226.538,4216.154,4178.462,4216.282,4210.641,сжать руку
64,4194.744,4210.641,4211.154,4200.769,4217.179,4212.308,4229.103,4219.615,4215.385,4227.308,4217.051,4177.308,4218.718,4210.897,сжать руку
64,4188.846,4205.385,4209.872,4198.077,4217.692,4213.333,4227.821,4212.308,4210.641,4222.564,4216.282,4179.487,4213.59,4211.282,сжать руку
64,4192.692,4209.359,4212.179,4197.436,4215.513,4215.513,4229.231,4223.718,4220.769,4225.0,4218.718,4182.692,4215.513,4213.333,сжать руку
64,4207.436,4219.744,4217.051,4202.308,4216.795,4212.949,4225.513,4228.462,4222.051,4231.923,4224.103,4182.436,4226.667,4215.769,сжать руку
64,4215.641,4220.513,4219.231,4205.256,4214.872,4211.026,4220.0,4212.564,4205.769,4224.487,4220.513,4180.513,4226.538,4218.462,сжать руку
64,4219.231,4219.615,4219.487,4203.59,4205.897,4209.231,4211.41,4207.436,4202.692,4216.026,4214.487,4180.0,4222.179,4219.615,сжать руку
64,4228.846,4235.128,4224.103,4206.538,4206.026,4207.564,4207.308,4222.308,4217.179,4224.103,4218.205,4184.231,4227.051,4223.205,сжать руку
64,4238.462,4252.821,4233.59,4211.923,4212.821,4206.923,4216.282,4225.769,4215.128,4230.641,4222.179,4184.359,4230.769,4226.41,сжать руку
64,4240.385,4254.744,4238.462,4214.103,4210.769,4204.231,4220.641,4205.897,4197.821,4220.0,4219.103,4180.385,4228.718,4224.231,сжать руку
64,4240.513,4252.949,4235.769,4212.821,4206.667,4202.821,4209.487,4195.0,4196.667,4208.846,4218.333,4181.667,4228.718,4224.231,сжать руку
64,4241.923,4256.795,4232.564,4210.641,4208.974,4207.821,4200.513,4202.821,4203.205,4209.872,4220.769,4181.282,4231.667,4226.667,сжать руку
64,4239.231,4255.897,4232.051,4211.282,4212.564,4210.641,4206.538,4205.385,4200.0,4208.846,4217.949,4175.897,4228.718,4224.487,сжать руку
64,4236.667,4254.744,4234.744,4213.205,4214.872,4201.282,4209.744,4208.718,4203.205,4206.41,4215.256,4176.923,4225.641,4221.538,сжать руку
64,4234.103,4255.897,4233.974,4211.41,4214.103,4198.462,4204.487,4220.641,4211.026,4215.513,4216.282,4182.179,4226.667,4221.923,сжать руку
64,4223.718,4245.385,4224.359,4205.897,4214.744,4211.538,4209.872,4222.949,4207.821,4220.641,4213.205,4181.538,4221.795,4219.231,сжать руку
64,4208.205,4230.641,4210.128,4198.59,4219.487,4220.769,4225.897,4209.231,4201.923,4204.103,4203.974,4173.333,4205.513,4207.949,сжать руку
64,4194.103,4217.308,4199.872,4191.923,4218.462,4220.385,4229.359,4200.897,4195.128,4185.769,4195.897,4169.487,4194.744,4203.205,сжать руку
64,4188.462,4210.769,4196.795,4192.436,4212.436,4218.974,4214.872,4203.077,4188.59,4186.154,4195.513,4173.333,4199.103,4208.333,сжать руку
64,4191.282,4214.615,4199.359,4195.128,4209.615,4213.718,4211.282,4214.744,4201.538,4196.667,4199.744,4173.718,4205.385,4209.744,сжать руку
64,4200.256,4216.923,4205.513,4193.846,4207.436,4208.077,4222.821,4226.667,4214.615,4202.436,4201.282,4171.282,4205.513,4211.538,сжать руку
64,4205.513,4218.462,4212.949,4197.564,4212.179,4208.333,4216.41,4212.949,4205.769,4206.026,4201.282,4174.231,4206.667,4216.282,сжать руку
64,4202.821,4218.462,4213.846,4200.128,4219.231,4208.718,4203.205,4202.564,4201.154,4213.205,4201.667,4178.846,4211.026,4215.385,сжать руку
64,4196.795,4210.769,4207.692,4193.077,4214.487,4211.154,4212.051,4219.615,4210.385,4216.41,4203.077,4177.436,4213.333,4211.923,сжать руку
64,4196.41,4208.333,4205.897,4192.436,4211.795,4213.462,4214.231,4222.179,4211.154,4218.333,4207.436,4175.641,4213.333,4212.051,сжать руку
64,4197.308,4217.821,4209.872,4200.128,4219.615,4209.359,4198.333,4200.256,4203.462,4221.538,4209.744,4180.128,4216.923,4212.949,сжать руку
64,4193.077,4218.077,4208.846,4196.282,4216.795,4207.949,4203.59,4196.923,4200.769,4218.718,4205.128,4180.641,4219.744,4212.949,сжать руку
64,4189.744,4209.359,4204.487,4189.103,4206.282,4212.051,4213.59,4214.487,4202.692,4213.462,4202.436,4176.923,4216.41,4212.692,сжать руку
64,4189.231,4209.872,4202.821,4193.718,4207.436,4212.821,4203.718,4221.538,4208.205,4214.103,4203.974,4176.795,4212.051,4211.923,сжать руку
64,4190.897,4211.923,4200.513,4197.308,4212.564,4208.59,4199.487,4212.179,4208.846,4217.821,4202.564,4173.462,4211.667,4211.026,сжать руку
64,4194.872,4211.667,4196.667,4193.462,4211.41,4206.667,4205.0,4202.179,4201.795,4217.564,4199.744,4169.231,4214.359,4211.538,сжать руку
64,4194.359,4212.949,4197.692,4195.256,4213.846,4211.154,4208.077,4202.308,4199.231,4213.205,4198.718,4171.538,4217.051,4210.256,сжать руку
64,4190.128,4210.897,4201.282,4198.974,4216.282,4213.077,4214.744,4209.359,4200.897,4211.795,4197.436,4171.667,4215.128,4207.179,сжать руку
64,4187.692,4206.923,4201.026,4197.436,4213.846,4209.359,4222.692,4210.769,4201.41,4213.59,4198.718,4171.923,4210.128,4207.692,сжать руку
64,4186.667,4207.179,4198.333,4196.154,4210.0,4208.59,4220.0,4212.179,4206.154,4215.0,4200.897,4174.487,4208.974,4206.923,сжать руку
64,4186.154,4207.821,4193.974,4195.897,4207.949,4209.615,4216.538,4218.59,4214.744,4213.846,4197.436,4174.744,4207.821,4205.513,сжать руку
64,4191.154,4208.077,4193.205,4198.846,4211.282,4213.205,4220.256,4210.385,4210.385,4214.872,4194.103,4173.333,4203.974,4207.436,сжать руку
64,4192.821,4209.103,4194.872,4203.462,4213.205,4218.205,4226.795,4204.103,4205.0,4216.154,4196.795,4173.846,4202.179,4209.359,сжать руку
64,4191.538,4206.923,4193.205,4203.077,4208.333,4215.385,4224.872,4221.795,4217.949,4217.436,4202.949,4177.949,4205.256,4209.872,сжать руку
64,4195.897,4207.564,4195.641,4200.897,4211.41,4208.974,4215.897,4223.846,4219.615,4218.333,4209.744,4179.103,4210.897,4210.513,сжать руку
64,4200.513,4213.462,4203.462,4204.359,4217.564,4212.564,4216.667,4207.051,4209.231,4216.026,4213.333,4179.872,4213.59,4213.205,сжать руку
64,4203.333,4216.282,4209.615,4208.846,4216.41,4222.564,4224.231,4211.795,4215.256,4220.897,4217.949,4183.205,4216.538,4217.821,сжать руку
64,4208.846,4214.744,4210.641,4206.41,4219.103,4224.231,4219.615,4217.692,4218.718,4229.103,4226.282,4184.487,4221.282,4218.974,сжать руку
64,4213.333,4214.872,4213.59,4205.769,4223.333,4217.821,4213.462,4211.795,4211.282,4230.0,4230.385,4187.308,4221.923,4219.615,сжать руку
64,4209.103,4214.231,4217.051,4206.795,4218.59,4215.256,4224.359,4222.051,4219.744,4233.59,4228.59,4188.077,4218.974,4220.0,сжать руку
64,4200.513,4208.205,4212.179,4203.333,4216.282,4220.128,4227.564,4225.769,4228.462,4237.692,4228.077,4184.872,4221.923,4217.179,сжать руку
64,4198.333,4207.436,4207.949,4204.231,4218.462,4221.667,4213.59,4209.359,4219.615,4234.744,4232.692,4184.487,4224.872,4214.872,сжать руку
64,4198.333,4209.103,4208.333,4204.872,4215.513,4216.282,4209.359,4205.641,4212.692,4228.205,4228.59,4182.692,4216.41,4213.333,сжать руку
64,4197.436,4208.846,4207.692,4203.077,4210.897,4212.949,4213.974,4216.795,4218.205,4226.538,4220.897,4180.641,4213.333,4215.385,сжать руку
64,4200.513,4211.026,4207.564,4206.795,4212.308,4212.179,4212.308,4218.462,4218.205,4224.872,4222.949,4183.846,4220.641,4217.051,сжать руку
64,4200.128,4211.795,4207.436,4211.026,4214.744,4209.231,4206.282,4212.179,4213.077,4222.436,4225.385,4185.128,4222.564,4212.821,сжать руку
64,4193.718,4209.744,4206.026,4209.487,4215.385,4210.513,4206.026,4208.846,4216.667,4225.769,4219.872,4183.077,4218.846,4212.308,сжать руку
64,4190.641,4209.103,4204.872,4207.692,4212.179,4213.462,4208.846,4205.897,4218.333,4226.282,4214.359,4182.821,4213.846,4214.872,сжать руку
64,4188.974,4210.385,4205.641,4208.846,4206.795,4210.897,4211.923,4203.718,4211.41,4220.641,4217.436,4183.333,4214.103,4215.256,сжать руку
65,4199.231,4211.923,4217.308,4213.333,4205.769,4208.205,4204.231,4217.949,4220.128,4226.538,4216.923,4180.897,4218.205,4218.462,разжать руку
65,4206.154,4215.513,4216.41,4211.667,4205.641,4210.641,4206.41,4211.923,4211.026,4223.462,4218.205,4184.744,4215.641,4219.103,разжать руку
65,4206.795,4226.923,4212.179,4215.128,4205.641,4207.436,4208.846,4208.462,4200.513,4211.795,4214.615,4182.564,4220.128,4216.41,разжать руку
65,4216.667,4238.846,4217.051,4224.103,4205.385,4192.821,4190.513,4206.667,4201.923,4209.744,4215.128,4184.359,4229.359,4220.256,разжать руку
65,4232.436,4247.692,4222.692,4228.974,4212.179,4191.154,4174.615,4196.538,4199.487,4214.103,4224.359,4191.795,4235.769,4227.308,разжать руку
65,4235.256,4256.667,4223.333,4228.333,4220.897,4206.41,4182.308,4192.051,4194.359,4214.103,4231.667,4192.821,4235.0,4229.231,разжать руку
65,4234.487,4258.846,4227.051,4227.821,4218.077,4208.718,4194.359,4205.256,4199.744,4213.462,4231.282,4190.513,4232.692,4231.41,разжать руку
65,4241.667,4254.615,4230.769,4227.821,4209.872,4199.615,4197.564,4222.821,4214.615,4223.077,4231.923,4190.513,4240.513,4235.0,разжать руку
65,4247.308,4255.128,4231.795,4230.769,4206.41,4203.718,4200.769,4209.872,4211.026,4223.462,4229.872,4190.769,4243.718,4233.718,разжать руку
65,4249.487,4260.385,4238.59,4237.564,4207.308,4205.769,4201.538,4199.103,4202.436,4213.846,4225.513,4192.692,4236.154,4232.564,разжать руку
65,4253.718,4260.769,4245.897,4239.744,4209.487,4195.256,4195.641,4218.077,4212.436,4216.282,4226.923,4196.282,4237.179,4231.41,разжать руку
65,4254.615,4258.974,4242.051,4239.359,4206.923,4193.846,4192.308,4214.231,4208.718,4213.846,4222.949,4195.0,4235.641,4228.333,разжать руку
65,4250.0,4262.564,4239.615,4241.538,4203.846,4197.821,4190.641,4186.282,4190.385,4202.051,4214.615,4190.128,4228.333,4227.308,разжать руку
65,4248.462,4261.154,4240.513,4242.308,4207.308,4196.923,4188.718,4195.256,4196.923,4202.308,4215.897,4191.795,4228.974,4228.59,разжать руку
65,4249.744,4246.923,4234.231,4239.744,4212.692,4197.949,4190.385,4223.846,4212.692,4212.692,4219.231,4197.051,4231.282,4230.385,разжать руку
65,4242.692,4237.179,4228.718,4236.41,4206.923,4197.564,4192.564,4208.974,4200.513,4209.872,4214.103,4193.077,4224.615,4226.026,разжать руку
65,4232.692,4242.308,4227.564,4233.462,4203.846,4194.231,4196.154,4191.026,4190.385,4201.923,4211.41,4188.077,4219.487,4224.359,разжать руку
65,4232.051,4247.179,4228.333,4232.436,4213.59,4203.333,4203.333,4204.615,4205.769,4211.923,4217.564,4191.795,4225.385,4226.154,разжать руку
65,4232.436,4236.923,4226.538,4231.154,4211.026,4210.0,4204.359,4215.256,4211.795,4221.667,4219.231,4191.538,4229.487,4224.359,разжать руку
65,4225.128,4224.359,4223.462,4226.026,4202.179,4201.923,4195.256,4215.641,4207.564,4216.538,4215.256,4188.59,4224.744,4223.205,разжать руку
65,4216.667,4226.538,4221.667,4227.051,4207.821,4199.103,4188.205,4210.0,4211.538,4210.256,4213.205,4192.051,4216.282,4222.179,разжать руку
65,4216.282,4229.103,4222.179,4233.077,4210.513,4201.026,4192.051,4202.308,4210.641,4212.436,4214.744,4197.821,4216.026,4220.769,разжать руку
65,4217.436,4216.282,4223.718,4229.359,4204.744,4202.436,4198.333,4194.872,4194.487,4210.513,4215.128,4197.179,4218.59,4219.103,разжать руку
65,4215.128,4207.179,4223.077,4222.692,4205.385,4203.333,4191.282,4201.923,4195.385,4206.538,4216.41,4195.513,4215.385,4219.103,разжать руку
65,4213.333,4215.897,4222.949,4225.385,4208.333,4199.359,4184.103,4217.692,4212.564,4209.359,4213.462,4197.821,4213.462,4218.718,разжать руку
65,4211.154,4219.359,4223.205,4228.59,4206.026,4201.026,4195.641,4218.333,4209.231,4208.974,4206.795,4193.718,4213.205,4214.487,разжать руку
65,4211.795,4214.103,4223.333,4226.923,4206.923,4209.359,4199.231,4210.769,4198.205,4207.949,4209.103,4192.436,4212.051,4214.487,разжать руку
65,4215.641,4221.795,4225.641,4231.41,4212.692,4211.41,4186.154,4207.949,4203.59,4213.205,4215.897,4200.513,4215.256,4219.103,разжать руку
65,4217.564,4229.744,4232.179,4237.051,4219.744,4205.897,4186.154,4205.769,4207.564,4217.564,4216.282,4204.615,4222.564,4221.538,разжать руку
65,4217.179,4223.462,4235.769,4232.436,4218.718,4201.538,4198.718,4205.769,4204.615,4220.0,4215.513,4202.692,4223.846,4223.974,разжать руку
65,4219.615,4220.769,4235.769,4227.436,4207.692,4199.231,4198.462,4220.641,4211.667,4227.692,4220.0,4201.667,4222.692,4226.923,разжать руку
65,4220.513,4223.333,4233.333,4226.923,4204.744,4201.282,4189.615,4226.41,4217.308,4230.641,4219.231,4201.154,4221.923,4222.564,разжать руку
65,4207.692,4214.103,4219.359,4222.564,4210.0,4209.487,4195.897,4205.897,4207.308,4213.077,4207.821,4193.59,4211.026,4211.154,разжать руку
65,4194.744,4201.923,4204.487,4215.0,4208.59,4210.513,4204.359,4191.923,4198.333,4194.487,4195.897,4187.564,4194.744,4206.41,разжать руку
65,4206.538,4207.692,4209.872,4219.487,4208.59,4207.436,4195.641,4202.179,4203.462,4201.282,4199.487,4197.436,4197.949,4219.744,разжать руку
65,4223.59,4214.744,4221.538,4228.333,4213.333,4209.615,4197.179,4219.103,4214.487,4218.462,4212.051,4203.718,4214.487,4227.949,разжать руку
65,4210.897,4204.487,4211.41,4218.718,4207.564,4212.051,4210.256,4217.692,4212.436,4214.615,4207.949,4191.795,4211.667,4216.154,разжать руку
65,4197.308,4201.538,4203.718,4211.41,4204.487,4209.231,4200.256,4215.641,4210.385,4213.974,4202.564,4186.667,4206.795,4213.333,разжать руку
65,4214.103,4215.769,4220.897,4221.923,4217.179,4204.359,4189.872,4217.179,4216.667,4233.846,4212.692,4196.667,4218.333,4224.359,разжать руку
65,4223.974,4217.821,4230.641,4223.205,4219.103,4203.077,4203.59,4205.128,4210.128,4226.923,4213.077,4200.256,4217.821,4223.462,разжать руку
65,4206.538,4201.795,4216.667,4209.744,4207.051,4207.949,4213.846,4196.282,4195.128,4192.179,4195.0,4194.103,4199.359,4212.692,разжать руку
65,4195.513,4193.59,4202.564,4204.103,4202.564,4215.128,4214.872,4203.077,4196.154,4180.513,4183.462,4189.359,4188.205,4211.026,разжать руку
65,4197.821,4193.974,4197.308,4204.359,4197.949,4212.051,4221.154,4214.359,4211.282,4192.692,4185.769,4188.846,4190.641,4213.333,разжать руку
65,4196.282,4192.821,4190.769,4201.667,4192.564,4202.949,4217.949,4216.923,4215.513,4196.026,4191.282,4189.615,4199.359,4212.564,разжать руку
65,4197.692,4198.333,4189.744,4207.051,4201.154,4208.077,4207.564,4214.359,4212.821,4199.872,4198.718,4192.692,4207.821,4217.308,разжать руку
65,4202.949,4207.308,4198.077,4213.718,4211.795,4218.333,4211.667,4210.641,4214.744,4213.462,4200.0,4193.333,4209.744,4219.615,разжать руку
65,4201.282,4206.154,4202.821,4210.0,4207.051,4211.41,4213.718,4213.333,4215.128,4215.0,4197.564,4189.744,4208.974,4216.026,разжать руку
65,4200.513,4199.744,4205.128,4208.205,4204.231,4198.462,4198.718,4209.231,4208.718,4205.256,4200.256,4191.41,4207.949,4217.692,разжать руку
65,4210.513,4202.564,4215.0,4214.487,4210.0,4197.179,4187.564,4194.103,4200.256,4204.872,4201.538,4197.436,4202.949,4222.564,разжать руку
65,4215.128,4210.769,4222.179,4218.205,4207.308,4196.667,4192.436,4190.769,4199.103,4203.59,4198.846,4196.795,4199.744,4225.0,разжать руку
65,4209.744,4211.282,4216.026,4213.846,4198.333,4192.564,4199.103,4196.41,4198.846,4194.487,4198.846,4191.538,4201.667,4223.59,разжать руку
65,4210.513,4207.949,4208.333,4208.462,4197.179,4192.692,4198.333,4202.436,4202.692,4198.333,4200.769,4191.41,4207.564,4220.897,разжать руку
65,4211.795,4204.359,4207.308,4209.359,4197.949,4197.436,4197.692,4211.282,4215.513,4213.974,4202.436,4194.487,4210.897,4223.205,разжать руку
65,4204.103,4198.077,4201.282,4209.872,4194.744,4206.667,4204.615,4215.0,4219.359,4217.308,4202.949,4189.872,4206.154,4221.667,разжать руку
65,4193.59,4192.436,4191.154,4207.051,4196.41,4207.308,4208.718,4212.051,4211.795,4207.179,4196.41,4181.923,4201.923,4210.385,разжать руку
65,4186.667,4192.179,4188.974,4204.744,4201.026,4200.513,4196.282,4207.179,4204.744,4199.103,4186.538,4179.487,4197.821,4201.282,разжать руку
65,4186.923,4194.872,4190.641,4207.051,4199.487,4203.205,4191.667,4205.513,4200.641,4195.0,4182.821,4184.359,4192.949,4201.282,разжать руку
65,4192.179,4198.974,4192.179,4212.051,4196.667,4209.487,4204.744,4210.128,4201.026,4191.282,4182.821,4192.821,4192.179,4205.128,разжать руку
65,4199.744,4206.923,4196.41,4213.718,4201.538,4203.462,4200.128,4206.538,4202.692,4193.333,4190.128,4195.385,4193.974,4208.462,разжать руку
65,4199.744,4211.538,4196.282,4210.513,4205.897,4195.769,4186.154,4193.59,4199.359,4196.795,4195.769,4192.821,4196.923,4209.615,разжать руку
65,4191.41,4203.974,4192.179,4206.795,4198.846,4201.538,4200.128,4199.231,4198.205,4197.308,4189.231,4192.949,4200.0,4209.231,разжать руку
65,4190.385,4198.205,4195.0,4206.538,4195.641,4204.872,4212.436,4215.641,4208.718,4200.641,4190.769,4193.59,4201.41,4212.564,разжать руку
65,4200.513,4202.436,4200.385,4209.231,4200.897,4202.949,4205.513,4213.462,4211.282,4206.667,4204.103,4193.077,4201.282,4218.59,разжать руку
65,4205.385,4206.154,4198.333,4210.513,4204.744,4207.179,4211.795,4204.487,4203.333,4210.897,4204.744,4192.051,4204.615,4217.692,разжать руку
65,4197.051,4201.667,4193.205,4207.308,4205.641,4206.026,4223.205,4207.692,4207.949,4215.513,4202.051,4188.846,4206.282,4210.769,разжать руку
65,4191.282,4198.718,4194.872,4207.436,4209.487,4206.667,4222.308,4214.744,4218.205,4222.692,4212.564,4189.487,4207.821,4211.667,разжать руку
65,4196.41,4204.103,4199.615,4212.564,4217.564,4218.59,4220.256,4216.282,4217.436,4230.897,4218.974,4191.538,4213.077,4216.667,разжать руку
65,4197.051,4206.667,4195.769,4211.154,4220.769,4221.282,4220.0,4216.282,4212.949,4225.769,4217.179,4188.974,4211.923,4212.436,разжать руку
65,4189.615,4204.487,4193.718,4210.641,4216.41,4209.359,4216.41,4218.077,4213.974,4212.436,4217.692,4187.564,4209.487,4208.846,разжать руку
65,4189.487,4203.077,4200.385,4214.359,4210.385,4205.385,4205.641,4210.0,4212.436,4212.821,4218.718,4188.59,4212.564,4215.256,разжать руку
65,4201.282,4206.923,4207.308,4215.0,4211.026,4211.923,4201.923,4198.718,4208.077,4220.641,4220.0,4190.256,4212.821,4221.538,разжать руку
65,4203.333,4211.026,4208.718,4216.538,4215.0,4215.385,4214.103,4207.179,4208.718,4216.154,4218.59,4186.923,4209.359,4216.538,разжать руку
65,4197.436,4207.436,4207.821,4216.667,4213.59,4212.949,4216.795,4223.974,4217.692,4213.462,4215.641,4185.641,4207.692,4212.308,разжать руку
65,4200.897,4205.513,4208.462,4216.667,4213.333,4210.385,4207.821,4220.769,4222.821,4223.333,4218.59,4191.026,4209.359,4216.667,разжать руку
65,4202.821,4209.103,4209.231,4219.103,4217.308,4213.59,4207.179,4201.154,4213.333,4226.154,4219.103,4191.923,4211.154,4216.41,разжать руку
65,4199.103,4212.051,4209.744,4220.641,4219.744,4217.179,4208.462,4209.359,4213.718,4224.103,4217.179,4190.641,4217.179,4213.846,разжать руку
65,4206.538,4210.769,4217.308,4220.385,4209.744,4213.59,4209.487,4233.59,4223.718,4230.513,4221.923,4190.513,4220.769,4213.333,разжать руку
65,4215.641,4208.462,4221.667,4218.205,4200.897,4208.205,4208.333,4225.256,4218.59,4233.974,4224.103,4188.974,4215.0,4212.949,разжать руку
65,4209.103,4209.615,4214.487,4218.974,4210.769,4207.564,4195.385,4205.0,4212.436,4230.385,4218.974,4185.513,4211.41,4213.462,разжать руку
65,4204.231,4210.769,4213.205,4219.615,4215.0,4212.564,4194.615,4209.487,4216.154,4223.974,4215.897,4187.179,4212.436,4214.103,разжать руку
65,4209.744,4211.538,4218.077,4219.231,4206.538,4218.462,4206.923,4215.641,4213.718,4221.026,4218.077,4192.821,4209.231,4216.795,разжать руку
65,4210.641,4214.231,4217.692,4217.179,4210.769,4216.41,4199.103,4210.385,4209.615,4223.333,4219.103,4191.026,4209.487,4217.692,разжать руку
65,4202.692,4210.769,4215.897,4210.513,4215.897,4209.744,4191.538,4217.179,4214.487,4221.923,4216.026,4188.59,4213.846,4214.872,разжать руку
65,4199.744,4205.0,4214.744,4205.769,4204.872,4209.487,4206.923,4226.923,4219.872,4220.513,4215.513,4191.923,4209.103,4215.769,разжать руку
65,4207.179,4209.872,4215.128,4210.897,4201.41,4214.103,4216.795,4222.179,4221.667,4228.077,4219.744,4190.513,4207.308,4219.103,разжать руку
65,4211.41,4215.769,4220.769,4219.487,4212.949,4214.359,4211.026,4215.897,4218.333,4230.769,4221.795,4188.718,4218.59,4220.385,разжать руку
65,4212.821,4214.872,4225.256,4218.718,4214.487,4208.333,4204.359,4221.923,4217.051,4230.385,4220.0,4193.59,4222.308,4219.103,разжать руку
65,4211.026,4210.513,4219.359,4211.923,4203.718,4205.256,4203.205,4222.949,4219.487,4232.436,4219.231,4193.718,4213.462,4218.718,разжать руку
65,4207.564,4209.872,4220.513,4212.436,4203.077,4211.667,4203.462,4211.795,4217.692,4229.744,4217.436,4190.256,4214.615,4220.513,разжать руку
65,4211.538,4212.692,4228.077,4219.103,4210.897,4214.872,4201.282,4212.564,4217.949,4230.897,4216.41,4191.667,4224.359,4220.641,разжать руку
65,4214.872,4210.128,4224.872,4217.821,4208.846,4208.974,4201.923,4216.667,4215.256,4231.667,4216.667,4192.564,4221.667,4220.769,разжать руку
65,4213.077,4203.846,4220.256,4211.41,4206.282,4207.821,4205.897,4211.026,4209.487,4221.538,4214.615,4190.385,4212.179,4223.846,разжать руку
65,4217.051,4205.897,4222.949,4211.795,4210.769,4211.538,4204.487,4215.0,4215.128,4216.282,4215.897,4188.846,4213.205,4223.205,разжать руку
65,4223.718,4212.179,4224.744,4215.641,4207.692,4211.026,4205.641,4225.897,4219.872,4222.821,4220.256,4189.487,4218.846,4218.205,разжать руку
65,4221.026,4210.385,4224.103,4216.154,4203.077,4207.821,4209.103,4216.795,4211.667,4224.231,4218.333,4188.59,4214.231,4216.667,разжать руку
65,4215.897,4206.667,4222.949,4217.692,4206.154,4203.205,4200.128,4203.846,4209.103,4216.026,4215.256,4190.256,4213.718,4221.282,разжать руку
65,4211.41,4205.0,4218.718,4216.154,4206.667,4204.359,4204.103,4214.103,4215.769,4216.41,4215.769,4191.282,4219.359,4221.026,разжать руку
65,4205.769,4203.333,4214.359,4210.769,4202.308,4211.154,4218.333,4226.282,4215.513,4224.872,4214.103,4190.128,4217.051,4216.923,разжать руку
65,4211.154,4206.538,4218.846,4216.923,4205.0,4211.282,4212.436,4217.179,4210.641,4225.128,4213.846,4193.59,4216.667,4220.128,разжать руку
65,4219.103,4210.128,4225.769,4223.205,4211.41,4209.872,4206.026,4205.385,4209.872,4219.872,4218.077,4191.795,4220.0,4221.667,разжать руку
66,4207.308,4206.41,4219.872,4219.872,4205.769,4216.41,4211.41,4222.821,4215.0,4230.513,4217.436,4191.538,4216.026,4222.821,сжать руку
66,4210.256,4208.333,4220.641,4221.923,4207.692,4210.897,4207.436,4212.692,4213.205,4231.282,4221.41,4194.103,4224.103,4222.564,сжать руку
66,4219.872,4211.795,4226.026,4221.154,4207.051,4205.769,4208.59,4213.718,4216.795,4231.795,4223.333,4195.641,4227.308,4221.923,сжать руку
66,4219.872,4211.154,4228.077,4216.41,4203.333,4205.641,4210.0,4223.718,4221.667,4232.564,4218.333,4194.103,4220.128,4222.308,сжать руку
66,4212.692,4205.128,4223.846,4210.897,4203.077,4205.641,4209.872,4211.41,4214.872,4224.103,4214.744,4187.051,4212.436,4217.692,сжать руку
66,4213.974,4205.256,4222.564,4214.103,4207.949,4205.897,4209.231,4206.282,4213.077,4220.769,4214.744,4186.026,4214.359,4214.487,сжать руку
66,4217.821,4213.462,4225.897,4223.333,4209.487,4208.846,4211.026,4219.744,4222.436,4227.949,4214.615,4189.872,4221.41,4215.128,сжать руку
66,4215.897,4215.256,4225.897,4225.385,4208.333,4211.026,4210.897,4215.897,4219.103,4223.205,4215.0,4187.436,4219.359,4217.564,сжать руку
66,4217.692,4213.333,4227.692,4224.487,4213.077,4210.513,4201.795,4207.308,4213.333,4216.538,4217.308,4187.564,4218.333,4222.051,сжать руку
66,4224.487,4216.282,4232.051,4226.282,4213.974,4208.846,4197.821,4213.333,4218.718,4222.308,4217.949,4190.128,4222.949,4223.205,сжать руку
66,4223.205,4220.128,4230.256,4225.385,4203.077,4206.795,4200.641,4216.795,4219.103,4226.923,4216.667,4187.949,4225.385,4222.821,сжать руку
66,4221.154,4219.103,4227.179,4223.333,4201.154,4203.333,4198.462,4215.513,4212.179,4226.795,4217.179,4186.026,4229.872,4223.462,сжать руку
66,4226.795,4212.949,4228.974,4223.205,4209.231,4204.487,4203.333,4218.846,4216.026,4228.974,4221.026,4188.205,4233.205,4225.769,сжать руку
66,4227.308,4211.282,4227.692,4224.231,4211.667,4211.667,4215.769,4212.949,4218.846,4228.462,4220.897,4188.077,4228.462,4225.0,сжать руку
66,4219.359,4217.436,4222.692,4224.615,4210.897,4211.41,4206.667,4211.026,4212.308,4228.333,4216.282,4186.538,4223.974,4220.128,сжать руку
66,4218.59,4221.282,4222.051,4226.538,4211.667,4203.974,4195.256,4226.026,4213.59,4228.59,4218.205,4190.128,4226.154,4219.615,сжать руку
66,4218.846,4215.897,4218.718,4225.256,4209.615,4205.769,4206.282,4219.615,4215.0,4216.795,4219.487,4189.744,4221.923,4219.103,сжать руку
66,4204.231,4208.462,4208.846,4216.026,4208.205,4214.615,4213.333,4206.154,4210.641,4202.179,4205.385,4187.051,4210.385,4214.103,сжать руку
66,4195.128,4207.051,4207.436,4212.051,4208.462,4215.256,4211.026,4218.846,4214.231,4206.026,4197.564,4187.179,4207.179,4211.154,сжать руку
66,4203.846,4208.974,4212.949,4218.333,4205.128,4208.205,4211.923,4218.846,4215.769,4216.538,4204.231,4185.641,4211.923,4215.256,сжать руку
66,4213.333,4213.59,4217.564,4221.667,4205.513,4202.821,4212.692,4202.821,4210.0,4217.308,4204.615,4185.513,4214.744,4221.667,сжать руку
66,4214.872,4223.205,4222.564,4222.692,4210.385,4203.846,4203.333,4208.59,4209.872,4217.821,4205.0,4185.897,4218.718,4221.923,сжать руку
66,4215.641,4224.103,4226.41,4225.769,4209.615,4206.41,4194.615,4220.0,4213.846,4222.692,4215.513,4184.872,4223.974,4221.026,сжать руку
66,4217.179,4215.641,4226.154,4223.974,4205.897,4206.923,4203.59,4213.333,4209.103,4220.641,4218.974,4185.641,4221.667,4223.59,сжать руку
66,4215.641,4216.282,4224.615,4222.308,4205.385,4206.154,4214.103,4206.282,4205.256,4216.41,4213.333,4188.205,4221.923,4223.59,сжать руку
66,4214.615,4222.692,4226.154,4226.282,4209.359,4206.667,4206.667,4216.538,4213.462,4223.462,4215.385,4190.641,4229.359,4222.308,сжать руку
66,4213.333,4220.641,4227.308,4226.538,4211.667,4208.59,4205.128,4229.872,4219.744,4229.103,4220.256,4187.949,4223.205,4220.641,сжать руку
66,4213.462,4216.923,4225.513,4224.872,4207.564,4210.128,4218.205,4221.538,4210.769,4219.872,4211.538,4183.205,4212.564,4217.821,сжать руку
66,4215.641,4218.205,4223.974,4228.077,4205.256,4211.538,4210.0,4201.154,4201.795,4210.0,4200.769,4183.718,4215.256,4217.692,сжать руку
66,4216.154,4216.41,4223.974,4227.692,4212.179,4209.872,4190.0,4198.462,4206.282,4212.308,4205.128,4187.821,4216.282,4218.974,сжать руку
66,4212.436,4211.026,4223.333,4222.949,4210.385,4201.795,4188.59,4211.538,4212.949,4219.744,4211.41,4188.974,4215.769,4218.59,сжать руку
66,4207.564,4207.692,4220.513,4222.051,4196.41,4194.615,4195.128,4228.205,4217.051,4223.718,4209.744,4184.103,4218.59,4215.641,сжать руку
66,4208.333,4205.641,4219.487,4222.436,4193.718,4200.256,4200.0,4228.846,4216.154,4220.769,4206.667,4182.949,4215.513,4216.026,сжать руку
66,4209.872,4208.718,4219.615,4222.692,4198.974,4211.026,4201.538,4201.667,4206.154,4215.128,4206.538,4188.846,4214.744,4219.744,сжать руку
66,4203.333,4213.462,4216.41,4221.538,4200.128,4207.821,4193.59,4187.179,4198.333,4211.538,4206.41,4188.077,4219.744,4218.333,сжать руку
66,4200.385,4210.513,4211.282,4217.179,4200.641,4200.256,4186.282,4205.897,4200.256,4207.949,4205.128,4184.231,4218.718,4217.179,сжать руку
66,4203.59,4201.795,4210.128,4213.59,4202.179,4206.154,4194.231,4216.795,4206.795,4209.744,4206.667,4185.513,4215.897,4217.692,сжать руку
66,4201.282,4198.462,4211.026,4211.41,4198.974,4212.564,4202.949,4211.282,4210.0,4216.282,4211.667,4187.051,4222.051,4217.308,сжать руку
66,4197.564,4202.051,4209.615,4210.128,4195.385,4204.615,4203.718,4212.179,4211.282,4218.59,4217.692,4187.692,4223.205,4218.205,сжать руку
66,4199.744,4198.462,4208.333,4210.128,4198.077,4198.205,4200.0,4216.026,4212.179,4217.821,4216.154,4190.385,4217.821,4215.641,сжать руку
66,4198.077,4193.718,4207.436,4210.385,4196.795,4200.513,4196.026,4210.897,4210.641,4210.769,4210.128,4190.128,4214.359,4213.718,сжать руку
66,4193.974,4202.308,4207.308,4211.282,4195.513,4201.667,4196.026,4200.0,4203.974,4201.667,4209.615,4185.385,4209.359,4215.385,сжать руку
66,4196.282,4209.103,4208.462,4210.128,4203.333,4198.462,4192.949,4192.179,4196.795,4200.0,4211.667,4183.077,4206.154,4216.154,сжать руку
66,4199.103,4204.103,4211.41,4209.487,4205.513,4201.795,4198.077,4203.462,4203.846,4201.282,4213.974,4187.692,4207.051,4216.026,сжать руку
66,4199.872,4205.769,4217.051,4215.0,4197.692,4210.641,4213.205,4219.359,4214.487,4206.41,4220.769,4192.179,4209.744,4217.564,сжать руку
66,4204.359,4215.0,4222.821,4218.462,4201.154,4211.026,4211.41,4217.564,4217.821,4221.41,4226.667,4193.462,4213.846,4220.0,сжать руку
66,4207.821,4214.872,4224.872,4217.179,4214.359,4205.897,4203.462,4216.923,4220.256,4231.538,4223.077,4192.308,4218.974,4217.692,сжать руку
66,4205.513,4209.359,4224.359,4216.026,4212.692,4206.41,4211.41,4219.872,4219.872,4228.59,4222.949,4190.0,4218.333,4213.077,сжать руку
66,4201.667,4209.231,4223.205,4215.897,4202.051,4212.949,4215.897,4212.436,4214.231,4222.692,4226.923,4191.923,4215.897,4215.769,сжать руку
66,4202.692,4212.179,4222.949,4213.846,4205.256,4212.949,4207.436,4211.923,4214.615,4219.872,4225.385,4193.462,4219.744,4221.667,сжать руку
66,4206.154,4211.282,4223.333,4212.308,4207.564,4203.59,4204.359,4215.128,4217.308,4217.179,4225.513,4192.692,4218.205,4222.692,сжать руку
66,4206.282,4208.462,4221.923,4209.872,4198.077,4201.667,4206.282,4205.256,4207.692,4211.154,4223.718,4192.436,4208.718,4220.0,сжать руку
66,4203.846,4210.769,4222.051,4207.179,4196.154,4208.462,4205.769,4198.974,4202.564,4199.487,4212.821,4190.128,4205.641,4216.41,сжать руку
66,4202.436,4212.051,4221.282,4209.872,4205.128,4206.667,4200.897,4203.718,4204.744,4190.897,4210.897,4188.462,4206.795,4215.256,сжать руку
66,4201.923,4208.077,4215.641,4209.872,4208.462,4195.385,4190.897,4195.128,4198.974,4193.59,4217.179,4190.256,4207.564,4217.436,сжать руку
66,4200.641,4202.436,4215.0,4204.744,4200.641,4196.282,4190.641,4190.513,4201.667,4202.949,4215.256,4194.615,4209.231,4218.718,сжать руку
66,4201.667,4199.615,4224.231,4206.923,4196.026,4208.333,4196.41,4206.026,4216.538,4215.769,4215.641,4196.667,4212.051,4218.462,сжать руку
66,4201.41,4202.179,4222.436,4210.256,4197.436,4206.795,4195.256,4212.436,4218.846,4223.846,4218.462,4189.744,4212.821,4212.179,сжать руку
66,4197.821,4203.974,4209.615,4206.538,4199.231,4196.538,4200.513,4210.513,4214.744,4222.949,4212.692,4185.641,4209.231,4207.179,сжать руку
66,4201.41,4205.256,4212.564,4206.795,4198.718,4201.795,4210.769,4212.949,4218.333,4222.821,4210.769,4190.256,4210.385,4214.872,сжать руку
66,4206.41,4204.487,4221.154,4208.974,4193.077,4208.333,4207.051,4209.359,4214.487,4216.026,4212.436,4189.872,4210.897,4219.487,сжать руку
66,4204.103,4203.974,4214.872,4205.769,4193.077,4201.667,4197.821,4204.487,4202.564,4203.333,4208.846,4187.051,4204.744,4215.897,сжать руку
66,4199.615,4207.564,4211.282,4206.282,4201.154,4203.462,4199.359,4208.718,4203.718,4203.718,4208.846,4186.41,4202.179,4212.308,сжать руку
66,4197.821,4212.308,4218.846,4212.179,4206.667,4210.641,4197.308,4215.256,4212.949,4215.385,4212.436,4184.231,4210.256,4212.949,сжать руку
66,4205.641,4213.205,4224.487,4215.128,4208.974,4205.769,4187.436,4213.846,4211.667,4219.359,4214.231,4184.744,4218.846,4219.231,сжать руку
66,4215.385,4209.872,4224.231,4209.615,4207.692,4201.667,4187.564,4204.744,4208.59,4213.077,4212.949,4186.923,4215.897,4221.667,сжать руку
66,4209.872,4210.897,4220.0,4204.103,4203.59,4205.0,4192.692,4204.615,4212.821,4207.179,4208.718,4188.59,4210.513,4220.128,сжать руку
66,4201.923,4210.0,4215.0,4204.359,4197.564,4202.051,4191.795,4214.872,4217.692,4204.487,4204.487,4188.718,4211.538,4218.333,сжать руку
66,4199.231,4196.41,4208.718,4202.179,4188.59,4196.795,4189.615,4210.641,4211.282,4203.205,4203.205,4184.872,4209.615,4214.487,сжать руку
66,4192.179,4190.769,4203.205,4198.462,4188.974,4202.821,4192.564,4200.641,4203.333,4206.026,4201.154,4181.026,4202.692,4211.026,сжать руку
66,4189.487,4198.205,4203.974,4201.282,4199.103,4209.231,4196.667,4209.103,4207.436,4211.154,4198.846,4181.923,4202.179,4211.282,сжать руку
66,4195.641,4196.026,4205.769,4205.641,4199.103,4203.077,4195.513,4214.359,4210.897,4210.769,4202.051,4186.41,4206.41,4213.462,сжать руку
66,4197.308,4192.051,4206.667,4207.051,4195.769,4198.205,4194.359,4203.718,4204.103,4208.846,4203.718,4188.333,4208.846,4215.897,сжать руку
66,4197.564,4198.59,4208.846,4209.103,4200.0,4204.872,4197.051,4200.641,4196.667,4207.436,4203.205,4187.436,4210.513,4216.923,сжать руку
66,4201.795,4199.615,4209.872,4208.846,4199.487,4210.385,4202.564,4208.974,4200.513,4203.462,4203.718,4187.179,4214.103,4216.154,сжать руку
66,4205.256,4201.026,4212.436,4206.154,4197.949,4205.769,4203.462,4214.615,4210.513,4208.333,4207.436,4189.744,4217.949,4218.974,сжать руку
66,4212.692,4214.103,4221.154,4213.205,4203.462,4203.846,4196.026,4219.487,4216.923,4220.256,4217.692,4195.0,4222.821,4225.769,сжать руку
66,4220.897,4221.41,4228.718,4226.282,4206.41,4210.128,4196.795,4220.641,4216.026,4223.333,4218.333,4194.359,4223.718,4225.256,сжать руку
66,4218.462,4215.769,4226.41,4225.897,4208.333,4212.308,4204.744,4214.487,4213.974,4217.308,4207.179,4189.359,4215.641,4218.59,сжать руку
66,4208.077,4206.154,4218.718,4211.667,4209.615,4208.333,4205.128,4204.744,4211.154,4213.333,4198.846,4185.513,4207.821,4211.795,сжать руку
66,4202.179,4198.718,4210.385,4207.436,4202.436,4206.154,4200.897,4203.59,4202.436,4208.718,4199.872,4182.692,4204.487,4207.949,сжать руку
66,4204.615,4200.769,4207.436,4217.051,4195.897,4206.795,4200.128,4215.128,4201.282,4207.051,4206.282,4188.205,4204.359,4215.385,сжать руку
66,4210.385,4207.692,4214.359,4219.487,4201.154,4208.718,4209.103,4214.103,4202.821,4208.846,4214.744,4193.077,4209.615,4220.256,сжать руку
66,4213.718,4207.436,4221.41,4212.436,4207.821,4208.718,4215.513,4204.744,4202.436,4206.538,4214.103,4185.769,4215.897,4215.513,сжать руку
66,4213.205,4204.103,4219.359,4209.744,4203.718,4207.564,4213.59,4220.641,4216.923,4210.256,4201.923,4183.205,4212.821,4215.256,сжать руку
66,4213.077,4203.718,4215.641,4213.59,4197.179,4208.205,4203.205,4229.872,4224.103,4218.718,4201.41,4189.359,4210.0,4216.923,сжать руку
66,4214.231,4207.051,4217.949,4217.949,4200.897,4205.0,4194.872,4203.59,4205.0,4211.154,4214.744,4190.256,4221.41,4219.487,сжать руку
66,4216.41,4214.872,4224.231,4223.974,4210.256,4201.667,4199.103,4189.103,4200.385,4206.41,4220.128,4191.538,4226.667,4224.744,сжать руку
66,4222.821,4216.538,4227.692,4226.026,4212.692,4203.974,4202.051,4206.923,4216.923,4223.846,4217.308,4198.846,4216.41,4224.487,сжать руку
66,4228.333,4214.744,4228.205,4224.744,4211.154,4210.385,4199.359,4215.897,4216.667,4232.051,4216.282,4199.103,4215.513,4221.154,сжать руку
66,4225.128,4217.564,4227.179,4227.436,4212.949,4213.077,4198.846,4209.487,4208.974,4221.154,4217.179,4190.513,4224.103,4220.0,сжать руку
66,4215.0,4213.59,4220.513,4224.231,4211.923,4210.513,4200.513,4206.026,4210.897,4215.256,4214.487,4188.077,4220.641,4219.103,сжать руку
66,4210.641,4206.154,4213.462,4215.385,4205.641,4207.949,4197.051,4211.795,4215.897,4215.769,4206.795,4191.282,4209.359,4219.103,сжать руку
66,4213.205,4204.231,4213.718,4209.872,4197.821,4209.744,4197.308,4215.897,4215.256,4207.949,4198.077,4189.872,4205.128,4215.641,сжать руку
66,4211.154,4201.154,4216.154,4208.846,4192.949,4212.051,4200.897,4210.769,4209.744,4197.308,4198.846,4187.564,4204.744,4211.667,сжать руку
66,4202.051,4198.462,4212.692,4208.333,4197.179,4209.359,4200.0,4202.436,4206.667,4200.128,4203.333,4182.692,4204.872,4210.641,сжать руку
66,4199.744,4201.154,4206.41,4206.923,4201.923,4207.436,4203.718,4206.795,4211.667,4210.0,4200.385,4179.359,4208.462,4211.667,сжать руку
66,4211.41,4206.538,4212.179,4210.769,4196.923,4205.256,4205.769,4222.692,4220.513,4216.026,4202.308,4185.641,4215.513,4218.077,сжать руку
66,4223.462,4214.359,4227.821,4218.846,4195.0,4198.333,4192.949,4219.103,4217.308,4215.897,4211.923,4191.41,4222.436,4223.846,сжать руку
66,4228.205,4223.59,4235.513,4222.308,4207.308,4198.974,4179.744,4192.949,4205.256,4212.949,4214.231,4194.872,4223.718,4224.744,сжать руку
67,4215.769,4212.308,4224.615,4209.103,4207.179,4208.974,4189.231,4210.641,4211.923,4206.667,4204.487,4185.0,4214.615,4215.769,разжать руку
67,4204.359,4200.0,4215.641,4208.974,4200.897,4207.949,4190.0,4211.154,4217.179,4209.615,4204.231,4179.359,4209.359,4213.333,разжать руку
67,4201.923,4197.949,4209.872,4207.564,4199.231,4206.795,4194.744,4207.179,4217.308,4207.436,4199.231,4180.513,4198.974,4210.0,разжать руку
67,4207.692,4205.641,4215.513,4208.718,4194.615,4203.077,4200.641,4211.41,4215.128,4203.59,4196.538,4182.949,4203.59,4211.41,разжать руку
67,4213.462,4209.103,4223.59,4212.179,4195.0,4201.154,4200.385,4208.462,4213.333,4211.026,4207.949,4187.179,4218.59,4219.615,разжать руку
67,4212.051,4207.051,4222.692,4211.795,4196.795,4200.897,4196.154,4210.513,4219.103,4220.897,4213.333,4188.59,4218.077,4223.205,разжать руку
67,4208.333,4208.974,4219.872,4211.41,4196.282,4204.615,4195.0,4217.564,4222.821,4220.769,4205.513,4189.487,4214.359,4219.872,разжать руку
67,4213.718,4216.538,4223.846,4216.154,4205.769,4211.795,4201.923,4212.949,4215.513,4219.744,4207.821,4192.308,4222.179,4218.718,разжать руку
67,4219.103,4221.795,4227.692,4220.641,4217.179,4211.795,4209.103,4208.462,4213.333,4221.41,4213.333,4190.769,4222.308,4219.872,разжать руку
67,4218.846,4224.487,4227.692,4221.026,4215.769,4209.103,4203.974,4216.41,4219.744,4222.949,4209.231,4185.769,4216.667,4219.872,разжать руку
67,4223.59,4226.41,4228.59,4222.692,4210.897,4205.0,4189.231,4211.41,4215.641,4224.231,4213.333,4187.564,4224.103,4223.205,разжать руку
67,4225.641,4221.538,4225.0,4220.0,4207.179,4199.231,4185.128,4191.026,4200.385,4215.513,4216.026,4187.821,4226.923,4224.615,разжать руку
67,4218.462,4211.41,4216.538,4211.795,4202.821,4201.795,4193.333,4194.744,4202.436,4206.667,4203.462,4180.513,4214.872,4217.692,разжать руку
67,4212.051,4207.308,4210.513,4209.615,4201.667,4207.179,4198.077,4218.59,4214.487,4209.615,4198.846,4180.769,4210.385,4213.718,разжать руку
67,4209.487,4209.872,4205.0,4212.179,4205.385,4206.795,4195.0,4216.41,4213.333,4212.692,4206.154,4181.923,4216.538,4216.282,разжать руку
67,4206.41,4207.692,4200.256,4209.231,4203.846,4207.051,4189.103,4199.872,4212.436,4216.41,4210.256,4177.051,4217.179,4215.897,разжать руку
67,4206.538,4199.872,4198.462,4208.974,4198.205,4212.051,4197.564,4214.103,4221.026,4225.513,4215.385,4182.179,4214.744,4215.0,разжать руку
67,4203.974,4196.795,4199.359,4212.949,4197.949,4211.667,4209.615,4226.538,4222.179,4227.308,4218.205,4188.974,4217.051,4214.744,разжать руку
67,4198.462,4198.974,4199.231,4208.333,4202.692,4207.821,4201.41,4204.615,4212.564,4219.103,4216.538,4184.487,4214.872,4213.718,разжать руку
67,4201.154,4198.846,4198.718,4204.103,4206.41,4211.795,4191.282,4195.256,4210.641,4215.256,4217.949,4183.205,4209.231,4216.282,разжать руку
67,4208.59,4199.872,4203.077,4208.718,4206.795,4212.564,4194.103,4205.0,4212.051,4214.872,4220.0,4185.641,4211.667,4218.462,разжать руку
67,4212.436,4207.179,4207.436,4211.538,4203.846,4201.282,4193.462,4206.538,4209.744,4211.538,4219.487,4186.41,4213.59,4216.923,разжать руку
67,4216.41,4209.615,4211.41,4211.026,4202.179,4199.103,4192.051,4211.538,4213.59,4211.667,4219.744,4189.231,4211.282,4217.051,разжать руку
67,4223.333,4208.333,4217.692,4216.538,4198.974,4208.974,4200.513,4207.436,4212.821,4210.897,4221.154,4190.0,4216.667,4221.538,разжать руку
67,4227.308,4213.462,4221.795,4223.974,4197.564,4205.0,4199.744,4193.462,4205.0,4206.41,4221.41,4188.59,4224.744,4222.821,разжать руку
67,4219.744,4216.282,4215.385,4220.897,4204.744,4199.103,4191.154,4197.821,4207.051,4212.051,4217.436,4185.513,4221.41,4215.641,разжать руку
67,4213.718,4213.59,4209.103,4212.692,4215.256,4210.128,4189.744,4210.897,4217.308,4223.205,4217.692,4184.359,4213.077,4213.974,разжать руку
67,4216.795,4216.154,4213.718,4212.436,4216.923,4220.769,4199.872,4218.846,4223.846,4225.897,4226.923,4186.026,4219.744,4216.923,разжать руку
67,4215.256,4215.256,4213.718,4212.564,4209.487,4219.487,4213.974,4228.077,4229.744,4228.718,4232.436,4187.821,4227.692,4215.641,разжать руку
67,4212.308,4211.923,4209.872,4209.615,4208.077,4214.615,4214.744,4229.487,4231.538,4239.872,4231.026,4188.718,4224.615,4218.077,разжать руку
67,4217.949,4215.897,4213.205,4213.59,4215.256,4212.436,4207.564,4214.872,4219.487,4239.103,4230.256,4186.026,4220.897,4220.641,разжать руку
67,4218.59,4216.154,4215.128,4219.231,4216.026,4213.205,4204.359,4206.795,4213.59,4223.846,4229.359,4185.385,4220.385,4218.718,разжать руку
67,4212.179,4213.205,4213.462,4221.154,4213.846,4214.103,4211.667,4210.385,4220.128,4221.538,4223.59,4187.436,4221.41,4217.308,разжать руку
67,4208.846,4211.667,4210.513,4217.692,4213.59,4212.564,4218.077,4209.103,4214.487,4224.872,4217.692,4186.026,4221.026,4215.385,разжать руку
67,4209.487,4210.0,4209.744,4213.974,4216.026,4216.41,4213.333,4206.41,4204.487,4219.487,4217.564,4185.128,4222.564,4216.538,разжать руку
67,4211.282,4210.256,4212.949,4214.103,4216.795,4218.59,4202.436,4207.692,4211.154,4218.462,4218.974,4184.103,4222.564,4216.923,разжать руку
67,4210.0,4210.0,4212.949,4213.846,4211.667,4208.333,4194.231,4214.487,4220.0,4223.205,4218.846,4181.538,4219.103,4212.051,разжать руку
67,4210.769,4209.744,4210.0,4215.513,4208.077,4206.282,4195.256,4217.692,4218.59,4227.179,4218.974,4183.974,4217.692,4212.564,разжать руку
67,4215.128,4212.821,4210.513,4215.641,4210.385,4211.41,4190.385,4213.718,4221.026,4230.0,4220.0,4187.436,4219.359,4216.667,разжать руку
67,4213.205,4213.077,4212.564,4211.538,4211.667,4206.795,4180.769,4210.513,4226.026,4225.256,4219.615,4186.154,4217.179,4218.333,разжать руку
67,4206.026,4209.103,4209.744,4208.718,4210.385,4203.846,4185.897,4208.333,4218.462,4216.923,4216.795,4180.897,4210.513,4217.308,разжать руку
67,4202.308,4207.436,4203.718,4210.513,4208.205,4206.538,4192.564,4207.308,4212.308,4217.308,4213.59,4177.821,4207.821,4213.59,разжать руку
67,4203.846,4209.615,4202.564,4211.282,4203.077,4204.103,4186.667,4212.821,4220.128,4220.256,4216.026,4181.667,4210.769,4213.333,разжать руку
67,4203.077,4210.897,4205.897,4208.077,4201.282,4202.179,4187.692,4213.462,4219.744,4215.256,4217.308,4181.923,4214.359,4215.385,разжать руку
67,4198.205,4208.462,4205.0,4205.641,4206.154,4204.872,4200.769,4199.872,4203.333,4202.436,4206.795,4177.051,4210.385,4215.513,разжать руку
67,4202.179,4207.436,4206.41,4205.513,4208.718,4204.103,4198.59,4194.359,4196.41,4199.487,4205.0,4180.513,4208.59,4218.846,разжать руку
67,4215.769,4215.385,4219.231,4210.513,4206.923,4203.59,4186.41,4205.769,4204.615,4213.846,4219.872,4192.949,4221.923,4225.641,разжать руку
67,4217.179,4219.744,4223.205,4213.077,4202.179,4202.949,4188.077,4206.923,4206.41,4216.667,4220.385,4192.692,4226.41,4222.949,разжать руку
67,4207.821,4213.59,4217.692,4209.359,4201.41,4197.564,4195.0,4204.231,4206.282,4203.077,4207.308,4182.051,4212.564,4213.974,разжать руку
67,4207.692,4214.359,4220.897,4210.641,4207.051,4197.051,4192.564,4210.128,4215.897,4207.179,4209.359,4184.103,4210.256,4216.026,разжать руку
67,4208.846,4219.615,4222.308,4210.385,4211.923,4208.333,4190.897,4211.41,4218.718,4229.359,4220.513,4188.462,4222.564,4216.795,разжать руку
67,4198.846,4211.41,4210.897,4199.231,4209.103,4212.821,4195.769,4207.692,4213.59,4227.949,4214.744,4182.051,4216.667,4207.564,разжать руку
67,4187.692,4201.026,4203.59,4191.154,4202.179,4201.154,4195.128,4209.487,4215.385,4207.179,4203.462,4178.846,4201.026,4208.205,разжать руку
67,4189.231,4202.949,4209.615,4193.59,4199.872,4197.051,4196.282,4216.154,4220.641,4202.692,4207.308,4182.821,4202.179,4212.821,разжать руку
67,4196.795,4206.923,4214.487,4196.026,4199.744,4207.051,4204.487,4225.128,4218.718,4212.564,4213.59,4186.923,4210.385,4209.487,разжать руку
67,4199.487,4205.769,4214.103,4196.41,4199.872,4211.41,4202.821,4213.718,4211.538,4217.821,4208.718,4186.667,4210.256,4209.487,разжать руку
67,4194.487,4198.462,4207.821,4193.205,4195.897,4205.0,4197.949,4192.564,4206.282,4210.128,4198.974,4180.128,4205.385,4209.359,разжать руку
67,4191.41,4194.103,4203.59,4189.872,4191.282,4199.103,4201.795,4200.128,4206.923,4198.846,4197.179,4178.59,4201.41,4205.128,разжать руку
67,4197.051,4204.359,4214.615,4196.282,4196.41,4201.282,4187.949,4206.667,4204.231,4202.821,4206.667,4184.359,4206.41,4209.231,разжать руку
67,4202.564,4213.077,4223.205,4201.026,4203.077,4202.051,4170.256,4191.923,4198.205,4210.513,4212.179,4183.205,4214.359,4216.41,разжать руку
67,4197.692,4206.282,4216.154,4194.359,4202.692,4197.564,4185.128,4198.077,4202.821,4202.821,4205.641,4177.308,4211.538,4210.513,разжать руку
67,4186.026,4195.769,4205.0,4189.744,4197.692,4196.282,4198.462,4210.128,4211.538,4197.949,4198.333,4174.872,4206.026,4201.923,разжать руку
67,4179.487,4192.564,4199.615,4191.538,4190.385,4205.385,4195.897,4208.846,4213.333,4208.333,4199.744,4176.795,4205.128,4204.487,разжать руку
67,4187.051,4199.487,4205.513,4193.974,4193.974,4212.051,4206.795,4222.564,4220.128,4220.256,4209.359,4182.051,4208.846,4208.718,разжать руку
67,4197.436,4207.564,4215.769,4194.744,4207.564,4209.359,4216.41,4231.923,4227.436,4223.462,4215.641,4186.41,4213.333,4210.641,разжать руку
67,4193.846,4208.59,4216.41,4197.692,4212.692,4209.487,4211.795,4214.487,4220.513,4220.769,4207.821,4181.923,4210.769,4210.256,разжать руку
67,4188.205,4207.692,4210.0,4201.923,4206.795,4211.026,4211.667,4210.256,4212.308,4215.0,4203.205,4175.897,4205.641,4207.436,разжать руку
67,4197.564,4209.615,4209.744,4201.282,4207.949,4207.949,4205.256,4226.154,4218.846,4219.103,4216.795,4181.667,4213.718,4211.538,разжать руку
67,4210.256,4211.923,4217.051,4197.308,4215.769,4206.795,4190.897,4221.667,4221.795,4228.077,4224.231,4184.872,4222.179,4216.026,разжать руку
67,4208.974,4210.513,4221.795,4197.692,4214.103,4212.308,4197.436,4202.821,4208.59,4220.897,4214.487,4180.128,4213.462,4214.359,разжать руку
67,4199.744,4204.487,4217.692,4198.077,4208.205,4220.385,4211.154,4204.103,4201.795,4209.103,4203.718,4178.974,4203.333,4212.308,разжать руку
67,4192.821,4200.0,4207.051,4193.718,4206.026,4219.487,4203.974,4210.0,4209.744,4208.59,4199.615,4176.154,4202.051,4208.59,разжать руку
67,4195.128,4202.692,4207.821,4197.692,4205.769,4208.333,4189.231,4203.205,4209.872,4210.385,4207.051,4176.026,4206.154,4210.385,разжать руку
67,4205.897,4211.026,4220.641,4206.923,4205.256,4200.128,4189.231,4197.564,4205.256,4213.077,4219.744,4186.795,4218.333,4220.769,разжать руку
67,4213.077,4216.923,4225.641,4208.462,4204.487,4201.154,4192.692,4193.846,4202.692,4217.051,4219.231,4192.179,4225.256,4222.692,разжать руку
67,4216.538,4220.256,4223.974,4208.205,4206.795,4207.051,4190.769,4198.077,4201.795,4221.026,4217.051,4188.462,4223.974,4217.436,разжать руку
67,4217.051,4218.59,4224.872,4204.487,4211.282,4213.077,4199.615,4221.538,4214.231,4229.615,4225.256,4185.128,4227.051,4216.282,разжать руку
67,4211.026,4211.667,4222.564,4196.154,4205.769,4212.051,4209.359,4229.872,4222.949,4228.974,4224.231,4179.615,4225.513,4214.744,разжать руку
67,4214.103,4217.308,4220.385,4199.744,4195.897,4204.487,4202.179,4217.949,4213.974,4213.077,4212.692,4175.897,4215.128,4214.487,разжать руку
67,4235.897,4238.462,4226.667,4210.385,4197.051,4195.256,4194.872,4221.923,4211.282,4211.923,4213.846,4182.949,4218.59,4225.128,разжать руку
67,4256.923,4254.872,4235.641,4212.179,4200.769,4192.564,4199.231,4223.462,4214.359,4222.051,4222.692,4194.103,4236.667,4237.051,разжать руку
67,4262.179,4260.897,4244.103,4216.282,4202.564,4197.949,4197.949,4206.667,4203.59,4216.795,4221.538,4191.41,4238.462,4234.103,разжать руку
67,4256.538,4259.744,4247.821,4221.538,4206.667,4200.513,4190.0,4198.205,4193.205,4200.641,4212.051,4181.282,4225.513,4224.103,разжать руку
67,4244.615,4251.026,4237.949,4215.769,4206.667,4197.051,4192.436,4198.974,4194.872,4189.231,4202.436,4178.462,4219.359,4221.282,разжать руку
67,4232.949,4239.359,4225.0,4207.179,4199.744,4191.795,4194.359,4192.949,4197.308,4187.564,4200.128,4178.718,4214.359,4220.256,разжать руку
67,4226.282,4236.026,4223.462,4208.205,4198.974,4191.41,4185.385,4191.026,4198.718,4193.462,4207.692,4181.538,4212.179,4220.128,разжать руку
67,4225.513,4240.128,4226.795,4213.462,4209.487,4193.846,4180.513,4193.974,4198.462,4202.051,4213.846,4187.051,4218.59,4221.41,разжать руку
67,4229.744,4243.846,4227.564,4214.487,4210.769,4193.205,4188.59,4192.564,4196.667,4207.179,4217.179,4192.179,4224.359,4221.538,разжать руку
67,4230.128,4237.564,4225.641,4211.282,4198.974,4192.692,4203.846,4203.205,4200.256,4208.718,4215.897,4191.282,4218.462,4218.077,разжать руку
67,4214.359,4217.692,4212.179,4203.718,4193.333,4198.974,4213.333,4221.41,4208.59,4201.538,4205.385,4184.231,4205.0,4206.41,разжать руку
67,4194.872,4204.615,4195.0,4198.462,4203.077,4208.462,4209.744,4218.205,4208.205,4191.154,4197.179,4183.462,4197.051,4198.846,разжать руку
67,4189.231,4209.103,4189.487,4196.795,4211.795,4211.923,4207.051,4204.103,4203.718,4194.487,4198.718,4187.308,4199.744,4204.231,разжать руку
67,4192.051,4209.744,4191.795,4196.41,4205.641,4210.128,4214.872,4219.744,4217.051,4207.564,4205.256,4190.256,4208.846,4209.615,разжать руку
67,4199.872,4205.256,4199.231,4204.359,4199.872,4210.0,4217.692,4240.0,4232.949,4209.359,4213.846,4197.692,4217.179,4211.41,разжать руку
67,4205.641,4211.538,4208.718,4211.282,4206.795,4209.359,4209.231,4217.051,4217.308,4201.795,4217.821,4203.205,4219.103,4212.436,разжать руку
67,4203.205,4215.513,4209.872,4207.692,4213.718,4205.513,4203.846,4191.026,4197.308,4202.436,4216.667,4202.564,4213.077,4209.487,разжать руку
67,4205.769,4211.538,4209.231,4205.769,4212.051,4205.769,4201.667,4192.179,4201.538,4206.026,4217.692,4203.974,4211.795,4206.41,разжать руку
67,4215.385,4214.615,4214.872,4209.615,4208.077,4207.692,4189.359,4180.0,4196.667,4194.231,4217.692,4207.051,4213.077,4208.974,разжать руку
67,4220.385,4217.821,4219.487,4208.974,4207.308,4199.359,4173.333,4169.615,4182.051,4183.462,4217.564,4204.744,4206.667,4215.513,разжать руку
67,4226.795,4219.615,4225.641,4208.718,4206.667,4193.974,4177.949,4193.974,4193.205,4193.974,4222.564,4203.077,4208.077,4218.333,разжать руку
68,4230.897,4220.513,4223.974,4210.128,4210.769,4209.359,4196.154,4207.821,4217.949,4213.205,4218.846,4204.744,4216.41,4210.769,сжать руку
68,4216.154,4210.897,4207.436,4201.667,4211.538,4205.385,4199.103,4223.333,4221.282,4210.513,4213.846,4199.103,4207.308,4206.154,сжать руку
68,4212.821,4205.256,4198.974,4197.051,4204.359,4206.41,4203.205,4226.154,4222.051,4208.718,4204.872,4196.154,4204.487,4209.615,сжать руку
68,4217.564,4208.462,4203.205,4196.41,4201.41,4211.667,4200.513,4206.923,4216.026,4212.308,4207.436,4195.513,4209.615,4211.538,сжать руку
68,4216.795,4209.615,4207.821,4195.385,4205.128,4207.436,4204.744,4213.59,4217.179,4215.256,4213.462,4197.051,4213.077,4210.128,сжать руку
68,4206.795,4202.179,4207.308,4194.103,4203.59,4202.821,4214.359,4217.051,4212.051,4207.436,4205.513,4197.949,4208.462,4207.564,сжать руку
68,4202.308,4194.359,4206.667,4193.462,4195.0,4205.385,4210.0,4191.41,4194.744,4195.897,4202.564,4195.0,4203.846,4203.846,сжать руку
68,4209.615,4199.359,4212.051,4197.949,4194.872,4204.744,4200.641,4195.385,4198.077,4201.795,4216.667,4199.615,4208.462,4208.077,сжать руку
68,4215.256,4206.154,4217.308,4199.487,4204.103,4202.051,4194.103,4208.846,4207.949,4210.128,4220.897,4206.923,4214.872,4212.308,сжать руку
68,4215.513,4208.974,4221.026,4196.41,4206.026,4202.436,4183.462,4196.282,4199.615,4207.564,4214.487,4206.026,4212.436,4213.205,сжать руку
68,4220.128,4215.897,4226.41,4202.179,4205.385,4208.974,4186.282,4203.59,4201.923,4207.949,4216.154,4202.821,4208.462,4214.615,сжать руку
68,4221.282,4216.795,4221.923,4206.667,4210.641,4212.692,4198.718,4218.333,4213.59,4208.462,4218.205,4197.179,4208.718,4211.282,сжать руку
68,4214.487,4210.769,4211.41,4201.667,4211.282,4203.59,4192.308,4206.154,4207.051,4204.615,4213.333,4194.487,4208.974,4208.974,сжать руку
68,4218.846,4211.667,4213.462,4197.564,4205.897,4199.487,4182.692,4205.897,4204.744,4206.282,4211.026,4198.205,4207.051,4213.974,сжать руку
68,4228.846,4214.359,4218.974,4198.718,4205.513,4209.487,4191.923,4218.59,4215.256,4203.205,4214.359,4198.846,4209.744,4215.641,сжать руку
68,4226.795,4210.513,4214.615,4201.154,4209.744,4215.641,4202.564,4207.179,4208.59,4198.718,4216.026,4200.128,4217.436,4210.513,сжать руку
68,4218.974,4208.846,4213.333,4206.41,4211.795,4208.59,4205.0,4206.154,4205.385,4212.051,4217.821,4206.026,4217.949,4208.846,сжать руку
68,4212.179,4209.872,4214.359,4208.077,4208.462,4209.231,4205.641,4211.538,4211.667,4217.821,4215.641,4201.538,4211.41,4208.077,сжать руку
68,4201.795,4200.513,4208.462,4200.385,4200.897,4211.795,4201.667,4201.282,4205.256,4200.769,4204.615,4190.128,4202.308,4202.436,сжать руку
68,4203.077,4195.513,4211.026,4198.333,4199.872,4198.077,4194.744,4208.077,4207.179,4197.179,4203.974,4197.051,4200.641,4205.769,сжать руку
68,4227.949,4212.179,4227.692,4207.436,4201.795,4191.282,4195.385,4216.282,4215.0,4210.769,4217.179,4213.077,4212.692,4218.846,сжать руку
68,4245.256,4227.308,4240.256,4211.538,4199.231,4196.795,4195.0,4203.718,4203.718,4211.026,4221.282,4212.051,4220.385,4219.872,сжать руку
68,4239.359,4221.026,4236.538,4205.513,4201.41,4194.615,4188.974,4198.974,4200.385,4202.051,4211.667,4205.256,4214.487,4216.667,сжать руку
68,4228.462,4212.821,4229.359,4203.718,4208.462,4196.667,4190.769,4212.564,4216.923,4206.41,4205.897,4206.667,4206.923,4220.385,сжать руку
68,4220.513,4211.154,4223.462,4205.513,4209.103,4210.128,4194.487,4219.231,4216.282,4211.538,4203.077,4204.103,4202.308,4217.692,сжать руку
68,4216.154,4209.487,4213.974,4201.667,4209.231,4214.615,4194.744,4215.128,4210.128,4207.564,4202.692,4200.128,4203.846,4210.385,сжать руку
68,4217.821,4216.923,4209.872,4202.949,4211.026,4212.821,4196.154,4215.769,4225.385,4217.564,4210.897,4202.436,4217.179,4211.795,сжать руку
68,4218.59,4221.667,4212.436,4205.385,4209.615,4216.282,4195.513,4217.051,4228.462,4233.333,4218.59,4207.692,4220.641,4216.282,сжать руку
68,4210.128,4210.641,4212.949,4197.821,4211.667,4214.744,4193.333,4211.41,4211.026,4224.359,4218.59,4208.077,4208.333,4212.179,сжать руку
68,4200.0,4201.538,4206.538,4191.667,4213.077,4209.103,4192.949,4201.923,4202.436,4207.949,4209.615,4198.974,4202.051,4203.846,сжать руку
68,4196.795,4198.077,4199.103,4195.385,4201.795,4207.564,4193.333,4205.513,4206.667,4207.692,4203.846,4193.718,4203.462,4203.59,сжать руку
68,4199.872,4195.641,4202.436,4197.949,4195.897,4203.333,4189.487,4212.564,4211.923,4211.026,4210.385,4200.385,4208.205,4208.974,сжать руку
68,4204.744,4198.205,4209.231,4195.256,4204.615,4197.692,4188.205,4213.462,4217.179,4212.308,4217.949,4206.154,4212.949,4213.333,сжать руку
68,4207.051,4201.923,4210.641,4193.462,4205.0,4203.59,4199.487,4221.923,4221.154,4221.667,4217.821,4202.179,4211.538,4215.0,сжать руку
68,4210.513,4201.538,4212.436,4195.641,4200.385,4209.103,4203.846,4220.256,4216.538,4221.41,4214.615,4197.051,4209.359,4213.205,сжать руку
68,4216.667,4206.026,4216.795,4199.744,4206.41,4202.821,4191.538,4206.795,4213.205,4202.308,4209.103,4200.513,4215.256,4211.41,сжать руку
68,4220.513,4211.538,4216.026,4200.128,4211.795,4202.179,4186.923,4208.462,4217.564,4201.282,4207.436,4202.564,4218.333,4212.692,сжать руку
68,4216.795,4202.692,4209.103,4192.821,4202.179,4208.205,4197.949,4213.077,4214.359,4214.872,4210.0,4201.538,4211.026,4212.179,сжать руку
68,4213.718,4196.026,4207.949,4189.615,4195.769,4204.872,4204.487,4207.308,4209.103,4214.872,4210.897,4203.846,4209.615,4211.667,сжать руку
68,4216.41,4199.872,4213.077,4196.795,4205.0,4200.385,4198.718,4205.128,4211.795,4210.385,4210.769,4203.59,4212.051,4210.128,сжать руку
68,4209.359,4196.41,4212.179,4201.026,4207.436,4205.256,4192.949,4200.0,4205.769,4208.333,4206.667,4200.256,4205.0,4206.923,сжать руку
68,4199.615,4193.846,4210.897,4201.923,4199.744,4207.051,4197.821,4199.872,4203.077,4206.795,4202.692,4197.692,4199.872,4204.231,сжать руку
68,4206.282,4201.667,4216.538,4202.564,4197.308,4200.641,4206.282,4219.103,4219.487,4210.641,4205.641,4198.462,4206.923,4204.615,сжать руку
68,4213.333,4202.821,4218.462,4200.513,4201.795,4198.59,4202.949,4222.564,4219.872,4209.744,4208.718,4202.051,4209.231,4210.128,сжать руку
68,4210.769,4197.051,4217.179,4198.718,4200.513,4197.949,4191.026,4207.949,4205.256,4201.41,4205.256,4202.949,4204.103,4214.359,сжать руку
68,4218.077,4202.308,4222.949,4201.41,4194.103,4190.256,4185.513,4206.282,4207.436,4201.026,4204.103,4203.718,4210.641,4216.667,сжать руку
68,4233.205,4217.308,4229.615,4206.538,4193.846,4189.103,4187.051,4206.667,4208.333,4199.359,4203.718,4206.923,4219.872,4220.513,сжать руку
68,4242.179,4228.462,4232.949,4209.231,4199.744,4200.128,4188.974,4200.0,4197.308,4190.769,4198.846,4206.538,4216.667,4221.923,сжать руку
68,4246.282,4235.128,4235.385,4210.0,4202.692,4206.667,4193.974,4205.641,4201.923,4189.872,4201.154,4203.205,4215.513,4222.308,сжать руку
68,4244.615,4236.41,4227.179,4208.462,4198.718,4203.846,4199.231,4206.538,4204.872,4187.949,4202.692,4198.59,4212.692,4218.333,сжать руку
68,4229.615,4224.103,4210.0,4200.897,4188.974,4201.154,4197.179,4189.615,4188.974,4171.667,4193.077,4192.949,4198.974,4210.897,сжать руку
68,4213.077,4208.077,4201.282,4196.41,4183.974,4199.744,4193.718,4188.59,4186.538,4167.436,4185.513,4192.051,4193.718,4208.59,сжать руку
68,4207.436,4209.231,4202.051,4198.974,4189.103,4194.744,4194.744,4199.103,4198.718,4181.923,4190.897,4192.179,4203.974,4209.359,сжать руку
68,4212.308,4223.718,4205.897,4204.615,4196.41,4189.615,4191.282,4197.564,4201.026,4183.974,4198.718,4192.949,4213.077,4210.897,сжать руку
68,4225.0,4236.154,4218.462,4215.897,4201.667,4189.615,4192.821,4203.077,4203.462,4191.538,4205.641,4199.615,4220.128,4216.795,сжать руку
68,4236.41,4238.462,4233.077,4222.308,4206.795,4193.333,4205.0,4217.436,4214.359,4216.923,4215.641,4204.487,4229.103,4223.333,сжать руку
68,4234.231,4231.41,4232.949,4213.974,4210.256,4193.077,4203.974,4210.769,4210.0,4221.41,4211.667,4198.462,4227.179,4223.333,сжать руку
68,4223.205,4225.256,4225.769,4207.564,4210.128,4189.872,4194.615,4208.333,4205.769,4209.872,4199.615,4190.256,4217.308,4217.564,сжать руку
68,4217.564,4224.231,4222.821,4208.59,4205.256,4193.718,4200.769,4222.692,4216.026,4211.154,4200.128,4191.026,4214.487,4214.359,сжать руку
68,4211.41,4217.308,4217.051,4204.744,4203.077,4198.462,4202.179,4204.103,4205.256,4202.436,4203.59,4191.026,4210.769,4210.769,сжать руку
68,4200.128,4204.231,4206.026,4198.718,4201.026,4196.026,4193.974,4180.128,4186.154,4179.615,4195.641,4185.128,4200.0,4205.769,сжать руку
68,4199.231,4199.103,4202.821,4198.59,4196.795,4195.513,4200.256,4201.795,4197.179,4181.41,4188.59,4185.128,4196.667,4207.949,сжать руку
68,4201.41,4203.59,4208.077,4196.795,4201.41,4201.667,4207.436,4211.41,4205.256,4192.564,4191.538,4189.872,4199.615,4212.949,сжать руку
68,4199.359,4206.282,4210.256,4195.128,4206.026,4202.051,4205.513,4195.897,4196.154,4189.744,4194.615,4191.538,4198.333,4212.564,сжать руку
68,4200.0,4204.615,4208.846,4197.051,4198.846,4199.487,4207.436,4202.051,4201.923,4192.308,4195.769,4190.513,4203.974,4208.462,сжать руку
68,4200.641,4203.333,4210.385,4199.103,4197.051,4201.026,4200.897,4206.282,4210.897,4205.128,4197.436,4191.41,4213.077,4208.974,сжать руку
68,4199.615,4207.308,4214.231,4199.872,4207.821,4198.974,4193.974,4206.282,4213.333,4213.59,4202.436,4194.872,4210.0,4213.974,сжать руку
68,4199.487,4209.615,4218.205,4199.744,4211.795,4198.333,4208.077,4221.538,4219.615,4219.744,4206.667,4193.974,4209.615,4214.744,сжать руку
68,4201.795,4209.872,4220.769,4200.513,4209.872,4205.385,4215.385,4216.154,4217.436,4223.462,4205.385,4193.59,4215.769,4213.462,сжать руку
68,4204.359,4212.564,4218.462,4202.949,4213.59,4210.641,4211.923,4201.154,4210.897,4219.615,4202.308,4195.0,4210.513,4212.308,сжать руку
68,4202.051,4208.205,4211.795,4202.436,4210.897,4204.615,4218.205,4205.128,4211.154,4210.385,4200.0,4191.667,4201.026,4209.231,сжать руку
68,4195.897,4198.077,4210.256,4199.615,4206.538,4199.359,4217.179,4203.205,4206.795,4200.256,4199.231,4191.923,4202.821,4207.308,сжать руку
68,4198.718,4201.667,4211.538,4197.564,4208.846,4204.103,4207.179,4195.641,4199.872,4199.872,4203.077,4194.872,4210.513,4207.308,сжать руку
68,4204.231,4211.026,4210.513,4199.359,4207.692,4207.179,4209.103,4202.436,4202.564,4206.026,4208.462,4194.487,4210.641,4209.615,сжать руку
68,4196.026,4203.974,4211.154,4201.41,4206.923,4206.026,4213.974,4202.308,4206.41,4200.0,4207.436,4194.615,4202.949,4208.846,сжать руку
68,4187.308,4191.923,4210.385,4197.179,4211.795,4204.487,4210.256,4199.487,4209.872,4196.282,4207.692,4196.923,4197.821,4204.103,сжать руку
68,4190.897,4194.872,4208.462,4193.462,4213.846,4206.795,4207.564,4215.0,4218.846,4213.205,4217.821,4198.205,4205.256,4207.051,сжать руку
68,4191.795,4198.205,4211.026,4193.59,4211.667,4208.462,4210.897,4227.051,4227.821,4220.641,4221.41,4194.615,4209.615,4211.41,сжать руку
68,4184.872,4192.436,4211.795,4192.308,4209.872,4207.821,4208.59,4223.205,4230.641,4206.026,4217.436,4192.564,4199.487,4208.205,сжать руку
68,4185.385,4191.282,4207.821,4192.308,4206.154,4209.744,4207.308,4217.564,4225.897,4208.077,4218.333,4196.154,4198.462,4206.538,сжать руку
68,4189.359,4193.974,4206.667,4192.949,4204.872,4213.718,4215.897,4210.641,4215.897,4220.128,4218.846,4194.103,4208.59,4207.949,сжать руку
68,4185.513,4191.154,4203.974,4188.718,4205.769,4212.436,4222.051,4208.205,4213.462,4213.59,4216.026,4187.564,4207.949,4209.487,сжать руку
68,4183.59,4188.077,4201.026,4183.205,4203.462,4206.41,4209.872,4213.333,4221.282,4206.923,4216.41,4187.436,4200.769,4212.436,сжать руку
68,4184.744,4186.667,4202.821,4181.026,4195.769,4205.385,4195.513,4209.103,4217.436,4209.231,4217.051,4193.077,4203.462,4211.667,сжать руку
68,4180.641,4182.308,4201.282,4178.205,4184.487,4206.795,4194.615,4198.333,4204.231,4210.897,4217.949,4195.0,4208.59,4208.205,сжать руку
68,4178.077,4183.333,4200.0,4176.795,4185.769,4203.205,4192.949,4197.821,4202.949,4200.513,4219.487,4192.821,4202.564,4207.821,сжать руку
68,4182.308,4189.744,4202.821,4180.897,4198.59,4201.41,4189.487,4210.641,4215.128,4188.205,4217.821,4195.513,4200.0,4207.821,сжать руку
68,4186.282,4195.641,4203.718,4185.897,4203.077,4209.103,4198.077,4220.128,4224.744,4200.769,4217.051,4198.718,4202.692,4205.769,сжать руку
68,4186.282,4198.974,4201.538,4187.821,4200.641,4212.692,4202.051,4211.41,4222.436,4219.615,4215.513,4195.256,4202.051,4205.641,сжать руку
68,4182.308,4193.077,4198.974,4186.026,4202.179,4201.795,4193.718,4203.59,4217.179,4215.897,4208.59,4192.949,4203.077,4208.077,сжать руку
68,4178.462,4182.051,4194.103,4179.615,4200.256,4195.897,4189.103,4203.077,4215.0,4205.769,4206.41,4190.385,4201.41,4206.667,сжать руку
68,4176.282,4182.179,4188.077,4177.821,4192.436,4203.333,4192.692,4213.462,4218.205,4207.949,4212.308,4188.718,4198.974,4207.179,сжать руку
68,4181.923,4193.462,4191.282,4186.026,4196.41,4210.256,4202.692,4225.641,4221.538,4215.0,4218.205,4190.769,4204.615,4210.513,сжать руку
68,4186.667,4196.538,4193.59,4189.359,4203.59,4207.308,4213.718,4215.385,4218.205,4217.051,4211.41,4189.615,4205.128,4206.538,сжать руку
68,4176.667,4190.769,4185.128,4187.564,4199.615,4205.769,4209.744,4200.0,4213.59,4209.487,4200.0,4186.538,4195.128,4202.051,сжать руку
68,4172.821,4191.282,4183.59,4191.795,4198.333,4210.897,4200.769,4209.872,4217.308,4203.205,4204.872,4187.564,4195.256,4205.769,сжать руку
68,4181.154,4194.231,4190.769,4193.59,4201.538,4206.795,4193.974,4209.359,4216.41,4208.718,4210.256,4191.538,4202.949,4210.513,сжать руку
68,4181.026,4195.0,4193.846,4192.179,4202.564,4199.103,4188.205,4193.462,4205.513,4212.179,4207.179,4193.718,4204.359,4211.154,сжать руку
68,4176.282,4195.641,4192.821,4196.026,4200.385,4200.513,4188.846,4205.897,4205.256,4209.615,4208.333,4190.128,4206.154,4208.974,сжать руку
68,4179.231,4190.256,4192.179,4197.436,4197.436,4199.103,4191.923,4208.077,4207.308,4206.026,4208.59,4185.897,4204.744,4207.564,сжать руку
69,4167.436,4182.949,4176.154,4187.821,4188.462,4197.436,4193.59,4204.359,4212.949,4203.205,4195.769,4190.641,4195.128,4203.462,разжать руку
69,4163.333,4183.59,4171.41,4189.615,4189.359,4202.821,4194.231,4218.59,4217.821,4201.667,4193.205,4187.564,4191.923,4206.026,разжать руку
69,4163.462,4176.795,4170.385,4190.513,4192.179,4200.897,4201.538,4201.795,4208.205,4205.0,4189.615,4182.821,4193.718,4205.256,разжать руку
69,4159.231,4171.538,4164.359,4188.205,4188.077,4198.718,4213.205,4205.769,4211.282,4209.231,4187.692,4183.077,4197.179,4200.897,разжать руку
69,4156.282,4177.821,4161.41,4190.641,4185.769,4202.821,4211.026,4222.564,4219.487,4205.128,4188.974,4184.744,4195.128,4199.615,разжать руку
69,4162.179,4188.59,4170.128,4201.026,4192.179,4201.026,4197.308,4215.769,4215.0,4202.821,4196.667,4186.026,4195.513,4203.462,разжать руку
69,4169.615,4196.282,4179.103,4209.615,4197.564,4199.615,4201.41,4208.718,4213.205,4211.282,4202.692,4190.385,4204.615,4208.077,разжать руку
69,4167.308,4197.308,4180.385,4210.0,4199.103,4206.026,4211.41,4209.359,4214.231,4206.026,4200.385,4191.154,4204.615,4206.41,разжать руку
69,4168.333,4197.949,4183.974,4210.385,4206.41,4209.231,4201.282,4204.103,4211.667,4190.385,4203.205,4189.744,4197.949,4205.0,разжать руку
69,4172.949,4200.128,4187.051,4212.821,4210.897,4208.718,4192.179,4204.744,4212.692,4201.026,4204.744,4191.41,4206.795,4207.308,разжать руку
69,4169.231,4194.231,4182.821,4207.179,4201.026,4209.103,4202.436,4212.179,4214.744,4220.0,4199.359,4190.769,4214.744,4206.538,разжать руку
69,4169.231,4194.652,4183.242,4207.509,4200.0,4208.059,4201.74,4210.751,4212.875,4217.546,4199.652,4190.989,4213.645,4206.777,разжать руку
69,4169.231,4195.073,4183.663,4207.839,4198.974,4207.015,4201.044,4209.322,4211.007,4215.092,4199.945,4191.209,4212.546,4207.015,разжать руку
69,4169.231,4195.495,4184.084,4208.168,4197.949,4205.971,4200.348,4207.894,4209.139,4212.637,4200.238,4191.429,4211.447,4207.253,разжать руку
69,4169.231,4195.916,4184.505,4208.498,4196.923,4204.927,4199.652,4206.465,4207.271,4210.183,4200.531,4191.648,4210.348,4207.491,разжать руку
69,4169.231,4196.337,4184.927,4208.828,4195.897,4203.883,4198.956,4205.037,4205.403,4207.729,4200.824,4191.868,4209.249,4207.729,разжать руку
69,4169.231,4196.758,4185.348,4209.158,4194.872,4202.839,4198.26,4203.608,4203.535,4205.275,4201.117,4192.088,4208.15,4207.967,разжать руку
69,4169.231,4197.179,4185.769,4209.487,4193.846,4201.795,4197.564,4202.179,4201.667,4202.821,4201.41,4192.308,4207.051,4208.205,разжать руку
69,4190.256,4211.667,4210.769,4223.462,4211.923,4207.692,4198.333,4213.718,4211.41,4227.436,4215.385,4202.436,4219.359,4218.846,разжать руку
69,4201.923,4217.436,4222.308,4230.641,4225.0,4214.487,4216.41,4226.923,4225.128,4238.333,4222.308,4207.949,4225.897,4219.359,разжать руку
69,4191.923,4211.41,4211.667,4223.205,4211.154,4222.179,4228.974,4214.615,4217.821,4215.513,4212.949,4197.308,4215.0,4207.308,разжать руку
69,4180.385,4198.846,4198.846,4212.949,4192.436,4218.59,4219.615,4204.487,4208.974,4203.077,4203.462,4187.308,4198.59,4200.641,разжать руку
69,4174.359,4184.744,4191.026,4207.564,4191.026,4202.949,4200.385,4210.897,4214.359,4211.154,4201.282,4188.846,4192.692,4201.41,разжать руку
69,4168.59,4179.744,4187.051,4207.692,4195.769,4198.718,4190.128,4212.308,4215.641,4216.282,4199.744,4195.385,4198.333,4203.718,разжать руку
69,4167.179,4187.949,4186.538,4212.051,4195.769,4203.462,4195.769,4207.564,4210.128,4206.795,4196.282,4195.385,4203.462,4206.026,разжать руку
69,4173.718,4195.641,4185.513,4217.436,4195.256,4196.026,4191.282,4201.538,4207.179,4194.359,4193.205,4189.487,4200.256,4205.385,разжать руку
69,4176.667,4195.769,4189.615,4221.154,4193.846,4190.513,4184.231,4205.0,4210.641,4197.692,4197.179,4194.103,4197.949,4209.231,разжать руку
69,4178.59,4196.667,4198.846,4220.513,4187.821,4192.949,4191.026,4210.641,4211.154,4208.462,4202.436,4200.385,4202.051,4212.692,разжать руку
69,4178.718,4192.179,4195.897,4213.718,4178.462,4183.077,4185.256,4192.692,4196.538,4195.513,4193.718,4195.256,4199.231,4206.667,разжать руку
69,4174.231,4183.205,4188.59,4210.385,4174.231,4174.615,4171.538,4169.872,4181.154,4173.974,4187.179,4194.615,4190.513,4200.897,разжать руку
69,4169.615,4182.308,4191.538,4210.769,4173.59,4181.154,4172.949,4178.846,4184.359,4178.59,4196.795,4200.0,4194.359,4200.256,разжать руку
69,4171.154,4183.205,4190.897,4208.974,4173.077,4181.667,4179.359,4199.103,4199.744,4186.923,4199.615,4199.487,4198.59,4200.385,разжать руку
69,4172.949,4180.256,4183.205,4206.026,4173.846,4178.205,4182.949,4203.846,4203.333,4186.154,4193.205,4196.795,4192.308,4199.487,разжать руку
69,4167.692,4179.487,4183.333,4205.769,4173.846,4184.359,4188.077,4206.667,4200.513,4189.615,4193.462,4198.846,4192.692,4200.385,разжать руку
69,4166.795,4181.282,4186.538,4208.077,4171.538,4189.103,4185.897,4202.949,4200.769,4188.205,4190.513,4201.026,4195.513,4203.974,разжать руку
69,4171.154,4182.564,4180.0,4208.077,4173.846,4184.103,4171.282,4186.923,4198.846,4180.385,4181.795,4196.282,4187.821,4204.359,разжать руку
69,4169.487,4186.154,4176.282,4208.205,4180.513,4180.641,4162.051,4189.487,4199.487,4178.077,4180.128,4192.949,4182.564,4203.59,разжать руку
69,4163.59,4185.641,4179.487,4208.077,4182.179,4184.231,4166.667,4195.513,4194.231,4171.667,4174.487,4194.359,4183.333,4201.154,разжать руку
69,4161.667,4179.487,4176.282,4204.487,4180.128,4190.128,4170.897,4180.897,4184.615,4155.0,4168.974,4195.897,4178.462,4196.41,разжать руку
69,4163.077,4178.59,4176.667,4202.436,4177.564,4192.051,4169.872,4178.59,4184.872,4158.846,4181.282,4203.205,4182.051,4198.462,разжать руку
69,4165.128,4179.231,4184.359,4202.692,4173.846,4186.41,4176.41,4193.462,4187.436,4177.179,4190.0,4208.205,4194.231,4201.538,разжать руку
69,4166.282,4175.769,4180.641,4200.256,4171.538,4177.179,4185.0,4195.641,4191.538,4181.538,4185.897,4205.256,4192.051,4199.231,разжать руку
69,4161.026,4173.974,4174.103,4201.41,4176.154,4179.103,4181.026,4190.641,4197.564,4176.282,4184.231,4201.538,4186.538,4197.436,разжать руку
69,4155.256,4178.462,4174.615,4206.282,4180.0,4186.41,4174.103,4197.051,4199.231,4178.205,4185.769,4201.154,4193.59,4199.615,разжать руку
69,4154.744,4176.923,4169.487,4204.359,4174.231,4183.205,4179.231,4202.949,4198.333,4189.615,4184.872,4200.256,4196.154,4201.41,разжать руку
69,4154.231,4167.949,4160.641,4194.872,4169.231,4182.436,4188.462,4198.59,4203.077,4196.282,4183.077,4194.744,4184.744,4195.641,разжать руку
69,4152.308,4168.974,4164.103,4192.821,4173.462,4187.436,4177.436,4192.051,4203.205,4193.462,4183.462,4194.872,4182.308,4193.333,разжать руку
69,4156.154,4178.974,4172.821,4202.308,4178.974,4184.103,4160.513,4186.923,4192.949,4187.308,4185.0,4202.051,4190.641,4196.41,разжать руку
69,4159.231,4178.718,4172.949,4206.154,4177.821,4179.103,4171.667,4188.333,4192.051,4180.769,4183.077,4203.462,4191.667,4197.179,разжать руку
69,4164.744,4180.128,4177.821,4207.436,4175.385,4181.667,4181.282,4193.462,4200.0,4183.846,4182.179,4203.974,4194.744,4205.513,разжать руку
69,4182.179,4195.385,4195.641,4215.128,4180.769,4180.769,4167.692,4193.077,4196.026,4195.128,4190.0,4204.615,4203.974,4215.0,разжать руку
69,4188.718,4201.026,4202.564,4216.026,4185.128,4174.359,4163.974,4189.615,4181.923,4189.487,4188.077,4197.821,4200.641,4206.026,разжать руку
69,4174.231,4190.0,4187.821,4206.282,4177.308,4172.436,4173.077,4192.179,4183.462,4169.103,4174.231,4185.128,4188.333,4194.487,разжать руку
69,4159.487,4181.154,4176.795,4200.0,4169.359,4173.205,4174.487,4188.718,4188.077,4163.718,4173.59,4176.923,4185.897,4194.872,разжать руку
69,4155.769,4178.718,4174.231,4197.949,4171.154,4178.333,4176.026,4170.641,4170.897,4163.462,4178.333,4177.949,4185.0,4193.718,разжать руку
69,4157.949,4174.615,4168.718,4195.256,4172.436,4182.564,4177.949,4167.308,4168.718,4165.128,4171.154,4180.769,4180.128,4192.564,разжать руку
69,4151.795,4166.154,4161.795,4188.974,4165.513,4177.051,4170.385,4182.308,4187.949,4173.846,4166.41,4175.0,4179.872,4192.436,разжать руку
69,4138.974,4157.308,4151.667,4178.718,4155.128,4177.179,4170.256,4194.872,4194.487,4172.821,4168.974,4167.692,4178.462,4190.513,разжать руку
69,4139.487,4155.0,4147.051,4175.256,4153.846,4181.282,4171.795,4198.462,4195.0,4174.872,4172.179,4168.205,4175.513,4191.154,разжать руку
69,4148.205,4157.308,4150.128,4180.385,4163.718,4177.564,4164.615,4190.769,4198.077,4176.538,4180.0,4171.154,4178.205,4191.538,разжать руку
69,4146.923,4162.949,4150.513,4186.282,4173.974,4177.949,4161.795,4184.615,4195.0,4166.282,4186.154,4172.308,4186.795,4192.051,разжать руку
69,4146.282,4172.436,4153.462,4190.256,4175.641,4180.897,4162.692,4193.846,4199.744,4176.41,4187.949,4175.0,4195.513,4196.026,разжать руку
69,4157.051,4179.103,4163.205,4194.231,4177.564,4177.436,4167.821,4198.974,4207.436,4198.333,4196.41,4180.769,4197.564,4201.41,разжать руку
69,4159.103,4180.385,4168.59,4195.897,4180.769,4177.051,4173.59,4185.769,4195.128,4195.513,4202.179,4179.615,4195.641,4199.872,разжать руку
69,4154.103,4178.59,4171.026,4195.769,4178.846,4180.256,4166.282,4175.385,4181.282,4182.436,4200.897,4174.359,4196.282,4200.0,разжать руку
69,4157.692,4180.0,4178.462,4196.538,4178.974,4176.41,4161.154,4181.538,4186.667,4182.436,4202.179,4176.667,4196.154,4201.923,разжать руку
69,4157.308,4177.308,4174.231,4193.205,4178.205,4174.103,4172.179,4182.949,4192.179,4178.974,4202.949,4176.154,4190.641,4195.513,разжать руку
69,4146.538,4167.692,4162.436,4188.077,4171.282,4179.359,4172.564,4174.103,4187.692,4172.821,4196.41,4173.718,4187.436,4192.308,разжать руку
69,4137.692,4163.333,4159.487,4186.026,4169.744,4180.256,4164.487,4180.641,4189.487,4175.641,4192.692,4173.846,4184.231,4191.538,разжать руку
69,4136.538,4162.308,4158.718,4186.282,4169.744,4177.179,4176.923,4194.359,4196.41,4175.128,4193.333,4174.615,4182.179,4190.256,разжать руку
69,4140.641,4165.641,4158.59,4190.0,4165.256,4177.821,4183.974,4188.59,4197.179,4176.282,4191.026,4174.103,4187.179,4192.949,разжать руку
69,4143.59,4166.282,4162.308,4192.308,4163.333,4175.897,4165.897,4185.0,4198.59,4180.256,4185.385,4169.487,4188.974,4193.205,разжать руку
69,4139.359,4151.923,4160.385,4184.872,4159.359,4172.692,4157.179,4196.154,4202.051,4178.333,4184.872,4165.897,4181.154,4188.974,разжать руку
69,4138.205,4146.154,4155.0,4180.897,4157.308,4175.897,4169.231,4192.564,4195.385,4175.897,4186.923,4164.872,4178.077,4187.051,разжать руку
69,4146.026,4165.769,4157.564,4190.641,4168.846,4178.974,4171.667,4178.462,4188.59,4177.051,4184.744,4167.436,4181.795,4190.0,разжать руку
69,4150.513,4180.385,4162.692,4196.41,4179.872,4177.051,4170.385,4192.179,4200.513,4185.641,4190.0,4173.718,4185.385,4195.513,разжать руку
69,4156.667,4178.077,4168.718,4194.872,4181.667,4178.205,4178.205,4204.103,4208.59,4198.077,4202.821,4177.692,4192.051,4197.821,разжать руку
69,4165.256,4179.231,4176.795,4198.974,4183.974,4180.128,4181.026,4187.179,4196.154,4199.103,4202.051,4175.641,4195.513,4195.128,разжать руку
69,4162.692,4180.897,4177.179,4200.256,4186.41,4182.051,4176.282,4174.359,4187.692,4187.308,4194.872,4171.538,4191.538,4192.821,разжать руку
69,4156.282,4174.615,4170.0,4193.846,4180.769,4183.718,4171.282,4179.744,4191.154,4177.692,4195.897,4168.718,4190.769,4194.103,разжать руку
69,4156.282,4168.077,4165.897,4191.538,4172.821,4181.41,4170.385,4187.179,4191.154,4176.923,4193.077,4166.667,4190.897,4194.487,разжать руку
69,4155.128,4164.359,4166.667,4189.103,4170.128,4177.564,4172.051,4194.744,4194.744,4180.128,4185.256,4166.538,4186.282,4190.513,разжать руку
69,4152.564,4163.462,4164.872,4184.103,4170.769,4177.949,4172.179,4197.692,4198.59,4177.436,4186.667,4168.974,4182.564,4188.077,разжать руку
69,4150.513,4162.692,4162.436,4186.154,4172.692,4181.154,4179.103,4191.667,4195.641,4172.308,4186.795,4167.436,4180.897,4189.872,разжать руку
69,4149.872,4166.282,4164.744,4190.256,4174.872,4180.641,4182.949,4193.718,4196.41,4180.641,4180.769,4163.59,4179.487,4191.923,разжать руку
69,4154.231,4174.359,4172.436,4193.59,4174.487,4179.872,4172.564,4194.103,4197.436,4189.615,4184.103,4166.538,4182.179,4193.718,разжать руку
69,4151.026,4172.821,4171.026,4194.103,4174.359,4180.897,4169.231,4174.744,4184.231,4172.692,4185.256,4165.513,4181.026,4188.846,разжать руку
69,4138.077,4161.282,4158.718,4188.205,4172.308,4175.513,4174.103,4168.59,4176.282,4159.359,4172.436,4159.103,4174.872,4185.897,разжать руку
69,4136.41,4159.103,4156.154,4185.513,4168.205,4170.513,4173.718,4193.846,4190.513,4176.538,4173.333,4159.744,4172.949,4190.641,разжать руку
69,4145.769,4166.923,4160.385,4186.282,4168.077,4176.026,4179.615,4201.026,4194.872,4171.026,4182.436,4159.231,4169.359,4188.462,разжать руку
69,4150.897,4168.974,4160.641,4182.564,4175.128,4182.308,4184.872,4175.769,4182.564,4143.846,4175.128,4155.769,4165.128,4185.641,разжать руку
69,4152.436,4167.179,4164.615,4182.308,4180.256,4182.308,4179.487,4174.487,4186.538,4155.897,4169.359,4158.077,4170.641,4190.0,разжать руку
69,4158.974,4169.872,4171.41,4187.436,4179.103,4181.923,4180.897,4196.923,4199.231,4185.385,4180.897,4163.333,4181.667,4195.513,разжать руку
69,4167.308,4174.487,4175.0,4188.205,4179.103,4180.0,4184.615,4202.692,4198.59,4187.436,4187.179,4162.821,4187.308,4195.897,разжать руку
69,4170.0,4176.923,4179.487,4187.179,4177.692,4179.487,4179.231,4189.359,4191.282,4181.667,4183.59,4160.641,4187.051,4195.128,разжать руку
69,4167.949,4179.103,4182.949,4189.359,4174.359,4178.846,4177.692,4178.205,4187.308,4178.333,4184.231,4160.897,4185.128,4196.667,разжать руку
69,4170.641,4182.564,4182.949,4191.282,4179.359,4174.872,4177.436,4183.718,4191.026,4177.564,4186.154,4161.026,4184.103,4196.41,разжать руку
69,4173.333,4184.872,4185.256,4193.462,4187.949,4177.051,4168.333,4189.872,4195.513,4187.179,4185.128,4163.205,4184.872,4197.179,разжать руку
69,4172.949,4188.462,4186.026,4193.718,4189.487,4183.59,4164.872,4183.077,4187.821,4184.872,4185.897,4165.0,4187.308,4200.897,разжать руку
69,4180.0,4195.513,4186.923,4194.872,4183.846,4184.744,4177.564,4184.744,4186.154,4177.308,4192.308,4163.974,4193.077,4204.359,разжать руку
70,4195.256,4195.128,4198.333,4199.103,4177.179,4183.846,4192.692,4190.385,4196.154,4183.59,4197.949,4172.821,4200.0,4208.333,сжать руку
70,4197.692,4200.385,4195.385,4197.564,4175.128,4181.154,4194.487,4180.385,4185.897,4171.667,4194.359,4167.436,4197.051,4206.282,сжать руку
70,4203.333,4214.359,4196.41,4205.513,4176.154,4177.308,4191.154,4191.282,4189.487,4175.897,4198.333,4165.128,4201.667,4207.436,сжать руку
70,4209.487,4219.615,4199.615,4207.692,4180.769,4178.59,4172.564,4194.359,4192.564,4188.077,4202.564,4170.0,4211.538,4210.385,сжать руку
70,4207.821,4216.667,4195.385,4200.641,4183.846,4177.051,4159.744,4176.154,4184.872,4181.282,4194.359,4171.026,4207.436,4209.231,сжать руку
70,4207.436,4223.59,4196.795,4207.692,4185.128,4176.41,4170.769,4177.949,4186.538,4180.513,4190.128,4172.051,4203.974,4209.487,сжать руку
70,4210.513,4228.718,4203.077,4213.077,4187.564,4180.641,4182.436,4201.538,4194.103,4193.59,4198.974,4171.923,4210.128,4208.718,сжать руку
70,4205.385,4218.205,4197.692,4199.744,4186.795,4188.846,4186.41,4205.0,4193.974,4194.872,4199.103,4169.615,4205.641,4204.103,сжать руку
70,4190.641,4206.41,4190.0,4192.308,4185.385,4185.897,4187.436,4192.051,4193.846,4186.923,4186.538,4169.615,4194.615,4197.436,сжать руку
70,4182.564,4200.897,4187.949,4195.641,4186.923,4176.538,4180.0,4182.821,4191.923,4179.359,4183.077,4168.077,4191.282,4194.359,сжать руку
70,4185.641,4197.308,4184.103,4192.564,4187.308,4185.641,4172.692,4175.513,4184.359,4173.077,4185.769,4163.59,4189.615,4194.487,сжать руку
70,4185.513,4194.359,4181.026,4187.564,4181.667,4193.718,4179.487,4181.538,4188.846,4174.103,4183.077,4160.385,4188.205,4191.282,сжать руку
70,4177.179,4189.744,4181.026,4186.795,4177.821,4182.051,4187.821,4192.436,4197.949,4176.538,4183.462,4159.359,4191.154,4189.103,сжать руку
70,4167.949,4182.308,4177.692,4182.692,4179.615,4179.615,4184.872,4188.59,4192.821,4172.436,4183.718,4157.821,4187.179,4188.59,сжать руку
70,4167.308,4177.949,4176.282,4179.103,4178.846,4191.538,4178.462,4186.667,4188.846,4176.667,4181.41,4161.41,4181.795,4191.795,сжать руку
70,4171.026,4180.0,4178.718,4183.333,4178.59,4191.154,4177.179,4193.462,4193.462,4190.0,4183.718,4163.974,4187.564,4193.974,сжать руку
70,4171.282,4182.436,4179.359,4186.41,4180.897,4188.205,4183.462,4195.385,4195.641,4194.359,4186.667,4158.846,4191.795,4191.795,сжать руку
70,4168.462,4180.256,4177.949,4182.949,4181.026,4195.769,4188.974,4198.205,4197.564,4193.077,4185.513,4160.513,4188.077,4192.821,сжать руку
70,4169.103,4183.333,4178.205,4181.667,4183.205,4192.564,4183.205,4195.385,4197.436,4190.128,4182.308,4163.205,4185.385,4195.0,сжать руку
70,4178.462,4193.59,4184.615,4187.692,4188.333,4184.103,4170.256,4190.769,4197.308,4190.256,4182.821,4160.513,4190.0,4196.41,сжать руку
70,4184.487,4193.333,4190.256,4190.128,4189.872,4191.538,4170.513,4194.231,4198.077,4194.744,4185.897,4162.692,4194.744,4197.692,сжать руку
70,4176.154,4180.769,4183.974,4182.179,4189.231,4196.667,4175.513,4186.538,4188.974,4188.974,4182.949,4160.385,4188.846,4193.077,сжать руку
70,4166.923,4177.051,4174.872,4177.821,4187.564,4183.333,4166.154,4174.487,4178.462,4177.821,4179.103,4152.564,4183.205,4188.205,сжать руку
70,4169.359,4182.949,4177.949,4181.538,4183.205,4177.692,4163.59,4186.41,4187.564,4185.641,4184.359,4156.538,4188.077,4191.538,сжать руку
70,4168.462,4179.487,4179.615,4179.359,4179.231,4185.897,4177.179,4195.641,4196.795,4194.487,4184.615,4163.077,4190.385,4193.718,сжать руку
70,4154.487,4168.846,4169.615,4174.231,4181.41,4188.846,4184.103,4179.487,4185.128,4174.872,4171.026,4152.821,4176.795,4186.667,сжать руку
70,4146.795,4163.333,4161.795,4175.769,4188.462,4187.564,4185.0,4177.179,4172.821,4155.128,4161.282,4140.513,4161.795,4178.846,сжать руку
70,4149.487,4162.179,4160.385,4177.821,4186.282,4193.846,4199.615,4199.103,4183.974,4166.923,4163.205,4146.667,4163.974,4183.59,сжать руку
70,4157.308,4170.897,4166.41,4182.051,4183.59,4200.897,4212.179,4207.051,4200.513,4190.0,4173.205,4158.205,4180.256,4194.359,сжать руку
70,4170.641,4186.41,4176.923,4190.0,4190.256,4200.385,4205.385,4196.538,4200.0,4196.538,4183.59,4157.308,4191.538,4195.385,сжать руку
70,4180.128,4194.231,4181.795,4193.333,4195.128,4194.615,4191.538,4191.026,4193.333,4190.641,4182.051,4155.128,4191.026,4195.385,сжать руку
70,4179.231,4194.359,4183.333,4192.051,4195.128,4191.538,4186.538,4194.615,4195.0,4195.769,4177.949,4157.564,4193.974,4200.385,сжать руку
70,4180.256,4194.487,4188.205,4193.462,4200.0,4197.179,4194.487,4198.974,4199.103,4205.897,4185.385,4160.128,4198.846,4203.462,сжать руку
70,4187.436,4196.026,4194.872,4198.59,4205.641,4200.769,4199.103,4193.846,4198.462,4205.128,4190.256,4162.308,4198.462,4203.205,сжать руку
70,4186.923,4193.205,4194.487,4196.538,4199.744,4192.821,4192.179,4188.718,4197.436,4198.077,4184.487,4161.026,4195.0,4198.718,сжать руку
70,4176.923,4187.949,4185.256,4190.513,4191.41,4189.103,4194.615,4201.154,4196.538,4196.667,4183.718,4158.718,4193.59,4193.077,сжать руку
70,4177.179,4188.974,4185.769,4191.923,4191.282,4197.051,4203.974,4203.846,4194.615,4202.949,4186.795,4159.231,4197.436,4192.051,сжать руку
70,4182.564,4190.641,4192.436,4194.359,4191.923,4196.026,4195.897,4191.41,4196.026,4197.692,4185.256,4161.795,4197.564,4194.487,сжать руку
70,4176.41,4188.333,4184.487,4190.0,4193.462,4189.359,4190.769,4193.718,4196.667,4182.821,4182.564,4161.795,4188.846,4191.923,сжать руку
70,4170.769,4189.487,4177.179,4189.744,4196.923,4196.154,4199.615,4197.436,4191.154,4187.308,4181.538,4161.154,4186.538,4189.359,сжать руку
70,4180.513,4194.872,4189.615,4197.564,4195.897,4201.667,4195.0,4197.949,4193.846,4205.513,4182.692,4163.974,4198.846,4196.154,сжать руку
70,4192.308,4197.821,4206.282,4200.897,4193.077,4196.282,4186.667,4205.513,4206.026,4209.872,4188.333,4164.231,4204.487,4202.821,сжать руку
70,4197.436,4200.128,4212.051,4201.282,4194.487,4195.897,4190.769,4201.154,4202.179,4205.769,4196.41,4166.026,4202.179,4203.59,сжать руку
70,4202.564,4206.026,4216.282,4206.154,4198.077,4201.667,4189.744,4191.538,4188.974,4207.692,4199.872,4172.436,4205.769,4204.872,сжать руку
70,4203.974,4208.846,4218.077,4208.333,4200.128,4196.667,4183.718,4201.026,4192.692,4210.385,4200.769,4172.821,4205.513,4204.487,сжать руку
70,4200.385,4203.59,4214.872,4203.333,4197.692,4191.667,4188.462,4208.205,4202.179,4211.41,4198.974,4168.462,4201.282,4201.538,сжать руку
70,4194.487,4195.769,4211.026,4198.974,4197.051,4197.692,4192.821,4194.872,4192.692,4195.641,4193.077,4168.333,4202.051,4200.641,сжать руку
70,4186.795,4188.846,4204.872,4196.538,4199.487,4194.744,4188.846,4185.769,4178.974,4175.641,4188.333,4170.0,4198.718,4198.333,сжать руку
70,4184.231,4181.795,4203.59,4193.077,4198.205,4188.205,4187.564,4197.179,4186.795,4187.308,4186.923,4168.462,4191.923,4195.897,сжать руку
70,4184.615,4182.179,4206.41,4196.41,4194.103,4197.051,4192.051,4208.077,4199.231,4207.179,4190.769,4164.744,4195.0,4197.051,сжать руку
70,4183.718,4188.205,4205.769,4200.128,4190.641,4201.282,4191.923,4203.59,4200.0,4204.487,4197.692,4164.231,4194.103,4199.231,сжать руку
70,4183.59,4187.308,4205.128,4198.205,4194.487,4191.667,4191.282,4202.564,4200.0,4203.59,4202.051,4164.231,4190.897,4199.615,сжать руку
70,4187.949,4185.385,4206.923,4198.59,4204.103,4194.231,4201.026,4207.821,4204.359,4210.0,4202.308,4162.308,4198.846,4196.795,сжать руку
70,4191.154,4194.231,4207.564,4202.949,4205.897,4205.769,4205.641,4199.615,4205.513,4207.949,4205.256,4162.692,4205.897,4197.436,сжать руку
70,4196.667,4204.615,4211.282,4207.308,4203.205,4203.205,4187.308,4186.41,4200.128,4209.872,4211.154,4163.205,4207.436,4203.718,сжать руку
70,4207.179,4207.308,4217.564,4209.872,4203.462,4194.615,4174.231,4192.051,4198.077,4212.564,4214.615,4166.154,4211.026,4207.949,сжать руку
70,4218.077,4214.615,4222.564,4212.179,4201.667,4195.0,4187.692,4208.718,4202.436,4211.923,4216.41,4173.462,4217.179,4209.103,сжать руку
70,4226.026,4224.872,4228.077,4211.538,4195.897,4194.103,4193.846,4209.872,4204.231,4217.179,4216.538,4173.333,4222.436,4212.949,сжать руку
70,4231.026,4228.205,4231.154,4212.821,4197.436,4187.692,4178.077,4198.846,4202.179,4217.692,4217.564,4169.615,4224.359,4218.077,сжать руку
70,4241.41,4233.974,4234.103,4218.846,4207.179,4193.462,4176.923,4190.641,4197.179,4212.308,4220.256,4170.769,4226.667,4215.256,сжать руку
70,4249.872,4239.359,4238.846,4218.846,4208.205,4203.462,4191.538,4194.872,4194.872,4212.051,4220.256,4173.077,4229.487,4212.436,сжать руку
70,4245.128,4237.564,4238.59,4216.923,4201.026,4199.359,4193.333,4207.308,4203.333,4215.385,4219.872,4173.846,4227.949,4214.487,сжать руку
70,4235.0,4236.282,4230.385,4214.359,4200.897,4191.923,4182.564,4200.385,4199.231,4206.538,4217.821,4167.179,4221.154,4207.564,сжать руку
70,4230.641,4236.154,4222.692,4210.128,4207.692,4191.923,4174.359,4186.538,4186.41,4200.641,4211.538,4161.154,4216.154,4202.949,сжать руку
70,4227.692,4233.462,4221.154,4209.872,4212.179,4195.128,4176.41,4191.795,4192.436,4206.538,4206.41,4164.744,4215.256,4207.564,сжать руку
70,4215.769,4223.974,4217.692,4207.692,4209.744,4195.0,4186.667,4203.718,4204.359,4197.949,4204.487,4167.564,4210.128,4203.974,сжать руку
70,4207.436,4213.205,4212.308,4202.821,4203.59,4195.256,4196.41,4205.769,4202.949,4192.436,4203.205,4164.231,4205.385,4198.462,сжать руку
70,4208.462,4209.103,4211.282,4202.308,4202.051,4201.41,4195.385,4199.103,4197.949,4209.872,4201.667,4162.821,4206.667,4198.718,сжать руку
70,4205.513,4211.154,4207.821,4202.179,4207.692,4202.949,4188.205,4196.538,4198.718,4215.256,4201.538,4168.846,4206.795,4198.077,сжать руку
70,4200.385,4209.231,4199.744,4196.667,4209.359,4197.436,4187.179,4199.872,4200.128,4201.538,4201.154,4167.436,4198.077,4193.846,сжать руку
70,4201.026,4202.692,4197.436,4195.641,4202.308,4198.077,4191.154,4200.641,4201.026,4200.769,4199.487,4163.205,4193.077,4192.821,сжать руку
70,4198.077,4201.282,4201.282,4198.205,4198.077,4206.026,4195.769,4195.0,4197.179,4205.641,4198.205,4165.256,4201.538,4196.667,сжать руку
70,4195.513,4199.872,4199.103,4196.667,4203.846,4206.923,4187.949,4192.436,4194.487,4202.051,4197.949,4165.0,4202.051,4197.564,сжать руку
70,4198.974,4194.744,4194.487,4197.179,4205.256,4198.974,4178.974,4198.333,4196.667,4205.128,4200.128,4164.615,4198.718,4195.513,сжать руку
70,4193.974,4190.641,4193.077,4198.718,4198.718,4196.282,4187.179,4206.41,4198.462,4210.256,4199.872,4168.333,4201.667,4192.692,сжать руку
70,4187.821,4189.872,4192.949,4194.744,4197.179,4201.154,4192.436,4205.256,4198.59,4209.231,4197.179,4169.744,4202.308,4192.821,сжать руку
70,4194.487,4193.077,4196.026,4194.615,4201.795,4209.487,4186.026,4191.538,4192.051,4206.026,4197.692,4171.282,4198.333,4198.462,сжать руку
70,4201.41,4196.41,4200.769,4201.667,4206.154,4208.59,4186.923,4198.077,4194.231,4211.667,4200.897,4176.282,4200.641,4202.692,сжать руку
70,4198.718,4196.026,4199.744,4202.564,4205.0,4202.436,4201.795,4215.769,4203.462,4219.487,4202.949,4177.436,4207.436,4203.59,сжать руку
70,4193.077,4193.205,4195.128,4195.769,4198.333,4207.692,4212.821,4206.154,4201.026,4214.615,4200.128,4172.821,4205.128,4201.923,сжать руку
70,4191.282,4192.821,4193.333,4192.051,4196.923,4210.641,4202.821,4191.282,4195.385,4206.538,4197.692,4166.795,4202.436,4196.538,сжать руку
70,4193.205,4195.128,4196.154,4194.103,4205.0,4204.359,4184.872,4196.538,4202.564,4210.641,4201.41,4167.564,4207.051,4195.256,сжать руку
70,4196.667,4196.026,4198.718,4194.359,4209.744,4203.59,4190.897,4204.615,4205.385,4214.103,4204.872,4170.0,4207.821,4197.308,сжать руку
70,4193.718,4193.718,4195.385,4193.718,4205.128,4207.436,4207.051,4203.59,4198.59,4209.487,4201.795,4166.026,4200.128,4196.282,сжать руку
70,4190.256,4192.179,4191.282,4192.949,4201.538,4207.949,4208.846,4211.538,4209.103,4212.179,4199.615,4165.897,4200.641,4194.744,сжать руку
70,4190.513,4192.692,4191.026,4190.256,4201.923,4204.103,4206.282,4218.846,4215.641,4214.872,4199.872,4166.923,4205.385,4193.718,сжать руку
70,4198.59,4197.179,4196.795,4196.795,4202.051,4197.821,4200.256,4211.154,4203.846,4207.692,4201.41,4167.949,4204.615,4199.231,сжать руку
70,4215.897,4208.846,4208.974,4207.949,4202.179,4196.41,4193.205,4200.641,4197.821,4206.282,4202.821,4170.513,4207.949,4207.436,сжать руку
70,4226.923,4221.154,4214.872,4209.744,4202.051,4201.923,4192.949,4185.769,4193.077,4206.026,4201.41,4167.949,4215.641,4210.0,сжать руку
70,4222.436,4223.333,4207.179,4205.897,4201.41,4199.744,4192.308,4181.538,4185.513,4195.385,4199.872,4165.385,4218.718,4208.205,сжать руку
70,4215.256,4221.154,4202.179,4204.231,4201.41,4192.308,4190.256,4202.051,4194.231,4194.103,4201.41,4170.256,4214.872,4205.256,сжать руку
70,4221.154,4225.128,4209.615,4208.205,4202.436,4195.513,4191.538,4213.077,4206.282,4206.154,4204.231,4174.359,4218.205,4206.41,сжать руку
70,4230.897,4230.385,4216.154,4212.564,4203.205,4199.487,4192.051,4195.897,4199.615,4209.103,4204.359,4170.897,4221.667,4208.59,сжать руку
70,4230.128,4232.308,4215.128,4210.897,4204.615,4196.282,4191.154,4188.974,4195.769,4202.436,4202.821,4169.615,4215.128,4205.385,сжать руку
70,4225.897,4232.949,4217.051,4209.359,4208.846,4197.949,4196.026,4203.462,4201.282,4203.718,4202.436,4175.385,4214.231,4205.641,сжать руку
70,4231.667,4229.359,4223.974,4213.462,4208.462,4200.128,4199.231,4210.513,4204.872,4210.769,4203.205,4179.615,4218.846,4212.179,сжать руку
70,4242.564,4226.795,4227.308,4214.872,4203.205,4196.154,4194.872,4212.692,4202.308,4210.769,4202.949,4180.769,4217.821,4213.59,сжать руку
70,4241.795,4229.744,4227.179,4213.974,4205.897,4197.051,4194.744,4208.077,4191.538,4208.333,4201.667,4177.308,4217.308,4205.641,сжать руку
70,4228.205,4219.359,4222.179,4210.256,4208.333,4203.462,4208.59,4194.359,4187.051,4206.923,4200.897,4172.564,4216.923,4198.974,сжать руку
70,4213.59,4200.513,4212.692,4199.744,4202.564,4205.641,4213.718,4194.744,4193.333,4202.692,4199.872,4173.333,4204.872,4200.128,сжать руку
71,4217.308,4215.128,4214.872,4206.538,4208.205,4205.385,4185.769,4201.026,4194.103,4206.667,4201.667,4177.821,4216.154,4205.385,разжать руку
71,4210.897,4206.795,4211.923,4208.077,4209.359,4196.667,4205.256,4206.667,4202.308,4206.795,4201.923,4173.974,4210.897,4207.436,разжать руку
71,4204.359,4202.051,4210.128,4203.205,4207.949,4195.256,4211.41,4225.513,4212.179,4210.385,4201.795,4171.282,4204.615,4205.769,разжать руку
71,4210.769,4206.282,4215.256,4203.205,4209.615,4203.462,4198.205,4216.026,4208.846,4219.487,4202.821,4176.667,4212.179,4205.385,разжать руку
71,4210.513,4207.051,4215.897,4206.026,4207.564,4204.615,4199.103,4191.667,4198.333,4217.692,4202.436,4177.436,4213.077,4202.308,разжать руку
71,4198.846,4199.231,4208.205,4206.667,4201.41,4197.821,4207.949,4198.846,4197.051,4207.308,4198.974,4171.923,4200.641,4196.667,разжать руку
71,4200.769,4194.359,4208.718,4207.949,4203.718,4201.538,4204.103,4222.051,4209.231,4212.179,4198.077,4175.256,4200.128,4200.256,разжать руку
71,4207.308,4200.385,4214.744,4207.179,4210.0,4212.308,4201.282,4211.667,4205.128,4222.564,4200.641,4176.667,4209.872,4204.231,разжать руку
71,4200.641,4203.462,4207.949,4204.872,4207.949,4211.41,4205.256,4185.0,4187.051,4212.821,4201.154,4171.538,4206.795,4198.59,разжать руку
71,4201.282,4200.385,4204.103,4206.795,4207.564,4206.41,4210.0,4193.077,4192.821,4205.897,4199.872,4172.436,4203.718,4197.308,разжать руку
71,4211.923,4205.769,4217.949,4210.769,4215.256,4207.949,4208.718,4214.487,4210.513,4220.513,4200.0,4179.231,4210.513,4206.538,разжать руку
71,4211.282,4210.256,4223.462,4210.769,4218.205,4212.179,4209.872,4207.949,4206.923,4226.667,4202.436,4182.179,4211.667,4210.513,разжать руку
71,4200.256,4198.205,4211.923,4205.0,4211.667,4212.692,4219.744,4198.205,4197.564,4213.718,4203.077,4177.051,4201.795,4202.179,разжать руку
71,4193.333,4188.462,4207.436,4198.077,4208.333,4213.462,4217.051,4210.769,4199.615,4203.718,4194.615,4172.821,4197.179,4196.923,разжать руку
71,4191.795,4191.154,4211.154,4194.872,4213.462,4214.615,4201.154,4217.436,4206.795,4208.59,4189.487,4175.385,4196.795,4197.308,разжать руку
71,4194.615,4193.205,4211.41,4195.128,4213.077,4209.615,4196.41,4212.308,4213.205,4222.051,4198.077,4181.154,4197.308,4201.795,разжать руку
71,4203.077,4194.615,4211.154,4196.795,4206.41,4207.436,4203.974,4210.256,4209.872,4225.0,4206.154,4180.128,4204.231,4206.667,разжать руку
71,4202.949,4194.103,4208.333,4195.256,4204.487,4211.282,4211.282,4206.795,4204.872,4214.615,4200.256,4170.513,4204.103,4199.615,разжать руку
71,4192.179,4191.795,4203.077,4191.41,4205.256,4211.41,4212.564,4207.564,4209.103,4211.026,4192.821,4169.231,4196.667,4194.103,разжать руку
71,4187.821,4192.436,4205.513,4196.282,4207.436,4208.333,4209.744,4215.385,4213.846,4218.59,4197.308,4178.205,4198.846,4199.615,разжать руку
71,4192.821,4191.154,4208.718,4200.385,4208.59,4211.026,4213.077,4209.872,4206.923,4214.487,4201.923,4183.59,4205.256,4201.154,разжать руку
71,4197.308,4190.385,4206.41,4197.436,4208.974,4215.641,4218.974,4198.718,4201.538,4205.897,4199.744,4180.0,4207.051,4199.872,разжать руку
71,4198.462,4193.718,4207.051,4199.231,4209.103,4213.205,4210.513,4203.205,4202.051,4211.026,4197.821,4165.385,4203.59,4202.564,разжать руку
71,4195.128,4194.231,4209.487,4202.564,4208.462,4207.179,4205.769,4212.308,4201.923,4212.692,4196.154,4152.821,4196.026,4203.077,разжать руку
71,4191.923,4193.077,4209.615,4201.154,4210.0,4209.359,4220.513,4214.231,4206.154,4210.769,4194.615,4151.41,4193.718,4200.769,разжать руку
71,4190.769,4194.231,4206.923,4199.231,4210.897,4215.641,4227.308,4217.692,4215.513,4220.641,4197.949,4149.615,4199.872,4198.718,разжать руку
71,4189.231,4193.718,4205.513,4201.026,4207.821,4211.923,4220.897,4230.0,4220.897,4226.538,4200.897,4150.641,4203.462,4197.692,разжать руку
71,4190.0,4191.795,4207.949,4203.846,4206.923,4205.897,4224.744,4222.308,4209.744,4217.179,4197.051,4152.821,4201.026,4196.154,разжать руку
71,4195.513,4193.974,4210.0,4206.282,4210.128,4211.154,4226.154,4197.821,4198.846,4210.385,4195.897,4153.718,4199.103,4196.154,разжать руку
71,4200.769,4198.462,4211.667,4208.333,4211.538,4216.538,4216.795,4197.051,4202.436,4213.718,4199.359,4158.846,4201.154,4197.564,разжать руку
71,4200.641,4198.846,4211.667,4207.051,4210.0,4212.949,4214.872,4208.59,4209.359,4219.103,4200.385,4160.513,4207.436,4196.41,разжать руку
71,4194.487,4194.872,4209.231,4203.333,4208.205,4210.0,4215.769,4210.513,4213.205,4222.179,4198.333,4156.154,4209.231,4195.897,разжать руку
71,4191.538,4193.59,4208.718,4200.385,4210.641,4214.615,4212.051,4212.692,4216.795,4225.641,4198.205,4158.077,4204.231,4197.051,разжать руку
71,4193.846,4195.897,4209.359,4202.179,4216.667,4218.718,4214.359,4213.333,4215.0,4224.487,4198.462,4163.718,4203.59,4198.59,разжать руку
71,4192.436,4195.256,4205.128,4201.538,4216.795,4215.897,4219.487,4205.641,4204.231,4211.795,4194.872,4161.923,4205.0,4200.128,разжать руку
71,4189.615,4193.333,4198.974,4194.487,4211.282,4211.282,4212.179,4205.128,4205.513,4207.821,4193.974,4158.077,4202.436,4198.846,разжать руку
71,4192.179,4192.308,4196.41,4194.231,4208.59,4213.974,4206.282,4208.974,4213.718,4220.256,4198.974,4157.051,4198.846,4198.462,разжать руку
71,4188.333,4188.846,4193.974,4197.564,4208.077,4212.821,4208.974,4212.436,4213.718,4222.564,4199.744,4154.487,4195.641,4199.103,разжать руку
71,4181.41,4185.256,4191.282,4191.923,4203.462,4201.538,4201.41,4214.103,4210.897,4212.051,4197.436,4154.359,4195.897,4196.154,разжать руку
71,4184.615,4185.385,4191.282,4187.692,4198.974,4198.462,4190.513,4202.179,4208.718,4213.846,4203.59,4158.077,4201.154,4195.769,разжать руку
71,4186.282,4181.538,4192.692,4189.103,4198.846,4205.769,4187.179,4194.615,4205.769,4216.795,4208.333,4153.974,4199.872,4195.385,разжать руку
71,4182.564,4178.462,4190.897,4189.359,4200.0,4202.564,4191.923,4207.308,4205.385,4206.923,4204.231,4148.846,4194.103,4193.077,разжать руку
71,4183.846,4182.949,4192.949,4191.026,4204.872,4200.385,4206.282,4215.897,4211.538,4203.846,4206.923,4154.615,4198.077,4194.359,разжать руку
71,4185.769,4183.333,4202.821,4191.667,4210.256,4209.231,4214.359,4214.359,4216.154,4212.692,4217.692,4158.718,4204.615,4197.179,разжать руку
71,4185.897,4180.256,4204.487,4189.744,4206.41,4215.0,4212.692,4213.974,4214.231,4218.333,4220.897,4155.513,4202.692,4198.205,разжать руку
71,4184.359,4185.513,4195.256,4190.641,4201.923,4213.333,4211.282,4198.974,4201.026,4208.974,4215.256,4152.949,4197.692,4194.872,разжать руку
71,4183.205,4192.179,4190.897,4193.462,4205.128,4203.462,4205.128,4191.923,4197.949,4195.513,4210.385,4156.026,4192.949,4191.795,разжать руку
71,4180.769,4190.897,4193.205,4190.897,4203.718,4197.308,4203.846,4208.59,4208.974,4196.154,4205.897,4154.359,4191.154,4192.692,разжать руку
71,4179.872,4185.385,4193.718,4188.077,4197.692,4204.359,4210.769,4204.872,4202.821,4201.923,4201.538,4147.051,4192.308,4192.564,разжать руку
71,4178.974,4182.692,4192.821,4190.256,4199.872,4209.231,4208.333,4185.641,4194.487,4201.026,4202.179,4148.846,4191.282,4193.077,разжать руку
71,4175.641,4182.692,4193.205,4192.436,4207.051,4203.974,4203.077,4192.051,4201.923,4200.0,4203.205,4149.872,4187.436,4192.564,разжать руку
71,4172.949,4179.103,4189.615,4191.538,4203.205,4201.923,4209.103,4203.974,4202.564,4195.641,4200.256,4145.385,4183.974,4191.154,разжать руку
71,4172.308,4175.513,4190.641,4190.256,4193.846,4207.308,4212.692,4201.667,4200.385,4192.692,4201.282,4147.949,4186.538,4192.949,разжать руку
71,4173.974,4176.795,4194.615,4191.026,4197.564,4207.564,4211.154,4206.667,4212.564,4200.513,4204.103,4151.538,4189.231,4193.974,разжать руку
71,4180.0,4180.385,4196.538,4194.744,4205.256,4206.923,4210.769,4210.513,4214.872,4207.436,4205.128,4152.949,4187.179,4192.949,разжать руку
71,4189.359,4185.513,4200.769,4198.205,4204.744,4209.231,4212.821,4203.333,4203.846,4207.564,4209.231,4157.308,4191.923,4193.462,разжать руку
71,4187.692,4182.564,4199.103,4194.615,4202.179,4208.077,4223.333,4208.846,4213.974,4207.564,4209.615,4157.436,4196.026,4195.0,разжать руку
71,4180.385,4178.205,4192.436,4193.59,4204.872,4205.897,4220.513,4218.59,4223.077,4205.641,4202.949,4151.154,4189.872,4194.359,разжать руку
71,4181.282,4183.974,4193.077,4199.872,4205.513,4207.692,4203.974,4208.205,4206.538,4202.179,4198.205,4147.179,4184.872,4190.256,разжать руку
71,4182.436,4184.487,4195.0,4200.256,4204.103,4211.026,4203.974,4195.897,4194.359,4199.872,4200.769,4148.205,4187.308,4190.769,разжать руку
71,4186.795,4182.308,4197.564,4200.897,4208.59,4211.795,4213.205,4205.897,4208.846,4201.41,4202.308,4153.333,4192.051,4197.436,разжать руку
71,4192.564,4189.487,4203.077,4205.513,4208.462,4208.205,4211.795,4211.282,4215.897,4201.538,4200.897,4156.154,4193.077,4199.487,разжать руку
71,4189.487,4189.744,4201.923,4203.205,4199.872,4201.667,4205.769,4201.026,4207.051,4200.769,4200.385,4154.872,4192.308,4195.0,разжать руку
71,4184.744,4185.513,4196.667,4201.538,4200.641,4202.436,4205.769,4201.154,4209.487,4208.333,4200.641,4159.103,4196.923,4194.103,разжать руку
71,4184.744,4192.308,4197.949,4204.744,4207.949,4206.41,4202.179,4202.821,4211.923,4211.538,4202.436,4162.308,4199.615,4196.795,разжать руку
71,4179.359,4191.154,4194.872,4201.282,4202.436,4202.051,4199.487,4197.308,4205.897,4203.59,4200.128,4155.256,4189.359,4191.41,разжать руку
71,4175.641,4178.333,4190.256,4198.077,4193.462,4197.949,4203.718,4207.692,4210.513,4201.538,4198.333,4154.487,4182.179,4187.564,разжать руку
71,4183.846,4178.333,4194.231,4205.385,4197.051,4204.487,4209.487,4218.974,4213.205,4200.513,4200.0,4163.205,4188.718,4195.385,разжать руку
71,4186.795,4186.538,4194.744,4207.821,4202.949,4207.692,4207.308,4199.872,4200.385,4192.564,4200.256,4161.795,4193.462,4196.667,разжать руку
71,4183.718,4185.256,4189.744,4202.949,4201.538,4199.231,4201.795,4192.051,4195.385,4193.333,4198.462,4157.051,4191.41,4192.051,разжать руку
71,4185.897,4181.41,4190.513,4202.436,4197.949,4200.0,4207.821,4216.026,4207.436,4202.436,4197.564,4157.692,4190.897,4195.513,разжать руку
71,4187.692,4186.538,4191.667,4201.282,4193.974,4208.205,4203.718,4212.179,4208.718,4202.949,4199.744,4155.385,4195.256,4197.692,разжать руку
71,4183.077,4189.487,4185.513,4198.974,4193.462,4204.103,4192.308,4195.641,4202.949,4204.103,4200.897,4151.795,4196.026,4193.462,разжать руку
71,4178.333,4185.641,4182.051,4196.667,4199.872,4198.59,4192.821,4209.487,4210.256,4211.41,4198.718,4148.974,4191.41,4191.538,разжать руку
71,4181.667,4185.769,4187.436,4194.487,4205.385,4203.974,4191.795,4211.41,4214.103,4213.974,4197.949,4152.308,4193.718,4194.103,разжать руку
71,4186.154,4186.667,4192.821,4199.615,4202.564,4210.256,4196.538,4194.872,4206.667,4215.0,4200.513,4158.462,4197.436,4195.385,разжать руку
71,4183.077,4181.923,4193.205,4202.821,4195.385,4208.59,4209.744,4205.769,4207.821,4214.744,4199.872,4155.128,4193.974,4194.744,разжать руку
71,4184.103,4184.231,4194.359,4198.59,4195.0,4202.949,4205.256,4217.692,4211.41,4210.641,4199.231,4154.231,4196.026,4198.333,разжать руку
71,4190.256,4194.231,4198.974,4197.051,4201.538,4200.0,4195.897,4205.897,4209.103,4210.897,4202.949,4159.872,4199.615,4202.051,разжать руку
71,4186.795,4193.205,4198.077,4197.436,4201.538,4200.513,4206.154,4205.513,4208.205,4211.282,4203.205,4157.179,4197.179,4198.077,разжать руку
71,4182.564,4188.333,4195.897,4194.487,4197.436,4204.872,4208.974,4209.615,4206.538,4206.282,4200.385,4154.744,4199.872,4196.923,разжать руку
71,4189.615,4190.128,4197.564,4193.846,4198.59,4206.795,4200.641,4203.333,4204.615,4205.513,4199.872,4158.974,4202.692,4199.487,разжать руку
71,4195.641,4191.923,4196.026,4198.974,4197.949,4200.0,4201.795,4213.333,4214.744,4210.385,4200.513,4159.615,4197.051,4201.41,разжать руку
71,4200.385,4191.795,4196.923,4203.205,4196.026,4199.615,4212.564,4226.41,4222.949,4215.128,4202.179,4158.718,4197.308,4203.462,разжать руку
71,4208.718,4191.667,4204.359,4205.256,4198.974,4210.128,4219.103,4207.564,4210.128,4216.154,4202.821,4163.718,4202.564,4205.128,разжать руку
71,4209.872,4193.462,4210.0,4205.0,4202.308,4208.59,4209.231,4193.718,4202.949,4217.436,4202.821,4167.821,4206.41,4206.282,разжать руку
71,4205.385,4193.205,4208.846,4200.769,4199.103,4193.974,4201.154,4211.026,4213.462,4218.205,4203.59,4164.359,4207.692,4204.872,разжать руку
71,4198.974,4186.923,4204.615,4196.026,4192.051,4193.846,4207.564,4214.615,4213.462,4212.564,4204.359,4163.718,4203.59,4204.359,разжать руку
71,4192.564,4181.41,4205.897,4195.256,4195.641,4203.974,4211.795,4201.923,4201.923,4207.821,4203.59,4166.538,4200.128,4203.205,разжать руку
71,4192.051,4180.513,4206.923,4195.0,4203.846,4206.538,4215.769,4201.282,4202.308,4207.821,4201.795,4164.487,4200.128,4198.59,разжать руку
71,4189.615,4178.462,4199.487,4191.41,4203.59,4209.487,4224.744,4206.41,4208.846,4203.205,4198.974,4160.385,4193.846,4195.513,разжать руку
71,4188.462,4177.564,4196.667,4191.282,4196.282,4209.487,4219.231,4208.59,4207.179,4201.41,4198.59,4160.897,4189.872,4195.641,разжать руку
71,4191.41,4178.718,4205.513,4194.487,4191.282,4203.462,4204.359,4215.256,4211.923,4211.795,4200.769,4167.308,4196.923,4196.282,разжать руку
71,4192.564,4181.282,4208.846,4195.256,4196.154,4206.154,4208.333,4210.769,4219.744,4221.026,4201.282,4168.718,4203.718,4197.564,разжать руку
71,4193.718,4189.872,4207.051,4197.308,4207.051,4213.59,4214.487,4195.513,4213.974,4223.718,4201.41,4163.718,4206.026,4200.769,разжать руку
71,4198.718,4195.769,4211.282,4200.769,4208.718,4206.667,4212.821,4203.462,4208.462,4224.231,4202.179,4165.0,4208.077,4203.718,разжать руку
71,4206.282,4195.0,4213.205,4199.615,4202.051,4201.41,4214.359,4218.462,4212.308,4220.256,4201.923,4168.333,4204.744,4204.359,разжать руку
71,4211.154,4192.051,4210.513,4196.667,4199.103,4207.308,4213.077,4211.026,4211.538,4215.128,4200.513,4167.692,4200.0,4205.128,разжать руку
71,4208.718,4186.154,4210.641,4199.615,4200.256,4205.0,4208.974,4201.282,4207.692,4213.333,4198.59,4166.667,4201.154,4205.128,разжать руку
71,4203.718,4183.846,4210.256,4200.769,4199.487,4197.051,4208.974,4204.872,4208.59,4213.077,4199.744,4165.641,4204.872,4202.308,разжать руку
72,4208.974,4195.128,4205.897,4197.308,4194.744,4202.179,4193.59,4202.179,4200.256,4211.795,4201.282,4167.821,4203.59,4199.487,сжать руку
72,4201.667,4188.077,4206.923,4195.128,4199.231,4198.205,4184.615,4201.41,4197.821,4205.897,4195.513,4163.205,4198.846,4196.41,сжать руку
72,4195.641,4181.538,4202.949,4192.692,4197.949,4202.821,4189.103,4205.769,4200.769,4196.026,4187.564,4161.923,4192.692,4194.872,сжать руку
72,4195.513,4181.667,4198.205,4192.949,4198.205,4212.179,4194.615,4208.205,4199.359,4193.718,4185.897,4163.846,4190.385,4193.846,сжать руку
72,4189.487,4178.718,4191.538,4191.538,4204.615,4211.667,4195.128,4206.667,4199.615,4198.59,4189.231,4161.41,4190.897,4192.436,сжать руку
72,4187.949,4178.205,4191.154,4191.026,4203.718,4209.103,4194.487,4210.256,4205.0,4207.564,4193.974,4160.256,4192.308,4191.667,сжать руку
72,4195.897,4183.59,4198.718,4194.744,4192.949,4209.103,4195.513,4210.256,4203.077,4214.872,4196.923,4164.487,4197.308,4195.256,сжать руку
72,4194.872,4184.487,4198.462,4193.205,4189.615,4209.231,4200.769,4201.923,4198.333,4211.538,4198.077,4165.769,4205.128,4201.282,сжать руку
72,4185.641,4178.462,4191.282,4189.359,4194.103,4205.897,4201.795,4206.538,4206.154,4208.205,4200.0,4162.051,4205.513,4200.641,сжать руку
72,4188.205,4180.513,4190.513,4192.949,4195.897,4205.0,4194.359,4212.436,4208.333,4211.41,4199.487,4161.282,4201.026,4200.385,сжать руку
72,4197.564,4190.641,4196.282,4197.436,4197.564,4208.59,4197.949,4204.615,4196.41,4212.821,4195.769,4163.974,4202.051,4204.744,сжать руку
72,4198.846,4196.538,4201.923,4200.897,4199.487,4207.949,4206.41,4202.436,4194.231,4213.077,4194.231,4164.359,4205.641,4204.103,сжать руку
72,4202.821,4199.231,4208.718,4207.179,4201.282,4201.795,4202.051,4210.128,4204.359,4222.051,4200.769,4165.385,4208.974,4203.077,сжать руку
72,4204.615,4202.051,4209.615,4208.205,4207.436,4201.41,4196.538,4212.179,4207.308,4229.103,4201.41,4163.333,4208.333,4203.205,сжать руку
72,4198.077,4201.795,4200.641,4201.282,4209.744,4207.821,4198.205,4202.949,4202.692,4217.692,4189.872,4157.692,4203.462,4198.333,сжать руку
72,4199.872,4199.359,4201.282,4203.59,4201.282,4206.154,4192.179,4196.795,4200.641,4208.846,4184.615,4161.282,4202.179,4198.718,сжать руку
72,4204.359,4195.641,4206.923,4207.692,4194.103,4199.359,4188.077,4206.41,4202.308,4211.538,4188.462,4164.615,4202.179,4203.333,сжать руку
72,4194.359,4187.564,4198.718,4197.949,4195.0,4202.308,4201.667,4211.667,4205.769,4205.513,4187.051,4160.0,4195.385,4202.692,сжать руку
72,4186.282,4184.103,4189.615,4194.615,4199.103,4209.231,4208.462,4200.0,4202.692,4198.59,4188.205,4159.872,4191.667,4200.897,сжать руку
72,4195.897,4189.359,4194.231,4205.128,4203.333,4211.538,4201.923,4197.821,4199.744,4210.641,4192.308,4167.692,4199.615,4204.103,сжать руку
72,4205.0,4197.051,4205.0,4210.769,4207.308,4208.718,4202.949,4207.949,4204.615,4222.821,4195.0,4170.0,4206.282,4204.872,сжать руку
72,4200.513,4195.128,4206.795,4205.0,4203.077,4204.744,4209.487,4206.154,4204.359,4209.487,4195.513,4166.154,4201.154,4198.718,сжать руку
72,4197.308,4185.513,4199.359,4200.385,4194.487,4206.282,4203.59,4201.282,4199.103,4202.564,4192.179,4167.436,4199.231,4199.103,сжать руку
72,4199.872,4184.615,4194.872,4199.103,4196.282,4212.179,4194.615,4206.282,4204.103,4221.923,4191.282,4167.308,4202.949,4203.462,сжать руку
72,4195.769,4187.821,4194.744,4196.026,4201.923,4208.462,4197.179,4208.974,4212.436,4231.282,4200.0,4163.718,4200.513,4199.359,сжать руку
72,4192.821,4190.769,4197.949,4199.103,4202.179,4202.051,4197.949,4210.128,4207.692,4222.436,4205.128,4164.487,4201.282,4198.462,сжать руку
72,4204.744,4195.641,4205.256,4206.795,4202.436,4208.333,4199.872,4209.231,4204.615,4216.154,4199.615,4166.026,4208.205,4202.051,сжать руку
72,4214.487,4198.846,4210.769,4210.256,4208.205,4216.154,4209.231,4208.974,4208.718,4211.538,4198.718,4166.538,4205.0,4203.205,сжать руку
72,4212.051,4199.359,4212.949,4208.59,4211.41,4212.692,4210.641,4220.385,4213.974,4211.795,4207.179,4165.256,4202.692,4204.615,сжать руку
72,4206.026,4198.333,4212.692,4207.051,4206.667,4204.744,4204.872,4221.282,4212.949,4217.051,4214.744,4162.692,4210.0,4206.538,сжать руку
72,4201.41,4199.487,4206.795,4209.487,4207.179,4205.256,4208.205,4204.744,4207.051,4217.051,4217.436,4164.615,4210.128,4205.385,сжать руку
72,4204.359,4203.077,4203.077,4210.641,4214.359,4215.256,4219.359,4197.179,4207.436,4220.641,4220.0,4170.256,4211.795,4204.103,сжать руку
72,4215.0,4203.718,4209.103,4208.333,4214.103,4217.692,4222.436,4208.846,4210.128,4226.923,4225.385,4173.462,4214.359,4207.308,сжать руку
72,4219.615,4200.385,4211.923,4208.333,4213.077,4211.154,4216.282,4217.436,4213.59,4222.436,4221.923,4170.897,4208.974,4207.821,сжать руку
72,4214.744,4198.462,4206.667,4207.692,4213.718,4209.231,4205.128,4207.308,4212.436,4214.872,4212.308,4164.744,4205.0,4203.59,сжать руку
72,4211.282,4200.385,4203.333,4206.795,4211.026,4212.051,4200.897,4198.974,4207.949,4218.462,4214.744,4164.872,4206.282,4202.949,сжать руку
72,4208.718,4198.462,4202.692,4206.538,4208.077,4213.718,4207.949,4203.974,4210.513,4226.154,4224.744,4168.333,4210.128,4204.103,сжать руку
72,4199.231,4192.308,4198.59,4201.026,4206.282,4213.974,4209.103,4208.974,4213.974,4224.615,4223.077,4166.667,4213.974,4204.103,сжать руку
72,4193.205,4189.359,4192.949,4196.923,4207.821,4213.846,4204.231,4205.897,4210.641,4222.308,4216.795,4163.846,4211.667,4199.231,сжать руку
72,4196.923,4190.513,4195.385,4200.513,4207.821,4210.128,4205.513,4212.051,4212.436,4225.641,4215.128,4164.615,4202.821,4195.385,сжать руку
72,4204.103,4196.026,4207.692,4206.026,4203.718,4207.564,4206.026,4209.103,4213.077,4219.744,4211.026,4167.308,4203.59,4202.949,сжать руку
72,4206.41,4198.974,4215.641,4207.821,4201.923,4208.205,4200.0,4190.128,4197.179,4202.564,4205.385,4165.256,4204.615,4206.923,сжать руку
72,4206.667,4195.641,4211.923,4207.949,4204.359,4206.538,4198.718,4198.846,4199.231,4199.872,4207.692,4163.846,4198.718,4202.308,сжать руку
72,4205.641,4193.718,4210.897,4206.026,4206.667,4208.333,4207.179,4217.564,4218.59,4214.231,4213.333,4167.564,4200.0,4203.59,сжать руку
72,4203.333,4197.949,4212.051,4204.359,4207.692,4215.897,4211.282,4213.462,4218.462,4224.872,4215.0,4165.128,4208.077,4204.487,сжать руку
72,4200.897,4200.128,4200.513,4205.769,4209.103,4217.564,4209.615,4202.821,4208.462,4227.051,4218.205,4160.128,4211.41,4200.128,сжать руку
72,4197.051,4194.487,4188.718,4203.846,4208.846,4216.282,4213.077,4205.897,4208.333,4225.513,4217.564,4160.641,4206.538,4197.821,сжать руку
72,4201.154,4198.077,4195.897,4205.385,4211.026,4217.308,4211.282,4215.385,4215.897,4226.538,4216.026,4164.615,4209.487,4203.205,сжать руку
72,4216.026,4209.103,4210.128,4212.308,4214.103,4213.846,4203.077,4217.308,4223.59,4226.538,4219.103,4167.051,4221.41,4210.0,сжать руку
72,4223.462,4210.513,4214.359,4214.231,4212.949,4206.923,4201.795,4207.308,4220.0,4222.436,4219.359,4166.41,4219.103,4210.897,сжать руку
72,4219.231,4206.282,4219.487,4211.923,4208.59,4206.026,4202.051,4200.513,4207.051,4220.897,4218.974,4169.359,4212.308,4210.641,сжать руку
72,4218.333,4205.641,4226.026,4212.051,4205.0,4207.949,4197.436,4209.872,4206.026,4225.0,4219.487,4173.846,4217.949,4211.282,сжать руку
72,4217.436,4202.179,4218.718,4210.0,4205.0,4206.282,4194.103,4210.769,4207.179,4215.256,4216.026,4170.0,4217.564,4208.846,сжать руку
72,4208.462,4196.154,4206.282,4206.41,4205.641,4205.128,4193.205,4206.538,4204.359,4201.154,4211.795,4165.256,4206.154,4203.846,сжать руку
72,4210.0,4200.641,4210.513,4209.872,4205.128,4208.077,4198.077,4208.077,4206.795,4208.846,4213.974,4167.051,4204.872,4203.077,сжать руку
72,4225.0,4209.615,4220.513,4214.744,4207.692,4213.205,4205.256,4219.231,4216.282,4226.795,4218.718,4172.179,4216.538,4208.59,сжать руку
72,4227.051,4209.872,4219.615,4214.487,4212.308,4213.205,4200.256,4227.692,4225.513,4233.333,4218.59,4171.154,4220.513,4212.179,сжать руку
72,4216.795,4205.256,4212.564,4211.41,4211.667,4208.333,4192.949,4209.231,4215.513,4231.538,4217.564,4165.513,4214.872,4210.256,сжать руку
72,4214.359,4204.872,4210.256,4209.744,4210.0,4213.59,4203.333,4194.103,4201.538,4231.41,4216.154,4165.897,4215.513,4208.718,сжать руку
72,4216.538,4209.231,4207.949,4211.667,4217.051,4219.615,4207.821,4211.538,4209.744,4231.538,4216.667,4165.256,4218.333,4207.692,сжать руку
72,4212.821,4209.487,4196.41,4213.077,4220.385,4211.282,4195.641,4222.308,4219.359,4227.564,4211.41,4161.667,4216.41,4206.154,сжать руку
72,4212.436,4208.333,4188.462,4211.41,4214.744,4206.282,4193.333,4200.641,4207.564,4218.974,4207.051,4164.487,4216.667,4206.923,сжать руку
72,4220.769,4212.051,4197.949,4212.179,4210.513,4210.897,4199.103,4187.821,4196.282,4211.154,4210.897,4168.077,4217.308,4208.077,сжать руку
72,4227.308,4216.538,4214.231,4218.846,4206.282,4211.41,4197.564,4199.872,4199.872,4207.051,4209.231,4170.0,4212.051,4212.308,сжать руку
72,4226.026,4212.308,4221.667,4219.359,4204.103,4204.872,4190.897,4210.897,4207.179,4206.923,4207.051,4172.949,4212.308,4214.872,сжать руку
72,4216.41,4199.103,4216.41,4210.769,4205.641,4194.872,4184.103,4206.026,4210.513,4206.41,4208.718,4173.59,4214.359,4211.41,сжать руку
72,4206.538,4191.538,4208.59,4210.769,4199.872,4192.564,4185.897,4191.41,4199.872,4202.308,4205.897,4170.0,4207.436,4208.205,сжать руку
72,4202.436,4193.59,4203.462,4218.462,4191.795,4201.538,4193.333,4197.949,4199.231,4206.538,4205.128,4168.077,4204.359,4203.59,сжать руку
72,4203.846,4195.385,4201.026,4220.0,4195.769,4202.436,4192.692,4218.077,4218.718,4217.949,4208.846,4170.897,4206.795,4202.179,сжать руку
72,4208.462,4198.333,4201.795,4218.333,4203.462,4198.974,4194.615,4210.513,4216.538,4220.769,4207.949,4170.769,4206.923,4202.179,сжать руку
72,4212.051,4204.359,4204.744,4219.744,4203.205,4206.538,4197.308,4189.103,4195.769,4213.333,4207.949,4166.538,4209.487,4203.462,сжать руку
72,4218.718,4211.538,4209.359,4223.846,4206.026,4210.513,4188.59,4198.59,4201.154,4217.051,4217.308,4169.359,4218.59,4210.256,сжать руку
72,4220.641,4212.821,4211.795,4221.667,4212.821,4204.744,4186.667,4217.564,4218.59,4226.923,4216.923,4172.179,4218.333,4209.744,сжать руку
72,4214.487,4206.538,4205.385,4217.308,4212.179,4205.128,4195.897,4210.0,4212.821,4218.077,4206.282,4167.436,4205.641,4200.0,сжать руку
72,4214.615,4207.179,4205.128,4221.923,4210.256,4213.333,4195.0,4197.949,4205.641,4209.487,4204.872,4163.077,4204.744,4199.231,сжать руку
72,4219.359,4211.41,4215.128,4226.538,4211.282,4210.128,4191.538,4200.256,4208.846,4213.718,4211.026,4165.641,4214.487,4209.872,сжать руку
72,4220.128,4208.333,4217.308,4224.231,4209.103,4198.205,4199.487,4211.795,4210.641,4216.538,4217.564,4176.667,4218.462,4214.615,сжать руку
72,4219.872,4207.308,4218.59,4223.846,4206.154,4197.821,4202.308,4214.103,4209.487,4214.744,4217.308,4183.718,4215.769,4209.872,сжать руку
72,4220.385,4210.256,4224.103,4227.051,4206.154,4207.949,4197.949,4204.231,4209.359,4209.744,4211.154,4179.872,4214.872,4207.179,сжать руку
72,4218.205,4207.179,4220.128,4225.0,4207.692,4212.308,4205.256,4207.051,4216.154,4212.692,4210.256,4176.282,4215.256,4207.179,сжать руку
72,4214.103,4202.179,4210.128,4223.59,4210.0,4209.872,4211.538,4212.179,4219.615,4224.872,4212.436,4176.538,4213.077,4205.513,сжать руку
72,4205.385,4199.103,4208.846,4224.103,4211.154,4209.231,4204.103,4206.282,4214.231,4225.128,4206.795,4172.308,4207.949,4202.179,сжать руку
72,4201.795,4196.667,4210.641,4220.897,4207.564,4208.462,4202.051,4210.0,4213.59,4214.872,4197.692,4167.051,4204.487,4201.923,сжать руку
72,4212.949,4202.821,4208.846,4219.744,4206.154,4209.487,4207.436,4211.026,4213.846,4218.333,4199.103,4172.692,4211.154,4206.667,сжать руку
72,4220.641,4212.051,4210.128,4222.564,4211.41,4210.128,4207.564,4194.872,4205.128,4221.538,4203.205,4176.795,4217.436,4210.513,сжать руку
72,4217.821,4212.564,4215.385,4222.051,4212.436,4206.026,4207.949,4193.333,4200.0,4210.256,4200.769,4171.154,4215.128,4209.231,сжать руку
72,4214.359,4211.026,4218.974,4220.128,4209.615,4210.641,4210.0,4211.41,4208.462,4209.872,4199.872,4169.744,4211.923,4209.231,сжать руку
72,4213.59,4212.949,4216.282,4222.436,4212.949,4218.462,4211.026,4216.282,4213.59,4225.128,4207.179,4172.692,4215.128,4209.231,сжать руку
72,4208.846,4208.59,4208.59,4218.205,4214.615,4211.923,4211.923,4209.744,4214.487,4229.872,4213.333,4171.026,4216.923,4204.872,сжать руку
72,4203.462,4205.0,4207.949,4214.615,4210.641,4202.821,4203.333,4205.641,4218.077,4219.615,4206.667,4169.103,4210.641,4204.744,сжать руку
72,4207.436,4208.718,4216.282,4221.282,4208.846,4206.282,4186.795,4202.821,4214.231,4212.179,4198.974,4170.769,4205.0,4206.538,сжать руку
72,4212.436,4207.051,4220.769,4222.692,4209.103,4209.744,4184.872,4204.615,4207.179,4212.051,4201.795,4172.179,4202.821,4205.128,сжать руку
72,4206.026,4197.949,4216.154,4216.538,4208.59,4205.385,4194.103,4203.205,4204.231,4211.538,4203.077,4167.821,4202.051,4202.564,сжать руку
72,4197.179,4193.205,4207.564,4214.103,4206.538,4200.256,4193.974,4193.718,4200.128,4206.923,4194.103,4160.513,4203.333,4203.718,сжать руку
72,4198.718,4199.231,4206.538,4215.769,4204.231,4204.615,4198.333,4199.487,4201.026,4204.487,4189.103,4163.846,4205.641,4209.744,сжать руку
72,4203.974,4199.872,4210.385,4212.949,4203.205,4214.231,4214.103,4219.615,4208.333,4204.615,4194.231,4171.667,4204.103,4208.59,сжать руку
72,4209.744,4196.538,4213.718,4209.359,4205.769,4213.718,4215.641,4223.59,4209.359,4206.923,4198.205,4171.41,4199.359,4206.795,сжать руку
72,4216.923,4204.615,4219.103,4216.282,4210.769,4211.795,4208.846,4201.923,4202.564,4213.333,4201.923,4169.872,4207.308,4213.59,сжать руку
72,4217.692,4213.59,4222.821,4223.59,4211.026,4215.128,4211.026,4195.256,4207.436,4219.359,4207.179,4175.128,4223.718,4218.462,сжать руку
72,4218.846,4214.359,4221.41,4220.897,4210.385,4214.872,4211.154,4218.718,4220.0,4224.872,4208.333,4179.744,4230.0,4215.769,сжать руку
73,4216.923,4212.821,4221.282,4218.205,4210.897,4213.077,4216.026,4203.59,4211.41,4231.154,4203.974,4173.333,4212.564,4207.564,разжать руку
73,4216.026,4211.282,4225.513,4218.077,4208.718,4207.179,4211.026,4200.641,4206.282,4219.231,4204.231,4178.462,4213.205,4207.564,разжать руку
73,4219.487,4211.282,4232.692,4218.333,4208.333,4204.615,4208.077,4220.0,4213.846,4211.41,4206.154,4178.974,4215.641,4210.897,разжать руку
73,4219.744,4208.974,4231.538,4217.179,4206.282,4209.744,4223.077,4216.795,4211.026,4217.051,4207.051,4175.897,4217.436,4213.462,разжать руку
73,4217.051,4205.385,4223.846,4212.179,4206.026,4210.769,4230.128,4210.128,4210.128,4229.231,4206.538,4174.615,4217.692,4212.308,разжать руку
73,4215.897,4205.769,4220.385,4210.256,4207.308,4208.846,4219.615,4223.333,4223.333,4231.026,4205.769,4175.0,4217.436,4212.179,разжать руку
73,4211.41,4205.897,4214.231,4210.385,4206.282,4211.667,4214.615,4218.077,4218.462,4218.974,4200.897,4168.718,4217.564,4210.513,разжать руку
73,4209.359,4205.641,4210.769,4207.692,4206.154,4210.641,4212.051,4194.231,4196.923,4212.436,4195.385,4163.974,4215.769,4208.462,разжать руку
73,4213.846,4208.333,4218.59,4210.897,4209.231,4203.077,4207.821,4194.103,4195.769,4214.872,4199.615,4173.974,4216.026,4211.282,разжать руку
73,4220.0,4211.667,4226.282,4215.769,4210.256,4200.641,4214.231,4212.308,4210.769,4216.795,4202.436,4180.513,4215.0,4209.615,разжать руку
73,4224.744,4211.667,4226.282,4215.385,4206.026,4205.769,4221.667,4218.077,4214.744,4216.923,4200.513,4178.077,4213.718,4208.462,разжать руку
73,4226.795,4211.667,4228.974,4217.308,4208.077,4209.487,4216.154,4212.692,4210.513,4219.615,4202.308,4181.923,4216.282,4213.462,разжать руку
73,4223.974,4212.051,4229.872,4213.718,4212.051,4203.974,4206.538,4206.538,4205.128,4219.744,4202.436,4183.974,4216.154,4211.538,разжать руку
73,4216.41,4208.462,4219.487,4206.538,4205.128,4200.641,4206.026,4203.59,4200.641,4212.308,4197.949,4178.846,4211.154,4207.051,разжать руку
73,4213.205,4208.205,4212.436,4209.615,4200.256,4208.718,4212.564,4208.846,4206.923,4211.923,4198.846,4179.615,4212.308,4209.744,разжать руку
73,4213.974,4210.256,4212.949,4212.436,4204.744,4210.385,4215.128,4215.0,4213.59,4218.462,4203.974,4184.103,4218.333,4212.949,разжать руку
73,4215.256,4205.513,4212.436,4206.795,4207.179,4205.513,4216.795,4211.026,4205.897,4215.256,4201.282,4181.026,4216.154,4210.769,разжать руку
73,4221.41,4201.667,4212.821,4206.923,4208.077,4208.205,4215.0,4204.615,4205.128,4213.077,4204.615,4180.128,4217.436,4211.538,разжать руку
73,4227.051,4206.154,4215.897,4212.692,4211.923,4213.59,4210.256,4208.462,4215.513,4228.333,4217.179,4187.436,4227.692,4218.462,разжать руку
73,4223.846,4211.667,4215.641,4210.128,4211.667,4211.538,4210.256,4212.179,4212.692,4235.897,4220.897,4185.0,4232.436,4217.564,разжать руку
73,4218.846,4211.41,4208.974,4207.051,4210.513,4206.41,4208.974,4205.0,4206.282,4223.718,4215.256,4176.026,4227.308,4209.872,разжать руку
73,4216.154,4203.846,4201.795,4205.641,4208.974,4207.564,4211.282,4205.897,4212.564,4216.41,4210.128,4176.923,4219.103,4207.821,разжать руку
73,4210.128,4196.923,4201.026,4198.846,4206.795,4210.0,4216.154,4207.564,4211.282,4212.308,4208.718,4176.026,4214.487,4210.513,разжать руку
73,4212.692,4202.564,4207.308,4196.538,4210.513,4208.974,4210.256,4206.282,4210.897,4213.462,4212.949,4173.077,4221.154,4215.513,разжать руку
73,4222.564,4211.026,4213.59,4201.538,4215.128,4209.359,4202.949,4212.692,4218.974,4225.513,4227.179,4180.128,4233.205,4216.282,разжать руку
73,4220.0,4206.41,4214.615,4201.538,4211.795,4211.795,4208.205,4213.077,4217.308,4228.205,4230.256,4186.41,4233.974,4209.487,разжать руку
73,4214.872,4202.692,4218.333,4201.923,4208.974,4211.795,4212.949,4211.667,4217.821,4225.128,4224.359,4185.385,4226.923,4212.051,разжать руку
73,4217.564,4208.205,4222.692,4207.051,4213.59,4209.231,4208.846,4215.385,4221.41,4227.051,4223.974,4182.436,4224.103,4216.923,разжать руку
73,4216.538,4206.154,4220.641,4205.0,4210.385,4207.051,4206.667,4211.026,4215.897,4223.462,4221.154,4181.795,4218.59,4210.0,разжать руку
73,4214.744,4203.462,4220.769,4200.769,4203.59,4206.923,4212.821,4207.564,4215.385,4225.128,4222.179,4182.692,4215.256,4208.59,разжать руку
73,4217.436,4206.282,4224.615,4202.949,4206.667,4209.615,4219.487,4219.231,4224.615,4238.462,4228.333,4181.795,4221.667,4212.692,разжать руку
73,4216.282,4203.974,4220.641,4202.051,4210.0,4211.41,4216.795,4222.179,4225.897,4237.821,4225.256,4177.821,4223.462,4211.667,разжать руку
73,4211.667,4199.359,4208.718,4194.744,4207.692,4209.359,4216.923,4213.205,4221.538,4225.897,4214.615,4170.897,4219.615,4206.026,разжать руку
73,4210.256,4203.333,4202.051,4194.231,4207.949,4209.744,4221.795,4206.41,4214.487,4222.179,4214.103,4169.744,4224.487,4204.744,разжать руку
73,4220.385,4215.513,4213.974,4207.051,4212.308,4212.564,4213.718,4201.154,4210.513,4223.974,4219.103,4176.41,4234.231,4214.872,разжать руку
73,4237.692,4225.256,4232.308,4218.846,4213.59,4211.795,4204.744,4210.513,4220.385,4230.897,4223.462,4178.974,4233.718,4222.692,разжать руку
73,4246.41,4231.667,4235.769,4220.385,4211.795,4211.795,4215.385,4220.385,4223.974,4233.974,4229.744,4177.051,4232.179,4220.769,разжать руку
73,4251.154,4239.615,4232.436,4221.154,4214.231,4213.718,4227.308,4212.564,4217.179,4229.487,4230.256,4178.974,4239.103,4221.795,разжать руку
73,4261.667,4248.333,4237.949,4223.974,4218.205,4210.641,4225.128,4220.513,4223.59,4232.564,4234.615,4186.026,4246.41,4229.872,разжать руку
73,4267.949,4255.897,4243.974,4226.026,4217.564,4205.769,4222.821,4230.897,4229.872,4240.385,4241.667,4187.821,4250.769,4230.513,разжать руку
73,4264.103,4256.795,4242.179,4226.026,4218.718,4204.231,4217.692,4207.949,4216.282,4236.026,4234.487,4178.59,4248.462,4222.179,разжать руку
73,4260.256,4248.205,4240.385,4220.385,4217.949,4207.051,4216.538,4201.026,4210.0,4221.923,4221.41,4174.487,4240.897,4220.0,разжать руку
73,4264.103,4246.026,4240.641,4218.59,4213.205,4215.641,4225.128,4220.128,4219.359,4215.769,4217.179,4178.59,4234.231,4221.667,разжать руку
73,4263.333,4249.744,4238.974,4221.538,4214.615,4217.692,4217.949,4204.487,4210.385,4214.615,4216.667,4179.744,4232.051,4221.154,разжать руку
73,4255.0,4244.231,4234.615,4218.462,4219.231,4208.205,4202.564,4186.667,4198.974,4212.949,4214.744,4179.487,4233.59,4220.769,разжать руку
73,4252.821,4239.231,4232.821,4214.359,4217.436,4207.051,4209.487,4210.256,4213.205,4217.308,4214.359,4178.462,4234.744,4218.333,разжать руку
73,4255.897,4241.795,4235.256,4217.179,4216.667,4210.513,4214.872,4221.026,4221.154,4218.974,4215.385,4179.103,4226.923,4217.436,разжать руку
73,4253.59,4241.667,4238.462,4220.385,4224.872,4203.59,4197.692,4201.538,4212.564,4216.923,4215.769,4181.154,4220.513,4220.0,разжать руку
73,4247.821,4238.974,4237.564,4217.051,4221.154,4199.359,4188.718,4204.359,4217.949,4219.872,4216.538,4181.41,4227.949,4222.051,разжать руку
73,4242.821,4235.128,4232.051,4213.205,4208.205,4206.41,4203.333,4221.282,4224.615,4224.359,4216.667,4180.641,4231.538,4220.385,разжать руку
73,4240.256,4226.923,4230.256,4210.769,4213.077,4210.385,4216.923,4222.436,4222.692,4228.462,4216.667,4182.179,4227.308,4217.179,разжать руку
73,4240.897,4225.128,4234.103,4212.564,4223.205,4207.949,4214.615,4220.0,4226.154,4236.026,4218.333,4184.744,4227.436,4218.333,разжать руку
73,4238.59,4227.051,4232.564,4216.538,4220.128,4212.692,4207.949,4217.692,4222.179,4235.0,4212.564,4181.154,4223.974,4216.667,разжать руку
73,4228.205,4219.615,4218.718,4210.897,4214.872,4220.897,4214.615,4204.103,4206.667,4218.846,4199.744,4173.59,4215.641,4208.333,разжать руку
73,4220.256,4211.282,4206.41,4205.128,4213.846,4218.846,4222.949,4201.026,4205.0,4212.564,4200.256,4173.846,4216.282,4208.462,разжать руку
73,4225.0,4215.0,4215.256,4208.59,4214.359,4210.385,4216.538,4210.769,4211.795,4215.513,4210.128,4179.231,4219.231,4216.538,разжать руку
73,4232.564,4221.41,4225.128,4212.436,4215.128,4206.282,4202.949,4204.359,4212.692,4210.385,4205.897,4179.231,4217.308,4217.564,разжать руку
73,4229.487,4219.487,4217.692,4211.795,4214.744,4210.256,4203.333,4203.462,4216.923,4210.513,4202.051,4178.718,4220.256,4212.564,разжать руку
73,4224.231,4214.744,4212.692,4210.769,4212.179,4209.231,4213.846,4218.205,4217.436,4218.59,4210.769,4181.41,4219.103,4207.949,разжать руку
73,4224.744,4216.154,4221.667,4211.667,4212.564,4197.821,4206.41,4212.821,4215.128,4222.692,4216.667,4185.128,4214.487,4210.385,разжать руку
73,4226.154,4222.308,4228.718,4212.821,4216.154,4197.308,4199.872,4205.897,4217.821,4228.333,4216.538,4186.795,4224.487,4217.436,разжать руку
73,4228.846,4222.051,4224.359,4212.051,4216.667,4211.667,4215.897,4212.179,4217.051,4227.692,4215.256,4182.821,4234.231,4217.564,разжать руку
73,4230.897,4215.385,4223.462,4210.0,4217.949,4217.949,4222.436,4213.333,4215.385,4221.154,4215.0,4181.154,4225.128,4213.205,разжать руку
73,4226.667,4214.615,4225.897,4209.744,4215.641,4210.513,4215.513,4215.385,4218.333,4223.59,4212.564,4180.641,4216.026,4211.538,разжать руку
73,4217.949,4212.308,4218.462,4207.308,4208.974,4207.821,4218.077,4219.231,4218.205,4223.333,4206.282,4173.462,4214.487,4207.564,разжать руку
73,4208.205,4201.795,4205.385,4200.256,4207.308,4214.744,4222.308,4207.051,4208.333,4210.897,4198.846,4164.231,4207.692,4197.308,разжать руку
73,4196.538,4194.744,4194.615,4197.436,4211.154,4213.846,4215.0,4196.795,4205.513,4197.949,4192.692,4162.692,4200.897,4196.154,разжать руку
73,4195.513,4201.41,4191.667,4202.436,4213.205,4205.0,4207.692,4207.051,4216.026,4198.846,4189.487,4171.923,4204.103,4209.744,разжать руку
73,4211.667,4212.436,4201.667,4209.359,4212.692,4207.692,4208.333,4212.821,4218.462,4214.359,4198.205,4181.154,4213.205,4218.974,разжать руку
73,4229.615,4220.897,4220.769,4211.154,4216.795,4216.282,4214.231,4211.026,4214.487,4228.077,4214.359,4187.564,4220.385,4222.051,разжать руку
73,4235.385,4226.026,4229.103,4212.821,4224.615,4213.205,4216.41,4221.667,4218.59,4235.0,4217.564,4191.923,4227.564,4223.333,разжать руку
73,4231.282,4224.231,4224.487,4216.795,4227.949,4207.949,4209.103,4226.538,4220.513,4240.897,4214.103,4189.744,4232.436,4219.231,разжать руку
73,4230.641,4222.821,4227.436,4216.154,4222.436,4211.154,4206.154,4216.154,4215.385,4239.359,4217.051,4187.308,4230.0,4213.846,разжать руку
73,4230.256,4222.821,4236.026,4211.026,4213.462,4214.103,4212.564,4206.282,4214.487,4230.256,4217.949,4187.949,4225.897,4209.615,разжать руку
73,4227.949,4218.846,4231.41,4209.615,4208.077,4209.744,4219.487,4203.077,4211.538,4221.41,4211.538,4187.692,4220.256,4210.0,разжать руку
73,4232.564,4220.256,4224.872,4210.641,4209.744,4207.179,4223.333,4211.41,4213.974,4223.974,4211.154,4188.974,4219.615,4220.256,разжать руку
73,4234.872,4225.769,4231.41,4209.615,4215.385,4215.385,4222.179,4220.641,4225.641,4238.846,4216.923,4189.359,4228.333,4223.59,разжать руку
73,4225.769,4221.41,4228.59,4211.41,4216.41,4220.256,4218.077,4214.359,4224.487,4239.615,4212.692,4182.949,4228.59,4213.974,разжать руку
73,4215.513,4210.769,4212.436,4207.949,4212.051,4211.282,4217.179,4207.436,4215.0,4218.333,4195.513,4170.641,4207.564,4204.487,разжать руку
73,4209.487,4206.41,4205.256,4197.692,4208.077,4205.256,4217.564,4209.231,4212.821,4204.487,4183.205,4168.462,4193.462,4202.436,разжать руку
73,4204.359,4207.821,4205.641,4198.59,4209.744,4212.564,4213.59,4201.026,4206.667,4203.974,4180.641,4174.359,4199.487,4202.692,разжать руку
73,4206.538,4210.897,4201.923,4207.692,4213.077,4213.462,4205.385,4194.615,4202.692,4202.692,4182.949,4176.41,4207.051,4204.615,разжать руку
73,4216.923,4212.564,4203.974,4208.077,4214.744,4208.333,4206.667,4210.897,4212.564,4206.026,4192.308,4179.872,4212.179,4212.564,разжать руку
73,4219.359,4208.59,4207.949,4201.154,4210.385,4212.692,4219.615,4221.41,4221.154,4210.641,4200.641,4181.538,4213.077,4215.769,разжать руку
73,4215.513,4206.026,4207.051,4201.667,4204.103,4212.179,4217.821,4218.846,4216.026,4213.333,4201.538,4181.538,4212.308,4214.359,разжать руку
73,4220.769,4211.923,4215.385,4210.128,4207.821,4200.128,4201.154,4211.795,4207.564,4224.231,4207.692,4185.769,4220.256,4218.974,разжать руку
73,4225.0,4216.026,4222.436,4213.462,4208.974,4195.641,4196.538,4203.59,4208.846,4231.538,4214.487,4189.872,4223.974,4221.923,разжать руку
73,4220.0,4210.513,4216.41,4210.0,4199.872,4203.846,4206.667,4209.744,4216.154,4227.308,4208.846,4189.615,4213.718,4218.462,разжать руку
73,4216.154,4204.103,4207.436,4207.692,4196.154,4207.692,4218.077,4215.0,4213.077,4221.41,4201.026,4182.308,4208.462,4211.538,разжать руку
73,4213.077,4201.538,4200.513,4209.231,4201.41,4208.59,4221.026,4208.205,4205.769,4213.974,4196.795,4175.897,4213.205,4207.821,разжать руку
73,4208.718,4202.308,4196.538,4212.564,4208.846,4217.692,4214.103,4212.051,4212.949,4210.256,4188.205,4178.462,4214.615,4208.333,разжать руку
73,4204.744,4204.359,4195.641,4210.128,4211.282,4219.744,4209.231,4223.718,4222.051,4216.538,4185.641,4175.769,4213.077,4206.667,разжать руку
73,4199.231,4204.359,4191.026,4202.564,4205.0,4211.154,4210.897,4214.615,4211.923,4210.641,4186.667,4166.41,4208.846,4203.205,разжать руку
73,4202.949,4210.897,4186.795,4205.641,4208.077,4206.795,4203.846,4192.179,4197.564,4197.564,4182.949,4167.949,4208.077,4204.744,разжать руку
73,4221.026,4224.231,4196.538,4214.103,4221.667,4206.282,4192.949,4191.667,4201.282,4209.615,4188.846,4176.923,4218.846,4213.205,разжать руку
73,4230.385,4227.949,4209.103,4213.974,4220.128,4207.179,4200.897,4218.205,4216.538,4225.128,4202.692,4183.59,4225.256,4220.513,разжать руку
73,4225.897,4222.436,4215.641,4210.513,4209.872,4208.333,4212.949,4234.103,4220.897,4221.667,4206.923,4188.077,4218.718,4218.462,разжать руку
73,4228.462,4222.051,4220.897,4213.462,4206.026,4202.436,4208.974,4219.744,4210.128,4217.692,4206.667,4188.974,4218.077,4219.359,разжать руку
73,4240.385,4226.667,4226.795,4216.538,4201.026,4194.615,4205.385,4210.256,4205.385,4218.846,4207.051,4188.333,4223.59,4227.051,разжать руку
73,4246.026,4227.436,4227.179,4212.308,4194.487,4192.564,4207.308,4216.667,4207.949,4209.359,4201.538,4187.308,4217.821,4224.231,разжать руку
74,4249.744,4237.564,4221.923,4215.385,4202.564,4201.923,4205.897,4214.359,4206.538,4213.205,4210.0,4181.41,4223.462,4219.487,сжать руку
74,4251.795,4242.051,4220.769,4219.359,4203.846,4208.846,4210.513,4208.974,4213.205,4224.615,4213.333,4178.462,4231.923,4221.923,сжать руку
74,4257.308,4249.615,4220.256,4221.795,4205.513,4209.103,4208.205,4206.282,4208.59,4219.615,4209.103,4183.333,4234.744,4224.487,сжать руку
74,4265.128,4262.436,4222.308,4226.282,4212.949,4205.641,4201.923,4207.821,4203.846,4215.128,4209.615,4187.179,4233.205,4228.718,сжать руку
74,4270.769,4267.564,4226.41,4231.667,4220.128,4204.615,4207.821,4212.692,4216.154,4225.0,4216.154,4188.462,4235.0,4229.231,сжать руку
74,4267.692,4263.333,4231.667,4233.974,4224.487,4210.385,4215.385,4212.564,4222.179,4234.103,4217.821,4185.769,4240.128,4222.949,сжать руку
74,4252.564,4255.0,4226.282,4228.462,4226.154,4209.615,4210.0,4206.154,4212.949,4225.641,4214.744,4180.769,4235.0,4214.359,сжать руку
74,4236.795,4244.615,4214.487,4221.41,4223.462,4198.846,4204.359,4203.077,4212.308,4215.897,4215.256,4183.462,4222.949,4211.795,сжать руку
74,4233.462,4233.974,4217.179,4218.205,4216.795,4199.103,4210.513,4214.744,4218.462,4218.718,4216.923,4190.513,4220.641,4212.949,сжать руку
74,4230.769,4225.513,4224.872,4215.0,4212.821,4210.385,4219.103,4226.795,4219.615,4222.051,4217.436,4190.385,4220.513,4212.949,сжать руку
74,4219.359,4216.538,4217.436,4209.744,4212.564,4209.359,4221.923,4215.513,4217.436,4217.821,4215.256,4179.615,4208.846,4206.923,сжать руку
74,4208.462,4208.077,4204.744,4205.256,4208.974,4203.077,4222.821,4206.026,4217.179,4213.462,4212.308,4173.462,4196.795,4200.256,сжать руку
74,4204.744,4207.692,4198.333,4204.615,4208.333,4211.154,4221.026,4220.641,4222.949,4218.077,4214.359,4179.231,4199.872,4206.282,сжать руку
74,4207.949,4212.949,4197.949,4206.667,4214.872,4217.564,4212.564,4227.179,4227.692,4226.795,4216.154,4181.667,4212.436,4213.077,сжать руку
74,4213.846,4212.949,4204.103,4208.077,4213.333,4210.256,4205.513,4214.744,4224.487,4228.077,4215.641,4180.513,4215.769,4211.538,сжать руку
74,4222.821,4220.385,4219.872,4212.179,4209.615,4209.744,4211.538,4212.436,4219.231,4231.667,4223.077,4184.359,4217.949,4213.077,сжать руку
74,4234.231,4235.128,4234.487,4219.487,4218.333,4215.128,4213.974,4211.795,4215.641,4243.205,4234.103,4189.744,4229.359,4218.462,сжать руку
74,4236.282,4233.846,4236.026,4222.821,4222.949,4211.538,4207.308,4209.872,4219.359,4248.077,4235.641,4190.385,4233.846,4219.231,сжать руку
74,4229.487,4225.256,4231.282,4221.667,4217.821,4207.436,4211.154,4213.846,4225.385,4242.949,4232.564,4185.769,4225.641,4214.231,сжать руку
74,4225.256,4222.308,4230.769,4217.821,4218.59,4208.462,4220.385,4207.564,4219.744,4234.872,4231.41,4182.436,4221.282,4210.897,сжать руку
74,4221.538,4217.308,4232.179,4214.872,4223.462,4212.949,4226.282,4202.051,4212.308,4226.282,4225.641,4182.308,4220.897,4210.513,сжать руку
74,4214.103,4215.385,4225.769,4218.846,4226.667,4221.282,4223.59,4206.667,4212.436,4220.256,4217.436,4180.641,4215.769,4208.974,сжать руку
74,4212.692,4223.718,4219.487,4222.949,4230.256,4217.821,4212.308,4208.974,4216.026,4221.026,4215.385,4180.897,4215.897,4209.872,сжать руку
74,4218.333,4229.103,4225.128,4220.0,4224.615,4200.897,4201.667,4211.026,4217.564,4224.615,4217.308,4186.41,4219.231,4215.897,сжать руку
74,4221.667,4222.692,4228.333,4215.769,4211.923,4198.974,4208.077,4215.769,4216.795,4225.256,4218.462,4189.615,4217.179,4220.769,сжать руку
74,4214.872,4214.231,4218.974,4214.615,4209.487,4213.974,4223.59,4216.538,4216.923,4226.026,4217.949,4188.333,4217.564,4214.615,сжать руку
74,4208.205,4211.923,4210.641,4211.282,4212.436,4215.385,4219.744,4216.41,4224.231,4231.154,4215.256,4185.897,4219.359,4206.667,сжать руку
74,4210.385,4214.872,4211.41,4210.128,4210.513,4205.897,4206.667,4218.718,4230.897,4235.769,4213.462,4187.308,4217.436,4212.051,сжать руку
74,4215.128,4215.641,4216.026,4214.103,4211.154,4208.462,4212.692,4224.872,4232.821,4241.282,4221.923,4191.154,4222.179,4217.821,сжать руку
74,4215.513,4213.333,4219.231,4213.462,4213.205,4215.256,4222.308,4234.872,4235.0,4247.949,4230.256,4190.128,4231.282,4214.231,сжать руку
74,4212.308,4210.897,4216.026,4208.718,4210.385,4211.282,4212.692,4227.308,4227.308,4241.923,4224.487,4182.692,4226.026,4211.282,сжать руку
74,4211.923,4208.846,4216.41,4210.385,4208.333,4203.077,4203.974,4200.897,4213.59,4227.949,4218.718,4180.897,4217.564,4212.692,сжать руку
74,4216.795,4210.769,4220.641,4216.538,4209.744,4206.538,4210.256,4193.846,4206.41,4219.103,4220.128,4185.897,4220.0,4215.769,сжать руку
74,4220.385,4215.897,4218.718,4215.0,4210.641,4216.667,4216.795,4207.949,4210.897,4216.026,4217.308,4182.564,4219.487,4214.231,сжать руку
74,4218.333,4216.667,4214.872,4210.641,4212.179,4214.615,4211.667,4206.026,4211.667,4215.0,4212.051,4178.077,4214.103,4210.385,сжать руку
74,4219.744,4218.59,4218.846,4214.487,4214.872,4206.923,4199.487,4197.949,4204.872,4214.872,4214.359,4184.615,4217.436,4214.487,сжать руку
74,4221.026,4219.103,4220.769,4215.513,4214.744,4207.308,4197.692,4210.641,4208.59,4217.436,4213.846,4187.179,4219.872,4216.282,сжать руку
74,4214.359,4211.026,4212.821,4209.359,4209.231,4209.359,4205.128,4218.333,4216.795,4220.128,4204.744,4181.538,4208.59,4210.256,сжать руку
74,4212.821,4207.051,4210.897,4208.718,4203.846,4207.051,4209.487,4212.564,4220.769,4223.718,4205.641,4180.0,4207.051,4211.41,сжать руку
74,4219.744,4210.256,4215.385,4211.154,4205.897,4205.0,4205.0,4214.872,4222.564,4228.974,4215.256,4185.897,4220.128,4218.59,сжать руку
74,4222.436,4211.282,4219.615,4208.974,4210.385,4205.256,4196.538,4222.436,4223.077,4236.667,4219.744,4193.846,4224.359,4219.231,сжать руку
74,4223.974,4216.282,4226.795,4213.59,4210.641,4208.333,4197.051,4225.513,4226.026,4244.231,4224.615,4193.974,4224.103,4216.282,сжать руку
74,4231.154,4223.974,4235.641,4224.103,4213.718,4211.538,4208.205,4221.538,4225.513,4238.974,4226.538,4188.205,4226.026,4218.205,сжать руку
74,4235.641,4225.256,4240.641,4224.359,4223.846,4210.256,4211.41,4212.308,4214.615,4226.282,4222.436,4185.256,4222.308,4221.282,сжать руку
74,4235.0,4225.769,4237.949,4221.026,4227.179,4210.128,4204.487,4206.41,4207.821,4221.923,4223.59,4184.103,4223.462,4217.436,сжать руку
74,4230.385,4227.308,4233.462,4219.359,4220.256,4215.256,4202.692,4208.462,4214.231,4229.487,4226.154,4184.359,4229.487,4213.718,сжать руку
74,4220.897,4218.59,4224.744,4213.462,4217.564,4215.385,4206.026,4210.256,4214.103,4229.103,4215.897,4179.615,4220.641,4211.538,сжать руку
74,4211.538,4211.154,4214.103,4209.615,4219.359,4208.59,4204.359,4209.872,4212.564,4219.231,4208.205,4172.308,4211.41,4209.872,сжать руку
74,4208.846,4212.179,4211.538,4210.897,4217.692,4209.231,4203.59,4209.744,4218.59,4220.897,4215.769,4173.718,4218.333,4211.923,сжать руку
74,4208.846,4210.897,4211.923,4207.949,4212.821,4212.821,4204.872,4206.538,4215.897,4225.641,4218.205,4176.667,4220.513,4215.0,сжать руку
74,4206.41,4207.308,4208.718,4202.692,4209.231,4208.846,4201.282,4210.513,4216.41,4219.487,4208.205,4173.718,4211.667,4212.436,сжать руку
74,4201.282,4206.538,4206.282,4201.795,4212.308,4207.051,4197.179,4219.487,4222.564,4217.179,4206.667,4174.615,4207.051,4206.026,сжать руку
74,4197.692,4205.128,4205.897,4201.282,4213.205,4212.564,4202.564,4215.385,4216.923,4223.846,4211.282,4179.103,4211.923,4204.872,сжать руку
74,4200.256,4205.641,4206.41,4204.103,4209.231,4218.462,4212.564,4212.821,4212.308,4221.154,4209.872,4180.256,4217.051,4207.692,сжать руку
74,4208.462,4213.205,4212.564,4207.564,4214.103,4214.872,4210.385,4221.795,4217.692,4213.59,4211.026,4181.538,4215.0,4211.282,сжать руку
74,4216.282,4216.538,4215.897,4206.667,4221.795,4210.256,4202.821,4222.692,4220.0,4217.692,4216.538,4182.436,4215.769,4216.667,сжать руку
74,4216.41,4214.615,4211.795,4208.333,4216.667,4213.718,4202.564,4210.897,4214.359,4224.359,4212.692,4177.179,4217.436,4215.0,сжать руку
74,4212.692,4217.179,4214.487,4211.282,4209.103,4213.333,4200.641,4207.436,4213.333,4226.538,4211.282,4174.615,4212.436,4211.154,сжать руку
74,4216.923,4219.872,4221.538,4213.462,4213.846,4207.821,4194.744,4209.744,4216.282,4230.769,4217.821,4180.385,4215.256,4215.769,сжать руку
74,4218.718,4221.154,4217.436,4212.436,4214.359,4207.692,4193.205,4207.308,4215.897,4233.205,4215.769,4180.641,4223.462,4217.564,сжать руку
74,4215.513,4213.333,4208.846,4207.949,4207.051,4209.103,4194.615,4210.769,4216.538,4227.821,4213.974,4180.0,4222.692,4214.872,сжать руку
74,4216.026,4197.436,4213.333,4208.077,4208.462,4209.359,4195.769,4214.744,4217.436,4226.795,4217.436,4180.769,4219.103,4214.231,сжать руку
74,4214.103,4193.462,4219.615,4207.949,4212.564,4212.179,4203.846,4210.513,4214.872,4226.667,4212.051,4173.718,4217.821,4211.154,сжать руку
74,4211.41,4206.41,4216.667,4205.769,4210.385,4210.513,4211.41,4208.333,4212.436,4220.385,4207.436,4173.846,4215.256,4209.487,сжать руку
74,4216.282,4214.615,4218.205,4208.077,4209.231,4207.564,4214.359,4215.897,4218.718,4223.333,4213.974,4181.923,4218.846,4214.103,сжать руку
74,4218.462,4212.051,4220.641,4210.897,4212.564,4216.41,4219.487,4218.59,4221.538,4232.436,4220.0,4182.564,4226.026,4217.308,сжать руку
74,4212.564,4211.282,4215.641,4207.179,4212.308,4222.436,4216.795,4215.385,4217.692,4229.103,4215.769,4176.923,4223.205,4211.795,сжать руку
74,4210.256,4210.256,4212.692,4202.821,4210.897,4213.462,4205.0,4219.615,4222.051,4219.744,4210.769,4175.897,4215.769,4210.641,сжать руку
74,4215.0,4212.308,4218.205,4206.667,4210.385,4209.872,4205.128,4222.179,4227.308,4219.103,4213.974,4179.744,4213.077,4218.205,сжать руку
74,4223.077,4223.205,4224.487,4213.846,4211.026,4215.256,4208.462,4214.872,4225.897,4227.436,4216.667,4180.256,4220.897,4218.846,сжать руку
74,4230.769,4229.744,4227.308,4218.333,4215.641,4213.077,4197.179,4204.744,4219.103,4236.154,4216.154,4178.205,4230.385,4217.564,сжать руку
74,4232.051,4228.59,4227.436,4216.154,4219.487,4209.231,4199.744,4208.846,4216.795,4236.026,4215.897,4177.692,4225.641,4220.128,сжать руку
74,4230.256,4225.0,4224.487,4210.0,4219.872,4211.795,4212.692,4218.205,4220.0,4228.077,4216.667,4180.385,4221.41,4217.564,сжать руку
74,4228.077,4223.205,4226.026,4208.974,4217.436,4209.872,4205.897,4216.795,4220.513,4227.179,4218.205,4184.103,4227.949,4218.846,сжать руку
74,4226.795,4225.128,4229.744,4210.897,4213.205,4206.41,4201.41,4206.538,4221.667,4232.949,4217.821,4182.692,4229.231,4223.205,сжать руку
74,4226.795,4224.487,4225.769,4208.974,4206.667,4209.615,4211.795,4210.385,4225.385,4228.718,4215.128,4179.487,4224.744,4220.0,сжать руку
74,4231.667,4222.949,4223.718,4210.128,4207.436,4212.821,4214.103,4224.103,4223.974,4224.103,4215.256,4180.128,4232.051,4221.923,сжать руку
74,4239.359,4229.872,4225.641,4216.026,4213.077,4213.846,4212.308,4213.462,4213.205,4226.41,4217.692,4180.0,4237.051,4227.564,сжать руку
74,4245.897,4243.846,4227.179,4221.538,4210.897,4213.718,4210.128,4198.59,4213.205,4221.154,4215.128,4183.59,4231.667,4226.795,сжать руку
74,4253.205,4258.59,4231.923,4226.795,4214.487,4210.128,4203.462,4208.333,4220.769,4221.41,4217.179,4192.308,4239.231,4226.026,сжать руку
74,4260.385,4262.949,4237.051,4228.205,4220.897,4205.256,4208.333,4217.051,4218.718,4232.949,4222.564,4192.821,4248.333,4229.103,сжать руку
74,4264.615,4260.769,4239.615,4228.59,4219.103,4207.051,4217.179,4207.949,4215.513,4234.103,4220.128,4186.923,4244.231,4231.154,сжать руку
74,4263.205,4263.846,4243.718,4233.077,4219.872,4212.692,4210.897,4205.897,4218.333,4229.615,4220.128,4185.385,4242.051,4227.692,сжать руку
74,4262.051,4264.615,4244.359,4234.359,4222.308,4208.718,4204.872,4212.436,4217.436,4231.41,4224.359,4189.103,4243.974,4226.795,сжать руку
74,4266.538,4260.128,4241.282,4231.282,4217.692,4207.692,4214.359,4207.308,4211.154,4231.667,4222.436,4190.641,4244.744,4228.974,сжать руку
74,4263.333,4254.744,4240.897,4228.077,4215.897,4218.718,4224.103,4206.282,4213.718,4225.897,4216.667,4185.256,4245.128,4223.974,сжать руку
74,4247.564,4247.821,4234.487,4225.256,4218.077,4221.154,4221.538,4212.179,4219.103,4220.128,4215.128,4180.128,4237.821,4216.667,сжать руку
74,4239.359,4237.308,4222.308,4221.026,4216.282,4209.103,4209.872,4211.923,4216.282,4218.846,4215.256,4181.41,4224.872,4216.538,сжать руку
74,4239.872,4228.59,4219.744,4217.564,4214.487,4202.564,4206.154,4213.462,4215.0,4220.0,4214.487,4186.026,4224.103,4219.615,сжать руку
74,4235.0,4227.564,4223.077,4217.308,4216.667,4212.692,4220.897,4220.897,4223.205,4225.897,4218.205,4187.821,4235.128,4219.615,сжать руку
74,4233.974,4230.513,4225.897,4219.487,4216.795,4219.359,4226.154,4217.051,4225.128,4233.974,4225.641,4188.333,4241.282,4222.308,сжать руку
74,4237.308,4231.538,4227.308,4217.308,4215.897,4212.949,4213.462,4202.692,4216.282,4233.846,4230.513,4190.897,4237.821,4225.385,сжать руку
74,4235.0,4227.564,4225.128,4213.59,4221.282,4207.821,4206.538,4203.718,4219.359,4235.256,4232.436,4188.974,4239.487,4222.564,сжать руку
74,4231.026,4224.231,4222.179,4214.872,4222.949,4209.487,4212.308,4217.949,4233.462,4244.615,4232.436,4187.949,4243.462,4219.103,сжать руку
74,4224.103,4223.077,4220.641,4216.026,4216.538,4212.564,4215.0,4217.564,4230.769,4239.231,4226.41,4187.308,4233.59,4217.821,сжать руку
74,4219.103,4220.128,4219.615,4215.0,4212.179,4209.487,4211.154,4200.769,4214.103,4214.487,4221.282,4181.667,4221.538,4214.487,сжать руку
74,4223.205,4220.0,4217.949,4217.692,4211.154,4202.821,4213.974,4197.436,4208.333,4204.872,4223.077,4180.769,4220.128,4214.231,сжать руку
74,4225.513,4224.615,4221.026,4218.077,4212.179,4202.436,4216.923,4213.333,4221.41,4219.872,4223.462,4183.462,4225.256,4216.538,сжать руку
74,4218.59,4224.487,4222.692,4211.923,4216.026,4205.0,4211.667,4213.462,4229.872,4227.949,4218.462,4180.385,4228.462,4213.462,сжать руку
74,4210.0,4215.641,4215.256,4207.564,4218.205,4210.641,4215.385,4201.41,4220.769,4219.487,4216.923,4176.154,4223.59,4208.333,сжать руку
75,4194.872,4206.026,4201.667,4202.692,4216.41,4221.282,4228.718,4228.718,4232.051,4229.103,4215.897,4175.0,4223.333,4207.436,разжать руку
75,4201.795,4206.795,4207.821,4204.744,4221.154,4212.564,4211.538,4210.513,4227.949,4235.256,4225.769,4179.615,4235.385,4212.308,разжать руку
75,4209.872,4212.051,4216.923,4211.538,4221.795,4214.872,4212.179,4212.564,4225.0,4234.103,4232.308,4180.256,4230.641,4212.821,разжать руку
75,4218.718,4223.205,4230.513,4221.667,4220.385,4221.538,4222.692,4233.718,4231.795,4236.41,4227.179,4181.41,4224.231,4216.667,разжать руку
75,4226.538,4225.641,4234.744,4224.744,4220.256,4214.231,4224.359,4228.974,4229.744,4235.513,4223.462,4178.846,4228.077,4215.769,разжать руку
75,4222.436,4220.513,4227.564,4218.974,4218.462,4207.821,4220.128,4211.538,4225.769,4231.923,4226.154,4175.897,4230.641,4208.846,разжать руку
75,4216.923,4221.538,4228.462,4214.231,4218.462,4216.795,4222.179,4215.897,4233.077,4237.821,4228.462,4181.41,4225.897,4208.846,разжать руку
75,4216.538,4217.821,4229.744,4211.667,4217.436,4223.974,4229.872,4224.615,4234.103,4241.923,4228.59,4180.513,4220.128,4213.462,разжать руку
75,4210.641,4207.821,4218.718,4208.462,4213.077,4217.179,4230.513,4219.359,4226.41,4232.949,4222.308,4170.256,4220.385,4211.667,разжать руку
75,4202.179,4205.0,4211.538,4207.692,4211.41,4207.308,4221.41,4204.615,4220.769,4223.333,4212.949,4167.949,4216.923,4204.615,разжать руку
75,4202.308,4209.744,4217.051,4210.641,4213.205,4206.282,4213.462,4203.077,4221.41,4220.769,4215.128,4173.462,4213.718,4205.128,разжать руку
75,4207.564,4213.846,4223.59,4214.615,4215.0,4208.846,4218.718,4219.872,4225.769,4220.641,4220.0,4174.872,4217.821,4212.692,разжать руку
75,4209.359,4212.179,4223.077,4213.205,4211.667,4208.974,4226.667,4213.077,4217.692,4216.026,4216.154,4173.462,4219.487,4213.462,разжать руку
75,4209.103,4207.692,4219.487,4209.359,4209.359,4207.949,4223.077,4199.744,4210.385,4211.923,4215.256,4175.385,4218.077,4209.744,разжать руку
75,4205.769,4208.462,4219.103,4212.949,4210.0,4206.282,4220.769,4211.538,4222.308,4216.026,4216.795,4176.026,4216.923,4207.949,разжать руку
75,4202.436,4210.0,4215.128,4214.487,4207.308,4204.103,4226.41,4225.256,4230.256,4221.795,4216.282,4174.359,4214.487,4208.846,разжать руку
75,4201.154,4206.538,4208.846,4205.641,4205.513,4208.333,4230.897,4226.41,4225.128,4225.897,4216.282,4174.231,4215.897,4212.308,разжать руку
75,4201.026,4207.564,4210.769,4204.359,4206.923,4215.897,4228.205,4212.692,4217.692,4227.692,4217.436,4176.282,4222.308,4213.718,разжать руку
75,4199.872,4205.641,4210.897,4208.59,4208.205,4210.769,4217.564,4200.385,4211.282,4220.897,4212.692,4177.821,4217.821,4211.41,разжать руку
75,4197.179,4199.487,4203.974,4206.41,4206.667,4201.41,4211.026,4206.538,4212.949,4214.487,4204.231,4174.359,4210.128,4207.179,разжать руку
75,4196.41,4202.179,4203.846,4206.923,4208.205,4206.667,4215.641,4213.333,4221.282,4217.564,4202.949,4173.205,4213.077,4207.051,разжать руку
75,4198.622,4203.59,4205.529,4208.478,4208.91,4207.356,4215.272,4212.099,4220.529,4215.689,4203.061,4173.349,4212.788,4208.013,разжать руку
75,4200.833,4205.0,4207.212,4210.032,4209.615,4208.045,4214.904,4210.865,4219.776,4213.814,4203.173,4173.494,4212.5,4208.974,разжать руку
75,4203.045,4206.41,4208.894,4211.587,4210.321,4208.734,4214.535,4209.631,4219.022,4211.939,4203.285,4173.638,4212.212,4209.936,разжать руку
75,4205.256,4207.821,4210.577,4213.141,4211.026,4209.423,4214.167,4208.397,4218.269,4210.064,4203.397,4173.782,4211.923,4210.897,разжать руку
75,4207.468,4209.231,4212.26,4214.696,4211.731,4210.112,4213.798,4207.163,4217.516,4208.189,4203.51,4173.926,4211.635,4211.859,разжать руку
75,4209.679,4210.641,4213.942,4216.25,4212.436,4210.801,4213.429,4205.929,4216.763,4206.314,4203.622,4174.071,4211.346,4212.821,разжать руку
75,4211.891,4212.051,4215.625,4217.804,4213.141,4211.49,4213.061,4204.696,4216.01,4204.439,4203.734,4174.215,4211.058,4213.782,разжать руку
75,4214.103,4213.462,4217.308,4219.359,4213.846,4212.179,4212.692,4203.462,4215.256,4202.564,4203.846,4174.359,4210.769,4214.744,разжать руку
75,4216.026,4211.923,4216.41,4214.487,4211.154,4208.718,4216.795,4217.308,4223.077,4214.872,4206.41,4174.359,4218.077,4219.103,разжать руку
75,4212.692,4216.154,4214.487,4215.128,4210.128,4202.308,4207.692,4207.692,4214.487,4216.795,4208.846,4178.333,4216.026,4214.872,разжать руку
75,4218.205,4220.256,4218.333,4220.256,4211.795,4204.359,4202.308,4202.564,4210.385,4211.41,4216.282,4181.538,4217.179,4216.026,разжать руку
75,4225.513,4221.282,4224.487,4223.59,4216.154,4212.179,4212.949,4216.154,4222.821,4217.436,4217.949,4181.538,4221.923,4220.769,разжать руку
75,4222.564,4220.513,4223.846,4219.744,4214.615,4212.179,4222.436,4223.077,4233.205,4225.385,4215.256,4186.154,4221.667,4216.538,разжать руку
75,4217.436,4213.077,4218.974,4214.103,4208.846,4207.051,4218.462,4219.487,4226.923,4221.923,4216.667,4185.769,4219.744,4211.282,разжать руку
75,4216.282,4206.538,4218.333,4216.026,4209.744,4208.718,4213.462,4208.846,4214.359,4217.051,4215.897,4178.077,4216.154,4213.205,разжать руку
75,4216.41,4211.154,4222.692,4221.154,4215.385,4213.462,4221.795,4203.846,4215.513,4215.513,4210.0,4180.0,4215.256,4217.308,разжать руку
75,4218.974,4217.051,4222.436,4222.179,4213.205,4210.641,4223.846,4212.692,4221.923,4219.359,4212.051,4183.462,4220.256,4216.282,разжать руку
75,4218.718,4212.436,4214.231,4218.205,4206.795,4206.538,4212.564,4213.59,4216.154,4219.744,4214.231,4176.282,4217.179,4210.641,разжать руку
75,4207.051,4206.923,4206.667,4213.59,4209.103,4207.949,4212.821,4203.077,4208.59,4209.872,4203.205,4170.256,4204.744,4207.436,разжать руку
75,4203.205,4208.718,4206.923,4214.744,4211.667,4206.923,4214.359,4203.462,4211.282,4206.538,4202.564,4171.795,4206.538,4209.103,разжать руку
75,4212.051,4212.821,4212.692,4220.128,4207.692,4203.846,4205.513,4213.462,4217.821,4218.462,4213.077,4174.744,4216.282,4212.564,разжать руку
75,4209.359,4211.538,4213.077,4216.923,4206.026,4207.564,4209.231,4213.59,4219.487,4219.231,4208.846,4171.154,4214.487,4210.897,разжать руку
75,4202.179,4210.256,4207.692,4209.487,4208.59,4209.744,4212.179,4206.667,4212.692,4205.0,4200.128,4166.154,4206.538,4208.59,разжать руку
75,4205.256,4211.41,4206.41,4211.667,4209.615,4204.744,4204.103,4206.795,4208.205,4207.179,4203.077,4172.692,4204.744,4212.051,разжать руку
75,4203.205,4208.846,4207.692,4215.769,4209.231,4206.026,4209.487,4208.846,4212.564,4214.615,4203.077,4177.821,4210.128,4213.462,разжать руку
75,4198.333,4205.128,4205.128,4214.615,4207.051,4208.846,4216.282,4208.333,4213.205,4209.872,4202.179,4172.308,4208.333,4213.462,разжать руку
75,4202.179,4203.333,4202.436,4213.718,4203.077,4204.487,4209.359,4211.41,4210.385,4208.846,4206.154,4169.744,4204.615,4211.41,разжать руку
75,4201.923,4202.564,4201.154,4213.846,4203.974,4201.41,4213.974,4212.949,4212.692,4211.154,4201.538,4172.436,4208.718,4207.949,разжать руку
75,4199.487,4206.026,4198.205,4212.821,4208.205,4207.692,4224.744,4210.128,4218.333,4211.667,4198.205,4173.333,4212.179,4209.103,разжать руку
75,4201.667,4207.308,4195.641,4210.641,4210.769,4215.128,4215.641,4208.333,4218.205,4211.026,4201.795,4169.231,4203.59,4205.641,разжать руку
75,4196.795,4196.667,4190.641,4208.718,4206.41,4213.718,4202.821,4207.308,4210.0,4202.308,4195.897,4166.026,4193.59,4198.59,разжать руку
75,4188.846,4190.385,4185.256,4207.949,4200.769,4212.179,4213.974,4206.667,4206.282,4192.692,4187.179,4165.0,4192.051,4198.846,разжать руку
75,4192.821,4199.744,4186.667,4208.846,4200.897,4210.128,4225.256,4214.103,4215.128,4200.769,4190.769,4167.308,4195.769,4206.154,разжать руку
75,4204.487,4209.487,4196.154,4211.282,4202.949,4204.487,4210.0,4219.487,4219.744,4216.667,4200.641,4171.154,4206.026,4213.59,разжать руку
75,4207.949,4211.667,4200.513,4213.333,4203.974,4201.667,4191.538,4203.205,4208.077,4211.667,4202.051,4167.564,4206.795,4211.282,разжать руку
75,4202.051,4207.564,4195.0,4212.949,4203.718,4198.205,4198.974,4194.487,4205.385,4197.436,4192.949,4164.487,4198.077,4205.641,разжать руку
75,4200.897,4205.385,4192.692,4212.051,4206.667,4198.333,4210.256,4212.564,4220.128,4204.615,4189.872,4168.462,4200.513,4209.615,разжать руку
75,4206.154,4212.051,4194.231,4210.385,4208.974,4202.436,4197.436,4216.41,4218.333,4217.436,4198.077,4171.026,4206.282,4213.462,разжать руку
75,4207.692,4216.282,4197.564,4211.282,4209.103,4205.897,4188.077,4197.051,4201.41,4212.308,4204.231,4170.256,4204.487,4209.615,разжать руку
75,4204.744,4211.795,4201.026,4213.974,4209.615,4207.949,4203.205,4197.308,4205.385,4208.974,4202.051,4168.974,4206.667,4205.769,разжать руку
75,4200.385,4211.923,4196.538,4213.205,4207.308,4207.051,4209.231,4211.41,4217.051,4215.897,4199.872,4167.949,4209.872,4207.436,разжать руку
75,4197.949,4222.692,4190.513,4210.897,4206.154,4203.718,4197.179,4207.821,4208.333,4213.59,4200.256,4170.128,4203.718,4208.718,разжать руку
75,4203.974,4225.385,4193.59,4210.513,4206.41,4203.846,4197.949,4201.667,4200.385,4206.026,4198.333,4171.41,4203.077,4206.154,разжать руку
75,4211.667,4217.436,4200.128,4212.436,4207.051,4209.103,4210.897,4210.128,4213.846,4207.564,4199.359,4171.026,4209.359,4208.846,разжать руку
75,4211.923,4215.641,4204.872,4213.462,4213.462,4208.333,4211.41,4218.846,4221.667,4212.436,4202.564,4172.051,4210.513,4212.436,разжать руку
75,4211.282,4220.385,4207.692,4211.667,4220.385,4206.282,4207.564,4225.385,4217.308,4215.256,4204.231,4170.769,4209.872,4210.769,разжать руку
75,4216.154,4225.0,4207.692,4214.744,4218.846,4212.179,4212.949,4228.718,4219.744,4219.231,4203.462,4171.795,4213.205,4212.179,разжать руку
75,4223.718,4226.026,4209.744,4221.538,4220.128,4217.179,4213.462,4208.718,4218.462,4222.821,4200.897,4173.205,4215.385,4213.333,разжать руку
75,4219.615,4225.513,4209.872,4218.846,4222.179,4213.974,4206.795,4193.077,4211.795,4222.949,4201.282,4169.615,4217.179,4210.385,разжать руку
75,4207.949,4223.333,4203.462,4209.872,4216.667,4207.308,4202.692,4208.205,4211.667,4224.615,4202.179,4166.282,4217.564,4210.769,разжать руку
75,4207.564,4217.692,4202.949,4207.692,4211.282,4205.256,4200.641,4217.308,4215.897,4229.615,4203.59,4170.513,4216.026,4215.897,разжать руку
75,4210.641,4211.923,4210.769,4211.538,4211.538,4209.103,4205.897,4212.179,4217.692,4229.615,4204.872,4174.615,4218.077,4215.128,разжать руку
75,4204.231,4205.256,4207.051,4206.667,4209.744,4207.821,4206.795,4208.846,4215.128,4219.487,4202.949,4168.205,4216.154,4207.692,разжать руку
75,4199.487,4203.718,4199.359,4200.256,4206.154,4200.385,4193.718,4209.103,4213.846,4213.974,4204.615,4165.513,4213.077,4210.641,разжать руку
75,4207.179,4210.897,4205.513,4207.051,4211.795,4203.974,4193.718,4208.59,4217.308,4221.795,4213.718,4170.897,4217.308,4219.231,разжать руку
75,4213.077,4215.0,4211.41,4212.692,4219.487,4211.282,4206.538,4214.487,4222.564,4229.103,4218.718,4171.41,4221.538,4216.923,разжать руку
75,4208.974,4208.59,4208.846,4208.846,4215.641,4205.385,4207.308,4222.179,4222.821,4228.718,4217.564,4170.128,4219.615,4211.667,разжать руку
75,4203.974,4205.385,4209.103,4205.256,4211.026,4203.718,4205.769,4217.692,4219.359,4229.231,4221.41,4169.615,4217.436,4212.564,разжать руку
75,4205.0,4208.462,4208.333,4203.846,4214.872,4213.205,4212.308,4205.769,4215.128,4226.667,4225.256,4170.385,4217.051,4214.615,разжать руку
75,4208.718,4208.205,4208.846,4205.897,4217.692,4216.154,4210.128,4216.154,4222.564,4226.538,4226.795,4174.231,4219.359,4214.359,разжать руку
75,4210.641,4210.0,4217.179,4210.128,4214.103,4212.821,4210.256,4237.051,4232.436,4234.615,4231.026,4175.641,4226.026,4215.0,разжать руку
75,4216.154,4216.538,4221.795,4210.641,4213.974,4208.718,4214.359,4222.564,4222.308,4233.846,4232.179,4174.744,4225.641,4217.692,разжать руку
75,4219.615,4223.462,4226.026,4212.051,4220.513,4206.923,4203.974,4206.538,4219.231,4232.179,4232.564,4176.795,4223.718,4220.0,разжать руку
75,4217.692,4223.077,4231.795,4215.385,4222.821,4214.487,4196.282,4214.487,4227.436,4239.231,4230.897,4178.59,4225.256,4220.128,разжать руку
75,4218.077,4214.744,4228.077,4211.667,4217.821,4217.821,4205.128,4213.077,4222.949,4236.41,4228.205,4176.538,4222.949,4218.333,разжать руку
75,4217.564,4210.0,4225.385,4209.487,4215.513,4207.949,4207.179,4214.615,4218.462,4222.564,4227.949,4172.179,4219.231,4215.769,разжать руку
75,4216.154,4214.231,4230.256,4214.744,4218.462,4204.744,4198.846,4226.026,4226.282,4227.436,4227.308,4173.846,4221.667,4216.41,разжать руку
75,4218.846,4218.077,4230.385,4216.026,4221.795,4217.436,4206.026,4217.949,4224.487,4243.077,4224.872,4173.462,4223.462,4215.128,разжать руку
75,4212.564,4212.051,4224.231,4209.872,4219.744,4221.41,4214.103,4204.103,4213.718,4233.333,4220.128,4167.564,4214.872,4210.128,разжать руку
75,4203.333,4210.897,4221.538,4207.821,4218.333,4212.821,4202.051,4214.231,4213.974,4220.256,4215.769,4168.462,4211.41,4212.692,разжать руку
75,4214.359,4220.0,4226.282,4216.41,4220.385,4212.308,4203.205,4224.231,4222.051,4230.385,4222.051,4174.615,4222.692,4219.231,разжать руку
75,4231.026,4224.872,4233.59,4221.667,4220.513,4219.231,4215.256,4222.051,4225.641,4239.872,4229.487,4179.487,4229.359,4222.051,разжать руку
75,4228.333,4224.103,4236.923,4213.974,4220.385,4217.949,4204.872,4216.026,4221.026,4238.59,4223.205,4180.641,4220.0,4220.897,разжать руку
75,4218.846,4216.154,4232.564,4204.872,4217.564,4208.462,4195.897,4211.667,4218.59,4235.769,4217.179,4175.897,4211.923,4216.795,разжать руку
75,4217.051,4208.077,4225.641,4204.103,4214.744,4209.872,4212.564,4212.308,4221.026,4230.256,4220.385,4170.128,4217.308,4215.897,разжать руку
75,4217.564,4216.154,4225.769,4207.692,4220.128,4220.513,4213.462,4212.692,4223.59,4228.59,4221.282,4170.897,4222.564,4217.692,разжать руку
75,4214.744,4227.436,4230.256,4211.154,4226.026,4218.077,4190.641,4212.821,4226.41,4232.692,4221.667,4175.0,4221.154,4218.59,разжать руку
75,4213.205,4218.718,4227.949,4209.103,4219.487,4208.846,4189.359,4215.897,4220.769,4227.692,4220.256,4171.282,4217.051,4216.795,разжать руку
75,4211.41,4207.564,4221.026,4205.256,4213.077,4209.615,4202.692,4215.769,4212.436,4219.103,4215.897,4168.333,4214.872,4213.718,разжать руку
76,4206.923,4215.128,4218.462,4210.897,4215.0,4214.359,4198.077,4206.667,4217.821,4216.923,4207.436,4167.821,4210.128,4209.359,сжать руку
76,4209.872,4208.077,4215.385,4208.59,4212.564,4210.769,4198.59,4214.744,4213.077,4214.615,4198.59,4167.179,4205.641,4207.949,сжать руку
76,4207.308,4209.615,4213.333,4209.359,4215.0,4214.359,4197.949,4213.974,4213.974,4213.333,4204.615,4174.103,4209.487,4212.051,сжать руку
76,4205.385,4213.59,4210.641,4209.359,4216.538,4216.282,4194.103,4208.205,4216.923,4215.769,4213.974,4176.538,4215.641,4213.333,сжать руку
76,4207.179,4212.436,4209.103,4206.41,4214.744,4214.103,4195.897,4213.974,4216.41,4218.59,4208.974,4173.846,4214.359,4212.051,сжать руку
76,4204.744,4210.513,4209.103,4205.256,4212.436,4211.538,4199.487,4225.0,4218.462,4220.897,4205.128,4172.051,4210.641,4211.923,сжать руку
76,4204.872,4210.897,4208.718,4206.026,4211.795,4209.872,4200.128,4221.795,4220.256,4224.231,4213.077,4172.821,4212.179,4213.333,сжать руку
76,4214.487,4213.59,4212.051,4208.846,4214.103,4208.974,4202.179,4216.282,4220.128,4227.692,4218.333,4175.385,4217.821,4214.615,сжать руку
76,4217.692,4219.359,4217.179,4210.256,4214.615,4207.949,4200.256,4218.718,4222.436,4227.821,4215.897,4177.692,4220.128,4213.974,сжать руку
76,4215.385,4224.872,4218.59,4211.026,4210.897,4210.513,4191.667,4215.769,4222.821,4223.077,4213.59,4178.718,4216.795,4214.872,сжать руку
76,4225.769,4231.026,4223.974,4217.564,4212.051,4211.538,4190.385,4209.487,4217.949,4220.256,4217.564,4178.846,4217.949,4218.205,сжать руку
76,4238.718,4237.051,4231.026,4221.667,4215.385,4210.641,4201.795,4214.359,4216.923,4222.821,4225.641,4181.538,4227.179,4224.744,сжать руку
76,4242.564,4241.795,4231.923,4222.308,4218.974,4213.333,4207.308,4218.205,4217.821,4226.923,4226.667,4184.103,4234.615,4228.846,сжать руку
76,4242.821,4241.026,4229.231,4223.59,4218.462,4215.128,4200.513,4200.769,4205.897,4219.231,4217.308,4178.462,4230.128,4224.615,сжать руку
76,4238.846,4234.359,4224.872,4221.923,4211.667,4204.872,4193.718,4192.436,4193.59,4202.308,4214.359,4174.615,4219.359,4222.051,сжать руку
76,4239.231,4237.051,4228.333,4222.692,4210.0,4195.769,4193.718,4213.333,4207.436,4203.974,4217.949,4180.256,4221.154,4226.667,сжать руку
76,4244.744,4241.41,4232.692,4225.0,4211.154,4198.59,4195.128,4222.436,4220.769,4217.564,4218.077,4183.077,4231.154,4227.179,сжать руку
76,4243.846,4237.692,4228.846,4224.103,4209.359,4201.154,4195.769,4210.385,4211.154,4216.154,4217.564,4177.949,4233.462,4220.641,сжать руку
76,4240.256,4240.128,4228.077,4224.103,4210.897,4203.462,4195.897,4200.769,4204.744,4211.795,4217.564,4173.205,4234.744,4217.564,сжать руку
76,4239.744,4238.59,4230.128,4224.615,4214.487,4206.41,4194.615,4205.641,4214.615,4221.282,4217.949,4174.615,4235.769,4222.692,сжать руку
76,4235.385,4226.795,4225.128,4220.513,4213.59,4206.282,4198.846,4207.692,4217.308,4225.385,4217.564,4174.615,4231.667,4224.615,сжать руку
76,4225.769,4227.436,4221.795,4220.641,4211.923,4205.513,4203.077,4209.744,4212.308,4223.974,4216.538,4174.744,4226.667,4220.897,сжать руку
76,4222.949,4235.897,4223.59,4226.41,4213.333,4208.718,4210.0,4218.974,4219.103,4230.769,4218.59,4179.231,4224.103,4219.103,сжать руку
76,4217.436,4223.205,4217.308,4219.103,4216.667,4208.846,4214.231,4210.385,4220.128,4229.744,4217.821,4175.641,4222.564,4216.026,сжать руку
76,4210.897,4208.59,4212.821,4208.846,4217.692,4205.385,4204.487,4193.846,4207.436,4218.077,4213.59,4172.821,4223.333,4213.077,сжать руку
76,4216.538,4217.179,4221.154,4214.872,4214.231,4208.718,4203.333,4202.949,4209.359,4215.641,4216.667,4182.821,4221.667,4214.487,сжать руку
76,4218.718,4225.513,4225.513,4220.513,4214.487,4206.282,4211.795,4217.051,4216.282,4218.462,4218.846,4184.615,4215.641,4215.641,сжать руку
76,4205.897,4216.667,4217.692,4212.308,4214.487,4196.923,4207.051,4209.872,4206.795,4211.282,4208.718,4173.333,4211.667,4212.564,сжать руку
76,4200.641,4211.154,4214.615,4207.949,4211.026,4198.846,4192.949,4203.462,4204.103,4207.692,4205.128,4169.744,4208.59,4209.487,сжать руку
76,4213.205,4218.462,4222.949,4213.59,4214.872,4207.051,4191.282,4210.897,4213.846,4218.974,4215.0,4175.256,4211.923,4212.821,сжать руку
76,4214.872,4219.231,4222.308,4212.179,4219.231,4204.744,4200.641,4211.923,4211.154,4223.846,4218.462,4174.231,4218.333,4213.59,сжать руку
76,4204.744,4208.718,4210.769,4203.974,4211.795,4202.308,4206.795,4205.128,4204.359,4216.923,4212.821,4170.897,4213.974,4207.436,сжать руку
76,4206.026,4207.051,4210.897,4203.59,4207.821,4209.744,4205.769,4198.974,4206.795,4213.333,4208.462,4173.333,4212.821,4208.333,сжать руку
76,4207.308,4213.205,4219.231,4208.718,4212.949,4212.692,4207.051,4209.359,4211.154,4216.795,4208.077,4175.769,4220.385,4213.974,сжать руку
76,4200.128,4208.205,4214.744,4208.333,4210.385,4213.718,4220.385,4221.667,4215.513,4214.359,4206.538,4175.513,4215.641,4214.744,сжать руку
76,4198.462,4198.333,4209.359,4206.282,4210.0,4222.436,4228.718,4217.436,4218.077,4211.667,4204.487,4176.667,4204.744,4212.564,сжать руку
76,4199.231,4198.205,4212.821,4206.154,4216.923,4224.103,4225.0,4215.769,4216.154,4218.333,4204.231,4173.462,4208.59,4208.333,сжать руку
76,4199.103,4200.897,4213.718,4206.026,4212.949,4216.026,4223.077,4220.385,4215.513,4225.0,4203.718,4170.769,4213.333,4209.103,сжать руку
76,4201.923,4204.615,4212.308,4208.718,4207.179,4212.821,4226.282,4219.103,4218.333,4228.718,4209.231,4176.154,4211.538,4212.564,сжать руку
76,4199.744,4208.077,4210.0,4209.615,4211.282,4208.974,4222.308,4206.923,4212.821,4226.026,4212.436,4176.154,4212.308,4209.359,сжать руку
76,4197.179,4208.205,4208.077,4207.436,4214.103,4203.718,4213.974,4198.077,4202.179,4219.231,4207.179,4170.897,4211.538,4211.026,сжать руку
76,4204.231,4207.436,4210.0,4208.718,4210.513,4207.949,4218.718,4207.308,4204.872,4213.333,4205.256,4172.564,4207.692,4216.41,сжать руку
76,4208.974,4209.487,4212.179,4210.769,4207.692,4210.0,4223.59,4218.462,4214.359,4207.051,4208.333,4177.179,4208.462,4215.513,сжать руку
76,4209.359,4212.821,4215.897,4209.872,4209.231,4207.179,4217.436,4220.513,4213.846,4211.026,4212.821,4175.641,4213.846,4215.769,сжать руку
76,4211.154,4212.692,4216.41,4207.179,4210.641,4207.821,4214.872,4215.128,4210.897,4224.487,4215.0,4174.103,4216.538,4214.487,сжать руку
76,4201.154,4207.436,4204.359,4206.282,4208.333,4207.436,4220.641,4216.667,4218.077,4228.205,4211.538,4176.026,4216.538,4208.205,сжать руку
76,4192.179,4204.487,4196.667,4207.821,4211.282,4207.692,4218.077,4219.359,4227.821,4223.846,4207.179,4174.231,4213.333,4208.59,сжать руку
76,4204.872,4214.231,4205.641,4210.385,4217.179,4214.103,4208.974,4213.205,4219.487,4228.077,4214.231,4177.308,4215.256,4214.872,сжать руку
76,4218.846,4225.256,4215.128,4214.103,4217.692,4213.333,4213.077,4209.487,4207.051,4233.333,4220.0,4183.333,4220.256,4216.795,сжать руку
76,4216.795,4224.744,4215.769,4216.795,4217.308,4205.385,4221.026,4211.026,4206.795,4218.59,4208.462,4177.692,4215.513,4215.385,сжать руку
76,4215.641,4221.667,4216.667,4215.256,4217.692,4209.231,4221.282,4212.436,4207.436,4200.769,4200.641,4171.538,4211.154,4218.077,сжать руку
76,4220.641,4221.538,4218.205,4212.692,4215.897,4216.026,4223.077,4212.949,4208.846,4204.231,4202.949,4172.692,4216.667,4219.615,сжать руку
76,4216.795,4218.205,4215.385,4211.154,4213.59,4212.821,4228.718,4211.154,4212.179,4212.564,4203.846,4175.641,4218.462,4215.769,сжать руку
76,4207.564,4212.821,4212.179,4207.179,4214.231,4208.205,4228.59,4205.897,4209.231,4213.59,4201.538,4175.513,4211.026,4211.026,сжать руку
76,4202.308,4204.872,4205.769,4202.821,4211.667,4207.051,4222.436,4210.513,4210.256,4218.462,4201.026,4172.692,4208.333,4210.256,сжать руку
76,4200.128,4199.103,4196.667,4202.308,4205.641,4209.615,4225.897,4218.205,4215.513,4215.897,4196.795,4171.154,4205.897,4210.385,сжать руку
76,4203.59,4205.769,4196.538,4203.718,4208.974,4212.051,4228.462,4207.692,4210.641,4207.179,4190.513,4171.41,4203.205,4208.077,сжать руку
76,4210.513,4211.923,4203.846,4205.513,4216.154,4210.769,4212.692,4198.333,4205.128,4211.538,4195.385,4175.385,4208.077,4209.872,сжать руку
76,4208.974,4207.308,4205.256,4206.795,4215.385,4207.821,4202.051,4206.923,4209.231,4213.974,4203.205,4179.231,4207.051,4210.897,сжать руку
76,4206.923,4205.641,4203.59,4205.128,4207.821,4207.051,4211.282,4212.564,4211.41,4203.333,4207.949,4179.487,4204.744,4211.282,сжать руку
76,4213.462,4211.795,4206.795,4205.385,4205.641,4208.462,4225.0,4208.205,4213.462,4202.051,4213.974,4180.513,4216.026,4217.949,сжать руку
76,4215.128,4213.59,4209.615,4208.462,4210.385,4210.897,4224.487,4202.564,4212.436,4205.385,4216.282,4178.974,4221.667,4218.974,сжать руку
76,4210.128,4213.205,4211.41,4209.231,4214.615,4207.821,4211.026,4205.256,4210.641,4203.846,4216.282,4176.282,4212.821,4217.308,сжать руку
76,4216.41,4218.333,4213.59,4209.487,4215.385,4204.103,4209.359,4218.333,4218.846,4213.59,4219.487,4178.333,4216.41,4221.538,сжать руку
76,4219.231,4213.462,4209.359,4205.897,4210.641,4209.744,4227.949,4220.128,4221.282,4219.359,4217.692,4177.308,4221.795,4215.128,сжать руку
76,4204.487,4200.641,4201.923,4197.692,4206.41,4211.538,4228.59,4205.256,4214.231,4209.744,4213.333,4171.282,4210.641,4203.846,сжать руку
76,4198.462,4200.128,4202.692,4196.667,4205.385,4206.667,4213.333,4197.692,4210.897,4207.308,4216.667,4172.564,4208.462,4211.026,сжать руку
76,4209.359,4209.359,4210.641,4202.821,4205.0,4207.564,4220.0,4208.462,4212.308,4214.744,4216.923,4180.513,4216.41,4221.41,сжать руку
76,4217.821,4215.769,4214.872,4206.41,4211.026,4210.641,4225.641,4217.436,4217.179,4218.974,4216.41,4184.231,4218.974,4219.103,сжать руку
76,4215.897,4215.641,4213.205,4205.641,4216.538,4208.718,4214.872,4209.359,4215.641,4215.513,4222.821,4178.846,4221.923,4215.385,сжать руку
76,4213.974,4214.231,4218.59,4206.026,4209.872,4206.667,4218.846,4209.487,4213.846,4216.538,4225.385,4179.744,4224.103,4220.385,сжать руку
76,4218.59,4218.974,4229.359,4208.974,4206.667,4211.923,4231.41,4223.462,4220.769,4228.59,4227.949,4187.692,4225.385,4225.0,сжать руку
76,4226.795,4223.846,4229.487,4210.385,4213.59,4212.692,4222.949,4220.513,4222.821,4230.897,4229.744,4184.359,4227.564,4221.026,сжать руку
76,4229.359,4223.974,4225.256,4208.462,4216.282,4207.436,4211.667,4204.615,4210.641,4215.769,4222.308,4178.718,4224.103,4219.872,сжать руку
76,4226.282,4220.256,4225.256,4204.615,4211.026,4208.718,4224.872,4209.359,4210.0,4213.077,4220.128,4180.256,4221.667,4220.256,сжать руку
76,4222.564,4215.256,4224.744,4202.692,4205.769,4212.179,4230.769,4223.205,4223.846,4221.538,4225.0,4180.256,4224.615,4218.718,сжать руку
76,4223.205,4216.923,4226.667,4205.256,4207.308,4211.026,4212.949,4221.538,4223.462,4219.359,4225.641,4177.949,4228.974,4221.282,сжать руку
76,4226.795,4222.436,4229.487,4206.795,4212.051,4207.821,4206.667,4208.333,4211.923,4219.487,4222.692,4179.103,4229.359,4221.923,сжать руку
76,4221.282,4216.154,4223.59,4202.949,4211.026,4206.282,4216.026,4205.128,4210.128,4217.949,4219.231,4179.872,4221.282,4219.487,сжать руку
76,4218.462,4213.205,4219.231,4202.436,4206.41,4207.949,4213.974,4209.872,4211.538,4202.051,4216.41,4177.821,4215.897,4220.513,сжать руку
76,4226.154,4220.641,4223.333,4208.205,4204.487,4210.513,4212.692,4207.692,4209.615,4198.846,4217.949,4181.538,4222.179,4221.41,сжать руку
76,4227.692,4219.744,4227.692,4212.051,4208.333,4210.385,4220.769,4208.205,4216.026,4221.154,4223.462,4188.077,4224.103,4220.897,сжать руку
76,4225.641,4218.59,4227.949,4210.769,4213.846,4210.385,4214.615,4209.872,4220.641,4232.436,4226.41,4186.154,4220.641,4221.282,сжать руку
76,4226.282,4218.333,4226.026,4209.615,4213.333,4215.0,4207.436,4209.744,4219.231,4225.385,4225.641,4182.436,4225.385,4221.282,сжать руку
76,4227.051,4215.128,4226.41,4211.154,4210.0,4214.615,4214.231,4212.949,4222.308,4226.667,4220.0,4183.077,4229.615,4221.154,сжать руку
76,4226.41,4217.564,4226.795,4212.051,4208.718,4209.744,4216.41,4208.974,4215.256,4227.821,4216.154,4182.436,4224.744,4220.769,сжать руку
76,4228.462,4217.821,4225.0,4211.026,4208.077,4208.333,4211.795,4208.846,4209.359,4219.103,4217.564,4182.564,4219.487,4220.641,сжать руку
76,4224.103,4211.667,4224.231,4208.205,4208.077,4208.333,4206.667,4216.026,4216.282,4211.795,4216.41,4182.949,4215.769,4220.0,сжать руку
76,4217.179,4213.974,4221.795,4206.282,4207.692,4208.59,4206.026,4204.487,4210.641,4208.846,4215.641,4182.692,4213.462,4217.821,сжать руку
76,4222.051,4222.564,4222.949,4211.026,4208.974,4210.128,4212.692,4197.308,4201.667,4208.077,4216.026,4184.103,4217.179,4217.564,сжать руку
76,4231.923,4224.487,4232.179,4219.231,4209.744,4207.949,4207.051,4217.179,4217.308,4212.051,4216.154,4184.487,4222.051,4222.051,сжать руку
76,4234.103,4226.41,4234.615,4224.615,4210.513,4201.923,4196.667,4220.128,4226.41,4220.641,4216.41,4184.103,4223.077,4222.692,сжать руку
76,4226.923,4225.513,4229.103,4225.513,4213.462,4203.333,4207.564,4205.385,4214.615,4218.59,4214.744,4185.385,4224.359,4215.641,сжать руку
76,4228.59,4222.179,4228.846,4225.769,4213.077,4209.487,4214.744,4207.051,4211.154,4213.846,4215.385,4188.974,4226.667,4217.949,сжать руку
76,4237.821,4224.103,4231.41,4225.513,4208.59,4209.615,4203.205,4209.359,4218.462,4223.333,4215.897,4189.103,4223.205,4225.897,сжать руку
76,4228.333,4217.692,4224.487,4216.538,4204.487,4207.692,4204.615,4208.59,4223.462,4225.385,4213.333,4181.923,4216.154,4219.103,сжать руку
76,4214.487,4207.692,4215.256,4207.949,4202.821,4206.026,4215.641,4210.513,4217.692,4209.744,4212.949,4177.051,4210.769,4212.949,сжать руку
76,4220.128,4213.077,4216.282,4211.538,4204.615,4205.513,4212.949,4200.128,4207.436,4206.923,4214.615,4178.846,4205.641,4217.949,сжать руку
76,4229.231,4220.513,4222.436,4216.923,4207.436,4204.231,4202.564,4190.897,4208.462,4215.385,4214.359,4181.41,4209.744,4220.385,сжать руку
76,4223.462,4218.333,4225.769,4217.692,4208.333,4207.051,4203.462,4205.0,4216.538,4213.59,4214.231,4184.615,4219.103,4217.564,сжать руку
77,4231.154,4217.436,4224.103,4219.615,4207.692,4202.949,4206.538,4216.667,4215.897,4222.564,4216.923,4185.897,4216.282,4219.231,разжать руку
77,4235.769,4223.59,4227.564,4222.692,4212.051,4202.051,4200.769,4203.718,4212.564,4216.41,4218.974,4188.333,4219.103,4221.795,разжать руку
77,4232.692,4228.59,4232.308,4225.385,4219.872,4211.026,4205.0,4201.282,4211.923,4207.564,4219.359,4192.949,4216.667,4221.026,разжать руку
77,4227.179,4225.641,4230.897,4224.359,4219.872,4212.821,4207.051,4208.846,4215.897,4214.744,4216.41,4194.359,4216.923,4216.026,разжать руку
77,4224.359,4220.897,4226.538,4222.179,4211.795,4209.744,4211.154,4221.667,4220.385,4229.487,4216.538,4191.41,4220.0,4213.077,разжать руку
77,4221.795,4218.462,4225.513,4222.179,4210.256,4213.974,4223.333,4217.949,4214.615,4227.308,4216.667,4190.641,4216.795,4216.923,разжать руку
77,4220.513,4214.615,4224.744,4223.718,4215.256,4215.641,4222.564,4197.949,4203.846,4216.154,4213.077,4188.846,4212.179,4216.154,разжать руку
77,4223.333,4208.846,4226.41,4223.718,4213.718,4208.077,4211.41,4204.359,4210.128,4217.821,4212.179,4187.179,4211.795,4211.667,разжать руку
77,4224.103,4205.385,4228.462,4222.436,4202.949,4200.513,4208.846,4224.231,4221.154,4223.462,4216.538,4186.154,4216.282,4213.205,разжать руку
77,4221.795,4206.795,4224.487,4220.128,4198.462,4201.026,4207.436,4207.179,4211.154,4216.154,4216.41,4180.256,4218.846,4212.436,разжать руку
77,4222.308,4210.513,4220.769,4220.513,4202.564,4205.0,4208.974,4197.051,4206.923,4201.667,4208.59,4181.026,4210.128,4210.769,разжать руку
77,4225.128,4213.718,4226.154,4224.615,4203.333,4203.846,4221.667,4217.564,4217.179,4205.385,4206.41,4186.667,4208.077,4215.0,разжать руку
77,4225.641,4217.821,4233.462,4227.179,4203.718,4202.821,4226.41,4218.205,4214.359,4213.333,4213.59,4187.179,4221.154,4221.154,разжать руку
77,4233.205,4222.692,4236.026,4229.487,4211.923,4203.974,4212.949,4209.103,4215.256,4203.205,4221.41,4191.41,4227.564,4224.615,разжать руку
77,4241.41,4222.949,4237.179,4230.0,4214.872,4200.641,4203.974,4209.359,4221.154,4200.897,4220.0,4193.718,4219.615,4222.821,разжать руку
77,4237.051,4222.179,4236.154,4227.564,4205.769,4202.308,4207.179,4197.949,4204.231,4216.667,4211.282,4187.564,4215.128,4220.769,разжать руку
77,4232.564,4223.462,4232.436,4227.308,4204.744,4211.026,4213.462,4193.846,4197.051,4227.692,4213.59,4186.538,4218.462,4218.59,разжать руку
77,4229.487,4217.564,4224.615,4224.487,4208.974,4206.154,4217.821,4216.41,4221.026,4221.923,4219.615,4191.154,4217.692,4212.692,разжать руку
77,4217.821,4205.769,4217.949,4217.564,4204.872,4201.923,4222.051,4227.436,4229.231,4212.179,4211.41,4189.103,4210.256,4212.564,разжать руку
77,4202.436,4201.538,4214.359,4211.026,4203.462,4213.59,4228.077,4213.846,4213.077,4211.538,4203.846,4179.615,4202.949,4212.692,разжать руку
77,4197.821,4202.692,4207.179,4211.026,4209.231,4213.59,4225.0,4202.692,4207.179,4212.179,4211.026,4178.077,4208.077,4207.564,разжать руку
77,4207.179,4208.205,4209.359,4218.59,4213.333,4205.641,4219.231,4215.256,4219.744,4212.564,4216.923,4186.667,4216.795,4211.538,разжать руку
77,4222.436,4218.974,4225.0,4226.41,4215.0,4211.923,4228.333,4229.103,4230.513,4221.154,4214.231,4190.513,4215.897,4219.103,разжать руку
77,4228.462,4219.487,4232.692,4225.128,4214.103,4219.744,4238.59,4215.897,4221.154,4216.026,4213.077,4189.103,4214.359,4217.821,разжать руку
77,4225.0,4214.487,4231.282,4222.949,4209.487,4213.59,4229.231,4199.231,4205.769,4203.077,4215.385,4191.923,4220.769,4218.077,разжать руку
77,4229.872,4220.256,4236.538,4227.949,4204.872,4206.538,4218.205,4211.923,4211.795,4223.077,4220.385,4195.769,4227.821,4225.385,разжать руку
77,4236.154,4222.051,4239.487,4229.231,4207.692,4208.462,4226.026,4228.333,4224.103,4245.128,4222.436,4193.462,4229.231,4228.59,разжать руку
77,4231.41,4214.744,4229.615,4224.872,4216.667,4209.231,4227.051,4213.59,4217.692,4232.949,4217.308,4189.359,4231.154,4221.667,разжать руку
77,4224.744,4218.59,4224.487,4224.744,4220.128,4207.051,4212.308,4203.077,4214.615,4226.41,4216.41,4187.692,4232.436,4217.564,разжать руку
77,4222.821,4225.513,4227.949,4226.282,4216.667,4209.744,4206.538,4212.436,4219.744,4231.282,4217.564,4185.385,4225.897,4216.41,разжать руку
77,4220.0,4215.641,4227.436,4222.692,4212.179,4207.692,4210.641,4217.051,4217.051,4213.718,4213.077,4186.538,4214.487,4212.051,разжать руку
77,4219.615,4206.923,4225.513,4219.744,4206.667,4200.513,4216.41,4224.231,4218.205,4201.282,4210.897,4193.974,4212.308,4213.205,разжать руку
77,4228.205,4212.436,4233.077,4221.538,4202.436,4204.872,4221.538,4227.692,4223.077,4214.359,4216.154,4199.744,4224.744,4220.513,разжать руку
77,4231.41,4209.744,4237.692,4217.692,4204.872,4215.641,4224.359,4213.846,4215.897,4222.308,4220.385,4200.256,4225.385,4223.718,разжать руку
77,4225.0,4200.256,4230.385,4211.154,4208.974,4216.795,4220.513,4203.974,4210.385,4221.538,4218.462,4195.513,4217.821,4221.282,разжать руку
77,4221.026,4201.282,4222.179,4211.538,4207.308,4211.538,4217.821,4210.128,4211.923,4218.846,4216.026,4187.179,4221.923,4221.154,разжать руку
77,4222.821,4208.205,4224.487,4217.949,4207.179,4208.462,4221.026,4210.897,4208.077,4215.641,4219.359,4188.333,4228.846,4223.205,разжать руку
77,4227.949,4210.385,4231.795,4220.897,4210.256,4206.667,4217.308,4209.359,4210.0,4220.128,4224.103,4193.462,4227.692,4222.308,разжать руку
77,4226.026,4205.128,4227.949,4215.0,4208.205,4207.436,4213.59,4211.923,4212.564,4221.154,4219.872,4190.385,4219.872,4219.103,разжать руку
77,4219.359,4195.769,4220.0,4207.821,4203.462,4210.256,4220.0,4210.897,4208.974,4212.436,4213.462,4183.077,4215.385,4214.231,разжать руку
77,4217.821,4192.051,4220.513,4206.667,4200.128,4204.359,4222.051,4218.462,4216.923,4210.641,4214.615,4183.333,4219.359,4215.0,разжать руку
77,4222.051,4198.59,4223.846,4211.41,4199.872,4200.897,4216.923,4229.359,4225.641,4216.282,4218.974,4192.692,4226.282,4221.41,разжать руку
77,4224.744,4209.103,4227.051,4216.538,4209.615,4211.154,4221.538,4218.205,4216.667,4221.923,4226.154,4198.846,4228.077,4223.205,разжать руку
77,4228.205,4212.692,4232.821,4218.205,4218.974,4213.846,4227.692,4207.436,4215.641,4230.256,4232.564,4199.872,4229.103,4222.179,разжать руку
77,4235.0,4213.205,4241.154,4219.744,4216.154,4208.846,4224.615,4226.667,4234.103,4241.538,4237.051,4201.667,4236.667,4225.256,разжать руку
77,4236.667,4217.564,4244.872,4223.205,4214.615,4215.769,4224.359,4235.897,4237.821,4244.487,4241.667,4200.769,4238.846,4226.538,разжать руку
77,4232.821,4217.308,4238.462,4222.949,4216.923,4220.385,4228.333,4212.821,4222.051,4235.0,4240.385,4195.513,4232.436,4220.897,разжать руку
77,4227.564,4207.051,4230.513,4213.205,4212.949,4210.0,4228.59,4208.974,4221.026,4223.462,4232.051,4190.0,4222.308,4212.308,разжать руку
77,4225.769,4205.385,4233.462,4210.641,4208.846,4207.564,4224.744,4228.846,4232.179,4222.436,4229.103,4191.795,4216.667,4214.103,разжать руку
77,4225.769,4213.846,4236.538,4222.692,4213.333,4215.385,4225.385,4220.513,4224.359,4228.718,4233.333,4194.744,4218.462,4221.41,разжать руку
77,4217.692,4211.538,4228.077,4225.256,4215.0,4212.179,4224.231,4204.872,4213.846,4222.949,4230.0,4185.897,4217.821,4214.359,разжать руку
77,4209.487,4202.436,4217.949,4216.923,4212.692,4206.026,4217.436,4222.436,4225.897,4200.0,4223.333,4182.308,4213.718,4207.821,разжать руку
77,4217.179,4208.974,4226.538,4221.154,4216.667,4210.897,4215.0,4230.641,4235.385,4200.0,4227.051,4191.795,4217.564,4217.564,разжать руку
77,4228.462,4216.795,4240.513,4231.282,4215.128,4216.795,4221.667,4207.949,4221.667,4219.872,4232.949,4192.308,4225.897,4221.538,разжать руку
77,4223.077,4209.487,4236.538,4227.821,4204.615,4213.974,4230.513,4206.154,4219.231,4213.333,4231.795,4187.821,4224.103,4216.795,разжать руку
77,4217.564,4204.872,4231.923,4221.667,4200.385,4208.59,4229.487,4232.308,4237.308,4215.897,4232.821,4191.923,4221.026,4217.821,разжать руку
77,4229.231,4212.692,4242.051,4224.872,4207.821,4208.333,4214.615,4232.692,4238.718,4250.128,4237.564,4195.256,4230.256,4224.359,разжать руку
77,4238.077,4218.205,4248.974,4228.333,4211.41,4208.462,4205.256,4209.231,4218.718,4248.333,4235.128,4191.41,4238.333,4226.41,разжать руку
77,4232.179,4211.538,4240.128,4225.256,4208.077,4206.154,4215.513,4199.103,4209.103,4210.0,4226.667,4186.538,4230.385,4219.231,разжать руку
77,4228.077,4207.692,4231.538,4221.667,4209.103,4207.821,4221.538,4208.462,4218.462,4210.641,4220.513,4186.667,4215.128,4212.692,разжать руку
77,4222.692,4209.487,4228.462,4219.359,4215.513,4209.744,4212.821,4215.0,4221.538,4220.128,4216.41,4187.692,4208.333,4211.667,разжать руку
77,4214.359,4210.641,4225.641,4218.462,4217.692,4205.641,4203.718,4206.282,4213.718,4191.41,4213.333,4188.077,4213.077,4214.744,разжать руку
77,4218.974,4210.128,4226.795,4221.282,4211.667,4205.128,4205.513,4201.667,4213.462,4186.538,4216.026,4191.923,4219.231,4218.59,разжать руку
77,4227.436,4207.051,4230.897,4222.308,4205.769,4207.949,4213.718,4216.538,4222.821,4221.026,4225.128,4196.667,4221.667,4220.0,разжать руку
77,4232.308,4211.154,4238.846,4223.974,4209.103,4206.795,4210.513,4228.718,4227.564,4238.333,4229.872,4200.513,4226.41,4225.256,разжать руку
77,4238.974,4220.769,4243.205,4227.949,4212.821,4208.333,4201.795,4215.128,4217.308,4223.846,4227.308,4198.205,4231.41,4227.436,разжать руку
77,4243.462,4225.513,4236.667,4228.718,4206.667,4210.256,4202.179,4205.769,4210.256,4212.821,4224.615,4193.333,4227.564,4224.744,разжать руку
77,4248.718,4232.179,4237.308,4232.949,4204.359,4202.949,4205.513,4224.872,4218.462,4217.564,4226.923,4198.333,4226.282,4229.231,разжать руку
77,4258.974,4244.872,4250.256,4240.256,4211.026,4192.692,4196.282,4230.128,4221.154,4220.641,4231.923,4208.974,4234.744,4236.667,разжать руку
77,4265.0,4253.077,4253.59,4240.385,4209.872,4196.795,4191.282,4203.462,4208.462,4215.256,4232.051,4209.103,4241.795,4235.897,разжать руку
77,4263.077,4252.692,4244.487,4236.923,4212.051,4208.718,4197.949,4190.256,4201.41,4208.59,4222.821,4196.41,4235.513,4228.205,разжать руку
77,4260.128,4251.667,4242.564,4239.487,4221.538,4207.564,4194.359,4203.59,4210.0,4209.872,4217.436,4195.769,4229.103,4225.385,разжать руку
77,4254.231,4247.692,4246.667,4242.436,4217.308,4203.718,4188.974,4213.462,4217.949,4210.897,4226.538,4204.231,4231.923,4226.923,разжать руку
77,4241.667,4235.0,4242.564,4231.667,4206.795,4206.795,4198.718,4217.692,4216.026,4212.436,4233.077,4198.846,4233.077,4224.487,разжать руку
77,4232.821,4223.59,4236.667,4220.0,4208.974,4202.051,4211.41,4225.513,4217.051,4222.308,4228.846,4192.821,4230.385,4223.59,разжать руку
77,4232.051,4221.538,4237.949,4222.436,4209.615,4197.564,4210.0,4221.538,4218.974,4225.513,4222.308,4196.154,4222.821,4225.0,разжать руку
77,4232.949,4219.872,4240.0,4226.41,4203.077,4206.154,4203.205,4212.821,4213.846,4217.949,4219.615,4198.077,4214.487,4224.103,разжать руку
77,4228.974,4212.564,4239.103,4223.974,4205.128,4209.359,4206.538,4221.795,4215.128,4215.769,4218.333,4198.718,4216.154,4220.897,разжать руку
77,4227.692,4211.154,4237.051,4224.872,4210.0,4201.923,4213.974,4225.769,4221.282,4220.128,4216.41,4198.205,4221.026,4219.744,разжать руку
77,4230.769,4218.59,4235.769,4228.462,4210.0,4202.949,4207.436,4208.718,4215.0,4220.128,4218.846,4199.359,4221.923,4221.795,разжать руку
77,4228.974,4214.872,4233.077,4225.897,4209.744,4212.436,4206.667,4213.205,4217.179,4214.744,4220.256,4200.0,4218.59,4220.897,разжать руку
77,4220.513,4204.359,4225.897,4221.154,4207.051,4211.538,4224.487,4228.205,4225.128,4211.923,4216.923,4196.795,4213.59,4217.564,разжать руку
77,4220.513,4209.744,4226.026,4223.974,4208.333,4201.41,4218.333,4208.205,4212.564,4213.077,4217.051,4196.282,4214.487,4220.256,разжать руку
77,4228.333,4220.513,4232.308,4228.462,4214.872,4200.897,4190.128,4188.333,4201.795,4206.41,4221.795,4199.231,4223.974,4221.154,разжать руку
77,4223.205,4212.949,4228.974,4224.872,4211.538,4202.051,4189.359,4201.795,4212.564,4196.667,4218.462,4198.974,4218.333,4215.769,разжать руку
77,4209.615,4202.308,4221.923,4218.333,4206.538,4197.564,4208.462,4212.179,4218.59,4206.795,4210.897,4195.769,4204.231,4213.205,разжать руку
77,4205.385,4201.41,4221.026,4217.436,4208.462,4200.513,4210.641,4208.205,4214.359,4219.359,4212.308,4193.974,4206.923,4210.897,разжать руку
77,4203.205,4202.821,4216.795,4221.667,4203.718,4209.231,4206.667,4213.205,4216.923,4216.923,4216.282,4194.872,4214.744,4210.128,разжать руку
77,4200.0,4208.59,4212.308,4224.231,4203.462,4207.308,4209.487,4215.256,4220.0,4217.051,4215.128,4195.513,4215.256,4213.846,разжать руку
77,4204.615,4210.769,4213.846,4217.949,4213.59,4200.769,4208.205,4208.846,4214.231,4210.769,4213.718,4196.282,4211.282,4217.436,разжать руку
77,4215.513,4209.359,4220.769,4216.282,4216.154,4205.256,4207.949,4220.769,4214.487,4202.564,4216.41,4200.385,4211.41,4218.205,разжать руку
77,4220.128,4214.103,4228.59,4224.231,4212.564,4210.128,4208.974,4231.154,4222.949,4212.179,4218.718,4198.718,4214.487,4215.256,разжать руку
77,4210.385,4208.59,4221.282,4219.359,4212.692,4205.128,4208.718,4216.026,4220.256,4215.128,4213.462,4188.205,4207.179,4210.256,разжать руку
77,4200.897,4198.462,4208.205,4208.974,4211.154,4200.769,4207.436,4210.513,4210.256,4207.821,4208.718,4185.0,4203.077,4208.462,разжать руку
77,4205.897,4204.744,4210.256,4211.923,4205.0,4205.897,4207.308,4221.667,4213.333,4213.59,4212.692,4191.923,4211.154,4213.333,разжать руку
77,4209.615,4211.538,4213.974,4213.846,4206.667,4212.179,4212.436,4213.077,4219.231,4217.949,4217.179,4192.821,4213.333,4217.308,разжать руку
77,4208.974,4206.026,4214.487,4210.513,4213.718,4206.026,4210.513,4207.308,4220.769,4216.026,4216.154,4192.949,4210.769,4217.692,разжать руку
77,4219.744,4209.103,4222.051,4215.769,4212.179,4200.769,4198.462,4222.179,4223.59,4226.667,4216.154,4202.308,4219.359,4222.436,разжать руку
77,4233.462,4219.487,4227.821,4223.205,4211.667,4207.949,4198.846,4217.821,4221.41,4221.795,4223.205,4202.692,4229.231,4226.282,разжать руку
77,4232.821,4218.718,4226.667,4223.974,4217.308,4209.231,4206.667,4203.333,4210.641,4203.846,4228.077,4195.897,4226.667,4222.436,разжать руку
78,4210.513,4207.821,4215.256,4219.487,4206.41,4212.308,4195.769,4210.0,4210.385,4220.0,4208.205,4189.487,4206.41,4208.205,сжать руку
78,4191.795,4191.026,4193.077,4206.154,4214.231,4221.923,4206.667,4200.641,4204.615,4188.846,4188.59,4175.128,4185.385,4199.615,сжать руку
78,4188.718,4191.154,4190.897,4205.128,4222.436,4217.949,4208.333,4199.872,4202.949,4179.359,4183.846,4176.795,4185.128,4203.59,сжать руку
78,4197.564,4203.462,4202.949,4210.128,4213.718,4205.128,4197.308,4218.718,4217.821,4205.897,4200.256,4186.667,4200.513,4212.308,сжать руку
78,4204.231,4205.641,4208.205,4210.128,4205.256,4203.718,4199.872,4231.923,4227.179,4214.487,4215.897,4193.205,4206.026,4218.205,сжать руку
78,4209.487,4204.359,4216.282,4212.051,4208.333,4211.026,4212.821,4216.282,4215.769,4209.744,4215.641,4197.821,4207.051,4220.385,сжать руку
78,4215.769,4210.385,4225.769,4218.718,4213.205,4210.0,4212.179,4211.154,4213.077,4220.128,4215.769,4199.744,4217.692,4222.949,сжать руку
78,4219.103,4214.231,4226.026,4221.795,4213.974,4205.0,4203.205,4223.846,4221.667,4223.59,4219.487,4196.41,4225.128,4224.615,сжать руку
78,4218.59,4211.538,4219.615,4220.385,4210.256,4207.179,4206.282,4215.769,4217.564,4212.564,4216.795,4192.949,4221.538,4222.436,сжать руку
78,4221.282,4213.59,4219.487,4223.333,4210.256,4210.385,4215.513,4210.0,4217.692,4220.0,4217.821,4197.436,4220.897,4224.103,сжать руку
78,4227.564,4217.564,4226.795,4226.667,4217.179,4212.179,4216.795,4220.641,4220.128,4238.462,4220.769,4197.949,4222.436,4223.333,сжать руку
78,4228.462,4214.103,4224.872,4223.333,4215.256,4210.769,4211.282,4206.923,4202.564,4222.179,4210.513,4189.103,4216.154,4215.385,сжать руку
78,4223.59,4207.821,4216.41,4220.641,4209.744,4206.154,4204.615,4194.359,4195.128,4194.872,4198.077,4188.077,4208.077,4213.974,сжать руку
78,4218.462,4203.718,4216.026,4220.0,4212.051,4203.974,4202.821,4219.103,4215.641,4193.462,4198.462,4190.641,4205.385,4218.718,сжать руку
78,4213.718,4200.385,4215.641,4215.769,4208.846,4202.821,4207.308,4225.513,4215.0,4190.128,4199.359,4185.385,4202.949,4215.256,сжать руку
78,4215.641,4202.308,4212.179,4216.41,4201.923,4201.154,4209.103,4198.59,4193.59,4180.0,4197.821,4183.205,4203.462,4211.154,сжать руку
78,4226.154,4209.872,4218.077,4224.487,4207.179,4204.359,4206.538,4189.744,4197.692,4185.128,4197.821,4189.103,4207.821,4215.0,сжать руку
78,4228.333,4212.949,4223.462,4227.564,4216.538,4207.436,4209.231,4211.667,4218.974,4201.41,4198.718,4192.692,4207.308,4217.051,сжать руку
78,4220.385,4212.436,4216.538,4223.077,4215.641,4208.974,4212.436,4225.641,4225.385,4218.333,4206.026,4192.821,4204.872,4217.692,сжать руку
78,4219.103,4211.923,4212.308,4218.462,4212.949,4211.667,4209.231,4215.641,4220.641,4229.103,4214.487,4196.282,4213.205,4221.795,сжать руку
78,4219.872,4211.667,4214.872,4220.641,4215.897,4212.308,4212.564,4205.897,4216.538,4229.487,4213.59,4195.513,4220.513,4221.026,сжать руку
78,4216.154,4210.641,4210.256,4220.256,4216.923,4213.077,4221.026,4204.872,4213.718,4236.538,4212.051,4191.41,4216.538,4218.718,сжать руку
78,4218.333,4210.0,4205.513,4215.128,4219.487,4216.026,4223.59,4209.487,4215.256,4221.795,4217.949,4196.026,4215.513,4223.462,сжать руку
78,4221.154,4211.282,4208.846,4218.205,4226.282,4215.128,4224.615,4209.744,4216.026,4173.205,4219.615,4199.359,4218.718,4224.231,сжать руку
78,4216.923,4210.641,4210.769,4221.154,4225.256,4211.026,4222.564,4207.179,4214.744,4180.128,4215.641,4197.821,4218.333,4222.821,сжать руку
78,4219.359,4213.462,4208.59,4219.487,4220.256,4209.872,4214.487,4211.282,4220.769,4243.846,4220.641,4197.692,4221.538,4224.103,сжать руку
78,4227.692,4218.205,4207.051,4218.974,4222.051,4210.769,4218.077,4222.051,4229.872,4254.615,4227.692,4198.718,4225.769,4220.513,сжать руку
78,4224.231,4215.513,4204.231,4216.795,4226.154,4212.179,4231.923,4225.641,4230.256,4219.615,4223.846,4199.231,4218.462,4215.897,сжать руку
78,4215.641,4210.897,4201.795,4211.282,4226.41,4214.103,4229.615,4210.897,4218.462,4214.872,4215.769,4196.282,4208.333,4211.923,сжать руку
78,4213.974,4211.282,4204.744,4212.051,4218.846,4211.282,4215.897,4210.641,4212.949,4223.205,4216.923,4192.564,4213.59,4210.385,сжать руку
78,4209.231,4207.821,4206.538,4212.051,4213.205,4210.0,4216.667,4224.744,4224.744,4222.436,4221.795,4194.744,4221.026,4213.59,сжать руку
78,4204.487,4203.333,4200.769,4204.359,4218.205,4210.128,4221.667,4218.205,4232.692,4223.974,4224.231,4200.128,4214.872,4216.026,сжать руку
78,4213.077,4210.769,4200.256,4206.538,4222.051,4209.103,4212.692,4203.846,4224.615,4224.231,4229.615,4203.077,4210.0,4218.205,сжать руку
78,4220.128,4216.154,4208.462,4213.846,4221.154,4208.59,4200.769,4205.128,4219.231,4228.462,4231.923,4201.795,4220.0,4218.077,сжать руку
78,4215.769,4210.769,4210.769,4211.667,4219.231,4205.128,4201.667,4214.487,4222.564,4225.897,4231.154,4200.385,4227.692,4218.077,сжать руку
78,4214.231,4208.077,4208.974,4207.308,4213.333,4203.846,4209.872,4217.564,4226.667,4219.615,4233.846,4198.333,4225.385,4217.821,сжать руку
78,4216.282,4208.462,4210.513,4205.0,4206.667,4205.769,4206.667,4213.846,4225.385,4223.974,4231.923,4196.795,4220.513,4216.538,сжать руку
78,4221.538,4211.538,4215.897,4204.744,4207.436,4201.282,4192.051,4211.923,4220.769,4224.872,4226.923,4197.179,4217.308,4220.385,сжать руку
78,4235.385,4222.692,4223.462,4211.154,4211.026,4199.359,4193.462,4215.513,4217.308,4219.103,4229.615,4195.128,4223.59,4227.564,сжать руку
78,4247.436,4235.641,4226.795,4221.667,4211.667,4206.538,4210.513,4209.231,4215.0,4216.41,4235.769,4196.154,4235.256,4232.692,сжать руку
78,4250.385,4238.974,4224.744,4224.231,4213.333,4206.667,4208.333,4203.077,4214.103,4215.0,4234.872,4202.821,4237.949,4232.564,сжать руку
78,4256.026,4241.026,4223.718,4218.59,4214.359,4202.436,4197.051,4219.744,4222.949,4218.718,4232.821,4205.256,4239.872,4231.667,сжать руку
78,4261.282,4248.077,4229.231,4219.231,4217.179,4209.231,4207.051,4227.692,4230.0,4232.179,4233.718,4205.513,4244.872,4233.077,сжать руку
78,4258.59,4248.974,4232.436,4223.59,4223.077,4210.897,4210.769,4212.436,4223.462,4229.103,4235.513,4206.795,4244.359,4231.538,сжать руку
78,4255.641,4244.359,4229.231,4223.846,4225.128,4205.0,4198.205,4205.128,4221.282,4216.795,4239.103,4208.974,4242.308,4232.692,сжать руку
78,4254.231,4242.179,4227.949,4224.103,4224.615,4208.974,4202.821,4210.385,4225.897,4226.282,4239.872,4212.051,4243.59,4236.923,сжать руку
78,4248.974,4236.154,4225.513,4219.103,4223.333,4209.103,4209.231,4206.41,4219.359,4235.769,4235.128,4207.308,4240.641,4230.385,сжать руку
78,4241.41,4225.256,4220.769,4210.385,4222.179,4204.359,4199.487,4202.179,4214.487,4230.769,4232.436,4200.385,4232.821,4221.667,сжать руку
78,4238.333,4221.282,4220.0,4209.872,4220.513,4206.795,4197.821,4211.026,4223.718,4228.718,4233.077,4200.256,4225.641,4223.718,сжать руку
78,4230.897,4221.026,4214.744,4211.026,4210.641,4205.769,4200.897,4221.538,4230.897,4229.359,4227.308,4200.0,4222.179,4218.974,сжать руку
78,4220.0,4219.231,4206.282,4208.205,4205.128,4202.949,4195.769,4221.154,4226.282,4221.795,4218.333,4196.667,4222.308,4211.026,сжать руку
78,4223.333,4219.231,4207.564,4209.872,4216.282,4206.795,4198.462,4215.256,4219.872,4222.051,4215.641,4195.385,4217.949,4214.744,сжать руку
78,4226.026,4214.615,4209.103,4213.462,4221.538,4207.949,4207.564,4214.359,4217.308,4230.769,4215.128,4198.333,4212.564,4218.974,сжать руку
78,4219.615,4210.641,4204.615,4211.154,4216.667,4210.256,4211.154,4210.128,4217.692,4229.487,4215.385,4198.462,4217.436,4218.205,сжать руку
78,4220.256,4216.41,4207.051,4209.615,4220.641,4215.513,4209.359,4207.821,4224.744,4229.103,4218.718,4196.41,4224.487,4219.872,сжать руку
78,4224.872,4217.051,4210.128,4211.154,4222.564,4208.077,4201.41,4218.077,4231.026,4227.949,4220.256,4196.795,4222.436,4222.179,сжать руку
78,4219.103,4210.128,4207.564,4211.667,4217.308,4200.385,4190.256,4221.282,4222.436,4222.821,4217.179,4197.692,4214.231,4220.256,сжать руку
78,4212.308,4206.026,4205.897,4207.179,4216.923,4207.949,4194.359,4208.718,4212.308,4208.846,4213.333,4198.205,4212.436,4220.897,сжать руку
78,4215.769,4205.0,4208.462,4205.385,4213.974,4211.923,4207.051,4202.564,4214.872,4198.462,4214.615,4201.538,4218.59,4223.846,сжать руку
78,4222.179,4208.077,4214.872,4212.564,4209.744,4206.41,4203.59,4207.692,4218.846,4210.128,4222.949,4204.359,4221.41,4224.231,сжать руку
78,4222.179,4211.795,4216.667,4218.59,4211.795,4202.436,4191.154,4200.385,4210.513,4225.641,4223.59,4202.436,4221.41,4224.615,сжать руку
78,4220.769,4213.462,4215.897,4214.359,4213.462,4202.692,4193.077,4199.359,4212.179,4229.231,4217.436,4199.744,4220.128,4221.923,сжать руку
78,4227.308,4216.795,4222.821,4213.462,4213.462,4205.641,4200.641,4213.974,4223.974,4222.051,4220.641,4201.538,4216.026,4220.385,сжать руку
78,4230.513,4217.949,4228.974,4220.385,4215.0,4210.0,4205.256,4222.949,4228.077,4222.179,4230.513,4203.205,4217.821,4223.462,сжать руку
78,4219.487,4212.692,4227.692,4221.667,4217.051,4210.769,4212.051,4226.41,4231.026,4234.359,4232.436,4199.615,4226.41,4224.872,сжать руку
78,4214.615,4208.59,4225.897,4218.077,4220.385,4210.128,4217.179,4226.154,4230.0,4238.846,4225.769,4197.692,4227.564,4224.231,сжать руку
78,4218.59,4212.564,4223.974,4218.846,4222.949,4213.077,4214.487,4221.282,4219.103,4224.615,4219.487,4198.974,4217.179,4221.41,сжать руку
78,4216.923,4212.821,4218.718,4218.205,4218.077,4213.974,4211.923,4217.179,4216.538,4212.308,4216.795,4196.923,4212.436,4216.923,сжать руку
78,4211.795,4211.154,4217.308,4213.462,4213.846,4211.538,4215.769,4223.718,4225.0,4223.718,4215.897,4196.154,4219.487,4213.846,сжать руку
78,4210.128,4208.846,4214.872,4208.846,4215.0,4211.538,4215.128,4226.282,4222.179,4223.59,4213.59,4195.385,4218.974,4211.026,сжать руку
78,4208.718,4197.821,4207.949,4206.282,4210.128,4210.0,4205.897,4214.231,4213.205,4208.077,4211.795,4197.051,4208.077,4212.051,сжать руку
78,4209.744,4192.821,4212.179,4207.308,4200.256,4204.615,4205.769,4208.077,4212.821,4217.179,4212.564,4202.821,4206.923,4218.333,сжать руку
78,4214.744,4200.0,4226.154,4210.0,4199.615,4203.077,4213.333,4214.744,4215.897,4235.256,4214.487,4205.128,4215.385,4223.462,сжать руку
78,4218.333,4207.692,4231.795,4210.897,4207.436,4210.641,4212.051,4218.205,4219.231,4233.718,4218.59,4204.487,4212.821,4225.128,сжать руку
78,4220.0,4209.744,4227.821,4211.282,4211.282,4215.897,4201.923,4204.615,4217.308,4221.923,4213.846,4199.231,4203.718,4220.0,сжать руку
78,4217.821,4206.923,4220.769,4209.359,4215.0,4211.026,4195.513,4196.667,4213.077,4209.872,4203.59,4190.641,4197.564,4216.538,сжать руку
78,4208.974,4197.564,4213.59,4202.821,4218.718,4207.436,4202.821,4213.846,4214.744,4200.769,4200.385,4187.308,4193.205,4218.077,сжать руку
78,4203.718,4188.846,4207.949,4193.718,4208.462,4208.718,4215.256,4224.103,4217.308,4205.256,4200.0,4189.487,4193.59,4215.769,сжать руку
78,4210.897,4194.487,4212.051,4194.744,4201.026,4207.692,4207.692,4216.41,4217.564,4206.667,4204.615,4196.41,4204.359,4217.692,сжать руку
78,4218.846,4206.41,4218.718,4203.718,4208.846,4205.0,4195.0,4217.179,4217.949,4201.667,4215.513,4199.487,4214.872,4224.103,сжать руку
78,4212.949,4209.103,4213.718,4202.308,4210.641,4206.795,4200.128,4222.051,4217.436,4219.231,4221.154,4195.0,4217.051,4222.051,сжать руку
78,4203.974,4206.41,4207.692,4197.051,4207.051,4210.641,4201.026,4213.462,4216.026,4233.205,4217.051,4191.923,4217.949,4217.179,сжать руку
78,4205.897,4208.846,4210.0,4200.769,4211.795,4206.282,4186.41,4209.231,4217.179,4225.0,4214.359,4194.487,4217.308,4219.103,сжать руку
78,4212.308,4214.359,4213.974,4204.103,4212.564,4202.436,4185.513,4222.436,4222.308,4226.154,4218.205,4197.051,4217.692,4225.897,сжать руку
78,4215.256,4217.821,4216.026,4202.436,4209.615,4208.333,4200.513,4220.897,4220.897,4231.923,4218.718,4193.333,4219.359,4225.513,сжать руку
78,4210.256,4218.974,4217.564,4205.128,4213.462,4209.231,4195.513,4211.41,4215.641,4227.949,4215.897,4192.949,4212.308,4218.205,сжать руку
78,4204.231,4215.641,4216.154,4210.0,4219.615,4206.41,4185.769,4218.077,4216.923,4229.103,4215.385,4196.538,4208.846,4215.769,сжать руку
78,4206.667,4209.231,4210.641,4203.974,4220.0,4210.0,4201.026,4220.769,4217.051,4229.744,4214.744,4193.718,4212.308,4217.692,сжать руку
78,4209.615,4207.692,4207.436,4196.026,4215.256,4211.538,4210.769,4217.692,4213.846,4218.846,4210.769,4191.538,4207.821,4217.949,сжать руку
78,4210.0,4211.154,4210.641,4200.769,4213.462,4208.718,4203.205,4218.846,4214.872,4217.051,4211.026,4194.231,4204.744,4214.231,сжать руку
78,4208.205,4209.744,4211.923,4206.154,4216.538,4210.513,4203.205,4217.564,4216.41,4218.974,4210.0,4193.077,4210.0,4211.41,сжать руку
78,4203.846,4204.359,4206.923,4198.205,4217.308,4220.0,4218.974,4217.179,4213.077,4211.282,4201.538,4190.128,4204.231,4211.795,сжать руку
78,4202.692,4205.128,4204.359,4189.744,4214.487,4223.333,4227.692,4219.103,4211.154,4210.769,4200.769,4189.872,4199.231,4210.641,сжать руку
78,4211.923,4212.179,4204.744,4195.385,4215.513,4215.256,4220.0,4214.744,4216.154,4220.641,4210.128,4191.795,4209.744,4214.103,сжать руку
78,4225.128,4222.179,4210.641,4205.769,4226.538,4208.974,4211.795,4214.103,4221.667,4236.026,4219.231,4195.128,4219.872,4224.615,сжать руку
78,4234.615,4233.846,4223.333,4210.641,4228.718,4210.0,4207.051,4216.923,4218.205,4238.462,4219.231,4198.718,4220.769,4230.0,сжать руку
78,4248.205,4242.564,4235.513,4213.718,4214.231,4208.462,4206.026,4218.59,4213.462,4222.051,4209.487,4199.487,4220.0,4228.974,сжать руку
78,4260.513,4248.333,4242.821,4219.359,4212.308,4205.513,4211.026,4226.795,4218.974,4212.949,4206.667,4198.846,4222.051,4231.795,сжать руку
78,4267.821,4251.538,4245.0,4220.641,4221.538,4208.333,4210.256,4219.615,4215.513,4211.154,4215.513,4201.923,4226.538,4236.667,сжать руку
78,4270.641,4250.897,4243.077,4215.641,4216.282,4209.359,4198.462,4201.282,4204.615,4202.179,4218.205,4206.154,4226.154,4235.128,сжать руку
79,4260.385,4251.795,4238.974,4222.564,4219.103,4205.513,4201.538,4213.333,4208.846,4218.462,4213.846,4206.923,4223.077,4229.487,разжать руку
79,4260.641,4253.333,4242.436,4224.231,4224.744,4208.333,4202.692,4210.897,4209.103,4200.641,4218.205,4207.179,4222.564,4231.026,разжать руку
79,4255.0,4243.59,4242.436,4213.974,4212.821,4207.821,4207.179,4213.846,4213.59,4198.333,4218.846,4205.897,4216.154,4227.821,разжать руку
79,4248.462,4238.974,4241.154,4214.487,4210.385,4205.513,4209.487,4216.026,4215.769,4227.051,4218.718,4207.821,4218.205,4228.974,разжать руку
79,4250.256,4245.0,4241.923,4221.795,4219.744,4206.923,4203.462,4210.641,4211.923,4226.795,4217.692,4208.205,4227.692,4233.59,разжать руку
79,4247.949,4239.359,4237.179,4214.872,4219.615,4207.051,4206.41,4216.154,4215.641,4216.026,4217.821,4204.359,4227.949,4230.0,разжать руку
79,4232.179,4224.487,4226.795,4206.795,4211.41,4209.615,4221.667,4225.256,4222.436,4233.59,4215.641,4199.231,4220.385,4218.718,разжать руку
79,4222.692,4221.026,4223.974,4212.692,4207.436,4213.462,4221.282,4219.615,4218.974,4232.564,4208.846,4195.769,4214.103,4214.615,разжать руку
79,4223.59,4222.179,4224.615,4214.744,4212.821,4212.949,4209.103,4212.436,4215.769,4214.231,4202.051,4197.179,4209.872,4219.231,разжать руку
79,4219.103,4214.487,4217.051,4203.205,4219.615,4213.59,4208.59,4210.897,4213.077,4219.359,4198.333,4198.846,4208.59,4218.205,разжать руку
79,4213.333,4208.846,4209.615,4199.487,4218.205,4217.179,4216.026,4210.513,4208.59,4213.333,4201.538,4200.641,4208.718,4216.41,разжать руку
79,4217.692,4212.308,4213.718,4207.179,4216.41,4210.897,4213.462,4226.282,4220.897,4207.692,4214.103,4204.872,4212.051,4220.0,разжать руку
79,4223.718,4214.872,4220.897,4209.872,4221.282,4205.256,4208.462,4241.282,4235.256,4236.026,4227.308,4206.923,4219.615,4222.179,разжать руку
79,4222.949,4214.103,4224.103,4208.974,4222.692,4217.308,4217.564,4227.436,4226.282,4257.179,4231.923,4206.923,4225.256,4221.923,разжать руку
79,4220.769,4213.718,4223.974,4209.487,4216.154,4226.154,4228.718,4213.718,4219.103,4248.974,4233.974,4206.667,4223.718,4221.154,разжать руку
79,4214.615,4208.205,4218.974,4207.949,4217.949,4221.154,4229.103,4221.282,4223.846,4237.308,4231.026,4207.692,4218.59,4220.641,разжать руку
79,4210.769,4208.59,4216.923,4206.923,4225.0,4221.667,4221.923,4225.513,4224.744,4238.59,4225.769,4207.821,4214.872,4217.564,разжать руку
79,4213.846,4217.692,4220.769,4208.974,4224.615,4222.821,4218.205,4223.462,4225.385,4240.0,4228.718,4207.308,4210.385,4214.872,разжать руку
79,4210.769,4216.923,4216.795,4208.846,4221.154,4219.103,4219.359,4220.897,4224.231,4230.641,4230.513,4206.538,4208.462,4215.897,разжать руку
79,4200.769,4206.41,4207.692,4204.103,4220.385,4220.0,4214.487,4213.59,4216.154,4214.615,4224.231,4201.923,4208.077,4214.103,разжать руку
79,4197.436,4201.026,4206.795,4197.821,4217.051,4216.154,4212.564,4210.897,4210.256,4208.462,4218.077,4199.359,4202.821,4212.051,разжать руку
79,4200.769,4203.462,4212.308,4197.179,4214.103,4210.513,4220.897,4216.795,4214.103,4212.436,4218.846,4200.128,4201.923,4214.744,разжать руку
79,4203.333,4205.256,4217.436,4202.821,4213.974,4213.974,4224.744,4220.513,4222.308,4211.923,4225.897,4199.744,4209.615,4216.41,разжать руку
79,4205.513,4204.872,4218.846,4205.128,4212.179,4212.821,4214.231,4221.923,4226.41,4223.205,4232.179,4201.923,4214.359,4217.051,разжать руку
79,4205.128,4206.026,4218.333,4204.103,4214.231,4208.974,4208.333,4230.0,4226.795,4245.769,4232.821,4204.231,4211.795,4216.923,разжать руку
79,4199.231,4205.769,4217.179,4204.744,4222.692,4215.128,4212.821,4236.154,4232.308,4248.462,4229.744,4204.744,4210.641,4216.026,разжать руку
79,4194.103,4200.897,4213.974,4200.513,4221.795,4219.487,4216.923,4223.974,4228.462,4232.308,4223.974,4202.564,4206.026,4213.718,разжать руку
79,4190.256,4195.641,4208.333,4195.513,4213.205,4213.846,4214.103,4203.718,4212.564,4224.103,4216.41,4197.051,4198.333,4209.744,разжать руку
79,4187.436,4199.744,4206.538,4199.872,4218.333,4216.154,4206.795,4203.333,4210.897,4221.41,4217.436,4198.846,4201.538,4212.308,разжать руку
79,4191.538,4206.282,4209.872,4201.667,4231.026,4220.256,4201.667,4211.667,4221.538,4221.795,4221.41,4203.077,4205.769,4215.385,разжать руку
79,4198.462,4206.282,4211.026,4196.923,4227.821,4213.205,4201.667,4212.051,4221.41,4224.359,4219.872,4198.205,4203.718,4212.692,разжать руку
79,4198.077,4205.0,4210.256,4197.692,4216.026,4210.513,4207.436,4216.667,4216.667,4208.846,4217.051,4196.538,4205.128,4210.0,разжать руку
79,4195.513,4207.564,4209.359,4201.538,4211.667,4212.179,4209.615,4223.846,4218.333,4197.692,4217.051,4202.564,4210.769,4211.282,разжать руку
79,4200.641,4211.41,4210.769,4205.897,4213.077,4212.821,4207.949,4228.974,4226.026,4220.897,4220.128,4206.41,4212.051,4216.41,разжать руку
79,4203.59,4210.513,4213.974,4205.0,4216.923,4219.872,4211.538,4231.026,4231.026,4245.385,4219.744,4203.846,4212.051,4216.154,разжать руку
79,4198.077,4204.231,4211.41,4196.026,4220.128,4220.769,4208.718,4225.256,4225.769,4239.744,4214.744,4201.154,4212.051,4210.128,разжать руку
79,4199.103,4203.462,4209.359,4197.051,4218.718,4209.231,4193.59,4219.231,4219.872,4230.0,4215.897,4203.59,4209.487,4210.897,разжать руку
79,4201.795,4205.641,4211.923,4204.872,4215.897,4213.077,4194.359,4217.179,4217.821,4230.385,4217.949,4203.974,4205.769,4215.128,разжать руку
79,4198.333,4204.103,4209.487,4202.821,4213.462,4223.205,4211.282,4214.231,4214.872,4222.564,4212.949,4201.795,4202.308,4212.308,разжать руку
79,4205.641,4210.641,4211.41,4205.0,4217.179,4216.026,4204.615,4210.641,4218.205,4220.128,4216.154,4204.872,4207.821,4212.308,разжать руку
79,4218.077,4215.897,4222.436,4211.154,4221.795,4210.897,4184.872,4210.641,4224.359,4230.128,4226.538,4210.256,4213.205,4216.795,разжать руку
79,4211.282,4203.333,4222.179,4202.179,4211.923,4216.026,4187.179,4218.974,4222.949,4233.462,4223.59,4210.256,4208.205,4216.538,разжать руку
79,4203.974,4196.795,4211.538,4195.641,4203.718,4212.051,4198.333,4228.077,4217.051,4225.385,4215.0,4205.0,4199.103,4212.308,разжать руку
79,4210.0,4208.59,4209.359,4204.359,4215.256,4207.051,4191.026,4218.59,4214.615,4218.462,4216.923,4203.462,4198.462,4213.59,разжать руку
79,4212.051,4216.667,4213.462,4209.359,4221.154,4213.077,4183.333,4205.128,4215.385,4221.667,4219.359,4206.923,4205.256,4217.051,разжать руку
79,4208.205,4211.026,4215.128,4204.103,4209.103,4212.821,4193.077,4218.846,4221.154,4227.308,4215.385,4208.333,4207.179,4215.0,разжать руку
79,4208.077,4207.949,4215.0,4202.051,4206.538,4210.128,4202.308,4233.974,4224.487,4227.051,4214.615,4207.564,4206.795,4215.897,разжать руку
79,4204.487,4209.487,4212.179,4203.205,4219.359,4215.897,4200.513,4216.923,4216.154,4222.436,4216.41,4202.564,4204.359,4214.872,разжать руку
79,4197.821,4207.308,4207.692,4202.308,4221.667,4221.41,4198.974,4207.051,4212.949,4219.487,4216.667,4201.282,4204.744,4211.667,разжать руку
79,4199.231,4207.308,4210.0,4204.231,4216.282,4223.974,4207.179,4224.744,4223.205,4224.231,4215.385,4206.41,4205.769,4213.846,разжать руку
79,4200.769,4208.333,4210.513,4205.256,4218.077,4221.667,4207.436,4226.154,4224.744,4224.231,4212.564,4204.487,4199.615,4214.872,разжать руку
79,4196.282,4202.949,4202.179,4202.692,4218.333,4220.641,4202.949,4210.897,4215.256,4220.513,4213.205,4200.128,4197.308,4214.359,разжать руку
79,4192.051,4196.538,4198.59,4202.051,4215.641,4227.308,4208.718,4219.615,4220.641,4234.872,4216.282,4201.923,4203.974,4213.718,разжать руку
79,4195.641,4201.538,4205.641,4207.692,4216.282,4228.462,4212.821,4240.513,4235.256,4247.308,4217.821,4207.308,4201.41,4217.051,разжать руку
79,4203.462,4210.256,4213.205,4216.282,4218.205,4224.487,4214.103,4234.744,4231.795,4223.974,4218.846,4209.231,4192.308,4219.231,разжать руку
79,4201.538,4202.949,4212.051,4214.744,4217.949,4224.744,4210.256,4219.615,4222.436,4203.59,4218.077,4207.179,4196.154,4215.256,разжать руку
79,4198.333,4194.487,4209.103,4208.59,4214.359,4220.641,4200.897,4229.615,4230.641,4234.359,4216.41,4209.231,4201.538,4214.615,разжать руку
79,4201.795,4197.051,4211.667,4211.154,4211.795,4218.462,4202.564,4241.538,4237.179,4253.462,4217.436,4210.385,4199.231,4217.821,разжать руку
79,4203.077,4197.308,4210.641,4212.692,4211.923,4222.692,4213.59,4229.231,4224.359,4218.462,4212.692,4204.103,4197.051,4214.487,разжать руку
79,4201.282,4197.821,4208.974,4206.667,4215.897,4222.179,4213.077,4216.923,4216.667,4201.923,4207.308,4201.154,4191.026,4210.769,разжать руку
79,4208.333,4204.487,4213.718,4208.462,4218.718,4216.538,4200.641,4219.615,4220.897,4224.615,4215.385,4204.615,4189.615,4213.462,разжать руку
79,4217.308,4203.462,4216.795,4220.256,4216.41,4213.974,4193.59,4223.846,4221.538,4224.359,4215.513,4205.0,4196.282,4213.846,разжать руку
79,4211.41,4196.795,4215.641,4222.308,4213.974,4211.795,4195.897,4221.154,4217.692,4208.974,4205.0,4201.026,4198.974,4209.872,разжать руку
79,4202.692,4198.974,4213.333,4217.692,4211.923,4207.692,4197.051,4212.308,4215.128,4211.923,4205.897,4200.385,4191.154,4210.0,разжать руку
79,4203.205,4201.026,4206.667,4221.154,4212.051,4207.564,4192.949,4213.974,4216.667,4211.282,4208.846,4199.487,4187.436,4213.846,разжать руку
79,4201.795,4199.231,4201.538,4221.923,4213.462,4215.256,4198.077,4220.128,4214.487,4210.128,4202.564,4194.359,4193.59,4212.051,разжать руку
79,4196.41,4202.308,4204.615,4217.564,4212.949,4222.564,4207.949,4217.949,4213.462,4223.077,4199.615,4195.641,4195.769,4210.128,разжать руку
79,4198.205,4207.949,4208.974,4223.462,4216.795,4220.769,4206.154,4219.231,4219.103,4228.974,4206.154,4200.513,4196.923,4215.513,разжать руку
79,4206.026,4211.154,4208.59,4230.897,4223.846,4218.205,4206.154,4221.282,4219.615,4222.564,4207.949,4199.487,4203.205,4218.718,разжать руку
79,4212.821,4211.538,4210.513,4227.308,4225.513,4222.436,4208.333,4218.462,4215.128,4221.538,4206.154,4202.692,4210.641,4220.513,разжать руку
79,4218.974,4212.564,4215.128,4225.769,4223.974,4223.59,4200.641,4223.718,4217.692,4230.897,4212.821,4207.051,4209.744,4221.026,разжать руку
79,4217.436,4213.077,4213.077,4225.641,4218.718,4221.154,4203.59,4230.513,4222.308,4229.103,4214.103,4201.026,4203.59,4218.462,разжать руку
79,4216.667,4217.308,4208.333,4223.333,4212.692,4215.769,4217.179,4224.615,4219.872,4212.308,4205.641,4194.359,4201.667,4219.103,разжать руку
79,4233.077,4233.59,4216.282,4232.436,4212.692,4203.718,4205.769,4217.436,4213.59,4204.744,4207.051,4200.256,4207.051,4226.795,разжать руку
79,4250.385,4249.872,4230.641,4243.205,4215.769,4200.513,4184.615,4207.051,4203.333,4214.872,4216.795,4208.718,4219.615,4234.872,разжать руку
79,4256.795,4251.026,4237.308,4241.41,4211.538,4209.231,4191.667,4200.0,4203.974,4203.59,4218.974,4210.513,4223.974,4233.333,разжать руку
79,4257.179,4242.564,4235.769,4237.051,4207.436,4210.385,4204.359,4210.897,4213.974,4180.641,4215.769,4211.154,4218.59,4229.103,разжать руку
79,4248.974,4234.359,4230.897,4236.41,4210.0,4205.385,4196.538,4212.692,4209.103,4196.41,4210.385,4209.615,4210.0,4226.795,разжать руку
79,4236.154,4226.795,4223.462,4230.769,4208.077,4205.641,4189.615,4201.667,4199.615,4219.872,4203.333,4202.436,4199.615,4218.205,разжать руку
79,4228.846,4217.436,4215.769,4223.59,4204.615,4206.538,4192.436,4209.103,4203.462,4211.41,4204.744,4201.026,4200.0,4209.872,разжать руку
79,4228.974,4213.974,4213.462,4225.641,4203.205,4207.051,4198.462,4229.615,4214.231,4206.667,4205.385,4205.0,4203.974,4211.538,разжать руку
79,4223.718,4208.718,4212.564,4223.974,4194.872,4212.564,4204.231,4225.256,4214.103,4213.59,4200.641,4201.923,4200.769,4216.154,разжать руку
79,4212.051,4197.308,4205.641,4215.513,4192.308,4212.308,4201.026,4212.308,4208.205,4207.821,4200.769,4199.103,4197.692,4214.103,разжать руку
79,4207.564,4197.051,4196.923,4214.359,4202.821,4204.487,4193.333,4221.154,4211.026,4201.538,4201.026,4201.538,4200.0,4211.41,разжать руку
79,4211.026,4207.436,4197.051,4217.051,4210.128,4205.256,4191.154,4222.564,4212.308,4197.692,4200.256,4202.692,4202.436,4214.615,разжать руку
79,4213.974,4209.487,4203.462,4217.179,4208.077,4211.667,4199.231,4209.872,4209.872,4203.205,4201.795,4201.282,4201.026,4216.282,разжать руку
79,4215.897,4204.231,4206.154,4220.0,4207.821,4211.154,4203.205,4209.744,4210.897,4215.513,4200.769,4198.718,4199.359,4214.359,разжать руку
79,4215.513,4203.59,4203.718,4220.641,4211.41,4212.308,4204.872,4215.385,4211.026,4204.744,4196.538,4198.462,4199.487,4212.564,разжать руку
79,4210.641,4202.949,4199.359,4213.718,4211.282,4219.487,4210.897,4212.436,4206.923,4192.821,4193.718,4198.846,4198.846,4206.154,разжать руку
79,4207.821,4200.256,4193.846,4212.564,4205.256,4216.154,4201.282,4208.462,4204.103,4201.538,4190.128,4200.385,4189.103,4201.923,разжать руку
79,4204.872,4194.487,4193.205,4217.051,4203.333,4210.385,4186.667,4210.128,4203.718,4202.692,4185.897,4199.744,4180.513,4206.282,разжать руку
79,4201.282,4189.231,4202.179,4213.205,4205.897,4217.692,4197.564,4213.846,4203.205,4194.744,4189.615,4199.103,4186.538,4211.41,разжать руку
79,4203.718,4192.949,4205.897,4209.615,4202.436,4220.0,4217.564,4219.359,4207.308,4200.256,4197.051,4203.846,4192.051,4212.308,разжать руку
79,4202.308,4197.692,4199.103,4213.077,4200.128,4210.256,4211.795,4217.949,4210.513,4203.205,4197.436,4202.051,4194.103,4208.974,разжать руку
79,4202.692,4202.308,4200.128,4220.0,4202.051,4208.59,4199.359,4213.462,4213.077,4204.615,4197.692,4199.103,4205.385,4211.282,разжать руку
79,4214.359,4210.897,4211.538,4224.872,4203.59,4213.846,4204.231,4216.538,4218.462,4220.256,4203.462,4203.718,4219.103,4217.949,разжать руку
79,4219.744,4215.0,4216.923,4223.59,4210.0,4210.385,4207.564,4218.59,4218.205,4230.256,4206.41,4204.487,4221.41,4217.821,разжать руку
79,4217.821,4212.051,4215.897,4221.41,4215.513,4208.974,4202.179,4210.897,4211.795,4225.641,4203.462,4203.205,4213.974,4217.564,разжать руку
79,4218.718,4212.949,4219.872,4221.923,4213.462,4214.487,4200.641,4210.0,4208.846,4221.923,4199.615,4203.077,4210.385,4218.718,разжать руку
79,4218.59,4216.026,4224.744,4222.821,4213.59,4211.41,4203.846,4225.769,4217.564,4229.487,4201.41,4201.795,4213.59,4217.051,разжать руку
80,4215.128,4206.667,4209.872,4218.59,4207.692,4217.308,4206.026,4203.462,4203.718,4207.564,4202.949,4195.769,4201.154,4210.769,сжать руку
80,4210.641,4203.846,4204.744,4217.436,4201.923,4216.795,4201.026,4209.872,4210.385,4210.0,4200.769,4200.385,4196.923,4213.974,сжать руку
80,4215.385,4210.0,4211.795,4221.154,4209.744,4208.205,4201.538,4226.538,4222.949,4221.154,4204.615,4202.308,4205.128,4214.615,сжать руку
80,4214.872,4209.615,4210.897,4222.179,4212.821,4210.128,4207.179,4216.41,4218.205,4205.513,4203.59,4194.359,4209.359,4209.359,сжать руку
80,4203.718,4205.641,4206.538,4221.538,4211.282,4217.179,4208.846,4201.795,4205.897,4196.795,4200.513,4191.026,4204.103,4209.872,сжать руку
80,4205.0,4215.385,4213.333,4224.615,4217.436,4216.026,4200.128,4202.949,4205.128,4212.308,4201.923,4198.077,4204.103,4214.103,сжать руку
80,4217.308,4223.462,4217.692,4227.051,4221.41,4212.949,4195.513,4205.385,4208.59,4204.872,4203.333,4201.282,4212.051,4212.179,сжать руку
80,4218.333,4216.667,4215.385,4225.641,4221.154,4218.205,4203.205,4214.615,4211.154,4202.821,4207.308,4198.462,4214.872,4212.436,сжать руку
80,4214.359,4211.538,4217.308,4222.051,4218.846,4223.462,4210.0,4223.59,4214.103,4227.821,4213.59,4198.846,4212.949,4215.513,сжать руку
80,4217.692,4215.769,4221.538,4221.154,4212.436,4217.308,4202.692,4217.949,4213.974,4225.0,4215.256,4201.923,4216.923,4217.308,сжать руку
80,4222.436,4216.667,4218.333,4225.0,4210.256,4212.564,4198.205,4212.308,4213.333,4208.077,4214.872,4202.051,4219.103,4218.462,сжать руку
80,4215.897,4206.026,4210.769,4220.641,4212.821,4220.513,4207.821,4216.795,4215.256,4221.538,4214.359,4201.795,4213.59,4214.615,сжать руку
80,4206.538,4200.385,4205.641,4213.974,4211.026,4223.846,4211.795,4214.872,4213.59,4224.744,4212.436,4201.667,4212.179,4210.641,сжать руку
80,4208.333,4203.077,4205.0,4218.333,4211.41,4220.513,4210.769,4203.718,4209.359,4201.667,4215.513,4197.949,4214.103,4211.026,сжать руку
80,4213.333,4203.077,4208.205,4221.667,4219.103,4225.256,4219.359,4219.231,4225.897,4217.949,4227.692,4200.897,4218.333,4216.795,сжать руку
80,4211.41,4199.615,4210.641,4218.462,4225.256,4229.103,4228.59,4242.051,4238.974,4250.897,4235.513,4209.487,4218.077,4218.333,сжать руку
80,4203.846,4193.333,4203.59,4213.333,4219.359,4220.641,4223.846,4221.667,4220.128,4232.821,4225.385,4203.974,4207.436,4210.256,сжать руку
80,4201.538,4195.128,4199.744,4213.077,4212.051,4215.0,4211.538,4200.513,4208.333,4211.154,4215.897,4195.256,4206.41,4209.615,сжать руку
80,4207.949,4203.59,4211.026,4217.564,4212.949,4213.974,4205.385,4217.179,4218.974,4228.59,4225.385,4203.59,4214.359,4218.205,сжать руку
80,4211.154,4204.231,4217.949,4221.795,4215.641,4209.487,4212.179,4226.154,4218.974,4233.974,4231.41,4212.051,4212.436,4220.385,сжать руку
80,4211.282,4203.846,4217.436,4222.051,4220.128,4213.974,4219.103,4218.718,4218.846,4225.769,4226.282,4208.846,4217.436,4217.436,сжать руку
80,4216.667,4213.077,4225.513,4224.615,4224.615,4226.667,4213.205,4222.436,4229.872,4231.154,4229.103,4210.513,4231.026,4220.641,сжать руку
80,4220.385,4217.436,4230.0,4228.205,4222.692,4224.359,4209.744,4217.564,4224.615,4226.026,4233.718,4215.0,4226.923,4219.744,сжать руку
80,4218.333,4211.282,4223.205,4224.872,4217.179,4208.077,4207.821,4205.897,4215.897,4216.795,4230.0,4207.949,4218.205,4213.718,сжать руку
80,4215.385,4206.795,4223.205,4220.641,4210.769,4209.487,4213.077,4220.256,4224.487,4224.487,4230.0,4203.333,4222.179,4216.795,сжать руку
80,4208.59,4201.538,4227.179,4219.103,4210.256,4226.154,4225.897,4231.026,4223.846,4230.0,4230.897,4203.59,4220.641,4215.897,сжать руку
80,4204.615,4201.41,4221.923,4220.256,4215.513,4223.462,4217.436,4215.769,4211.795,4225.897,4226.282,4199.744,4211.282,4208.205,сжать руку
80,4209.615,4209.487,4220.769,4223.333,4215.641,4214.872,4202.051,4214.615,4217.821,4238.462,4228.59,4201.538,4212.692,4211.282,сжать руку
80,4207.949,4211.41,4222.949,4222.692,4213.718,4222.436,4214.359,4229.359,4231.41,4248.59,4234.872,4207.436,4224.872,4214.615,сжать руку
80,4197.564,4203.205,4212.821,4217.179,4219.359,4223.333,4230.897,4229.487,4226.282,4236.538,4230.513,4207.692,4226.41,4209.615,сжать руку
80,4198.718,4199.487,4206.282,4217.179,4220.513,4217.051,4224.103,4218.846,4217.564,4231.667,4223.333,4204.487,4217.436,4208.718,сжать руку
80,4211.538,4205.128,4216.795,4221.923,4213.462,4220.641,4220.128,4222.692,4225.256,4242.949,4226.026,4205.128,4218.077,4216.538,сжать руку
80,4213.077,4206.538,4223.974,4224.487,4215.0,4220.897,4226.282,4236.795,4234.359,4244.872,4232.308,4209.487,4224.615,4220.385,сжать руку
80,4207.949,4201.154,4216.282,4223.077,4219.615,4213.462,4226.667,4232.692,4224.359,4230.128,4230.897,4205.513,4218.205,4213.462,сжать руку
80,4208.846,4200.897,4209.359,4219.744,4216.538,4212.692,4217.821,4220.513,4212.949,4227.179,4227.692,4201.923,4212.821,4213.718,сжать руку
80,4213.59,4207.436,4214.103,4218.333,4216.923,4219.103,4212.821,4217.949,4217.949,4230.897,4230.128,4207.821,4217.436,4219.872,сжать руку
80,4216.026,4207.436,4220.385,4219.359,4220.128,4218.974,4216.667,4214.872,4219.744,4227.949,4228.846,4213.077,4218.846,4217.692,сжать руку
80,4216.538,4203.59,4219.872,4221.154,4218.59,4212.179,4214.744,4213.59,4212.692,4225.0,4221.282,4211.282,4216.026,4214.872,сжать руку
80,4212.821,4197.051,4215.0,4215.641,4211.923,4213.59,4217.436,4220.897,4214.744,4222.436,4215.897,4204.103,4209.744,4215.385,сжать руку
80,4207.179,4191.667,4210.385,4208.333,4209.231,4220.897,4226.795,4222.821,4220.513,4231.538,4215.513,4203.205,4208.846,4217.564,сжать руку
80,4210.641,4202.308,4211.026,4213.718,4214.615,4221.538,4227.436,4220.769,4220.128,4235.0,4219.231,4209.103,4218.333,4218.333,сжать руку
80,4215.513,4211.154,4214.359,4220.0,4213.846,4216.795,4222.179,4223.846,4217.436,4217.821,4222.179,4209.872,4220.256,4214.744,сжать руку
80,4217.051,4208.718,4216.923,4216.667,4207.821,4215.897,4218.59,4221.667,4215.128,4216.026,4221.667,4209.103,4216.538,4218.077,сжать руку
80,4221.282,4210.128,4219.615,4215.513,4213.462,4217.692,4218.974,4219.359,4213.205,4237.692,4220.513,4208.077,4218.077,4222.179,сжать руку
80,4223.205,4210.385,4221.41,4221.154,4218.59,4215.128,4221.538,4222.949,4213.462,4234.231,4218.333,4205.641,4216.923,4215.513,сжать руку
80,4220.897,4206.923,4225.0,4224.231,4214.231,4215.513,4226.923,4228.59,4218.077,4217.179,4217.821,4208.846,4213.846,4213.462,сжать руку
80,4218.462,4206.41,4226.795,4220.513,4215.385,4222.949,4227.436,4227.692,4218.974,4226.154,4222.949,4210.641,4218.333,4217.308,сжать руку
80,4214.872,4205.513,4219.615,4214.231,4216.538,4225.513,4223.077,4217.821,4212.308,4231.795,4221.538,4204.487,4216.923,4212.564,сжать руку
80,4204.487,4198.462,4208.846,4210.513,4210.897,4217.949,4223.205,4210.769,4207.564,4215.385,4210.256,4198.462,4206.154,4203.846,сжать руку
80,4195.641,4191.795,4203.59,4207.564,4213.718,4211.41,4223.846,4211.282,4208.974,4201.538,4207.692,4198.846,4200.769,4204.487,сжать руку
80,4200.513,4192.564,4207.564,4209.615,4221.154,4214.615,4217.436,4219.231,4216.026,4198.974,4216.667,4205.0,4204.103,4213.462,сжать руку
80,4211.026,4196.026,4213.718,4215.513,4215.513,4221.538,4213.846,4227.436,4224.231,4215.256,4221.538,4207.949,4213.59,4216.282,сжать руку
80,4210.641,4197.179,4212.949,4217.564,4205.641,4220.0,4221.795,4228.462,4225.897,4238.462,4220.513,4205.769,4215.641,4213.462,сжать руку
80,4204.615,4199.359,4208.462,4214.103,4209.359,4211.41,4224.487,4218.846,4217.949,4239.744,4219.615,4204.615,4211.667,4212.692,сжать руку
80,4209.231,4205.256,4207.308,4215.513,4218.718,4212.051,4216.923,4211.026,4212.051,4220.897,4220.897,4206.026,4217.308,4213.462,сжать руку
80,4214.872,4206.41,4209.359,4222.564,4219.744,4222.308,4218.846,4218.205,4217.436,4216.923,4222.949,4206.538,4222.436,4213.462,сжать руку
80,4205.769,4199.231,4209.103,4218.974,4213.462,4219.231,4220.385,4225.0,4222.564,4232.179,4221.154,4203.077,4219.359,4210.385,сжать руку
80,4196.795,4195.0,4201.538,4210.641,4208.462,4207.179,4209.615,4212.308,4209.487,4235.385,4216.026,4201.154,4212.051,4207.564,сжать руку
80,4203.846,4199.231,4197.564,4211.795,4207.436,4212.436,4208.846,4206.41,4203.846,4223.462,4214.615,4204.231,4208.333,4209.872,сжать руку
80,4210.385,4203.205,4205.897,4214.615,4210.641,4221.667,4218.333,4228.205,4222.949,4221.923,4216.026,4209.487,4211.795,4213.59,сжать руку
80,4204.615,4202.179,4207.949,4211.026,4212.436,4215.513,4216.923,4233.333,4224.231,4226.282,4215.385,4210.769,4216.026,4215.769,сжать руку
80,4203.846,4205.513,4203.59,4214.487,4209.359,4209.231,4205.897,4215.256,4206.282,4209.103,4214.103,4208.974,4215.641,4216.923,сжать руку
80,4212.179,4211.282,4210.641,4225.256,4209.744,4214.359,4205.769,4222.564,4216.538,4201.282,4217.821,4215.0,4219.359,4220.769,сжать руку
80,4218.333,4211.026,4218.462,4226.41,4218.333,4222.179,4218.718,4233.846,4231.795,4230.256,4220.641,4220.128,4226.026,4222.692,сжать руку
80,4216.923,4208.846,4214.231,4220.641,4216.667,4221.538,4227.051,4214.872,4217.308,4242.308,4216.795,4213.077,4219.615,4216.026,сжать руку
80,4212.564,4207.051,4209.872,4220.641,4207.308,4216.026,4217.564,4207.949,4209.231,4219.744,4215.385,4209.615,4211.538,4210.256,сжать руку
80,4211.026,4206.795,4211.282,4222.564,4208.462,4211.667,4203.846,4224.744,4220.385,4215.641,4216.026,4211.795,4212.564,4211.154,сжать руку
80,4212.051,4208.59,4211.154,4220.0,4207.051,4207.564,4201.154,4217.692,4216.154,4223.718,4213.718,4209.231,4212.949,4215.128,сжать руку
80,4217.179,4210.256,4212.436,4221.282,4202.821,4207.564,4204.872,4205.0,4210.769,4214.487,4214.744,4210.0,4215.128,4219.231,сжать руку
80,4217.949,4208.59,4215.513,4221.026,4209.359,4216.923,4212.949,4220.128,4223.077,4218.462,4216.923,4211.667,4217.692,4216.667,сжать руку
80,4212.436,4204.744,4213.59,4217.436,4212.692,4223.462,4221.154,4227.949,4227.308,4226.538,4215.513,4208.718,4215.769,4212.564,сжать руку
80,4217.179,4209.615,4216.923,4223.59,4211.154,4220.128,4217.949,4216.923,4216.282,4224.872,4220.256,4210.897,4219.231,4217.692,сжать руку
80,4227.436,4217.692,4222.564,4229.487,4215.385,4218.974,4204.231,4217.692,4214.231,4232.179,4225.897,4214.359,4226.282,4223.718,сжать руку
80,4225.0,4214.359,4217.051,4224.103,4216.538,4220.897,4204.615,4225.128,4219.231,4231.667,4220.385,4210.0,4223.974,4220.256,сжать руку
80,4219.872,4211.026,4215.769,4222.949,4208.846,4216.41,4217.564,4219.615,4214.615,4217.436,4214.103,4205.641,4216.282,4215.256,сжать руку
80,4229.231,4216.795,4225.0,4232.179,4204.744,4208.974,4208.59,4214.103,4209.231,4213.462,4212.692,4208.59,4216.282,4218.974,сжать руку
80,4235.385,4221.154,4229.231,4233.974,4211.923,4207.436,4191.026,4218.077,4212.949,4223.077,4213.462,4211.41,4220.128,4222.949,сжать руку
80,4231.282,4218.462,4228.59,4226.026,4217.564,4211.282,4202.949,4218.333,4213.077,4222.179,4213.718,4212.179,4216.538,4222.564,сжать руку
80,4232.308,4219.487,4233.205,4225.641,4213.077,4212.308,4225.256,4220.128,4213.718,4218.974,4215.897,4214.744,4213.718,4223.718,сжать руку
80,4234.487,4225.641,4234.615,4234.103,4215.897,4210.641,4219.359,4225.256,4222.692,4226.795,4222.308,4213.59,4223.846,4225.128,сжать руку
80,4233.205,4223.974,4228.846,4233.974,4220.513,4212.179,4208.974,4224.103,4222.564,4231.282,4225.385,4209.487,4232.564,4223.333,сжать руку
80,4232.564,4218.462,4226.795,4226.923,4215.0,4218.59,4218.59,4216.667,4212.179,4228.462,4219.487,4207.308,4225.641,4220.256,сжать руку
80,4225.128,4216.026,4224.615,4223.59,4213.846,4220.897,4222.949,4208.077,4208.205,4221.538,4212.692,4204.103,4216.282,4217.051,сжать руку
80,4213.974,4213.077,4218.462,4218.846,4215.513,4215.897,4216.538,4209.231,4208.59,4216.538,4213.974,4204.615,4214.615,4214.231,сжать руку
80,4219.744,4215.385,4218.846,4217.692,4211.282,4214.231,4212.564,4219.359,4210.385,4221.538,4217.564,4209.231,4220.0,4213.718,сжать руку
80,4232.821,4220.513,4227.949,4225.769,4211.667,4221.026,4215.769,4229.359,4217.308,4227.821,4218.846,4213.205,4225.128,4218.077,сжать руку
80,4226.41,4216.41,4230.0,4226.667,4214.615,4225.769,4223.846,4222.949,4212.949,4218.718,4213.846,4210.641,4222.308,4217.179,сжать руку
80,4221.667,4214.744,4222.949,4218.718,4211.154,4219.487,4222.308,4209.872,4202.821,4211.154,4211.282,4206.282,4218.974,4212.179,сжать руку
80,4230.256,4223.077,4225.0,4222.308,4212.564,4212.179,4210.385,4212.821,4212.308,4218.333,4219.744,4210.513,4222.564,4215.769,сжать руку
80,4227.564,4219.231,4228.59,4221.667,4214.872,4215.0,4206.282,4222.821,4220.385,4215.385,4215.513,4208.205,4218.846,4216.795,сжать руку
80,4217.436,4207.051,4223.462,4212.308,4209.359,4220.769,4212.051,4229.744,4215.0,4207.821,4201.795,4202.949,4208.718,4213.974,сжать руку
80,4225.256,4212.564,4223.077,4217.692,4211.282,4219.872,4212.692,4225.641,4214.231,4218.974,4206.538,4209.359,4216.538,4220.513,сжать руку
80,4234.487,4221.154,4225.128,4225.0,4214.359,4214.615,4209.231,4212.308,4217.308,4231.154,4219.231,4208.077,4225.256,4222.821,сжать руку
80,4226.41,4220.256,4221.538,4220.128,4210.0,4213.205,4210.641,4211.923,4212.692,4224.487,4217.564,4199.744,4214.103,4216.923,сжать руку
80,4219.103,4221.41,4219.487,4220.128,4207.051,4210.0,4209.615,4221.923,4211.282,4215.0,4213.077,4200.385,4212.051,4213.333,сжать руку
80,4215.641,4218.205,4216.026,4220.385,4206.923,4204.487,4202.308,4216.282,4212.436,4219.872,4210.641,4201.923,4218.59,4211.41,сжать руку
80,4214.615,4208.974,4214.744,4213.077,4203.846,4210.897,4203.462,4204.744,4205.897,4209.231,4208.077,4197.949,4210.769,4210.385,сжать руку
80,4223.333,4211.538,4223.974,4212.821,4199.103,4217.564,4210.513,4209.872,4204.359,4179.231,4211.538,4196.923,4209.615,4212.051,сжать руку
80,4225.897,4217.692,4227.564,4216.667,4202.051,4212.564,4209.487,4210.897,4211.282,4186.667,4216.282,4201.538,4223.718,4215.641,сжать руку
80,4219.103,4215.385,4222.564,4217.051,4208.974,4211.41,4216.795,4211.41,4213.974,4226.026,4214.103,4203.462,4222.821,4217.436,сжать руку
81,4248.205,4235.256,4243.077,4226.923,4206.538,4208.59,4221.41,4230.385,4217.692,4224.103,4220.385,4206.282,4231.538,4228.077,разжать руку
81,4258.205,4244.872,4252.051,4229.103,4210.256,4206.667,4212.179,4208.205,4204.744,4226.41,4220.385,4205.641,4238.974,4234.487,разжать руку
81,4264.487,4251.41,4256.667,4230.128,4212.436,4205.513,4211.795,4208.718,4199.359,4223.462,4220.0,4204.615,4236.026,4236.41,разжать руку
81,4269.359,4257.051,4258.462,4228.846,4209.487,4205.769,4213.205,4228.718,4217.564,4214.103,4219.744,4206.795,4237.051,4234.872,разжать руку
81,4261.538,4255.513,4253.974,4225.256,4208.205,4203.718,4208.077,4220.0,4217.436,4211.795,4218.077,4206.026,4238.846,4228.59,разжать руку
81,4253.077,4255.769,4250.641,4227.692,4206.795,4202.051,4202.051,4200.513,4198.59,4213.59,4217.564,4203.077,4239.103,4227.692,разжать руку
81,4259.744,4259.487,4252.692,4234.487,4207.179,4214.872,4207.692,4210.256,4205.0,4224.615,4219.744,4205.128,4239.359,4231.282,разжать руку
81,4264.615,4255.128,4249.359,4235.769,4211.538,4224.487,4215.128,4219.615,4216.154,4225.897,4217.821,4208.462,4232.051,4229.615,разжать руку
81,4257.436,4247.564,4239.359,4232.436,4214.744,4213.59,4210.0,4210.385,4204.231,4216.923,4214.872,4205.641,4223.846,4224.103,разжать руку
81,4245.513,4238.205,4228.846,4226.282,4213.462,4210.897,4205.641,4212.949,4203.974,4213.974,4216.538,4201.795,4221.41,4218.077,разжать руку
81,4235.897,4227.949,4222.692,4220.769,4210.385,4218.846,4206.282,4216.795,4213.59,4200.513,4208.846,4200.256,4215.513,4215.0,разжать руку
81,4228.077,4221.795,4218.462,4218.718,4206.41,4211.41,4206.538,4213.333,4212.051,4194.231,4201.667,4198.333,4208.846,4212.692,разжать руку
81,4225.128,4217.949,4211.923,4218.077,4199.231,4204.744,4215.641,4214.487,4208.205,4209.231,4209.615,4201.795,4211.667,4212.564,разжать руку
81,4230.769,4219.103,4213.205,4221.41,4202.692,4210.256,4215.513,4213.846,4210.513,4218.846,4218.846,4208.205,4222.179,4215.513,разжать руку
81,4231.923,4222.949,4223.974,4221.538,4214.487,4211.41,4206.538,4212.692,4215.897,4216.923,4220.513,4206.282,4222.821,4217.051,разжать руку
81,4231.538,4222.564,4229.487,4219.359,4211.667,4213.718,4210.256,4218.462,4218.205,4219.872,4226.154,4204.487,4215.641,4219.744,разжать руку
81,4234.103,4223.974,4225.641,4222.949,4208.974,4218.846,4213.846,4212.436,4211.41,4222.949,4232.949,4205.0,4218.974,4220.0,разжать руку
81,4227.436,4224.359,4221.667,4222.179,4216.026,4210.897,4210.128,4202.949,4207.308,4217.949,4226.282,4200.0,4224.103,4214.744,разжать руку
81,4217.949,4217.949,4222.436,4213.59,4211.923,4205.513,4212.051,4218.462,4218.59,4219.615,4222.692,4195.897,4221.154,4213.974,разжать руку
81,4217.051,4212.692,4224.872,4210.256,4202.821,4213.846,4206.667,4221.923,4218.846,4218.59,4231.282,4197.051,4218.718,4218.077,разжать руку
81,4220.0,4212.308,4224.487,4215.513,4204.615,4213.59,4190.513,4203.974,4208.846,4212.051,4234.872,4198.974,4223.077,4218.333,разжать руку
81,4216.282,4214.359,4218.718,4215.385,4208.718,4208.974,4196.154,4204.487,4211.795,4209.359,4230.0,4195.897,4219.615,4213.462,разжать руку
81,4211.154,4219.487,4212.692,4210.385,4210.897,4215.641,4209.231,4212.821,4217.179,4207.308,4226.667,4192.051,4212.436,4211.154,разжать руку
81,4207.692,4220.641,4212.821,4210.513,4212.051,4219.359,4207.564,4217.051,4219.359,4213.333,4225.256,4194.231,4217.564,4213.333,разжать руку
81,4204.359,4214.487,4213.974,4209.872,4203.462,4212.051,4209.359,4221.41,4219.231,4219.744,4218.462,4192.692,4217.949,4210.256,разжать руку
81,4197.436,4207.564,4208.462,4205.769,4193.205,4206.41,4215.0,4218.333,4214.744,4214.615,4215.256,4185.897,4206.538,4203.59,разжать руку
81,4191.923,4207.051,4203.205,4205.641,4197.436,4208.59,4214.103,4212.436,4216.667,4211.795,4218.077,4182.564,4206.923,4204.103,разжать руку
81,4198.974,4213.59,4207.436,4211.154,4206.923,4214.231,4206.538,4213.462,4222.051,4220.769,4218.205,4184.359,4217.179,4207.692,разжать руку
81,4201.282,4215.128,4212.436,4211.41,4209.872,4216.282,4203.974,4222.821,4223.974,4223.59,4217.179,4186.667,4214.103,4208.974,разжать руку
81,4191.154,4208.205,4209.231,4207.564,4207.308,4212.821,4210.256,4230.769,4227.949,4218.205,4218.077,4183.846,4205.641,4206.282,разжать руку
81,4191.923,4206.923,4204.744,4209.487,4203.205,4209.487,4205.128,4215.128,4222.949,4218.333,4218.077,4181.923,4207.692,4205.385,разжать руку
81,4202.692,4212.308,4205.256,4213.462,4204.744,4208.462,4189.744,4192.949,4207.051,4217.692,4215.128,4184.487,4211.923,4208.59,разжать руку
81,4203.462,4210.769,4207.051,4210.897,4208.718,4207.436,4194.359,4197.436,4204.872,4213.462,4215.0,4184.231,4212.692,4210.897,разжать руку
81,4196.667,4207.692,4206.538,4207.179,4209.744,4208.59,4205.0,4208.718,4214.359,4210.769,4218.333,4183.333,4212.179,4210.897,разжать руку
81,4201.795,4211.282,4207.692,4210.641,4209.487,4212.692,4198.718,4212.051,4217.051,4214.487,4219.744,4188.333,4212.949,4212.051,разжать руку
81,4213.462,4211.795,4212.051,4213.205,4208.205,4216.923,4201.795,4217.051,4217.564,4217.179,4220.0,4193.462,4211.795,4216.923,разжать руку
81,4213.077,4210.769,4214.744,4210.0,4208.077,4216.154,4211.667,4217.692,4218.974,4214.487,4217.564,4191.795,4209.744,4216.667,разжать руку
81,4201.923,4207.949,4209.615,4204.359,4207.949,4208.718,4201.026,4208.333,4213.462,4209.103,4212.564,4186.923,4205.256,4207.949,разжать руку
81,4199.231,4204.231,4203.59,4203.205,4205.641,4205.256,4189.487,4204.103,4212.051,4206.667,4212.051,4187.564,4202.692,4208.077,разжать руку
81,4204.231,4209.359,4209.231,4208.077,4207.308,4208.462,4198.077,4208.205,4215.128,4215.641,4217.051,4191.538,4209.744,4217.949,разжать руку
81,4201.538,4212.692,4211.667,4207.436,4208.205,4208.846,4206.282,4216.41,4217.692,4223.974,4218.333,4192.308,4216.667,4218.333,разжать руку
81,4198.974,4208.077,4206.795,4206.026,4201.41,4208.846,4207.692,4224.744,4219.359,4217.821,4218.462,4194.744,4217.821,4214.231,разжать руку
81,4203.59,4209.487,4210.128,4207.821,4199.359,4211.667,4211.026,4224.103,4218.462,4214.615,4219.872,4193.846,4218.718,4215.256,разжать руку
81,4201.667,4214.487,4210.128,4208.333,4207.308,4213.205,4213.718,4218.077,4217.564,4223.077,4217.051,4186.923,4214.872,4214.359,разжать руку
81,4196.41,4209.231,4201.41,4207.308,4210.385,4214.359,4214.872,4216.41,4217.564,4225.128,4214.487,4185.897,4206.923,4210.513,разжать руку
81,4196.154,4203.077,4199.487,4206.41,4206.795,4209.615,4211.282,4213.974,4216.667,4219.359,4216.923,4190.641,4207.051,4212.051,разжать руку
81,4195.0,4205.385,4204.103,4206.41,4203.846,4204.744,4207.949,4210.641,4214.615,4217.179,4218.462,4192.436,4210.513,4216.538,разжать руку
81,4186.154,4200.641,4198.846,4204.487,4199.615,4207.564,4208.718,4213.974,4217.308,4216.41,4215.513,4186.282,4206.154,4210.769,разжать руку
81,4182.564,4193.846,4193.462,4202.308,4197.821,4209.359,4208.462,4217.821,4216.538,4213.846,4212.051,4183.718,4204.103,4206.026,разжать руку
81,4192.308,4203.077,4202.821,4204.487,4206.026,4208.59,4208.462,4207.821,4208.718,4213.59,4218.205,4187.564,4208.205,4212.949,разжать руку
81,4200.0,4215.256,4211.795,4210.0,4212.436,4207.821,4208.077,4200.0,4206.667,4212.821,4224.872,4187.949,4212.821,4217.051,разжать руку
81,4201.41,4212.949,4210.256,4211.41,4209.615,4205.897,4204.872,4217.949,4217.308,4214.487,4224.231,4190.256,4215.0,4215.641,разжать руку
81,4203.59,4210.128,4209.872,4210.769,4209.231,4207.308,4202.436,4226.667,4224.359,4222.308,4225.769,4191.795,4215.385,4213.462,разжать руку
81,4201.538,4211.538,4209.487,4211.667,4209.744,4213.718,4208.59,4205.0,4213.205,4222.436,4227.308,4189.359,4212.821,4210.128,разжать руку
81,4199.872,4209.872,4207.564,4211.154,4205.641,4213.974,4213.333,4201.41,4207.821,4220.128,4226.41,4188.077,4211.41,4208.718,разжать руку
81,4209.359,4212.308,4215.256,4213.333,4205.385,4208.333,4204.359,4218.846,4218.974,4223.205,4230.128,4190.0,4211.538,4215.385,разжать руку
81,4216.795,4218.333,4223.59,4218.846,4208.205,4210.385,4198.846,4216.41,4224.359,4226.026,4233.333,4193.974,4212.051,4222.564,разжать руку
81,4207.051,4216.795,4217.564,4217.821,4207.051,4216.154,4205.128,4200.769,4213.974,4221.667,4224.231,4190.641,4210.256,4215.0,разжать руку
81,4198.077,4210.0,4207.179,4212.308,4199.231,4212.308,4208.974,4208.974,4211.026,4215.385,4215.897,4186.667,4206.795,4208.718,разжать руку
81,4201.538,4210.0,4208.205,4215.769,4196.795,4206.154,4207.179,4227.692,4223.333,4221.154,4223.333,4190.385,4210.513,4213.718,разжать руку
81,4203.077,4212.821,4209.615,4215.641,4205.513,4210.641,4207.692,4219.872,4220.128,4226.667,4230.0,4187.692,4213.462,4212.692,разжать руку
81,4196.538,4207.821,4200.256,4206.41,4208.718,4216.41,4211.154,4202.308,4209.103,4224.872,4228.718,4183.077,4214.231,4208.974,разжать руку
81,4194.103,4208.462,4196.667,4209.231,4209.615,4214.487,4213.59,4216.41,4220.897,4232.821,4231.282,4191.026,4220.897,4212.564,разжать руку
81,4193.993,4208.004,4196.832,4209.066,4209.066,4215.275,4212.802,4215.421,4219.689,4228.901,4228.535,4189.176,4218.59,4212.125,разжать руку
81,4193.883,4207.546,4196.996,4208.901,4208.516,4216.062,4212.015,4214.432,4218.48,4224.982,4225.788,4187.326,4216.282,4211.685,разжать руку
81,4193.773,4207.088,4197.161,4208.736,4207.967,4216.85,4211.227,4213.443,4217.271,4221.062,4223.04,4185.476,4213.974,4211.245,разжать руку
81,4193.663,4206.63,4197.326,4208.571,4207.418,4217.637,4210.44,4212.454,4216.062,4217.143,4220.293,4183.626,4211.667,4210.806,разжать руку
81,4193.553,4206.172,4197.491,4208.407,4206.868,4218.425,4209.652,4211.465,4214.853,4213.223,4217.546,4181.777,4209.359,4210.366,разжать руку
81,4193.443,4205.714,4197.656,4208.242,4206.319,4219.212,4208.864,4210.476,4213.645,4209.304,4214.799,4179.927,4207.051,4209.927,разжать руку
81,4193.333,4205.256,4197.821,4208.077,4205.769,4220.0,4208.077,4209.487,4212.436,4205.385,4212.051,4178.077,4204.744,4209.487,разжать руку
81,4192.436,4210.897,4196.923,4212.436,4207.692,4217.821,4203.718,4210.385,4216.282,4208.205,4214.487,4177.692,4198.718,4211.795,разжать руку
81,4193.077,4208.462,4193.718,4212.051,4207.308,4207.949,4203.205,4215.256,4216.538,4223.462,4216.154,4179.615,4201.154,4211.923,разжать руку
81,4192.308,4204.103,4194.744,4211.154,4208.974,4210.0,4209.872,4220.128,4217.564,4226.026,4214.359,4186.154,4209.103,4210.897,разжать руку
81,4197.179,4212.436,4203.462,4219.103,4208.333,4215.641,4209.103,4217.564,4220.385,4226.538,4215.897,4185.0,4215.769,4213.846,разжать руку
81,4200.128,4219.487,4207.436,4223.462,4209.615,4210.897,4208.205,4217.436,4220.641,4230.769,4218.974,4181.154,4214.615,4215.128,разжать руку
81,4198.333,4212.564,4201.538,4214.487,4210.897,4205.641,4211.154,4225.769,4221.795,4229.615,4218.718,4182.821,4213.59,4209.615,разжать руку
81,4198.846,4207.051,4196.795,4208.846,4208.205,4209.231,4207.308,4215.128,4213.718,4219.487,4214.744,4183.205,4211.282,4208.718,разжать руку
81,4199.744,4210.0,4198.59,4212.308,4210.128,4216.795,4204.615,4197.436,4206.026,4212.692,4212.308,4181.667,4204.231,4209.103,разжать руку
81,4192.051,4205.897,4195.128,4210.769,4212.692,4215.513,4210.641,4213.846,4218.333,4218.077,4215.769,4183.333,4203.974,4204.487,разжать руку
81,4186.154,4196.154,4186.154,4205.513,4205.385,4211.667,4212.821,4226.923,4220.128,4220.128,4211.41,4185.513,4207.436,4204.103,разжать руку
81,4191.026,4195.897,4185.256,4205.641,4202.308,4218.718,4207.436,4203.333,4203.205,4213.077,4201.795,4183.59,4202.308,4205.128,разжать руку
81,4195.128,4200.385,4190.128,4207.179,4209.359,4221.538,4209.872,4206.41,4208.846,4214.231,4205.769,4184.103,4196.923,4205.128,разжать руку
81,4196.41,4204.872,4194.744,4211.795,4212.436,4212.179,4215.641,4235.0,4229.487,4229.872,4216.795,4190.897,4205.769,4211.026,разжать руку
81,4201.667,4211.667,4197.821,4218.462,4210.128,4210.385,4210.641,4223.974,4224.744,4234.615,4218.718,4190.769,4214.103,4214.872,разжать руку
81,4200.641,4210.0,4197.436,4215.385,4209.487,4218.077,4206.41,4196.923,4206.41,4218.846,4212.692,4182.308,4208.846,4209.872,разжать руку
81,4191.667,4201.41,4191.795,4207.051,4215.385,4214.103,4209.615,4197.949,4202.051,4207.051,4207.821,4177.821,4201.41,4205.513,разжать руку
81,4192.692,4200.385,4187.821,4208.205,4217.821,4203.077,4207.179,4213.718,4211.154,4212.436,4210.0,4182.692,4198.077,4209.103,разжать руку
81,4200.256,4205.128,4191.923,4212.949,4208.718,4205.385,4204.487,4224.103,4221.282,4224.487,4216.41,4190.0,4200.769,4214.103,разжать руку
81,4199.615,4207.308,4195.641,4210.897,4202.436,4211.026,4207.564,4223.59,4221.538,4226.41,4216.154,4190.0,4206.667,4213.333,разжать руку
81,4196.41,4206.154,4195.256,4207.692,4203.59,4207.051,4208.974,4214.359,4213.205,4221.154,4215.0,4185.769,4207.436,4211.667,разжать руку
81,4196.538,4204.359,4192.436,4208.333,4203.59,4207.564,4213.974,4210.641,4209.487,4222.051,4217.051,4184.359,4207.308,4209.103,разжать руку
81,4198.59,4206.538,4193.718,4209.872,4207.051,4216.667,4212.949,4216.923,4216.923,4230.769,4217.436,4187.436,4213.59,4208.462,разжать руку
81,4198.333,4207.949,4201.154,4212.564,4213.205,4219.744,4208.077,4216.154,4219.231,4233.59,4219.103,4190.256,4216.41,4211.923,разжать руку
81,4194.872,4206.026,4198.846,4212.436,4211.282,4214.872,4211.538,4206.41,4210.641,4230.513,4219.103,4186.41,4212.179,4211.282,разжать руку
81,4195.256,4203.333,4190.897,4210.641,4206.923,4213.846,4213.718,4212.949,4211.795,4229.744,4218.462,4184.744,4210.897,4211.282,разжать руку
81,4195.256,4200.385,4191.154,4211.026,4210.385,4215.256,4205.256,4226.154,4222.308,4216.026,4216.538,4186.282,4207.436,4214.103,разжать руку
81,4185.641,4196.154,4189.615,4207.179,4210.385,4213.077,4201.923,4217.436,4217.179,4200.385,4206.154,4184.359,4199.103,4207.436,разжать руку
81,4180.641,4192.436,4181.538,4199.615,4200.128,4214.744,4213.205,4202.564,4203.462,4206.795,4197.949,4181.41,4193.974,4200.385,разжать руку
81,4189.487,4194.615,4182.692,4198.462,4198.462,4216.795,4211.538,4205.641,4205.897,4220.513,4208.077,4181.41,4196.795,4206.282,разжать руку
81,4200.0,4202.564,4193.077,4206.154,4206.795,4205.897,4194.231,4218.462,4216.795,4223.846,4219.231,4186.41,4206.282,4213.846,разжать руку
82,4200.769,4197.308,4193.462,4198.462,4194.231,4203.333,4210.385,4209.744,4214.231,4215.0,4212.949,4186.026,4196.154,4204.359,сжать руку
82,4190.769,4194.103,4184.103,4192.821,4191.795,4209.615,4202.308,4200.641,4203.846,4208.333,4209.744,4183.205,4196.538,4202.821,сжать руку
82,4187.308,4197.949,4180.0,4196.154,4198.974,4207.692,4191.795,4208.462,4205.385,4215.256,4211.538,4183.205,4205.641,4204.103,сжать руку
82,4184.231,4194.487,4182.821,4194.231,4199.872,4207.051,4204.359,4215.256,4215.769,4221.667,4212.436,4181.795,4199.615,4204.744,сжать руку
82,4181.538,4197.949,4188.077,4194.231,4196.154,4211.282,4214.231,4215.256,4219.359,4222.564,4210.897,4186.538,4196.154,4207.949,сжать руку
82,4190.641,4210.513,4194.103,4204.487,4201.41,4212.179,4208.718,4212.179,4213.333,4226.154,4212.564,4191.923,4205.513,4210.0,сжать руку
82,4199.872,4212.308,4196.538,4208.59,4209.487,4209.615,4205.0,4211.795,4210.641,4221.538,4217.821,4189.872,4206.41,4211.667,сжать руку
82,4195.641,4203.846,4194.103,4200.769,4205.897,4208.205,4211.795,4210.769,4211.282,4212.179,4217.692,4184.744,4198.333,4211.026,сжать руку
82,4192.179,4200.128,4189.744,4198.846,4197.692,4207.179,4212.308,4202.821,4208.462,4210.641,4210.128,4183.462,4196.154,4209.487,сжать руку
82,4200.385,4204.103,4190.897,4205.641,4199.103,4204.231,4196.538,4202.436,4208.333,4210.0,4208.59,4187.821,4201.026,4210.769,сжать руку
82,4202.692,4207.051,4195.128,4205.0,4204.744,4203.077,4191.795,4212.436,4212.436,4210.513,4214.872,4188.333,4206.795,4211.795,сжать руку
82,4195.256,4207.436,4194.359,4201.923,4203.077,4209.615,4212.821,4220.513,4218.59,4220.0,4220.385,4189.359,4208.974,4213.077,сжать руку
82,4201.154,4210.769,4195.769,4206.41,4199.487,4217.564,4228.205,4220.641,4220.385,4222.179,4218.59,4193.974,4202.949,4217.308,сжать руку
82,4213.846,4213.846,4200.0,4209.872,4203.077,4212.051,4216.667,4213.462,4214.744,4213.077,4214.487,4192.436,4198.846,4219.103,сжать руку
82,4210.256,4210.897,4198.974,4209.231,4211.41,4208.333,4216.026,4208.718,4213.462,4218.974,4213.077,4187.949,4203.205,4214.744,сжать руку
82,4204.103,4206.923,4195.897,4204.744,4210.769,4219.872,4237.179,4219.744,4221.538,4231.538,4214.359,4188.205,4203.205,4208.077,сжать руку
82,4208.59,4206.41,4194.103,4199.487,4205.769,4221.026,4232.821,4227.051,4224.359,4226.538,4215.256,4190.256,4197.949,4208.205,сжать руку
82,4210.769,4209.872,4195.128,4202.051,4210.513,4210.385,4209.487,4212.692,4216.154,4221.026,4215.641,4187.564,4203.718,4212.821,сжать руку
82,4211.795,4215.385,4200.0,4207.436,4215.128,4209.872,4209.744,4207.308,4211.154,4224.744,4224.744,4187.051,4215.128,4214.231,сжать руку
82,4218.974,4220.385,4202.949,4208.333,4212.692,4212.179,4217.051,4219.231,4217.308,4229.615,4234.487,4193.974,4212.821,4216.923,сжать руку
82,4222.179,4224.615,4203.59,4209.103,4214.231,4210.385,4216.923,4224.872,4222.821,4233.974,4233.333,4196.923,4210.256,4221.154,сжать руку
82,4217.051,4223.846,4204.359,4209.487,4217.564,4216.41,4227.821,4220.385,4219.487,4232.051,4229.231,4194.359,4213.333,4221.026,сжать руку
82,4211.026,4215.385,4204.231,4209.744,4215.385,4225.513,4233.718,4221.41,4218.718,4228.462,4231.154,4192.564,4208.974,4217.308,сжать руку
82,4208.077,4208.974,4201.282,4210.0,4211.667,4224.487,4223.974,4217.051,4220.897,4224.103,4232.436,4191.795,4203.59,4215.256,сжать руку
82,4206.282,4210.128,4201.667,4208.077,4211.282,4216.795,4222.308,4204.103,4216.154,4211.41,4230.0,4192.692,4205.385,4216.026,сжать руку
82,4209.487,4213.333,4207.949,4206.795,4212.179,4214.231,4226.923,4212.821,4218.205,4211.282,4232.308,4197.692,4206.923,4214.615,сжать руку
82,4213.718,4213.718,4210.897,4203.974,4212.692,4221.795,4224.103,4224.103,4226.667,4225.769,4234.487,4200.256,4207.436,4212.051,сжать руку
82,4209.744,4211.538,4208.205,4200.128,4210.897,4220.641,4221.795,4224.231,4232.308,4231.282,4234.744,4198.205,4215.0,4213.59,сжать руку
82,4203.718,4207.564,4207.949,4201.795,4205.256,4208.205,4224.487,4231.026,4237.821,4232.051,4239.231,4199.487,4217.949,4216.667,сжать руку
82,4203.333,4205.513,4209.487,4206.923,4204.231,4208.333,4225.128,4225.641,4233.462,4237.308,4241.667,4203.077,4217.179,4218.59,сжать руку
82,4205.641,4207.179,4209.359,4205.769,4209.359,4218.077,4226.154,4204.615,4217.308,4232.692,4237.436,4200.641,4219.103,4215.0,сжать руку
82,4205.641,4206.41,4207.692,4204.103,4207.949,4210.385,4222.821,4200.641,4210.128,4214.103,4229.487,4195.513,4211.282,4209.487,сжать руку
82,4206.282,4207.308,4209.615,4208.205,4205.0,4198.718,4215.769,4218.205,4220.385,4203.205,4225.641,4193.718,4202.821,4212.564,сжать руку
82,4207.949,4212.949,4215.513,4210.128,4208.205,4206.795,4213.205,4223.077,4227.564,4211.282,4228.077,4194.744,4207.179,4215.769,сжать руку
82,4214.359,4217.821,4221.923,4214.872,4209.872,4216.154,4214.359,4212.564,4220.128,4224.487,4231.923,4201.41,4215.385,4217.692,сжать руку
82,4219.872,4220.256,4224.744,4219.744,4208.462,4211.538,4214.231,4212.308,4218.462,4230.769,4232.308,4204.359,4215.897,4222.179,сжать руку
82,4215.256,4216.795,4222.564,4213.59,4208.59,4208.205,4210.128,4218.077,4227.051,4229.744,4233.59,4197.949,4215.641,4220.769,сжать руку
82,4216.795,4211.795,4220.128,4210.641,4210.769,4215.769,4207.308,4210.385,4222.692,4223.077,4237.436,4198.333,4213.462,4217.692,сжать руку
82,4220.128,4212.564,4217.436,4212.821,4211.795,4216.282,4210.769,4204.231,4212.949,4215.897,4234.231,4201.282,4204.231,4215.385,сжать руку
82,4207.564,4211.026,4208.205,4205.897,4206.538,4204.359,4212.179,4215.897,4221.795,4216.667,4229.487,4196.026,4198.846,4213.59,сжать руку
82,4198.333,4205.641,4202.821,4201.795,4206.923,4200.897,4205.385,4215.641,4223.846,4217.308,4230.256,4193.974,4201.795,4214.487,сжать руку
82,4206.026,4205.0,4205.897,4208.974,4211.538,4206.538,4201.026,4205.0,4212.949,4210.769,4228.718,4197.308,4205.0,4214.359,сжать руку
82,4208.59,4208.718,4204.872,4210.513,4200.769,4208.333,4204.487,4208.462,4213.077,4205.128,4221.026,4195.513,4204.103,4214.103,сжать руку
82,4205.769,4207.692,4202.436,4206.41,4193.59,4206.026,4207.436,4212.179,4216.795,4200.897,4217.051,4191.026,4202.179,4215.641,сжать руку
82,4208.974,4206.154,4201.923,4207.051,4207.692,4208.462,4210.385,4205.385,4212.179,4196.41,4217.308,4193.59,4200.385,4217.692,сжать руку
82,4208.077,4214.359,4199.359,4209.744,4216.538,4212.692,4209.359,4203.59,4214.103,4203.718,4218.462,4196.667,4201.667,4218.077,сжать руку
82,4208.462,4221.795,4199.872,4210.641,4209.872,4209.872,4201.154,4218.077,4227.564,4210.769,4224.615,4196.667,4206.026,4218.974,сжать руку
82,4211.026,4218.59,4202.436,4206.795,4208.846,4210.385,4205.897,4226.41,4229.231,4213.077,4229.103,4202.564,4207.821,4220.256,сжать руку
82,4210.385,4214.103,4200.256,4203.974,4211.923,4215.256,4225.513,4212.949,4218.846,4221.154,4229.103,4204.487,4210.513,4217.564,сжать руку
82,4211.667,4214.744,4199.231,4209.487,4210.0,4213.077,4230.641,4211.923,4221.41,4234.359,4230.897,4202.692,4219.359,4220.128,сжать руку
82,4212.821,4212.308,4199.103,4209.487,4210.256,4215.256,4225.0,4227.949,4227.564,4241.41,4234.615,4205.128,4222.949,4225.128,сжать руку
82,4209.744,4206.538,4195.0,4201.282,4212.051,4221.282,4227.051,4219.872,4217.179,4237.564,4231.282,4203.718,4215.897,4220.256,сжать руку
82,4208.974,4206.154,4197.436,4201.538,4207.564,4213.59,4227.308,4204.231,4211.41,4224.615,4225.385,4200.128,4211.923,4212.692,сжать руку
82,4212.564,4207.692,4202.949,4207.949,4202.821,4205.513,4216.026,4208.974,4216.026,4216.282,4222.949,4200.0,4215.513,4212.692,сжать руку
82,4212.051,4202.051,4200.641,4206.41,4200.769,4208.974,4210.256,4218.846,4216.667,4216.282,4220.385,4198.718,4211.667,4218.205,сжать руку
82,4215.0,4201.538,4202.308,4205.128,4196.923,4204.615,4211.41,4218.974,4219.231,4213.205,4224.615,4198.333,4208.846,4223.205,сжать руку
82,4222.692,4211.026,4209.615,4209.103,4197.949,4200.385,4205.513,4206.923,4217.308,4217.051,4231.154,4200.769,4213.205,4221.923,сжать руку
82,4223.077,4212.308,4212.436,4208.462,4205.128,4211.41,4205.385,4196.282,4209.744,4217.436,4229.872,4203.846,4211.026,4219.872,сжать руку
82,4219.103,4205.385,4209.744,4207.821,4208.205,4212.821,4215.385,4212.436,4215.897,4213.077,4228.846,4205.641,4208.974,4221.667,сжать руку
82,4221.667,4206.154,4207.692,4209.103,4204.103,4200.0,4215.0,4230.256,4223.205,4217.436,4229.615,4204.615,4212.308,4223.846,сжать руку
82,4230.641,4214.872,4211.282,4209.744,4201.538,4200.128,4209.615,4216.282,4212.308,4218.333,4224.487,4204.615,4210.0,4224.231,сжать руку
82,4233.333,4215.128,4215.897,4210.897,4202.949,4208.462,4213.077,4202.564,4206.282,4215.513,4221.923,4204.744,4206.41,4220.513,сжать руку
82,4230.0,4212.436,4213.462,4211.667,4202.308,4202.949,4212.692,4212.949,4216.154,4220.513,4230.256,4205.769,4208.077,4218.205,сжать руку
82,4226.026,4217.436,4210.385,4211.923,4205.641,4197.051,4205.897,4219.744,4222.436,4230.641,4233.205,4206.282,4212.564,4218.205,сжать руку
82,4218.59,4218.462,4208.59,4211.282,4210.0,4203.333,4201.667,4208.718,4216.41,4224.231,4225.128,4201.282,4212.949,4215.769,сжать руку
82,4209.103,4210.128,4197.692,4206.795,4203.59,4205.0,4199.359,4204.872,4210.0,4209.359,4216.667,4195.385,4204.231,4211.667,сжать руку
82,4206.154,4208.59,4190.641,4204.615,4196.41,4200.256,4199.615,4208.462,4211.923,4206.41,4214.744,4193.718,4195.897,4210.385,сжать руку
82,4213.333,4214.359,4197.949,4209.744,4199.744,4201.282,4193.974,4205.385,4210.769,4213.077,4217.564,4198.462,4206.923,4216.538,сжать руку
82,4217.179,4212.692,4202.179,4211.282,4204.872,4206.538,4192.051,4204.615,4208.718,4215.641,4223.718,4201.026,4218.077,4218.462,сжать руку
82,4217.051,4212.308,4200.897,4206.667,4201.667,4206.41,4204.872,4208.077,4210.641,4208.718,4225.256,4197.436,4213.333,4213.846,сжать руку
82,4224.231,4218.077,4205.385,4208.205,4196.795,4201.026,4213.077,4216.026,4215.0,4209.359,4221.026,4200.641,4214.615,4219.231,сжать руку
82,4233.077,4223.205,4213.333,4213.462,4198.718,4198.205,4205.641,4223.333,4219.872,4218.333,4222.564,4205.769,4219.487,4227.564,сжать руку
82,4239.231,4232.179,4217.179,4216.154,4200.385,4201.667,4201.41,4213.974,4216.154,4220.641,4227.949,4206.667,4217.692,4227.308,сжать руку
82,4247.564,4244.872,4216.667,4219.744,4200.897,4205.256,4203.462,4198.462,4204.231,4214.744,4227.308,4209.615,4219.103,4227.308,сжать руку
82,4250.0,4251.026,4215.0,4223.462,4203.077,4196.41,4196.538,4198.462,4202.692,4212.949,4227.821,4210.0,4222.051,4228.077,сжать руку
82,4242.949,4241.667,4215.385,4222.564,4207.564,4191.538,4192.564,4208.718,4212.179,4220.769,4231.41,4204.231,4219.487,4228.205,сжать руку
82,4238.077,4230.769,4217.051,4217.051,4208.974,4205.0,4205.256,4214.872,4215.128,4224.615,4225.0,4199.359,4218.077,4226.795,сжать руку
82,4230.641,4224.744,4210.641,4210.513,4198.846,4210.128,4212.821,4213.846,4209.744,4212.051,4215.0,4196.795,4212.051,4218.205,сжать руку
82,4218.846,4220.128,4204.487,4208.462,4192.949,4204.103,4205.641,4207.692,4205.769,4202.308,4214.103,4195.513,4201.795,4212.051,сжать руку
82,4217.179,4216.41,4207.308,4209.103,4199.615,4207.564,4197.436,4206.41,4207.692,4207.179,4213.846,4199.103,4204.103,4215.128,сжать руку
82,4222.949,4214.231,4211.538,4213.077,4205.256,4209.103,4196.923,4215.0,4215.641,4213.077,4214.615,4204.231,4211.538,4218.205,сжать руку
82,4222.949,4215.769,4211.795,4215.897,4205.897,4199.615,4203.205,4216.538,4216.667,4212.692,4218.462,4202.564,4206.795,4214.615,сжать руку
82,4214.103,4211.41,4205.641,4211.026,4203.462,4198.59,4206.154,4210.641,4211.282,4208.205,4213.59,4201.538,4199.615,4211.026,сжать руку
82,4204.872,4205.128,4198.846,4206.667,4201.026,4207.179,4207.436,4217.949,4214.615,4207.308,4205.513,4205.128,4200.769,4212.308,сжать руку
82,4207.308,4206.795,4198.974,4208.974,4205.513,4208.462,4210.897,4224.231,4218.333,4215.641,4206.795,4203.846,4202.436,4212.949,сжать руку
82,4211.41,4210.385,4201.026,4210.769,4207.179,4206.154,4206.282,4212.436,4213.462,4209.231,4206.667,4200.128,4201.41,4211.923,сжать руку
82,4209.744,4209.744,4202.179,4210.897,4198.333,4208.077,4197.949,4210.385,4216.026,4193.974,4203.333,4201.667,4200.513,4212.949,сжать руку
82,4209.359,4206.923,4204.615,4211.282,4195.897,4208.333,4198.974,4218.205,4218.59,4205.769,4206.026,4200.513,4202.692,4215.513,сжать руку
82,4208.333,4202.051,4201.41,4208.205,4198.718,4202.051,4202.308,4207.179,4205.385,4217.051,4206.795,4196.026,4204.487,4214.359,сжать руку
82,4207.564,4197.692,4196.923,4204.744,4197.308,4198.59,4195.897,4207.051,4206.282,4206.154,4205.0,4196.026,4201.538,4212.821,сжать руку
82,4212.179,4202.821,4202.436,4206.795,4198.333,4204.744,4191.923,4223.59,4222.436,4206.923,4205.897,4199.487,4198.718,4218.846,сжать руку
82,4212.692,4207.821,4209.103,4209.872,4199.487,4209.487,4198.205,4216.538,4217.436,4217.179,4205.128,4198.205,4199.615,4219.231,сжать руку
82,4208.718,4203.974,4205.897,4208.462,4197.692,4207.821,4200.513,4200.385,4203.205,4212.179,4202.051,4193.333,4198.718,4211.795,сжать руку
82,4212.436,4204.231,4204.615,4207.436,4199.359,4207.051,4196.026,4203.333,4205.385,4207.308,4203.462,4197.692,4197.949,4216.026,сжать руку
82,4220.769,4212.949,4213.846,4211.282,4205.513,4203.846,4199.744,4216.538,4219.231,4217.436,4209.487,4202.821,4209.103,4224.231,сжать руку
82,4226.026,4216.538,4218.846,4212.949,4208.077,4196.795,4206.41,4227.051,4226.538,4223.846,4217.179,4201.795,4216.026,4223.077,сжать руку
82,4225.0,4211.282,4213.974,4208.333,4205.385,4202.308,4200.769,4223.077,4221.282,4219.103,4219.103,4201.41,4209.231,4219.872,сжать руку
82,4218.846,4208.718,4211.667,4208.59,4201.795,4209.744,4196.41,4211.795,4216.026,4217.179,4216.41,4204.615,4210.897,4220.385,сжать руку
82,4219.231,4212.692,4213.846,4214.359,4200.385,4202.564,4206.538,4225.513,4224.359,4223.333,4215.128,4209.487,4215.128,4220.385,сжать руку
82,4221.795,4213.077,4210.385,4213.205,4202.821,4200.641,4216.667,4226.026,4223.462,4219.872,4206.41,4205.769,4204.359,4214.103,сжать руку
83,4206.795,4204.615,4198.462,4208.205,4201.795,4209.872,4196.923,4198.718,4212.051,4196.538,4200.769,4199.872,4194.231,4211.41,разжать руку
83,4206.41,4206.923,4200.385,4212.308,4203.462,4211.41,4205.256,4220.0,4218.205,4201.667,4202.821,4206.026,4194.872,4211.667,разжать руку
83,4212.179,4207.821,4205.897,4212.308,4202.692,4215.385,4209.103,4208.077,4211.282,4206.41,4200.769,4209.487,4197.436,4215.0,разжать руку
83,4217.564,4209.615,4210.769,4210.256,4200.641,4206.41,4193.333,4204.359,4212.051,4207.692,4206.667,4207.949,4205.769,4221.538,разжать руку
83,4222.436,4214.359,4213.333,4210.641,4197.179,4197.692,4185.513,4216.154,4215.256,4211.026,4215.256,4208.333,4212.308,4222.949,разжать руку
83,4229.615,4217.821,4217.821,4212.692,4198.462,4205.385,4197.436,4209.103,4209.744,4219.231,4217.821,4214.744,4216.282,4224.615,разжать руку
83,4230.641,4216.154,4218.462,4212.308,4204.744,4210.128,4200.897,4208.205,4211.026,4212.692,4215.0,4213.077,4216.026,4222.949,разжать руку
83,4225.513,4215.0,4213.462,4210.897,4209.744,4206.41,4196.795,4222.564,4218.077,4201.538,4213.333,4206.923,4210.897,4218.718,разжать руку
83,4229.615,4222.051,4216.282,4213.974,4210.769,4207.692,4201.282,4219.744,4216.154,4219.359,4217.692,4208.846,4212.051,4222.308,разжать руку
83,4231.538,4225.256,4218.077,4212.821,4206.026,4206.41,4200.513,4206.667,4211.282,4231.923,4216.795,4208.974,4215.897,4223.59,разжать руку
83,4222.564,4218.462,4211.026,4210.0,4201.538,4203.205,4193.077,4208.462,4211.538,4209.487,4206.795,4205.256,4212.821,4219.103,разжать руку
83,4217.949,4213.333,4210.0,4211.026,4200.641,4210.256,4199.615,4218.077,4212.949,4198.462,4200.769,4205.128,4205.641,4213.333,разжать руку
83,4214.231,4208.077,4206.154,4203.974,4198.077,4211.667,4209.615,4210.385,4206.026,4208.974,4199.615,4204.359,4199.744,4209.872,разжать руку
83,4208.205,4204.615,4192.436,4198.59,4196.026,4203.462,4197.179,4197.692,4199.744,4206.667,4197.949,4200.0,4200.385,4212.436,разжать руку
83,4210.0,4209.744,4194.359,4207.821,4200.256,4202.308,4184.103,4202.692,4205.769,4203.462,4201.154,4200.513,4205.0,4217.051,разжать руку
83,4210.513,4208.077,4203.718,4210.897,4200.513,4203.974,4195.128,4211.538,4210.385,4207.051,4201.026,4201.154,4204.103,4213.59,разжать руку
83,4200.128,4200.0,4195.897,4201.282,4195.256,4201.538,4204.231,4208.974,4206.154,4203.077,4194.359,4195.769,4196.538,4206.41,разжать руку
83,4201.026,4203.205,4191.923,4202.051,4196.282,4202.821,4192.436,4204.103,4204.615,4200.385,4195.128,4197.949,4194.231,4211.026,разжать руку
83,4217.308,4212.051,4209.744,4213.205,4199.744,4207.564,4186.026,4202.564,4208.462,4208.077,4206.282,4209.615,4204.231,4219.359,разжать руку
83,4219.615,4210.897,4216.41,4213.077,4198.077,4204.872,4195.256,4206.667,4209.744,4215.256,4211.154,4210.769,4211.667,4215.385,разжать руку
83,4207.564,4206.282,4202.949,4206.538,4195.897,4200.641,4206.795,4220.385,4214.103,4215.769,4205.513,4204.744,4209.872,4209.744,разжать руку
83,4208.077,4212.179,4198.974,4209.231,4197.949,4202.179,4208.205,4221.538,4213.205,4208.974,4201.282,4203.462,4205.385,4209.872,разжать руку
83,4210.641,4211.282,4197.051,4209.231,4196.154,4199.615,4196.923,4209.872,4203.718,4201.667,4202.692,4201.538,4199.359,4209.487,разжать руку
83,4201.667,4199.359,4190.641,4203.333,4194.487,4195.128,4188.462,4205.128,4202.308,4205.256,4204.231,4200.256,4199.103,4207.308,разжать руку
83,4200.128,4198.205,4191.026,4203.846,4197.051,4198.718,4191.154,4202.051,4202.308,4209.231,4200.513,4202.051,4205.897,4207.692,разжать руку
83,4208.59,4206.026,4197.308,4208.462,4195.897,4205.641,4194.872,4202.051,4202.564,4207.692,4201.282,4208.333,4206.282,4214.231,разжать руку
83,4208.59,4201.923,4197.179,4206.026,4197.564,4212.692,4199.359,4206.538,4207.436,4208.974,4210.0,4212.051,4202.564,4216.795,разжать руку
83,4198.846,4192.692,4191.923,4200.385,4206.41,4210.897,4198.205,4205.513,4211.282,4205.128,4214.744,4209.872,4205.128,4211.41,разжать руку
83,4199.231,4198.718,4198.718,4204.231,4207.564,4199.359,4192.179,4207.949,4214.872,4199.103,4215.256,4211.282,4207.308,4212.308,разжать руку
83,4210.128,4207.949,4211.795,4211.026,4200.385,4198.462,4200.641,4216.667,4218.333,4205.385,4217.436,4214.231,4208.462,4216.538,разжать руку
83,4217.564,4210.385,4215.385,4211.538,4202.179,4206.667,4211.154,4215.385,4215.897,4211.154,4220.385,4214.103,4213.59,4213.462,разжать руку
83,4219.872,4210.256,4213.974,4207.692,4207.692,4203.462,4203.077,4209.359,4212.179,4206.538,4218.974,4210.769,4212.564,4212.821,разжать руку
83,4215.897,4202.692,4213.974,4202.692,4199.487,4188.974,4192.692,4212.308,4213.718,4200.769,4217.308,4208.205,4205.897,4212.564,разжать руку
83,4206.795,4192.692,4209.744,4197.564,4185.513,4186.026,4191.667,4212.821,4210.256,4195.897,4216.923,4208.333,4200.897,4208.59,разжать руку
83,4205.897,4196.026,4207.692,4198.462,4186.538,4196.795,4191.538,4204.487,4204.872,4193.077,4216.154,4208.59,4202.949,4210.256,разжать руку
83,4213.333,4206.026,4212.436,4206.154,4195.897,4202.436,4190.256,4199.744,4206.667,4186.282,4215.769,4208.333,4208.846,4212.564,разжать руку
83,4210.641,4204.872,4211.538,4208.333,4198.205,4197.821,4193.462,4213.718,4216.026,4186.282,4217.179,4208.846,4206.41,4210.897,разжать руку
83,4204.744,4200.513,4208.718,4204.487,4200.513,4197.821,4193.205,4219.103,4217.692,4203.846,4216.923,4208.974,4201.282,4211.795,разжать руку
83,4204.359,4202.564,4210.513,4201.41,4201.795,4210.128,4186.154,4195.641,4202.949,4211.795,4209.872,4208.59,4206.282,4215.897,разжать руку
83,4203.462,4202.308,4209.744,4201.538,4201.923,4213.077,4186.795,4189.231,4200.641,4201.667,4210.256,4206.795,4206.154,4213.205,разжать руку
83,4205.513,4199.231,4206.667,4204.872,4201.154,4199.744,4192.308,4210.0,4212.821,4197.692,4212.436,4206.41,4194.359,4210.128,разжать руку
83,4210.256,4204.487,4210.769,4208.718,4195.769,4191.795,4194.615,4217.308,4212.692,4202.949,4207.436,4210.385,4196.41,4211.923,разжать руку
83,4211.026,4207.436,4214.872,4205.0,4191.282,4193.462,4198.333,4213.846,4208.205,4205.641,4210.641,4211.667,4209.615,4211.282,разжать руку
83,4206.923,4198.077,4209.231,4200.256,4193.333,4193.974,4201.282,4216.282,4213.205,4208.077,4214.231,4208.333,4207.436,4212.051,разжать руку
83,4207.821,4196.667,4205.0,4199.615,4195.897,4197.436,4205.385,4212.821,4213.333,4207.821,4205.513,4205.256,4201.795,4213.462,разжать руку
83,4212.564,4203.077,4207.821,4195.128,4197.436,4203.846,4204.231,4209.615,4212.564,4205.513,4203.718,4204.231,4208.333,4213.462,разжать руку
83,4211.282,4200.641,4205.513,4195.128,4205.641,4204.615,4195.769,4207.821,4214.487,4208.462,4214.744,4203.59,4212.949,4214.487,разжать руку
83,4205.641,4195.641,4199.359,4199.359,4210.256,4200.0,4190.641,4203.077,4212.179,4210.0,4215.897,4203.333,4209.359,4213.077,разжать руку
83,4207.949,4201.538,4204.615,4200.513,4207.051,4195.641,4190.513,4209.872,4215.897,4213.077,4212.692,4210.385,4209.103,4214.103,разжать руку
83,4217.179,4208.205,4215.769,4202.949,4206.41,4201.154,4192.436,4215.128,4219.103,4218.974,4216.667,4213.077,4211.41,4214.487,разжать руку
83,4216.282,4207.308,4215.385,4206.026,4202.692,4209.231,4199.231,4209.872,4215.897,4216.282,4214.103,4205.256,4209.872,4211.41,разжать руку
83,4209.487,4202.821,4208.205,4206.154,4199.615,4203.333,4206.538,4210.769,4215.0,4211.282,4205.641,4204.231,4206.41,4209.615,разжать руку
83,4207.949,4200.641,4206.795,4203.077,4198.333,4195.897,4200.641,4210.513,4213.462,4202.436,4200.385,4204.487,4199.872,4210.256,разжать руку
83,4212.949,4204.359,4206.923,4201.795,4194.615,4202.436,4191.538,4205.128,4210.513,4191.667,4201.538,4202.179,4198.846,4211.795,разжать руку
83,4216.026,4207.436,4205.0,4199.103,4191.154,4205.769,4193.077,4210.385,4211.154,4199.103,4203.462,4203.846,4204.231,4211.282,разжать руку
83,4211.026,4200.0,4201.667,4195.641,4185.769,4196.538,4197.564,4213.59,4209.872,4205.897,4198.974,4201.667,4200.897,4208.333,разжать руку
83,4212.949,4198.59,4200.513,4199.103,4183.077,4190.769,4196.026,4200.769,4202.051,4187.692,4195.641,4197.564,4196.41,4213.077,разжать руку
83,4227.692,4215.513,4208.462,4205.641,4190.128,4186.41,4180.513,4192.692,4196.282,4183.077,4204.231,4204.872,4211.026,4223.974,разжать руку
83,4238.205,4226.538,4220.128,4208.205,4194.231,4178.718,4167.179,4196.282,4198.333,4201.41,4217.692,4217.564,4228.718,4229.615,разжать руку
83,4238.333,4222.821,4223.59,4208.077,4188.974,4177.436,4174.487,4196.41,4203.462,4202.308,4220.256,4218.077,4227.179,4227.436,разжать руку
83,4240.385,4226.282,4220.256,4212.051,4187.436,4181.282,4178.846,4188.974,4200.128,4195.0,4215.0,4213.718,4221.538,4223.462,разжать руку
83,4243.333,4234.359,4218.205,4213.718,4188.846,4181.795,4170.385,4197.179,4200.128,4206.282,4216.667,4213.205,4225.513,4223.974,разжать руку
83,4237.949,4225.897,4215.513,4207.821,4185.513,4182.179,4171.41,4214.103,4212.436,4210.769,4218.974,4207.821,4225.256,4221.923,разжать руку
83,4230.256,4214.487,4208.974,4203.846,4186.41,4184.487,4180.513,4211.154,4214.103,4196.026,4210.769,4203.974,4213.462,4215.641,разжать руку
83,4227.436,4219.872,4208.205,4205.385,4188.462,4188.205,4182.436,4197.308,4203.59,4189.103,4201.026,4207.564,4208.59,4214.872,разжать руку
83,4225.513,4221.795,4208.974,4205.0,4185.897,4192.949,4180.897,4192.821,4195.769,4191.154,4199.744,4207.436,4212.051,4215.128,разжать руку
83,4222.821,4211.923,4202.051,4199.744,4189.487,4191.154,4182.308,4197.949,4198.974,4182.179,4200.641,4200.513,4207.692,4212.949,разжать руку
83,4217.949,4205.897,4196.282,4197.692,4195.513,4185.256,4182.949,4193.718,4199.231,4178.974,4198.205,4195.128,4202.692,4208.077,разжать руку
83,4213.205,4204.359,4198.718,4195.897,4194.872,4187.692,4184.487,4190.641,4195.769,4192.051,4196.667,4199.744,4205.385,4208.718,разжать руку
83,4215.256,4205.385,4204.359,4197.821,4195.385,4195.513,4194.103,4209.103,4205.641,4206.923,4202.308,4208.462,4211.026,4214.231,разжать руку
83,4217.308,4210.385,4207.949,4205.769,4195.897,4194.103,4198.462,4221.41,4220.385,4217.821,4211.538,4206.154,4212.179,4212.821,разжать руку
83,4214.231,4214.615,4205.128,4209.744,4195.769,4191.538,4183.077,4208.718,4220.897,4223.59,4213.462,4199.487,4214.359,4211.795,разжать руку
83,4207.821,4211.026,4200.769,4206.667,4201.923,4199.359,4177.179,4201.923,4208.077,4214.615,4208.333,4196.282,4217.564,4212.436,разжать руку
83,4199.487,4200.513,4200.385,4201.154,4200.513,4199.744,4193.974,4209.359,4202.436,4203.333,4201.923,4193.077,4211.41,4209.487,разжать руку
83,4198.462,4194.103,4199.487,4197.308,4190.128,4187.564,4189.231,4199.359,4202.564,4196.41,4199.615,4192.949,4205.641,4208.333,разжать руку
83,4200.128,4195.641,4195.897,4196.538,4187.821,4184.359,4175.897,4189.359,4201.026,4176.667,4197.051,4191.923,4199.359,4205.769,разжать руку
83,4195.641,4193.333,4191.026,4195.513,4186.154,4190.513,4189.487,4198.205,4198.846,4164.103,4188.462,4188.205,4187.436,4201.538,разжать руку
83,4193.077,4191.538,4192.308,4197.436,4183.462,4189.103,4190.641,4196.667,4194.744,4182.179,4185.0,4193.59,4185.897,4201.795,разжать руку
83,4198.205,4201.923,4200.641,4206.41,4188.59,4186.026,4172.692,4183.077,4188.718,4194.103,4190.641,4201.923,4198.333,4204.487,разжать руку
83,4204.231,4209.231,4205.385,4210.128,4195.256,4191.923,4174.615,4183.462,4183.333,4183.718,4193.462,4203.077,4201.026,4205.513,разжать руку
83,4205.0,4202.051,4204.615,4201.667,4197.436,4192.821,4185.641,4199.872,4191.026,4182.821,4185.769,4201.41,4194.231,4205.897,разжать руку
83,4200.897,4195.385,4199.872,4197.308,4198.462,4187.692,4189.231,4213.462,4203.974,4190.897,4182.564,4199.872,4193.974,4208.333,разжать руку
83,4200.897,4197.821,4199.487,4203.974,4196.026,4192.308,4192.692,4215.769,4205.128,4194.487,4193.077,4198.077,4197.564,4210.256,разжать руку
83,4199.487,4196.026,4200.0,4203.462,4183.974,4195.128,4195.128,4209.872,4200.128,4195.128,4197.821,4195.897,4196.923,4208.205,разжать руку
83,4190.513,4182.821,4191.154,4193.718,4174.359,4190.513,4202.436,4208.462,4200.897,4187.051,4188.718,4193.077,4192.564,4203.974,разжать руку
83,4181.923,4176.538,4182.051,4189.103,4179.615,4192.436,4210.256,4207.564,4205.385,4184.359,4182.436,4186.795,4187.179,4198.846,разжать руку
83,4180.0,4182.692,4185.128,4191.538,4186.795,4194.487,4197.821,4195.641,4200.513,4187.949,4185.128,4186.41,4185.0,4196.923,разжать руку
83,4186.026,4190.897,4196.41,4198.205,4189.615,4192.564,4190.0,4189.231,4189.744,4181.282,4182.821,4193.333,4185.513,4201.538,разжать руку
83,4198.333,4198.462,4204.487,4203.59,4194.103,4192.564,4200.641,4201.795,4191.41,4177.821,4183.333,4200.641,4193.205,4211.026,разжать руку
83,4206.026,4203.718,4211.795,4207.051,4195.128,4195.897,4205.513,4209.744,4199.615,4187.564,4195.641,4207.051,4205.128,4219.615,разжать руку
83,4204.744,4203.718,4214.744,4206.538,4196.538,4201.282,4202.308,4202.051,4196.795,4199.615,4200.769,4205.385,4203.974,4218.718,разжать руку
83,4206.026,4202.949,4210.769,4203.205,4203.462,4201.923,4197.949,4201.026,4194.615,4198.974,4194.872,4198.333,4198.462,4212.692,разжать руку
83,4207.949,4204.103,4209.487,4205.128,4205.0,4196.923,4199.103,4209.744,4203.205,4187.308,4189.103,4195.641,4202.179,4211.154,разжать руку
83,4204.615,4202.692,4207.821,4207.051,4202.179,4197.821,4203.462,4205.256,4205.641,4184.231,4184.359,4194.615,4200.641,4207.564,разжать руку
83,4199.103,4200.385,4202.179,4201.923,4199.872,4201.282,4198.59,4197.051,4199.231,4195.513,4181.795,4195.128,4191.923,4202.436,разжать руку
83,4193.974,4198.59,4196.41,4196.538,4195.0,4194.872,4188.846,4207.436,4203.59,4201.795,4183.333,4196.026,4193.077,4204.872,разжать руку
83,4194.103,4191.795,4193.205,4194.103,4189.744,4191.41,4192.051,4212.179,4204.615,4193.077,4183.077,4194.615,4195.769,4206.795,разжать руку
83,4198.59,4187.692,4192.564,4192.564,4190.385,4198.718,4201.026,4200.897,4193.974,4186.538,4182.436,4193.462,4189.615,4206.154,разжать руку
83,4201.795,4191.282,4196.154,4196.026,4192.692,4200.385,4196.154,4199.231,4193.718,4190.0,4187.564,4193.205,4190.0,4207.436,разжать руку
83,4199.744,4191.41,4199.744,4199.487,4191.282,4194.231,4189.231,4201.795,4197.179,4187.692,4185.897,4190.256,4195.385,4207.308,разжать руку
84,4206.795,4203.205,4206.282,4208.205,4202.692,4198.462,4195.385,4192.564,4194.615,4181.538,4179.744,4195.641,4194.615,4208.718,сжать руку
84,4210.513,4206.795,4212.179,4212.821,4200.897,4191.923,4195.769,4203.462,4203.59,4196.026,4187.179,4200.897,4202.692,4213.333,сжать руку
84,4204.103,4200.513,4207.436,4202.179,4198.205,4190.128,4205.0,4212.949,4206.923,4205.256,4188.59,4195.385,4206.667,4209.487,сжать руку
84,4192.051,4192.564,4195.385,4191.41,4200.128,4203.077,4214.231,4209.487,4201.538,4196.795,4183.077,4188.077,4193.462,4203.205,сжать руку
84,4183.846,4184.103,4188.846,4192.821,4195.385,4209.744,4207.308,4199.615,4194.744,4178.462,4174.103,4188.974,4179.744,4201.538,сжать руку
84,4181.923,4176.282,4188.205,4193.974,4184.872,4194.231,4190.897,4191.026,4190.128,4175.513,4170.641,4191.923,4178.974,4201.282,сжать руку
84,4187.821,4178.846,4190.513,4193.718,4183.974,4183.59,4185.385,4201.795,4198.205,4190.128,4180.256,4196.923,4187.821,4205.769,сжать руку
84,4189.872,4188.59,4196.026,4199.231,4190.513,4195.641,4190.769,4220.0,4208.077,4187.821,4191.41,4198.077,4197.692,4209.487,сжать руку
84,4183.333,4186.538,4191.154,4200.128,4195.0,4202.436,4193.718,4206.795,4198.718,4173.077,4184.103,4188.718,4198.333,4205.513,сжать руку
84,4181.923,4180.641,4178.718,4194.744,4192.051,4193.59,4190.641,4178.59,4183.462,4178.205,4172.179,4181.538,4190.641,4201.282,сжать руку
84,4185.769,4183.077,4180.128,4191.923,4179.872,4188.718,4182.692,4181.282,4188.077,4182.949,4173.077,4185.641,4189.103,4203.462,сжать руку
84,4187.692,4187.051,4186.923,4193.846,4176.41,4188.333,4179.487,4198.718,4198.462,4177.821,4176.154,4192.821,4191.026,4205.897,сжать руку
84,4185.769,4185.897,4183.59,4195.641,4187.564,4186.41,4182.308,4195.897,4193.59,4187.179,4174.872,4191.538,4187.821,4201.41,сжать руку
84,4184.103,4187.949,4184.359,4194.103,4191.667,4186.923,4180.0,4192.051,4191.667,4196.282,4178.333,4191.538,4192.564,4200.897,сжать руку
84,4187.179,4194.615,4195.128,4196.41,4189.744,4190.385,4177.564,4199.487,4200.641,4187.564,4184.359,4201.538,4202.692,4209.359,сжать руку
84,4196.026,4194.231,4198.846,4202.051,4192.692,4190.897,4179.744,4201.795,4200.0,4186.795,4183.718,4203.974,4199.872,4211.795,сжать руку
84,4202.308,4195.128,4196.538,4204.872,4194.359,4189.744,4178.462,4204.231,4192.949,4195.0,4185.769,4198.205,4199.487,4211.923,сжать руку
84,4201.026,4200.513,4196.154,4201.795,4192.436,4189.872,4185.385,4204.744,4193.974,4192.821,4187.179,4196.41,4203.462,4212.051,сжать руку
84,4197.436,4195.513,4190.769,4194.487,4189.103,4190.385,4196.538,4193.974,4193.59,4184.487,4181.795,4197.308,4198.462,4208.974,сжать руку
84,4196.154,4189.744,4188.846,4192.051,4189.231,4189.615,4180.897,4189.359,4190.897,4190.641,4183.205,4201.154,4197.692,4211.538,сжать руку
84,4197.821,4193.59,4193.333,4196.026,4194.231,4187.436,4165.897,4193.077,4192.949,4207.821,4188.205,4203.974,4203.59,4214.359,сжать руку
84,4196.026,4194.487,4190.128,4197.179,4194.744,4186.538,4175.641,4187.949,4196.026,4197.051,4184.103,4201.154,4201.538,4209.872,сжать руку
84,4193.974,4192.821,4186.538,4195.641,4191.026,4189.359,4183.846,4191.026,4196.538,4176.795,4182.692,4197.949,4200.897,4209.103,сжать руку
84,4198.718,4199.231,4194.615,4203.846,4193.077,4195.385,4184.615,4208.59,4200.769,4197.051,4190.513,4202.436,4210.513,4214.744,сжать руку
84,4203.59,4205.769,4199.744,4210.513,4201.667,4197.821,4185.385,4205.513,4205.385,4219.615,4194.615,4204.103,4214.359,4217.051,сжать руку
84,4201.154,4206.41,4195.513,4201.538,4203.718,4193.59,4180.641,4189.231,4201.154,4206.282,4193.205,4197.179,4214.744,4214.231,сжать руку
84,4199.103,4204.744,4192.308,4196.282,4197.949,4190.0,4179.487,4192.179,4196.538,4194.359,4189.872,4198.333,4214.103,4212.179,сжать руку
84,4202.308,4197.436,4191.282,4198.59,4196.795,4191.41,4190.769,4206.795,4200.513,4201.538,4187.179,4201.923,4206.41,4209.231,сжать руку
84,4200.385,4191.795,4188.59,4194.231,4200.0,4193.077,4195.769,4207.949,4205.0,4203.205,4188.59,4196.41,4203.333,4203.974,сжать руку
84,4192.692,4192.949,4183.077,4190.513,4198.077,4193.846,4187.692,4194.487,4197.564,4197.179,4186.538,4191.923,4206.026,4203.974,сжать руку
84,4194.103,4193.205,4183.333,4194.231,4195.385,4193.846,4178.462,4187.949,4190.385,4192.051,4187.308,4193.974,4202.692,4206.538,сжать руку
84,4197.308,4189.744,4188.59,4195.0,4198.333,4191.538,4174.103,4200.0,4198.846,4190.897,4193.718,4197.179,4197.949,4208.59,сжать руку
84,4189.615,4191.538,4189.487,4195.385,4200.128,4189.359,4180.128,4205.128,4203.333,4194.231,4195.513,4198.974,4200.513,4208.205,сжать руку
84,4182.692,4198.333,4184.359,4197.436,4195.128,4188.846,4189.359,4202.436,4197.692,4192.308,4193.974,4200.385,4201.026,4204.231,сжать руку
84,4185.513,4198.462,4182.436,4194.615,4191.923,4192.179,4189.744,4210.897,4201.538,4192.564,4201.41,4201.667,4200.513,4207.564,сжать руку
84,4188.846,4197.564,4188.846,4196.282,4203.846,4195.897,4184.103,4200.128,4204.615,4201.154,4204.231,4200.128,4206.154,4211.795,сжать руку
84,4184.744,4199.615,4191.667,4199.103,4212.308,4195.256,4184.615,4174.872,4194.744,4195.641,4199.359,4200.385,4206.538,4209.615,сжать руку
84,4184.359,4201.026,4192.308,4199.487,4203.462,4200.641,4193.846,4186.026,4194.744,4186.282,4200.513,4206.026,4204.744,4210.897,сжать руку
84,4192.564,4202.564,4196.795,4202.949,4201.282,4204.103,4191.154,4214.615,4208.974,4203.077,4205.256,4209.744,4211.795,4214.872,сжать руку
84,4191.667,4201.41,4198.333,4201.667,4202.051,4197.564,4183.718,4215.128,4211.923,4210.0,4203.333,4208.974,4212.051,4211.667,сжать руку
84,4176.923,4191.538,4189.103,4192.564,4189.487,4196.154,4193.205,4198.846,4203.974,4185.256,4195.897,4202.051,4198.462,4203.846,сжать руку
84,4167.179,4179.615,4179.872,4188.462,4183.333,4197.308,4196.154,4185.385,4193.846,4175.641,4189.231,4192.436,4188.718,4202.436,сжать руку
84,4169.487,4180.769,4185.641,4192.564,4192.179,4193.846,4187.308,4187.051,4189.487,4193.333,4188.077,4194.615,4194.487,4204.487,сжать руку
84,4175.641,4187.179,4193.333,4196.154,4196.923,4194.872,4190.385,4211.41,4204.359,4205.256,4193.462,4203.333,4201.795,4205.385,сжать руку
84,4181.154,4190.0,4195.256,4197.821,4197.051,4198.077,4195.641,4220.385,4213.718,4206.667,4201.154,4204.231,4199.615,4208.846,сжать руку
84,4182.692,4191.154,4196.282,4198.846,4199.615,4197.564,4193.846,4197.692,4199.103,4203.333,4200.513,4197.308,4195.513,4209.231,сжать руку
84,4182.051,4189.231,4197.179,4199.615,4198.462,4197.051,4195.256,4189.359,4190.641,4192.564,4195.641,4194.615,4197.436,4206.667,сжать руку
84,4187.308,4191.795,4196.667,4203.974,4197.051,4196.795,4192.308,4207.308,4204.231,4192.949,4197.564,4203.59,4204.103,4210.385,сжать руку
84,4193.333,4196.923,4194.487,4204.744,4198.718,4195.0,4184.615,4207.821,4206.923,4195.769,4201.026,4205.769,4202.692,4211.282,сжать руку
84,4191.41,4197.051,4192.692,4202.692,4198.077,4192.564,4189.231,4197.308,4195.769,4187.179,4195.256,4197.308,4198.462,4206.667,сжать руку
84,4191.026,4197.179,4193.718,4204.872,4200.0,4192.179,4190.256,4205.769,4199.744,4190.641,4190.128,4196.282,4201.667,4208.462,сжать руку
84,4194.744,4199.103,4194.615,4205.897,4201.923,4197.821,4182.436,4200.513,4203.205,4188.974,4187.949,4198.077,4203.333,4211.026,сжать руку
84,4195.769,4195.0,4193.718,4203.59,4195.128,4203.205,4187.051,4185.128,4194.359,4179.359,4185.385,4196.538,4198.846,4210.128,сжать руку
84,4195.641,4192.692,4192.949,4204.359,4191.795,4198.205,4191.154,4197.821,4193.718,4194.744,4188.974,4196.538,4201.538,4210.0,сжать руку
84,4199.872,4201.41,4194.744,4207.564,4201.154,4193.718,4182.692,4210.897,4202.308,4218.205,4198.718,4201.41,4212.436,4213.462,сжать руку
84,4206.41,4210.0,4202.051,4211.667,4210.513,4203.59,4187.436,4201.282,4205.897,4215.256,4202.179,4208.462,4212.821,4215.256,сжать руку
84,4210.385,4209.359,4208.59,4212.692,4206.026,4210.641,4198.974,4199.359,4205.641,4207.564,4198.59,4207.564,4208.59,4211.667,сжать руку
84,4215.641,4208.205,4207.564,4212.692,4197.308,4203.974,4188.462,4211.538,4208.974,4214.103,4201.923,4204.615,4215.385,4214.231,сжать руку
84,4225.897,4219.231,4211.538,4218.846,4201.282,4196.923,4176.667,4206.538,4204.359,4216.154,4208.846,4207.179,4223.077,4223.077,сжать руку
84,4229.615,4224.359,4211.538,4218.974,4204.231,4194.231,4186.538,4193.205,4196.154,4203.077,4202.821,4202.692,4218.333,4220.513,сжать руку
84,4230.769,4222.436,4206.026,4215.897,4198.718,4190.641,4186.026,4196.795,4199.359,4192.436,4196.795,4196.026,4212.051,4215.513,сжать руку
84,4244.231,4234.231,4218.333,4223.846,4193.974,4190.513,4175.769,4207.821,4205.897,4198.974,4205.897,4201.795,4220.769,4225.385,сжать руку
84,4252.692,4238.974,4228.974,4224.231,4191.795,4191.026,4187.179,4209.872,4203.462,4204.872,4212.051,4205.256,4232.179,4232.564,сжать руку
84,4240.0,4226.282,4218.205,4213.718,4194.103,4191.41,4195.513,4200.641,4195.513,4200.769,4204.231,4197.949,4227.051,4223.59,сжать руку
84,4231.667,4223.462,4211.795,4217.564,4198.462,4197.308,4180.128,4186.923,4195.769,4190.0,4201.667,4198.718,4216.41,4220.513,сжать руку
84,4231.795,4228.718,4213.205,4224.359,4196.538,4202.564,4179.615,4189.744,4201.41,4182.821,4205.385,4206.538,4216.923,4222.949,сжать руку
84,4218.718,4217.436,4206.923,4212.564,4196.923,4199.744,4195.385,4207.179,4203.846,4196.282,4201.282,4204.231,4217.051,4214.103,сжать руку
84,4211.538,4207.692,4204.487,4208.333,4203.974,4195.897,4192.692,4207.179,4202.821,4218.462,4200.0,4203.59,4214.744,4212.564,сжать руку
84,4220.128,4213.846,4210.897,4215.128,4201.026,4200.256,4187.692,4193.333,4202.308,4226.282,4206.026,4207.821,4218.205,4219.744,сжать руку
84,4216.795,4211.026,4208.205,4210.641,4193.205,4197.179,4194.103,4203.333,4209.231,4222.692,4203.974,4206.282,4215.128,4212.179,сжать руку
84,4206.154,4203.205,4203.974,4206.026,4195.256,4190.256,4196.667,4224.744,4215.641,4221.026,4200.256,4205.0,4206.667,4208.205,сжать руку
84,4211.026,4207.051,4210.385,4211.154,4199.744,4199.103,4197.821,4217.821,4210.256,4220.256,4208.59,4206.41,4209.615,4218.205,сжать руку
84,4219.744,4211.923,4215.256,4210.897,4198.718,4203.333,4196.795,4200.256,4199.872,4217.821,4211.667,4206.538,4212.949,4218.974,сжать руку
84,4217.051,4207.564,4212.051,4207.179,4195.641,4194.744,4192.692,4204.744,4201.538,4211.795,4206.923,4204.872,4212.821,4212.051,сжать руку
84,4215.0,4203.974,4209.744,4208.077,4198.974,4195.385,4193.462,4210.385,4204.359,4212.308,4208.718,4203.974,4213.974,4215.513,сжать руку
84,4213.59,4202.692,4205.769,4202.564,4204.487,4205.897,4201.538,4200.0,4197.564,4206.667,4204.359,4204.744,4204.615,4217.564,сжать руку
84,4204.615,4193.846,4200.513,4191.923,4200.256,4201.667,4212.949,4203.462,4202.179,4185.128,4192.436,4201.026,4192.051,4208.205,сжать руку
84,4203.718,4191.026,4204.744,4194.872,4192.692,4193.718,4206.667,4216.667,4212.179,4192.179,4195.513,4200.897,4195.128,4206.795,сжать руку
84,4217.692,4204.231,4213.333,4206.282,4195.0,4193.846,4181.026,4203.59,4206.154,4223.846,4205.513,4207.051,4205.128,4215.0,сжать руку
84,4221.923,4210.897,4213.462,4207.692,4198.974,4191.282,4173.718,4189.231,4196.026,4226.795,4203.333,4206.923,4206.923,4214.231,сжать руку
84,4207.436,4201.154,4209.359,4202.436,4192.179,4191.41,4189.872,4198.333,4198.333,4209.615,4200.256,4204.359,4205.513,4209.744,сжать руку
84,4194.359,4193.077,4203.846,4199.615,4187.821,4195.641,4196.795,4209.231,4203.077,4209.359,4201.795,4201.923,4201.538,4208.59,сжать руку
84,4188.718,4191.538,4195.128,4195.385,4193.974,4196.282,4191.41,4206.154,4200.513,4211.795,4195.513,4196.667,4197.692,4205.513,сжать руку
84,4186.026,4190.769,4191.538,4192.179,4201.026,4193.718,4187.308,4204.231,4201.41,4205.641,4192.564,4191.923,4202.179,4202.051,сжать руку
84,4182.692,4189.615,4192.564,4192.308,4195.897,4194.487,4185.256,4208.718,4206.282,4203.077,4193.462,4190.513,4201.923,4200.641,сжать руку
84,4182.051,4190.641,4192.436,4193.846,4186.538,4194.487,4188.718,4203.462,4205.128,4199.359,4187.692,4191.923,4191.538,4204.487,сжать руку
84,4192.692,4195.385,4198.333,4200.769,4191.154,4195.128,4195.385,4195.256,4200.897,4199.744,4189.615,4193.077,4190.385,4208.333,сжать руку
84,4199.872,4198.077,4203.333,4203.846,4199.744,4202.692,4196.795,4191.795,4196.795,4202.949,4196.282,4195.128,4198.462,4208.718,сжать руку
84,4191.795,4193.205,4198.333,4197.051,4197.692,4202.692,4195.385,4197.051,4197.821,4204.744,4193.205,4198.205,4203.077,4210.256,сжать руку
84,4183.974,4190.769,4194.103,4195.128,4190.897,4195.0,4192.821,4210.513,4212.051,4204.744,4193.59,4195.385,4206.923,4210.769,сжать руку
84,4186.667,4192.564,4194.359,4200.513,4192.564,4198.462,4196.538,4215.897,4218.718,4202.436,4198.205,4192.051,4205.897,4208.205,сжать руку
84,4186.923,4192.308,4192.564,4199.615,4199.103,4204.744,4200.769,4202.949,4208.077,4210.641,4198.077,4196.41,4195.385,4206.923,сжать руку
84,4184.359,4193.718,4190.897,4194.359,4198.077,4194.103,4189.744,4195.0,4204.103,4225.256,4195.513,4199.487,4193.846,4207.692,сжать руку
84,4186.538,4197.692,4194.231,4196.41,4193.718,4187.692,4179.359,4203.077,4208.462,4223.718,4193.974,4196.026,4204.103,4208.59,сжать руку
84,4187.949,4198.333,4196.667,4200.256,4197.308,4197.179,4184.615,4202.179,4203.59,4210.769,4193.333,4191.923,4205.0,4206.667,сжать руку
84,4187.436,4197.308,4195.641,4199.103,4201.41,4195.385,4186.154,4195.256,4199.744,4206.538,4193.333,4192.308,4198.333,4205.769,сжать руку
84,4188.077,4195.897,4196.154,4196.538,4193.846,4188.205,4184.872,4194.872,4203.205,4207.179,4191.026,4195.769,4197.949,4207.308,сжать руку
84,4190.385,4192.051,4197.949,4194.103,4186.923,4191.667,4187.179,4192.692,4198.846,4202.821,4191.667,4196.667,4202.436,4208.333,сжать руку
84,4193.462,4188.205,4198.077,4195.897,4194.487,4194.231,4183.462,4197.821,4199.359,4207.179,4196.538,4195.256,4202.051,4210.128,сжать руку
84,4188.333,4183.077,4192.821,4193.974,4202.436,4197.051,4191.795,4215.641,4211.282,4203.205,4188.205,4189.744,4190.385,4206.026,сжать руку
85,4186.667,4184.487,4191.41,4187.308,4194.103,4211.41,4201.795,4208.205,4202.308,4184.615,4192.564,4190.0,4188.718,4208.462,разжать руку
85,4202.436,4198.59,4203.205,4196.41,4201.154,4206.026,4192.051,4210.256,4211.667,4224.615,4203.59,4197.308,4209.231,4217.564,разжать руку
85,4204.872,4202.051,4204.103,4198.462,4196.154,4201.795,4199.872,4216.154,4218.59,4235.769,4203.333,4197.821,4217.821,4219.359,разжать руку
85,4208.462,4205.0,4204.359,4197.821,4193.846,4196.667,4202.949,4206.795,4205.0,4219.872,4208.077,4195.128,4216.923,4217.051,разжать руку
85,4216.923,4212.051,4208.718,4201.282,4201.154,4188.59,4191.282,4191.282,4194.615,4215.256,4214.615,4194.231,4216.538,4215.385,разжать руку
85,4220.256,4213.974,4209.872,4206.795,4196.282,4191.282,4191.667,4195.897,4203.846,4216.795,4207.821,4193.462,4219.615,4219.615,разжать руку
85,4225.385,4216.282,4212.692,4208.077,4190.0,4198.077,4196.795,4201.795,4202.308,4214.103,4197.821,4191.923,4219.231,4220.256,разжать руку
85,4231.41,4221.282,4214.231,4207.051,4198.333,4192.051,4187.308,4189.231,4186.154,4201.923,4198.333,4193.205,4213.205,4214.872,разжать руку
85,4233.718,4227.436,4217.308,4210.256,4205.128,4186.795,4178.462,4186.923,4184.872,4192.692,4201.667,4195.128,4218.077,4218.718,разжать руку
85,4242.179,4235.641,4226.41,4214.615,4201.923,4193.59,4185.769,4204.872,4201.282,4207.051,4202.692,4198.974,4231.923,4227.436,разжать руку
85,4249.872,4241.282,4232.308,4214.744,4201.538,4197.308,4195.256,4217.692,4208.077,4223.462,4206.923,4204.231,4234.487,4227.179,разжать руку
85,4251.282,4244.615,4233.077,4218.205,4206.923,4193.59,4188.718,4209.103,4199.744,4216.026,4211.282,4203.462,4227.308,4222.821,разжать руку
85,4249.231,4243.333,4235.0,4223.077,4207.308,4194.359,4183.974,4203.205,4198.462,4209.359,4208.846,4201.154,4224.487,4222.564,разжать руку
85,4240.0,4232.692,4231.154,4217.051,4203.846,4198.205,4193.718,4209.615,4202.436,4212.821,4203.077,4199.744,4226.667,4218.462,разжать руку
85,4229.487,4221.154,4221.667,4207.436,4206.41,4197.949,4194.231,4203.974,4200.0,4200.128,4202.821,4201.538,4226.667,4212.949,разжать руку
85,4224.103,4218.846,4218.333,4207.308,4214.103,4196.795,4181.154,4190.513,4196.667,4195.513,4199.872,4203.59,4218.462,4213.462,разжать руку
85,4219.872,4215.641,4215.256,4208.077,4210.897,4200.385,4179.615,4197.308,4200.769,4205.897,4188.846,4198.462,4206.667,4209.231,разжать руку
85,4214.231,4208.077,4208.718,4204.359,4204.744,4201.795,4188.974,4210.256,4202.564,4205.513,4184.744,4199.103,4202.564,4205.897,разжать руку
85,4206.923,4204.487,4207.821,4203.077,4209.231,4198.59,4190.769,4209.359,4201.026,4211.282,4195.769,4204.615,4205.641,4208.718,разжать руку
85,4199.359,4203.077,4206.026,4205.0,4207.308,4196.795,4187.949,4204.744,4203.974,4221.154,4198.846,4197.179,4203.462,4207.949,разжать руку
85,4200.513,4205.385,4199.872,4207.821,4202.051,4197.051,4186.282,4204.872,4203.846,4210.0,4190.385,4189.872,4200.0,4206.41,разжать руку
85,4206.282,4210.0,4202.308,4211.667,4206.795,4200.513,4194.359,4205.385,4204.744,4201.667,4190.897,4195.513,4206.923,4209.103,разжать руку
85,4202.949,4203.462,4207.564,4211.538,4208.846,4206.667,4208.59,4206.667,4210.641,4211.795,4194.231,4196.154,4208.077,4207.051,разжать руку
85,4194.231,4192.821,4201.667,4207.308,4210.385,4207.692,4205.769,4206.282,4210.641,4210.256,4190.0,4191.538,4191.154,4201.154,разжать руку
85,4188.333,4191.795,4195.0,4204.103,4211.795,4201.667,4192.436,4203.333,4202.564,4203.077,4190.897,4189.872,4185.128,4200.897,разжать руку
85,4183.205,4189.103,4193.59,4200.769,4200.0,4198.718,4191.282,4202.179,4199.103,4208.846,4198.205,4189.872,4195.769,4204.231,разжать руку
85,4184.359,4185.128,4194.615,4200.897,4195.385,4200.897,4197.436,4203.846,4204.615,4213.462,4202.308,4189.359,4199.615,4204.744,разжать руку
85,4195.256,4193.718,4202.692,4208.333,4206.154,4202.564,4200.513,4210.128,4211.282,4206.538,4211.154,4193.462,4200.513,4208.205,разжать руку
85,4205.256,4202.179,4213.974,4213.077,4203.974,4207.821,4206.667,4212.821,4214.744,4202.949,4220.513,4199.103,4210.385,4214.359,разжать руку
85,4209.231,4197.436,4217.564,4209.487,4198.974,4209.103,4211.795,4207.692,4212.436,4215.385,4216.026,4195.513,4214.231,4213.077,разжать руку
85,4209.359,4197.949,4218.205,4207.564,4208.462,4202.179,4206.795,4207.821,4213.59,4226.154,4213.846,4192.308,4209.872,4212.051,разжать руку
85,4208.846,4208.846,4223.077,4210.513,4215.641,4204.103,4200.128,4211.41,4217.821,4221.667,4218.974,4193.718,4206.154,4212.051,разжать руку
85,4206.282,4210.128,4220.385,4209.744,4208.59,4209.231,4200.385,4206.923,4213.205,4209.103,4211.667,4192.692,4201.154,4207.692,разжать руку
85,4203.077,4202.179,4212.308,4206.026,4199.359,4203.718,4203.077,4206.154,4209.231,4201.41,4200.513,4191.667,4199.872,4207.436,разжать руку
85,4207.564,4201.795,4215.128,4203.846,4197.821,4196.923,4195.769,4213.462,4215.385,4211.923,4204.744,4192.821,4208.846,4211.538,разжать руку
85,4213.718,4208.59,4221.538,4205.385,4203.974,4201.538,4192.179,4212.821,4214.744,4228.462,4215.769,4192.821,4215.385,4212.051,разжать руку
85,4208.077,4208.462,4215.513,4200.385,4212.821,4211.026,4208.205,4203.974,4204.359,4223.974,4214.744,4189.231,4208.59,4205.128,разжать руку
85,4202.051,4202.308,4207.051,4193.846,4216.795,4210.769,4214.231,4209.103,4207.821,4217.436,4211.923,4190.513,4205.256,4202.564,разжать руку
85,4207.179,4203.974,4212.564,4201.923,4216.795,4208.205,4204.744,4222.564,4221.282,4231.026,4218.077,4199.487,4216.154,4209.359,разжать руку
85,4207.692,4209.487,4217.308,4207.051,4216.795,4214.231,4206.667,4219.103,4222.436,4240.641,4220.385,4200.641,4220.513,4211.795,разжать руку
85,4202.692,4211.667,4211.795,4201.538,4218.718,4216.41,4212.051,4207.308,4213.974,4223.077,4216.923,4196.154,4214.744,4209.872,разжать руку
85,4203.974,4210.897,4211.282,4202.564,4221.41,4212.308,4207.949,4201.41,4208.205,4206.538,4215.641,4196.282,4211.667,4209.487,разжать руку
85,4208.59,4210.128,4218.974,4210.0,4217.821,4209.487,4205.769,4207.179,4211.538,4220.513,4212.692,4196.41,4212.821,4209.103,разжать руку
85,4211.667,4213.974,4221.41,4213.333,4215.897,4204.231,4202.821,4216.154,4220.385,4238.846,4208.333,4195.513,4213.718,4211.282,разжать руку
85,4208.59,4214.872,4212.949,4205.385,4216.795,4200.769,4193.59,4209.359,4217.308,4228.974,4203.462,4192.949,4212.308,4210.0,разжать руку
85,4197.436,4202.564,4205.769,4195.0,4208.333,4206.538,4191.795,4203.462,4210.0,4214.615,4201.154,4190.641,4207.821,4206.282,разжать руку
85,4192.821,4199.744,4208.718,4200.256,4204.744,4209.872,4194.615,4214.103,4216.538,4224.744,4201.538,4191.538,4202.949,4209.744,разжать руку
85,4192.692,4211.154,4209.744,4211.923,4215.0,4208.462,4193.59,4217.051,4222.051,4227.436,4201.41,4192.564,4199.103,4209.359,разжать руку
85,4186.795,4207.821,4202.436,4208.59,4218.462,4208.462,4192.308,4204.359,4210.897,4212.949,4201.41,4191.026,4200.0,4203.462,разжать руку
85,4184.103,4196.026,4198.205,4202.949,4211.026,4206.282,4193.205,4202.179,4203.974,4214.615,4202.308,4191.667,4203.59,4203.718,разжать руку
85,4184.872,4192.692,4194.231,4203.846,4204.615,4204.103,4198.718,4206.026,4209.487,4221.923,4202.436,4195.513,4200.128,4204.872,разжать руку
85,4185.0,4191.923,4190.641,4203.205,4205.128,4207.436,4204.231,4210.385,4218.59,4218.846,4201.923,4197.436,4198.333,4204.359,разжать руку
85,4189.231,4196.923,4194.231,4206.667,4208.59,4208.718,4195.769,4210.769,4218.59,4211.923,4202.821,4196.41,4206.154,4207.821,разжать руку
85,4193.846,4201.667,4198.077,4211.41,4209.487,4206.923,4188.077,4202.179,4207.308,4207.179,4203.205,4195.256,4208.974,4208.846,разжать руку
85,4188.974,4195.769,4195.897,4203.846,4207.949,4206.026,4198.462,4201.923,4206.282,4208.462,4200.0,4191.923,4199.615,4202.436,разжать руку
85,4184.231,4196.026,4194.487,4197.821,4209.359,4205.256,4198.462,4213.205,4215.256,4220.128,4200.128,4190.128,4197.949,4203.462,разжать руку
85,4187.949,4205.769,4197.308,4203.718,4208.205,4206.795,4187.308,4214.359,4211.538,4223.718,4202.308,4197.051,4205.256,4211.795,разжать руку
85,4191.667,4201.41,4200.897,4202.821,4202.179,4209.103,4190.769,4206.026,4203.718,4211.282,4201.154,4200.385,4203.974,4209.231,разжать руку
85,4193.974,4191.923,4203.333,4194.231,4201.282,4209.615,4197.308,4210.0,4211.538,4211.667,4199.744,4197.692,4200.641,4205.641,разжать руку
85,4194.359,4197.436,4202.308,4194.359,4207.949,4212.436,4198.846,4219.487,4221.667,4223.846,4201.795,4195.769,4202.179,4208.846,разжать руку
85,4185.641,4197.051,4198.077,4195.0,4210.256,4213.077,4202.949,4215.641,4218.077,4226.41,4202.692,4192.692,4200.513,4207.051,разжать руку
85,4174.231,4184.231,4191.538,4190.385,4203.333,4210.897,4207.692,4205.256,4211.026,4219.615,4200.385,4190.897,4200.128,4201.026,разжать руку
85,4172.436,4183.59,4187.692,4193.205,4199.744,4207.821,4202.949,4208.077,4211.41,4210.128,4198.462,4188.846,4201.538,4199.872,разжать руку
85,4177.949,4190.641,4190.256,4198.205,4205.769,4203.846,4193.205,4214.359,4218.462,4210.256,4199.872,4189.744,4197.179,4203.974,разжать руку
85,4184.487,4193.974,4194.615,4198.718,4209.744,4205.0,4191.41,4207.308,4218.59,4214.359,4204.615,4194.231,4202.949,4206.026,разжать руку
85,4185.0,4194.359,4194.487,4198.077,4207.051,4207.692,4198.077,4203.462,4213.846,4211.795,4204.231,4193.077,4215.641,4202.949,разжать руку
85,4177.949,4191.795,4192.051,4195.385,4202.564,4204.615,4201.923,4209.744,4212.564,4209.487,4201.026,4190.256,4211.538,4204.103,разжать руку
85,4178.974,4191.026,4196.667,4200.385,4199.359,4201.795,4194.872,4210.897,4213.846,4217.436,4206.026,4192.179,4208.462,4209.359,разжать руку
85,4182.821,4192.436,4198.59,4203.846,4200.128,4203.205,4193.077,4200.128,4209.872,4216.795,4205.769,4192.051,4210.897,4206.41,разжать руку
85,4180.0,4189.872,4194.872,4197.308,4209.359,4205.0,4194.872,4195.0,4200.641,4204.744,4199.231,4189.487,4204.744,4197.949,разжать руку
85,4180.385,4187.179,4196.795,4195.641,4210.128,4204.872,4187.564,4203.59,4205.0,4209.872,4203.59,4190.385,4201.923,4197.692,разжать руку
85,4183.974,4191.923,4203.462,4202.179,4199.359,4202.308,4184.359,4213.462,4219.359,4223.333,4209.615,4193.59,4206.923,4206.154,разжать руку
85,4184.359,4193.462,4203.205,4201.282,4195.513,4199.231,4193.846,4213.333,4213.205,4220.641,4204.103,4192.564,4207.564,4205.641,разжать руку
85,4178.333,4185.385,4192.949,4194.615,4196.154,4199.103,4195.641,4199.359,4195.256,4201.795,4197.436,4186.41,4198.718,4196.41,разжать руку
85,4173.333,4185.128,4188.077,4194.872,4195.385,4197.821,4178.974,4191.41,4198.333,4193.077,4198.462,4184.872,4193.333,4196.154,разжать руку
85,4177.564,4190.897,4193.718,4197.308,4193.462,4193.59,4178.462,4201.667,4208.333,4199.231,4200.769,4188.205,4196.282,4199.487,разжать руку
85,4180.128,4187.051,4196.41,4195.897,4193.462,4194.744,4197.051,4214.231,4207.692,4191.538,4197.308,4189.359,4196.154,4197.179,разжать руку
85,4173.333,4181.282,4191.41,4192.179,4197.051,4201.667,4200.128,4208.077,4205.0,4179.744,4194.359,4186.667,4192.949,4195.769,разжать руку
85,4168.59,4182.564,4187.564,4191.026,4195.256,4201.026,4189.103,4198.077,4199.615,4186.538,4198.718,4185.641,4193.462,4198.59,разжать руку
85,4174.872,4185.897,4191.154,4194.231,4191.282,4196.923,4186.282,4202.308,4203.077,4203.718,4199.872,4188.205,4195.128,4198.077,разжать руку
85,4178.333,4188.077,4192.051,4195.128,4195.0,4201.154,4192.821,4201.154,4212.949,4205.769,4189.359,4187.692,4192.564,4192.051,разжать руку
85,4173.718,4189.744,4189.615,4193.846,4201.026,4202.179,4189.359,4197.564,4208.846,4194.359,4182.436,4186.026,4189.487,4191.538,разжать руку
85,4175.897,4193.718,4191.154,4196.538,4200.769,4197.949,4181.282,4198.462,4197.949,4193.333,4187.821,4185.513,4186.154,4195.897,разжать руку
85,4182.436,4194.615,4194.487,4195.641,4197.949,4198.333,4182.821,4198.077,4197.564,4196.282,4191.154,4185.385,4185.513,4196.154,разжать руку
85,4179.231,4185.0,4189.359,4186.923,4188.974,4197.436,4192.436,4199.744,4201.41,4192.051,4187.179,4183.974,4189.744,4195.256,разжать руку
85,4172.051,4176.154,4182.308,4182.051,4181.282,4191.795,4189.231,4205.641,4203.333,4191.41,4186.154,4183.846,4187.564,4195.0,разжать руку
85,4173.846,4183.333,4183.205,4184.872,4188.205,4190.513,4177.949,4199.103,4201.538,4192.308,4186.667,4186.923,4182.308,4195.0,разжать руку
85,4179.103,4192.949,4188.077,4191.282,4193.59,4193.59,4185.0,4187.821,4196.667,4191.41,4187.692,4184.487,4186.538,4197.949,разжать руку
85,4179.359,4189.615,4191.154,4191.41,4184.872,4194.359,4199.615,4206.41,4206.026,4204.103,4192.179,4181.667,4193.718,4201.667,разжать руку
85,4179.872,4184.744,4192.564,4187.308,4180.256,4200.385,4198.333,4218.205,4213.846,4203.333,4193.205,4185.128,4196.795,4203.846,разжать руку
85,4175.385,4182.308,4191.795,4184.872,4190.128,4202.821,4193.59,4195.769,4197.051,4177.051,4186.795,4182.308,4195.0,4199.359,разжать руку
85,4166.538,4174.231,4185.897,4181.795,4190.641,4194.615,4193.205,4178.59,4179.744,4170.513,4181.667,4175.641,4189.487,4191.538,разжать руку
85,4168.077,4175.385,4184.359,4185.128,4182.949,4189.231,4184.744,4188.205,4187.821,4187.308,4183.846,4182.308,4185.0,4194.231,разжать руку
85,4180.641,4189.615,4190.769,4193.718,4188.462,4191.41,4175.0,4201.41,4203.462,4196.282,4187.308,4190.256,4190.641,4204.231,разжать руку
85,4187.821,4192.564,4196.923,4195.897,4194.744,4193.077,4178.077,4209.231,4206.282,4201.923,4188.974,4188.974,4200.513,4206.41,разжать руку
85,4182.051,4182.949,4194.615,4191.923,4191.923,4196.538,4188.718,4209.359,4203.205,4207.179,4186.282,4182.821,4194.744,4196.282,разжать руку
85,4174.487,4181.282,4181.795,4189.744,4192.436,4205.513,4198.333,4197.179,4198.59,4193.974,4181.026,4176.923,4181.667,4190.641,разжать руку
85,4173.077,4185.256,4175.641,4190.641,4197.692,4213.077,4205.513,4204.103,4202.308,4180.128,4183.077,4178.333,4183.718,4194.231,разжать руку
85,4168.59,4182.308,4183.718,4192.051,4197.564,4209.487,4206.923,4216.282,4209.615,4188.974,4186.538,4180.897,4193.974,4194.487,разжать руку
85,4165.897,4177.564,4189.872,4190.128,4193.718,4200.256,4205.256,4210.128,4206.667,4203.974,4185.769,4180.513,4195.641,4196.026,разжать руку
86,4184.744,4188.846,4197.436,4193.59,4203.077,4207.949,4197.436,4204.487,4206.667,4213.077,4195.385,4184.872,4195.769,4199.103,сжать руку
86,4188.077,4194.231,4203.59,4197.821,4205.0,4204.231,4200.0,4202.949,4205.897,4206.538,4192.051,4188.974,4195.385,4201.026,сжать руку
86,4189.872,4196.667,4201.026,4198.462,4202.179,4197.949,4209.487,4207.308,4208.333,4203.462,4195.0,4189.359,4202.564,4205.256,сжать руку
86,4195.769,4199.872,4205.0,4200.385,4206.154,4206.538,4220.897,4214.231,4215.513,4212.051,4202.692,4189.231,4210.256,4207.308,сжать руку
86,4198.333,4204.231,4215.256,4202.821,4208.333,4216.923,4227.564,4208.718,4211.41,4212.821,4194.744,4186.282,4204.103,4204.615,сжать руку
86,4187.179,4193.59,4202.949,4193.974,4190.513,4197.051,4202.692,4197.179,4198.077,4191.026,4178.077,4176.282,4185.897,4195.128,сжать руку
86,4168.846,4167.821,4172.179,4173.974,4162.179,4166.154,4162.821,4187.564,4188.077,4163.333,4169.231,4167.692,4171.923,4185.897,сжать руку
86,4160.385,4158.59,4158.974,4162.436,4149.744,4157.821,4154.487,4178.333,4181.667,4152.308,4166.41,4167.179,4172.308,4185.0,сжать руку
86,4164.615,4172.179,4168.462,4169.103,4153.333,4163.718,4166.026,4173.077,4182.051,4159.872,4166.923,4171.282,4183.205,4193.846,сжать руку
86,4174.487,4181.026,4176.667,4179.103,4157.821,4165.769,4164.231,4183.718,4187.564,4168.077,4173.59,4173.846,4188.077,4202.051,сжать руку
86,4186.795,4179.872,4176.923,4178.718,4155.0,4166.923,4161.026,4191.923,4186.282,4162.821,4176.154,4173.718,4182.179,4204.615,сжать руку
86,4192.564,4182.179,4179.103,4178.205,4151.154,4171.538,4170.256,4175.641,4178.718,4158.846,4172.564,4176.282,4183.974,4206.282,сжать руку
86,4187.821,4187.308,4183.333,4183.205,4154.872,4172.949,4178.974,4166.538,4177.692,4171.026,4173.462,4176.923,4192.051,4205.0,сжать руку
86,4189.615,4193.205,4186.923,4188.462,4161.154,4172.564,4170.256,4182.692,4186.282,4183.462,4181.667,4174.744,4198.974,4206.282,сжать руку
86,4202.692,4200.256,4191.026,4190.128,4163.846,4174.872,4160.0,4188.59,4190.769,4184.359,4186.667,4177.308,4204.103,4210.256,сжать руку
86,4201.154,4196.667,4187.564,4185.513,4167.179,4174.359,4172.051,4177.692,4185.256,4174.487,4181.538,4179.359,4202.436,4204.615,сжать руку
86,4190.0,4190.128,4178.846,4185.256,4175.641,4173.077,4176.026,4178.974,4182.179,4170.256,4180.128,4180.0,4201.282,4200.769,сжать руку
86,4188.205,4189.615,4183.846,4190.256,4180.385,4178.333,4170.385,4195.256,4192.051,4185.513,4187.564,4182.692,4204.744,4207.692,сжать руку
86,4189.359,4179.872,4188.846,4185.256,4172.564,4180.769,4182.436,4202.692,4199.231,4198.846,4188.077,4186.795,4203.205,4207.821,сжать руку
86,4183.974,4167.436,4180.256,4177.949,4164.744,4176.026,4189.744,4190.897,4192.821,4186.154,4186.154,4189.359,4198.462,4200.128,сжать руку
86,4183.333,4172.564,4180.0,4183.59,4167.051,4177.821,4181.154,4184.744,4190.769,4177.051,4194.872,4189.487,4201.667,4200.513,сжать руку
86,4186.667,4179.231,4187.308,4190.513,4173.59,4180.769,4180.513,4197.564,4197.179,4191.41,4197.436,4187.692,4199.872,4204.231,сжать руку
86,4178.718,4169.103,4182.308,4181.667,4172.821,4179.359,4186.026,4203.205,4201.282,4198.333,4189.231,4181.795,4191.538,4199.487,сжать руку
86,4165.256,4155.897,4173.59,4171.026,4158.462,4182.051,4188.846,4199.359,4202.949,4188.718,4193.462,4176.795,4191.154,4194.487,сжать руку
86,4162.821,4156.41,4173.718,4172.949,4155.256,4185.0,4192.179,4193.846,4198.333,4184.103,4202.949,4179.103,4191.667,4194.231,сжать руку
86,4172.821,4160.769,4177.436,4176.795,4173.333,4184.359,4192.564,4187.436,4189.359,4185.641,4200.641,4184.487,4188.077,4195.641,сжать руку
86,4179.872,4162.949,4185.513,4179.231,4179.487,4182.179,4192.179,4191.795,4195.769,4182.949,4199.359,4187.821,4188.077,4200.0,сжать руку
86,4180.897,4172.179,4195.769,4184.231,4173.718,4179.872,4189.359,4196.538,4205.0,4181.795,4201.923,4187.051,4193.974,4203.974,сжать руку
86,4181.026,4180.897,4195.385,4186.667,4174.615,4183.333,4184.487,4188.205,4197.051,4186.41,4201.795,4185.641,4200.128,4204.103,сжать руку
86,4180.256,4181.154,4192.821,4186.667,4172.949,4188.974,4193.077,4193.077,4197.308,4193.205,4203.846,4188.077,4199.872,4204.487,сжать руку
86,4180.256,4179.231,4194.744,4186.154,4170.641,4183.205,4199.103,4207.564,4205.769,4193.974,4201.282,4183.846,4195.513,4201.667,сжать руку
86,4181.154,4179.615,4196.026,4188.077,4178.462,4178.974,4191.795,4203.462,4202.949,4189.615,4195.769,4178.59,4193.59,4200.897,сжать руку
86,4185.0,4182.821,4197.564,4192.051,4181.795,4195.128,4198.077,4192.308,4200.385,4195.513,4197.692,4181.154,4198.59,4202.821,сжать руку
86,4179.487,4179.231,4192.436,4188.59,4177.179,4201.667,4206.667,4195.0,4202.179,4196.282,4195.256,4181.538,4194.615,4196.282,сжать руку
86,4169.872,4172.821,4185.641,4185.0,4180.769,4184.615,4196.154,4204.744,4202.692,4186.538,4191.923,4184.359,4188.077,4197.436,сжать руку
86,4175.128,4181.154,4191.026,4188.974,4185.769,4179.872,4195.256,4206.923,4207.179,4196.282,4200.256,4188.077,4194.103,4207.692,сжать руку
86,4184.744,4188.205,4194.615,4189.487,4180.641,4192.821,4211.026,4205.256,4211.026,4202.821,4205.769,4187.436,4202.308,4207.692,сжать руку
86,4184.744,4182.692,4188.846,4187.308,4177.821,4195.641,4215.897,4207.051,4208.205,4189.103,4200.769,4189.872,4201.538,4207.179,сжать руку
86,4188.462,4185.513,4191.538,4188.974,4185.641,4189.872,4201.667,4200.897,4204.103,4195.897,4200.897,4192.179,4198.846,4212.179,сжать руку
86,4196.538,4191.667,4199.615,4190.769,4189.359,4188.59,4189.359,4197.821,4202.949,4220.513,4204.103,4190.897,4201.667,4213.846,сжать руку
86,4193.974,4185.513,4201.154,4191.795,4180.128,4188.205,4194.744,4211.282,4207.692,4217.692,4202.692,4189.487,4204.744,4209.487,сжать руку
86,4187.308,4184.103,4196.923,4192.436,4175.513,4188.077,4198.718,4207.949,4207.436,4194.487,4196.154,4186.667,4200.128,4202.308,сжать руку
86,4178.59,4184.359,4183.846,4186.41,4179.744,4187.692,4189.103,4187.436,4198.59,4186.667,4186.923,4179.103,4187.949,4195.513,сжать руку
86,4174.359,4178.846,4178.333,4185.0,4181.923,4187.692,4180.128,4192.051,4200.0,4190.769,4190.0,4177.564,4187.179,4196.282,сжать руку
86,4184.103,4182.821,4189.231,4193.718,4185.128,4192.179,4189.872,4211.41,4207.308,4191.667,4198.846,4185.128,4197.436,4202.821,сжать руку
86,4187.564,4188.205,4190.897,4195.128,4189.103,4195.256,4211.538,4207.821,4205.897,4197.949,4195.769,4186.026,4196.667,4202.564,сжать руку
86,4181.538,4186.154,4184.872,4189.744,4187.179,4194.359,4213.462,4196.667,4205.385,4199.744,4193.59,4183.462,4197.051,4201.282,сжать руку
86,4183.077,4187.949,4188.333,4191.667,4185.0,4198.462,4196.154,4199.872,4208.333,4190.256,4201.154,4186.282,4204.872,4202.821,сжать руку
86,4183.718,4186.795,4189.487,4196.026,4186.026,4202.051,4195.0,4207.949,4209.359,4198.846,4202.051,4187.308,4201.538,4199.487,сжать руку
86,4176.282,4178.846,4179.359,4189.615,4185.897,4198.077,4206.667,4212.949,4213.974,4221.667,4194.231,4186.026,4190.897,4198.718,сжать руку
86,4172.051,4174.487,4173.077,4183.59,4185.641,4197.949,4207.821,4207.436,4208.718,4212.692,4186.667,4181.154,4184.487,4199.231,сжать руку
86,4169.231,4176.667,4169.872,4187.436,4186.667,4195.897,4192.821,4192.308,4195.128,4185.256,4181.538,4175.513,4179.487,4197.692,сжать руку
86,4167.308,4183.205,4169.744,4193.077,4188.077,4185.385,4178.718,4182.949,4196.923,4180.641,4180.897,4175.385,4183.077,4198.974,сжать руку
86,4174.359,4186.026,4176.154,4193.462,4190.256,4185.385,4181.282,4194.359,4203.462,4187.949,4186.026,4179.615,4189.359,4200.897,сжать руку
86,4180.769,4181.538,4180.897,4191.538,4190.385,4197.179,4189.359,4212.692,4202.436,4192.564,4190.256,4184.487,4185.256,4203.59,сжать руку
86,4178.974,4178.846,4181.282,4190.897,4192.308,4196.282,4183.846,4206.667,4201.923,4195.513,4190.385,4185.0,4185.256,4202.308,сжать руку
86,4176.026,4178.974,4177.051,4190.256,4191.41,4184.744,4172.949,4189.872,4200.385,4191.795,4194.359,4179.231,4195.385,4196.923,сжать руку
86,4175.769,4176.154,4174.744,4191.795,4180.385,4186.795,4181.538,4195.513,4199.744,4191.667,4199.103,4178.205,4196.795,4197.179,сжать руку
86,4172.564,4173.846,4177.821,4189.359,4174.872,4194.872,4197.692,4214.487,4208.077,4204.744,4197.051,4182.949,4194.231,4196.154,сжать руку
86,4167.308,4174.231,4178.846,4184.103,4183.077,4195.0,4199.487,4211.026,4214.359,4212.821,4194.231,4181.538,4194.744,4190.897,сжать руку
86,4167.436,4176.026,4176.41,4186.41,4193.205,4194.872,4192.308,4193.974,4207.821,4201.026,4192.051,4177.436,4191.795,4193.974,сжать руку
86,4170.256,4180.256,4176.026,4191.41,4195.897,4195.0,4189.359,4190.769,4198.59,4194.231,4188.846,4177.436,4191.795,4199.359,сжать руку
86,4169.744,4180.385,4176.41,4189.487,4192.308,4192.308,4197.564,4198.718,4199.487,4203.974,4187.692,4178.205,4193.974,4194.872,сжать руку
86,4169.744,4178.974,4175.0,4187.692,4191.154,4192.051,4201.923,4203.974,4205.769,4206.538,4186.667,4175.0,4194.231,4190.641,сжать руку
86,4171.282,4183.718,4174.872,4192.308,4197.692,4195.0,4193.205,4196.795,4200.385,4196.41,4184.615,4174.872,4191.41,4193.974,сжать руку
86,4174.615,4188.462,4177.692,4196.538,4197.949,4194.487,4185.513,4190.641,4193.846,4195.641,4187.949,4179.872,4190.769,4198.462,сжать руку
86,4176.923,4182.949,4180.513,4195.256,4182.051,4189.615,4191.667,4202.821,4202.949,4202.564,4188.846,4177.821,4191.154,4196.923,сжать руку
86,4173.333,4174.359,4179.359,4189.744,4176.282,4189.744,4199.103,4215.128,4210.769,4198.974,4186.41,4174.872,4189.103,4195.385,сжать руку
86,4171.795,4174.872,4178.077,4187.564,4192.179,4196.667,4195.256,4200.641,4201.923,4196.667,4187.179,4176.538,4190.385,4196.026,сжать руку
86,4176.282,4175.769,4177.949,4190.0,4199.872,4193.462,4188.718,4184.744,4195.256,4197.692,4186.41,4178.846,4191.026,4196.538,сжать руку
86,4179.744,4175.256,4177.564,4192.821,4187.821,4186.795,4188.077,4202.436,4203.077,4201.923,4186.923,4182.564,4189.487,4200.641,сжать руку
86,4180.769,4178.333,4183.205,4193.846,4180.641,4192.436,4187.692,4214.872,4205.0,4211.795,4193.59,4183.718,4192.564,4202.179,сжать руку
86,4184.359,4179.359,4188.077,4195.256,4186.538,4196.154,4181.538,4198.205,4197.436,4201.667,4199.359,4183.077,4197.308,4198.974,сжать руку
86,4186.282,4180.897,4187.308,4199.231,4192.436,4194.615,4180.128,4192.179,4196.282,4185.897,4200.0,4183.846,4195.256,4198.205,сжать руку
86,4183.974,4190.513,4190.128,4203.974,4195.256,4201.795,4188.205,4202.949,4200.897,4202.436,4200.256,4184.744,4197.564,4203.846,сжать руку
86,4187.564,4198.333,4196.923,4207.179,4200.641,4207.564,4194.103,4205.513,4203.59,4225.256,4200.641,4183.077,4206.923,4207.179,сжать руку
86,4188.077,4193.846,4194.872,4202.436,4201.923,4200.0,4188.718,4202.564,4204.359,4215.897,4198.59,4181.282,4202.436,4202.308,сжать руку
86,4185.641,4191.41,4190.385,4197.436,4193.59,4194.103,4178.59,4198.718,4200.769,4204.615,4196.282,4185.385,4198.462,4200.128,сжать руку
86,4185.769,4192.436,4191.538,4195.385,4186.667,4196.667,4179.103,4194.872,4194.744,4207.436,4194.744,4183.077,4205.256,4200.0,сжать руку
86,4185.0,4189.231,4191.538,4194.872,4188.718,4195.641,4184.487,4199.231,4195.0,4205.256,4195.256,4178.333,4203.462,4199.487,сжать руку
86,4189.615,4191.795,4194.103,4198.718,4196.795,4195.256,4187.179,4208.333,4201.795,4211.154,4200.0,4185.641,4199.872,4203.974,сжать руку
86,4196.538,4198.205,4197.436,4197.821,4199.103,4197.821,4197.436,4210.385,4204.231,4222.564,4200.128,4188.974,4209.103,4205.0,сжать руку
86,4199.359,4199.744,4196.538,4195.0,4192.051,4195.385,4195.513,4204.103,4201.41,4217.692,4197.436,4185.0,4212.051,4201.667,сжать руку
86,4201.667,4205.256,4198.333,4201.026,4196.026,4197.051,4173.846,4199.872,4200.897,4211.667,4198.974,4188.077,4206.026,4203.846,сжать руку
86,4202.179,4207.436,4199.487,4202.564,4208.718,4201.667,4172.179,4204.231,4202.692,4220.769,4199.615,4187.308,4205.385,4204.872,сжать руку
86,4197.564,4197.051,4197.179,4193.333,4210.256,4202.179,4189.872,4205.641,4203.462,4221.795,4197.949,4181.795,4203.205,4202.949,сжать руку
86,4199.231,4192.308,4198.333,4193.718,4205.641,4201.282,4185.128,4195.385,4201.923,4205.641,4199.487,4183.846,4203.974,4204.487,сжать руку
86,4202.051,4195.385,4199.103,4196.667,4201.795,4196.282,4174.359,4191.026,4199.231,4202.564,4201.154,4185.128,4212.179,4207.051,сжать руку
86,4193.846,4191.923,4194.872,4190.385,4200.769,4191.667,4185.641,4206.41,4201.923,4221.282,4198.205,4181.41,4213.333,4205.385,сжать руку
86,4190.256,4190.385,4197.308,4189.872,4206.026,4201.282,4195.769,4213.333,4206.538,4230.128,4200.128,4180.385,4209.872,4202.949,сжать руку
86,4192.821,4193.718,4200.128,4193.718,4205.128,4214.615,4196.538,4198.718,4199.744,4215.385,4201.41,4179.359,4206.795,4202.179,сжать руку
86,4187.564,4191.026,4192.308,4193.333,4202.821,4212.564,4195.385,4190.769,4191.795,4202.949,4190.0,4173.59,4196.026,4197.308,сжать руку
86,4177.821,4182.564,4183.846,4190.897,4207.692,4207.692,4195.128,4199.615,4195.385,4197.179,4180.385,4169.744,4187.949,4193.205,сжать руку
86,4179.103,4183.59,4186.282,4188.59,4204.615,4207.821,4200.385,4213.59,4203.462,4198.846,4188.718,4176.667,4197.308,4199.231,сжать руку
86,4186.923,4195.897,4195.0,4191.026,4198.59,4205.0,4201.538,4210.641,4203.718,4215.641,4201.154,4183.846,4208.718,4205.256,сжать руку
86,4187.308,4198.077,4196.923,4197.051,4206.154,4205.0,4193.077,4196.154,4195.0,4223.205,4204.744,4183.462,4209.872,4204.359,сжать руку
86,4187.564,4190.897,4196.282,4197.308,4210.256,4208.462,4191.538,4199.615,4192.564,4216.026,4203.205,4183.462,4208.462,4205.513,сжать руку
86,4193.333,4195.256,4201.026,4196.538,4199.872,4205.513,4197.821,4209.231,4197.692,4210.385,4199.744,4185.897,4207.564,4206.026,сжать руку
86,4202.179,4209.103,4209.615,4207.051,4200.641,4202.949,4194.103,4205.0,4201.026,4215.641,4198.974,4187.051,4209.744,4206.282,сжать руку
86,4213.462,4215.897,4217.821,4216.538,4213.077,4208.846,4196.795,4204.872,4201.154,4222.821,4203.205,4186.41,4212.821,4211.538,сжать руку
87,4202.949,4207.949,4210.256,4207.564,4206.667,4206.538,4202.821,4211.282,4201.795,4210.513,4201.795,4184.231,4218.718,4206.667,разжать руку
87,4205.641,4205.513,4209.615,4210.0,4208.846,4205.256,4188.59,4207.564,4201.538,4229.231,4205.385,4181.667,4216.154,4202.564,разжать руку
87,4211.026,4201.667,4208.462,4205.0,4207.949,4204.231,4188.077,4204.487,4195.0,4230.385,4204.359,4180.897,4210.128,4204.744,разжать руку
87,4206.667,4201.923,4206.41,4201.41,4204.359,4199.103,4192.436,4201.795,4196.538,4213.846,4201.154,4183.718,4210.256,4203.974,разжать руку
87,4203.59,4204.615,4207.308,4207.564,4205.256,4197.179,4191.41,4211.538,4206.41,4211.923,4201.026,4185.513,4207.821,4201.795,разжать руку
87,4203.974,4208.718,4208.59,4214.231,4209.615,4205.897,4191.026,4210.513,4205.513,4215.128,4200.641,4181.154,4202.051,4202.308,разжать руку
87,4207.179,4208.846,4211.154,4211.667,4209.615,4210.513,4191.282,4195.256,4198.59,4209.359,4200.769,4176.41,4205.0,4202.051,разжать руку
87,4210.897,4201.41,4215.897,4205.0,4199.359,4200.128,4194.744,4198.59,4198.462,4205.769,4196.795,4177.692,4206.538,4203.974,разжать руку
87,4207.564,4199.744,4214.103,4201.41,4191.282,4199.744,4199.615,4205.513,4197.692,4200.513,4188.333,4178.077,4195.641,4204.487,разжать руку
87,4202.436,4205.128,4207.436,4200.641,4197.949,4208.846,4190.897,4197.308,4196.667,4200.641,4182.564,4176.795,4192.179,4201.154,разжать руку
87,4205.385,4202.051,4207.821,4202.564,4204.487,4206.282,4183.462,4197.308,4202.436,4208.974,4188.974,4178.974,4201.538,4199.359,разжать руку
87,4201.538,4192.564,4205.769,4199.872,4201.795,4198.333,4191.667,4198.718,4201.026,4199.615,4193.077,4178.333,4202.051,4198.205,разжать руку
87,4190.0,4192.692,4196.41,4195.641,4199.615,4197.179,4196.282,4193.462,4194.744,4191.41,4188.205,4176.923,4199.872,4198.333,разжать руку
87,4189.872,4198.59,4192.308,4196.41,4201.667,4201.667,4183.974,4195.0,4196.282,4206.538,4191.667,4179.359,4202.179,4197.692,разжать руку
87,4192.051,4195.0,4192.564,4196.538,4202.949,4199.103,4170.769,4199.359,4201.41,4205.897,4198.59,4180.641,4199.359,4195.897,разжать руку
87,4185.256,4189.872,4191.923,4192.692,4201.923,4194.487,4178.718,4202.179,4203.59,4189.359,4203.077,4181.538,4200.128,4197.564,разжать руку
87,4186.282,4192.051,4192.821,4191.667,4196.667,4198.974,4198.59,4217.949,4212.308,4207.051,4211.667,4185.256,4206.282,4201.154,разжать руку
87,4196.026,4198.333,4197.949,4197.692,4192.564,4204.744,4202.308,4221.154,4219.231,4236.538,4215.256,4187.179,4206.667,4203.462,разжать руку
87,4195.256,4200.385,4200.513,4204.872,4198.718,4202.564,4189.487,4206.026,4212.821,4232.821,4212.949,4182.436,4205.0,4202.051,разжать руку
87,4187.308,4197.051,4197.179,4203.846,4205.641,4201.154,4182.051,4202.308,4204.744,4216.923,4211.538,4178.205,4206.538,4198.077,разжать руку
87,4188.462,4193.974,4197.949,4198.205,4204.359,4204.359,4189.103,4205.641,4204.103,4215.385,4210.897,4181.41,4207.179,4199.103,разжать руку
87,4189.487,4191.154,4201.538,4198.718,4199.103,4199.359,4196.923,4202.308,4208.59,4213.59,4207.949,4181.282,4200.641,4198.974,разжать руку
87,4181.923,4190.769,4196.923,4201.923,4192.179,4197.692,4196.282,4201.026,4211.795,4207.051,4206.154,4179.487,4193.846,4194.359,разжать руку
87,4176.923,4189.872,4193.846,4198.846,4190.641,4208.077,4194.103,4201.795,4207.436,4208.59,4203.718,4181.795,4194.872,4192.564,разжать руку
87,4181.154,4187.692,4200.128,4195.641,4197.949,4205.385,4188.59,4198.077,4204.359,4213.205,4206.667,4182.564,4198.462,4196.41,разжать руку
87,4185.0,4190.385,4201.026,4197.949,4202.821,4192.308,4184.359,4205.385,4215.256,4219.744,4215.513,4183.333,4198.974,4203.205,разжать руку
87,4186.154,4193.077,4199.231,4196.282,4196.923,4195.641,4192.564,4216.923,4221.282,4218.718,4215.128,4182.692,4203.974,4205.385,разжать руку
87,4192.436,4193.974,4205.769,4198.333,4189.231,4207.949,4196.923,4208.974,4209.359,4208.205,4213.462,4184.487,4209.487,4205.769,разжать руку
87,4195.385,4196.41,4209.359,4206.41,4195.256,4209.615,4191.282,4198.205,4202.436,4208.846,4217.051,4186.41,4208.846,4206.154,разжать руку
87,4189.231,4195.641,4204.872,4202.051,4206.41,4203.333,4190.641,4199.231,4204.359,4213.462,4215.0,4182.436,4206.538,4202.949,разжать руку
87,4191.795,4197.692,4206.538,4199.487,4211.154,4205.0,4195.256,4202.564,4206.026,4214.744,4215.0,4184.359,4206.154,4205.385,разжать руку
87,4200.0,4207.564,4213.846,4207.564,4213.462,4211.538,4198.59,4206.923,4209.231,4223.462,4217.949,4188.974,4209.615,4208.974,разжать руку
87,4199.744,4207.179,4212.051,4206.282,4211.667,4208.846,4203.59,4215.128,4215.256,4230.0,4217.564,4185.513,4215.0,4204.359,разжать руку
87,4200.769,4202.692,4207.821,4203.205,4208.974,4207.179,4211.026,4214.744,4217.051,4223.077,4215.641,4182.051,4210.513,4201.538,разжать руку
87,4204.615,4206.538,4208.846,4209.231,4213.333,4209.744,4204.872,4208.333,4215.128,4226.026,4215.513,4183.59,4200.256,4204.615,разжать руку
87,4198.974,4205.641,4208.59,4206.538,4211.026,4204.872,4187.179,4210.128,4214.744,4234.103,4211.026,4185.513,4201.667,4202.821,разжать руку
87,4195.897,4199.872,4209.103,4199.744,4197.308,4197.308,4183.846,4204.615,4208.462,4213.077,4202.692,4185.128,4208.077,4197.692,разжать руку
87,4195.513,4194.615,4207.821,4200.513,4193.59,4195.385,4194.359,4193.974,4199.359,4194.872,4198.59,4182.179,4200.513,4198.205,разжать руку
87,4190.128,4189.615,4199.872,4200.385,4198.462,4197.179,4196.538,4203.59,4199.615,4195.769,4199.487,4182.308,4192.179,4198.974,разжать руку
87,4184.231,4189.615,4197.308,4199.744,4201.026,4204.872,4197.949,4211.154,4200.256,4192.692,4198.333,4186.41,4195.513,4196.923,разжать руку
87,4185.0,4195.0,4203.205,4203.333,4202.051,4206.795,4203.718,4197.564,4198.205,4194.103,4194.103,4186.795,4200.641,4201.282,разжать руку
87,4192.949,4197.564,4205.897,4207.821,4200.897,4198.205,4198.077,4193.974,4201.282,4207.564,4196.667,4183.205,4199.487,4204.487,разжать руку
87,4195.641,4196.026,4204.359,4207.051,4201.795,4200.641,4194.103,4203.077,4202.179,4208.333,4198.59,4181.795,4197.821,4200.769,разжать руку
87,4192.564,4197.692,4206.795,4205.385,4202.179,4205.0,4194.359,4202.179,4198.077,4200.385,4194.615,4184.487,4201.41,4201.538,разжать руку
87,4195.897,4202.308,4210.128,4206.667,4200.897,4193.974,4183.205,4201.026,4203.462,4208.974,4194.359,4186.923,4202.179,4203.846,разжать руку
87,4199.103,4201.923,4210.769,4207.051,4200.641,4194.744,4180.256,4210.385,4210.897,4212.821,4194.359,4188.462,4194.615,4201.667,разжать руку
87,4196.282,4199.359,4212.436,4206.667,4205.256,4208.59,4192.308,4216.282,4212.564,4206.282,4195.128,4187.436,4192.179,4201.41,разжать руку
87,4195.769,4201.026,4212.564,4205.128,4206.41,4207.949,4193.205,4208.974,4211.538,4207.308,4198.333,4183.205,4199.744,4203.718,разжать руку
87,4194.231,4199.487,4209.103,4201.154,4201.154,4200.769,4184.359,4201.667,4206.538,4203.462,4191.282,4181.667,4202.564,4202.949,разжать руку
87,4191.154,4195.897,4206.41,4200.769,4193.718,4201.923,4185.641,4207.051,4205.641,4197.564,4187.436,4183.205,4200.128,4200.385,разжать руку
87,4192.692,4194.872,4207.821,4202.949,4189.231,4198.718,4195.0,4212.692,4210.128,4206.795,4199.872,4186.667,4199.744,4204.231,разжать руку
87,4189.103,4191.795,4207.179,4200.641,4194.615,4196.923,4205.769,4209.487,4210.769,4210.128,4199.744,4187.692,4195.0,4203.846,разжать руку
87,4184.872,4194.231,4205.641,4200.897,4197.436,4203.462,4203.846,4209.359,4205.513,4191.538,4188.333,4185.641,4191.538,4197.564,разжать руку
87,4194.103,4205.128,4209.615,4208.205,4195.641,4202.821,4188.205,4204.359,4200.769,4193.974,4194.615,4186.026,4199.359,4202.179,разжать руку
87,4201.282,4208.59,4211.154,4208.59,4203.333,4201.026,4190.641,4198.59,4199.359,4220.128,4202.308,4184.872,4205.256,4206.538,разжать руку
87,4193.59,4202.692,4204.615,4203.59,4211.923,4203.974,4204.744,4210.256,4202.051,4216.923,4198.462,4181.538,4200.256,4198.718,разжать руку
87,4186.41,4200.897,4198.077,4205.385,4208.718,4202.051,4196.282,4209.872,4202.051,4199.487,4198.974,4182.179,4195.897,4197.308,разжать руку
87,4185.128,4199.231,4196.282,4206.538,4201.795,4196.026,4186.154,4204.359,4208.462,4208.59,4200.0,4184.359,4199.231,4202.564,разжать руку
87,4185.128,4195.0,4195.513,4205.0,4203.974,4198.974,4200.513,4214.744,4217.821,4219.103,4199.103,4186.667,4204.359,4201.282,разжать руку
87,4186.282,4198.846,4197.051,4206.282,4205.256,4211.538,4212.179,4209.359,4206.026,4214.231,4200.513,4186.282,4203.59,4200.641,разжать руку
87,4188.077,4205.0,4202.692,4210.128,4201.538,4211.923,4207.179,4196.41,4197.051,4216.026,4199.487,4184.231,4200.128,4201.795,разжать руку
87,4188.333,4202.436,4206.282,4210.897,4199.487,4198.205,4205.128,4208.333,4208.974,4218.718,4197.949,4185.0,4199.744,4200.256,разжать руку
87,4190.641,4196.41,4207.564,4208.974,4194.744,4193.333,4210.513,4206.282,4206.795,4209.487,4199.359,4184.744,4200.128,4201.026,разжать руку
87,4193.718,4195.385,4206.923,4209.487,4191.667,4204.359,4207.821,4183.718,4191.795,4200.641,4197.564,4183.718,4198.974,4202.821,разжать руку
87,4191.154,4201.667,4205.769,4211.41,4199.744,4209.359,4198.974,4198.333,4203.462,4209.231,4194.615,4184.615,4200.769,4203.077,разжать руку
87,4188.462,4206.795,4205.897,4210.0,4206.41,4202.436,4203.205,4212.949,4216.154,4214.744,4197.564,4183.205,4205.769,4204.744,разжать руку
87,4188.462,4201.923,4205.769,4208.333,4200.0,4202.692,4213.205,4196.282,4203.462,4198.974,4203.077,4182.821,4206.154,4205.256,разжать руку
87,4191.154,4200.256,4211.538,4213.846,4200.128,4208.59,4207.949,4199.744,4202.564,4199.615,4203.846,4189.231,4206.41,4203.718,разжать руку
87,4201.667,4210.385,4220.769,4221.154,4207.564,4211.154,4200.641,4219.615,4217.692,4222.821,4202.949,4194.103,4209.359,4206.923,разжать руку
87,4205.0,4213.462,4218.974,4219.487,4206.026,4210.641,4209.487,4215.897,4214.615,4223.974,4201.667,4186.282,4208.59,4208.205,разжать руку
87,4189.103,4195.128,4208.205,4208.846,4199.487,4206.538,4213.59,4203.59,4197.692,4203.974,4194.615,4177.179,4197.179,4202.051,разжать руку
87,4181.41,4184.487,4207.308,4205.897,4197.692,4202.821,4202.308,4212.692,4202.179,4200.641,4187.308,4180.385,4185.897,4200.769,разжать руку
87,4192.179,4195.641,4213.718,4212.692,4201.026,4199.615,4192.308,4208.718,4207.564,4202.179,4186.795,4181.667,4190.256,4202.308,разжать руку
87,4195.897,4202.821,4208.59,4211.923,4198.718,4196.026,4190.769,4184.359,4189.615,4188.333,4184.615,4176.795,4192.051,4202.692,разжать руку
87,4196.667,4203.59,4209.615,4210.897,4194.744,4195.769,4197.564,4191.41,4191.923,4187.179,4185.641,4183.846,4189.487,4206.667,разжать руку
87,4206.026,4207.949,4221.923,4218.333,4199.231,4196.026,4197.949,4213.846,4209.615,4197.564,4193.59,4191.026,4193.333,4207.692,разжать руку
87,4207.308,4210.385,4219.103,4223.846,4202.179,4196.282,4192.051,4201.154,4197.949,4192.051,4191.026,4187.308,4195.513,4205.513,разжать руку
87,4203.59,4213.846,4214.231,4225.256,4199.359,4202.051,4193.846,4182.436,4183.59,4183.462,4183.718,4184.231,4192.692,4205.513,разжать руку
87,4207.436,4216.795,4221.026,4227.051,4201.795,4202.821,4195.513,4200.0,4198.846,4194.872,4187.949,4183.718,4197.179,4203.718,разжать руку
87,4211.795,4211.026,4220.385,4225.0,4211.154,4199.103,4195.128,4212.692,4206.41,4204.615,4192.564,4181.923,4202.692,4202.051,разжать руку
87,4213.846,4209.744,4215.897,4222.308,4213.205,4202.949,4192.051,4197.692,4196.667,4191.538,4192.949,4183.077,4200.513,4205.641,разжать руку
87,4218.718,4216.923,4223.718,4224.231,4210.128,4206.026,4191.795,4198.974,4203.462,4187.692,4195.897,4187.564,4203.205,4211.667,разжать руку
87,4220.385,4215.0,4225.513,4225.0,4206.282,4199.231,4203.205,4210.641,4209.359,4198.974,4197.564,4184.231,4201.923,4208.59,разжать руку
87,4215.256,4207.949,4216.282,4220.513,4202.051,4196.154,4203.077,4205.0,4200.897,4198.59,4194.359,4178.077,4194.615,4203.846,разжать руку
87,4208.846,4201.795,4213.077,4213.462,4202.308,4204.103,4192.564,4199.359,4194.359,4191.538,4191.795,4178.59,4198.077,4207.436,разжать руку
87,4202.308,4194.359,4210.641,4208.333,4203.846,4210.513,4202.692,4204.103,4194.487,4192.051,4186.282,4180.513,4200.385,4206.923,разжать руку
87,4200.385,4190.385,4207.564,4207.949,4202.564,4209.872,4214.615,4204.872,4199.359,4195.641,4183.462,4184.359,4194.487,4204.359,разжать руку
87,4202.949,4190.256,4211.795,4209.359,4199.872,4205.256,4203.077,4203.077,4199.872,4196.026,4192.564,4184.744,4194.744,4207.949,разжать руку
87,4207.949,4190.513,4216.923,4209.103,4194.103,4195.256,4192.179,4210.128,4200.256,4196.795,4200.256,4181.154,4200.641,4210.128,разжать руку
87,4215.0,4192.692,4220.128,4211.026,4190.641,4190.0,4189.872,4209.359,4201.795,4206.026,4201.026,4182.821,4202.179,4210.641,разжать руку
87,4218.077,4197.179,4224.103,4217.051,4199.615,4193.974,4186.795,4200.641,4199.359,4212.949,4201.923,4186.667,4207.179,4213.974,разжать руку
87,4212.821,4201.026,4223.077,4216.667,4205.769,4194.872,4186.026,4200.897,4196.923,4194.615,4203.718,4185.256,4214.231,4214.231,разжать руку
87,4205.897,4198.462,4218.077,4212.949,4196.538,4190.385,4187.692,4200.385,4198.462,4182.308,4199.103,4179.231,4207.949,4208.077,разжать руку
87,4208.077,4193.59,4217.564,4216.154,4187.564,4188.205,4185.513,4196.795,4199.744,4204.615,4195.513,4178.333,4196.538,4207.436,разжать руку
87,4216.923,4197.179,4218.077,4220.0,4191.795,4190.641,4186.795,4202.821,4198.974,4218.333,4200.385,4188.462,4202.051,4215.513,разжать руку
87,4219.103,4206.282,4216.41,4216.923,4197.692,4195.897,4194.744,4211.154,4201.538,4215.128,4200.769,4194.231,4217.692,4213.462,разжать руку
87,4213.846,4207.692,4213.462,4214.231,4193.462,4197.564,4198.077,4206.41,4200.513,4213.59,4198.333,4187.179,4216.41,4203.205,разжать руку
87,4213.846,4204.103,4211.026,4216.538,4191.41,4191.154,4189.615,4202.436,4198.333,4210.641,4199.615,4180.641,4207.564,4203.974,разжать руку
87,4219.103,4201.41,4210.0,4216.795,4194.615,4191.154,4186.795,4205.128,4200.0,4213.333,4201.923,4180.256,4212.692,4210.641,разжать руку
87,4216.538,4196.282,4208.333,4213.846,4189.744,4197.949,4203.59,4212.308,4202.564,4221.923,4203.077,4179.744,4213.846,4208.205,разжать руку
88,4206.795,4210.128,4216.282,4213.205,4207.179,4208.974,4198.333,4201.923,4198.59,4223.462,4202.051,4198.462,4212.949,4210.385,разжать руку
88,4213.205,4208.205,4220.513,4212.949,4213.205,4209.487,4197.692,4211.026,4200.513,4221.026,4206.282,4197.949,4211.282,4213.846,разжать руку
88,4220.128,4212.692,4226.923,4216.538,4212.692,4200.128,4196.154,4209.487,4202.179,4214.231,4218.205,4204.231,4218.205,4218.205,разжать руку
88,4219.487,4213.59,4228.205,4215.769,4211.282,4192.308,4192.821,4197.051,4200.769,4217.564,4220.0,4206.795,4220.769,4212.692,разжать руку
88,4213.333,4208.077,4221.667,4210.769,4210.513,4200.897,4191.538,4186.923,4196.282,4210.256,4214.872,4202.949,4217.179,4212.308,разжать руку
88,4221.026,4211.282,4227.436,4214.487,4208.974,4209.744,4194.231,4197.179,4198.846,4201.026,4225.0,4206.282,4217.564,4219.487,разжать руку
88,4231.538,4215.256,4238.077,4219.744,4209.359,4203.718,4200.128,4218.846,4210.897,4213.974,4234.872,4208.974,4216.026,4216.667,разжать руку
88,4224.231,4210.641,4230.641,4215.897,4211.923,4204.872,4209.615,4208.205,4209.615,4225.0,4223.333,4198.59,4213.59,4210.385,разжать руку
88,4213.974,4208.974,4220.256,4210.897,4211.795,4213.205,4208.077,4185.0,4201.282,4221.795,4218.205,4190.128,4215.641,4210.256,разжать руку
88,4214.103,4210.641,4221.026,4210.897,4211.923,4208.846,4195.897,4203.974,4209.872,4227.179,4231.154,4197.179,4215.385,4212.051,разжать руку
88,4214.487,4210.641,4220.897,4215.513,4211.282,4204.872,4197.051,4225.256,4222.692,4236.026,4234.744,4203.077,4215.256,4210.641,разжать руку
88,4220.256,4217.564,4224.615,4222.564,4212.949,4208.333,4200.385,4202.564,4214.231,4233.59,4228.846,4198.718,4223.205,4208.846,разжать руку
88,4227.308,4226.923,4234.615,4223.59,4220.256,4207.949,4197.564,4193.077,4201.795,4227.564,4226.923,4201.667,4223.718,4213.846,разжать руку
88,4221.667,4221.154,4234.615,4220.897,4225.0,4206.026,4205.769,4215.641,4208.718,4224.744,4226.282,4206.667,4216.282,4216.41,разжать руку
88,4223.462,4220.0,4235.256,4224.231,4222.051,4207.051,4211.667,4214.103,4215.513,4221.538,4230.641,4206.41,4223.462,4214.744,разжать руку
88,4240.897,4238.462,4242.949,4231.667,4217.564,4208.462,4204.359,4197.179,4215.128,4225.128,4237.692,4208.718,4236.154,4220.513,разжать руку
88,4248.333,4246.795,4243.205,4232.308,4218.077,4209.615,4206.667,4205.256,4220.641,4236.41,4235.897,4211.538,4235.513,4225.641,разжать руку
88,4250.769,4242.692,4244.872,4232.179,4218.462,4211.026,4214.231,4219.359,4220.256,4229.103,4233.077,4211.026,4232.692,4224.359,разжать руку
88,4263.846,4251.667,4255.641,4240.769,4217.821,4211.795,4212.051,4206.41,4209.744,4211.41,4232.564,4204.744,4234.615,4224.487,разжать руку
88,4266.41,4260.385,4258.59,4243.333,4222.051,4210.897,4209.231,4194.231,4209.872,4219.359,4231.795,4198.462,4232.949,4227.308,разжать руку
88,4249.615,4249.487,4250.128,4233.846,4224.103,4208.846,4204.103,4203.59,4212.821,4239.487,4233.974,4196.795,4232.179,4223.462,разжать руку
88,4239.487,4238.077,4241.923,4228.205,4220.897,4206.795,4193.59,4206.026,4206.41,4232.179,4231.154,4194.487,4233.974,4214.487,разжать руку
88,4242.051,4239.615,4240.769,4229.744,4222.308,4204.615,4189.615,4204.615,4207.436,4221.41,4229.744,4197.564,4230.897,4214.615,разжать руку
88,4240.769,4241.667,4245.385,4229.487,4230.128,4207.821,4200.513,4207.436,4208.718,4229.359,4232.179,4200.897,4226.667,4217.436,разжать руку
88,4233.846,4236.538,4244.744,4224.615,4226.923,4211.154,4211.667,4195.128,4198.462,4222.564,4224.615,4195.641,4224.103,4211.923,разжать руку
88,4231.41,4226.538,4236.795,4221.795,4215.897,4204.359,4208.333,4188.205,4197.051,4209.487,4216.026,4194.231,4218.077,4210.256,разжать руку
88,4229.231,4220.897,4233.077,4219.487,4210.0,4201.923,4201.667,4210.128,4213.718,4214.487,4217.949,4199.359,4215.0,4212.308,разжать руку
88,4221.538,4220.128,4232.436,4216.026,4209.359,4208.846,4206.154,4213.333,4218.718,4225.256,4218.718,4196.923,4218.205,4207.949,разжать руку
88,4217.179,4216.667,4226.41,4212.564,4212.436,4207.949,4214.744,4192.821,4205.897,4220.641,4217.179,4186.667,4213.974,4204.872,разжать руку
88,4214.615,4209.487,4218.718,4206.795,4211.923,4199.359,4212.308,4207.564,4207.308,4201.923,4214.359,4179.872,4198.333,4204.744,разжать руку
88,4209.103,4207.308,4220.128,4205.769,4210.0,4198.333,4206.538,4226.154,4219.615,4200.385,4206.026,4182.692,4195.769,4202.436,разжать руку
88,4209.744,4214.615,4227.564,4213.077,4213.59,4208.077,4205.128,4194.359,4206.795,4216.282,4205.769,4187.692,4207.821,4203.333,разжать руку
88,4210.0,4215.897,4222.564,4215.641,4213.205,4208.205,4209.103,4169.359,4183.974,4213.333,4208.59,4186.923,4204.872,4207.821,разжать руку
88,4203.077,4209.231,4216.795,4212.949,4212.051,4201.538,4212.564,4193.333,4192.692,4203.974,4208.077,4189.615,4202.949,4210.0,разжать руку
88,4205.0,4211.154,4222.436,4212.564,4211.667,4201.923,4208.974,4205.641,4205.769,4214.487,4214.231,4194.359,4215.513,4210.769,разжать руку
88,4212.949,4217.308,4224.487,4212.051,4208.077,4201.154,4207.692,4199.872,4202.949,4219.359,4215.385,4192.308,4213.846,4211.282,разжать руку
88,4208.718,4213.462,4218.846,4210.128,4209.359,4200.769,4214.872,4210.513,4208.718,4216.538,4211.923,4187.051,4207.821,4208.462,разжать руку
88,4198.59,4204.359,4212.949,4206.667,4213.462,4205.641,4222.436,4215.513,4216.923,4221.795,4212.949,4183.077,4213.077,4205.0,разжать руку
88,4191.923,4203.846,4208.846,4204.231,4211.154,4204.487,4221.538,4203.462,4210.513,4224.103,4211.282,4179.487,4211.282,4202.308,разжать руку
88,4193.077,4205.0,4209.872,4207.436,4206.923,4196.923,4214.231,4197.179,4199.231,4213.974,4203.462,4175.385,4203.333,4200.513,разжать руку
88,4197.179,4199.872,4213.59,4210.385,4207.692,4200.0,4211.154,4201.026,4198.333,4194.872,4203.718,4175.641,4202.051,4206.538,разжать руку
88,4197.308,4201.667,4213.718,4209.615,4210.256,4208.333,4214.359,4197.692,4196.667,4194.872,4210.256,4179.487,4206.154,4210.513,разжать руку
88,4199.744,4208.974,4218.462,4212.564,4209.359,4201.667,4210.256,4195.128,4194.103,4215.897,4215.256,4183.205,4213.59,4210.385,разжать руку
88,4207.692,4209.103,4225.385,4215.641,4206.795,4194.359,4203.59,4202.949,4200.0,4220.641,4217.821,4185.769,4215.641,4212.436,разжать руку
88,4205.641,4204.615,4217.821,4210.513,4208.205,4199.487,4212.179,4203.333,4199.487,4203.974,4213.59,4184.231,4209.103,4208.59,разжать руку
88,4198.205,4202.308,4208.974,4208.846,4209.872,4204.872,4219.231,4199.359,4196.538,4202.821,4213.333,4184.872,4206.026,4209.744,разжать руку
88,4206.795,4202.692,4214.487,4210.0,4209.615,4202.436,4206.795,4208.846,4209.744,4221.154,4218.077,4188.974,4211.795,4216.154,разжать руку
88,4213.077,4201.282,4220.0,4205.769,4212.692,4202.436,4197.821,4217.436,4219.872,4222.051,4217.308,4189.103,4210.641,4210.0,разжать руку
88,4206.667,4200.385,4215.385,4205.641,4214.615,4207.692,4205.769,4209.231,4208.462,4206.154,4215.128,4183.974,4204.103,4204.487,разжать руку
88,4207.436,4205.128,4216.667,4209.872,4214.615,4207.179,4209.744,4206.923,4204.487,4208.205,4216.154,4180.0,4206.667,4212.051,разжать руку
88,4217.564,4211.282,4221.538,4211.026,4216.154,4209.744,4207.692,4209.103,4210.641,4230.0,4217.179,4185.0,4211.667,4216.026,разжать руку
88,4219.615,4213.974,4217.949,4211.923,4218.077,4214.872,4212.436,4202.564,4204.872,4223.333,4214.744,4186.538,4206.154,4209.872,разжать руку
88,4214.103,4215.128,4212.692,4212.821,4219.615,4205.769,4212.051,4204.872,4200.897,4202.692,4216.538,4180.256,4204.103,4211.154,разжать руку
88,4216.923,4216.795,4215.641,4212.436,4222.949,4200.128,4204.103,4213.974,4207.821,4216.923,4220.897,4185.0,4217.179,4220.0,разжать руку
88,4219.744,4213.974,4217.051,4211.026,4223.974,4207.821,4204.231,4202.436,4201.154,4229.615,4219.359,4190.641,4222.949,4216.795,разжать руку
88,4216.282,4208.077,4208.974,4208.462,4215.0,4208.59,4208.59,4193.205,4194.103,4216.538,4216.026,4187.179,4214.103,4208.59,разжать руку
88,4215.897,4209.872,4211.41,4210.897,4212.564,4204.231,4207.692,4213.718,4212.564,4220.769,4216.154,4187.692,4209.103,4211.795,разжать руку
88,4216.154,4212.692,4220.256,4214.615,4218.59,4212.949,4209.615,4219.359,4220.769,4234.231,4213.846,4189.103,4210.128,4213.846,разжать руку
88,4214.103,4209.231,4217.564,4212.436,4218.59,4220.897,4212.692,4201.923,4206.282,4225.641,4213.333,4186.667,4216.667,4214.615,разжать руку
88,4216.282,4210.385,4216.41,4213.077,4219.744,4215.513,4211.923,4215.256,4209.615,4227.308,4220.385,4189.359,4219.615,4219.231,разжать руку
88,4225.128,4216.41,4224.103,4220.128,4225.641,4215.385,4212.436,4237.821,4220.897,4245.385,4222.308,4192.692,4216.667,4218.846,разжать руку
88,4225.641,4215.385,4227.308,4223.718,4224.872,4221.41,4214.615,4223.59,4209.744,4231.41,4216.923,4188.718,4217.692,4213.846,разжать руку
88,4217.308,4211.154,4222.436,4220.385,4223.077,4215.769,4208.846,4205.128,4198.974,4208.205,4215.128,4185.513,4219.231,4211.923,разжать руку
88,4217.179,4212.179,4218.59,4216.923,4226.41,4209.872,4202.692,4205.641,4203.077,4217.308,4216.026,4186.795,4213.59,4211.795,разжать руку
88,4220.897,4210.0,4216.026,4217.179,4220.256,4215.256,4209.103,4211.795,4206.154,4232.308,4215.0,4188.205,4209.103,4211.026,разжать руку
88,4218.077,4206.795,4216.41,4220.0,4211.154,4212.051,4209.872,4219.103,4211.154,4233.077,4216.282,4191.282,4215.256,4213.462,разжать руку
88,4215.128,4207.308,4217.308,4219.103,4211.795,4206.282,4207.051,4220.769,4215.641,4235.0,4217.949,4188.974,4220.128,4211.538,разжать руку
88,4215.0,4203.846,4212.436,4211.795,4211.667,4211.154,4211.538,4222.051,4218.333,4235.128,4213.846,4182.436,4214.487,4204.615,разжать руку
88,4215.513,4206.154,4213.077,4213.333,4214.615,4211.282,4205.128,4222.308,4218.462,4226.41,4211.923,4184.744,4212.051,4208.846,разжать руку
88,4222.308,4217.692,4222.564,4223.59,4225.513,4206.923,4198.333,4206.538,4205.128,4222.949,4217.308,4187.051,4214.744,4216.41,разжать руку
88,4229.359,4222.436,4225.641,4227.692,4229.744,4207.949,4208.205,4200.513,4202.564,4226.154,4215.0,4184.103,4214.487,4214.231,разжать руку
88,4231.667,4221.667,4222.564,4224.231,4223.718,4208.974,4217.308,4218.205,4217.436,4223.462,4204.487,4186.923,4213.333,4211.154,разжать руку
88,4234.615,4223.205,4227.179,4223.333,4221.154,4215.897,4219.231,4216.026,4210.256,4216.41,4207.308,4192.051,4217.436,4215.385,разжать руку
88,4230.513,4215.769,4225.897,4220.769,4223.077,4222.821,4224.744,4202.308,4194.231,4218.718,4217.564,4190.897,4215.897,4217.436,разжать руку
88,4217.179,4202.308,4214.359,4212.821,4223.462,4219.487,4227.051,4215.641,4205.385,4226.282,4216.41,4184.103,4211.538,4211.923,разжать руку
88,4215.0,4201.282,4213.59,4208.333,4225.0,4217.692,4222.821,4223.077,4218.077,4221.923,4212.821,4180.385,4217.564,4209.231,разжать руку
88,4219.103,4207.308,4219.231,4211.026,4226.923,4222.051,4223.077,4215.256,4216.282,4225.897,4214.744,4188.59,4226.41,4213.846,разжать руку
88,4210.513,4211.026,4213.59,4212.949,4227.436,4222.564,4226.154,4224.615,4219.359,4247.821,4213.205,4192.436,4222.051,4213.205,разжать руку
88,4198.974,4207.051,4204.744,4210.513,4227.308,4224.487,4229.359,4226.026,4217.564,4242.436,4204.231,4181.923,4204.231,4202.436,разжать руку
88,4197.949,4199.359,4203.846,4208.59,4228.333,4230.641,4230.128,4208.846,4209.359,4214.487,4195.513,4175.897,4191.026,4196.923,разжать руку
88,4204.359,4198.718,4204.487,4206.795,4224.615,4225.641,4225.256,4207.821,4210.513,4210.897,4200.385,4181.667,4196.795,4203.846,разжать руку
88,4212.949,4206.282,4211.923,4209.359,4215.256,4216.538,4224.487,4229.103,4221.282,4226.795,4216.154,4193.59,4212.564,4218.077,разжать руку
88,4219.872,4214.359,4225.897,4215.256,4214.872,4214.872,4224.615,4235.769,4226.154,4232.564,4220.641,4196.026,4218.333,4222.692,разжать руку
88,4218.462,4210.897,4225.769,4212.179,4217.821,4212.308,4213.718,4212.564,4213.59,4230.513,4216.154,4188.462,4215.641,4217.179,разжать руку
88,4210.641,4203.718,4214.872,4206.795,4212.308,4210.385,4207.308,4193.205,4199.487,4229.103,4218.077,4186.154,4217.308,4214.487,разжать руку
88,4202.692,4199.103,4209.487,4205.769,4207.821,4210.385,4216.154,4203.077,4206.026,4213.205,4215.256,4185.769,4211.282,4209.744,разжать руку
88,4198.974,4194.487,4208.462,4205.256,4211.154,4209.103,4221.154,4212.692,4213.59,4203.462,4203.077,4183.846,4200.769,4205.513,разжать руку
88,4201.667,4196.41,4207.949,4206.154,4214.615,4209.231,4215.385,4206.667,4209.615,4225.385,4201.667,4183.974,4208.718,4208.077,разжать руку
88,4200.513,4198.846,4205.385,4206.538,4209.103,4207.308,4210.256,4210.897,4211.538,4236.154,4203.974,4182.821,4215.513,4206.282,разжать руку
88,4197.821,4194.872,4202.949,4206.154,4206.41,4203.59,4209.103,4215.769,4212.821,4220.0,4200.385,4177.436,4205.769,4200.128,разжать руку
88,4200.256,4193.59,4208.59,4207.821,4212.692,4208.974,4216.795,4206.538,4203.077,4215.769,4204.487,4177.436,4203.333,4202.692,разжать руку
88,4202.308,4199.103,4215.0,4208.846,4212.436,4216.41,4223.077,4207.949,4199.103,4215.385,4208.333,4181.538,4207.308,4207.692,разжать руку
88,4205.513,4200.256,4213.077,4207.821,4208.59,4210.769,4214.103,4210.769,4204.103,4207.436,4200.385,4179.103,4208.846,4207.436,разжать руку
88,4215.0,4203.077,4216.923,4210.128,4211.538,4205.513,4210.641,4210.641,4212.308,4214.231,4203.077,4177.564,4216.282,4213.077,разжать руку
88,4221.667,4211.923,4230.256,4214.359,4219.359,4214.487,4225.385,4220.128,4220.128,4223.974,4215.641,4182.692,4224.744,4219.744,разжать руку
88,4220.897,4214.487,4233.077,4213.333,4225.641,4223.846,4234.231,4219.103,4216.41,4238.205,4217.179,4183.333,4229.103,4215.256,разжать руку
88,4217.564,4213.59,4227.692,4211.667,4228.59,4218.718,4231.154,4212.564,4213.077,4253.333,4217.051,4182.179,4231.667,4213.333,разжать руку
88,4212.821,4213.333,4224.103,4211.154,4225.641,4212.949,4230.513,4217.051,4217.949,4241.154,4220.0,4181.923,4225.128,4213.974,разжать руку
88,4206.41,4204.487,4213.718,4205.769,4218.974,4216.538,4228.077,4211.154,4211.795,4225.0,4215.128,4171.795,4215.256,4207.051,разжать руку
88,4203.846,4199.359,4206.795,4202.821,4215.128,4218.974,4223.077,4210.641,4208.462,4235.0,4212.949,4168.846,4219.744,4206.667,разжать руку
89,4215.897,4210.256,4214.615,4209.872,4211.026,4210.513,4220.897,4215.128,4212.436,4223.718,4215.0,4179.487,4216.41,4206.923,сжать руку
89,4216.41,4210.0,4208.974,4206.41,4220.385,4211.667,4216.667,4197.949,4200.385,4219.359,4215.256,4176.923,4217.436,4207.821,сжать руку
89,4223.59,4218.846,4215.769,4213.333,4227.051,4211.538,4217.051,4210.641,4211.667,4226.538,4223.205,4181.795,4225.641,4213.846,сжать руку
89,4224.487,4220.0,4219.359,4219.231,4223.077,4208.846,4213.205,4208.077,4214.103,4224.103,4222.692,4182.436,4222.821,4215.128,сжать руку
89,4220.385,4215.0,4217.308,4213.333,4225.769,4209.231,4210.128,4192.949,4202.949,4222.051,4222.308,4179.872,4221.282,4212.949,сжать руку
89,4225.128,4218.846,4223.205,4212.051,4232.821,4214.231,4222.949,4209.872,4214.615,4238.718,4232.949,4185.897,4228.462,4216.667,сжать руку
89,4228.462,4220.769,4227.949,4217.436,4229.103,4222.436,4235.256,4237.692,4236.282,4254.231,4238.718,4193.205,4230.897,4221.538,сжать руку
89,4219.359,4213.718,4224.615,4215.769,4226.795,4221.667,4230.256,4231.667,4231.667,4242.692,4234.231,4189.359,4227.949,4217.308,сжать руку
89,4211.667,4210.0,4218.59,4210.385,4225.256,4215.128,4228.205,4212.051,4217.051,4230.897,4231.923,4180.769,4227.436,4210.256,сжать руку
89,4210.256,4210.256,4215.256,4209.103,4214.615,4216.026,4235.385,4207.564,4217.436,4235.897,4228.718,4174.231,4221.795,4207.308,сжать руку
89,4210.641,4206.41,4215.513,4209.872,4212.692,4214.231,4232.051,4203.077,4214.487,4231.282,4217.949,4176.538,4214.231,4208.333,сжать руку
89,4215.128,4205.128,4215.769,4210.128,4222.436,4203.59,4217.821,4198.846,4204.487,4216.026,4215.0,4180.128,4214.872,4212.051,сжать руку
89,4215.128,4208.333,4215.897,4208.718,4222.051,4198.205,4204.359,4199.359,4206.41,4217.179,4223.462,4177.308,4220.769,4213.59,сжать руку
89,4216.026,4209.615,4222.564,4209.231,4216.154,4202.692,4203.974,4208.718,4219.231,4230.897,4232.564,4182.692,4228.718,4216.154,сжать руку
89,4226.026,4211.667,4231.41,4217.821,4223.59,4208.462,4212.949,4216.795,4220.385,4244.103,4241.154,4188.974,4231.282,4220.641,сжать руку
89,4230.769,4214.231,4234.359,4223.59,4227.179,4209.231,4213.846,4211.667,4214.103,4251.667,4244.872,4185.0,4231.41,4221.282,сжать руку
89,4231.282,4216.026,4239.487,4216.41,4215.385,4207.692,4210.513,4210.256,4217.436,4245.385,4240.897,4184.231,4232.308,4221.282,сжать руку
89,4234.359,4214.615,4240.897,4209.231,4211.923,4208.205,4214.103,4214.359,4219.615,4230.897,4233.718,4186.923,4222.179,4218.718,сжать руку
89,4229.103,4209.744,4229.744,4208.205,4218.59,4211.667,4221.667,4214.103,4216.282,4226.667,4226.026,4183.333,4211.923,4211.41,сжать руку
89,4220.385,4209.872,4226.282,4210.256,4219.359,4210.513,4221.667,4216.41,4221.923,4231.538,4219.872,4180.0,4215.0,4207.949,сжать руку
89,4223.59,4213.846,4234.487,4210.256,4215.385,4207.308,4221.154,4215.897,4221.538,4228.59,4216.538,4184.231,4214.872,4211.795,сжать руку
89,4233.205,4215.897,4237.821,4211.667,4217.179,4209.744,4229.103,4201.923,4205.897,4224.103,4217.949,4188.462,4210.897,4218.205,сжать руку
89,4239.359,4221.41,4237.949,4215.385,4222.308,4212.308,4232.051,4205.256,4206.026,4237.179,4226.923,4189.872,4222.564,4222.179,сжать руку
89,4241.41,4230.0,4241.538,4217.821,4226.667,4210.385,4219.359,4218.333,4220.256,4246.667,4232.949,4191.667,4229.744,4225.0,сжать руку
89,4237.179,4229.231,4239.615,4218.59,4225.385,4206.154,4208.333,4208.333,4216.667,4239.872,4226.154,4188.974,4220.641,4220.769,сжать руку
89,4230.897,4222.308,4232.692,4213.077,4218.205,4205.513,4209.359,4204.615,4210.769,4235.769,4220.641,4183.333,4219.615,4213.333,сжать руку
89,4227.692,4220.256,4230.385,4208.462,4219.744,4209.615,4209.231,4214.872,4218.333,4232.179,4225.385,4185.385,4221.282,4217.564,сжать руку
89,4226.282,4219.487,4232.692,4209.231,4228.333,4211.667,4214.872,4214.359,4218.718,4231.538,4229.487,4190.128,4216.026,4223.462,сжать руку
89,4227.308,4216.026,4235.513,4209.615,4224.872,4208.205,4219.615,4206.667,4213.718,4240.513,4227.949,4187.564,4217.821,4217.051,сжать руку
89,4231.795,4214.872,4234.615,4210.128,4213.077,4207.308,4212.051,4210.0,4216.41,4245.513,4221.667,4183.846,4222.051,4212.692,сжать руку
89,4231.154,4213.846,4229.744,4209.872,4212.436,4208.077,4213.718,4219.487,4218.077,4235.641,4215.128,4181.667,4215.641,4214.487,сжать руку
89,4225.128,4211.923,4223.974,4206.667,4218.077,4205.128,4221.282,4218.974,4217.564,4225.513,4216.154,4183.974,4210.641,4213.462,сжать руку
89,4224.359,4216.282,4226.923,4209.615,4219.231,4206.41,4219.615,4212.949,4216.923,4232.564,4220.256,4189.359,4220.256,4215.128,сжать руку
89,4229.231,4220.513,4235.385,4215.513,4217.436,4209.744,4217.179,4219.231,4216.026,4240.0,4217.051,4190.897,4226.923,4219.744,сжать руку
89,4232.179,4221.282,4235.256,4212.692,4216.538,4207.692,4218.462,4230.641,4219.615,4239.231,4216.538,4190.256,4223.333,4219.487,сжать руку
89,4237.179,4225.385,4230.897,4211.41,4215.256,4207.436,4215.769,4218.205,4221.41,4231.538,4222.308,4190.385,4224.103,4217.692,сжать руку
89,4245.897,4231.667,4234.103,4220.0,4212.051,4209.872,4210.769,4204.359,4211.923,4225.897,4223.462,4195.769,4229.487,4223.205,сжать руку
89,4251.41,4240.641,4241.667,4223.846,4215.0,4202.692,4207.308,4201.41,4205.256,4224.231,4220.641,4199.487,4229.487,4227.308,сжать руку
89,4258.846,4252.949,4243.974,4222.949,4217.949,4194.615,4200.128,4195.897,4211.282,4220.769,4221.667,4195.128,4228.205,4226.41,сжать руку
89,4267.821,4260.513,4245.513,4227.179,4216.282,4203.59,4198.205,4198.205,4215.0,4228.718,4224.872,4195.256,4235.385,4231.026,сжать руку
89,4261.538,4253.205,4243.846,4226.154,4216.026,4208.846,4197.821,4197.436,4207.179,4233.333,4218.462,4193.718,4237.179,4225.256,сжать руку
89,4244.487,4242.821,4232.308,4217.436,4219.744,4198.974,4190.897,4184.615,4196.538,4204.744,4205.641,4185.897,4222.692,4209.487,сжать руку
89,4236.923,4237.564,4222.821,4211.795,4223.59,4199.487,4190.641,4186.795,4199.359,4187.051,4202.949,4183.205,4213.59,4207.436,сжать руку
89,4234.487,4228.59,4221.282,4208.205,4219.231,4206.667,4200.128,4217.179,4216.667,4223.846,4211.667,4186.795,4221.795,4213.077,сжать руку
89,4227.051,4223.077,4222.821,4208.333,4212.308,4202.179,4206.41,4231.282,4220.128,4245.256,4217.436,4190.128,4230.256,4215.385,сжать руку
89,4225.641,4226.41,4222.692,4211.667,4208.462,4200.0,4205.385,4214.615,4208.462,4218.333,4213.974,4188.59,4226.923,4214.615,сжать руку
89,4228.974,4224.487,4221.795,4211.538,4210.897,4204.103,4206.538,4211.667,4211.026,4212.564,4213.205,4187.308,4222.179,4213.205,сжать руку
89,4223.718,4217.821,4222.308,4210.641,4221.154,4209.231,4214.615,4219.744,4221.026,4237.564,4218.077,4190.256,4221.795,4212.821,сжать руку
89,4215.128,4216.41,4221.282,4211.154,4225.897,4212.821,4216.41,4217.564,4217.179,4236.923,4215.769,4191.154,4219.231,4211.795,сжать руку
89,4215.0,4213.333,4216.923,4206.41,4216.538,4205.128,4207.949,4212.949,4211.154,4212.436,4207.564,4187.564,4212.436,4209.872,сжать руку
89,4218.205,4210.256,4217.436,4200.641,4209.359,4199.359,4205.897,4206.282,4208.077,4214.744,4207.436,4183.205,4209.872,4210.641,сжать руку
89,4217.308,4214.103,4219.615,4204.872,4209.231,4206.795,4208.077,4192.436,4199.359,4236.41,4210.897,4185.0,4216.538,4214.231,сжать руку
89,4216.538,4215.128,4216.538,4209.872,4211.667,4209.103,4201.667,4191.923,4200.385,4235.641,4206.154,4187.564,4221.538,4209.615,сжать руку
89,4217.821,4211.538,4216.41,4205.897,4220.128,4203.205,4192.436,4205.385,4209.744,4217.821,4203.846,4183.974,4214.872,4204.872,сжать руку
89,4216.41,4212.436,4218.59,4204.872,4221.41,4205.769,4191.538,4208.333,4207.179,4218.077,4204.744,4184.231,4211.41,4210.769,сжать руку
89,4207.436,4211.795,4213.718,4204.615,4215.385,4212.051,4202.692,4212.436,4208.462,4229.231,4202.564,4187.179,4215.513,4211.282,сжать руку
89,4201.154,4206.923,4205.513,4199.359,4216.41,4211.026,4213.333,4221.667,4220.256,4228.462,4205.641,4187.821,4213.974,4206.667,сжать руку
89,4206.667,4209.872,4208.462,4203.205,4217.308,4210.128,4213.462,4230.385,4228.205,4236.154,4214.231,4190.769,4215.256,4209.231,сжать руку
89,4211.154,4216.667,4213.333,4211.282,4215.256,4209.487,4211.026,4231.923,4230.256,4246.538,4215.128,4190.641,4222.949,4212.436,сжать руку
89,4207.821,4217.436,4210.769,4211.667,4222.436,4211.282,4211.154,4218.205,4225.128,4232.051,4215.128,4188.333,4223.846,4213.333,сжать руку
89,4210.769,4216.923,4212.308,4211.667,4230.0,4215.0,4210.897,4209.744,4218.077,4214.359,4218.718,4191.026,4218.333,4211.538,сжать руку
89,4215.385,4214.615,4213.974,4211.026,4226.282,4211.538,4206.795,4209.872,4211.795,4217.436,4211.026,4192.179,4213.59,4207.821,сжать руку
89,4206.154,4206.026,4207.949,4204.615,4221.41,4207.179,4203.077,4205.769,4206.026,4223.077,4200.256,4187.051,4207.179,4207.692,сжать руку
89,4203.974,4206.923,4209.872,4205.256,4219.744,4208.077,4196.41,4203.846,4205.0,4221.282,4204.487,4186.923,4209.487,4210.513,сжать руку
89,4220.513,4220.897,4223.59,4218.59,4220.385,4210.769,4194.487,4210.0,4213.846,4228.462,4217.179,4195.385,4220.385,4215.256,сжать руку
89,4228.333,4226.667,4229.615,4223.846,4226.795,4214.487,4203.846,4217.308,4220.256,4244.103,4218.333,4197.564,4222.949,4217.821,сжать руку
89,4220.0,4218.333,4224.359,4212.564,4226.923,4213.974,4209.487,4221.282,4217.051,4243.205,4212.436,4190.385,4220.513,4210.769,сжать руку
89,4214.359,4211.923,4219.487,4206.282,4216.026,4207.308,4210.0,4224.231,4217.949,4218.846,4215.769,4189.487,4221.026,4205.385,сжать руку
89,4207.436,4212.436,4215.513,4212.308,4215.385,4207.692,4212.564,4225.128,4224.231,4214.231,4218.974,4193.59,4218.846,4206.282,сжать руку
89,4199.744,4210.897,4211.667,4211.795,4223.205,4213.846,4212.821,4223.718,4226.41,4241.667,4216.154,4191.923,4219.231,4208.205,сжать руку
89,4202.308,4208.077,4209.744,4207.308,4218.718,4214.487,4210.0,4224.103,4226.41,4245.513,4216.923,4186.282,4221.538,4208.974,сжать руку
89,4200.0,4205.385,4206.026,4207.949,4213.462,4215.769,4213.462,4233.077,4228.077,4224.872,4211.923,4184.872,4214.103,4207.051,сжать руку
89,4194.103,4204.359,4202.564,4206.154,4223.974,4219.487,4213.974,4229.487,4225.897,4227.821,4202.821,4187.949,4212.692,4206.41,сжать руку
89,4202.692,4209.487,4208.718,4205.513,4230.513,4217.179,4205.513,4208.333,4218.59,4235.897,4207.179,4188.718,4222.821,4207.949,сжать руку
89,4204.231,4210.0,4211.923,4207.436,4220.128,4210.256,4210.641,4202.051,4212.436,4227.436,4208.205,4187.179,4216.923,4206.923,сжать руку
89,4191.026,4205.0,4201.667,4203.846,4217.308,4207.949,4213.333,4205.0,4207.821,4227.179,4198.718,4185.385,4205.0,4203.333,сжать руку
89,4193.718,4208.462,4198.59,4202.821,4222.692,4209.103,4196.41,4205.769,4209.487,4219.103,4203.59,4185.513,4210.897,4201.538,сжать руку
89,4206.41,4217.051,4209.359,4210.0,4223.077,4208.974,4187.692,4215.769,4220.128,4208.718,4209.872,4190.0,4220.256,4206.923,сжать руку
89,4206.154,4217.949,4212.949,4211.923,4225.513,4208.974,4198.333,4216.026,4222.179,4233.333,4203.846,4190.769,4221.795,4211.667,сжать руку
89,4204.103,4215.385,4207.821,4207.692,4224.872,4209.615,4206.795,4206.795,4212.564,4253.59,4202.308,4187.821,4221.026,4211.41,сжать руку
89,4204.615,4217.051,4204.103,4207.179,4217.949,4209.103,4207.821,4220.385,4217.179,4239.744,4207.308,4189.744,4218.59,4209.359,сжать руку
89,4200.641,4217.564,4204.103,4209.359,4211.923,4208.718,4209.231,4232.949,4229.231,4237.051,4211.026,4195.256,4220.897,4207.949,сжать руку
89,4202.564,4218.718,4208.205,4211.41,4211.154,4211.282,4208.077,4217.436,4227.436,4248.846,4217.949,4200.641,4227.051,4211.795,сжать руку
89,4206.538,4217.308,4206.795,4207.821,4216.923,4209.872,4209.872,4206.795,4216.282,4236.154,4219.103,4197.179,4219.744,4211.667,сжать руку
89,4199.744,4211.154,4198.974,4200.769,4221.282,4204.103,4209.487,4210.897,4213.462,4226.41,4207.821,4187.564,4210.0,4205.385,сжать руку
89,4200.128,4212.308,4198.974,4206.026,4217.692,4207.564,4205.641,4213.59,4219.103,4233.077,4204.872,4186.667,4218.974,4209.487,сжать руку
89,4209.872,4216.667,4201.667,4213.718,4215.128,4215.513,4209.359,4213.205,4220.513,4228.205,4210.769,4188.974,4223.205,4213.59,сжать руку
89,4205.641,4210.769,4192.821,4208.205,4219.231,4213.077,4212.051,4207.692,4215.0,4222.179,4206.923,4187.051,4211.41,4206.538,сжать руку
89,4203.59,4210.897,4193.077,4207.051,4221.154,4209.872,4207.692,4206.795,4216.538,4237.051,4205.128,4188.462,4214.872,4206.41,сжать руку
89,4215.256,4221.667,4205.641,4213.205,4212.436,4210.897,4204.615,4214.103,4225.769,4247.179,4215.256,4189.872,4230.769,4216.154,сжать руку
89,4215.128,4219.231,4204.615,4211.41,4205.128,4207.564,4200.769,4215.0,4225.897,4231.538,4216.923,4189.103,4226.282,4217.179,сжать руку
89,4209.487,4214.231,4198.59,4210.513,4215.513,4206.667,4194.103,4207.051,4217.692,4225.385,4208.846,4190.0,4218.462,4209.872,сжать руку
89,4213.077,4220.256,4203.077,4213.974,4224.359,4208.462,4197.179,4209.359,4215.513,4234.359,4214.615,4190.897,4226.923,4210.128,сжать руку
89,4211.795,4216.923,4203.718,4212.821,4215.769,4208.077,4209.872,4220.385,4219.359,4237.564,4219.744,4191.282,4228.846,4211.667,сжать руку
89,4204.744,4208.59,4195.256,4209.487,4213.846,4207.692,4211.41,4217.949,4222.564,4227.564,4212.692,4190.769,4222.179,4206.667,сжать руку
89,4205.128,4210.128,4194.487,4207.949,4217.308,4209.487,4204.103,4209.103,4220.128,4216.538,4214.103,4190.897,4220.128,4206.154,сжать руку
89,4206.154,4210.0,4197.436,4206.538,4213.718,4209.359,4203.077,4209.487,4217.949,4225.256,4220.385,4188.974,4221.538,4207.949,сжать руку
89,4198.333,4203.333,4191.282,4206.795,4211.667,4206.41,4201.41,4209.487,4216.923,4233.974,4218.846,4187.179,4220.256,4206.923,сжать руку
89,4190.897,4205.256,4188.718,4207.821,4213.462,4206.026,4201.026,4205.769,4216.667,4228.205,4216.667,4188.205,4219.615,4207.308,сжать руку
89,4194.359,4209.872,4192.949,4205.897,4214.615,4208.205,4206.538,4208.59,4219.231,4224.744,4220.128,4190.385,4220.897,4208.077,сжать руку
90,4188.077,4207.179,4192.436,4208.974,4214.103,4207.949,4211.667,4222.949,4223.718,4227.564,4220.385,4190.0,4216.026,4208.846,разжать руку
90,4186.41,4207.564,4192.308,4208.718,4207.692,4207.436,4205.0,4210.256,4216.538,4219.231,4216.923,4185.641,4212.308,4207.692,разжать руку
90,4197.051,4206.795,4199.103,4211.026,4210.0,4209.359,4199.231,4203.59,4212.692,4219.744,4220.385,4190.897,4218.077,4209.359,разжать руку
90,4206.154,4211.282,4208.974,4215.256,4211.154,4210.0,4205.256,4222.436,4223.718,4228.462,4230.256,4197.436,4224.487,4215.385,разжать руку
90,4219.231,4226.795,4219.744,4219.872,4207.436,4211.154,4212.436,4241.795,4237.051,4238.205,4237.564,4202.179,4229.231,4224.231,разжать руку
90,4235.256,4240.0,4227.949,4226.923,4208.974,4212.564,4213.462,4229.359,4227.179,4240.385,4237.436,4201.154,4236.923,4226.923,разжать руку
90,4238.974,4239.231,4225.256,4227.436,4209.359,4206.923,4213.59,4215.128,4213.333,4223.333,4233.462,4194.872,4239.103,4223.974,разжать руку
90,4242.692,4242.692,4223.333,4224.487,4206.41,4203.974,4211.667,4215.0,4217.436,4204.744,4234.231,4196.154,4239.103,4227.436,разжать руку
90,4254.231,4260.385,4236.282,4231.538,4208.333,4208.718,4201.282,4203.077,4217.564,4217.051,4238.205,4204.231,4242.308,4232.308,разжать руку
90,4255.897,4263.59,4241.282,4236.026,4219.872,4205.128,4194.487,4193.333,4208.974,4230.513,4236.282,4204.615,4238.974,4228.59,разжать руку
90,4252.179,4251.282,4230.513,4227.821,4220.385,4198.333,4194.872,4204.231,4211.282,4217.692,4232.179,4197.692,4234.872,4223.974,разжать руку
90,4249.103,4247.308,4225.897,4223.462,4205.385,4200.513,4192.821,4208.846,4215.385,4213.077,4231.795,4194.487,4236.154,4222.949,разжать руку
90,4235.256,4243.718,4223.718,4227.179,4202.821,4201.795,4199.231,4205.128,4210.513,4221.923,4229.487,4193.974,4229.744,4221.923,разжать руку
90,4224.231,4231.026,4218.59,4225.769,4215.897,4202.179,4207.436,4209.103,4210.897,4219.872,4227.436,4190.0,4221.282,4217.692,разжать руку
90,4224.744,4223.462,4220.641,4223.333,4213.333,4206.026,4199.744,4205.769,4213.462,4220.897,4225.128,4188.205,4224.231,4214.103,разжать руку
90,4224.744,4225.513,4227.821,4226.538,4200.256,4204.615,4191.795,4208.462,4217.564,4225.513,4220.769,4192.564,4224.744,4215.641,разжать руку
90,4221.026,4223.59,4227.051,4226.41,4207.436,4202.051,4201.282,4217.949,4223.974,4209.744,4219.744,4195.641,4214.487,4216.026,разжать руку
90,4217.436,4215.513,4218.333,4219.872,4217.692,4207.179,4212.051,4204.487,4213.462,4202.949,4220.513,4192.821,4216.154,4212.564,разжать руку
90,4210.128,4211.026,4210.769,4215.513,4211.026,4208.59,4206.923,4193.077,4204.487,4221.154,4217.821,4190.385,4220.0,4210.513,разжать руку
90,4208.462,4212.308,4212.564,4219.872,4204.744,4203.846,4199.359,4215.897,4220.641,4234.103,4221.282,4197.179,4214.231,4216.667,разжать руку
90,4218.462,4221.923,4220.769,4230.128,4211.538,4208.59,4203.462,4226.795,4228.718,4236.154,4232.949,4202.436,4222.179,4224.615,разжать руку
90,4220.256,4227.179,4220.385,4234.103,4216.026,4212.821,4212.051,4207.949,4218.974,4236.538,4234.615,4194.103,4231.026,4223.077,разжать руку
90,4215.897,4224.103,4213.718,4229.872,4213.077,4206.538,4213.205,4214.615,4225.641,4233.59,4224.744,4189.744,4222.949,4220.513,разжать руку
90,4218.974,4222.436,4213.974,4227.051,4216.026,4205.897,4212.949,4223.718,4230.513,4227.949,4215.897,4193.205,4216.667,4217.949,разжать руку
90,4218.59,4220.897,4220.385,4227.308,4218.59,4211.538,4220.0,4205.0,4213.077,4218.846,4215.0,4191.923,4218.59,4212.692,разжать руку
90,4206.923,4213.846,4224.359,4225.769,4216.41,4210.769,4221.41,4196.923,4202.692,4211.538,4217.821,4190.385,4214.103,4209.615,разжать руку
90,4202.692,4209.103,4222.949,4221.667,4212.179,4207.564,4211.538,4205.897,4208.718,4216.154,4216.538,4191.795,4209.744,4207.051,разжать руку
90,4212.308,4214.103,4219.744,4222.308,4210.897,4207.949,4205.897,4206.795,4215.0,4214.359,4217.179,4193.974,4214.487,4208.974,разжать руку
90,4210.769,4217.692,4217.308,4224.487,4211.41,4210.385,4216.923,4207.564,4218.205,4209.744,4222.564,4195.385,4218.846,4212.949,разжать руку
90,4197.179,4208.333,4210.641,4215.897,4204.103,4211.41,4223.205,4209.359,4214.872,4218.59,4220.897,4190.256,4213.718,4210.0,разжать руку
90,4196.538,4200.641,4205.641,4208.846,4199.872,4205.128,4205.128,4205.513,4213.205,4227.564,4215.513,4187.179,4204.359,4209.872,разжать руку
90,4210.769,4209.744,4214.103,4215.769,4208.077,4198.59,4193.077,4213.59,4222.308,4228.59,4223.205,4193.205,4211.026,4215.897,разжать руку
90,4219.231,4218.205,4228.333,4223.846,4211.154,4205.128,4208.205,4227.051,4226.667,4231.282,4230.897,4198.718,4225.513,4219.103,разжать руку
90,4220.128,4212.308,4231.923,4221.795,4205.641,4211.026,4221.154,4230.897,4228.59,4235.513,4222.179,4194.487,4223.333,4217.821,разжать руку
90,4223.974,4214.103,4229.103,4221.282,4211.026,4207.436,4212.308,4218.205,4227.949,4230.513,4214.872,4188.59,4217.051,4219.615,разжать руку
90,4226.667,4224.359,4231.538,4230.0,4220.0,4211.026,4205.513,4199.615,4218.974,4221.282,4218.846,4191.667,4220.256,4220.0,разжать руку
90,4220.0,4216.026,4230.641,4227.949,4215.641,4217.051,4216.667,4199.744,4211.923,4220.641,4219.231,4191.795,4217.308,4211.795,разжать руку
90,4209.231,4203.59,4224.231,4217.436,4203.205,4209.359,4219.103,4209.487,4216.282,4219.615,4216.282,4189.872,4212.436,4207.564,разжать руку
90,4205.128,4211.154,4224.872,4222.564,4202.821,4205.513,4211.154,4214.487,4229.359,4216.154,4223.205,4193.846,4218.205,4212.308,разжать руку
90,4205.385,4215.256,4226.538,4228.718,4216.154,4216.923,4216.923,4214.744,4231.026,4224.744,4226.154,4196.282,4218.462,4213.077,разжать руку
90,4208.846,4210.0,4222.436,4223.846,4218.846,4222.692,4225.897,4215.641,4222.436,4237.051,4220.128,4193.205,4214.615,4211.667,разжать руку
90,4214.231,4213.846,4223.846,4226.026,4213.846,4212.051,4216.41,4220.0,4221.667,4238.846,4220.641,4192.436,4221.923,4212.949,разжать руку
90,4217.308,4215.897,4226.795,4230.128,4217.179,4204.615,4203.718,4221.538,4222.436,4232.051,4218.205,4195.513,4219.359,4213.077,разжать руку
90,4218.718,4209.487,4223.59,4221.154,4218.333,4211.538,4207.692,4208.846,4215.513,4219.103,4207.821,4193.974,4203.974,4211.026,разжать руку
90,4218.333,4208.077,4223.462,4215.256,4208.59,4211.026,4212.949,4204.487,4217.949,4217.821,4207.821,4192.308,4206.923,4212.179,разжать руку
90,4217.564,4210.0,4226.026,4219.231,4201.41,4202.308,4208.077,4217.308,4225.256,4225.641,4216.923,4197.051,4219.359,4215.385,разжать руку
90,4219.103,4210.513,4225.513,4216.154,4203.462,4207.308,4207.308,4216.41,4220.385,4213.462,4216.154,4199.359,4217.692,4211.923,разжать руку
90,4214.487,4207.179,4218.974,4208.462,4205.513,4215.769,4216.538,4210.256,4221.667,4203.077,4212.821,4196.795,4211.923,4208.077,разжать руку
90,4203.974,4197.051,4211.026,4204.615,4202.051,4213.333,4224.487,4221.923,4229.103,4226.538,4216.667,4198.59,4208.205,4209.615,разжать руку
90,4205.0,4193.974,4215.0,4206.795,4198.718,4211.026,4225.897,4224.103,4222.949,4233.59,4219.231,4203.462,4207.949,4209.615,разжать руку
90,4211.923,4203.077,4220.897,4210.385,4201.538,4210.0,4225.897,4210.0,4217.949,4210.256,4219.872,4205.897,4215.513,4210.0,разжать руку
90,4213.462,4213.846,4217.564,4214.872,4212.308,4210.769,4220.897,4205.897,4218.846,4212.051,4219.103,4205.128,4219.359,4210.513,разжать руку
90,4218.59,4222.692,4215.769,4220.128,4222.436,4217.051,4210.897,4207.051,4212.692,4228.462,4215.897,4203.974,4215.897,4209.103,разжать руку
90,4224.231,4222.436,4221.282,4220.897,4217.564,4216.41,4210.641,4209.487,4212.308,4223.974,4214.872,4207.436,4214.231,4213.718,разжать руку
90,4224.744,4215.0,4225.513,4219.487,4208.718,4208.205,4215.897,4220.385,4223.205,4213.333,4214.615,4208.333,4211.923,4219.231,разжать руку
90,4231.282,4216.795,4228.846,4220.897,4209.487,4208.974,4211.282,4222.051,4223.974,4217.564,4211.154,4209.359,4209.359,4219.744,разжать руку
90,4235.897,4225.513,4232.436,4223.333,4215.897,4213.718,4210.256,4210.513,4217.692,4226.026,4209.359,4213.333,4215.256,4218.462,разжать руку
90,4220.897,4218.333,4223.59,4219.872,4214.359,4211.026,4217.179,4203.846,4217.051,4220.385,4214.231,4211.538,4214.487,4210.897,разжать руку
90,4206.154,4201.41,4214.231,4213.333,4207.564,4209.487,4219.231,4216.026,4224.744,4222.051,4218.718,4211.41,4203.718,4204.615,разжать руку
90,4208.718,4198.846,4219.231,4212.179,4210.897,4212.692,4216.026,4235.256,4231.41,4233.333,4217.564,4215.513,4202.179,4205.256,разжать руку
90,4209.872,4205.385,4222.051,4215.256,4217.564,4213.077,4210.0,4234.231,4227.564,4224.487,4217.051,4216.667,4208.205,4207.179,разжать руку
90,4210.272,4205.224,4220.881,4214.487,4215.16,4213.462,4211.538,4232.708,4226.795,4223.494,4215.064,4216.122,4207.196,4207.628,разжать руку
90,4210.673,4205.064,4219.712,4213.718,4212.756,4213.846,4213.077,4231.186,4226.026,4222.5,4213.077,4215.577,4206.186,4208.077,разжать руку
90,4211.074,4204.904,4218.542,4212.949,4210.353,4214.231,4214.615,4229.663,4225.256,4221.506,4211.09,4215.032,4205.176,4208.526,разжать руку
90,4211.474,4204.744,4217.372,4212.179,4207.949,4214.615,4216.154,4228.141,4224.487,4220.513,4209.103,4214.487,4204.167,4208.974,разжать руку
90,4211.875,4204.583,4216.202,4211.41,4205.545,4215.0,4217.692,4226.619,4223.718,4219.519,4207.115,4213.942,4203.157,4209.423,разжать руку
90,4212.276,4204.423,4215.032,4210.641,4203.141,4215.385,4219.231,4225.096,4222.949,4218.526,4205.128,4213.397,4202.147,4209.872,разжать руку
90,4212.676,4204.263,4213.862,4209.872,4200.737,4215.769,4220.769,4223.574,4222.179,4217.532,4203.141,4212.853,4201.138,4210.321,разжать руку
90,4213.077,4204.103,4212.692,4209.103,4198.333,4216.154,4222.308,4222.051,4221.41,4216.538,4201.154,4212.308,4200.128,4210.769,разжать руку
90,4210.641,4200.0,4206.026,4207.949,4200.256,4213.59,4225.0,4222.821,4224.103,4222.564,4203.462,4211.026,4204.231,4206.795,разжать руку
90,4211.923,4206.41,4210.897,4210.128,4213.205,4204.872,4213.846,4218.846,4226.282,4224.487,4212.436,4215.385,4208.205,4208.077,разжать руку
90,4217.949,4210.256,4219.487,4217.949,4207.949,4205.513,4208.333,4209.487,4213.077,4206.41,4212.051,4222.949,4208.205,4211.026,разжать руку
90,4216.026,4206.154,4215.513,4222.436,4199.103,4209.231,4220.0,4202.436,4200.641,4186.538,4201.026,4217.179,4186.923,4205.385,разжать руку
90,4215.0,4209.103,4210.897,4218.59,4203.333,4205.513,4218.333,4202.564,4204.872,4193.333,4199.744,4210.769,4183.333,4202.179,разжать руку
90,4218.718,4212.821,4211.026,4216.154,4210.256,4204.744,4208.974,4208.333,4210.513,4199.872,4200.385,4213.462,4202.436,4205.897,разжать руку
90,4216.923,4210.513,4209.744,4216.026,4215.769,4212.051,4216.41,4213.718,4212.436,4195.641,4196.795,4215.385,4205.897,4208.59,разжать руку
90,4216.795,4213.333,4207.564,4215.256,4218.205,4215.897,4219.103,4204.359,4214.231,4201.154,4198.59,4210.769,4198.846,4209.487,разжать руку
90,4220.128,4216.282,4208.205,4217.821,4219.103,4207.564,4203.462,4195.513,4210.128,4195.385,4198.974,4203.333,4199.744,4207.051,разжать руку
90,4217.436,4213.846,4209.872,4218.59,4220.385,4206.282,4199.231,4210.385,4210.513,4189.744,4197.051,4206.795,4202.436,4206.154,разжать руку
90,4212.821,4209.359,4209.615,4214.103,4215.385,4216.154,4214.487,4219.744,4214.103,4210.385,4199.231,4214.487,4201.41,4206.154,разжать руку
90,4210.256,4206.795,4206.282,4216.026,4212.949,4215.641,4214.231,4204.231,4212.949,4211.923,4201.41,4212.179,4201.41,4203.718,разжать руку
90,4206.538,4206.923,4206.538,4220.769,4218.718,4208.205,4205.513,4203.205,4216.026,4195.0,4201.026,4210.513,4203.846,4202.949,разжать руку
90,4202.436,4204.103,4210.641,4216.41,4215.0,4210.128,4216.923,4221.282,4218.718,4204.103,4201.667,4211.667,4204.103,4200.385,разжать руку
90,4201.282,4200.0,4210.0,4213.333,4204.615,4213.59,4225.0,4217.308,4214.487,4217.436,4200.385,4208.205,4195.128,4199.359,разжать руку
90,4202.692,4203.974,4206.154,4220.897,4207.949,4210.513,4218.59,4197.564,4207.179,4205.128,4194.359,4203.59,4192.179,4203.077,разжать руку
90,4209.487,4217.179,4204.744,4226.154,4217.179,4205.513,4211.923,4189.231,4197.692,4190.897,4188.718,4200.897,4198.205,4203.077,разжать руку
90,4215.128,4219.744,4200.641,4221.282,4218.077,4203.333,4207.179,4198.846,4199.487,4191.667,4183.846,4202.436,4191.667,4200.769,разжать руку
90,4212.692,4213.462,4198.077,4217.692,4217.436,4206.923,4203.59,4214.231,4214.872,4195.385,4184.103,4203.59,4185.769,4201.282,разжать руку
90,4212.821,4217.692,4205.385,4223.077,4218.462,4210.513,4203.205,4208.974,4215.769,4196.538,4192.821,4204.872,4195.0,4205.256,разжать руку
90,4220.256,4222.308,4211.667,4224.615,4216.538,4208.846,4198.974,4200.513,4208.077,4197.308,4204.103,4209.615,4203.974,4209.359,разжать руку
90,4220.256,4215.897,4208.846,4217.821,4215.0,4208.462,4197.051,4210.641,4214.103,4201.026,4211.667,4211.795,4205.0,4209.487,разжать руку
90,4211.41,4209.487,4206.667,4213.333,4215.256,4215.513,4209.103,4214.744,4217.692,4209.744,4213.718,4213.333,4203.846,4208.205,разжать руку
90,4209.359,4209.744,4211.923,4218.077,4217.308,4220.128,4213.462,4205.641,4218.333,4214.615,4219.615,4220.128,4205.769,4209.487,разжать руку
90,4212.821,4205.641,4212.692,4217.821,4217.308,4212.949,4204.487,4212.949,4226.154,4207.308,4224.103,4223.462,4205.256,4209.359,разжать руку
90,4214.231,4201.538,4208.205,4211.923,4216.282,4205.513,4205.256,4224.231,4225.769,4206.154,4218.846,4216.026,4202.051,4206.41,разжать руку
90,4216.026,4207.692,4212.436,4215.641,4216.154,4210.769,4211.282,4214.359,4220.513,4224.487,4219.615,4212.949,4206.795,4206.282,разжать руку
90,4214.359,4210.0,4216.026,4217.949,4210.769,4217.436,4214.744,4207.821,4224.359,4233.333,4228.974,4218.718,4211.026,4209.615,разжать руку
90,4216.923,4210.0,4215.256,4216.282,4204.872,4212.692,4211.41,4218.846,4222.051,4225.513,4225.385,4217.564,4209.487,4209.744,разжать руку
90,4228.846,4214.615,4220.641,4219.615,4209.487,4204.615,4198.077,4219.615,4213.846,4220.897,4213.846,4214.615,4208.846,4210.0,разжать руку
90,4229.872,4215.769,4224.231,4221.026,4220.641,4206.154,4192.179,4212.051,4217.308,4216.282,4215.641,4220.0,4207.308,4214.872,разжать руку
91,4224.487,4214.487,4222.692,4223.462,4212.436,4216.154,4214.103,4210.0,4212.179,4217.179,4228.846,4218.077,4213.718,4213.974,сжать руку
91,4233.333,4221.41,4229.359,4231.154,4215.385,4213.718,4210.769,4213.077,4216.154,4210.385,4231.923,4220.128,4216.026,4218.205,сжать руку
91,4232.179,4216.667,4228.718,4226.667,4217.564,4219.487,4205.769,4232.051,4232.564,4214.744,4232.436,4223.846,4219.487,4218.077,сжать руку
91,4225.897,4212.179,4225.897,4225.128,4215.769,4223.59,4209.744,4230.769,4233.205,4240.513,4233.59,4220.385,4220.769,4215.769,сжать руку
91,4224.615,4213.974,4227.051,4228.077,4215.128,4218.846,4215.513,4206.282,4218.462,4246.667,4233.974,4212.692,4208.846,4217.692,сжать руку
91,4223.205,4213.077,4225.641,4224.487,4216.026,4212.821,4210.641,4208.333,4216.282,4230.513,4229.103,4207.692,4206.282,4219.359,сжать руку
91,4222.051,4211.154,4223.333,4222.051,4214.744,4212.436,4203.846,4226.923,4224.359,4226.538,4222.821,4207.051,4219.615,4216.41,сжать руку
91,4222.821,4211.538,4220.897,4224.744,4209.103,4215.641,4205.128,4209.615,4216.026,4227.436,4220.256,4204.872,4218.718,4214.231,сжать руку
91,4222.821,4213.077,4219.231,4226.667,4209.872,4216.795,4203.59,4189.231,4202.692,4215.128,4220.769,4202.821,4209.231,4215.897,сжать руку
91,4218.59,4213.205,4216.154,4223.59,4216.026,4213.462,4194.744,4200.641,4205.897,4206.795,4216.923,4199.744,4207.949,4212.564,сжать руку
91,4211.538,4206.41,4210.256,4219.103,4211.667,4210.256,4192.949,4214.872,4213.718,4207.692,4212.436,4196.538,4203.462,4207.436,сжать руку
91,4212.692,4202.564,4208.077,4218.59,4202.564,4208.846,4202.051,4217.308,4218.333,4212.692,4213.974,4198.205,4200.128,4208.333,сжать руку
91,4213.205,4207.692,4207.051,4217.179,4206.282,4207.436,4210.385,4213.333,4219.487,4216.282,4216.026,4199.231,4204.744,4209.103,сжать руку
91,4213.718,4215.128,4208.077,4219.103,4211.667,4212.692,4208.205,4206.026,4211.667,4211.282,4217.308,4201.923,4209.231,4214.615,сжать руку
91,4230.641,4227.692,4221.026,4230.385,4210.641,4218.974,4203.718,4202.436,4205.769,4212.308,4220.256,4206.795,4216.41,4225.128,сжать руку
91,4253.462,4241.538,4235.0,4239.231,4211.538,4212.692,4203.846,4217.179,4213.462,4218.205,4218.077,4207.692,4223.59,4229.231,сжать руку
91,4266.41,4253.462,4241.538,4240.0,4215.0,4203.462,4200.0,4229.231,4213.718,4206.41,4218.846,4209.359,4223.205,4230.0,сжать руку
91,4267.179,4258.846,4243.077,4241.154,4212.949,4202.692,4192.564,4211.795,4202.949,4192.564,4223.462,4209.872,4216.923,4229.744,сжать руку
91,4261.538,4253.462,4236.538,4244.487,4206.026,4205.128,4191.154,4201.282,4211.795,4206.026,4221.667,4206.795,4217.436,4228.333,сжать руку
91,4252.308,4244.487,4228.974,4239.615,4206.795,4208.333,4199.615,4212.821,4221.026,4221.026,4216.667,4200.256,4219.359,4226.923,сжать руку
91,4247.179,4239.359,4224.615,4227.692,4212.436,4208.974,4199.231,4209.744,4205.0,4206.41,4208.59,4194.615,4213.333,4221.923,сжать руку
91,4245.128,4235.641,4222.308,4224.103,4210.769,4206.795,4189.744,4200.256,4197.692,4196.795,4203.59,4197.564,4212.949,4219.103,сжать руку
91,4242.692,4227.949,4224.231,4230.0,4205.256,4205.513,4194.359,4216.667,4212.436,4211.923,4212.051,4203.462,4217.564,4220.256,сжать руку
91,4241.154,4223.205,4226.795,4231.667,4203.205,4204.872,4201.282,4226.026,4218.333,4219.487,4219.487,4206.026,4217.692,4220.128,сжать руку
91,4239.359,4222.564,4227.308,4228.59,4204.744,4208.077,4204.615,4217.051,4216.538,4217.949,4223.462,4209.744,4217.949,4217.821,сжать руку
91,4236.41,4221.41,4226.667,4228.077,4203.846,4211.026,4216.795,4222.308,4220.513,4224.872,4229.872,4211.154,4219.872,4217.564,сжать руку
91,4232.949,4213.974,4220.385,4227.564,4204.103,4207.692,4225.256,4225.897,4220.385,4220.513,4228.333,4204.103,4216.154,4217.436,сжать руку
91,4230.256,4209.359,4211.282,4225.769,4207.692,4206.667,4211.667,4211.795,4214.103,4208.333,4218.077,4199.231,4210.897,4213.974,сжать руку
91,4232.564,4219.103,4213.333,4227.564,4209.487,4211.667,4199.231,4205.385,4211.795,4213.974,4217.692,4205.513,4215.0,4215.385,сжать руку
91,4235.128,4227.051,4215.385,4230.897,4211.282,4211.667,4208.333,4210.256,4212.051,4217.564,4221.538,4205.769,4219.231,4216.923,сжать руку
91,4229.872,4220.769,4208.205,4227.179,4214.744,4203.333,4208.974,4210.897,4212.821,4211.795,4217.051,4197.051,4216.282,4214.744,сжать руку
91,4224.487,4214.231,4208.333,4222.051,4210.128,4202.308,4195.385,4216.154,4217.179,4225.0,4217.179,4199.872,4216.667,4219.103,сжать руку
91,4221.538,4215.513,4213.205,4224.103,4203.974,4208.462,4189.487,4219.615,4218.077,4238.077,4223.077,4204.359,4222.692,4220.769,сжать руку
91,4218.718,4216.41,4211.538,4229.103,4206.026,4209.231,4194.231,4210.0,4211.154,4226.795,4223.205,4198.333,4218.846,4215.256,сжать руку
91,4217.051,4212.179,4207.821,4227.308,4207.564,4205.641,4201.41,4204.744,4208.333,4216.795,4215.385,4193.205,4203.974,4212.821,сжать руку
91,4213.846,4207.051,4205.641,4220.897,4204.615,4206.923,4209.359,4212.564,4213.59,4216.795,4214.103,4193.846,4203.974,4211.795,сжать руку
91,4212.051,4205.769,4200.513,4221.923,4201.154,4213.333,4214.872,4226.795,4223.333,4221.667,4221.667,4200.641,4211.923,4211.538,сжать руку
91,4212.564,4206.923,4195.641,4225.897,4205.897,4215.513,4213.846,4223.462,4222.564,4231.538,4220.0,4201.795,4207.308,4210.769,сжать руку
91,4213.974,4205.385,4195.641,4223.333,4209.744,4207.949,4210.769,4205.897,4212.949,4225.385,4215.0,4197.564,4200.385,4209.615,сжать руку
91,4215.769,4207.949,4200.897,4222.949,4202.564,4206.667,4213.846,4205.128,4214.359,4218.462,4218.333,4199.615,4209.872,4212.436,сжать руку
91,4215.256,4210.0,4203.462,4225.513,4201.154,4214.231,4218.333,4212.821,4217.821,4228.077,4219.744,4199.487,4217.821,4213.077,сжать руку
91,4213.462,4203.59,4196.923,4220.513,4211.795,4207.949,4210.385,4203.974,4205.385,4215.385,4210.256,4194.231,4207.436,4211.538,сжать руку
91,4215.385,4204.615,4197.051,4217.821,4213.077,4197.051,4196.41,4197.436,4201.026,4192.564,4208.846,4194.615,4205.128,4216.538,сжать руку
91,4218.333,4208.077,4206.282,4219.359,4202.179,4203.59,4200.256,4216.795,4221.538,4211.538,4216.026,4198.974,4211.154,4221.667,сжать руку
91,4215.897,4200.128,4202.564,4213.974,4198.59,4212.949,4210.128,4220.897,4225.641,4228.205,4210.128,4196.923,4204.872,4215.385,сжать руку
91,4214.615,4199.103,4193.462,4212.692,4199.487,4210.256,4206.026,4207.564,4216.923,4213.718,4206.667,4197.051,4201.154,4210.641,сжать руку
91,4218.462,4209.872,4202.564,4223.846,4200.385,4208.59,4203.718,4216.282,4223.333,4215.513,4214.744,4203.974,4212.436,4217.949,сжать руку
91,4218.718,4209.487,4211.538,4223.846,4206.667,4209.744,4208.974,4217.179,4218.462,4225.256,4209.744,4198.205,4210.0,4215.513,сжать руку
91,4214.744,4201.026,4198.974,4211.282,4207.564,4204.359,4202.051,4191.795,4195.897,4209.487,4195.513,4184.872,4193.333,4205.769,сжать руку
91,4212.564,4198.59,4187.692,4210.256,4199.744,4195.641,4189.744,4192.051,4196.154,4197.051,4198.974,4186.923,4194.103,4208.718,сжать руку
91,4213.077,4198.462,4193.462,4216.923,4192.308,4195.641,4196.538,4219.615,4215.256,4205.897,4205.256,4192.436,4200.256,4212.308,сжать руку
91,4215.641,4201.026,4197.949,4219.103,4195.128,4206.41,4210.256,4215.897,4210.128,4207.308,4200.0,4188.333,4199.231,4211.538,сжать руку
91,4221.282,4210.0,4198.846,4223.974,4207.436,4211.538,4210.385,4200.897,4201.41,4207.949,4203.333,4186.795,4203.462,4216.41,сжать руку
91,4226.154,4216.154,4202.436,4228.718,4210.513,4208.718,4208.333,4212.051,4213.846,4218.718,4213.077,4192.436,4210.897,4220.513,сжать руку
91,4230.256,4218.59,4204.359,4228.59,4201.923,4207.821,4213.846,4220.385,4219.872,4223.077,4212.821,4196.923,4215.128,4219.872,сжать руку
91,4240.128,4223.462,4209.231,4230.256,4203.333,4202.564,4213.077,4217.051,4216.41,4222.436,4210.256,4197.564,4217.949,4218.718,сжать руку
91,4246.538,4228.846,4215.641,4232.436,4210.769,4194.231,4201.026,4213.718,4214.615,4218.974,4215.641,4200.897,4216.026,4220.769,сжать руку
91,4248.974,4235.128,4215.385,4233.846,4207.308,4201.282,4194.487,4208.333,4209.359,4213.846,4218.846,4202.949,4214.231,4225.0,сжать руку
91,4258.462,4242.564,4217.179,4236.795,4200.385,4211.667,4198.462,4206.026,4206.667,4215.385,4215.769,4201.154,4223.077,4227.308,сжать руку
91,4263.462,4243.846,4223.974,4239.744,4197.821,4208.077,4208.462,4213.718,4213.718,4221.667,4217.564,4201.667,4226.795,4228.077,сжать руку
91,4258.718,4240.641,4225.513,4239.615,4200.128,4197.949,4210.256,4205.897,4206.282,4214.744,4218.846,4198.846,4223.59,4225.385,сжать руку
91,4259.487,4240.769,4222.436,4239.615,4205.385,4193.974,4196.154,4188.974,4192.564,4204.615,4215.256,4197.051,4226.026,4221.41,сжать руку
91,4262.564,4242.692,4222.949,4238.462,4205.256,4201.923,4195.769,4206.282,4207.564,4214.744,4218.333,4202.179,4225.385,4223.974,сжать руку
91,4253.462,4236.154,4219.487,4233.205,4203.974,4208.974,4211.538,4227.821,4219.744,4219.103,4219.744,4201.154,4218.077,4222.821,сжать руку
91,4243.462,4222.179,4208.205,4228.077,4203.718,4209.487,4218.59,4212.436,4205.256,4197.308,4211.538,4191.538,4215.256,4213.718,сжать руку
91,4246.538,4217.692,4208.462,4226.923,4196.795,4212.179,4225.385,4203.974,4201.667,4196.282,4208.718,4191.667,4214.359,4213.718,сжать руку
91,4252.308,4228.974,4220.769,4230.256,4195.897,4210.641,4225.897,4218.59,4216.282,4222.949,4216.667,4200.897,4218.718,4224.359,сжать руку
91,4251.026,4232.051,4226.41,4230.128,4206.41,4203.077,4209.231,4218.205,4221.282,4231.154,4221.538,4205.897,4232.949,4230.641,сжать руку
91,4248.59,4222.949,4223.59,4226.282,4205.385,4204.231,4201.282,4208.974,4216.026,4225.769,4219.359,4202.821,4236.667,4226.154,сжать руку
91,4244.744,4220.641,4221.538,4226.026,4197.436,4208.718,4211.282,4213.333,4212.821,4230.0,4217.821,4198.462,4223.462,4219.872,сжать руку
91,4239.872,4220.256,4222.051,4227.179,4205.513,4207.308,4213.718,4225.385,4218.974,4237.051,4218.59,4199.615,4217.821,4218.59,сжать руку
91,4238.974,4211.795,4223.205,4224.103,4212.179,4207.564,4208.846,4226.026,4225.513,4238.718,4220.513,4200.641,4222.821,4218.718,сжать руку
91,4239.103,4210.0,4222.179,4223.59,4204.103,4211.795,4210.641,4210.128,4212.051,4234.872,4218.846,4199.231,4222.051,4217.051,сжать руку
91,4235.385,4216.923,4217.179,4227.308,4202.821,4213.974,4211.154,4207.308,4203.846,4228.333,4216.667,4196.282,4217.821,4215.0,сжать руку
91,4229.231,4211.41,4211.538,4223.333,4208.333,4209.487,4206.282,4218.718,4213.333,4221.026,4213.205,4193.718,4213.077,4213.59,сжать руку
91,4220.513,4200.256,4206.795,4217.051,4204.872,4204.487,4203.718,4211.282,4206.795,4215.385,4206.923,4192.692,4205.513,4209.872,сжать руку
91,4210.0,4194.359,4202.051,4214.744,4198.333,4206.795,4207.051,4202.436,4198.846,4210.256,4204.487,4191.282,4204.615,4206.154,сжать руку
91,4211.538,4194.359,4202.821,4216.795,4204.103,4212.436,4200.641,4212.821,4209.103,4215.385,4205.769,4193.718,4214.103,4211.154,сжать руку
91,4220.128,4205.0,4210.897,4222.949,4213.333,4210.513,4193.59,4215.0,4216.923,4229.487,4211.154,4196.923,4220.128,4216.538,сжать руку
91,4219.487,4210.769,4215.897,4225.769,4207.051,4206.154,4204.872,4206.795,4211.282,4233.205,4215.128,4198.333,4213.59,4215.256,сжать руку
91,4215.769,4202.821,4213.974,4221.026,4202.051,4209.231,4216.282,4206.538,4207.692,4225.128,4209.744,4199.359,4211.026,4211.667,сжать руку
91,4216.41,4195.641,4212.821,4218.333,4208.333,4213.59,4208.205,4205.897,4208.077,4219.872,4203.718,4196.667,4214.359,4207.051,сжать руку
91,4212.179,4195.897,4209.487,4220.0,4209.359,4212.949,4195.897,4205.897,4207.821,4219.872,4203.59,4194.615,4209.487,4207.179,сжать руку
91,4207.821,4195.128,4203.333,4214.231,4209.487,4211.154,4200.0,4209.359,4210.256,4220.0,4201.154,4193.846,4206.667,4207.821,сжать руку
91,4209.615,4192.179,4200.769,4206.538,4210.769,4210.128,4207.949,4209.872,4210.0,4223.974,4196.026,4192.564,4210.769,4206.154,сжать руку
91,4207.051,4192.436,4201.026,4210.641,4202.179,4212.051,4212.308,4216.667,4210.128,4223.077,4202.051,4196.795,4211.154,4207.564,сжать руку
91,4205.897,4193.462,4201.923,4216.667,4196.026,4209.744,4214.872,4226.282,4217.308,4214.487,4209.103,4202.308,4209.487,4209.872,сжать руку
91,4210.769,4194.487,4202.949,4217.564,4203.59,4202.949,4218.333,4224.231,4220.256,4222.949,4205.128,4202.179,4212.949,4210.769,сжать руку
91,4212.821,4200.513,4205.385,4222.308,4210.641,4208.846,4222.692,4218.333,4216.795,4229.744,4207.564,4200.385,4217.564,4210.256,сжать руку
91,4212.436,4206.795,4205.897,4225.0,4216.282,4215.256,4210.513,4201.923,4206.282,4207.564,4215.641,4198.718,4213.462,4211.41,сжать руку
91,4216.154,4208.333,4207.051,4223.077,4221.667,4204.744,4196.282,4188.205,4201.538,4200.256,4215.385,4198.974,4204.872,4213.205,сжать руку
91,4218.333,4208.59,4210.897,4224.359,4216.154,4200.897,4209.487,4207.051,4214.359,4226.795,4217.179,4203.59,4205.897,4211.795,сжать руку
91,4216.795,4206.282,4211.795,4224.872,4205.513,4219.744,4230.641,4221.795,4222.179,4234.103,4224.359,4206.282,4217.308,4211.282,сжать руку
91,4217.051,4203.205,4211.026,4223.59,4209.487,4229.231,4220.897,4204.744,4212.564,4222.436,4222.692,4201.41,4220.641,4210.641,сжать руку
91,4216.538,4202.179,4213.974,4221.667,4220.256,4217.308,4199.872,4206.282,4214.615,4225.641,4216.282,4199.487,4212.564,4208.077,сжать руку
91,4218.333,4205.128,4220.385,4220.897,4221.154,4216.154,4202.949,4230.385,4229.103,4232.821,4219.359,4206.026,4214.103,4211.667,сжать руку
91,4221.282,4207.692,4222.692,4220.256,4214.103,4227.051,4217.436,4222.051,4221.154,4230.256,4224.615,4206.154,4221.667,4216.154,сжать руку
91,4225.513,4206.667,4223.846,4219.103,4207.564,4221.154,4222.949,4213.59,4218.462,4223.59,4227.564,4203.462,4220.513,4216.923,сжать руку
91,4231.795,4208.59,4230.897,4223.205,4213.59,4213.205,4221.41,4223.59,4228.205,4223.462,4232.692,4206.795,4220.256,4217.821,сжать руку
91,4229.615,4209.487,4230.513,4226.026,4221.538,4219.231,4218.333,4209.231,4217.308,4233.077,4231.282,4205.897,4223.59,4214.359,сжать руку
92,4208.718,4197.564,4213.846,4219.615,4212.692,4206.538,4204.231,4221.538,4219.872,4213.59,4223.205,4200.641,4214.615,4206.667,разжать руку
92,4210.641,4191.667,4211.41,4219.487,4208.974,4205.0,4201.538,4220.641,4217.564,4219.615,4225.897,4200.769,4212.436,4207.692,разжать руку
92,4205.256,4180.256,4209.359,4211.795,4200.385,4210.128,4206.538,4208.205,4213.59,4235.256,4222.051,4197.436,4207.051,4207.051,разжать руку
92,4206.538,4182.564,4216.282,4211.282,4197.436,4220.641,4213.974,4217.949,4221.026,4231.026,4219.103,4196.538,4209.103,4209.359,разжать руку
92,4216.41,4196.41,4222.308,4218.59,4206.923,4224.615,4218.974,4225.0,4224.231,4214.615,4221.026,4201.026,4214.872,4212.821,разжать руку
92,4217.564,4202.564,4218.59,4220.0,4216.41,4217.308,4215.897,4213.077,4218.077,4213.59,4218.462,4197.949,4213.333,4208.974,разжать руку
92,4212.308,4206.154,4215.0,4217.179,4219.231,4216.026,4205.641,4209.359,4216.41,4223.077,4217.051,4191.667,4211.154,4205.128,разжать руку
92,4207.821,4204.231,4210.128,4213.462,4218.205,4221.538,4203.333,4210.513,4215.256,4216.795,4214.231,4190.641,4209.103,4205.0,разжать руку
92,4198.846,4190.641,4198.718,4207.308,4211.282,4214.615,4207.821,4201.923,4209.359,4199.872,4200.897,4188.077,4199.231,4199.872,разжать руку
92,4192.564,4183.462,4197.308,4208.846,4207.179,4207.821,4206.923,4203.205,4211.795,4202.179,4198.846,4190.385,4195.0,4199.103,разжать руку
92,4195.385,4189.615,4208.718,4213.718,4209.872,4212.821,4205.641,4217.051,4221.282,4220.0,4212.692,4197.051,4203.974,4206.538,разжать руку
92,4197.949,4190.641,4209.359,4212.564,4205.0,4211.795,4209.359,4213.59,4216.538,4218.846,4217.436,4199.744,4206.538,4206.282,разжать руку
92,4200.0,4187.949,4204.744,4211.154,4202.308,4209.103,4211.026,4204.103,4213.718,4216.41,4214.615,4208.205,4202.436,4204.103,разжать руку
92,4200.641,4190.769,4209.872,4210.769,4210.641,4218.974,4213.077,4216.154,4221.795,4229.103,4216.026,4219.487,4207.308,4206.154,разжать руку
92,4200.128,4197.179,4213.333,4213.333,4214.615,4223.846,4213.333,4225.641,4222.692,4224.872,4216.154,4219.615,4213.333,4208.077,разжать руку
92,4201.154,4196.41,4209.103,4214.231,4212.949,4214.487,4215.256,4216.667,4218.462,4209.487,4215.0,4216.026,4206.41,4207.308,разжать руку
92,4202.308,4188.59,4204.872,4208.718,4212.179,4213.205,4219.231,4209.231,4216.538,4213.333,4212.692,4221.667,4201.154,4204.231,разжать руку
92,4200.641,4188.59,4204.872,4207.821,4211.41,4222.308,4212.179,4209.231,4216.41,4222.564,4207.692,4224.744,4206.923,4204.744,разжать руку
92,4197.179,4192.949,4201.923,4210.641,4210.256,4218.718,4203.333,4210.513,4217.692,4219.103,4207.179,4216.667,4204.359,4204.872,разжать руку
92,4192.949,4187.436,4194.231,4208.974,4209.231,4210.128,4210.641,4211.282,4216.282,4217.821,4208.59,4214.615,4199.103,4203.974,разжать руку
92,4193.718,4182.436,4195.128,4208.077,4205.641,4215.385,4223.974,4218.59,4218.077,4226.026,4210.641,4219.103,4202.308,4205.769,разжать руку
92,4199.872,4185.0,4202.949,4211.154,4201.282,4220.256,4222.821,4225.769,4223.974,4228.462,4211.026,4215.385,4202.179,4206.41,разжать руку
92,4202.308,4189.231,4205.769,4212.436,4205.256,4214.359,4211.923,4215.641,4221.923,4223.077,4206.154,4211.026,4202.051,4205.128,разжать руку
92,4205.641,4192.949,4205.256,4211.41,4215.385,4211.538,4205.897,4203.205,4213.462,4215.256,4203.59,4208.718,4203.718,4203.077,разжать руку
92,4210.0,4194.872,4208.846,4212.949,4213.462,4215.897,4209.744,4210.385,4215.513,4215.0,4210.0,4207.308,4202.564,4206.026,разжать руку
92,4210.769,4197.564,4216.667,4220.897,4205.897,4215.769,4212.692,4217.949,4220.128,4222.436,4218.205,4210.769,4204.744,4212.564,разжать руку
92,4209.359,4198.333,4215.897,4223.205,4212.821,4209.872,4208.59,4207.564,4212.949,4205.513,4212.949,4208.462,4203.205,4209.487,разжать руку
92,4204.231,4189.487,4202.308,4213.077,4218.333,4212.564,4211.667,4209.744,4211.154,4182.821,4202.051,4200.641,4194.231,4200.897,разжать руку
92,4200.897,4187.821,4200.641,4213.974,4211.282,4224.103,4214.487,4226.923,4227.436,4214.103,4205.897,4203.077,4202.179,4202.821,разжать руку
92,4201.538,4198.718,4210.897,4225.0,4208.205,4227.949,4210.0,4225.897,4233.462,4251.026,4216.154,4207.949,4216.282,4207.692,разжать руку
92,4194.872,4192.692,4203.333,4216.795,4212.308,4222.564,4212.564,4212.949,4218.718,4224.744,4208.333,4203.462,4206.538,4202.308,разжать руку
92,4187.949,4178.077,4193.462,4203.333,4210.128,4218.333,4213.974,4211.026,4212.821,4204.615,4198.846,4202.179,4199.103,4201.282,разжать руку
92,4198.077,4186.282,4204.103,4211.923,4203.462,4215.385,4208.59,4218.59,4218.718,4229.744,4210.513,4210.128,4210.0,4212.564,разжать руку
92,4206.667,4197.051,4209.487,4220.385,4205.641,4216.538,4210.513,4221.154,4218.333,4231.538,4214.872,4211.41,4210.513,4211.667,разжать руку
92,4200.256,4188.462,4202.564,4210.769,4213.718,4217.821,4212.436,4215.128,4215.897,4205.641,4203.205,4206.923,4199.359,4198.974,разжать руку
92,4199.103,4186.923,4201.41,4206.667,4216.026,4213.718,4207.692,4204.231,4211.154,4200.897,4198.462,4205.897,4198.333,4196.923,разжать руку
92,4200.897,4195.641,4203.59,4215.0,4210.128,4212.564,4207.949,4211.154,4213.077,4216.41,4205.641,4206.282,4207.692,4202.692,разжать руку
92,4199.103,4195.769,4206.154,4218.846,4206.795,4218.462,4212.821,4232.821,4226.41,4234.103,4214.103,4211.026,4213.077,4207.179,разжать руку
92,4205.769,4197.051,4211.282,4218.718,4212.436,4218.462,4212.179,4225.897,4225.128,4240.513,4216.667,4214.872,4211.154,4207.308,разжать руку
92,4212.436,4198.205,4212.051,4218.077,4216.41,4212.564,4209.359,4206.026,4213.077,4233.077,4216.41,4212.564,4211.41,4206.923,разжать руку
92,4208.59,4193.718,4212.051,4220.128,4214.103,4219.231,4213.462,4214.103,4215.897,4231.923,4214.872,4210.897,4216.795,4208.974,разжать руку
92,4201.795,4192.308,4211.026,4220.897,4209.744,4230.513,4215.897,4219.872,4218.077,4225.897,4206.154,4204.231,4211.923,4203.59,разжать руку
92,4200.385,4196.667,4206.41,4215.769,4207.949,4223.077,4201.538,4209.103,4211.538,4210.256,4199.872,4198.205,4200.641,4199.744,разжать руку
92,4204.615,4194.487,4208.59,4213.205,4210.897,4210.897,4193.974,4219.872,4217.308,4210.256,4203.205,4201.923,4200.641,4205.513,разжать руку
92,4211.667,4189.359,4212.692,4215.769,4216.923,4215.385,4204.744,4226.154,4218.974,4207.308,4204.744,4203.59,4202.179,4209.231,разжать руку
92,4217.564,4198.077,4212.564,4218.462,4216.282,4221.667,4205.385,4203.077,4205.513,4188.846,4201.154,4198.846,4196.026,4208.718,разжать руку
92,4217.436,4204.359,4212.564,4219.103,4207.949,4215.641,4201.667,4195.385,4202.949,4188.59,4199.359,4195.641,4193.846,4206.154,разжать руку
92,4212.564,4196.282,4208.846,4216.154,4207.179,4208.974,4207.179,4210.897,4213.077,4206.41,4197.692,4198.077,4196.538,4202.308,разжать руку
92,4216.154,4194.744,4209.359,4214.487,4212.692,4208.205,4208.718,4219.487,4218.077,4220.128,4202.436,4205.0,4203.077,4208.077,разжать руку
92,4225.0,4203.59,4219.744,4218.333,4210.769,4208.205,4207.308,4212.949,4214.231,4225.769,4211.923,4207.821,4212.692,4216.538,разжать руку
92,4225.0,4205.513,4222.692,4223.077,4207.949,4205.641,4203.974,4206.282,4210.0,4221.41,4211.026,4206.538,4207.564,4213.462,разжать руку
92,4218.462,4199.231,4217.436,4223.718,4207.692,4205.128,4199.103,4214.231,4215.641,4215.0,4204.615,4206.795,4195.128,4207.436,разжать руку
92,4216.154,4196.154,4215.128,4223.846,4203.718,4207.051,4206.154,4219.103,4216.538,4211.026,4201.923,4205.385,4198.718,4208.718,разжать руку
92,4216.026,4200.256,4213.59,4223.462,4203.718,4208.846,4210.897,4211.154,4207.821,4205.769,4202.436,4203.974,4208.333,4209.744,разжать руку
92,4218.205,4206.795,4213.846,4220.256,4211.154,4208.077,4197.821,4209.487,4208.077,4212.308,4207.564,4207.179,4209.231,4208.205,разжать руку
92,4216.667,4201.667,4214.615,4217.821,4211.41,4207.692,4200.0,4222.949,4218.846,4215.128,4209.615,4207.821,4209.103,4209.487,разжать руку
92,4206.795,4189.231,4209.103,4212.692,4206.282,4214.615,4219.872,4226.538,4217.692,4202.949,4202.051,4198.333,4206.282,4206.282,разжать руку
92,4202.179,4188.59,4202.692,4206.923,4205.128,4221.282,4214.744,4215.385,4211.282,4204.103,4198.718,4194.231,4199.103,4203.462,разжать руку
92,4206.923,4194.359,4206.538,4207.949,4204.359,4218.077,4201.923,4215.385,4216.282,4219.744,4205.385,4200.769,4202.436,4209.359,разжать руку
92,4203.718,4189.359,4202.949,4207.821,4205.128,4214.744,4210.513,4219.103,4216.795,4214.744,4202.051,4196.795,4203.59,4206.41,разжать руку
92,4193.59,4182.564,4193.59,4205.256,4205.385,4218.974,4218.59,4219.744,4214.231,4206.282,4195.0,4193.59,4191.282,4202.692,разжать руку
92,4200.513,4191.795,4202.821,4212.179,4203.974,4220.513,4216.923,4226.538,4219.231,4219.744,4198.846,4202.821,4190.769,4211.667,разжать руку
92,4215.897,4203.462,4214.872,4222.179,4204.359,4212.308,4213.974,4228.205,4220.897,4223.59,4202.051,4202.564,4203.974,4212.949,разжать руку
92,4215.641,4199.103,4209.487,4219.744,4207.564,4207.692,4210.769,4222.051,4219.231,4217.436,4199.615,4196.026,4206.795,4206.026,разжать руку
92,4211.795,4200.513,4210.897,4216.154,4211.667,4210.385,4206.667,4221.41,4218.077,4223.59,4200.128,4200.641,4206.538,4208.077,разжать руку
92,4217.308,4211.41,4222.179,4221.538,4208.59,4211.026,4205.128,4222.051,4217.051,4224.615,4205.0,4206.795,4214.615,4211.795,разжать руку
92,4219.615,4205.256,4221.667,4221.538,4203.974,4211.923,4207.564,4217.821,4216.538,4217.564,4204.359,4201.282,4211.538,4207.436,разжать руку
92,4216.154,4193.205,4218.077,4217.436,4204.103,4208.974,4207.949,4221.41,4217.179,4219.231,4201.154,4200.0,4198.462,4205.385,разжать руку
92,4211.923,4195.641,4218.205,4216.795,4203.59,4203.846,4205.897,4229.359,4215.0,4224.103,4200.513,4205.385,4196.282,4207.692,разжать руку
92,4206.923,4196.923,4211.538,4213.59,4201.282,4208.846,4209.872,4220.513,4212.436,4213.205,4198.077,4198.846,4199.359,4202.692,разжать руку
92,4207.051,4187.564,4204.231,4207.821,4202.051,4217.179,4213.59,4204.231,4206.026,4197.436,4195.641,4189.872,4192.821,4200.256,разжать руку
92,4212.564,4187.692,4206.538,4213.974,4201.923,4213.718,4210.0,4207.949,4205.0,4198.077,4198.077,4194.744,4192.949,4206.538,разжать руку
92,4214.231,4197.051,4211.026,4223.205,4199.103,4208.59,4206.923,4221.282,4215.0,4215.0,4202.692,4201.667,4204.103,4209.359,разжать руку
92,4214.487,4198.846,4209.872,4218.718,4199.872,4211.282,4202.308,4218.205,4215.0,4216.282,4202.051,4199.615,4207.821,4207.436,разжать руку
92,4214.359,4194.231,4207.179,4213.077,4205.385,4212.051,4193.59,4207.051,4208.205,4201.795,4199.487,4194.231,4200.769,4206.41,разжать руку
92,4211.795,4193.462,4205.385,4216.795,4203.718,4209.103,4190.769,4203.077,4205.128,4205.385,4197.692,4192.436,4198.846,4206.154,разжать руку
92,4213.333,4201.923,4207.821,4220.769,4197.179,4207.436,4193.846,4206.667,4204.359,4216.538,4197.179,4194.872,4205.769,4209.359,разжать руку
92,4221.154,4207.564,4209.872,4220.897,4199.359,4205.641,4198.974,4218.718,4211.538,4215.0,4203.846,4198.077,4210.897,4216.538,разжать руку
92,4231.282,4212.051,4211.795,4228.205,4208.718,4206.282,4205.513,4223.333,4214.359,4214.615,4212.821,4203.077,4215.128,4222.949,разжать руку
92,4244.872,4227.949,4224.487,4240.513,4211.538,4208.846,4208.59,4221.282,4209.231,4227.051,4215.385,4206.41,4221.026,4222.692,разжать руку
92,4255.897,4239.231,4234.487,4241.923,4209.103,4202.949,4204.872,4228.718,4215.769,4224.872,4214.103,4202.436,4222.179,4219.744,разжать руку
92,4263.59,4240.0,4231.282,4239.103,4210.641,4196.667,4196.795,4225.0,4223.205,4205.897,4216.795,4201.282,4223.718,4225.0,разжать руку
92,4267.308,4245.0,4229.744,4239.231,4211.282,4203.205,4194.487,4206.667,4210.513,4205.128,4218.974,4204.872,4225.897,4229.359,разжать руку
92,4260.128,4246.538,4226.667,4238.077,4207.308,4204.872,4195.897,4198.205,4197.692,4212.308,4216.026,4202.692,4222.564,4223.462,разжать руку
92,4251.026,4235.256,4213.974,4235.385,4202.436,4199.487,4194.615,4210.256,4206.026,4207.564,4214.103,4195.641,4218.077,4216.795,разжать руку
92,4246.538,4227.308,4207.436,4230.513,4201.667,4205.0,4194.744,4223.718,4215.256,4206.41,4215.513,4193.974,4213.59,4213.974,разжать руку
92,4239.487,4221.538,4209.615,4224.487,4206.282,4210.385,4199.359,4216.667,4207.179,4214.231,4220.385,4194.872,4207.692,4211.154,разжать руку
92,4230.641,4210.256,4204.359,4223.205,4206.538,4205.0,4206.923,4202.308,4198.077,4209.487,4218.974,4190.513,4206.154,4207.821,разжать руку
92,4230.0,4207.436,4206.795,4227.308,4202.821,4206.026,4206.923,4211.026,4210.128,4209.359,4213.974,4194.744,4211.923,4212.179,разжать руку
92,4234.744,4215.0,4222.179,4229.744,4207.564,4209.359,4202.821,4222.692,4222.308,4230.256,4223.59,4204.359,4218.974,4216.795,разжать руку
92,4233.205,4214.231,4220.897,4225.128,4210.897,4203.718,4205.256,4211.923,4214.231,4224.487,4232.179,4202.179,4215.641,4211.667,разжать руку
92,4224.615,4205.0,4209.231,4222.949,4201.538,4201.667,4207.308,4217.308,4214.744,4197.821,4221.923,4199.231,4207.051,4206.282,разжать руку
92,4218.205,4200.385,4208.462,4224.487,4195.769,4199.359,4197.821,4230.0,4220.513,4200.256,4213.59,4197.949,4200.897,4203.205,разжать руку
92,4214.103,4200.0,4208.59,4222.564,4195.641,4191.41,4183.333,4212.051,4211.154,4212.821,4215.513,4191.538,4198.846,4202.179,разжать руку
92,4208.077,4204.872,4203.974,4220.385,4193.59,4194.872,4186.795,4196.923,4205.385,4210.128,4217.308,4193.205,4201.923,4205.769,разжать руку
92,4207.179,4206.538,4203.59,4220.641,4194.359,4198.59,4201.154,4210.641,4216.795,4214.872,4221.154,4200.256,4204.615,4209.359,разжать руку
92,4209.103,4202.821,4206.795,4221.154,4197.564,4193.333,4202.821,4216.795,4217.179,4217.692,4222.051,4197.436,4204.359,4211.538,разжать руку
92,4214.615,4207.821,4215.897,4226.41,4195.0,4195.256,4192.564,4205.128,4203.59,4203.205,4217.949,4191.795,4203.974,4210.385,разжать руку
92,4225.385,4213.846,4225.769,4230.897,4189.231,4197.308,4190.256,4204.487,4200.385,4198.718,4213.205,4192.949,4198.462,4209.103,разжать руку
92,4228.59,4210.128,4226.538,4227.821,4193.974,4192.821,4196.41,4211.41,4205.0,4207.821,4209.615,4192.821,4192.564,4210.0,разжать руку
93,4228.333,4210.256,4223.333,4225.897,4198.205,4204.487,4207.564,4210.897,4211.41,4207.821,4218.205,4196.667,4207.564,4216.667,сжать руку
93,4224.615,4208.718,4215.641,4225.385,4195.385,4203.077,4212.179,4208.718,4210.641,4216.923,4219.231,4193.974,4204.872,4213.462,сжать руку
93,4214.231,4204.487,4215.385,4223.333,4193.974,4199.615,4206.026,4210.897,4209.487,4205.385,4214.231,4190.385,4198.462,4207.564,сжать руку
93,4215.769,4199.744,4221.923,4222.692,4184.872,4205.385,4207.564,4220.256,4208.59,4183.718,4207.564,4193.846,4194.359,4207.308,сжать руку
93,4218.846,4199.359,4221.923,4221.41,4190.385,4208.462,4207.308,4217.436,4208.974,4196.795,4206.795,4196.923,4193.974,4210.0,сжать руку
93,4217.436,4205.256,4219.487,4220.513,4207.821,4204.487,4197.179,4206.538,4210.256,4223.718,4215.897,4197.564,4202.564,4213.333,сжать руку
93,4219.231,4207.051,4222.308,4219.359,4207.821,4207.949,4196.282,4204.103,4210.769,4219.872,4219.872,4196.026,4206.41,4213.974,сжать руку
93,4218.718,4202.949,4222.949,4214.103,4198.077,4210.513,4207.564,4208.846,4209.487,4205.897,4213.205,4193.59,4199.103,4211.667,сжать руку
93,4216.923,4203.846,4218.59,4210.385,4197.949,4201.282,4214.615,4219.487,4215.769,4213.846,4212.949,4196.795,4198.462,4212.436,сжать руку
93,4217.949,4210.128,4216.923,4212.821,4195.128,4199.103,4213.077,4218.462,4215.385,4218.718,4216.923,4197.821,4204.615,4213.59,сжать руку
93,4214.615,4207.564,4218.59,4215.0,4189.231,4202.821,4208.974,4207.436,4209.359,4207.692,4213.077,4196.026,4204.872,4210.769,сжать руку
93,4206.41,4197.564,4217.179,4212.179,4193.333,4197.949,4208.718,4209.744,4215.128,4206.538,4206.795,4196.923,4198.718,4207.436,сжать руку
93,4204.103,4192.436,4212.821,4208.846,4196.282,4199.231,4208.077,4211.154,4213.59,4203.718,4201.282,4191.667,4195.128,4203.974,сжать руку
93,4207.051,4195.897,4210.769,4210.256,4192.692,4210.385,4200.256,4201.923,4204.359,4194.231,4201.154,4189.487,4198.205,4208.333,сжать руку
93,4213.59,4204.359,4216.795,4215.385,4198.59,4209.615,4198.077,4211.667,4212.179,4209.872,4210.897,4196.923,4204.231,4216.154,сжать руку
93,4218.333,4206.41,4222.564,4214.231,4208.974,4199.359,4202.051,4216.154,4218.205,4229.359,4216.667,4196.026,4202.051,4212.308,сжать руку
93,4208.974,4195.513,4216.538,4206.923,4199.231,4195.769,4203.333,4204.231,4209.359,4213.974,4205.128,4190.769,4192.564,4204.744,сжать руку
93,4196.667,4188.333,4210.128,4204.103,4180.385,4193.974,4199.872,4215.385,4212.179,4199.359,4196.41,4194.615,4192.949,4205.385,сжать руку
93,4199.103,4195.513,4212.564,4204.487,4184.359,4192.308,4192.564,4218.205,4214.487,4208.462,4204.103,4197.949,4197.949,4209.103,сжать руку
93,4203.077,4197.051,4212.051,4202.308,4198.462,4195.0,4190.769,4194.744,4200.769,4210.0,4206.154,4193.846,4196.923,4207.051,сжать руку
93,4198.462,4189.872,4206.538,4202.051,4195.513,4199.231,4198.205,4193.077,4201.41,4209.231,4200.128,4195.897,4197.308,4206.282,сжать руку
93,4201.282,4195.641,4210.128,4208.974,4190.897,4205.897,4209.487,4215.128,4217.436,4216.538,4207.821,4202.308,4204.231,4211.41,сжать руку
93,4205.128,4205.0,4215.385,4212.308,4202.436,4209.615,4213.077,4221.923,4220.769,4213.974,4214.615,4197.821,4206.538,4209.744,сжать руку
93,4199.872,4198.205,4210.513,4208.718,4208.718,4203.846,4201.667,4212.051,4208.718,4211.667,4205.256,4191.41,4201.026,4204.487,сжать руку
93,4197.821,4194.487,4208.718,4208.077,4201.538,4200.513,4193.077,4207.179,4205.0,4203.974,4198.59,4191.41,4196.282,4204.487,сжать руку
93,4201.923,4201.667,4210.0,4208.846,4200.641,4206.667,4200.0,4209.359,4210.0,4186.282,4202.692,4193.077,4197.179,4205.256,сжать руку
93,4201.667,4198.462,4208.205,4206.282,4206.41,4209.359,4206.667,4210.897,4208.846,4192.949,4203.462,4195.769,4200.641,4205.769,сжать руку
93,4201.282,4193.462,4209.487,4205.0,4203.718,4205.641,4201.282,4211.282,4208.718,4220.128,4206.282,4197.949,4200.385,4205.897,сжать руку
93,4207.821,4202.821,4212.949,4210.385,4200.385,4207.179,4203.718,4216.795,4213.718,4226.667,4215.897,4200.128,4199.872,4208.333,сжать руку
93,4215.256,4210.769,4215.897,4214.615,4210.128,4210.256,4209.103,4215.513,4214.359,4222.692,4218.462,4200.0,4206.795,4212.051,сжать руку
93,4216.795,4208.846,4218.59,4210.769,4210.513,4203.718,4197.564,4208.205,4210.641,4230.769,4217.436,4198.205,4213.846,4212.179,сжать руку
93,4210.128,4207.436,4217.308,4207.179,4194.615,4197.949,4191.154,4211.923,4209.744,4228.077,4218.077,4198.077,4211.154,4208.205,сжать руку
93,4200.769,4203.333,4210.513,4209.744,4194.615,4201.026,4192.179,4214.615,4209.103,4213.59,4217.179,4195.769,4204.615,4201.667,сжать руку
93,4197.949,4197.564,4207.436,4212.179,4206.538,4201.795,4185.128,4206.026,4207.949,4206.154,4214.872,4194.359,4203.718,4200.769,сжать руку
93,4199.872,4195.128,4208.462,4207.949,4201.154,4197.308,4189.231,4198.59,4205.641,4207.308,4209.103,4194.872,4202.692,4203.077,сжать руку
93,4198.846,4191.923,4206.282,4201.923,4191.154,4198.846,4199.744,4202.564,4200.769,4207.051,4201.154,4195.0,4197.179,4201.923,сжать руку
93,4201.667,4195.641,4210.513,4205.641,4197.692,4207.564,4191.154,4207.179,4201.667,4195.513,4201.026,4196.026,4199.103,4205.256,сжать руку
93,4210.0,4206.026,4217.051,4211.538,4202.949,4210.128,4185.128,4207.436,4206.026,4196.795,4208.462,4196.923,4209.103,4209.615,сжать руку
93,4211.154,4207.821,4212.821,4206.282,4201.538,4206.026,4200.641,4218.846,4216.538,4219.103,4212.308,4198.333,4211.795,4211.282,сжать руку
93,4213.846,4207.436,4213.846,4202.949,4209.872,4209.103,4209.231,4226.667,4223.974,4234.103,4212.949,4201.026,4215.769,4213.718,сжать руку
93,4217.821,4209.487,4221.026,4208.077,4212.821,4209.231,4203.718,4213.846,4213.974,4228.205,4212.564,4199.103,4213.974,4212.308,сжать руку
93,4213.846,4209.615,4221.41,4211.795,4207.051,4201.923,4203.077,4218.205,4215.513,4224.231,4216.795,4200.385,4205.769,4210.769,сжать руку
93,4212.436,4211.41,4220.641,4212.692,4209.231,4205.769,4204.615,4226.154,4220.385,4222.436,4217.436,4206.538,4207.949,4209.872,сжать руку
93,4209.744,4204.359,4212.949,4209.615,4205.769,4213.077,4206.026,4200.256,4200.513,4207.436,4204.231,4201.667,4204.487,4205.0,сжать руку
93,4199.872,4191.282,4202.308,4204.359,4193.462,4208.59,4209.103,4193.974,4199.359,4202.564,4195.641,4193.974,4192.436,4201.41,сжать руку
93,4198.718,4190.256,4205.513,4200.897,4189.231,4201.282,4203.205,4216.538,4220.769,4212.692,4201.795,4196.923,4198.718,4204.872,сжать руку
93,4199.744,4192.564,4203.974,4198.718,4189.487,4196.923,4194.231,4205.769,4207.564,4211.41,4204.872,4198.846,4207.308,4203.59,сжать руку
93,4190.897,4188.846,4191.667,4193.462,4193.718,4199.487,4195.385,4188.077,4185.0,4201.538,4198.59,4192.051,4195.641,4194.487,сжать руку
93,4191.538,4193.077,4196.282,4194.615,4201.795,4206.282,4194.359,4201.41,4195.897,4201.923,4199.231,4191.41,4193.205,4196.41,сжать руку
93,4207.179,4206.026,4209.744,4203.333,4199.103,4202.564,4190.385,4210.641,4206.923,4203.974,4204.615,4197.949,4204.103,4208.333,сжать руку
93,4218.077,4215.0,4210.128,4207.308,4188.462,4194.615,4195.641,4205.769,4204.359,4202.564,4203.59,4197.692,4207.949,4213.077,сжать руку
93,4226.538,4222.179,4213.59,4209.103,4190.128,4196.41,4195.641,4201.667,4202.692,4208.333,4201.026,4198.205,4212.564,4215.385,сжать руку
93,4238.59,4234.487,4223.59,4211.41,4198.205,4198.205,4185.256,4202.051,4203.59,4208.846,4205.0,4202.051,4221.026,4219.744,сжать руку
93,4243.333,4243.333,4226.154,4211.538,4195.641,4198.205,4187.179,4209.615,4208.333,4205.385,4211.923,4202.692,4224.487,4219.744,сжать руку
93,4237.821,4233.718,4223.718,4213.846,4194.872,4197.051,4193.974,4212.308,4209.103,4214.744,4213.718,4202.436,4224.487,4217.564,сжать руку
93,4239.487,4225.256,4225.0,4218.333,4202.949,4194.231,4192.949,4205.513,4205.641,4214.103,4215.513,4202.949,4226.795,4216.538,сжать руку
93,4246.282,4232.949,4228.462,4217.949,4208.077,4201.41,4190.769,4201.923,4205.256,4194.487,4215.769,4204.615,4222.692,4215.385,сжать руку
93,4235.128,4234.615,4220.897,4212.436,4207.949,4209.744,4194.231,4205.513,4202.564,4192.692,4206.538,4200.513,4207.051,4212.179,сжать руку
93,4215.897,4218.59,4207.692,4206.282,4201.154,4202.949,4203.846,4212.308,4201.667,4203.205,4196.026,4192.308,4195.0,4207.179,сжать руку
93,4216.282,4208.59,4208.846,4204.744,4191.026,4196.667,4208.59,4216.538,4207.051,4200.897,4200.513,4193.333,4201.154,4208.333,сжать руку
93,4221.923,4212.821,4220.128,4208.974,4192.564,4197.179,4201.154,4204.744,4203.59,4201.538,4210.897,4197.051,4212.821,4213.077,сжать руку
93,4215.769,4211.538,4218.846,4206.538,4197.564,4190.0,4194.872,4193.205,4195.513,4208.59,4207.436,4194.231,4208.59,4212.051,сжать руку
93,4213.205,4209.231,4211.667,4202.564,4194.487,4187.564,4196.026,4204.615,4201.154,4211.154,4200.128,4193.333,4202.949,4209.615,сжать руку
93,4217.436,4212.436,4215.513,4207.051,4197.949,4196.795,4195.128,4216.154,4211.154,4213.205,4201.667,4194.615,4207.564,4210.256,сжать руку
93,4210.513,4208.974,4213.462,4204.744,4200.897,4199.744,4196.795,4208.974,4208.462,4209.615,4198.333,4190.0,4205.385,4209.487,сжать руку
93,4199.487,4201.795,4203.846,4199.359,4197.308,4201.282,4203.462,4203.59,4204.231,4204.615,4192.308,4187.308,4194.359,4205.769,сжать руку
93,4204.103,4203.333,4203.974,4206.026,4196.41,4206.026,4203.333,4214.231,4211.026,4211.41,4196.795,4194.744,4197.051,4208.205,сжать руку
93,4216.667,4209.487,4211.41,4211.667,4197.436,4202.949,4198.718,4219.872,4213.974,4218.846,4206.154,4197.949,4205.0,4213.718,сжать руку
93,4218.974,4209.744,4215.897,4205.385,4202.692,4197.949,4195.897,4205.641,4206.026,4216.795,4210.256,4194.231,4206.41,4212.179,сжать руку
93,4215.641,4215.128,4220.128,4206.795,4210.897,4198.59,4191.795,4196.923,4202.564,4222.821,4210.256,4201.41,4209.744,4212.179,сжать руку
93,4218.333,4223.59,4224.872,4215.641,4213.462,4199.615,4197.051,4211.795,4210.0,4229.615,4206.795,4207.564,4214.103,4213.333,сжать руку
93,4217.051,4220.513,4222.179,4213.333,4209.103,4200.769,4212.179,4221.538,4214.231,4215.513,4201.795,4199.359,4212.692,4209.872,сжать руку
93,4208.205,4212.564,4218.846,4209.744,4203.333,4206.154,4216.41,4211.667,4210.256,4203.846,4203.718,4195.641,4209.231,4210.256,сжать руку
93,4207.436,4209.744,4216.154,4209.231,4201.282,4212.308,4209.103,4199.359,4199.231,4217.949,4208.846,4198.333,4209.103,4210.0,сжать руку
93,4212.692,4210.769,4211.41,4205.641,4204.359,4214.103,4212.308,4204.359,4197.436,4229.744,4208.59,4198.077,4211.41,4208.205,сжать руку
93,4208.718,4210.256,4208.846,4206.795,4203.462,4206.795,4214.487,4219.103,4211.923,4221.282,4203.718,4195.769,4206.923,4207.821,сжать руку
93,4198.462,4203.59,4201.795,4207.949,4197.051,4198.846,4198.462,4211.154,4210.897,4205.769,4198.462,4191.667,4195.641,4205.0,сжать руку
93,4199.359,4202.436,4201.923,4205.128,4204.359,4206.154,4195.0,4197.179,4198.59,4203.59,4198.077,4193.846,4193.846,4206.667,сжать руку
93,4209.744,4210.385,4215.513,4207.821,4211.667,4211.538,4211.282,4213.077,4205.0,4217.051,4203.077,4202.436,4207.821,4213.59,сжать руку
93,4213.59,4213.59,4217.949,4214.872,4203.59,4204.872,4213.59,4227.949,4215.897,4224.487,4212.949,4209.615,4214.487,4215.128,сжать руку
93,4212.179,4209.615,4211.41,4212.564,4204.487,4207.308,4208.333,4214.615,4212.051,4221.667,4217.051,4211.667,4208.974,4209.615,сжать руку
93,4211.282,4204.744,4215.897,4205.385,4211.154,4210.385,4207.949,4210.513,4211.538,4225.513,4214.615,4210.128,4207.051,4208.077,сжать руку
93,4211.923,4203.846,4219.359,4204.744,4202.692,4199.872,4202.051,4223.077,4218.205,4232.821,4217.308,4209.872,4209.487,4213.59,сжать руку
93,4215.128,4208.718,4218.59,4210.0,4198.205,4199.103,4199.615,4211.923,4213.077,4223.59,4219.872,4209.615,4211.538,4216.154,сжать руку
93,4216.795,4211.026,4220.641,4211.41,4210.385,4209.744,4208.462,4198.974,4208.205,4203.462,4220.641,4208.718,4211.923,4212.051,сжать руку
93,4212.051,4206.923,4215.0,4204.872,4214.744,4208.205,4210.256,4212.179,4213.462,4205.385,4220.256,4205.385,4208.718,4208.205,сжать руку
93,4209.872,4205.128,4209.359,4202.564,4203.846,4201.923,4206.026,4218.205,4215.256,4222.949,4218.333,4203.846,4207.051,4210.256,сжать руку
93,4215.769,4207.949,4216.282,4206.538,4203.59,4207.821,4205.0,4209.231,4214.231,4228.333,4218.846,4207.949,4212.436,4212.821,сжать руку
93,4217.179,4208.846,4215.128,4207.051,4211.538,4215.769,4208.205,4204.103,4213.846,4223.718,4219.744,4202.949,4215.769,4207.308,сжать руку
93,4210.385,4209.744,4209.744,4209.231,4206.41,4213.846,4214.103,4202.821,4212.949,4224.359,4218.462,4197.179,4207.179,4204.359,сжать руку
93,4208.846,4211.923,4219.359,4217.179,4202.949,4210.897,4213.333,4212.821,4218.077,4227.949,4219.615,4205.0,4204.103,4208.974,сжать руку
93,4209.359,4210.0,4222.179,4214.872,4212.051,4210.385,4208.974,4226.026,4225.641,4229.487,4219.744,4206.538,4209.231,4209.359,сжать руку
93,4204.231,4205.385,4210.513,4207.436,4216.923,4205.513,4207.308,4215.641,4223.846,4227.821,4216.154,4197.179,4211.282,4208.974,сжать руку
93,4205.128,4205.0,4211.795,4211.923,4211.538,4202.436,4205.385,4202.179,4216.026,4228.59,4224.744,4197.308,4209.231,4208.718,сжать руку
93,4211.795,4208.077,4221.667,4216.026,4208.205,4205.256,4200.0,4209.615,4215.769,4233.205,4233.846,4206.282,4210.513,4208.846,сжать руку
93,4210.641,4210.769,4220.256,4214.615,4210.256,4207.692,4198.846,4212.179,4216.923,4231.667,4226.667,4204.359,4218.59,4211.923,сжать руку
93,4201.41,4209.487,4212.308,4211.026,4209.744,4206.282,4206.282,4207.179,4215.897,4226.026,4220.0,4191.795,4217.564,4206.41,сжать руку
93,4192.692,4199.359,4203.462,4206.026,4207.179,4208.333,4209.359,4203.974,4213.462,4211.154,4215.128,4189.744,4206.026,4197.308,сжать руку
93,4190.897,4194.744,4199.359,4206.667,4207.308,4210.0,4202.949,4197.179,4207.949,4194.872,4208.333,4197.436,4200.0,4197.949,сжать руку
93,4195.385,4202.564,4204.744,4210.0,4207.436,4200.769,4189.487,4201.667,4210.0,4204.872,4211.026,4198.846,4204.231,4203.974,сжать руку
94,4200.128,4206.538,4199.615,4205.256,4204.487,4208.59,4195.641,4204.231,4219.359,4227.949,4214.872,4192.179,4202.821,4204.103,разжать руку
94,4197.308,4207.564,4196.795,4206.538,4208.59,4208.205,4195.897,4198.718,4215.513,4218.333,4211.795,4188.846,4198.462,4202.179,разжать руку
94,4200.385,4211.795,4207.949,4212.692,4206.154,4208.846,4196.154,4217.179,4218.205,4224.359,4216.026,4194.872,4204.744,4209.359,разжать руку
94,4207.436,4216.538,4217.692,4216.282,4208.205,4211.41,4199.487,4225.128,4226.538,4234.103,4218.333,4200.256,4207.949,4213.718,разжать руку
94,4207.821,4214.615,4209.615,4211.667,4217.564,4207.308,4198.205,4211.41,4223.077,4228.462,4215.385,4196.154,4204.744,4207.051,разжать руку
94,4202.821,4207.051,4201.154,4205.0,4216.795,4204.744,4191.026,4201.923,4214.359,4211.538,4208.333,4192.949,4202.949,4200.641,разжать руку
94,4199.103,4204.487,4204.359,4205.769,4203.974,4203.846,4187.051,4200.0,4210.385,4203.59,4203.077,4194.615,4200.897,4203.205,разжать руку
94,4193.59,4205.0,4202.821,4206.923,4197.692,4198.846,4190.0,4196.41,4206.795,4204.744,4201.538,4192.436,4196.923,4204.744,разжать руку
94,4192.308,4200.513,4196.026,4203.59,4201.41,4198.59,4188.462,4198.718,4208.077,4210.0,4202.179,4189.231,4197.308,4199.487,разжать руку
94,4195.0,4196.923,4196.923,4203.59,4203.718,4203.462,4182.821,4203.974,4212.821,4210.385,4202.436,4190.897,4200.0,4198.974,разжать руку
94,4193.846,4199.744,4202.051,4207.051,4204.487,4203.718,4185.641,4203.462,4211.41,4196.538,4200.128,4189.103,4199.487,4202.564,разжать руку
94,4195.128,4205.897,4204.744,4209.103,4207.821,4200.641,4191.41,4208.205,4209.744,4198.59,4204.487,4187.821,4201.154,4205.513,разжать руку
94,4205.897,4212.436,4210.128,4211.282,4211.795,4202.949,4191.795,4213.462,4217.564,4224.231,4215.0,4194.359,4209.615,4210.0,разжать руку
94,4210.641,4213.718,4213.333,4212.821,4212.436,4207.692,4193.333,4209.103,4220.897,4235.641,4216.41,4197.564,4218.077,4211.795,разжать руку
94,4206.41,4213.077,4211.923,4211.154,4212.821,4202.051,4189.487,4209.872,4216.538,4221.667,4213.462,4196.923,4214.231,4209.359,разжать руку
94,4201.538,4212.821,4209.615,4207.436,4211.667,4196.41,4185.256,4217.564,4216.667,4212.821,4216.282,4197.564,4207.692,4207.179,разжать руку
94,4199.615,4208.718,4205.128,4204.231,4202.308,4204.231,4188.205,4207.308,4213.974,4215.385,4212.179,4196.154,4207.692,4207.436,разжать руку
94,4204.744,4208.333,4206.41,4206.154,4202.949,4211.282,4188.974,4194.744,4209.744,4216.667,4206.667,4195.513,4211.282,4209.359,разжать руку
94,4205.769,4211.282,4208.59,4209.487,4211.795,4204.744,4191.282,4201.923,4211.154,4210.128,4207.949,4194.487,4211.282,4206.538,разжать руку
94,4200.256,4210.128,4206.795,4208.718,4207.821,4197.692,4194.872,4207.949,4210.897,4199.359,4206.282,4191.282,4204.744,4203.333,разжать руку
94,4206.795,4214.103,4211.282,4211.41,4206.538,4200.641,4187.821,4205.0,4212.051,4215.0,4208.846,4191.282,4205.769,4206.41,разжать руку
94,4216.667,4221.795,4216.026,4216.154,4214.487,4202.821,4178.974,4207.564,4215.897,4235.641,4218.718,4192.692,4216.154,4210.897,разжать руку
94,4209.487,4218.718,4209.487,4212.949,4211.026,4201.026,4184.744,4209.359,4212.949,4215.897,4215.256,4189.872,4215.128,4208.205,разжать руку
94,4197.692,4208.846,4199.872,4206.923,4198.462,4202.949,4191.026,4200.769,4208.077,4191.282,4201.538,4186.026,4200.897,4201.282,разжать руку
94,4194.744,4205.128,4194.615,4204.615,4196.795,4206.41,4188.718,4195.897,4205.641,4201.667,4200.897,4186.538,4197.436,4201.282,разжать руку
94,4191.538,4207.436,4191.538,4200.0,4206.026,4203.333,4189.103,4198.205,4208.205,4218.205,4204.744,4186.026,4202.949,4202.308,разжать руку
94,4185.897,4205.769,4190.769,4193.077,4209.872,4199.231,4188.974,4197.821,4210.256,4210.897,4200.256,4182.564,4199.487,4198.718,разжать руку
94,4186.41,4204.615,4193.974,4194.231,4205.897,4199.615,4183.462,4204.359,4209.744,4205.256,4199.103,4185.513,4197.692,4201.795,разжать руку
94,4193.462,4212.308,4200.256,4200.769,4203.974,4201.795,4183.333,4208.846,4207.821,4212.308,4202.308,4189.615,4206.282,4208.462,разжать руку
94,4199.487,4216.154,4204.872,4204.487,4205.897,4203.59,4190.897,4201.538,4206.282,4213.974,4201.538,4191.41,4211.923,4209.231,разжать руку
94,4198.974,4209.231,4205.769,4206.667,4204.744,4200.385,4194.615,4204.872,4213.718,4213.205,4198.974,4192.179,4203.846,4207.179,разжать руку
94,4199.103,4205.513,4205.0,4211.538,4197.692,4194.231,4191.154,4211.795,4215.641,4210.128,4200.256,4191.41,4202.564,4207.692,разжать руку
94,4205.769,4212.051,4208.077,4217.692,4191.41,4193.205,4187.564,4208.333,4212.308,4204.615,4201.41,4194.359,4214.744,4213.718,разжать руку
94,4215.769,4219.359,4215.897,4219.487,4192.051,4193.846,4187.949,4210.385,4214.359,4208.59,4207.949,4197.564,4221.026,4219.359,разжать руку
94,4227.051,4222.436,4222.564,4214.487,4195.513,4190.897,4188.59,4208.205,4212.308,4216.282,4217.692,4196.923,4218.205,4220.0,разжать руку
94,4233.718,4225.256,4222.179,4214.103,4194.103,4190.128,4190.256,4193.846,4202.179,4208.462,4211.923,4194.487,4212.436,4217.308,разжать руку
94,4232.308,4227.308,4215.641,4218.846,4194.615,4192.308,4188.462,4190.0,4194.615,4192.564,4199.103,4190.128,4209.103,4211.538,разжать руку
94,4228.846,4229.231,4211.026,4219.359,4199.487,4195.385,4184.487,4199.103,4201.282,4196.923,4201.154,4190.897,4213.846,4211.026,разжать руку
94,4230.513,4235.256,4214.231,4218.077,4200.769,4199.487,4184.487,4198.974,4203.077,4202.308,4206.154,4193.333,4217.949,4215.128,разжать руку
94,4228.718,4237.692,4216.795,4220.513,4203.333,4199.615,4179.231,4189.872,4197.051,4186.795,4199.872,4192.949,4214.744,4215.513,разжать руку
94,4221.538,4229.487,4215.897,4222.308,4207.821,4195.256,4172.436,4192.821,4203.974,4188.846,4202.564,4194.615,4216.923,4214.103,разжать руку
94,4225.897,4222.564,4218.718,4218.974,4202.564,4190.897,4175.128,4213.846,4220.897,4221.667,4214.744,4200.128,4221.41,4215.128,разжать руку
94,4233.462,4226.154,4219.744,4214.231,4192.821,4189.103,4179.872,4216.282,4220.897,4230.256,4212.564,4204.744,4216.538,4216.41,разжать руку
94,4224.487,4225.897,4213.077,4212.564,4198.462,4191.41,4177.821,4189.103,4198.333,4200.769,4201.154,4198.077,4211.923,4211.923,разжать руку
94,4215.128,4219.103,4209.744,4213.846,4211.538,4198.846,4178.333,4187.436,4192.564,4191.538,4200.128,4190.769,4214.615,4209.487,разжать руку
94,4216.282,4222.564,4210.0,4215.128,4207.051,4201.795,4190.641,4209.872,4204.872,4209.872,4204.487,4195.128,4215.513,4211.795,разжать руку
94,4207.821,4222.179,4200.641,4208.974,4197.308,4196.282,4197.692,4210.385,4205.897,4211.923,4200.641,4193.205,4205.128,4207.051,разжать руку
94,4195.897,4206.795,4187.821,4202.308,4201.282,4198.59,4190.769,4195.128,4198.974,4198.718,4190.513,4182.436,4194.487,4201.667,разжать руку
94,4197.692,4201.538,4187.308,4204.231,4210.513,4206.41,4185.385,4190.641,4199.359,4198.974,4190.0,4183.718,4205.128,4205.513,разжать руку
94,4202.949,4210.385,4196.667,4208.974,4209.231,4201.923,4192.564,4197.564,4208.974,4217.564,4205.128,4195.513,4220.0,4210.385,разжать руку
94,4211.923,4221.154,4208.974,4217.821,4205.897,4198.333,4191.667,4205.513,4215.385,4233.462,4218.974,4204.103,4221.795,4216.282,разжать руку
94,4224.231,4232.564,4220.385,4229.231,4210.641,4200.769,4178.333,4209.744,4214.487,4230.897,4220.385,4203.974,4225.128,4220.641,разжать руку
94,4221.538,4231.282,4222.179,4226.026,4208.333,4192.436,4185.769,4212.179,4216.282,4220.769,4215.385,4197.308,4223.205,4213.462,разжать руку
94,4207.821,4214.359,4213.718,4214.359,4203.462,4186.154,4198.974,4212.564,4217.051,4223.077,4206.026,4192.564,4212.436,4205.256,разжать руку
94,4198.205,4203.462,4201.667,4209.487,4205.769,4192.179,4197.436,4213.974,4214.359,4228.718,4197.821,4191.667,4209.744,4203.59,разжать руку
94,4190.897,4200.769,4190.256,4207.692,4203.077,4200.128,4208.59,4224.487,4215.0,4218.59,4198.59,4189.359,4205.385,4203.333,разжать руку
94,4183.462,4198.205,4183.333,4206.538,4202.821,4209.359,4221.026,4213.974,4211.538,4211.154,4199.359,4185.769,4195.385,4201.026,разжать руку
94,4180.769,4196.538,4178.718,4206.795,4206.282,4218.718,4212.564,4180.128,4195.513,4205.513,4190.385,4182.821,4192.692,4196.923,разжать руку
94,4180.385,4191.538,4174.103,4202.692,4199.744,4223.333,4216.41,4186.795,4193.462,4192.051,4181.026,4183.462,4189.231,4196.282,разжать руку
94,4182.436,4191.282,4176.667,4199.359,4195.385,4222.949,4231.41,4215.769,4210.385,4196.026,4184.487,4191.282,4181.923,4200.769,разжать руку
94,4190.128,4202.436,4191.154,4206.795,4204.231,4216.923,4222.949,4210.0,4211.923,4204.872,4196.795,4202.051,4192.692,4209.744,разжать руку
94,4204.744,4213.333,4207.051,4215.513,4213.333,4208.974,4210.385,4202.692,4207.949,4207.308,4207.436,4207.051,4216.026,4215.769,разжать руку
94,4220.385,4216.923,4218.205,4219.231,4215.0,4207.692,4210.897,4221.538,4225.513,4232.051,4215.769,4211.667,4228.333,4220.513,разжать руку
94,4228.462,4215.897,4227.436,4221.795,4215.128,4208.718,4214.615,4229.872,4235.513,4250.256,4222.308,4215.128,4227.436,4222.436,разжать руку
94,4227.308,4210.897,4227.436,4220.641,4209.615,4198.333,4214.103,4220.385,4219.744,4227.564,4214.359,4205.897,4217.821,4212.564,разжать руку
94,4219.359,4210.769,4217.436,4218.974,4203.846,4190.385,4209.231,4218.077,4212.821,4214.231,4202.821,4199.744,4210.513,4206.41,разжать руку
94,4210.513,4218.59,4211.282,4216.923,4206.282,4204.487,4215.641,4222.179,4219.615,4233.59,4202.692,4202.564,4214.359,4208.846,разжать руку
94,4199.359,4216.154,4204.615,4207.564,4208.846,4214.872,4229.231,4226.026,4217.436,4230.256,4202.949,4200.256,4211.795,4205.641,разжать руку
94,4186.154,4201.41,4192.051,4200.128,4206.923,4204.744,4228.846,4221.026,4214.103,4207.564,4200.0,4196.923,4201.923,4200.385,разжать руку
94,4189.744,4198.077,4193.846,4205.385,4205.513,4203.718,4216.538,4201.538,4207.692,4205.641,4198.205,4198.718,4202.436,4202.564,разжать руку
94,4204.615,4206.667,4207.308,4210.897,4209.359,4214.103,4209.103,4190.128,4197.949,4214.359,4200.513,4202.308,4205.385,4209.103,разжать руку
94,4211.41,4210.513,4210.128,4209.487,4212.821,4211.41,4210.769,4198.974,4204.487,4219.872,4204.872,4203.59,4204.359,4213.077,разжать руку
94,4208.462,4204.487,4205.513,4208.718,4206.282,4201.923,4214.872,4215.641,4217.949,4221.41,4204.487,4203.718,4209.231,4214.231,разжать руку
94,4205.769,4202.179,4207.692,4210.0,4198.205,4205.641,4219.487,4226.026,4221.667,4227.692,4200.769,4202.564,4214.103,4213.333,разжать руку
94,4207.436,4206.538,4213.333,4209.744,4201.026,4213.974,4221.667,4220.256,4219.103,4233.205,4207.692,4199.487,4213.333,4211.154,разжать руку
94,4211.41,4209.872,4212.179,4209.231,4209.487,4210.641,4215.128,4206.538,4214.359,4224.744,4216.41,4200.256,4215.769,4211.282,разжать руку
94,4208.718,4209.615,4209.487,4210.385,4210.0,4204.487,4207.692,4208.333,4215.385,4217.564,4207.949,4200.513,4213.077,4208.462,разжать руку
94,4199.103,4205.769,4207.692,4210.513,4204.487,4206.795,4207.564,4212.692,4215.385,4218.333,4197.692,4194.487,4201.538,4203.205,разжать руку
94,4198.974,4202.949,4201.282,4206.026,4205.385,4206.154,4205.0,4205.0,4205.256,4214.231,4200.513,4190.897,4199.615,4206.41,разжать руку
94,4202.564,4203.974,4197.692,4204.103,4208.205,4201.41,4206.41,4205.513,4204.615,4208.077,4204.615,4193.718,4206.282,4210.128,разжать руку
94,4199.103,4207.564,4200.256,4208.462,4204.744,4205.513,4217.692,4212.436,4210.128,4210.256,4200.897,4195.513,4206.154,4208.718,разжать руку
94,4201.282,4211.154,4200.128,4211.154,4208.718,4211.41,4218.077,4209.487,4207.308,4214.103,4202.564,4196.667,4203.205,4209.615,разжать руку
94,4203.846,4209.615,4199.103,4207.564,4220.897,4208.846,4208.077,4204.615,4208.462,4215.897,4211.667,4197.692,4207.564,4211.282,разжать руку
94,4201.154,4205.385,4203.462,4208.205,4215.769,4207.051,4207.949,4209.744,4215.513,4218.59,4212.308,4200.0,4209.231,4210.513,разжать руку
94,4205.0,4206.795,4212.949,4216.667,4200.385,4212.949,4219.872,4220.513,4219.487,4227.821,4217.564,4203.462,4209.872,4211.795,разжать руку
94,4214.615,4208.462,4217.821,4215.769,4201.282,4212.436,4226.667,4219.872,4222.051,4233.333,4228.974,4202.564,4218.974,4214.103,разжать руку
94,4217.692,4205.513,4216.923,4209.872,4206.154,4200.128,4217.051,4215.513,4222.821,4228.718,4225.641,4202.051,4223.974,4212.949,разжать руку
94,4218.718,4210.0,4218.462,4216.667,4203.846,4195.897,4204.744,4215.513,4218.333,4220.385,4221.026,4203.59,4219.615,4211.923,разжать руку
94,4219.615,4215.256,4217.692,4221.026,4205.513,4207.564,4209.103,4210.256,4213.59,4208.333,4226.667,4202.692,4214.231,4215.385,разжать руку
94,4211.154,4207.564,4211.154,4210.513,4212.308,4215.256,4218.974,4203.333,4212.179,4207.179,4223.077,4197.051,4212.692,4213.846,разжать руку
94,4199.872,4201.923,4205.385,4204.231,4212.692,4208.462,4212.436,4205.897,4215.0,4220.897,4214.744,4191.41,4209.487,4206.026,разжать руку
94,4198.718,4206.795,4207.179,4211.538,4209.487,4207.051,4205.256,4210.641,4214.487,4221.667,4216.282,4192.949,4205.513,4206.026,разжать руку
94,4206.154,4207.821,4210.385,4212.949,4212.436,4213.974,4206.795,4201.154,4207.564,4207.436,4217.692,4197.179,4206.41,4211.538,разжать руку
94,4211.667,4205.897,4214.487,4212.179,4216.667,4216.154,4208.333,4200.128,4208.462,4214.744,4222.051,4201.923,4213.718,4216.282,разжать руку
94,4215.897,4215.769,4222.308,4219.744,4216.667,4214.231,4211.923,4222.436,4225.897,4241.282,4232.692,4203.462,4221.41,4216.923,разжать руку
94,4220.897,4227.308,4225.897,4224.872,4213.333,4208.974,4210.769,4225.0,4232.436,4248.846,4234.744,4201.538,4225.897,4213.718,разжать руку
94,4224.487,4223.718,4224.359,4220.897,4211.154,4205.513,4206.154,4207.564,4218.077,4236.923,4231.923,4202.051,4227.564,4213.846,разжать руку
94,4219.103,4210.769,4216.282,4212.821,4213.205,4203.718,4203.974,4203.974,4209.231,4223.333,4226.795,4197.821,4213.077,4209.872,разжать руку
94,4203.718,4202.692,4206.154,4207.436,4209.744,4195.897,4202.564,4206.667,4212.308,4214.103,4217.564,4190.769,4197.308,4203.59,разжать руку
94,4200.769,4203.974,4207.051,4208.974,4199.487,4195.897,4203.077,4213.718,4220.769,4215.385,4218.718,4196.026,4208.59,4209.103,разжать руку
95,4215.385,4210.897,4215.769,4211.538,4208.59,4209.103,4213.974,4218.974,4218.333,4231.538,4223.974,4199.231,4210.0,4212.179,сжать руку
95,4206.795,4216.923,4208.846,4216.795,4215.0,4208.077,4206.154,4195.769,4206.41,4215.513,4215.0,4189.872,4205.641,4206.923,сжать руку
95,4201.026,4218.974,4204.872,4217.308,4214.487,4221.795,4215.897,4198.462,4209.744,4209.103,4215.128,4191.026,4214.872,4206.538,сжать руку
95,4201.282,4213.846,4204.487,4210.128,4215.641,4223.846,4228.333,4214.744,4220.641,4226.795,4219.615,4195.256,4218.077,4208.59,сжать руку
95,4203.462,4208.333,4204.231,4207.051,4212.564,4208.718,4221.667,4217.692,4222.436,4235.897,4217.308,4192.179,4214.103,4208.718,сжать руку
95,4209.103,4207.821,4205.641,4212.051,4208.333,4206.154,4212.692,4213.462,4220.769,4227.179,4215.513,4193.333,4216.667,4209.359,сжать руку
95,4213.077,4212.051,4213.205,4216.923,4212.949,4211.795,4214.615,4210.769,4222.949,4232.692,4223.974,4198.462,4222.308,4212.436,сжать руку
95,4214.744,4216.667,4217.949,4219.615,4214.872,4207.692,4217.821,4219.231,4229.359,4243.462,4230.513,4198.974,4225.0,4214.872,сжать руку
95,4216.667,4217.821,4215.769,4222.564,4209.487,4204.487,4223.077,4228.333,4230.256,4238.077,4223.59,4197.821,4225.385,4214.103,сжать руку
95,4213.205,4211.667,4212.308,4218.077,4205.769,4210.513,4232.821,4216.795,4220.256,4221.282,4212.308,4193.205,4213.846,4209.231,сжать руку
95,4211.282,4211.026,4210.513,4213.077,4202.821,4208.59,4223.718,4200.769,4212.308,4206.154,4212.692,4190.513,4201.154,4209.487,сжать руку
95,4217.179,4220.128,4213.718,4219.359,4200.769,4200.385,4209.615,4207.308,4215.128,4216.538,4217.692,4193.462,4206.795,4215.513,сжать руку
95,4218.59,4219.231,4216.795,4222.692,4205.128,4201.667,4214.615,4222.179,4221.667,4227.564,4217.308,4196.41,4217.564,4217.308,сжать руку
95,4213.59,4211.667,4213.462,4216.282,4212.949,4208.846,4220.128,4213.462,4216.41,4203.205,4214.872,4195.513,4217.821,4214.615,сжать руку
95,4218.974,4215.0,4214.231,4215.385,4212.179,4210.897,4213.974,4196.41,4204.744,4194.103,4214.103,4195.897,4214.359,4214.359,сжать руку
95,4229.103,4222.179,4220.256,4220.385,4207.821,4207.564,4207.051,4202.564,4210.513,4223.333,4218.59,4201.41,4215.513,4219.487,сжать руку
95,4232.692,4229.231,4224.872,4224.615,4209.872,4206.026,4209.103,4213.205,4221.154,4232.051,4226.154,4201.923,4222.949,4224.231,сжать руку
95,4239.872,4235.641,4230.769,4228.718,4208.462,4203.205,4212.821,4210.513,4216.667,4216.923,4230.769,4198.205,4229.103,4227.949,сжать руку
95,4249.744,4239.231,4237.692,4232.436,4198.974,4198.077,4212.436,4207.308,4214.359,4222.308,4232.051,4200.513,4231.795,4231.923,сжать руку
95,4254.103,4242.051,4235.897,4233.077,4196.538,4200.128,4210.0,4205.128,4219.487,4236.282,4232.179,4202.821,4236.923,4228.846,сжать руку
95,4252.692,4243.846,4230.256,4229.872,4200.0,4202.949,4208.333,4199.615,4213.59,4228.974,4225.513,4201.667,4236.538,4223.59,сжать руку
95,4250.641,4241.41,4229.872,4230.0,4204.872,4196.026,4202.821,4207.051,4210.769,4214.615,4219.231,4202.308,4229.231,4226.538,сжать руку
95,4252.564,4241.026,4229.487,4234.359,4208.077,4187.821,4190.256,4213.205,4215.0,4208.974,4222.436,4202.051,4230.385,4227.051,сжать руку
95,4252.051,4243.077,4226.282,4235.897,4203.718,4190.385,4191.667,4198.846,4205.128,4204.359,4222.179,4199.744,4228.974,4221.154,сжать руку
95,4247.564,4244.103,4228.974,4233.59,4203.462,4194.615,4204.872,4186.154,4193.718,4200.897,4215.128,4199.487,4223.333,4219.615,сжать руку
95,4246.41,4241.026,4233.974,4232.564,4204.744,4191.41,4197.179,4196.282,4206.795,4208.462,4216.667,4201.667,4228.846,4224.487,сжать руку
95,4244.103,4235.0,4232.821,4231.538,4200.513,4191.538,4185.769,4211.41,4223.077,4219.615,4228.333,4204.872,4229.487,4225.641,сжать руку
95,4236.41,4227.179,4226.538,4225.897,4198.59,4196.026,4200.769,4211.923,4219.487,4223.718,4228.718,4200.256,4219.487,4217.436,сжать руку
95,4228.718,4216.154,4218.59,4218.718,4200.641,4197.179,4207.308,4204.103,4210.641,4220.641,4214.359,4193.333,4215.641,4211.282,сжать руку
95,4223.077,4207.308,4215.128,4215.513,4202.308,4197.308,4197.949,4202.564,4213.462,4208.59,4209.615,4193.974,4216.795,4212.564,сжать руку
95,4219.487,4206.667,4215.897,4216.154,4201.282,4203.077,4198.333,4210.769,4215.385,4201.026,4211.923,4197.692,4211.667,4213.718,сжать руку
95,4219.359,4207.436,4212.949,4217.564,4206.154,4208.462,4201.667,4209.231,4206.282,4209.103,4207.436,4197.692,4204.872,4209.872,сжать руку
95,4216.282,4206.026,4207.308,4218.205,4210.897,4205.513,4200.128,4196.795,4203.077,4216.41,4206.795,4193.077,4205.897,4206.667,сжать руку
95,4212.179,4209.487,4208.205,4219.231,4208.077,4204.231,4201.538,4198.718,4210.641,4212.308,4212.436,4194.103,4208.846,4213.59,сжать руку
95,4214.103,4213.462,4212.051,4217.308,4207.692,4206.282,4198.718,4206.667,4211.923,4208.974,4208.077,4197.436,4203.846,4215.0,сжать руку
95,4214.103,4207.949,4206.538,4212.436,4214.359,4202.308,4196.41,4205.769,4210.641,4210.0,4199.359,4192.308,4197.051,4206.923,сжать руку
95,4210.641,4203.974,4201.154,4210.128,4211.538,4202.564,4210.641,4211.538,4215.385,4215.513,4202.051,4193.205,4201.667,4209.487,сжать руку
95,4212.692,4206.282,4205.128,4211.795,4200.128,4208.846,4212.179,4215.513,4214.231,4218.718,4209.103,4203.077,4209.615,4216.41,сжать руку
95,4212.821,4207.051,4209.744,4213.59,4201.795,4203.718,4191.282,4202.949,4209.872,4209.872,4214.744,4205.0,4212.308,4215.0,сжать руку
95,4210.897,4206.154,4208.205,4211.923,4205.513,4197.564,4187.564,4202.564,4213.077,4209.487,4216.667,4200.128,4213.59,4214.103,сжать руку
95,4210.769,4205.897,4206.795,4210.513,4200.385,4205.385,4204.487,4218.333,4217.821,4226.538,4214.872,4204.103,4214.744,4217.949,сжать руку
95,4210.256,4207.949,4210.128,4213.59,4203.205,4211.923,4212.564,4217.051,4220.897,4235.641,4217.436,4208.077,4215.128,4221.154,сжать руку
95,4205.0,4207.821,4206.41,4211.282,4210.128,4207.179,4206.538,4207.308,4216.667,4228.846,4217.564,4199.103,4207.308,4216.154,сжать руку
95,4202.436,4201.154,4200.0,4205.513,4210.513,4203.59,4206.667,4210.897,4210.641,4211.41,4210.513,4194.103,4198.333,4208.462,сжать руку
95,4203.462,4196.154,4204.359,4208.333,4208.846,4206.282,4207.821,4209.872,4213.077,4196.795,4206.538,4199.359,4203.718,4208.974,сжать руку
95,4201.026,4198.077,4208.333,4210.256,4207.821,4207.821,4203.846,4202.692,4217.051,4207.949,4212.436,4200.513,4212.308,4214.359,сжать руку
95,4201.41,4200.897,4206.154,4205.897,4209.103,4204.487,4207.308,4206.923,4212.692,4226.795,4218.077,4197.949,4210.256,4219.872,сжать руку
95,4203.846,4201.667,4206.923,4206.41,4209.487,4201.154,4216.282,4211.282,4207.692,4219.487,4213.846,4196.667,4204.231,4218.59,сжать руку
95,4202.436,4197.821,4205.769,4209.103,4205.897,4201.923,4215.0,4206.282,4211.667,4208.846,4210.128,4197.564,4200.128,4212.308,сжать руку
95,4202.436,4192.179,4203.846,4205.513,4207.179,4207.949,4210.769,4209.359,4217.051,4222.179,4213.846,4201.795,4204.231,4212.308,сжать руку
95,4209.231,4198.974,4209.744,4206.282,4211.282,4210.385,4214.103,4220.897,4218.462,4238.077,4218.59,4205.897,4216.41,4218.718,сжать руку
95,4218.846,4211.538,4214.744,4213.462,4208.333,4208.59,4215.897,4219.231,4217.564,4235.256,4218.333,4208.974,4222.179,4221.795,сжать руку
95,4220.641,4215.256,4214.615,4213.077,4210.641,4210.897,4217.564,4208.462,4215.513,4226.154,4217.436,4208.718,4218.59,4218.59,сжать руку
95,4218.333,4210.641,4214.744,4209.615,4218.333,4211.41,4217.949,4203.718,4213.077,4226.026,4214.487,4204.359,4214.231,4215.897,сжать руку
95,4214.872,4200.769,4208.077,4209.487,4209.487,4209.359,4216.154,4210.256,4215.256,4218.846,4206.282,4202.949,4207.179,4214.872,сжать руку
95,4213.59,4197.179,4201.795,4209.231,4201.667,4207.308,4208.333,4213.462,4217.436,4200.769,4206.538,4203.077,4203.59,4214.487,сжать руку
95,4215.513,4203.846,4207.308,4210.641,4206.667,4198.846,4198.333,4204.872,4212.821,4206.41,4217.436,4204.231,4213.846,4219.487,сжать руку
95,4220.256,4209.231,4214.615,4214.744,4210.0,4198.462,4200.256,4200.513,4213.462,4228.59,4215.513,4202.949,4223.077,4219.359,сжать руку
95,4218.077,4202.564,4209.615,4211.026,4216.41,4214.872,4206.41,4202.179,4210.256,4217.436,4202.436,4197.051,4213.205,4210.513,сжать руку
95,4204.615,4191.923,4197.051,4203.205,4221.282,4224.103,4215.256,4207.949,4205.897,4195.897,4198.205,4192.692,4198.205,4207.564,сжать руку
95,4202.821,4193.59,4197.564,4203.59,4213.333,4212.564,4225.897,4219.231,4219.744,4209.359,4201.667,4194.615,4203.077,4211.667,сжать руку
95,4219.103,4207.436,4210.897,4210.0,4211.154,4205.513,4223.077,4221.282,4228.718,4231.282,4203.974,4202.051,4215.128,4217.692,сжать руку
95,4229.487,4217.821,4217.308,4213.846,4223.718,4211.923,4210.256,4208.846,4217.051,4231.538,4205.513,4202.308,4214.103,4217.179,сжать руку
95,4216.41,4210.128,4207.436,4207.821,4219.487,4209.872,4210.128,4204.359,4211.795,4212.949,4201.282,4194.615,4204.872,4205.897,сжать руку
95,4200.385,4201.282,4201.923,4203.205,4202.051,4205.641,4216.41,4211.795,4215.256,4201.795,4196.538,4194.487,4201.667,4204.103,сжать руку
95,4207.051,4205.256,4209.359,4208.846,4204.872,4211.282,4208.846,4209.744,4212.051,4213.333,4205.256,4199.103,4208.077,4213.077,сжать руку
95,4215.897,4211.026,4212.821,4212.308,4216.41,4212.949,4203.846,4205.0,4211.923,4213.462,4214.872,4200.641,4212.179,4214.231,сжать руку
95,4209.487,4208.333,4208.462,4207.821,4217.051,4207.308,4208.462,4210.513,4218.59,4202.436,4208.846,4197.949,4212.436,4210.897,сжать руку
95,4204.615,4202.179,4202.564,4203.718,4211.282,4208.59,4207.564,4212.821,4217.821,4214.103,4201.538,4194.359,4211.667,4210.256,сжать руку
95,4208.077,4198.333,4197.949,4202.051,4209.487,4213.462,4207.692,4206.923,4213.59,4226.795,4203.333,4195.256,4205.897,4208.718,сжать руку
95,4201.923,4193.846,4194.744,4199.615,4212.564,4211.923,4217.308,4209.103,4213.077,4218.846,4203.333,4197.564,4200.128,4205.641,сжать руку
95,4194.487,4190.0,4194.103,4196.667,4212.051,4211.538,4218.333,4217.179,4214.103,4214.744,4199.872,4197.308,4202.692,4207.051,сжать руку
95,4199.615,4191.026,4196.154,4197.179,4208.205,4214.487,4210.769,4211.538,4213.077,4216.923,4201.026,4198.59,4207.564,4211.667,сжать руку
95,4201.795,4194.615,4197.564,4201.026,4202.179,4208.974,4209.103,4201.923,4212.051,4212.692,4202.821,4201.41,4206.923,4211.667,сжать руку
95,4198.462,4195.769,4196.282,4201.795,4199.744,4199.744,4205.641,4207.692,4216.923,4213.59,4201.923,4199.615,4205.641,4211.923,сжать руку
95,4202.564,4197.179,4196.667,4201.538,4208.205,4201.41,4200.513,4210.641,4216.154,4216.667,4200.128,4193.333,4205.769,4211.41,сжать руку
95,4206.923,4203.59,4202.051,4202.949,4212.692,4201.923,4202.179,4207.179,4211.538,4214.103,4199.487,4192.949,4203.205,4209.359,сжать руку
95,4205.513,4209.487,4205.256,4206.795,4209.615,4198.974,4206.667,4211.667,4218.077,4216.154,4203.205,4198.077,4205.769,4209.615,сжать руку
95,4207.436,4205.385,4201.795,4207.051,4209.872,4205.641,4204.744,4207.949,4219.487,4217.051,4204.359,4195.513,4211.667,4211.154,сжать руку
95,4211.026,4194.359,4194.872,4202.051,4207.308,4213.077,4206.795,4198.718,4208.846,4206.795,4198.718,4191.154,4209.487,4211.795,сжать руку
95,4204.615,4192.821,4193.974,4198.974,4202.179,4210.897,4215.769,4205.769,4209.359,4208.205,4205.0,4192.821,4208.333,4209.744,сжать руку
95,4197.949,4194.615,4193.462,4198.462,4205.256,4207.436,4212.179,4219.103,4221.795,4221.667,4212.949,4195.769,4213.59,4208.333,сжать руку
95,4202.308,4188.462,4189.744,4197.692,4210.0,4213.974,4206.795,4220.128,4223.974,4216.154,4204.872,4196.923,4212.179,4207.821,сжать руку
95,4202.949,4180.641,4190.256,4195.897,4207.308,4218.205,4214.744,4205.128,4213.846,4201.795,4204.103,4192.692,4200.0,4205.128,сжать руку
95,4193.718,4177.692,4192.308,4196.795,4207.564,4206.154,4211.282,4201.154,4213.462,4207.821,4213.333,4191.026,4199.231,4204.615,сжать руку
95,4193.718,4182.179,4189.872,4197.821,4209.487,4196.667,4194.359,4217.051,4219.103,4218.205,4215.256,4196.026,4205.385,4206.282,сжать руку
95,4197.821,4184.872,4186.538,4194.744,4204.103,4204.744,4196.667,4212.308,4216.282,4210.128,4212.564,4195.897,4199.487,4204.872,сжать руку
95,4195.513,4181.923,4188.846,4193.205,4200.128,4205.897,4201.667,4191.282,4212.179,4199.103,4210.513,4193.846,4196.538,4204.615,сжать руку
95,4195.897,4180.641,4192.692,4195.128,4200.897,4195.513,4190.769,4199.615,4216.026,4201.667,4210.769,4195.513,4201.282,4205.769,сжать руку
95,4194.744,4178.205,4190.641,4193.59,4198.59,4197.564,4193.205,4218.333,4217.051,4209.872,4214.487,4193.462,4200.641,4204.359,сжать руку
95,4193.718,4180.256,4189.487,4192.051,4194.872,4203.462,4202.821,4208.077,4211.667,4214.103,4217.564,4193.205,4200.385,4206.538,сжать руку
95,4202.949,4190.897,4197.051,4199.487,4197.051,4203.462,4202.179,4195.897,4211.154,4214.359,4222.179,4198.846,4210.0,4211.282,сжать руку
95,4206.795,4199.103,4202.308,4208.974,4201.026,4206.923,4206.41,4206.41,4215.385,4213.462,4224.231,4200.0,4214.487,4212.436,сжать руку
95,4205.256,4203.974,4202.821,4210.256,4204.744,4204.103,4209.359,4210.128,4216.923,4216.026,4220.385,4195.769,4213.077,4211.026,сжать руку
95,4210.256,4206.923,4205.256,4203.462,4206.923,4193.974,4201.154,4200.385,4214.487,4209.744,4222.436,4196.795,4211.667,4212.692,сжать руку
95,4211.538,4200.513,4207.179,4198.462,4204.359,4197.436,4196.026,4201.923,4216.538,4193.462,4226.154,4201.154,4207.179,4214.872,сжать руку
95,4210.128,4192.692,4208.846,4199.872,4199.744,4206.154,4195.256,4215.0,4225.513,4200.128,4223.846,4202.564,4209.487,4212.051,сжать руку
95,4210.385,4193.077,4208.974,4199.359,4202.949,4202.436,4197.949,4215.513,4224.872,4226.154,4221.282,4205.641,4213.59,4210.256,сжать руку
95,4207.436,4194.359,4208.077,4197.564,4211.282,4199.744,4207.692,4210.897,4221.282,4233.333,4222.436,4205.0,4209.487,4211.154,сжать руку
95,4211.667,4200.128,4213.974,4204.615,4209.744,4205.128,4209.872,4212.949,4224.615,4225.513,4221.795,4202.692,4209.103,4213.205,сжать руку
96,4227.692,4218.718,4217.051,4212.179,4213.974,4208.333,4201.41,4200.0,4213.59,4227.179,4224.744,4206.41,4221.154,4215.385,разжать руку
96,4227.179,4225.256,4209.744,4211.795,4214.615,4198.974,4197.051,4202.949,4217.179,4222.949,4220.0,4200.0,4219.103,4217.179,разжать руку
96,4234.744,4233.974,4215.385,4215.769,4208.718,4192.564,4196.667,4211.026,4223.462,4222.949,4223.718,4198.077,4225.128,4222.179,разжать руку
96,4243.077,4240.641,4221.667,4220.0,4207.436,4191.923,4201.154,4210.513,4219.359,4220.769,4228.59,4201.538,4230.513,4224.615,разжать руку
96,4252.051,4249.744,4226.026,4225.385,4210.513,4196.667,4203.59,4206.154,4214.359,4216.154,4226.41,4207.051,4233.59,4228.333,разжать руку
96,4259.872,4252.436,4230.769,4225.513,4210.769,4203.205,4208.846,4203.462,4212.949,4211.667,4222.692,4208.077,4231.795,4229.872,разжать руку
96,4262.308,4246.667,4234.359,4221.923,4209.103,4203.718,4213.205,4203.59,4217.436,4213.974,4225.256,4208.333,4231.154,4227.692,разжать руку
96,4260.128,4247.821,4238.718,4225.897,4207.308,4199.359,4204.103,4210.897,4221.923,4226.026,4229.744,4210.513,4236.538,4225.256,разжать руку
96,4249.872,4242.436,4232.436,4221.923,4209.487,4196.667,4186.538,4208.077,4215.769,4223.333,4223.718,4208.462,4229.103,4218.205,разжать руку
96,4239.359,4225.513,4221.026,4209.872,4211.41,4196.667,4186.923,4198.59,4211.667,4209.359,4220.256,4206.795,4217.821,4215.769,разжать руку
96,4233.59,4220.256,4215.769,4208.59,4209.359,4199.872,4202.436,4203.077,4216.795,4215.769,4221.41,4206.667,4221.026,4217.308,разжать руку
96,4232.179,4225.0,4217.308,4217.179,4211.41,4203.462,4199.359,4209.359,4219.744,4220.769,4221.667,4206.282,4225.128,4214.872,разжать руку
96,4232.179,4222.821,4220.513,4219.744,4213.077,4203.718,4190.0,4208.462,4218.846,4209.487,4218.974,4204.487,4218.205,4211.282,разжать руку
96,4227.821,4217.179,4216.154,4212.692,4210.897,4203.077,4201.026,4208.333,4217.436,4210.897,4214.359,4202.821,4214.103,4213.718,разжать руку
96,4227.179,4217.949,4210.513,4210.641,4211.538,4205.641,4212.436,4211.41,4217.051,4227.051,4216.667,4206.154,4218.462,4219.231,разжать руку
96,4234.872,4224.359,4216.923,4217.308,4214.103,4208.718,4207.692,4214.744,4225.641,4234.103,4223.333,4208.077,4223.59,4220.769,разжать руку
96,4231.41,4225.641,4218.974,4217.949,4211.41,4208.846,4207.949,4217.821,4229.359,4227.308,4222.051,4206.795,4221.923,4218.718,разжать руку
96,4219.615,4222.949,4208.846,4212.308,4213.59,4207.436,4214.872,4216.667,4221.795,4219.872,4215.641,4207.308,4217.564,4212.308,разжать руку
96,4225.769,4225.641,4212.179,4212.308,4219.872,4207.821,4208.59,4209.103,4218.205,4221.795,4222.821,4207.436,4221.667,4213.974,разжать руку
96,4234.615,4228.718,4220.897,4215.256,4215.513,4210.513,4201.538,4205.385,4219.615,4228.333,4231.282,4207.051,4225.128,4224.103,разжать руку
96,4229.103,4228.846,4217.051,4212.949,4215.256,4210.0,4203.077,4206.154,4217.821,4229.359,4228.077,4207.308,4221.923,4221.923,разжать руку
96,4223.974,4226.282,4214.231,4211.41,4220.897,4204.744,4200.0,4207.692,4216.41,4229.231,4226.026,4203.974,4221.538,4212.564,разжать руку
96,4220.513,4216.154,4212.051,4209.231,4213.205,4205.256,4200.385,4206.154,4215.897,4225.897,4223.974,4197.949,4215.641,4212.692,разжать руку
96,4216.026,4207.051,4208.077,4202.564,4206.154,4211.538,4208.718,4202.436,4214.744,4219.487,4221.154,4199.615,4207.564,4216.154,разжать руку
96,4213.333,4206.538,4209.615,4199.872,4207.692,4208.333,4204.744,4204.487,4217.308,4219.744,4223.974,4203.462,4208.974,4215.385,разжать руку
96,4213.333,4200.897,4209.487,4198.205,4204.872,4200.641,4195.385,4212.949,4219.744,4221.026,4222.179,4197.051,4214.231,4212.949,разжать руку
96,4208.333,4190.513,4201.538,4194.359,4196.923,4203.59,4200.641,4215.128,4217.179,4220.513,4214.615,4195.128,4209.487,4208.846,разжать руку
96,4206.41,4197.436,4201.667,4201.538,4198.59,4208.462,4207.949,4210.641,4215.385,4223.333,4215.641,4202.821,4204.744,4211.923,разжать руку
96,4213.205,4211.41,4209.744,4211.667,4207.821,4205.0,4210.128,4217.564,4216.41,4217.179,4217.692,4201.41,4212.051,4216.282,разжать руку
96,4214.487,4212.436,4210.385,4211.923,4211.41,4202.564,4209.744,4221.41,4218.846,4211.026,4215.0,4197.949,4216.538,4212.436,разжать руку
96,4212.308,4212.564,4207.949,4211.154,4211.41,4208.718,4208.077,4210.256,4217.179,4225.256,4219.231,4200.513,4212.821,4208.462,разжать руку
96,4212.051,4215.256,4206.538,4210.769,4212.692,4214.487,4213.59,4207.051,4215.385,4233.846,4217.436,4196.923,4211.154,4206.923,разжать руку
96,4208.718,4210.256,4200.128,4205.513,4215.769,4210.641,4211.923,4210.0,4216.795,4217.051,4204.615,4190.128,4208.846,4206.154,разжать руку
96,4199.872,4206.795,4194.359,4206.41,4214.231,4203.59,4197.436,4204.872,4216.667,4209.487,4205.385,4189.872,4200.256,4206.026,разжать руку
96,4199.231,4211.538,4195.256,4208.59,4209.103,4206.41,4198.462,4203.077,4212.821,4214.359,4211.795,4192.949,4198.462,4207.051,разжать руку
96,4203.846,4211.41,4195.513,4201.538,4208.59,4214.231,4210.385,4207.692,4213.718,4218.333,4205.513,4193.59,4202.949,4206.154,разжать руку
96,4200.513,4205.769,4190.769,4198.718,4207.949,4208.333,4207.308,4212.692,4224.872,4225.128,4205.897,4193.59,4204.103,4204.615,разжать руку
96,4199.487,4205.385,4185.385,4202.179,4209.103,4203.59,4205.897,4223.59,4232.564,4217.051,4214.231,4196.923,4207.308,4208.077,разжать руку
96,4202.436,4207.436,4183.205,4199.615,4211.282,4213.205,4218.205,4227.051,4229.615,4209.615,4214.359,4195.769,4204.487,4210.385,разжать руку
96,4198.718,4204.231,4183.333,4197.308,4208.462,4212.821,4215.385,4220.256,4226.41,4229.615,4209.744,4191.154,4196.154,4207.692,разжать руку
96,4196.923,4202.308,4187.308,4202.436,4205.513,4203.846,4200.256,4210.0,4222.821,4238.846,4207.308,4193.077,4199.103,4203.846,разжать руку
96,4204.231,4207.179,4192.436,4205.641,4209.744,4208.846,4197.436,4188.974,4213.205,4220.385,4207.564,4194.744,4208.846,4205.128,разжать руку
96,4207.821,4210.128,4193.462,4204.359,4214.744,4215.513,4198.333,4186.026,4208.333,4213.462,4214.744,4192.436,4208.974,4213.205,разжать руку
96,4207.436,4213.462,4198.846,4205.256,4207.821,4208.462,4201.026,4209.615,4217.821,4219.615,4216.923,4194.615,4206.41,4213.59,разжать руку
96,4213.333,4220.641,4210.641,4208.205,4199.231,4203.462,4206.538,4209.744,4215.769,4204.744,4213.205,4199.615,4211.923,4210.256,разжать руку
96,4220.897,4222.051,4216.923,4210.0,4205.128,4207.308,4204.744,4195.385,4205.641,4192.821,4216.282,4202.051,4219.487,4217.308,разжать руку
96,4223.718,4215.385,4215.897,4206.41,4212.308,4206.282,4204.103,4208.205,4214.744,4209.359,4217.564,4204.615,4218.59,4221.154,разжать руку
96,4223.333,4211.282,4215.641,4203.718,4208.205,4205.256,4213.462,4216.154,4222.308,4223.333,4217.821,4207.692,4214.103,4215.897,разжать руку
96,4218.462,4211.026,4218.462,4205.897,4205.256,4207.179,4211.667,4204.744,4216.795,4226.923,4218.974,4207.051,4213.59,4212.821,разжать руку
96,4213.333,4209.744,4218.077,4207.949,4199.487,4208.205,4202.692,4206.026,4218.718,4230.641,4216.923,4207.821,4215.256,4215.513,разжать руку
96,4217.308,4207.821,4215.769,4207.949,4189.487,4210.385,4207.692,4216.026,4225.256,4226.41,4218.846,4210.256,4213.462,4216.538,разжать руку
96,4219.231,4201.667,4213.718,4203.718,4197.308,4205.769,4208.718,4214.744,4222.051,4220.897,4215.769,4205.128,4205.513,4210.897,разжать руку
96,4211.154,4192.436,4209.359,4199.359,4205.513,4193.462,4201.282,4212.179,4218.974,4220.128,4203.462,4200.769,4198.333,4209.872,разжать руку
96,4207.821,4197.179,4211.154,4204.103,4199.872,4190.128,4195.641,4211.154,4223.077,4213.462,4205.385,4204.615,4203.333,4217.564,разжать руку
96,4216.41,4210.256,4218.077,4211.923,4202.692,4198.974,4185.128,4194.744,4215.0,4204.359,4219.615,4204.487,4214.872,4220.641,разжать руку
96,4216.026,4206.41,4212.821,4210.641,4210.769,4208.59,4184.872,4178.718,4201.41,4204.359,4214.615,4198.846,4211.923,4215.128,разжать руку
96,4204.744,4196.026,4201.667,4205.641,4201.667,4207.564,4202.692,4193.462,4207.051,4205.256,4198.718,4194.744,4200.256,4210.128,разжать руку
96,4209.231,4201.41,4205.513,4207.949,4189.359,4194.359,4205.128,4214.872,4217.692,4208.205,4198.718,4197.436,4202.179,4215.256,разжать руку
96,4222.308,4212.436,4216.538,4213.462,4198.205,4192.308,4192.179,4207.821,4213.718,4217.564,4207.692,4204.615,4217.179,4220.513,разжать руку
96,4221.667,4210.769,4217.436,4212.949,4207.436,4204.231,4196.667,4194.744,4206.154,4213.333,4207.692,4206.026,4218.846,4217.564,разжать руку
96,4212.308,4207.821,4207.564,4207.051,4205.513,4201.538,4202.179,4195.641,4203.846,4199.103,4201.41,4201.282,4204.231,4213.974,разжать руку
96,4211.154,4205.256,4201.41,4204.487,4210.641,4196.41,4194.231,4200.385,4205.769,4202.308,4198.333,4198.462,4202.564,4211.026,разжать руку
96,4212.436,4199.359,4203.205,4207.692,4210.769,4207.821,4196.282,4209.872,4213.462,4203.59,4202.179,4201.667,4211.795,4208.59,разжать руку
96,4206.282,4200.256,4201.282,4209.487,4198.333,4213.462,4212.179,4211.667,4211.923,4191.026,4203.462,4202.308,4205.769,4207.949,разжать руку
96,4202.051,4204.359,4193.462,4205.128,4197.692,4205.769,4212.051,4200.513,4204.744,4199.872,4199.744,4196.667,4197.051,4207.564,разжать руку
96,4213.718,4207.564,4196.282,4203.974,4211.026,4206.538,4196.154,4201.282,4214.615,4224.103,4205.385,4198.974,4211.026,4213.077,разжать руку
96,4224.359,4211.795,4208.718,4210.769,4213.333,4209.103,4192.179,4213.205,4221.282,4227.564,4216.026,4202.564,4222.436,4220.769,разжать руку
96,4217.692,4208.077,4205.897,4208.846,4207.179,4198.718,4195.0,4213.59,4213.462,4218.462,4216.026,4196.538,4215.897,4220.256,разжать руку
96,4213.718,4203.974,4196.154,4202.692,4204.359,4199.359,4194.872,4205.128,4213.718,4210.897,4213.205,4196.154,4214.615,4219.872,разжать руку
96,4216.795,4208.077,4194.615,4206.795,4196.538,4211.923,4203.077,4206.026,4217.436,4203.077,4217.179,4198.59,4218.333,4220.641,разжать руку
96,4215.128,4209.231,4194.615,4211.795,4192.821,4205.0,4209.359,4216.538,4214.103,4202.692,4214.231,4196.282,4217.179,4217.308,разжать руку
96,4216.154,4205.385,4194.744,4212.564,4203.718,4192.692,4197.821,4214.359,4213.59,4207.949,4204.744,4195.256,4218.974,4213.077,разжать руку
96,4215.513,4197.821,4192.949,4206.026,4205.897,4200.256,4191.41,4197.564,4209.487,4203.846,4200.128,4195.256,4216.282,4210.641,разжать руку
96,4207.949,4188.333,4191.538,4198.974,4193.846,4204.487,4198.205,4194.359,4203.077,4207.564,4199.231,4196.026,4205.256,4211.923,разжать руку
96,4208.333,4197.179,4192.564,4203.462,4196.795,4198.205,4193.974,4205.513,4208.333,4212.949,4205.385,4198.974,4206.923,4216.667,разжать руку
96,4216.795,4212.179,4195.385,4212.308,4210.641,4204.615,4197.179,4212.051,4214.103,4207.564,4211.667,4202.821,4216.41,4221.026,разжать руку
96,4216.795,4211.282,4197.564,4211.923,4210.256,4210.513,4210.513,4211.154,4215.385,4212.051,4211.41,4200.641,4219.231,4216.667,разжать руку
96,4214.359,4208.462,4197.564,4212.179,4203.205,4202.949,4200.0,4202.821,4212.692,4217.051,4211.923,4198.462,4224.231,4210.513,разжать руку
96,4215.385,4207.436,4197.436,4215.0,4200.641,4200.128,4189.872,4201.667,4205.769,4199.103,4213.974,4202.179,4225.513,4212.821,разжать руку
96,4213.846,4201.154,4195.641,4211.282,4201.667,4199.487,4204.359,4212.179,4206.923,4187.821,4213.077,4204.744,4215.128,4213.462,разжать руку
96,4212.436,4195.0,4194.103,4209.103,4205.641,4193.462,4209.615,4210.0,4210.128,4191.538,4214.231,4206.923,4209.615,4214.744,разжать руку
96,4218.077,4194.103,4197.308,4214.615,4208.205,4199.615,4204.103,4201.923,4209.103,4186.923,4219.231,4205.128,4217.564,4220.385,разжать руку
96,4217.564,4200.513,4198.718,4218.718,4210.128,4208.718,4208.846,4205.513,4210.641,4192.308,4215.897,4197.179,4216.282,4215.128,разжать руку
96,4205.641,4209.487,4189.231,4217.308,4217.692,4203.718,4208.718,4206.026,4213.462,4212.949,4206.538,4192.564,4202.692,4204.487,разжать руку
96,4198.59,4213.718,4178.718,4215.256,4226.154,4202.821,4200.641,4198.077,4204.231,4208.846,4200.769,4191.282,4196.41,4204.103,разжать руку
96,4196.026,4217.436,4178.205,4217.692,4230.256,4209.359,4194.487,4199.231,4199.615,4189.231,4196.41,4187.692,4195.385,4206.282,разжать руку
96,4190.385,4223.205,4178.718,4221.026,4234.615,4209.744,4192.821,4206.026,4205.385,4186.41,4195.641,4184.231,4189.487,4201.41,разжать руку
96,4190.256,4223.462,4177.564,4219.744,4231.538,4206.795,4201.923,4203.462,4202.821,4183.462,4194.103,4184.359,4180.128,4198.205,разжать руку
96,4195.385,4229.231,4178.846,4220.128,4221.538,4206.026,4205.128,4198.333,4200.0,4172.949,4190.513,4189.103,4174.744,4200.641,разжать руку
96,4198.718,4241.282,4184.103,4225.385,4223.205,4206.667,4198.077,4198.333,4201.154,4176.41,4192.692,4193.077,4178.077,4200.385,разжать руку
96,4198.333,4242.051,4188.462,4227.308,4226.282,4208.205,4200.897,4196.154,4200.641,4177.564,4195.641,4188.974,4177.308,4200.256,разжать руку
96,4192.821,4240.385,4185.769,4225.897,4228.974,4209.231,4197.308,4188.205,4199.872,4164.872,4185.897,4182.564,4165.641,4199.487,разжать руку
96,4179.487,4234.872,4175.769,4218.077,4233.718,4207.436,4191.026,4191.923,4200.769,4155.641,4171.667,4179.487,4152.179,4192.821,разжать руку
96,4170.385,4229.359,4166.667,4213.974,4228.718,4205.256,4193.846,4196.667,4196.667,4157.692,4169.231,4179.231,4147.821,4191.154,разжать руку
96,4168.718,4238.974,4162.436,4221.923,4236.538,4205.256,4177.692,4182.949,4189.359,4156.41,4169.615,4178.077,4147.692,4191.923,разжать руку
96,4169.231,4246.667,4163.333,4227.436,4251.154,4204.872,4165.769,4183.974,4193.718,4154.744,4173.077,4180.128,4148.462,4190.513,разжать руку
96,4170.641,4240.641,4169.872,4223.59,4236.795,4207.436,4196.026,4210.128,4207.436,4170.0,4184.359,4189.487,4154.487,4195.769,разжать руку
96,4163.333,4238.974,4170.641,4221.282,4221.41,4209.872,4217.051,4217.949,4211.923,4180.641,4184.487,4191.923,4156.538,4198.59,разжать руку
96,4152.564,4241.282,4162.179,4222.564,4238.077,4206.667,4201.41,4211.667,4206.538,4174.872,4173.718,4185.769,4148.205,4192.949,разжать руку
96,4150.385,4240.128,4161.41,4221.538,4249.231,4208.974,4201.538,4208.974,4202.949,4168.974,4168.846,4179.872,4143.718,4191.923,разжать руку
97,4155.0,4243.846,4162.821,4223.974,4244.231,4213.077,4186.282,4180.513,4188.205,4143.846,4169.231,4181.026,4142.179,4193.077,сжать руку
97,4152.692,4233.205,4158.205,4214.872,4244.744,4210.128,4188.59,4192.308,4190.0,4151.282,4166.026,4177.821,4133.333,4191.026,сжать руку
97,4149.231,4232.692,4161.154,4211.667,4239.231,4210.641,4197.436,4195.641,4197.436,4162.564,4167.051,4175.513,4134.872,4193.205,сжать руку
97,4146.923,4233.974,4162.308,4218.205,4231.282,4205.513,4198.59,4195.897,4200.385,4159.744,4161.154,4178.59,4136.538,4188.462,сжать руку
97,4146.923,4233.205,4160.641,4220.256,4227.692,4204.872,4200.897,4202.692,4198.974,4157.692,4151.41,4179.487,4131.154,4183.59,сжать руку
97,4151.538,4243.846,4164.744,4223.205,4243.974,4216.282,4196.154,4195.641,4198.718,4163.974,4157.436,4179.615,4135.897,4191.538,сжать руку
97,4157.051,4246.154,4167.308,4228.846,4259.487,4218.718,4188.205,4194.103,4206.667,4167.436,4170.641,4179.487,4143.077,4193.59,сжать руку
97,4150.128,4228.205,4160.385,4221.795,4245.256,4209.615,4197.179,4207.821,4211.538,4165.256,4163.718,4177.821,4131.41,4186.154,сжать руку
97,4141.923,4220.641,4158.205,4216.923,4222.821,4203.846,4217.179,4217.564,4210.897,4159.744,4152.692,4181.026,4125.897,4188.718,сжать руку
97,4151.282,4228.59,4166.026,4226.026,4224.103,4207.821,4214.872,4209.872,4210.897,4154.359,4159.872,4184.744,4139.872,4195.385,сжать руку
97,4157.949,4227.179,4166.923,4225.128,4232.564,4212.949,4195.256,4186.667,4201.282,4150.513,4163.718,4180.385,4143.462,4194.872,сжать руку
97,4149.487,4218.974,4159.231,4213.718,4231.923,4205.513,4188.077,4176.282,4190.897,4154.872,4153.333,4173.718,4134.103,4190.513,сжать руку
97,4145.513,4211.41,4156.795,4213.718,4231.667,4197.564,4190.0,4188.718,4197.436,4157.821,4148.718,4174.615,4131.282,4190.641,сжать руку
97,4150.769,4208.59,4164.615,4222.179,4231.923,4206.154,4190.256,4197.308,4206.795,4158.846,4157.949,4177.436,4134.744,4195.385,сжать руку
97,4157.436,4217.436,4175.641,4222.692,4224.487,4213.205,4194.744,4198.333,4209.615,4169.359,4167.949,4177.436,4145.641,4196.795,сжать руку
97,4165.641,4227.308,4180.641,4220.385,4217.179,4209.103,4201.795,4203.59,4212.821,4180.256,4172.949,4181.795,4151.667,4198.59,сжать руку
97,4171.026,4227.436,4180.513,4223.718,4225.385,4215.769,4199.615,4200.641,4214.103,4181.923,4172.436,4183.718,4144.615,4198.462,сжать руку
97,4166.538,4221.41,4175.513,4221.026,4238.205,4222.564,4196.538,4191.154,4209.744,4167.436,4169.744,4177.436,4142.436,4192.821,сжать руку
97,4158.846,4217.179,4170.0,4213.077,4235.128,4214.359,4201.41,4192.692,4208.718,4149.615,4169.744,4176.923,4146.41,4192.051,сжать руку
97,4161.538,4213.718,4173.462,4213.59,4220.769,4207.821,4202.564,4198.333,4211.795,4163.205,4171.41,4181.026,4144.487,4194.359,сжать руку
97,4166.41,4211.795,4175.0,4220.513,4216.41,4210.769,4193.462,4196.538,4209.487,4188.333,4168.462,4181.538,4141.538,4193.718,сжать руку
97,4163.718,4214.103,4168.846,4219.103,4235.0,4215.385,4180.256,4178.59,4198.205,4171.41,4162.821,4177.051,4141.667,4192.564,сжать руку
97,4160.256,4208.59,4168.205,4211.795,4240.128,4211.667,4174.103,4167.179,4190.513,4146.923,4165.256,4174.744,4144.487,4192.179,сжать руку
97,4165.385,4201.667,4176.026,4216.282,4222.179,4206.282,4182.308,4181.795,4191.026,4163.333,4170.128,4182.821,4150.769,4195.641,сжать руку
97,4176.026,4210.769,4182.949,4222.949,4221.41,4204.487,4192.308,4188.846,4185.256,4177.949,4169.359,4185.641,4147.051,4197.564,сжать руку
97,4177.308,4213.462,4185.641,4218.718,4228.846,4202.308,4187.051,4176.923,4179.231,4163.462,4168.974,4179.744,4133.59,4195.897,сжать руку
97,4173.846,4201.41,4188.846,4219.744,4225.128,4204.103,4179.359,4177.692,4184.231,4159.615,4169.487,4180.0,4140.256,4195.641,сжать руку
97,4174.487,4204.359,4189.487,4225.385,4229.744,4210.385,4183.974,4182.308,4185.769,4173.205,4168.59,4183.59,4158.077,4196.026,сжать руку
97,4175.641,4216.795,4185.0,4221.795,4239.872,4212.564,4187.949,4176.923,4180.641,4173.846,4168.077,4181.538,4157.821,4196.41,сжать руку
97,4175.769,4221.41,4183.333,4221.41,4238.59,4208.974,4186.154,4183.462,4187.436,4170.256,4171.667,4178.718,4151.923,4195.385,сжать руку
97,4180.256,4220.513,4191.41,4230.256,4231.41,4208.846,4187.821,4196.795,4199.615,4174.615,4177.821,4185.128,4157.821,4198.718,сжать руку
97,4187.692,4217.564,4204.744,4230.256,4230.128,4207.564,4189.231,4198.077,4194.103,4175.769,4184.103,4194.359,4163.077,4205.513,сжать руку
97,4190.641,4217.692,4210.641,4228.462,4235.256,4205.128,4188.462,4194.872,4184.103,4179.359,4186.923,4195.641,4165.128,4207.436,сжать руку
97,4189.487,4220.385,4209.744,4236.923,4239.744,4210.897,4193.59,4194.103,4187.436,4183.59,4187.179,4193.974,4168.462,4205.769,сжать руку
97,4185.513,4219.231,4207.821,4240.641,4239.872,4215.385,4196.282,4190.128,4188.205,4180.128,4185.641,4192.179,4164.744,4204.231,сжать руку
97,4185.385,4216.667,4207.179,4232.692,4239.615,4208.077,4191.41,4187.821,4183.974,4183.718,4184.231,4191.282,4163.846,4205.256,сжать руку
97,4190.513,4217.692,4207.436,4230.641,4243.462,4203.974,4186.41,4185.897,4182.051,4195.128,4184.231,4190.385,4169.231,4202.436,сжать руку
97,4186.923,4212.949,4203.974,4234.615,4245.256,4207.308,4182.179,4184.231,4186.538,4186.41,4180.641,4186.667,4165.128,4195.769,сжать руку
97,4182.821,4209.744,4200.513,4231.538,4235.385,4205.897,4191.538,4194.359,4194.615,4185.385,4180.385,4191.282,4165.769,4201.667,сжать руку
97,4192.308,4217.051,4208.077,4231.667,4223.846,4212.692,4211.154,4201.154,4195.641,4200.128,4187.308,4198.077,4175.128,4212.051,сжать руку
97,4200.385,4217.051,4217.436,4237.436,4229.359,4221.538,4214.872,4192.949,4186.923,4176.667,4188.59,4195.897,4172.436,4209.615,сжать руку
97,4197.692,4212.051,4217.051,4239.231,4238.462,4216.154,4214.615,4195.256,4191.667,4161.538,4187.179,4195.385,4169.744,4205.128,сжать руку
97,4196.667,4211.282,4213.462,4235.897,4233.205,4213.59,4222.308,4197.308,4197.436,4195.897,4185.897,4193.846,4173.718,4204.744,сжать руку
97,4193.59,4209.359,4208.974,4233.462,4233.462,4219.615,4209.615,4178.333,4186.154,4205.641,4180.128,4188.462,4164.744,4202.436,сжать руку
97,4187.308,4211.154,4206.667,4235.256,4238.077,4217.821,4193.077,4174.359,4182.436,4186.282,4178.974,4189.744,4158.59,4199.487,сжать руку
97,4188.974,4210.385,4209.231,4237.179,4231.923,4208.205,4198.974,4189.231,4187.949,4189.487,4184.744,4195.897,4169.487,4200.128,сжать руку
97,4192.436,4205.128,4211.795,4236.667,4233.077,4213.333,4207.051,4188.974,4184.359,4196.538,4185.385,4196.282,4173.718,4201.923,сжать руку
97,4191.667,4209.872,4211.538,4236.667,4236.538,4225.385,4207.564,4186.667,4187.821,4196.282,4184.744,4196.154,4174.103,4203.59,сжать руку
97,4193.333,4217.308,4211.795,4237.179,4227.308,4221.923,4203.846,4195.769,4199.744,4202.949,4186.154,4200.513,4182.692,4206.923,сжать руку
97,4199.231,4211.538,4212.436,4235.769,4219.487,4212.692,4200.385,4198.718,4198.974,4201.154,4186.282,4198.718,4178.846,4206.667,сжать руку
97,4199.872,4206.154,4212.821,4236.538,4224.231,4208.462,4194.487,4181.795,4183.205,4181.795,4182.051,4195.256,4168.59,4205.128,сжать руку
97,4194.487,4207.949,4212.821,4238.462,4233.846,4208.333,4183.59,4158.59,4167.436,4160.128,4173.333,4195.513,4167.821,4203.333,сжать руку
97,4186.41,4202.949,4210.128,4233.333,4231.795,4207.821,4184.487,4162.308,4171.41,4170.0,4172.564,4194.744,4165.385,4199.359,сжать руку
97,4183.077,4195.128,4209.103,4226.795,4215.256,4207.692,4200.641,4190.0,4192.564,4204.615,4183.59,4198.974,4165.128,4202.436,сжать руку
97,4184.487,4188.974,4210.513,4226.282,4207.436,4212.692,4210.641,4194.872,4196.154,4208.974,4188.974,4202.308,4175.641,4204.103,сжать руку
97,4181.667,4184.359,4210.385,4229.872,4215.128,4227.949,4206.282,4174.231,4178.718,4185.513,4183.077,4194.744,4177.821,4197.051,сжать руку
97,4176.282,4186.667,4208.333,4230.641,4225.256,4238.59,4202.308,4171.282,4177.949,4178.59,4177.821,4189.872,4170.897,4197.949,сжать руку
97,4180.513,4197.436,4216.538,4234.615,4231.667,4226.41,4198.718,4183.462,4190.641,4190.128,4179.744,4193.59,4172.821,4202.821,сжать руку
97,4194.231,4206.667,4228.974,4243.974,4227.949,4209.744,4192.179,4181.41,4186.026,4199.103,4184.744,4196.667,4181.538,4202.949,сжать руку
97,4206.154,4206.026,4233.462,4246.667,4216.538,4210.385,4190.897,4176.538,4183.205,4202.692,4191.026,4198.59,4189.615,4206.795,сжать руку
97,4203.718,4200.385,4233.59,4239.872,4217.564,4212.051,4195.641,4189.103,4199.872,4196.538,4194.872,4198.846,4188.077,4208.333,сжать руку
97,4190.256,4197.564,4229.359,4237.051,4226.026,4201.282,4192.949,4195.256,4202.308,4191.282,4191.282,4195.128,4172.308,4204.231,сжать руку
97,4186.538,4202.308,4227.308,4244.744,4227.051,4200.256,4178.077,4172.436,4176.282,4196.923,4187.692,4190.256,4169.872,4202.436,сжать руку
97,4198.974,4207.436,4233.59,4247.436,4225.513,4210.641,4168.077,4150.256,4163.718,4195.256,4192.564,4192.692,4188.333,4206.41,сжать руку
97,4207.692,4205.385,4241.795,4243.077,4232.308,4213.718,4171.154,4158.974,4180.897,4189.487,4198.974,4200.0,4197.436,4211.41,сжать руку
97,4202.308,4198.205,4242.179,4240.769,4232.308,4214.359,4180.128,4176.026,4193.718,4202.179,4194.872,4197.949,4187.692,4208.462,сжать руку
97,4200.897,4194.487,4240.385,4241.026,4212.436,4214.744,4189.487,4179.359,4189.744,4212.436,4190.513,4194.103,4183.718,4207.308,сжать руку
97,4205.641,4197.179,4248.333,4241.538,4204.872,4211.667,4192.821,4176.538,4183.59,4200.769,4195.641,4197.436,4190.0,4209.615,сжать руку
97,4202.051,4193.333,4252.821,4238.462,4217.308,4210.385,4193.718,4173.59,4181.667,4192.179,4199.231,4197.821,4190.256,4205.513,сжать руку
97,4195.513,4185.641,4244.231,4235.513,4221.026,4206.795,4195.897,4174.359,4185.0,4199.744,4192.692,4194.744,4180.897,4203.974,сжать руку
97,4197.308,4189.872,4239.487,4237.436,4216.026,4204.231,4194.231,4178.718,4189.744,4209.872,4188.205,4195.0,4180.128,4207.436,сжать руку
97,4202.692,4202.564,4245.769,4242.821,4221.667,4209.103,4185.769,4171.026,4185.641,4207.949,4190.641,4197.179,4190.256,4207.949,сжать руку
97,4199.615,4202.949,4244.359,4243.59,4231.026,4211.667,4186.667,4165.641,4181.41,4197.949,4188.462,4193.846,4193.59,4204.744,сжать руку
97,4204.744,4199.487,4245.641,4243.077,4222.692,4211.667,4197.564,4183.718,4189.872,4199.872,4190.256,4196.667,4192.564,4208.59,сжать руку
97,4216.154,4206.154,4255.256,4249.231,4217.692,4218.718,4193.462,4192.308,4195.513,4206.41,4197.692,4206.026,4194.231,4213.846,сжать руку
97,4209.359,4205.769,4248.333,4249.487,4228.846,4223.718,4180.641,4171.795,4187.308,4204.872,4194.615,4199.872,4194.872,4207.179,сжать руку
97,4202.051,4199.487,4239.744,4242.179,4229.615,4222.821,4191.795,4175.641,4191.923,4219.487,4195.256,4194.872,4197.051,4207.436,сжать руку
97,4216.538,4206.026,4254.872,4245.256,4220.385,4226.282,4216.667,4201.538,4206.538,4240.513,4212.692,4209.231,4205.641,4217.949,сжать руку
97,4229.359,4211.795,4270.385,4255.641,4223.846,4224.744,4208.59,4189.872,4195.513,4233.333,4222.308,4215.769,4210.641,4219.103,сжать руку
97,4219.103,4200.769,4264.872,4252.308,4231.026,4212.692,4182.564,4169.615,4180.641,4221.026,4212.308,4205.769,4203.333,4211.538,сжать руку
97,4206.923,4193.974,4256.154,4240.641,4228.59,4210.256,4181.538,4177.949,4187.436,4219.359,4206.923,4200.256,4194.744,4206.026,сжать руку
97,4199.744,4192.308,4254.487,4238.718,4223.333,4218.974,4196.667,4181.282,4188.333,4216.154,4212.949,4204.103,4195.513,4206.026,сжать руку
97,4190.897,4183.462,4249.744,4239.744,4218.077,4219.103,4207.821,4175.385,4183.333,4212.051,4215.513,4202.308,4202.308,4204.359,сжать руку
97,4188.718,4179.872,4242.821,4234.359,4216.667,4206.923,4204.744,4178.077,4190.128,4204.231,4212.564,4195.897,4199.615,4201.282,сжать руку
97,4195.513,4184.231,4244.103,4232.692,4221.795,4205.897,4191.923,4176.923,4190.0,4199.615,4212.051,4199.359,4196.795,4203.846,сжать руку
97,4200.256,4185.641,4251.795,4238.462,4225.0,4220.256,4193.077,4171.154,4183.974,4210.769,4211.923,4204.872,4201.154,4206.154,сжать руку
97,4196.667,4182.436,4254.872,4240.128,4224.487,4220.769,4205.256,4174.744,4189.103,4218.462,4213.333,4201.282,4199.872,4203.718,сжать руку
97,4198.846,4179.872,4256.667,4238.59,4214.615,4211.667,4204.744,4183.718,4193.462,4211.667,4219.359,4203.333,4198.974,4208.205,сжать руку
97,4202.692,4181.41,4261.667,4239.231,4205.897,4216.026,4199.359,4188.462,4196.667,4217.308,4221.41,4209.359,4207.436,4213.718,сжать руку
97,4200.897,4183.718,4263.462,4240.897,4216.026,4219.231,4199.487,4190.0,4200.385,4223.974,4216.795,4204.872,4207.692,4209.103,сжать руку
97,4200.513,4181.538,4261.026,4240.385,4226.795,4211.538,4198.974,4188.205,4195.128,4221.795,4215.256,4197.436,4197.564,4202.564,сжать руку
97,4197.179,4174.103,4255.385,4233.462,4220.256,4208.718,4198.205,4179.487,4185.513,4215.769,4210.256,4198.718,4192.692,4201.154,сжать руку
97,4195.769,4172.564,4256.154,4233.718,4218.846,4214.103,4195.0,4175.256,4187.308,4202.564,4204.359,4204.487,4194.359,4206.41,сжать руку
97,4200.513,4182.308,4262.308,4244.615,4227.949,4213.462,4190.769,4178.077,4191.667,4202.564,4210.128,4204.744,4196.795,4208.974,сжать руку
97,4203.077,4191.41,4263.205,4243.462,4227.821,4213.718,4190.256,4172.308,4183.59,4212.051,4215.385,4202.821,4196.795,4205.513,сжать руку
97,4201.282,4190.256,4264.487,4236.923,4226.795,4220.769,4186.282,4164.744,4178.59,4212.436,4211.154,4202.564,4198.077,4204.872,сжать руку
97,4207.821,4188.077,4271.795,4245.128,4225.897,4222.949,4181.282,4173.846,4189.872,4216.026,4212.436,4203.718,4209.359,4210.897,сжать руку
97,4219.615,4196.154,4281.795,4255.513,4218.462,4218.462,4193.974,4192.051,4207.051,4236.026,4221.923,4211.795,4220.128,4218.462,сжать руку
97,4216.282,4195.385,4284.487,4250.256,4223.205,4211.41,4205.385,4194.615,4211.923,4240.641,4220.769,4212.308,4211.667,4212.179,сжать руку
97,4201.41,4178.462,4276.923,4240.256,4230.385,4214.744,4196.795,4186.538,4202.564,4222.821,4212.564,4202.051,4195.0,4201.923,сжать руку
98,4204.231,4180.513,4277.308,4241.667,4217.051,4227.949,4193.205,4181.026,4194.359,4209.487,4214.103,4203.077,4199.231,4209.231,разжать руку
98,4208.462,4179.872,4277.436,4239.615,4219.231,4218.974,4189.359,4173.846,4195.128,4205.769,4215.769,4203.846,4199.359,4211.154,разжать руку
98,4203.205,4171.667,4273.59,4238.205,4212.564,4218.077,4188.333,4177.821,4195.128,4216.538,4214.359,4196.923,4197.692,4208.718,разжать руку
98,4199.359,4171.154,4271.026,4235.897,4205.128,4216.538,4192.564,4182.692,4196.41,4221.026,4213.205,4194.744,4199.103,4204.744,разжать руку
98,4199.615,4175.256,4269.231,4234.359,4210.385,4209.487,4194.487,4174.744,4192.179,4215.0,4214.231,4197.051,4202.821,4205.128,разжать руку
98,4200.641,4174.103,4270.128,4235.385,4211.538,4207.692,4195.513,4175.641,4191.026,4222.436,4215.0,4197.436,4207.692,4211.667,разжать руку
98,4206.667,4171.154,4275.769,4235.256,4205.128,4211.026,4198.718,4193.846,4206.41,4228.205,4217.436,4203.974,4212.436,4216.667,разжать руку
98,4216.795,4176.538,4282.564,4237.179,4208.846,4214.487,4198.333,4186.795,4205.769,4219.359,4219.872,4209.615,4215.0,4213.59,разжать руку
98,4219.615,4183.846,4284.487,4240.897,4212.308,4212.821,4191.154,4165.256,4183.974,4219.872,4219.359,4207.179,4214.487,4213.205,разжать руку
98,4216.923,4190.128,4284.744,4243.333,4207.051,4209.103,4184.744,4170.128,4183.974,4219.231,4218.462,4209.615,4213.333,4218.462,разжать руку
98,4216.282,4191.795,4284.872,4243.718,4214.487,4215.0,4180.897,4171.795,4190.897,4210.769,4216.795,4210.513,4213.846,4215.897,разжать руку
98,4213.974,4181.41,4279.231,4240.256,4228.333,4220.256,4176.667,4160.897,4183.077,4213.077,4213.974,4203.846,4210.641,4211.538,разжать руку
98,4212.821,4181.667,4277.564,4240.513,4221.41,4213.205,4181.026,4171.667,4187.308,4225.513,4214.872,4203.846,4210.128,4213.462,разжать руку
98,4213.333,4192.821,4280.385,4246.795,4212.051,4206.026,4190.769,4183.846,4200.513,4235.641,4218.846,4209.615,4218.462,4215.769,разжать руку
98,4213.718,4195.513,4281.667,4248.718,4217.949,4213.333,4193.205,4178.59,4200.641,4241.538,4220.128,4210.897,4224.359,4215.385,разжать руку
98,4218.846,4193.462,4285.513,4246.667,4222.436,4225.769,4195.128,4189.872,4205.769,4244.103,4219.359,4207.821,4220.769,4214.359,разжать руку
98,4221.795,4196.41,4287.949,4246.538,4218.333,4223.333,4196.026,4198.59,4211.41,4246.154,4219.231,4210.128,4217.179,4216.41,разжать руку
98,4218.205,4196.667,4286.282,4248.462,4214.231,4218.077,4189.487,4179.744,4203.59,4241.667,4219.359,4210.641,4217.051,4215.513,разжать руку
98,4216.154,4190.256,4283.333,4247.821,4216.538,4222.564,4188.462,4174.872,4203.846,4223.205,4219.359,4203.205,4215.128,4211.538,разжать руку
98,4212.564,4183.333,4275.256,4243.974,4222.179,4221.154,4192.051,4178.333,4199.359,4211.538,4216.154,4199.103,4210.256,4209.615,разжать руку
98,4207.821,4180.897,4272.179,4238.718,4222.821,4216.154,4188.718,4169.359,4185.385,4221.795,4218.077,4204.872,4207.949,4208.077,разжать руку
98,4212.692,4184.231,4281.41,4239.359,4213.462,4216.795,4190.385,4170.769,4190.128,4235.513,4225.897,4213.077,4212.821,4211.538,разжать руку
98,4218.333,4184.359,4286.667,4244.744,4208.333,4215.641,4200.769,4187.051,4207.821,4237.949,4228.846,4211.923,4219.615,4215.0,разжать руку
98,4215.385,4177.179,4282.564,4240.385,4212.051,4214.487,4199.231,4191.795,4211.538,4236.026,4229.615,4209.872,4221.795,4215.128,разжать руку
98,4214.359,4177.179,4283.205,4237.949,4211.282,4219.487,4193.59,4183.462,4204.744,4242.179,4229.615,4213.718,4221.154,4216.282,разжать руку
98,4218.846,4187.949,4289.744,4247.692,4212.179,4220.128,4199.487,4179.231,4202.436,4239.744,4229.231,4212.308,4220.385,4214.103,разжать руку
98,4219.231,4192.308,4289.487,4249.872,4218.974,4216.41,4200.641,4181.538,4205.256,4213.718,4228.718,4207.821,4216.154,4210.897,разжать руку
98,4212.436,4181.667,4281.667,4239.872,4217.692,4222.436,4193.077,4188.333,4210.128,4211.795,4224.359,4208.462,4208.846,4212.308,разжать руку
98,4206.538,4173.718,4277.949,4239.231,4210.513,4229.487,4194.103,4184.615,4203.846,4244.103,4219.103,4209.615,4210.128,4212.436,разжать руку
98,4202.308,4169.231,4276.538,4240.385,4206.026,4220.0,4201.538,4176.282,4197.821,4243.077,4217.436,4205.769,4210.897,4209.231,разжать руку
98,4199.872,4161.282,4272.308,4232.436,4201.41,4209.103,4196.538,4178.59,4204.103,4218.59,4217.051,4197.436,4205.0,4206.026,разжать руку
98,4204.103,4163.718,4270.769,4233.077,4201.154,4215.513,4186.923,4168.846,4197.051,4218.205,4211.923,4194.487,4206.41,4205.769,разжать руку
98,4208.59,4172.821,4274.359,4241.538,4206.923,4228.333,4182.692,4151.026,4181.154,4213.846,4206.282,4198.59,4206.026,4210.897,разжать руку
98,4203.333,4167.692,4272.436,4237.179,4201.026,4225.769,4181.026,4162.308,4190.385,4202.692,4202.436,4197.949,4192.692,4211.154,разжать руку
98,4197.821,4157.564,4266.923,4228.974,4189.231,4213.59,4173.974,4174.103,4201.154,4207.436,4199.872,4197.179,4188.974,4204.615,разжать руку
98,4204.487,4163.462,4271.923,4232.564,4195.128,4213.59,4164.744,4159.744,4186.538,4196.923,4202.436,4202.051,4201.923,4205.513,разжать руку
98,4214.744,4173.333,4282.692,4239.487,4206.026,4220.385,4169.487,4165.0,4184.744,4184.487,4209.359,4205.385,4207.051,4212.821,разжать руку
98,4219.487,4171.026,4286.026,4241.795,4202.564,4219.103,4181.282,4187.564,4202.436,4210.0,4216.667,4206.923,4205.385,4215.128,разжать руку
98,4215.385,4163.974,4279.872,4239.615,4197.436,4216.026,4179.359,4174.744,4198.59,4228.846,4217.821,4204.103,4207.821,4209.487,разжать руку
98,4210.128,4165.0,4277.051,4239.872,4200.769,4217.564,4173.205,4163.718,4192.564,4216.667,4208.974,4198.718,4206.923,4207.308,разжать руку
98,4217.949,4177.179,4281.026,4244.744,4202.179,4223.333,4183.59,4176.538,4202.949,4217.821,4206.538,4199.615,4211.026,4210.513,разжать руку
98,4219.872,4180.897,4278.077,4243.077,4198.077,4218.974,4188.077,4165.897,4193.462,4226.026,4211.282,4202.436,4217.051,4207.308,разжать руку
98,4204.231,4169.744,4268.59,4237.308,4198.846,4206.026,4183.077,4164.103,4184.487,4218.718,4210.256,4202.051,4209.487,4202.179,разжать руку
98,4200.769,4167.821,4271.41,4238.077,4207.051,4208.974,4189.231,4189.103,4201.282,4210.0,4208.462,4201.667,4202.949,4204.359,разжать руку
98,4215.641,4178.59,4280.641,4242.436,4213.462,4225.128,4189.359,4177.949,4199.615,4204.231,4213.333,4203.59,4210.897,4208.205,разжать руку
98,4220.256,4181.282,4281.41,4244.359,4215.385,4227.821,4185.897,4162.308,4190.769,4211.667,4218.205,4207.179,4214.615,4208.333,разжать руку
98,4213.462,4176.154,4277.821,4242.564,4212.179,4219.872,4195.385,4181.538,4201.026,4231.282,4216.538,4207.692,4206.795,4208.333,разжать руку
98,4209.487,4172.692,4273.718,4238.077,4203.462,4219.359,4193.59,4171.923,4193.462,4222.949,4209.231,4202.821,4206.026,4208.974,разжать руку
98,4209.103,4167.308,4271.026,4235.641,4198.846,4213.205,4175.128,4149.103,4179.744,4209.487,4201.282,4196.282,4210.256,4205.897,разжать руку
98,4214.359,4170.897,4273.205,4238.846,4196.41,4204.744,4172.436,4175.641,4200.769,4226.282,4205.769,4198.974,4210.641,4206.026,разжать руку
98,4221.41,4188.974,4276.923,4244.231,4199.231,4218.077,4183.333,4193.077,4210.128,4225.385,4218.077,4206.41,4216.154,4210.0,разжать руку
98,4220.641,4190.513,4275.128,4243.718,4203.077,4231.282,4185.897,4171.41,4191.282,4205.0,4217.051,4204.615,4219.487,4210.385,разжать руку
98,4213.718,4175.769,4267.692,4238.846,4198.974,4224.103,4183.205,4168.077,4192.179,4215.0,4206.538,4198.59,4206.538,4208.205,разжать руку
98,4204.487,4167.949,4258.846,4232.949,4200.769,4216.923,4182.051,4179.872,4202.564,4227.821,4198.718,4193.59,4190.641,4202.051,разжать руку
98,4198.077,4163.462,4252.564,4228.333,4203.205,4222.692,4182.564,4182.436,4199.872,4212.436,4198.59,4191.667,4192.051,4198.462,разжать руку
98,4201.923,4165.385,4255.0,4232.692,4198.205,4230.385,4188.333,4180.897,4194.487,4203.974,4200.513,4193.846,4201.795,4204.615,разжать руку
98,4211.282,4177.564,4260.256,4240.256,4200.0,4227.308,4184.615,4165.769,4188.59,4212.179,4202.949,4195.385,4204.103,4209.487,разжать руку
98,4215.385,4180.897,4263.846,4239.231,4207.179,4220.0,4177.436,4164.744,4198.974,4226.026,4208.974,4198.462,4208.846,4212.051,разжать руку
98,4217.179,4178.077,4268.974,4238.846,4204.487,4224.487,4194.103,4197.051,4223.59,4233.462,4213.718,4201.154,4215.897,4213.205,разжать руку
98,4222.692,4185.641,4274.487,4245.513,4197.564,4232.051,4203.462,4211.795,4226.026,4220.256,4217.308,4198.205,4216.154,4212.436,разжать руку
98,4224.615,4191.154,4275.385,4245.641,4201.538,4222.949,4183.718,4178.718,4198.59,4217.821,4212.692,4194.744,4213.974,4211.667,разжать руку
98,4223.462,4189.231,4272.821,4242.308,4207.821,4212.436,4168.205,4151.282,4180.897,4232.051,4200.513,4193.205,4211.154,4208.718,разжать руку
98,4225.0,4193.205,4269.872,4244.744,4203.205,4218.333,4170.128,4165.385,4191.282,4231.667,4204.487,4192.436,4213.077,4207.308,разжать руку
98,4222.308,4196.538,4265.769,4244.744,4199.359,4225.641,4177.179,4176.667,4202.051,4225.641,4215.513,4192.949,4218.718,4208.462,разжать руку
98,4213.59,4185.128,4263.333,4239.487,4205.769,4222.692,4181.923,4180.385,4207.308,4230.385,4207.949,4195.0,4217.179,4208.462,разжать руку
98,4212.821,4177.949,4265.0,4239.359,4208.59,4225.0,4189.872,4202.308,4215.641,4221.923,4202.308,4197.051,4212.436,4211.923,разжать руку
98,4213.077,4181.282,4261.795,4241.538,4198.59,4232.179,4201.282,4202.308,4208.974,4207.051,4210.0,4194.103,4213.974,4210.769,разжать руку
98,4209.103,4180.128,4255.256,4239.487,4193.718,4231.282,4200.513,4172.436,4195.385,4219.487,4207.949,4190.897,4215.385,4205.0,разжать руку
98,4213.974,4184.615,4259.487,4241.923,4196.795,4229.615,4192.308,4170.385,4198.846,4237.949,4200.641,4195.513,4209.615,4206.667,разжать руку
98,4217.179,4192.564,4266.41,4245.128,4193.333,4230.769,4195.0,4183.333,4201.538,4229.103,4200.128,4198.462,4201.282,4208.077,разжать руку
98,4214.615,4194.231,4264.615,4243.333,4191.282,4227.692,4191.795,4175.385,4196.282,4213.718,4201.282,4196.795,4200.897,4205.513,разжать руку
98,4215.256,4198.077,4261.667,4242.051,4198.077,4224.615,4177.949,4170.769,4196.795,4217.564,4199.231,4192.564,4202.436,4205.0,разжать руку
98,4215.897,4197.308,4257.179,4239.615,4205.0,4225.256,4180.128,4183.718,4203.205,4220.897,4195.641,4190.128,4195.769,4204.487,разжать руку
98,4219.872,4193.846,4254.744,4239.487,4205.0,4224.744,4193.846,4197.051,4210.513,4219.744,4203.59,4196.282,4201.154,4206.154,разжать руку
98,4236.667,4205.385,4263.718,4247.436,4198.333,4227.821,4199.487,4193.462,4207.179,4227.051,4216.795,4204.872,4223.077,4213.718,разжать руку
98,4243.59,4215.385,4267.051,4250.769,4191.41,4233.333,4202.436,4181.795,4200.513,4227.564,4215.897,4202.821,4228.846,4217.821,разжать руку
98,4240.513,4211.026,4259.231,4245.256,4192.179,4229.872,4199.231,4177.692,4204.103,4225.769,4217.821,4198.974,4230.513,4216.667,разжать руку
98,4251.282,4214.103,4261.282,4244.744,4197.179,4224.359,4181.282,4165.0,4201.795,4237.821,4231.538,4203.974,4248.462,4222.051,разжать руку
98,4260.769,4211.923,4270.513,4247.564,4195.513,4225.128,4169.359,4151.795,4193.205,4240.513,4236.282,4208.59,4258.333,4228.974,разжать руку
98,4259.615,4195.641,4275.385,4242.692,4186.923,4222.949,4183.846,4181.154,4207.051,4227.949,4237.436,4207.949,4257.051,4229.487,разжать руку
98,4261.154,4188.205,4276.538,4236.923,4175.897,4215.385,4200.897,4211.282,4221.41,4231.026,4246.154,4210.513,4263.462,4230.256,разжать руку
98,4267.179,4195.128,4277.051,4239.231,4176.538,4216.154,4191.41,4181.41,4205.769,4248.718,4255.769,4211.538,4276.154,4234.744,разжать руку
98,4274.487,4200.128,4279.231,4239.744,4184.231,4222.821,4173.59,4158.59,4197.179,4252.821,4261.282,4209.103,4283.59,4237.821,разжать руку
98,4280.769,4196.026,4282.308,4234.359,4181.923,4222.949,4176.026,4181.923,4210.769,4250.769,4265.385,4210.641,4289.103,4239.231,разжать руку
98,4282.821,4187.308,4283.205,4231.41,4171.795,4216.538,4187.821,4194.744,4221.923,4265.513,4271.923,4214.103,4298.846,4241.282,разжать руку
98,4284.359,4186.026,4285.641,4233.077,4170.385,4216.026,4196.026,4183.846,4216.41,4277.564,4280.769,4216.538,4308.333,4245.256,разжать руку
98,4290.641,4190.897,4292.949,4232.821,4176.795,4224.872,4209.872,4189.231,4215.641,4284.744,4286.538,4220.641,4314.615,4246.795,разжать руку
98,4291.795,4190.128,4296.282,4230.897,4173.59,4228.462,4215.128,4203.333,4226.41,4295.897,4290.128,4223.846,4316.282,4243.59,разжать руку
98,4294.231,4193.077,4298.846,4235.897,4168.846,4220.641,4197.051,4202.564,4225.385,4288.846,4296.41,4227.949,4322.436,4245.128,разжать руку
98,4303.462,4200.769,4304.744,4238.974,4177.179,4211.795,4188.077,4212.564,4227.692,4282.949,4297.564,4230.256,4327.692,4250.128,разжать руку
98,4308.205,4194.487,4305.641,4232.051,4177.949,4214.359,4204.103,4210.897,4226.154,4291.795,4294.231,4227.692,4322.436,4250.0,разжать руку
98,4306.41,4190.128,4303.974,4229.744,4161.41,4223.333,4206.795,4183.077,4212.949,4299.744,4294.231,4227.564,4323.59,4248.718,разжать руку
98,4307.436,4196.026,4308.333,4234.744,4159.359,4222.692,4188.077,4176.154,4210.513,4295.256,4297.051,4228.333,4331.282,4251.282,разжать руку
98,4311.026,4190.769,4311.282,4234.615,4173.462,4216.282,4183.846,4191.026,4217.821,4279.103,4293.846,4226.154,4324.359,4251.026,разжать руку
98,4307.436,4181.667,4304.744,4228.205,4171.026,4217.179,4203.077,4196.795,4224.615,4273.718,4290.513,4228.077,4316.667,4246.923,разжать руку
98,4306.282,4189.103,4296.154,4227.821,4160.256,4219.872,4214.359,4196.154,4225.641,4278.205,4293.205,4229.744,4320.769,4246.154,разжать руку
98,4311.154,4193.718,4293.974,4228.718,4166.795,4223.974,4210.769,4202.436,4225.0,4277.949,4289.359,4226.667,4318.462,4248.462,разжать руку
98,4313.718,4190.0,4296.154,4226.795,4177.564,4228.59,4214.615,4205.385,4223.846,4278.462,4286.667,4226.923,4319.872,4250.0,разжать руку
98,4315.897,4196.667,4297.821,4230.641,4179.359,4221.282,4216.923,4205.385,4226.154,4293.59,4293.205,4232.308,4328.59,4253.333,разжать руку
98,4316.154,4195.897,4296.41,4231.795,4177.564,4216.154,4213.974,4202.564,4229.615,4290.513,4290.769,4229.231,4322.179,4252.051,разжать руку
99,4305.513,4176.923,4295.641,4221.667,4172.179,4221.667,4211.026,4198.205,4225.513,4282.821,4282.051,4230.385,4326.154,4248.846,сжать руку
99,4303.462,4185.256,4295.513,4226.667,4172.179,4220.769,4211.026,4200.385,4223.974,4306.154,4290.0,4231.667,4325.897,4251.795,сжать руку
99,4291.154,4177.564,4280.385,4220.513,4161.667,4227.436,4222.436,4192.821,4220.513,4286.154,4283.59,4224.359,4310.897,4242.179,сжать руку
99,4286.667,4174.231,4278.59,4213.333,4164.487,4226.667,4214.359,4192.179,4227.949,4276.923,4279.103,4228.333,4309.231,4242.949,сжать руку
99,4291.41,4179.487,4283.462,4213.846,4183.59,4218.205,4188.205,4189.231,4229.615,4297.179,4280.256,4231.026,4309.744,4245.128,сжать руку
99,4280.641,4168.333,4272.051,4210.769,4180.513,4222.051,4203.718,4197.564,4228.462,4289.872,4277.179,4226.667,4301.795,4236.282,сжать руку
99,4270.256,4156.282,4263.077,4204.487,4167.308,4231.923,4233.205,4230.256,4245.128,4277.051,4277.436,4228.205,4299.103,4236.282,сжать руку
99,4273.462,4163.974,4264.487,4206.154,4174.231,4232.564,4222.692,4225.0,4243.974,4290.641,4280.256,4227.949,4297.949,4240.256,сжать руку
99,4268.333,4166.282,4257.308,4206.41,4173.846,4226.154,4212.179,4184.615,4213.205,4286.41,4271.154,4219.359,4292.051,4234.231,сжать руку
99,4258.718,4153.462,4249.231,4200.385,4156.154,4220.0,4217.564,4195.128,4217.436,4276.538,4261.923,4219.744,4289.103,4231.154,сжать руку
99,4264.103,4148.59,4250.769,4200.385,4160.513,4219.615,4212.564,4220.0,4235.897,4274.487,4265.256,4225.256,4287.051,4233.077,сжать руку
99,4270.0,4155.256,4253.077,4202.949,4176.538,4224.103,4205.385,4196.282,4219.359,4267.179,4266.154,4223.59,4281.026,4232.692,сжать руку
99,4264.487,4156.923,4253.462,4200.0,4166.154,4220.641,4208.333,4192.179,4219.615,4267.949,4258.718,4223.462,4277.051,4231.026,сжать руку
99,4257.308,4156.538,4248.205,4197.436,4156.282,4211.026,4201.923,4208.718,4231.795,4262.949,4252.821,4221.538,4271.923,4228.205,сжать руку
99,4250.0,4158.59,4239.744,4196.795,4163.462,4213.846,4196.795,4195.256,4223.59,4244.615,4250.128,4217.308,4262.436,4224.231,сжать руку
99,4250.897,4161.282,4240.128,4197.821,4164.359,4221.41,4205.513,4198.205,4226.795,4257.051,4252.308,4220.513,4263.077,4228.333,сжать руку
99,4251.923,4162.179,4242.692,4197.564,4163.846,4214.872,4210.769,4210.256,4229.103,4279.744,4251.923,4217.051,4265.769,4227.436,сжать руку
99,4243.974,4161.282,4237.179,4191.923,4166.282,4204.744,4206.923,4194.359,4217.051,4261.41,4243.974,4208.974,4260.0,4219.487,сжать руку
99,4251.667,4169.103,4240.641,4193.846,4166.795,4210.256,4205.385,4198.205,4227.051,4253.974,4251.41,4220.641,4265.769,4228.718,сжать руку
99,4265.769,4177.051,4247.564,4197.051,4168.718,4221.154,4221.795,4213.333,4236.795,4269.231,4262.436,4227.179,4270.385,4236.026,сжать руку
99,4257.949,4170.0,4240.256,4190.128,4165.128,4219.359,4235.0,4207.949,4227.949,4261.538,4252.308,4214.744,4257.692,4226.538,сжать руку
99,4247.821,4161.667,4235.128,4188.205,4164.103,4215.513,4215.385,4204.231,4228.462,4248.974,4245.256,4212.949,4254.487,4222.436,сжать руку
99,4249.359,4162.949,4237.436,4189.744,4169.872,4219.615,4199.103,4218.718,4241.41,4268.846,4252.692,4221.154,4263.077,4225.641,сжать руку
99,4247.949,4164.103,4233.846,4185.128,4162.692,4219.359,4214.487,4223.718,4243.333,4278.205,4249.359,4218.462,4259.615,4225.0,сжать руку
99,4245.385,4161.154,4228.974,4180.128,4152.051,4205.769,4222.564,4206.41,4225.513,4236.026,4239.103,4208.077,4245.0,4220.0,сжать руку
99,4248.974,4162.692,4228.59,4181.538,4155.128,4196.026,4204.615,4181.154,4205.513,4211.923,4242.564,4206.41,4236.154,4219.231,сжать руку
99,4249.359,4165.0,4227.821,4180.256,4156.026,4201.923,4206.41,4191.795,4215.769,4240.513,4248.077,4210.0,4240.513,4221.923,сжать руку
99,4243.718,4165.256,4224.103,4178.718,4153.718,4207.308,4221.667,4213.846,4228.077,4248.077,4246.667,4209.103,4242.949,4220.769,сжать руку
99,4239.872,4170.256,4218.462,4180.128,4161.154,4207.692,4217.436,4201.026,4217.436,4234.231,4246.538,4207.821,4236.795,4218.59,сжать руку
99,4238.352,4171.136,4216.374,4178.974,4159.927,4207.198,4214.963,4199.744,4214.945,4231.795,4244.505,4207.509,4235.476,4217.949,сжать руку
99,4236.832,4172.015,4214.286,4177.821,4158.7,4206.703,4212.491,4198.462,4212.454,4229.359,4242.473,4207.198,4234.158,4217.308,сжать руку
99,4235.311,4172.894,4212.198,4176.667,4157.473,4206.209,4210.018,4197.179,4209.963,4226.923,4240.44,4206.886,4232.839,4216.667,сжать руку
99,4233.791,4173.773,4210.11,4175.513,4156.245,4205.714,4207.546,4195.897,4207.473,4224.487,4238.407,4206.575,4231.52,4216.026,сжать руку
99,4232.271,4174.652,4208.022,4174.359,4155.018,4205.22,4205.073,4194.615,4204.982,4222.051,4236.374,4206.264,4230.201,4215.385,сжать руку
99,4230.751,4175.531,4205.934,4173.205,4153.791,4204.725,4202.601,4193.333,4202.491,4219.615,4234.341,4205.952,4228.883,4214.744,сжать руку
99,4229.231,4176.41,4203.846,4172.051,4152.564,4204.231,4200.128,4192.051,4200.0,4217.179,4232.308,4205.641,4227.564,4214.103,сжать руку
99,4224.744,4177.051,4199.231,4165.897,4161.282,4207.179,4203.462,4197.179,4180.897,4233.333,4232.436,4208.333,4228.846,4214.231,сжать руку
99,4225.769,4177.564,4201.795,4172.692,4168.205,4217.051,4209.487,4190.128,4181.282,4230.897,4231.41,4210.769,4228.846,4212.692,сжать руку
99,4223.333,4175.897,4201.154,4173.59,4160.897,4211.538,4213.718,4204.615,4200.0,4224.872,4230.641,4208.077,4223.333,4213.077,сжать руку
99,4218.077,4171.538,4196.795,4165.769,4159.744,4202.179,4222.051,4228.846,4204.744,4219.872,4228.333,4208.974,4217.949,4213.718,сжать руку
99,4221.154,4178.205,4201.154,4170.641,4161.795,4204.615,4214.744,4223.846,4198.718,4228.205,4231.41,4213.59,4227.308,4215.128,сжать руку
99,4223.846,4184.103,4204.359,4172.564,4162.692,4212.949,4210.0,4209.615,4201.282,4247.436,4235.769,4213.077,4238.974,4217.051,сжать руку
99,4220.769,4175.385,4194.872,4161.282,4163.718,4214.487,4223.077,4212.051,4202.564,4244.231,4232.564,4209.103,4233.974,4215.385,сжать руку
99,4228.205,4178.462,4197.949,4167.821,4162.564,4212.051,4218.718,4216.026,4196.41,4232.692,4232.308,4212.949,4230.513,4215.641,сжать руку
99,4235.0,4193.59,4209.231,4177.308,4162.564,4213.077,4205.128,4207.051,4189.359,4239.103,4235.0,4216.282,4235.385,4217.051,сжать руку
99,4230.385,4193.59,4207.179,4167.436,4165.641,4212.436,4212.692,4207.821,4193.59,4243.846,4231.923,4214.615,4236.667,4217.949,сжать руку
99,4232.692,4191.026,4207.436,4165.0,4169.359,4203.974,4216.41,4217.051,4201.026,4225.641,4231.41,4214.359,4229.103,4219.615,сжать руку
99,4234.872,4194.359,4207.564,4172.179,4165.513,4199.231,4213.718,4215.128,4196.026,4216.795,4232.308,4210.128,4215.641,4217.308,сжать руку
99,4225.641,4190.513,4197.821,4167.564,4156.795,4204.744,4223.462,4205.513,4185.256,4221.667,4224.615,4208.59,4211.538,4214.744,сжать руку
99,4217.821,4189.744,4191.667,4163.462,4160.128,4212.949,4227.564,4205.897,4186.282,4204.487,4219.744,4210.128,4222.179,4212.308,сжать руку
99,4213.59,4189.872,4184.487,4163.718,4173.462,4216.923,4222.436,4221.282,4199.872,4195.897,4215.897,4204.872,4219.103,4204.872,сжать руку
99,4205.128,4177.051,4171.41,4153.333,4174.744,4215.128,4226.154,4229.231,4203.077,4223.077,4206.667,4199.615,4200.513,4200.128,сжать руку
99,4197.308,4168.333,4166.41,4145.0,4167.051,4214.359,4233.462,4220.0,4194.359,4236.282,4207.179,4202.436,4206.667,4204.231,сжать руку
99,4202.179,4181.667,4172.949,4152.821,4174.615,4214.487,4223.59,4212.179,4195.256,4222.179,4217.179,4212.564,4226.282,4213.846,сжать руку
99,4217.821,4198.718,4186.667,4164.872,4182.949,4209.872,4212.949,4215.128,4202.949,4211.41,4224.359,4219.615,4226.41,4222.051,сжать руку
99,4228.974,4198.846,4197.821,4167.308,4172.821,4205.385,4218.59,4212.436,4196.538,4210.128,4225.641,4220.0,4220.897,4222.051,сжать руку
99,4226.41,4191.154,4192.949,4162.564,4162.949,4202.949,4223.333,4208.59,4188.333,4207.051,4224.231,4216.667,4220.769,4218.333,сжать руку
99,4216.667,4189.359,4183.333,4160.385,4164.744,4196.282,4214.615,4206.154,4188.077,4193.462,4218.718,4210.256,4215.641,4214.872,сжать руку
99,4214.744,4192.692,4181.795,4160.385,4165.256,4189.615,4207.051,4200.769,4184.231,4189.744,4214.744,4208.974,4213.462,4217.308,сжать руку
99,4216.667,4196.154,4181.538,4161.538,4165.385,4195.256,4210.513,4204.487,4187.564,4220.128,4221.154,4213.462,4219.359,4221.795,сжать руку
99,4215.897,4197.308,4178.59,4161.795,4168.846,4204.103,4210.513,4211.667,4198.718,4240.128,4229.103,4216.41,4223.846,4219.744,сжать руку
99,4221.667,4197.564,4178.846,4159.615,4168.205,4202.821,4209.615,4221.538,4205.513,4232.692,4232.564,4219.359,4230.128,4220.897,сжать руку
99,4238.718,4205.128,4184.231,4157.692,4168.846,4200.513,4221.667,4226.41,4203.59,4229.872,4233.205,4222.949,4240.513,4230.128,сжать руку
99,4255.897,4219.103,4196.026,4163.59,4168.846,4204.103,4227.949,4216.923,4196.667,4228.205,4232.436,4227.051,4244.103,4238.205,сжать руку
99,4266.667,4229.615,4209.359,4172.821,4164.615,4200.513,4217.308,4227.692,4205.0,4226.282,4234.487,4232.564,4246.41,4241.282,сжать руку
99,4274.359,4238.077,4215.385,4177.308,4171.026,4189.487,4206.026,4238.59,4209.615,4227.051,4242.692,4234.615,4256.538,4242.821,сжать руку
99,4275.385,4238.846,4212.821,4177.564,4177.308,4191.026,4216.154,4208.077,4180.513,4206.41,4242.436,4230.256,4256.026,4243.462,сжать руку
99,4265.641,4230.256,4207.436,4174.872,4172.308,4199.744,4230.513,4196.154,4170.256,4192.692,4232.564,4227.436,4245.769,4236.538,сжать руку
99,4252.436,4220.513,4197.179,4166.538,4172.179,4191.795,4214.615,4216.538,4194.744,4210.0,4228.077,4226.41,4240.641,4227.179,сжать руку
99,4242.949,4212.179,4179.615,4155.0,4173.59,4181.795,4193.077,4214.744,4196.282,4219.231,4226.41,4221.923,4239.615,4225.0,сжать руку
99,4231.795,4200.513,4167.051,4148.846,4161.795,4192.051,4212.821,4216.41,4188.077,4209.615,4224.615,4219.103,4240.0,4221.667,сжать руку
99,4219.231,4194.615,4163.974,4149.744,4158.462,4203.718,4235.513,4224.231,4193.718,4208.974,4224.103,4220.385,4237.821,4215.897,сжать руку
99,4215.897,4195.0,4156.154,4147.179,4169.231,4199.487,4220.0,4203.462,4188.077,4208.846,4218.718,4214.103,4230.385,4214.359,сжать руку
99,4210.385,4188.846,4146.667,4139.872,4171.538,4196.282,4207.179,4210.128,4191.282,4206.154,4215.513,4205.385,4222.692,4213.718,сжать руку
99,4205.128,4188.333,4155.256,4142.692,4167.692,4203.077,4220.256,4250.513,4214.103,4218.59,4229.487,4213.462,4225.385,4215.0,сжать руку
99,4205.897,4190.513,4161.41,4147.308,4164.359,4205.256,4228.205,4237.436,4206.41,4217.308,4234.231,4217.692,4222.051,4214.359,сжать руку
99,4202.308,4178.974,4147.821,4136.795,4161.026,4203.974,4231.282,4195.0,4178.077,4186.282,4218.59,4207.692,4209.103,4207.051,сжать руку
99,4198.718,4171.795,4146.795,4132.308,4165.128,4197.564,4234.103,4211.282,4189.744,4190.769,4218.59,4209.744,4215.256,4207.692,сжать руку
99,4205.513,4183.333,4161.282,4139.872,4174.103,4183.462,4218.718,4248.205,4215.385,4221.154,4234.744,4220.256,4227.308,4217.179,сжать руку
99,4216.282,4197.821,4168.974,4145.128,4174.231,4184.744,4202.436,4238.077,4207.179,4217.821,4240.256,4224.231,4227.436,4222.564,сжать руку
99,4221.538,4203.205,4175.897,4148.974,4174.231,4192.564,4205.769,4209.872,4191.282,4213.974,4237.179,4224.103,4226.282,4218.846,сжать руку
99,4216.538,4195.769,4178.333,4148.462,4172.179,4184.231,4210.385,4210.513,4196.026,4223.077,4237.179,4219.744,4224.103,4212.308,сжать руку
99,4202.436,4183.077,4165.897,4140.641,4163.718,4180.385,4208.462,4229.487,4204.872,4210.0,4231.923,4214.744,4216.538,4209.744,сжать руку
99,4197.821,4183.077,4158.846,4136.795,4165.513,4189.615,4206.795,4232.436,4207.308,4207.179,4227.821,4216.538,4214.359,4213.718,сжать руку
99,4201.538,4190.641,4158.462,4142.949,4173.462,4194.103,4207.436,4207.949,4198.846,4219.359,4231.923,4215.897,4221.41,4220.0,сжать руку
99,4194.872,4183.59,4151.154,4140.641,4169.744,4196.538,4217.692,4211.282,4195.769,4206.026,4231.026,4207.949,4218.333,4216.923,сжать руку
99,4193.205,4175.513,4149.487,4130.897,4165.256,4198.333,4228.462,4243.333,4208.333,4192.051,4228.59,4208.077,4207.564,4212.692,сжать руку
99,4198.718,4185.385,4153.59,4132.436,4174.615,4191.154,4216.538,4235.385,4210.641,4204.615,4230.385,4212.692,4208.333,4215.513,сжать руку
99,4194.744,4194.487,4151.795,4140.897,4177.051,4185.385,4201.795,4211.538,4201.41,4206.538,4232.179,4212.179,4218.59,4216.41,сжать руку
99,4182.692,4183.077,4144.615,4138.462,4170.0,4190.641,4218.077,4221.282,4201.026,4196.154,4228.846,4211.282,4219.487,4211.41,сжать руку
99,4176.026,4174.103,4142.692,4135.128,4174.615,4196.538,4236.154,4233.846,4207.179,4209.231,4227.436,4209.487,4212.051,4207.179,сжать руку
99,4180.513,4181.282,4145.385,4141.41,4180.513,4192.821,4214.231,4224.103,4206.795,4225.513,4228.974,4206.923,4211.538,4211.282,сжать руку
99,4186.923,4185.897,4144.615,4144.103,4172.179,4188.718,4195.769,4224.103,4206.026,4213.205,4223.718,4208.077,4209.744,4212.564,сжать руку
99,4185.641,4184.359,4141.154,4141.923,4166.41,4192.821,4215.641,4227.564,4204.744,4198.718,4216.026,4206.667,4205.897,4206.41,сжать руку
99,4182.949,4189.872,4143.59,4146.667,4172.308,4195.513,4229.231,4226.667,4206.795,4210.641,4218.59,4209.744,4204.615,4208.974,сжать руку
99,4187.308,4193.333,4152.564,4150.513,4172.692,4193.974,4210.385,4231.41,4207.692,4205.385,4225.513,4214.872,4206.923,4213.718,сжать руку
99,4186.026,4182.692,4146.923,4141.923,4168.59,4187.179,4190.256,4218.077,4195.897,4184.103,4222.564,4208.59,4211.026,4207.949,сжать руку
99,4179.231,4174.359,4136.026,4135.513,4172.179,4176.538,4191.026,4213.462,4196.41,4196.026,4217.564,4206.795,4208.333,4207.821,сжать руку
99,4181.026,4177.821,4143.59,4141.41,4173.077,4180.385,4205.0,4239.744,4211.026,4196.923,4217.436,4213.59,4206.538,4216.667,сжать руку
99,4186.282,4180.513,4150.256,4147.564,4166.154,4196.538,4211.282,4240.769,4204.103,4172.692,4217.179,4213.718,4213.205,4219.359,сжать руку
