EEG.AF3,EEG.F7,EEG.F3,EEG.FC5,EEG.T7,EEG.P7,EEG.O1,EEG.O2,EEG.P8,EEG.T8,EEG.FC6,EEG.F4,EEG.F8,EEG.AF4
4200.256348,4191.922852000001,4194.102539,4203.205078,4181.538574,4185.769043,4190.0,4210.769043,4181.922852000001,4192.94873,4177.820313,4167.436035,4186.282227000001,4186.538574
4194.102539,4191.538574,4185.0,4196.153809,4186.153809,4188.333496,4189.743652,4220.384765999999,4181.025879,4190.897461,4180.384765999999,4171.410156,4189.230957,4187.692383
4202.179688,4199.487305,4191.282227000001,4201.282227000001,4190.641113000001,4201.922852000001,4195.384765999999,4222.179688,4193.974121,4202.820313,4190.512695,4181.922852000001,4197.05127,4196.025879
4206.153809,4194.871582,4194.230957,4197.436035,4184.230957,4197.94873,4190.128418,4212.692383,4190.128418,4196.666504,4188.461426,4180.769043,4189.230957,4194.871582
4201.666504,4187.563965,4189.358886999999,4191.025879,4179.487305,4193.077147999999,4183.846191,4207.94873,4177.563965,4184.230957,4182.820313,4171.538574,4180.128418,4188.461426
4203.333496,4191.666504,4194.102539,4197.563965,4184.230957,4199.358886999999,4187.179688,4215.512695,4184.487305,4195.641113000001,4191.410156,4176.282227000001,4189.871582,4195.256348
4207.94873,4192.179688,4198.333496,4198.461426,4186.410156,4198.077147999999,4193.205078,4219.102539,4191.538574,4205.897461,4197.05127,4184.487305,4193.077147999999,4200.384765999999
4205.769043,4187.307617,4194.615234000001,4193.205078,4185.384765999999,4190.897461,4191.666504,4207.307617,4186.794922,4202.94873,4193.717772999999,4176.666504,4183.461426,4194.102539
4203.974121,4188.205078,4194.358886999999,4194.615234000001,4185.0,4188.333496,4179.358886999999,4195.769043,4181.410156,4202.05127,4192.05127,4172.563965,4180.769043,4189.102539
4207.820313,4190.256348,4198.461426,4198.333496,4185.512695,4186.025879,4179.230957,4203.717772999999,4183.333496,4203.461426,4195.128418,4181.794922,4187.179688,4190.384765999999
4207.94873,4188.333496,4199.487305,4198.333496,4182.563965,4182.94873,4192.692383,4219.102539,4191.922852000001,4202.179688,4197.692383,4184.743652,4186.282227000001,4190.769043
4208.461426,4193.974121,4200.0,4201.410156,4179.615234000001,4187.94873,4191.666504,4220.769043,4198.717772999999,4203.846191,4201.794922,4182.692383,4182.179688,4192.563965
4209.615234000001,4198.846191,4198.717772999999,4201.025879,4182.94873,4192.563965,4183.333496,4210.128418,4192.307617,4200.256348,4202.307617,4179.743652,4182.436035,4192.692383
4203.205078,4189.358886999999,4190.641113000001,4189.487305,4180.769043,4179.743652,4181.922852000001,4206.922852000001,4183.333496,4187.05127,4195.641113000001,4173.461426,4174.871582,4184.358886999999
4198.974121,4187.692383,4189.615234000001,4189.743652,4178.333496,4174.230957,4182.179688,4217.94873,4187.307617,4184.871582,4195.128418,4170.897461,4163.846191,4184.230957
4202.563965,4200.897461,4196.410156,4202.179688,4186.666504,4190.897461,4182.692383,4213.846191,4190.384765999999,4193.717772999999,4199.487305,4175.384765999999,4164.871582,4190.769043
4199.743652,4202.307617,4195.769043,4200.897461,4190.512695,4194.230957,4181.410156,4196.282227000001,4183.589844,4192.436035,4196.025879,4174.871582,4168.589844,4186.794922
4189.102539,4190.641113000001,4189.358886999999,4188.589844,4186.153809,4185.384765999999,4183.077147999999,4205.128418,4180.769043,4186.794922,4190.128418,4168.333496,4159.358886999999,4179.230957
4187.307617,4189.230957,4188.589844,4185.512695,4184.615234000001,4187.05127,4183.974121,4221.410156,4183.846191,4192.820313,4194.487305,4169.615234000001,4162.692383,4181.538574
4193.717772999999,4197.05127,4195.256348,4194.102539,4187.563965,4185.384765999999,4178.333496,4213.717772999999,4185.897461,4200.897461,4206.538574,4182.563965,4190.0,4189.230957
4192.563965,4193.846191,4193.589844,4193.589844,4186.410156,4179.102539,4178.717772999999,4206.153809,4179.871582,4193.974121,4203.974121,4186.922852000001,4195.512695,4186.153809
4186.025879,4185.256348,4183.461426,4186.282227000001,4185.641113000001,4184.743652,4177.563965,4203.717772999999,4166.794922,4178.333496,4188.846191,4175.256348,4177.307617,4176.153809
4188.846191,4193.333496,4188.333496,4194.358886999999,4195.0,4189.615234000001,4165.256348,4201.153809,4168.333496,4181.538574,4191.538574,4175.769043,4195.256348,4179.358886999999
4191.666504,4200.128418,4195.897461,4200.512695,4195.897461,4179.487305,4163.974121,4195.128418,4174.102539,4190.641113000001,4199.743652,4184.615234000001,4237.436035,4184.230957
4189.358886999999,4192.179688,4193.461426,4191.410156,4183.077147999999,4177.692383,4175.897461,4187.563965,4167.692383,4181.153809,4190.769043,4180.128418,4250.769043,4177.05127
4195.0,4191.410156,4195.256348,4192.179688,4179.358886999999,4184.230957,4175.512695,4197.94873,4170.0,4173.461426,4185.512695,4177.436035,4243.589844,4176.538574
4202.820313,4200.128418,4201.410156,4199.871582,4188.205078,4180.897461,4169.871582,4210.256348,4179.102539,4181.922852000001,4192.820313,4185.256348,4242.692383,4187.820313
4208.717772999999,4207.179688,4208.333496,4202.436035,4193.333496,4184.230957,4173.589844,4209.871582,4186.666504,4198.846191,4203.333496,4196.538574,4260.512695,4196.666504
4210.128418,4203.205078,4210.384765999999,4204.487305,4185.0,4193.717772999999,4175.256348,4205.0,4188.461426,4199.230957,4203.461426,4200.256348,4272.05127,4192.820313
4197.94873,4193.461426,4199.230957,4198.974121,4179.358886999999,4192.563965,4176.025879,4196.538574,4176.153809,4181.538574,4186.666504,4190.769043,4251.410156,4178.333496
4190.128418,4196.794922,4195.641113000001,4192.563965,4190.256348,4193.461426,4178.077147999999,4183.974121,4169.487305,4175.0,4177.692383,4182.820313,4229.487305,4173.589844
4201.153809,4205.256348,4205.897461,4197.307617,4194.102539,4200.256348,4181.922852000001,4190.769043,4183.974121,4184.871582,4188.717772999999,4186.410156,4231.025879,4183.333496
4212.820313,4202.436035,4208.846191,4203.974121,4187.563965,4199.743652,4193.333496,4218.461426,4197.05127,4193.333496,4197.820313,4190.512695,4236.922852000001,4190.512695
4211.794922,4199.487305,4206.922852000001,4202.179688,4189.230957,4187.179688,4188.205078,4216.794922,4188.717772999999,4191.410156,4196.282227000001,4186.922852000001,4223.846191,4188.333496
4202.05127,4200.897461,4202.820313,4196.153809,4187.436035,4184.230957,4176.282227000001,4187.692383,4174.487305,4184.871582,4192.179688,4177.692383,4197.05127,4182.436035
4194.487305,4195.641113000001,4194.230957,4194.230957,4181.410156,4197.820313,4187.307617,4187.436035,4169.871582,4178.461426,4187.436035,4172.563965,4182.692383,4179.743652
4202.563965,4194.743652,4198.717772999999,4197.820313,4184.871582,4196.538574,4188.333496,4209.743652,4178.589844,4181.794922,4191.922852000001,4181.922852000001,4194.743652,4186.794922
4220.128418,4211.666504,4215.256348,4205.512695,4193.205078,4183.717772999999,4173.461426,4207.563965,4194.487305,4198.077147999999,4207.563965,4192.563965,4214.102539,4198.205078
4223.077147999999,4220.641113000001,4220.0,4208.333496,4194.230957,4187.692383,4181.922852000001,4195.769043,4196.282227000001,4204.743652,4209.615234000001,4187.436035,4215.641113000001,4199.358886999999
4218.589844,4213.846191,4215.769043,4206.025879,4191.025879,4198.077147999999,4195.384765999999,4201.538574,4187.179688,4195.0,4197.436035,4183.461426,4207.94873,4196.666504
4225.512695,4217.05127,4223.589844,4212.307617,4195.384765999999,4200.897461,4190.769043,4210.512695,4193.461426,4196.922852000001,4202.692383,4193.333496,4214.102539,4204.871582
4228.077147999999,4223.333496,4232.179688,4219.871582,4198.077147999999,4200.128418,4191.153809,4213.589844,4203.846191,4209.358886999999,4215.897461,4199.230957,4221.794922,4211.410156
4215.512695,4216.282227000001,4225.897461,4214.871582,4194.743652,4201.153809,4202.820313,4211.794922,4195.384765999999,4203.717772999999,4208.589844,4191.794922,4214.358886999999,4200.128418
4199.743652,4201.538574,4209.743652,4198.846191,4190.128418,4198.974121,4199.358886999999,4202.94873,4180.384765999999,4187.05127,4192.179688,4179.743652,4199.230957,4179.102539
4191.922852000001,4188.589844,4199.358886999999,4186.794922,4181.538574,4187.05127,4184.871582,4201.025879,4179.615234000001,4183.461426,4187.692383,4173.974121,4187.179688,4166.922852000001
4199.487305,4195.897461,4207.563965,4196.025879,4177.692383,4181.666504,4191.025879,4221.538574,4198.974121,4199.230957,4202.436035,4182.563965,4199.230957,4175.897461
4209.102539,4213.205078,4214.230957,4207.820313,4184.230957,4190.641113000001,4209.230957,4225.384765999999,4204.230957,4204.871582,4211.922852000001,4187.436035,4212.692383,4186.666504
4205.641113000001,4212.179688,4205.384765999999,4203.077147999999,4190.256348,4193.333496,4203.846191,4201.794922,4182.563965,4187.436035,4200.128418,4177.307617,4196.922852000001,4180.897461
4210.256348,4213.717772999999,4206.282227000001,4206.666504,4194.487305,4183.974121,4181.282227000001,4205.0,4182.436035,4186.153809,4198.205078,4179.615234000001,4191.410156,4185.897461
4225.769043,4226.538574,4217.820313,4219.743652,4192.820313,4177.179688,4172.692383,4219.230957,4199.358886999999,4203.205078,4212.820313,4196.922852000001,4209.358886999999,4202.563965
4218.205078,4221.025879,4213.333496,4212.820313,4182.563965,4179.487305,4185.256348,4206.153809,4189.871582,4199.102539,4210.256348,4193.974121,4207.307617,4196.922852000001
4195.641113000001,4204.230957,4200.512695,4198.846191,4175.769043,4181.153809,4193.717772999999,4193.846191,4168.461426,4178.717772999999,4193.589844,4175.512695,4186.025879,4178.077147999999
4196.922852000001,4203.461426,4203.077147999999,4204.743652,4173.974121,4178.077147999999,4187.179688,4202.563965,4170.384765999999,4172.436035,4192.05127,4175.0,4181.410156,4178.461426
4208.333496,4210.512695,4213.205078,4213.589844,4169.102539,4182.05127,4184.871582,4208.846191,4185.641113000001,4182.692383,4200.384765999999,4184.615234000001,4190.128418,4187.820313
4203.717772999999,4210.0,4213.077147999999,4207.05127,4168.846191,4191.794922,4189.358886999999,4209.615234000001,4189.358886999999,4189.102539,4198.717772999999,4186.666504,4195.384765999999,4185.128418
4197.563965,4203.077147999999,4206.794922,4201.666504,4178.205078,4197.436035,4194.230957,4214.487305,4185.0,4182.05127,4191.538574,4185.641113000001,4194.743652,4180.128418
4192.179688,4190.641113000001,4199.487305,4201.025879,4178.333496,4201.922852000001,4200.128418,4206.153809,4181.922852000001,4170.128418,4187.820313,4180.0,4185.384765999999,4175.641113000001
4186.666504,4186.794922,4196.538574,4197.436035,4172.820313,4202.307617,4203.077147999999,4197.820313,4185.769043,4173.846191,4188.461426,4178.205078,4182.820313,4172.307617
4196.282227000001,4202.179688,4205.0,4205.256348,4183.333496,4194.871582,4201.282227000001,4212.563965,4196.666504,4193.974121,4196.794922,4189.358886999999,4196.666504,4178.461426
4201.666504,4205.384765999999,4208.461426,4214.102539,4191.922852000001,4185.256348,4189.487305,4220.512695,4197.179688,4196.282227000001,4199.102539,4191.538574,4197.94873,4179.615234000001
4191.666504,4194.102539,4199.615234000001,4206.538574,4185.256348,4183.717772999999,4185.384765999999,4198.077147999999,4178.461426,4179.358886999999,4189.230957,4180.384765999999,4182.94873,4171.794922
4192.05127,4201.025879,4198.077147999999,4203.333496,4182.436035,4188.461426,4192.563965,4183.205078,4167.436035,4177.94873,4186.922852000001,4178.974121,4183.077147999999,4175.384765999999
4200.384765999999,4213.205078,4206.025879,4209.102539,4186.025879,4183.974121,4188.846191,4195.256348,4175.769043,4184.871582,4191.025879,4180.512695,4192.179688,4183.717772999999
4199.102539,4208.205078,4208.589844,4207.692383,4183.461426,4178.589844,4183.205078,4203.205078,4176.922852000001,4181.922852000001,4190.384765999999,4177.179688,4192.05127,4182.94873
4196.538574,4202.179688,4205.128418,4203.846191,4178.717772999999,4184.358886999999,4185.769043,4203.717772999999,4171.538574,4178.589844,4191.538574,4181.538574,4187.692383,4182.436035
4200.128418,4206.025879,4204.358886999999,4206.153809,4181.410156,4188.974121,4187.563965,4206.922852000001,4180.256348,4185.769043,4198.846191,4188.589844,4192.179688,4185.897461
4204.871582,4208.077147999999,4206.666504,4210.256348,4184.743652,4187.307617,4197.05127,4203.589844,4188.333496,4194.871582,4203.205078,4188.846191,4204.102539,4190.128418
4203.717772999999,4200.256348,4205.384765999999,4205.256348,4177.179688,4185.0,4206.282227000001,4195.897461,4179.230957,4192.563965,4199.615234000001,4188.846191,4205.128418,4191.922852000001
4194.102539,4190.128418,4200.897461,4195.897461,4166.153809,4185.0,4199.358886999999,4196.794922,4173.077147999999,4184.358886999999,4193.974121,4185.897461,4194.358886999999,4186.794922
4186.794922,4186.282227000001,4197.692383,4192.179688,4163.461426,4186.410156,4196.538574,4206.666504,4174.743652,4182.436035,4189.487305,4178.461426,4189.487305,4179.743652
4196.538574,4191.666504,4202.563965,4199.487305,4171.538574,4186.794922,4201.538574,4212.436035,4178.974121,4186.025879,4191.153809,4180.256348,4194.230957,4181.666504
4207.94873,4199.615234000001,4211.666504,4208.205078,4181.410156,4184.487305,4190.384765999999,4205.384765999999,4186.666504,4188.974121,4194.615234000001,4187.179688,4195.256348,4185.384765999999
4198.974121,4196.538574,4208.589844,4202.05127,4174.871582,4182.307617,4184.358886999999,4195.641113000001,4184.615234000001,4185.897461,4190.384765999999,4185.128418,4186.922852000001,4181.410156
4188.717772999999,4189.871582,4202.307617,4196.922852000001,4167.436035,4184.615234000001,4201.666504,4202.94873,4181.410156,4185.512695,4186.153809,4184.230957,4183.974121,4181.538574
4191.922852000001,4188.717772999999,4203.205078,4203.461426,4172.563965,4183.974121,4201.794922,4206.153809,4181.025879,4185.897461,4183.846191,4184.358886999999,4188.461426,4182.436035
4194.743652,4189.487305,4203.846191,4205.641113000001,4171.922852000001,4177.692383,4188.077147999999,4197.94873,4176.282227000001,4183.717772999999,4181.666504,4180.512695,4191.922852000001,4178.846191
4195.897461,4192.563965,4205.256348,4204.230957,4167.820313,4181.666504,4208.077147999999,4207.436035,4182.436035,4188.846191,4186.922852000001,4181.922852000001,4199.743652,4184.230957
4197.307617,4192.820313,4205.897461,4204.487305,4170.641113000001,4193.717772999999,4221.794922,4217.179688,4191.025879,4194.615234000001,4189.743652,4184.487305,4209.743652,4190.897461
4194.358886999999,4191.282227000001,4200.641113000001,4202.563965,4174.358886999999,4194.615234000001,4198.333496,4203.974121,4186.025879,4195.641113000001,4185.641113000001,4180.641113000001,4213.717772999999,4189.615234000001
4194.358886999999,4195.256348,4198.333496,4200.512695,4171.666504,4184.743652,4190.384765999999,4200.897461,4185.256348,4198.205078,4184.871582,4177.692383,4215.0,4191.153809
4198.846191,4198.589844,4205.0,4200.128418,4168.717772999999,4180.384765999999,4202.307617,4217.692383,4194.743652,4200.128418,4181.410156,4175.128418,4212.307617,4193.333496
4197.563965,4196.153809,4210.256348,4198.846191,4169.743652,4188.461426,4195.0,4220.384765999999,4197.307617,4201.153809,4179.487305,4172.820313,4206.282227000001,4190.641113000001
4193.846191,4188.333496,4203.589844,4195.512695,4164.230957,4189.871582,4185.384765999999,4198.077147999999,4189.743652,4198.589844,4178.333496,4171.410156,4198.717772999999,4188.077147999999
4196.538574,4187.820313,4198.974121,4196.410156,4156.025879,4183.333496,4196.538574,4184.358886999999,4182.05127,4191.538574,4171.666504,4167.692383,4191.794922,4188.717772999999
4202.692383,4199.871582,4204.230957,4202.94873,4159.230957,4183.333496,4203.974121,4194.615234000001,4181.025879,4188.333496,4171.025879,4161.666504,4191.410156,4191.922852000001
4201.666504,4199.743652,4201.153809,4201.794922,4160.512695,4184.871582,4200.512695,4197.692383,4173.974121,4180.897461,4169.230957,4154.358886999999,4185.0,4186.666504
4202.436035,4198.205078,4197.05127,4202.436035,4158.846191,4186.025879,4203.974121,4194.230957,4166.410156,4171.794922,4167.692383,4155.128418,4182.179688,4183.333496
4220.0,4223.333496,4212.436035,4217.563965,4166.666504,4179.230957,4195.897461,4200.0,4178.717772999999,4185.897461,4187.436035,4169.102539,4206.025879,4202.436035
4237.05127,4242.692383,4224.871582,4226.153809,4167.179688,4170.769043,4183.077147999999,4197.436035,4186.410156,4197.307617,4206.666504,4176.282227000001,4228.974121,4220.512695
4242.179688,4242.94873,4225.641113000001,4225.512695,4167.563965,4181.282227000001,4193.333496,4189.230957,4178.077147999999,4188.077147999999,4208.846191,4175.769043,4235.256348,4225.384765999999
4248.333496,4251.282227000001,4231.153809,4232.820313,4176.794922,4186.538574,4203.205078,4192.179688,4175.512695,4188.717772999999,4216.666504,4183.333496,4245.384765999999,4238.205078
4253.461426,4261.538574,4234.871582,4239.743652,4172.307617,4170.641113000001,4196.666504,4204.487305,4180.769043,4200.641113000001,4229.487305,4189.230957,4256.538574,4250.384765999999
4250.0,4257.05127,4231.153809,4235.128418,4161.666504,4165.384765999999,4191.410156,4207.179688,4182.05127,4200.769043,4229.743652,4186.922852000001,4255.769043,4247.820313
4246.410156,4248.974121,4228.589844,4225.641113000001,4166.282227000001,4182.307617,4200.128418,4198.333496,4178.717772999999,4188.589844,4222.436035,4185.512695,4247.05127,4244.487305
4253.333496,4251.794922,4235.384765999999,4225.512695,4168.333496,4192.436035,4211.282227000001,4192.307617,4174.487305,4181.538574,4221.282227000001,4190.641113000001,4243.333496,4250.0
4261.025879,4261.282227000001,4243.717772999999,4231.666504,4157.179688,4179.230957,4201.025879,4187.563965,4170.0,4183.461426,4226.538574,4199.102539,4248.205078,4256.410156
4270.769043,4269.487305,4250.384765999999,4238.333496,4159.230957,4168.717772999999,4191.666504,4200.641113000001,4181.538574,4193.974121,4234.102539,4204.871582,4258.589844,4264.358886999999
4277.94873,4268.333496,4252.820313,4239.358886999999,4170.128418,4174.743652,4205.128418,4218.077147999999,4187.692383,4194.358886999999,4232.05127,4203.205078,4256.410156,4266.538574
4269.358886999999,4261.538574,4242.179688,4232.05127,4170.641113000001,4178.333496,4198.461426,4192.179688,4163.589844,4172.563965,4216.538574,4190.641113000001,4240.256348,4253.205078
4264.487305,4265.769043,4237.692383,4233.846191,4173.077147999999,4176.025879,4185.769043,4160.128418,4153.333496,4166.410156,4216.922852000001,4184.230957,4240.897461,4250.641113000001
4271.538574,4269.615234000001,4241.666504,4236.922852000001,4172.692383,4175.512695,4211.282227000001,4183.589844,4169.615234000001,4177.820313,4228.461426,4192.05127,4251.538574,4262.307617
4276.025879,4268.846191,4242.179688,4235.128418,4168.333496,4176.666504,4217.05127,4212.436035,4177.179688,4181.153809,4230.384765999999,4198.717772999999,4255.256348,4266.538574
4274.743652,4276.153809,4243.974121,4241.666504,4176.410156,4180.512695,4189.358886999999,4190.256348,4171.410156,4178.717772999999,4231.025879,4197.820313,4260.769043,4266.153809
4270.897461,4275.512695,4240.641113000001,4240.0,4180.384765999999,4178.974121,4192.436035,4167.820313,4164.487305,4173.589844,4230.512695,4193.205078,4259.102539,4263.846191
4268.717772999999,4276.410156,4235.0,4232.692383,4176.025879,4171.153809,4205.512695,4187.692383,4169.487305,4174.743652,4229.743652,4196.282227000001,4255.769043,4262.820313
4268.974121,4287.94873,4237.179688,4236.922852000001,4180.512695,4168.589844,4188.717772999999,4201.922852000001,4177.179688,4178.461426,4233.333496,4201.794922,4261.025879,4266.794922
4270.384765999999,4286.282227000001,4238.205078,4239.743652,4183.717772999999,4173.717772999999,4179.102539,4182.05127,4168.333496,4175.641113000001,4235.897461,4198.333496,4264.230957,4265.897461
4269.230957,4274.743652,4233.077147999999,4233.461426,4177.94873,4174.230957,4190.0,4176.794922,4160.769043,4170.641113000001,4232.05127,4191.538574,4256.538574,4256.410156
4265.641113000001,4270.384765999999,4232.179688,4229.230957,4170.256348,4163.974121,4193.333496,4194.358886999999,4165.0,4165.769043,4223.205078,4187.179688,4244.102539,4250.128418
4266.025879,4272.05127,4235.0,4230.0,4171.025879,4162.94873,4198.461426,4195.128418,4165.641113000001,4164.487305,4218.846191,4187.94873,4240.897461,4251.410156
4266.410156,4269.487305,4234.102539,4231.153809,4177.179688,4175.256348,4200.641113000001,4181.666504,4162.05127,4164.743652,4217.692383,4189.615234000001,4241.794922,4251.153809
4259.358886999999,4269.871582,4232.436035,4234.102539,4183.333496,4179.102539,4185.384765999999,4170.512695,4158.461426,4161.538574,4216.025879,4187.563965,4234.743652,4247.692383
4254.230957,4275.0,4233.589844,4235.512695,4181.922852000001,4176.282227000001,4190.897461,4174.102539,4160.0,4164.487305,4217.692383,4186.794922,4235.256348,4250.897461
4261.922852000001,4281.410156,4237.307617,4236.666504,4175.0,4168.974121,4207.820313,4188.333496,4170.256348,4175.512695,4226.538574,4195.384765999999,4250.512695,4261.666504
4270.256348,4287.179688,4243.205078,4242.436035,4178.717772999999,4157.820313,4199.102539,4185.0,4173.205078,4179.615234000001,4234.615234000001,4203.717772999999,4259.615234000001,4265.0
4268.589844,4280.512695,4243.461426,4242.05127,4183.461426,4159.615234000001,4188.333496,4169.487305,4160.128418,4175.769043,4233.717772999999,4199.358886999999,4255.384765999999,4260.384765999999
4265.641113000001,4274.487305,4236.153809,4236.025879,4174.615234000001,4169.230957,4195.512695,4179.487305,4157.436035,4172.05127,4229.230957,4196.153809,4252.05127,4261.794922
4265.641113000001,4280.641113000001,4233.589844,4236.410156,4174.487305,4174.358886999999,4201.794922,4196.282227000001,4168.717772999999,4172.820313,4231.538574,4200.0,4254.487305,4267.179688
4263.589844,4282.307617,4235.512695,4239.230957,4184.230957,4174.358886999999,4197.179688,4183.717772999999,4170.512695,4173.974121,4235.384765999999,4202.179688,4254.358886999999,4266.666504
4263.589844,4276.410156,4235.384765999999,4236.282227000001,4184.871582,4169.615234000001,4198.077147999999,4179.230957,4168.077147999999,4171.922852000001,4231.922852000001,4202.179688,4248.974121,4263.205078
4268.717772999999,4276.410156,4234.487305,4233.589844,4185.128418,4168.461426,4205.769043,4192.179688,4165.897461,4166.410156,4224.358886999999,4203.461426,4238.717772999999,4261.025879
4268.974121,4277.820313,4231.538574,4234.230957,4189.230957,4173.589844,4204.743652,4179.487305,4156.153809,4157.436035,4217.05127,4201.794922,4226.025879,4257.563965
4267.563965,4276.794922,4232.563965,4235.384765999999,4185.641113000001,4178.846191,4199.487305,4169.615234000001,4157.820313,4162.692383,4217.179688,4196.153809,4225.769043,4257.05127
4263.846191,4275.256348,4230.897461,4229.487305,4184.487305,4182.563965,4204.615234000001,4195.128418,4171.794922,4174.615234000001,4221.025879,4192.436035,4231.666504,4252.307617
4257.820313,4273.717772999999,4226.666504,4225.0,4188.589844,4183.717772999999,4211.538574,4203.974121,4173.846191,4172.94873,4222.307617,4195.256348,4231.922852000001,4247.05127
4263.333496,4282.563965,4235.769043,4236.025879,4189.871582,4176.410156,4205.128418,4188.205078,4173.589844,4173.205078,4226.794922,4201.538574,4234.487305,4253.205078
4267.307617,4286.538574,4242.436035,4241.025879,4181.410156,4171.538574,4202.307617,4187.307617,4177.05127,4177.179688,4227.307617,4201.025879,4232.563965,4253.717772999999
4262.179688,4273.974121,4238.333496,4231.794922,4175.897461,4179.102539,4210.769043,4198.077147999999,4178.333496,4176.538574,4229.358886999999,4201.025879,4230.384765999999,4248.333496
4264.102539,4269.615234000001,4239.230957,4229.487305,4180.769043,4181.282227000001,4207.307617,4204.743652,4185.256348,4183.589844,4241.922852000001,4210.769043,4238.974121,4253.589844
4268.589844,4277.307617,4240.0,4233.333496,4183.974121,4172.436035,4203.333496,4210.512695,4193.461426,4192.820313,4246.153809,4212.307617,4241.666504,4257.307617
4259.487305,4277.94873,4230.0,4230.0,4185.512695,4171.666504,4213.974121,4195.897461,4181.025879,4179.871582,4234.358886999999,4197.692383,4228.717772999999,4246.410156
4245.769043,4266.794922,4218.974121,4223.846191,4187.820313,4178.846191,4206.666504,4158.205078,4157.179688,4161.666504,4224.102539,4192.05127,4222.436035,4236.410156
4247.94873,4261.025879,4223.333496,4225.641113000001,4189.615234000001,4179.743652,4196.538574,4181.410156,4170.769043,4173.461426,4229.743652,4202.436035,4233.077147999999,4243.717772999999
4250.256348,4263.589844,4228.205078,4225.769043,4184.615234000001,4171.794922,4210.256348,4226.794922,4193.333496,4185.769043,4233.205078,4201.666504,4229.615234000001,4247.692383
4242.05127,4261.410156,4223.205078,4218.077147999999,4178.205078,4167.94873,4216.666504,4197.179688,4174.230957,4169.230957,4219.871582,4190.256348,4211.922852000001,4238.846191
4247.307617,4263.717772999999,4225.256348,4221.025879,4190.0,4180.769043,4207.436035,4161.922852000001,4160.769043,4163.846191,4218.077147999999,4193.461426,4219.230957,4243.846191
4263.846191,4273.589844,4237.692383,4233.077147999999,4203.717772999999,4187.692383,4205.384765999999,4182.436035,4181.282227000001,4187.05127,4239.102539,4207.563965,4247.179688,4260.897461
4266.410156,4275.0,4246.410156,4237.307617,4201.025879,4181.794922,4211.410156,4200.256348,4188.589844,4198.333496,4249.743652,4209.358886999999,4256.282227000001,4263.461426
4259.871582,4265.512695,4243.974121,4234.615234000001,4195.641113000001,4181.666504,4211.538574,4183.846191,4171.410156,4185.128418,4240.128418,4200.128418,4242.179688,4254.871582
4251.410156,4255.256348,4229.230957,4227.05127,4198.589844,4185.641113000001,4206.794922,4168.717772999999,4154.230957,4165.128418,4222.179688,4190.769043,4221.922852000001,4241.153809
4241.794922,4251.410156,4217.692383,4222.179688,4205.512695,4192.179688,4203.974121,4164.487305,4148.846191,4151.666504,4207.820313,4183.077147999999,4207.563965,4229.358886999999
4245.897461,4254.871582,4230.256348,4228.589844,4206.410156,4191.025879,4211.025879,4197.307617,4177.307617,4166.025879,4217.692383,4187.436035,4212.820313,4241.410156
4253.589844,4260.384765999999,4241.410156,4233.717772999999,4204.230957,4178.589844,4224.871582,4236.666504,4204.615234000001,4190.128418,4236.153809,4199.358886999999,4227.563965,4254.615234000001
4251.666504,4261.282227000001,4231.410156,4231.282227000001,4209.871582,4177.179688,4229.358886999999,4206.538574,4185.256348,4189.102539,4231.666504,4202.563965,4236.410156,4245.0
4253.589844,4258.205078,4229.871582,4233.205078,4215.512695,4182.179688,4220.384765999999,4167.94873,4168.077147999999,4181.922852000001,4224.102539,4201.410156,4240.897461,4243.333496
4252.820313,4257.94873,4239.358886999999,4236.794922,4213.205078,4181.794922,4217.94873,4194.230957,4189.871582,4194.230957,4235.0,4203.974121,4243.461426,4255.897461
4237.05127,4250.256348,4231.410156,4226.153809,4203.333496,4184.487305,4230.128418,4227.307617,4199.358886999999,4196.666504,4236.410156,4200.641113000001,4236.025879,4250.769043
4231.922852000001,4239.743652,4221.410156,4217.05127,4198.461426,4184.358886999999,4226.538574,4202.179688,4178.205078,4177.436035,4223.846191,4190.897461,4225.128418,4234.615234000001
4242.05127,4249.102539,4226.922852000001,4227.692383,4207.179688,4176.666504,4208.974121,4168.589844,4172.307617,4176.282227000001,4224.871582,4188.461426,4227.179688,4232.563965
4239.615234000001,4257.563965,4223.077147999999,4231.922852000001,4212.820313,4177.05127,4202.307617,4169.615234000001,4178.846191,4184.743652,4226.922852000001,4189.102539,4228.205078,4232.307617
4235.128418,4252.179688,4216.922852000001,4225.0,4215.897461,4185.897461,4209.102539,4194.358886999999,4190.769043,4185.256348,4225.0,4192.179688,4230.128418,4233.205078
4239.871582,4248.846191,4222.563965,4224.487305,4221.153809,4184.230957,4217.05127,4217.820313,4204.615234000001,4191.282227000001,4227.820313,4199.102539,4238.589844,4240.128418
4236.922852000001,4243.205078,4220.0,4223.589844,4216.410156,4178.974121,4220.512695,4201.794922,4195.0,4193.205078,4227.436035,4196.538574,4235.769043,4240.256348
4225.256348,4232.179688,4211.922852000001,4216.410156,4204.358886999999,4184.871582,4228.974121,4183.333496,4185.384765999999,4186.538574,4222.692383,4186.410156,4225.256348,4233.589844
4215.512695,4223.974121,4207.179688,4205.256348,4202.05127,4187.563965,4231.794922,4206.666504,4188.846191,4179.358886999999,4211.794922,4180.512695,4215.128418,4223.846191
4215.512695,4224.102539,4206.666504,4202.307617,4209.102539,4180.384765999999,4218.717772999999,4214.615234000001,4180.0,4176.410156,4205.256348,4181.538574,4209.743652,4219.743652
4222.179688,4228.717772999999,4211.794922,4210.128418,4208.077147999999,4181.282227000001,4207.94873,4182.820313,4171.410156,4178.077147999999,4213.717772999999,4185.641113000001,4215.641113000001,4229.230957
4230.128418,4235.769043,4219.230957,4218.461426,4199.230957,4185.384765999999,4213.205078,4180.897461,4189.358886999999,4188.717772999999,4226.282227000001,4192.94873,4228.589844,4239.358886999999
4238.974121,4245.0,4224.102539,4222.94873,4203.846191,4176.922852000001,4216.794922,4203.974121,4203.846191,4200.641113000001,4228.205078,4199.871582,4234.230957,4237.820313
4238.974121,4247.692383,4222.820313,4224.102539,4219.230957,4174.743652,4193.846191,4196.282227000001,4195.128418,4196.282227000001,4220.128418,4198.589844,4228.077147999999,4234.102539
4228.461426,4239.615234000001,4218.333496,4220.384765999999,4219.615234000001,4188.461426,4180.769043,4188.077147999999,4190.769043,4186.794922,4211.922852000001,4192.692383,4217.692383,4229.615234000001
4221.922852000001,4231.025879,4216.025879,4215.897461,4208.461426,4195.769043,4208.717772999999,4200.256348,4193.205078,4188.589844,4208.077147999999,4193.077147999999,4211.282227000001,4220.0
4218.077147999999,4226.538574,4212.05127,4211.282227000001,4199.743652,4189.102539,4236.282227000001,4198.717772999999,4182.307617,4184.743652,4202.94873,4194.871582,4209.358886999999,4213.974121
4212.94873,4216.794922,4206.282227000001,4207.436035,4193.205078,4185.641113000001,4232.692383,4192.820313,4166.282227000001,4171.538574,4194.102539,4192.05127,4205.384765999999,4217.820313
4218.974121,4212.692383,4211.666504,4207.94873,4197.05127,4186.025879,4222.179688,4187.692383,4160.384765999999,4167.307617,4192.94873,4192.179688,4203.333496,4227.307617
4228.589844,4222.94873,4221.025879,4214.230957,4203.077147999999,4187.692383,4223.077147999999,4178.205078,4164.358886999999,4173.717772999999,4198.589844,4192.692383,4207.820313,4234.230957
4226.410156,4227.94873,4217.563965,4220.897461,4195.641113000001,4197.94873,4232.436035,4188.461426,4176.666504,4179.615234000001,4198.717772999999,4186.538574,4208.077147999999,4233.589844
4226.794922,4227.179688,4215.0,4223.974121,4191.025879,4200.128418,4234.487305,4205.769043,4191.922852000001,4186.794922,4197.563965,4183.077147999999,4206.666504,4232.692383
4240.769043,4235.641113000001,4226.538574,4229.487305,4206.025879,4193.461426,4221.282227000001,4206.922852000001,4206.025879,4201.153809,4208.205078,4188.846191,4221.153809,4240.128418
4245.641113000001,4238.333496,4231.153809,4234.102539,4208.589844,4192.179688,4213.077147999999,4200.641113000001,4209.487305,4207.692383,4217.179688,4193.974121,4228.974121,4249.358886999999
4238.717772999999,4228.589844,4225.0,4230.512695,4193.974121,4196.025879,4219.743652,4214.230957,4208.333496,4201.025879,4214.743652,4193.846191,4216.538574,4256.666504
4239.743652,4227.05127,4225.769043,4226.282227000001,4194.871582,4194.230957,4218.717772999999,4213.461426,4201.410156,4197.563965,4214.743652,4190.0,4218.461426,4256.410156
4241.025879,4227.563965,4225.641113000001,4223.717772999999,4198.717772999999,4186.794922,4205.641113000001,4166.538574,4179.230957,4194.358886999999,4214.743652,4184.743652,4230.0,4246.025879
4232.820313,4214.487305,4217.436035,4215.256348,4188.333496,4188.205078,4213.205078,4156.025879,4172.820313,4185.512695,4212.436035,4182.307617,4222.436035,4237.436035
4224.615234000001,4199.358886999999,4213.461426,4204.871582,4175.512695,4195.384765999999,4233.717772999999,4200.0,4185.384765999999,4178.974121,4210.897461,4176.666504,4205.897461,4233.461426
4219.615234000001,4198.461426,4214.615234000001,4201.794922,4173.717772999999,4191.025879,4233.333496,4208.077147999999,4184.487305,4183.077147999999,4210.384765999999,4172.307617,4204.230957,4231.153809
4224.102539,4205.897461,4218.333496,4206.153809,4179.871582,4177.563965,4216.794922,4202.692383,4187.820313,4196.410156,4217.05127,4180.769043,4217.563965,4236.666504
4238.589844,4207.820313,4223.846191,4213.589844,4181.410156,4177.436035,4201.410156,4228.205078,4207.05127,4208.333496,4228.333496,4192.307617,4229.102539,4244.102539
4243.333496,4209.743652,4223.077147999999,4216.282227000001,4178.974121,4191.922852000001,4203.077147999999,4202.179688,4200.897461,4208.461426,4230.641113000001,4191.410156,4225.641113000001,4244.743652
4234.615234000001,4212.307617,4218.333496,4210.384765999999,4180.641113000001,4196.025879,4212.179688,4152.05127,4185.769043,4203.077147999999,4223.717772999999,4185.384765999999,4213.205078,4243.205078
4225.512695,4202.05127,4214.871582,4203.205078,4181.794922,4187.307617,4210.769043,4170.256348,4198.974121,4200.897461,4217.692383,4184.102539,4208.333496,4235.512695
4222.179688,4194.102539,4213.589844,4205.128418,4183.974121,4189.102539,4202.436035,4188.974121,4208.717772999999,4204.615234000001,4221.282227000001,4182.563965,4214.743652,4224.102539
4213.974121,4195.769043,4210.769043,4203.077147999999,4191.922852000001,4197.436035,4201.922852000001,4173.077147999999,4198.974121,4213.077147999999,4227.05127,4178.717772999999,4217.820313,4218.974121
4201.538574,4189.358886999999,4205.256348,4192.307617,4191.794922,4201.282227000001,4224.102539,4197.179688,4199.743652,4215.128418,4219.358886999999,4177.563965,4207.179688,4217.563965
4198.589844,4183.589844,4205.769043,4190.128418,4187.820313,4202.820313,4244.102539,4231.153809,4209.743652,4213.333496,4213.974121,4180.641113000001,4201.538574,4214.871582
4205.256348,4191.153809,4212.692383,4195.897461,4194.358886999999,4201.282227000001,4232.692383,4204.615234000001,4202.820313,4211.282227000001,4222.436035,4181.410156,4211.025879,4211.922852000001
4215.128418,4198.077147999999,4219.743652,4202.307617,4201.025879,4201.794922,4219.743652,4164.871582,4184.230957,4204.871582,4229.102539,4180.384765999999,4217.820313,4218.333496
4218.205078,4192.05127,4219.871582,4203.717772999999,4196.153809,4194.358886999999,4216.410156,4150.128418,4173.333496,4198.333496,4225.769043,4178.461426,4211.666504,4226.538574
4219.358886999999,4187.179688,4219.102539,4200.641113000001,4196.410156,4179.487305,4199.871582,4127.692383,4168.205078,4194.615234000001,4219.743652,4177.436035,4206.025879,4225.641113000001
4221.922852000001,4191.282227000001,4225.384765999999,4201.666504,4207.179688,4182.94873,4202.692383,4120.897461,4174.487305,4192.94873,4221.666504,4184.487305,4213.461426,4226.410156
4221.282227000001,4193.205078,4232.179688,4210.897461,4211.666504,4196.025879,4222.436035,4154.871582,4193.717772999999,4195.897461,4230.769043,4194.743652,4223.974121,4231.153809
4220.897461,4197.05127,4233.974121,4221.153809,4215.897461,4198.461426,4203.077147999999,4163.333496,4206.410156,4206.410156,4236.666504,4197.307617,4225.0,4231.410156
4215.641113000001,4195.769043,4225.384765999999,4216.025879,4218.846191,4197.692383,4190.641113000001,4148.077147999999,4204.230957,4205.641113000001,4224.230957,4190.512695,4213.589844,4221.410156
4211.025879,4189.615234000001,4214.358886999999,4206.025879,4217.307617,4193.974121,4220.384765999999,4185.384765999999,4215.0,4203.077147999999,4212.94873,4188.461426,4207.436035,4214.102539
4213.589844,4193.077147999999,4216.666504,4208.077147999999,4220.128418,4188.333496,4229.871582,4215.897461,4235.0,4219.230957,4226.025879,4193.205078,4214.743652,4221.153809
4205.897461,4186.666504,4217.692383,4203.077147999999,4219.871582,4199.102539,4214.358886999999,4158.589844,4212.94873,4213.846191,4224.871582,4187.05127,4207.820313,4217.436035
4197.820313,4173.333496,4212.94873,4191.410156,4218.205078,4216.794922,4221.538574,4119.102539,4185.384765999999,4193.846191,4206.282227000001,4180.256348,4198.589844,4204.615234000001
4209.487305,4178.205078,4220.0,4195.512695,4216.538574,4211.153809,4233.974121,4157.692383,4204.358886999999,4202.94873,4212.307617,4188.717772999999,4211.538574,4212.179688
4214.871582,4183.077147999999,4225.769043,4197.820313,4203.077147999999,4196.922852000001,4227.307617,4172.436035,4212.820313,4210.0,4223.205078,4193.205078,4215.769043,4224.743652
4205.769043,4178.461426,4222.307617,4192.436035,4200.641113000001,4205.769043,4226.666504,4160.769043,4196.025879,4200.128418,4216.538574,4187.563965,4206.666504,4222.05127
4210.897461,4183.974121,4226.538574,4201.538574,4218.846191,4212.307617,4218.846191,4168.333496,4196.666504,4204.102539,4216.538574,4192.436035,4212.94873,4222.436035
4221.282227000001,4188.974121,4233.461426,4209.615234000001,4222.563965,4199.102539,4194.615234000001,4162.692383,4204.487305,4214.230957,4223.077147999999,4198.077147999999,4217.436035,4230.769043
4216.538574,4177.307617,4226.153809,4200.256348,4210.512695,4191.538574,4190.769043,4146.538574,4194.230957,4204.358886999999,4213.333496,4184.358886999999,4203.461426,4226.794922
4203.717772999999,4164.743652,4213.077147999999,4189.102539,4208.589844,4191.666504,4203.589844,4150.641113000001,4182.179688,4185.769043,4197.820313,4168.974121,4192.94873,4213.077147999999
4199.743652,4169.871582,4215.256348,4192.307617,4214.230957,4192.563965,4200.512695,4164.871582,4194.358886999999,4191.538574,4201.794922,4172.692383,4200.897461,4208.589844
4206.153809,4182.05127,4222.436035,4199.487305,4213.461426,4200.0,4201.153809,4188.846191,4226.538574,4217.179688,4219.743652,4184.102539,4213.077147999999,4216.410156
4201.282227000001,4173.589844,4212.563965,4190.641113000001,4206.153809,4210.256348,4229.615234000001,4206.410156,4234.871582,4216.922852000001,4215.641113000001,4178.077147999999,4206.666504,4209.743652
4186.282227000001,4157.692383,4196.538574,4179.871582,4206.410156,4214.230957,4241.282227000001,4185.641113000001,4214.102539,4195.897461,4192.179688,4164.743652,4189.230957,4190.512695
4187.94873,4164.230957,4200.0,4188.974121,4212.94873,4214.230957,4226.794922,4165.769043,4210.256348,4198.461426,4190.384765999999,4168.717772999999,4188.205078,4191.666504
4198.717772999999,4181.410156,4212.05127,4201.282227000001,4219.743652,4216.153809,4225.641113000001,4175.384765999999,4220.641113000001,4212.436035,4207.179688,4177.05127,4200.384765999999,4204.615234000001
4197.179688,4182.563965,4211.666504,4195.512695,4221.538574,4210.641113000001,4223.077147999999,4170.897461,4212.05127,4209.615234000001,4210.384765999999,4176.538574,4202.94873,4208.717772999999
4200.128418,4180.0,4215.641113000001,4191.922852000001,4217.436035,4199.615234000001,4203.077147999999,4151.666504,4201.153809,4208.333496,4209.102539,4181.794922,4202.563965,4215.897461
4215.384765999999,4190.641113000001,4234.102539,4207.94873,4217.94873,4200.641113000001,4195.0,4158.205078,4207.94873,4218.077147999999,4221.025879,4193.205078,4211.922852000001,4229.487305
4216.025879,4194.487305,4239.102539,4213.717772999999,4221.794922,4204.358886999999,4200.512695,4168.846191,4211.794922,4217.692383,4226.282227000001,4191.538574,4214.230957,4227.692383
4203.846191,4190.384765999999,4229.230957,4203.974121,4223.974121,4206.666504,4206.538574,4174.615234000001,4216.666504,4216.538574,4220.769043,4185.0,4213.205078,4220.0
4190.769043,4184.102539,4220.0,4195.256348,4224.358886999999,4210.0,4214.358886999999,4193.974121,4229.871582,4223.077147999999,4216.153809,4182.05127,4206.025879,4217.05127
4174.102539,4168.974121,4204.487305,4186.794922,4220.897461,4207.05127,4216.922852000001,4197.05127,4230.384765999999,4215.0,4202.307617,4170.128418,4184.358886999999,4200.769043
4163.333496,4158.333496,4189.871582,4178.333496,4216.538574,4207.307617,4224.102539,4208.846191,4233.846191,4205.512695,4191.282227000001,4161.922852000001,4175.512695,4185.897461
4163.717772999999,4157.820313,4187.179688,4172.307617,4213.846191,4214.230957,4240.897461,4248.077147999999,4245.128418,4211.794922,4195.512695,4168.333496,4185.769043,4187.05127
4170.641113000001,4160.769043,4189.871582,4174.358886999999,4217.563965,4217.692383,4243.333496,4228.461426,4234.102539,4214.358886999999,4203.077147999999,4172.563965,4191.410156,4193.461426
4174.487305,4161.410156,4192.307617,4178.333496,4222.179688,4213.974121,4226.922852000001,4162.94873,4207.692383,4200.897461,4199.487305,4170.384765999999,4183.846191,4192.94873
4172.179688,4157.307617,4193.461426,4175.897461,4217.94873,4211.025879,4226.410156,4182.563965,4208.333496,4194.102539,4192.05127,4175.897461,4173.717772999999,4188.333496
4173.846191,4156.666504,4195.769043,4176.666504,4217.307617,4216.153809,4239.487305,4219.743652,4220.256348,4202.563965,4193.717772999999,4180.384765999999,4174.871582,4189.102539
4182.563965,4164.230957,4199.871582,4184.871582,4224.102539,4221.538574,4224.102539,4153.077147999999,4198.717772999999,4202.179688,4196.922852000001,4171.282227000001,4185.769043,4192.05127
4187.05127,4171.410156,4203.717772999999,4191.538574,4223.589844,4216.282227000001,4205.128418,4113.589844,4184.615234000001,4196.666504,4194.871582,4166.666504,4190.256348,4191.922852000001
4183.974121,4174.230957,4203.077147999999,4192.05127,4220.256348,4201.794922,4214.487305,4174.743652,4208.205078,4203.205078,4194.358886999999,4171.153809,4184.871582,4190.0
4186.153809,4177.563965,4204.487305,4192.05127,4222.436035,4196.410156,4213.589844,4197.05127,4221.922852000001,4213.589844,4200.512695,4175.128418,4188.461426,4191.410156
4196.153809,4184.230957,4214.358886999999,4199.743652,4223.717772999999,4206.153809,4200.512695,4179.743652,4225.256348,4226.922852000001,4213.333496,4183.333496,4206.282227000001,4200.256348
4195.256348,4187.692383,4214.743652,4200.769043,4214.871582,4209.358886999999,4214.230957,4215.256348,4243.205078,4236.282227000001,4220.256348,4188.461426,4215.256348,4202.05127
4183.333496,4185.0,4203.077147999999,4190.384765999999,4201.794922,4200.769043,4233.205078,4258.077147999999,4256.410156,4231.538574,4210.0,4180.512695,4204.615234000001,4190.897461
4182.179688,4183.461426,4200.128418,4188.846191,4200.512695,4206.538574,4229.230957,4245.128418,4248.846191,4225.0,4199.615234000001,4175.0,4200.769043,4185.641113000001
4177.563965,4171.282227000001,4193.846191,4184.358886999999,4207.179688,4219.615234000001,4219.487305,4195.384765999999,4223.205078,4213.333496,4193.589844,4171.538574,4196.538574,4182.692383
4163.205078,4161.153809,4181.410156,4174.615234000001,4207.692383,4222.307617,4216.538574,4171.282227000001,4205.512695,4199.487305,4183.846191,4161.794922,4180.128418,4168.974121
4162.563965,4173.205078,4181.153809,4182.94873,4204.743652,4222.05127,4213.461426,4170.897461,4206.410156,4198.461426,4176.538574,4155.641113000001,4175.256348,4161.410156
4161.922852000001,4173.717772999999,4181.410156,4184.871582,4192.94873,4215.769043,4208.974121,4157.692383,4195.0,4191.794922,4167.94873,4151.025879,4171.410156,4158.205078
4153.077147999999,4161.410156,4174.487305,4174.487305,4175.256348,4209.615234000001,4216.153809,4163.461426,4180.641113000001,4175.897461,4159.358886999999,4148.333496,4157.05127,4151.922852000001
4163.974121,4179.615234000001,4185.128418,4189.358886999999,4185.128418,4215.641113000001,4216.025879,4174.487305,4187.05127,4182.692383,4170.128418,4164.871582,4165.128418,4167.179688
4191.922852000001,4212.563965,4211.025879,4218.205078,4219.487305,4220.128418,4197.179688,4151.282227000001,4194.102539,4208.461426,4197.179688,4191.153809,4201.538574,4200.384765999999
4202.179688,4212.307617,4220.641113000001,4219.102539,4224.487305,4212.563965,4196.666504,4148.205078,4195.0,4214.743652,4206.153809,4194.102539,4215.0,4209.358886999999
4197.05127,4199.615234000001,4215.128418,4209.743652,4203.205078,4208.589844,4219.358886999999,4198.589844,4208.333496,4209.102539,4198.589844,4185.897461,4201.922852000001,4200.128418
4203.717772999999,4209.487305,4219.615234000001,4217.563965,4203.461426,4209.358886999999,4215.769043,4231.794922,4225.512695,4222.05127,4206.922852000001,4197.563965,4207.692383,4211.025879
4218.333496,4222.436035,4232.307617,4226.410156,4209.743652,4201.153809,4193.077147999999,4221.794922,4232.692383,4242.307617,4220.128418,4210.512695,4222.563965,4231.025879
4218.077147999999,4216.025879,4231.153809,4223.717772999999,4193.589844,4195.384765999999,4209.871582,4230.256348,4246.025879,4246.538574,4217.436035,4202.692383,4218.205078,4226.025879
4193.846191,4191.025879,4210.384765999999,4207.307617,4176.922852000001,4205.128418,4231.666504,4241.666504,4247.563965,4230.384765999999,4196.025879,4179.615234000001,4196.922852000001,4194.743652
4167.307617,4168.461426,4188.717772999999,4186.410156,4173.717772999999,4219.615234000001,4214.743652,4200.256348,4216.025879,4207.05127,4165.128418,4160.512695,4175.897461,4167.436035
4158.077147999999,4159.871582,4179.102539,4177.563965,4169.230957,4221.666504,4213.461426,4163.974121,4190.641113000001,4188.461426,4145.0,4150.512695,4162.307617,4162.179688
4157.820313,4156.282227000001,4174.871582,4176.666504,4162.94873,4212.05127,4231.666504,4191.410156,4201.153809,4179.487305,4141.666504,4150.0,4154.358886999999,4167.820313
4168.846191,4164.487305,4180.769043,4182.436035,4171.538574,4214.871582,4217.692383,4215.128418,4217.307617,4193.077147999999,4153.974121,4162.563965,4168.461426,4179.487305
4190.0,4187.692383,4199.102539,4196.538574,4183.717772999999,4231.410156,4198.461426,4186.153809,4206.153809,4214.487305,4176.794922,4177.179688,4198.333496,4195.897461
4203.589844,4200.641113000001,4208.974121,4207.307617,4184.743652,4232.307617,4208.846191,4169.230957,4191.153809,4217.436035,4190.769043,4181.025879,4209.487305,4204.487305
4206.282227000001,4200.256348,4209.871582,4213.205078,4189.743652,4222.563965,4218.333496,4189.871582,4199.487305,4216.538574,4194.743652,4184.102539,4211.153809,4208.589844
4211.153809,4202.94873,4215.641113000001,4217.563965,4195.641113000001,4221.282227000001,4205.641113000001,4199.358886999999,4211.282227000001,4223.974121,4198.333496,4191.666504,4220.128418,4215.0
4219.615234000001,4205.384765999999,4220.256348,4217.307617,4196.153809,4217.692383,4195.769043,4200.897461,4215.512695,4223.846191,4200.769043,4188.974121,4218.846191,4215.0
4218.333496,4200.384765999999,4216.922852000001,4215.897461,4202.563965,4210.0,4205.897461,4207.179688,4216.666504,4215.897461,4195.384765999999,4176.666504,4204.743652,4207.94873
4210.897461,4196.538574,4215.0,4219.358886999999,4206.153809,4205.384765999999,4204.358886999999,4203.461426,4216.666504,4212.820313,4190.769043,4172.307617,4200.641113000001,4206.282227000001
4210.256348,4201.282227000001,4215.512695,4222.307617,4202.94873,4202.692383,4187.179688,4188.077147999999,4217.436035,4211.922852000001,4194.102539,4173.974121,4201.794922,4208.461426
4208.205078,4198.461426,4206.538574,4210.128418,4200.256348,4200.641113000001,4197.436035,4195.384765999999,4224.871582,4211.025879,4193.077147999999,4170.897461,4190.384765999999,4201.538574
4195.512695,4182.820313,4194.102539,4192.179688,4197.307617,4204.743652,4228.077147999999,4225.769043,4230.641113000001,4208.717772999999,4187.94873,4166.025879,4180.256348,4188.717772999999
4191.025879,4174.230957,4192.307617,4190.512695,4196.538574,4216.922852000001,4227.820313,4225.0,4228.461426,4210.256348,4192.820313,4168.461426,4190.384765999999,4189.487305
4192.05127,4171.410156,4188.205078,4188.717772999999,4188.461426,4215.384765999999,4213.333496,4209.230957,4222.307617,4215.769043,4199.230957,4171.666504,4200.512695,4196.666504
4184.358886999999,4168.717772999999,4181.922852000001,4181.153809,4185.512695,4212.820313,4222.820313,4213.205078,4216.410156,4218.205078,4197.563965,4171.666504,4201.410156,4199.102539
4185.641113000001,4172.563965,4187.94873,4188.461426,4200.0,4226.538574,4224.358886999999,4205.769043,4212.94873,4215.0,4198.974121,4175.769043,4210.0,4201.025879
4197.307617,4176.025879,4193.717772999999,4196.666504,4203.333496,4230.769043,4208.461426,4191.794922,4213.333496,4209.358886999999,4203.333496,4182.692383,4217.94873,4205.641113000001
4201.153809,4171.922852000001,4190.769043,4190.769043,4192.436035,4222.820313,4209.871582,4200.769043,4213.333496,4205.384765999999,4203.589844,4185.384765999999,4212.05127,4211.282227000001
4195.256348,4171.922852000001,4185.256348,4188.589844,4197.179688,4220.512695,4216.794922,4187.307617,4198.205078,4194.743652,4196.410156,4179.358886999999,4195.897461,4206.666504
4197.820313,4184.487305,4188.205078,4201.025879,4215.512695,4221.410156,4205.897461,4164.743652,4193.717772999999,4188.846191,4190.512695,4178.333496,4188.205078,4196.794922
4209.487305,4194.615234000001,4199.871582,4212.179688,4219.358886999999,4218.205078,4205.128418,4209.743652,4228.461426,4210.897461,4202.94873,4191.025879,4200.769043,4201.410156
4205.256348,4184.871582,4195.769043,4204.230957,4205.512695,4213.461426,4228.717772999999,4247.05127,4240.641113000001,4219.615234000001,4207.820313,4189.358886999999,4201.282227000001,4205.128418
4191.922852000001,4175.641113000001,4181.538574,4195.897461,4202.820313,4208.589844,4231.538574,4219.615234000001,4218.846191,4200.384765999999,4192.307617,4173.974121,4184.615234000001,4194.743652
4192.179688,4182.820313,4183.461426,4202.179688,4213.589844,4202.307617,4201.282227000001,4213.205078,4226.922852000001,4201.025879,4192.179688,4175.512695,4183.333496,4189.358886999999
4193.974121,4182.307617,4182.820313,4203.077147999999,4212.563965,4204.102539,4188.974121,4235.512695,4240.0,4212.692383,4198.974121,4179.615234000001,4186.153809,4189.102539
4181.666504,4168.974121,4166.410156,4192.307617,4207.563965,4213.461426,4208.205078,4223.589844,4212.820313,4195.128418,4183.974121,4165.384765999999,4171.922852000001,4177.692383
4178.717772999999,4165.641113000001,4165.128418,4188.589844,4208.974121,4212.563965,4218.205078,4202.94873,4193.589844,4177.179688,4175.641113000001,4161.794922,4167.692383,4171.025879
4196.282227000001,4179.487305,4183.077147999999,4198.717772999999,4210.384765999999,4202.94873,4213.974121,4212.436035,4206.666504,4194.230957,4194.871582,4176.922852000001,4186.282227000001,4186.538574
4201.538574,4186.025879,4186.282227000001,4202.692383,4210.641113000001,4206.153809,4216.538574,4206.025879,4200.897461,4204.230957,4200.384765999999,4180.641113000001,4192.179688,4199.230957
4191.282227000001,4178.333496,4177.94873,4196.666504,4214.871582,4220.897461,4218.333496,4176.538574,4177.179688,4186.025879,4188.205078,4176.153809,4183.589844,4192.692383
4190.897461,4176.025879,4181.282227000001,4194.871582,4218.205078,4223.205078,4219.487305,4188.717772999999,4184.230957,4186.666504,4190.384765999999,4176.794922,4183.205078,4188.205078
4193.589844,4176.410156,4183.717772999999,4192.563965,4212.05127,4205.641113000001,4217.820313,4209.871582,4197.436035,4197.436035,4190.512695,4172.436035,4181.666504,4191.666504
4195.128418,4182.05127,4185.769043,4195.769043,4212.820313,4197.307617,4208.589844,4186.025879,4190.512695,4193.846191,4188.205078,4170.0,4187.05127,4196.538574
4199.871582,4187.563965,4194.102539,4201.666504,4216.666504,4203.461426,4207.692383,4176.025879,4191.666504,4191.666504,4195.897461,4172.820313,4194.230957,4195.384765999999
4199.871582,4181.025879,4196.794922,4197.94873,4211.282227000001,4201.282227000001,4213.589844,4212.820313,4211.153809,4202.563965,4199.743652,4174.871582,4189.615234000001,4192.94873
4199.615234000001,4176.922852000001,4196.025879,4196.922852000001,4211.794922,4198.974121,4212.179688,4237.563965,4227.820313,4219.358886999999,4204.358886999999,4178.589844,4193.205078,4200.769043
4198.205078,4172.94873,4191.538574,4197.179688,4220.128418,4206.282227000001,4205.769043,4221.666504,4219.230957,4214.615234000001,4202.307617,4176.410156,4191.410156,4198.205078
4189.871582,4166.794922,4183.077147999999,4189.358886999999,4226.666504,4207.692383,4208.077147999999,4203.717772999999,4204.358886999999,4195.256348,4188.589844,4169.358886999999,4175.256348,4186.538574
4186.666504,4170.769043,4182.436035,4187.820313,4224.230957,4202.94873,4215.0,4202.05127,4206.794922,4198.077147999999,4185.128418,4166.922852000001,4173.333496,4189.871582
4188.333496,4176.922852000001,4187.94873,4193.846191,4212.692383,4201.922852000001,4218.461426,4196.282227000001,4205.256348,4208.846191,4190.769043,4164.230957,4180.0,4191.410156
4181.666504,4171.922852000001,4183.461426,4191.410156,4206.153809,4204.487305,4225.769043,4180.897461,4189.102539,4192.820313,4183.077147999999,4158.461426,4172.563965,4177.692383
4176.025879,4168.717772999999,4174.871582,4188.589844,4214.230957,4207.307617,4223.077147999999,4171.153809,4179.358886999999,4174.743652,4173.589844,4160.384765999999,4167.563965,4174.102539
4183.846191,4173.205078,4178.205078,4196.794922,4218.589844,4204.743652,4204.743652,4174.871582,4178.974121,4177.94873,4179.615234000001,4166.538574,4172.692383,4183.077147999999
4182.179688,4168.077147999999,4178.333496,4192.820313,4208.461426,4200.512695,4211.666504,4180.384765999999,4165.512695,4170.0,4178.974121,4163.717772999999,4164.743652,4178.461426
4177.820313,4164.743652,4174.230957,4182.692383,4209.230957,4201.282227000001,4225.256348,4190.0,4156.410156,4157.436035,4173.077147999999,4164.487305,4160.256348,4178.846191
4205.256348,4189.102539,4196.282227000001,4203.333496,4231.282227000001,4201.794922,4204.743652,4218.846191,4187.563965,4186.025879,4199.230957,4186.794922,4189.487305,4207.307617
4237.436035,4220.0,4227.563965,4233.717772999999,4241.794922,4201.025879,4192.94873,4247.94873,4232.05127,4232.179688,4239.358886999999,4212.692383,4229.487305,4233.205078
4230.0,4220.256348,4222.436035,4228.205078,4226.410156,4206.153809,4217.436035,4247.179688,4240.0,4240.0,4241.282227000001,4210.512695,4231.922852000001,4227.94873
4205.0,4200.128418,4195.256348,4207.820313,4218.974121,4211.666504,4228.333496,4221.410156,4221.282227000001,4218.461426,4215.512695,4187.179688,4202.307617,4202.179688
4191.538574,4183.974121,4179.871582,4199.230957,4221.794922,4208.974121,4211.922852000001,4192.436035,4206.282227000001,4196.794922,4195.641113000001,4172.94873,4176.922852000001,4180.512695
4182.820313,4178.461426,4175.384765999999,4193.205078,4217.179688,4213.077147999999,4212.94873,4182.05127,4200.641113000001,4186.922852000001,4187.94873,4169.230957,4173.461426,4173.846191
4178.461426,4182.436035,4175.0,4190.256348,4216.410156,4220.769043,4223.846191,4192.307617,4206.410156,4195.128418,4194.358886999999,4170.641113000001,4188.461426,4183.846191
4184.230957,4183.205078,4178.077147999999,4191.282227000001,4219.230957,4217.436035,4225.128418,4196.922852000001,4212.179688,4205.769043,4203.846191,4175.769043,4200.128418,4193.974121
4184.871582,4178.717772999999,4178.846191,4187.307617,4214.743652,4211.794922,4230.384765999999,4196.666504,4206.922852000001,4202.563965,4201.794922,4173.717772999999,4201.282227000001,4189.230957
4181.538574,4180.128418,4176.922852000001,4185.512695,4211.794922,4208.974121,4220.897461,4210.512695,4204.871582,4192.307617,4195.512695,4167.307617,4197.436035,4183.461426
4194.230957,4186.538574,4182.05127,4194.743652,4218.205078,4214.487305,4206.794922,4220.897461,4208.461426,4190.256348,4196.794922,4173.333496,4189.487305,4187.563965
4212.94873,4197.820313,4192.692383,4207.692383,4223.205078,4222.563965,4210.512695,4206.538574,4207.05127,4200.0,4203.974121,4185.512695,4186.922852000001,4196.666504
4212.179688,4208.461426,4195.641113000001,4212.05127,4220.384765999999,4209.615234000001,4205.128418,4191.153809,4205.0,4209.230957,4209.358886999999,4186.410156,4192.820313,4199.615234000001
4203.461426,4208.589844,4193.589844,4211.794922,4221.282227000001,4196.666504,4184.743652,4193.333496,4204.230957,4208.461426,4212.820313,4183.205078,4197.820313,4199.487305
4203.717772999999,4203.461426,4194.743652,4209.743652,4228.077147999999,4205.769043,4177.692383,4201.538574,4202.692383,4204.358886999999,4213.461426,4184.102539,4196.153809,4200.256348
4201.410156,4203.205078,4194.743652,4209.102539,4233.077147999999,4215.897461,4187.307617,4206.666504,4208.205078,4207.307617,4211.153809,4181.410156,4193.974121,4199.871582
4188.974121,4196.025879,4188.077147999999,4208.461426,4232.563965,4215.769043,4195.769043,4204.615234000001,4216.153809,4211.025879,4206.410156,4172.820313,4189.743652,4199.487305
4174.102539,4177.563965,4172.05127,4192.05127,4223.846191,4205.128418,4194.230957,4197.05127,4215.128418,4209.102539,4199.230957,4163.846191,4179.102539,4191.794922
4165.897461,4169.743652,4162.820313,4174.102539,4216.153809,4198.974121,4193.974121,4203.974121,4225.0,4216.922852000001,4200.769043,4163.461426,4179.615234000001,4185.128418
4165.897461,4169.102539,4167.692383,4175.0,4214.743652,4208.077147999999,4202.692383,4220.897461,4241.794922,4231.538574,4210.384765999999,4168.717772999999,4190.897461,4188.589844
4169.487305,4168.205078,4171.666504,4180.512695,4213.205078,4219.743652,4213.846191,4227.563965,4237.05127,4229.102539,4210.769043,4171.282227000001,4190.641113000001,4192.436035
4180.384765999999,4178.333496,4178.205078,4183.205078,4214.615234000001,4221.153809,4215.769043,4223.974121,4220.128418,4218.205078,4206.666504,4174.102539,4189.743652,4195.897461
4190.128418,4188.461426,4189.487305,4191.410156,4217.05127,4218.461426,4214.487305,4219.102539,4209.743652,4209.487305,4205.256348,4180.897461,4194.102539,4201.666504
4191.922852000001,4193.717772999999,4199.102539,4203.333496,4221.922852000001,4221.666504,4211.794922,4213.333496,4206.538574,4203.717772999999,4206.410156,4189.871582,4195.769043,4207.692383
4192.94873,4197.436035,4206.025879,4208.077147999999,4226.282227000001,4219.615234000001,4201.153809,4203.077147999999,4201.922852000001,4206.666504,4212.820313,4195.256348,4196.410156,4208.974121
4193.589844,4192.692383,4208.205078,4205.512695,4221.666504,4212.436035,4201.922852000001,4197.307617,4193.589844,4210.769043,4215.128418,4194.358886999999,4195.897461,4206.922852000001
4196.538574,4195.384765999999,4208.589844,4207.307617,4221.666504,4210.641113000001,4211.922852000001,4196.666504,4193.589844,4211.410156,4214.102539,4193.205078,4198.717772999999,4209.871582
4199.358886999999,4207.820313,4205.384765999999,4213.205078,4230.512695,4212.05127,4201.153809,4186.922852000001,4202.436035,4215.256348,4215.897461,4193.589844,4203.205078,4212.179688
4191.794922,4202.94873,4195.256348,4209.358886999999,4235.128418,4211.025879,4188.974121,4194.358886999999,4215.128418,4219.487305,4211.410156,4187.307617,4197.820313,4204.487305
4180.769043,4187.436035,4187.563965,4196.282227000001,4232.563965,4209.230957,4201.025879,4235.128418,4231.410156,4218.333496,4201.153809,4180.384765999999,4188.077147999999,4194.871582
4177.94873,4185.512695,4188.205078,4191.410156,4231.666504,4215.769043,4210.0,4250.897461,4238.846191,4217.94873,4197.692383,4180.512695,4187.94873,4190.641113000001
4174.743652,4186.922852000001,4185.512695,4192.436035,4233.589844,4225.512695,4207.05127,4230.384765999999,4237.179688,4221.538574,4196.282227000001,4175.897461,4188.717772999999,4185.256348
4169.358886999999,4177.307617,4177.692383,4184.102539,4233.205078,4220.384765999999,4207.436035,4217.94873,4230.384765999999,4216.666504,4185.897461,4164.487305,4181.794922,4182.307617
4176.666504,4172.179688,4181.794922,4179.743652,4228.333496,4206.410156,4207.820313,4215.641113000001,4217.05127,4205.256348,4178.846191,4164.743652,4182.05127,4193.717772999999
4189.102539,4177.692383,4194.871582,4189.743652,4215.128418,4202.94873,4205.769043,4216.922852000001,4210.256348,4201.153809,4181.538574,4173.717772999999,4189.487305,4206.153809
4192.436035,4180.512695,4198.077147999999,4195.769043,4203.077147999999,4200.384765999999,4202.94873,4210.769043,4207.692383,4198.205078,4183.589844,4173.205078,4192.307617,4205.512695
4200.769043,4189.615234000001,4202.820313,4201.538574,4210.769043,4193.461426,4204.102539,4191.282227000001,4204.230957,4199.487305,4187.820313,4173.205078,4195.384765999999,4211.282227000001
4213.205078,4201.025879,4211.153809,4212.179688,4220.897461,4192.692383,4206.538574,4192.94873,4208.974121,4207.94873,4194.230957,4180.512695,4197.820313,4221.794922
4213.205078,4202.94873,4208.077147999999,4214.102539,4211.922852000001,4196.922852000001,4207.820313,4211.794922,4218.717772999999,4209.615234000001,4196.282227000001,4181.410156,4195.128418,4220.384765999999
4206.538574,4204.358886999999,4203.974121,4211.538574,4202.94873,4202.05127,4214.871582,4207.820313,4219.487305,4209.230957,4196.922852000001,4176.153809,4195.128418,4220.0
4205.897461,4205.256348,4203.846191,4210.641113000001,4207.94873,4199.615234000001,4211.538574,4205.641113000001,4219.743652,4216.282227000001,4197.94873,4174.487305,4195.384765999999,4222.436035
4206.666504,4202.307617,4200.641113000001,4210.128418,4215.0,4196.410156,4197.05127,4225.641113000001,4225.897461,4220.512695,4199.358886999999,4176.153809,4194.102539,4216.410156
4200.256348,4196.025879,4195.256348,4208.589844,4211.410156,4205.128418,4202.179688,4227.436035,4222.05127,4213.461426,4202.563965,4176.025879,4196.153809,4211.025879
4199.487305,4192.179688,4193.333496,4206.538574,4205.897461,4212.820313,4215.897461,4217.692383,4218.333496,4206.153809,4206.538574,4176.153809,4197.179688,4211.282227000001
4207.179688,4191.025879,4192.436035,4204.871582,4208.589844,4210.897461,4208.974121,4226.025879,4220.769043,4208.077147999999,4207.436035,4177.05127,4197.692383,4210.512695
4203.461426,4182.307617,4186.025879,4197.05127,4203.717772999999,4211.666504,4201.410156,4220.641113000001,4206.410156,4203.717772999999,4199.615234000001,4173.077147999999,4192.563965,4206.794922
4191.410156,4174.743652,4180.769043,4191.538574,4197.563965,4217.436035,4210.641113000001,4196.666504,4190.384765999999,4196.282227000001,4194.743652,4169.871582,4189.743652,4206.282227000001
4190.0,4176.025879,4183.077147999999,4192.563965,4205.128418,4214.615234000001,4208.846191,4182.307617,4193.589844,4197.179688,4200.384765999999,4172.307617,4196.410156,4208.589844
4200.0,4177.436035,4189.871582,4191.538574,4208.846191,4208.333496,4194.615234000001,4183.205078,4200.897461,4205.512695,4206.025879,4177.820313,4204.358886999999,4211.666504
4207.692383,4178.461426,4196.282227000001,4194.871582,4205.0,4211.153809,4199.358886999999,4207.179688,4215.384765999999,4217.307617,4212.692383,4184.358886999999,4214.871582,4216.410156
4204.743652,4182.179688,4195.769043,4202.307617,4202.05127,4210.384765999999,4210.128418,4223.846191,4228.846191,4218.077147999999,4215.0,4182.307617,4217.94873,4216.025879
4201.794922,4186.025879,4192.179688,4205.128418,4203.077147999999,4204.871582,4203.333496,4213.077147999999,4226.922852000001,4214.230957,4211.794922,4172.820313,4210.0,4212.307617
4207.179688,4190.0,4193.974121,4205.0,4209.871582,4206.666504,4199.871582,4210.128418,4223.077147999999,4215.769043,4213.717772999999,4168.974121,4202.94873,4211.922852000001
4206.025879,4188.589844,4189.743652,4199.743652,4211.282227000001,4208.461426,4208.589844,4215.512695,4216.153809,4207.563965,4208.974121,4168.717772999999,4194.615234000001,4207.179688
4194.230957,4181.282227000001,4178.717772999999,4192.94873,4201.025879,4204.871582,4215.641113000001,4213.461426,4208.461426,4195.769043,4198.589844,4168.205078,4186.153809,4198.846191
4186.153809,4179.743652,4177.179688,4193.333496,4191.922852000001,4205.769043,4220.256348,4217.436035,4209.102539,4195.897461,4199.871582,4168.717772999999,4184.871582,4197.94873
4185.128418,4183.717772999999,4178.589844,4195.256348,4197.307617,4215.512695,4222.563965,4220.128418,4206.666504,4199.871582,4202.436035,4170.0,4183.589844,4198.077147999999
4186.666504,4183.846191,4174.615234000001,4193.333496,4207.563965,4220.512695,4209.487305,4207.820313,4201.922852000001,4199.102539,4200.0,4170.897461,4178.846191,4193.205078
4193.974121,4184.102539,4177.179688,4195.0,4208.205078,4211.410156,4196.538574,4207.94873,4209.871582,4202.563965,4206.282227000001,4174.871582,4185.641113000001,4198.589844
4205.256348,4188.974121,4186.153809,4202.05127,4206.538574,4204.743652,4202.179688,4215.769043,4216.153809,4210.128418,4215.512695,4180.0,4196.538574,4212.563965
4205.512695,4189.871582,4185.128418,4204.358886999999,4208.717772999999,4206.410156,4195.128418,4198.717772999999,4210.641113000001,4214.102539,4215.769043,4181.922852000001,4196.666504,4213.077147999999
4199.871582,4183.974121,4179.871582,4200.0,4208.461426,4208.077147999999,4181.282227000001,4188.846191,4214.102539,4215.641113000001,4217.05127,4179.230957,4197.820313,4206.666504
4204.358886999999,4181.794922,4183.333496,4197.692383,4207.436035,4212.179688,4192.692383,4205.641113000001,4220.769043,4214.615234000001,4217.820313,4175.769043,4196.922852000001,4206.153809
4208.589844,4177.692383,4186.153809,4194.743652,4204.102539,4204.743652,4197.94873,4207.692383,4211.666504,4203.461426,4209.102539,4176.410156,4185.512695,4202.563965
4206.153809,4172.436035,4188.205078,4193.974121,4199.871582,4185.256348,4185.256348,4197.692383,4200.256348,4193.589844,4204.230957,4178.205078,4181.410156,4199.487305
4203.333496,4176.282227000001,4192.307617,4198.717772999999,4202.307617,4185.641113000001,4189.487305,4195.512695,4194.615234000001,4190.0,4205.128418,4175.641113000001,4183.717772999999,4200.0
4203.205078,4179.487305,4192.563965,4201.025879,4206.025879,4200.384765999999,4201.538574,4191.410156,4188.077147999999,4183.846191,4199.615234000001,4175.0,4175.769043,4195.641113000001
4208.205078,4180.769043,4192.820313,4202.179688,4207.563965,4203.205078,4202.563965,4190.128418,4187.05127,4181.153809,4197.563965,4179.743652,4171.153809,4197.307617
4207.307617,4180.256348,4192.563965,4201.025879,4202.820313,4200.384765999999,4203.461426,4191.794922,4188.461426,4181.282227000001,4198.333496,4182.692383,4172.436035,4205.384765999999
4202.05127,4181.282227000001,4193.461426,4200.0,4203.846191,4208.717772999999,4204.358886999999,4197.05127,4199.102539,4186.410156,4201.794922,4185.512695,4179.102539,4208.974121
4210.0,4195.641113000001,4200.769043,4208.205078,4219.358886999999,4223.205078,4197.436035,4212.563965,4223.589844,4206.538574,4216.025879,4197.307617,4195.128418,4216.410156
4217.179688,4208.846191,4205.384765999999,4215.0,4228.461426,4225.384765999999,4185.384765999999,4215.0,4233.589844,4222.692383,4221.025879,4202.692383,4201.282227000001,4223.205078
4206.282227000001,4200.512695,4198.589844,4209.743652,4218.205078,4215.769043,4181.025879,4201.025879,4222.692383,4217.05127,4211.282227000001,4193.205078,4192.820313,4217.05127
4196.666504,4184.230957,4189.743652,4200.0,4207.307617,4212.179688,4192.692383,4205.769043,4218.461426,4206.538574,4205.0,4188.333496,4187.820313,4208.205078
4201.666504,4186.282227000001,4192.820313,4197.05127,4209.615234000001,4222.05127,4196.410156,4213.333496,4218.205078,4205.512695,4208.846191,4192.05127,4190.512695,4207.436035
4204.358886999999,4188.461426,4199.102539,4196.025879,4205.0,4220.0,4192.05127,4213.717772999999,4207.307617,4200.512695,4207.94873,4191.025879,4186.538574,4205.128418
4194.487305,4172.692383,4190.128418,4188.333496,4190.256348,4196.153809,4208.974121,4221.922852000001,4189.230957,4180.897461,4193.461426,4181.538574,4169.230957,4195.769043
4188.717772999999,4166.025879,4180.384765999999,4186.666504,4191.410156,4186.410156,4217.307617,4204.102539,4177.05127,4170.769043,4187.307617,4178.846191,4162.05127,4195.641113000001
4197.307617,4179.743652,4188.077147999999,4196.922852000001,4201.025879,4201.025879,4203.077147999999,4168.589844,4174.615234000001,4182.692383,4197.820313,4190.128418,4173.205078,4206.538574
4206.410156,4190.512695,4197.692383,4204.230957,4204.358886999999,4212.179688,4206.025879,4183.589844,4185.384765999999,4195.256348,4206.538574,4196.410156,4182.436035,4212.179688
4209.871582,4198.333496,4198.333496,4211.282227000001,4219.743652,4217.692383,4205.641113000001,4221.538574,4210.897461,4205.256348,4209.743652,4191.153809,4189.743652,4213.589844
4204.743652,4205.256348,4191.153809,4214.230957,4237.05127,4227.94873,4190.384765999999,4205.0,4219.102539,4206.922852000001,4210.128418,4183.974121,4194.871582,4211.025879
4195.384765999999,4202.94873,4181.153809,4204.615234000001,4234.871582,4232.692383,4195.512695,4183.461426,4208.717772999999,4201.410156,4204.230957,4179.615234000001,4186.922852000001,4202.94873
4192.436035,4199.743652,4173.461426,4197.692383,4230.897461,4225.641113000001,4193.333496,4193.589844,4205.769043,4199.230957,4197.563965,4172.820313,4178.333496,4197.179688
4191.153809,4201.538574,4168.846191,4198.589844,4236.153809,4221.538574,4172.179688,4189.487305,4211.666504,4199.871582,4200.256348,4172.94873,4181.538574,4198.974121
4189.615234000001,4199.358886999999,4170.641113000001,4197.179688,4235.128418,4228.333496,4188.461426,4186.538574,4216.410156,4205.769043,4208.717772999999,4185.384765999999,4189.487305,4205.512695
4188.846191,4192.563965,4171.282227000001,4193.589844,4229.102539,4234.230957,4210.769043,4187.94873,4204.230957,4202.563965,4208.589844,4187.179688,4191.153809,4206.153809
4189.102539,4191.410156,4173.974121,4197.820313,4227.179688,4229.487305,4198.589844,4197.563965,4198.846191,4193.333496,4203.589844,4179.358886999999,4190.512695,4201.025879
4185.769043,4187.05127,4177.307617,4196.794922,4215.897461,4212.563965,4201.410156,4227.820313,4207.820313,4188.333496,4197.05127,4177.307617,4181.410156,4192.436035
4178.717772999999,4173.077147999999,4170.256348,4183.974121,4199.871582,4202.692383,4219.358886999999,4220.897461,4193.589844,4177.05127,4182.307617,4173.974121,4161.025879,4182.563965
4182.820313,4177.179688,4168.717772999999,4183.974121,4206.794922,4214.102539,4211.025879,4174.358886999999,4176.410156,4174.230957,4183.205078,4176.410156,4161.794922,4185.641113000001
4196.794922,4197.563965,4184.871582,4200.0,4220.512695,4223.205078,4194.230957,4183.589844,4200.256348,4197.692383,4207.307617,4192.692383,4188.846191,4201.153809
4207.94873,4206.538574,4194.487305,4210.769043,4221.922852000001,4219.871582,4191.153809,4225.0,4228.717772999999,4218.077147999999,4219.743652,4198.846191,4205.128418,4208.846191
4210.384765999999,4206.153809,4187.820313,4210.128418,4229.871582,4219.230957,4182.436035,4205.0,4222.05127,4215.384765999999,4213.974121,4189.871582,4203.205078,4206.922852000001
4210.0,4210.256348,4186.794922,4211.922852000001,4236.794922,4221.666504,4174.230957,4183.205078,4215.0,4213.205078,4215.256348,4191.794922,4205.256348,4210.641113000001
4201.922852000001,4209.487305,4188.077147999999,4213.461426,4225.256348,4224.358886999999,4190.384765999999,4198.974121,4216.794922,4210.897461,4211.410156,4193.717772999999,4204.358886999999,4208.205078
4187.94873,4199.743652,4180.128418,4205.512695,4216.666504,4223.717772999999,4196.410156,4186.538574,4205.384765999999,4201.794922,4197.563965,4181.794922,4194.487305,4196.025879
4187.820313,4199.102539,4178.974121,4201.025879,4223.717772999999,4217.179688,4182.307617,4171.538574,4198.461426,4199.102539,4201.153809,4181.794922,4193.717772999999,4193.974121
4198.846191,4205.384765999999,4186.538574,4204.615234000001,4224.230957,4214.871582,4186.538574,4197.563965,4207.307617,4203.461426,4212.05127,4191.666504,4198.461426,4198.717772999999
4198.333496,4198.974121,4189.358886999999,4201.666504,4212.436035,4214.615234000001,4204.230957,4213.846191,4207.820313,4203.077147999999,4207.436035,4191.538574,4195.769043,4199.615234000001
4191.666504,4188.333496,4189.230957,4194.615234000001,4210.897461,4208.461426,4206.410156,4200.769043,4198.974121,4195.256348,4202.692383,4190.128418,4194.615234000001,4201.410156
4195.769043,4190.128418,4189.102539,4192.692383,4217.436035,4203.589844,4197.307617,4198.077147999999,4204.230957,4194.487305,4204.358886999999,4195.256348,4197.692383,4206.282227000001
4201.282227000001,4194.102539,4186.794922,4193.333496,4214.487305,4205.512695,4196.025879,4210.384765999999,4217.05127,4202.436035,4203.717772999999,4199.487305,4195.641113000001,4208.461426
4196.410156,4187.436035,4183.589844,4193.205078,4206.282227000001,4209.615234000001,4195.769043,4207.05127,4213.077147999999,4204.358886999999,4201.922852000001,4196.025879,4191.922852000001,4204.871582
4188.717772999999,4184.230957,4177.692383,4189.230957,4205.0,4208.461426,4179.487305,4171.794922,4195.641113000001,4197.692383,4197.820313,4190.0,4189.487305,4197.05127
4191.410156,4198.461426,4178.589844,4191.025879,4214.871582,4209.358886999999,4165.128418,4147.179688,4195.384765999999,4202.563965,4201.666504,4192.05127,4196.282227000001,4198.846191
4196.410156,4209.102539,4184.487305,4198.846191,4221.538574,4213.717772999999,4176.666504,4169.102539,4211.666504,4214.487305,4211.922852000001,4194.615234000001,4205.0,4206.538574
4191.410156,4196.922852000001,4178.077147999999,4194.230957,4212.05127,4212.820313,4194.230957,4190.897461,4211.025879,4204.358886999999,4203.717772999999,4190.0,4197.05127,4196.410156
4187.820313,4187.05127,4171.153809,4186.794922,4210.256348,4212.05127,4193.974121,4182.692383,4199.871582,4190.256348,4192.436035,4185.256348,4190.512695,4183.717772999999
4191.538574,4186.794922,4175.256348,4186.794922,4219.871582,4210.641113000001,4189.230957,4186.410156,4201.410156,4193.589844,4192.692383,4184.615234000001,4194.358886999999,4187.307617
4189.230957,4180.641113000001,4177.05127,4182.820313,4214.871582,4203.846191,4194.743652,4197.692383,4200.256348,4195.128418,4184.743652,4184.615234000001,4187.692383,4187.563965
4182.563965,4175.512695,4172.563965,4178.461426,4205.897461,4202.307617,4197.563965,4185.128418,4186.794922,4182.307617,4171.922852000001,4180.384765999999,4172.436035,4178.077147999999
4186.153809,4178.461426,4172.692383,4184.743652,4210.128418,4203.333496,4192.436035,4181.153809,4186.538574,4178.077147999999,4170.769043,4175.256348,4172.692383,4179.615234000001
4196.153809,4190.256348,4180.128418,4196.666504,4217.436035,4205.769043,4195.0,4196.025879,4204.487305,4197.05127,4180.256348,4176.538574,4190.128418,4195.512695
4202.820313,4196.794922,4184.358886999999,4200.641113000001,4217.179688,4211.410156,4193.077147999999,4196.282227000001,4214.358886999999,4209.230957,4187.563965,4179.230957,4198.205078,4204.871582
4209.102539,4196.538574,4185.512695,4202.692383,4215.769043,4214.871582,4179.102539,4196.153809,4217.94873,4207.94873,4188.846191,4178.205078,4197.179688,4207.179688
4209.871582,4203.846191,4185.769043,4207.94873,4215.641113000001,4210.384765999999,4178.333496,4214.871582,4228.205078,4210.769043,4191.410156,4177.436035,4198.717772999999,4209.358886999999
4203.589844,4203.717772999999,4178.205078,4201.410156,4207.820313,4198.461426,4178.333496,4212.692383,4221.153809,4204.615234000001,4189.230957,4174.743652,4190.128418,4204.358886999999
4199.871582,4188.589844,4170.256348,4189.230957,4200.0,4199.487305,4176.538574,4178.846191,4195.769043,4188.077147999999,4179.102539,4168.333496,4176.538574,4197.820313
4197.307617,4177.692383,4170.128418,4186.282227000001,4195.897461,4207.179688,4181.025879,4170.256348,4189.743652,4182.307617,4173.589844,4166.538574,4173.589844,4196.153809
4193.077147999999,4177.820313,4174.487305,4189.615234000001,4191.666504,4201.666504,4185.384765999999,4198.205078,4198.717772999999,4186.410156,4177.820313,4169.230957,4176.025879,4196.794922
4197.179688,4179.615234000001,4180.769043,4192.05127,4191.794922,4196.025879,4191.538574,4197.179688,4191.538574,4184.487305,4182.436035,4173.077147999999,4178.589844,4201.538574
4207.692383,4183.717772999999,4187.307617,4197.563965,4197.436035,4198.974121,4193.589844,4158.974121,4175.769043,4181.794922,4185.128418,4175.0,4186.153809,4206.922852000001
4211.538574,4187.820313,4188.717772999999,4201.282227000001,4200.897461,4201.282227000001,4190.256348,4153.974121,4171.282227000001,4179.871582,4185.897461,4174.487305,4187.692383,4205.641113000001
4209.487305,4183.077147999999,4184.102539,4196.025879,4197.820313,4203.077147999999,4185.897461,4178.589844,4173.333496,4175.512695,4182.307617,4175.0,4178.589844,4201.794922
4209.358886999999,4182.692383,4180.897461,4191.794922,4197.820313,4206.794922,4177.179688,4175.897461,4178.205078,4178.717772999999,4184.358886999999,4176.153809,4179.743652,4203.461426
4210.256348,4192.05127,4181.282227000001,4195.384765999999,4202.692383,4205.384765999999,4170.512695,4171.025879,4188.717772999999,4188.974121,4191.538574,4174.230957,4190.256348,4204.230957
4206.794922,4192.179688,4176.282227000001,4194.871582,4200.256348,4204.487305,4172.436035,4190.384765999999,4196.282227000001,4194.102539,4192.563965,4171.410156,4188.717772999999,4197.820313
4204.615234000001,4187.94873,4170.256348,4190.641113000001,4197.820313,4218.717772999999,4176.794922,4196.025879,4203.077147999999,4199.102539,4193.589844,4171.922852000001,4185.769043,4196.410156
4207.179688,4190.384765999999,4175.0,4193.077147999999,4202.436035,4226.666504,4181.666504,4188.333496,4210.384765999999,4203.333496,4199.743652,4174.487305,4194.230957,4204.487305
4207.307617,4191.666504,4180.769043,4197.436035,4204.743652,4209.487305,4182.436035,4191.794922,4211.666504,4199.615234000001,4201.538574,4173.974121,4200.256348,4206.922852000001
4206.538574,4189.871582,4179.615234000001,4200.769043,4204.230957,4204.230957,4184.102539,4212.563965,4218.589844,4204.743652,4202.692383,4173.974121,4200.641113000001,4201.666504
4207.820313,4183.717772999999,4178.589844,4199.102539,4198.461426,4213.846191,4195.512695,4225.512695,4218.589844,4207.179688,4201.794922,4176.666504,4192.307617,4197.307617
4209.871582,4178.717772999999,4181.410156,4195.256348,4192.179688,4203.333496,4197.563965,4201.410156,4197.436035,4192.436035,4195.128418,4177.307617,4183.717772999999,4196.282227000001
4208.077147999999,4183.589844,4185.769043,4196.922852000001,4196.410156,4190.128418,4182.05127,4172.179688,4180.256348,4186.794922,4192.692383,4174.615234000001,4185.769043,4198.589844
4207.94873,4187.820313,4189.743652,4199.358886999999,4198.205078,4196.794922,4169.487305,4169.743652,4178.077147999999,4194.743652,4196.153809,4173.717772999999,4183.333496,4201.538574
4213.333496,4185.512695,4192.05127,4198.461426,4194.743652,4205.769043,4177.05127,4179.358886999999,4183.717772999999,4198.205078,4200.0,4174.230957,4180.256348,4201.538574
4204.871582,4182.179688,4182.179688,4191.666504,4193.589844,4204.358886999999,4188.589844,4181.922852000001,4192.436035,4192.692383,4199.230957,4173.333496,4187.94873,4196.666504
4193.589844,4182.94873,4172.820313,4189.230957,4200.512695,4209.743652,4185.769043,4187.436035,4205.641113000001,4195.512695,4201.666504,4176.410156,4193.589844,4195.256348
4202.94873,4186.153809,4178.461426,4196.666504,4213.846191,4223.974121,4177.94873,4201.538574,4224.358886999999,4215.0,4212.05127,4181.410156,4194.487305,4200.897461
4208.589844,4187.563965,4182.820313,4199.230957,4214.743652,4228.846191,4181.666504,4207.563965,4232.563965,4225.0,4214.743652,4180.897461,4196.025879,4199.230957
4201.025879,4187.179688,4181.025879,4195.128418,4208.461426,4226.153809,4187.179688,4208.717772999999,4228.846191,4217.307617,4212.05127,4179.487305,4195.384765999999,4191.794922
4198.589844,4177.05127,4180.128418,4191.666504,4201.922852000001,4216.922852000001,4187.307617,4222.436035,4226.282227000001,4204.615234000001,4208.461426,4180.0,4186.666504,4185.897461
4196.922852000001,4164.102539,4178.077147999999,4185.769043,4188.589844,4204.102539,4201.538574,4237.05127,4224.615234000001,4195.128418,4200.128418,4180.641113000001,4175.128418,4181.153809
4196.410156,4172.05127,4180.128418,4186.922852000001,4186.922852000001,4200.897461,4204.487305,4219.487305,4217.307617,4196.922852000001,4203.077147999999,4182.436035,4179.743652,4187.436035
4205.384765999999,4189.102539,4188.333496,4195.384765999999,4198.333496,4201.025879,4178.461426,4185.0,4207.307617,4202.563965,4213.974121,4185.512695,4197.436035,4200.641113000001
4216.922852000001,4195.769043,4196.153809,4204.615234000001,4197.05127,4198.589844,4168.461426,4177.307617,4200.641113000001,4201.538574,4212.692383,4187.563965,4207.692383,4204.743652
4219.487305,4197.692383,4196.538574,4208.077147999999,4187.179688,4200.641113000001,4183.077147999999,4193.077147999999,4198.205078,4198.077147999999,4208.461426,4189.743652,4205.128418,4204.358886999999
4214.102539,4192.563965,4190.384765999999,4199.871582,4191.666504,4204.743652,4184.615234000001,4194.230957,4199.871582,4196.922852000001,4210.256348,4191.153809,4202.94873,4206.025879
4207.692383,4185.384765999999,4186.153809,4195.641113000001,4198.205078,4208.077147999999,4180.512695,4180.641113000001,4202.820313,4196.410156,4206.794922,4190.128418,4201.922852000001,4201.153809
4203.333496,4187.692383,4185.256348,4198.077147999999,4194.358886999999,4212.94873,4191.666504,4194.358886999999,4211.410156,4197.820313,4198.205078,4185.512695,4189.743652,4188.461426
4200.641113000001,4192.94873,4182.307617,4195.769043,4191.794922,4220.128418,4201.666504,4227.05127,4227.05127,4199.358886999999,4195.384765999999,4177.307617,4176.282227000001,4184.487305
4196.794922,4191.794922,4179.615234000001,4193.205078,4192.820313,4220.256348,4193.461426,4215.0,4221.922852000001,4191.410156,4191.153809,4166.922852000001,4168.717772999999,4183.974121
4191.922852000001,4188.974121,4177.436035,4192.820313,4193.461426,4212.692383,4177.179688,4173.846191,4197.820313,4181.666504,4178.461426,4162.563965,4163.205078,4173.974121
4190.512695,4189.102539,4176.666504,4191.282227000001,4194.102539,4209.743652,4182.436035,4181.666504,4195.769043,4183.846191,4174.102539,4167.179688,4167.820313,4168.589844
4194.102539,4190.0,4180.512695,4191.410156,4194.615234000001,4211.794922,4205.641113000001,4211.922852000001,4209.102539,4188.974121,4184.358886999999,4172.05127,4177.436035,4177.307617
4200.0,4192.692383,4187.563965,4194.487305,4196.794922,4213.717772999999,4208.461426,4205.384765999999,4203.974121,4187.05127,4192.179688,4173.846191,4177.307617,4185.641113000001
4199.102539,4192.179688,4187.05127,4193.205078,4195.641113000001,4214.871582,4190.897461,4181.538574,4190.897461,4182.692383,4185.384765999999,4170.769043,4173.846191,4177.94873
4192.436035,4190.384765999999,4181.282227000001,4193.205078,4194.743652,4212.94873,4190.0,4193.589844,4199.230957,4185.512695,4181.666504,4167.05127,4180.512695,4169.102539
4194.358886999999,4200.384765999999,4191.410156,4204.358886999999,4207.436035,4213.205078,4206.410156,4243.846191,4232.307617,4202.05127,4200.384765999999,4177.563965,4195.641113000001,4182.94873
4203.461426,4213.846191,4206.666504,4215.641113000001,4218.205078,4219.102539,4188.589844,4239.487305,4239.743652,4216.666504,4213.974121,4193.205078,4208.077147999999,4203.589844
4206.794922,4216.666504,4203.205078,4218.077147999999,4216.922852000001,4226.666504,4154.871582,4168.589844,4209.743652,4212.94873,4208.077147999999,4193.333496,4208.589844,4200.897461
4203.846191,4211.666504,4197.692383,4213.974121,4215.128418,4231.794922,4167.692383,4164.871582,4212.05127,4207.820313,4206.282227000001,4186.410156,4201.666504,4188.461426
4194.358886999999,4198.461426,4196.153809,4202.05127,4207.436035,4224.615234000001,4196.153809,4221.410156,4233.461426,4202.307617,4202.563965,4181.025879,4190.897461,4181.538574
4185.128418,4183.846191,4184.743652,4188.333496,4196.794922,4214.102539,4195.769043,4211.410156,4206.538574,4187.307617,4188.205078,4172.820313,4179.358886999999,4173.333496
4189.102539,4185.641113000001,4182.820313,4186.922852000001,4199.743652,4218.974121,4185.256348,4174.230957,4182.307617,4184.230957,4190.512695,4173.077147999999,4180.769043,4176.025879
4197.94873,4196.153809,4195.384765999999,4193.077147999999,4206.410156,4226.666504,4181.922852000001,4193.589844,4203.461426,4197.563965,4206.538574,4185.0,4190.256348,4184.871582
4195.256348,4193.974121,4195.512695,4194.487305,4203.461426,4219.487305,4188.974121,4212.179688,4206.282227000001,4197.307617,4203.974121,4186.025879,4186.666504,4179.871582
4186.666504,4180.0,4184.358886999999,4187.692383,4193.717772999999,4210.256348,4191.794922,4196.794922,4183.974121,4180.512695,4185.128418,4175.256348,4163.717772999999,4171.153809
4185.769043,4178.461426,4183.333496,4183.077147999999,4191.666504,4217.05127,4181.794922,4200.0,4191.666504,4176.025879,4179.102539,4175.512695,4150.384765999999,4173.333496
4195.384765999999,4191.153809,4192.563965,4190.897461,4206.025879,4231.153809,4180.128418,4225.384765999999,4220.641113000001,4193.589844,4193.077147999999,4186.922852000001,4168.717772999999,4178.846191
4206.666504,4200.384765999999,4200.769043,4206.153809,4216.282227000001,4230.384765999999,4187.563965,4228.717772999999,4233.589844,4213.717772999999,4206.666504,4193.461426,4192.05127,4184.230957
4205.0,4205.0,4201.282227000001,4212.05127,4211.922852000001,4217.436035,4188.974121,4217.563965,4234.743652,4218.461426,4205.384765999999,4190.641113000001,4195.256348,4186.410156
4192.692383,4204.615234000001,4191.410156,4202.563965,4211.666504,4211.538574,4188.333496,4218.589844,4228.333496,4207.692383,4195.641113000001,4181.794922,4183.974121,4176.922852000001
4190.512695,4201.922852000001,4189.743652,4200.897461,4222.692383,4224.615234000001,4194.743652,4221.922852000001,4224.102539,4207.307617,4196.153809,4184.102539,4182.563965,4173.589844
4191.025879,4195.512695,4190.641113000001,4203.077147999999,4220.128418,4248.717772999999,4210.897461,4218.461426,4220.897461,4209.230957,4196.538574,4190.128418,4184.230957,4173.589844
4184.615234000001,4188.205078,4182.436035,4192.820313,4205.641113000001,4248.846191,4215.769043,4210.256348,4201.922852000001,4193.717772999999,4186.922852000001,4183.974121,4179.743652,4165.0
4190.641113000001,4198.461426,4189.487305,4197.692383,4217.563965,4227.94873,4194.615234000001,4200.0,4193.205078,4194.102539,4194.615234000001,4189.230957,4190.641113000001,4171.538574
4199.487305,4208.461426,4200.128418,4212.436035,4237.820313,4223.077147999999,4170.897461,4186.153809,4196.922852000001,4206.666504,4206.025879,4200.512695,4201.666504,4183.846191
4193.589844,4197.05127,4188.974121,4206.025879,4233.077147999999,4229.871582,4171.922852000001,4184.230957,4194.615234000001,4198.205078,4196.666504,4190.897461,4195.128418,4177.179688
4188.589844,4191.666504,4183.717772999999,4195.641113000001,4220.384765999999,4221.410156,4185.384765999999,4200.512695,4201.282227000001,4193.846191,4195.512695,4187.179688,4194.743652,4174.102539
4186.410156,4195.128418,4190.512695,4193.077147999999,4215.897461,4205.769043,4188.589844,4209.102539,4213.717772999999,4204.230957,4203.717772999999,4198.846191,4198.589844,4180.256348
4185.512695,4191.922852000001,4190.769043,4191.282227000001,4223.589844,4212.563965,4191.025879,4214.743652,4220.897461,4209.615234000001,4201.538574,4196.794922,4196.666504,4177.307617
4192.563965,4197.94873,4191.025879,4198.077147999999,4234.230957,4232.563965,4195.641113000001,4229.743652,4234.230957,4217.94873,4205.128418,4187.563965,4205.128418,4176.666504
4192.05127,4206.538574,4189.743652,4203.717772999999,4228.974121,4237.563965,4197.94873,4241.153809,4246.410156,4228.974121,4209.358886999999,4184.615234000001,4209.743652,4180.384765999999
4178.333496,4200.641113000001,4178.077147999999,4196.410156,4226.922852000001,4229.358886999999,4199.102539,4236.410156,4236.666504,4222.436035,4195.128418,4172.563965,4195.384765999999,4173.077147999999
4166.794922,4188.974121,4165.0,4187.05127,4231.666504,4222.94873,4206.153809,4223.589844,4219.487305,4203.077147999999,4177.692383,4156.538574,4179.230957,4160.0
4169.615234000001,4189.358886999999,4166.282227000001,4185.512695,4225.512695,4229.358886999999,4215.897461,4229.487305,4216.282227000001,4196.153809,4174.358886999999,4159.102539,4175.128418,4156.153809
4183.717772999999,4196.794922,4177.179688,4187.436035,4225.641113000001,4238.333496,4214.102539,4230.128418,4210.384765999999,4197.692383,4179.615234000001,4176.538574,4180.0,4163.589844
4187.692383,4190.512695,4174.358886999999,4183.077147999999,4233.846191,4234.358886999999,4211.538574,4211.922852000001,4193.461426,4186.282227000001,4176.922852000001,4182.692383,4178.077147999999,4162.692383
4177.94873,4183.974121,4166.153809,4178.717772999999,4235.512695,4226.410156,4206.538574,4208.589844,4191.410156,4182.179688,4169.358886999999,4172.179688,4171.538574,4154.743652
4172.692383,4187.05127,4170.384765999999,4181.538574,4231.666504,4224.358886999999,4189.102539,4203.589844,4195.512695,4189.102539,4166.922852000001,4167.692383,4171.025879,4157.820313
4175.128418,4183.205078,4173.974121,4182.05127,4225.128418,4226.794922,4178.333496,4178.333496,4188.333496,4186.410156,4164.615234000001,4168.333496,4174.487305,4162.692383
4178.205078,4174.358886999999,4171.410156,4180.384765999999,4218.846191,4226.922852000001,4188.205078,4178.461426,4195.512695,4186.538574,4162.820313,4164.615234000001,4174.358886999999,4165.512695
4185.384765999999,4181.538574,4178.717772999999,4186.410156,4221.666504,4227.692383,4194.230957,4203.974121,4219.487305,4200.897461,4172.820313,4167.820313,4179.743652,4178.589844
4194.230957,4195.256348,4190.897461,4197.820313,4231.410156,4237.05127,4188.077147999999,4213.846191,4237.05127,4215.128418,4187.563965,4177.307617,4193.333496,4193.589844
4187.05127,4188.589844,4187.820313,4194.358886999999,4225.256348,4238.717772999999,4195.641113000001,4220.512695,4236.538574,4212.820313,4186.025879,4172.692383,4191.282227000001,4190.256348
4176.666504,4177.692383,4180.641113000001,4182.563965,4214.102539,4229.358886999999,4203.333496,4232.436035,4226.666504,4201.794922,4176.666504,4163.205078,4176.922852000001,4182.179688
4179.358886999999,4178.589844,4180.641113000001,4181.666504,4213.077147999999,4222.820313,4200.897461,4225.0,4221.666504,4194.358886999999,4174.871582,4162.692383,4168.461426,4183.717772999999
4179.230957,4177.820313,4175.384765999999,4179.358886999999,4205.512695,4218.333496,4210.0,4219.743652,4220.897461,4188.205078,4173.077147999999,4159.102539,4166.153809,4180.384765999999
4176.410156,4178.077147999999,4176.025879,4177.307617,4198.974121,4218.461426,4216.794922,4234.487305,4223.461426,4192.94873,4177.692383,4160.512695,4176.410156,4180.0
4180.0,4185.641113000001,4185.384765999999,4185.0,4207.692383,4223.589844,4198.974121,4224.487305,4220.0,4201.153809,4186.794922,4170.384765999999,4186.538574,4186.282227000001
4181.410156,4187.94873,4185.128418,4187.94873,4211.666504,4223.846191,4185.512695,4183.461426,4201.025879,4193.717772999999,4186.410156,4168.589844,4181.922852000001,4187.179688
4179.358886999999,4180.384765999999,4179.871582,4182.179688,4204.230957,4219.871582,4197.692383,4180.0,4188.205078,4181.794922,4183.461426,4158.461426,4175.0,4185.641113000001
4176.282227000001,4172.436035,4175.512695,4176.153809,4202.94873,4216.538574,4201.922852000001,4210.769043,4195.0,4178.589844,4180.256348,4153.717772999999,4169.743652,4180.641113000001
4178.205078,4174.230957,4173.846191,4177.820313,4206.153809,4214.487305,4186.666504,4205.0,4199.487305,4180.512695,4180.128418,4156.282227000001,4167.563965,4177.179688
4190.128418,4186.410156,4184.743652,4184.871582,4204.230957,4211.153809,4171.794922,4179.743652,4202.307617,4192.692383,4192.436035,4165.769043,4182.436035,4187.563965
4196.666504,4192.94873,4192.94873,4189.743652,4202.820313,4204.487305,4170.769043,4183.205078,4214.102539,4203.589844,4201.025879,4169.230957,4189.871582,4198.846191
4189.102539,4187.05127,4185.128418,4191.025879,4202.307617,4206.410156,4190.0,4204.102539,4220.256348,4198.974121,4193.717772999999,4161.025879,4173.205078,4192.05127
4182.436035,4179.743652,4178.589844,4190.128418,4198.461426,4216.538574,4201.153809,4217.179688,4214.615234000001,4194.230957,4186.922852000001,4158.333496,4163.589844,4181.282227000001
4184.615234000001,4184.615234000001,4183.974121,4189.871582,4200.769043,4221.282227000001,4198.333496,4219.487305,4215.0,4198.205078,4191.794922,4162.692383,4176.153809,4186.410156
4191.282227000001,4194.871582,4188.717772999999,4193.589844,4213.333496,4220.769043,4201.410156,4214.230957,4220.128418,4203.333496,4201.282227000001,4165.641113000001,4186.666504,4197.307617
4193.077147999999,4192.05127,4187.05127,4195.128418,4213.974121,4217.307617,4206.153809,4211.538574,4213.846191,4199.102539,4201.153809,4170.256348,4181.025879,4195.769043
4187.436035,4185.641113000001,4187.05127,4194.358886999999,4202.563965,4214.487305,4207.692383,4212.179688,4204.871582,4191.410156,4194.487305,4172.820313,4177.179688,4186.794922
4183.461426,4189.102539,4189.102539,4195.769043,4207.307617,4220.128418,4201.666504,4196.922852000001,4200.641113000001,4191.410156,4196.153809,4170.128418,4181.025879,4183.974121
4186.794922,4193.461426,4189.230957,4197.820313,4221.410156,4225.897461,4195.128418,4194.230957,4199.871582,4194.487305,4200.128418,4173.974121,4182.820313,4186.282227000001
4186.794922,4188.974121,4186.410156,4192.692383,4210.897461,4213.589844,4200.512695,4216.538574,4208.333496,4193.717772999999,4198.589844,4180.128418,4181.410156,4185.0
4181.794922,4180.128418,4180.0,4182.05127,4185.641113000001,4197.179688,4200.769043,4206.666504,4213.333496,4191.922852000001,4195.641113000001,4176.025879,4178.974121,4178.205078
4184.615234000001,4180.0,4179.871582,4182.05127,4188.333496,4206.025879,4196.282227000001,4177.436035,4209.230957,4199.230957,4198.333496,4173.717772999999,4182.307617,4177.436035
4187.692383,4184.230957,4183.205078,4188.333496,4209.102539,4219.358886999999,4204.487305,4183.333496,4208.333496,4203.717772999999,4200.512695,4179.230957,4186.794922,4181.794922
4186.282227000001,4187.563965,4183.205078,4189.230957,4212.307617,4211.666504,4206.922852000001,4199.102539,4213.589844,4201.153809,4202.436035,4180.0,4189.615234000001,4184.871582
4186.538574,4191.922852000001,4183.205078,4189.743652,4201.922852000001,4205.641113000001,4196.794922,4200.641113000001,4216.153809,4201.282227000001,4206.410156,4176.922852000001,4190.897461,4189.102539
4188.589844,4193.077147999999,4185.256348,4190.769043,4199.743652,4210.512695,4197.94873,4212.05127,4215.769043,4201.153809,4202.436035,4179.102539,4186.410156,4193.717772999999
4192.307617,4193.461426,4188.974121,4193.077147999999,4208.589844,4212.436035,4205.512695,4223.205078,4215.256348,4205.641113000001,4201.666504,4182.820313,4188.461426,4195.641113000001
4195.384765999999,4195.128418,4192.436035,4198.333496,4205.769043,4202.05127,4198.589844,4218.974121,4212.436035,4210.512695,4208.461426,4181.025879,4197.94873,4197.05127
4196.282227000001,4193.589844,4193.461426,4198.333496,4193.333496,4192.820313,4192.307617,4218.461426,4210.641113000001,4203.846191,4207.820313,4176.666504,4199.615234000001,4195.128418
4194.871582,4193.846191,4190.641113000001,4194.102539,4201.282227000001,4206.025879,4190.384765999999,4211.666504,4206.153809,4193.461426,4198.846191,4172.436035,4192.179688,4187.820313
4189.615234000001,4191.666504,4185.384765999999,4191.794922,4209.615234000001,4212.563965,4175.897461,4187.563965,4191.922852000001,4186.922852000001,4189.743652,4170.512695,4185.0,4182.820313
4183.589844,4184.743652,4180.897461,4189.871582,4192.05127,4194.230957,4174.102539,4182.307617,4189.487305,4182.692383,4187.436035,4171.282227000001,4183.205078,4185.512695
4185.0,4184.615234000001,4181.794922,4189.230957,4177.436035,4190.256348,4193.077147999999,4201.153809,4205.641113000001,4191.153809,4192.436035,4174.615234000001,4188.974121,4190.512695
4187.820313,4185.384765999999,4183.717772999999,4190.128418,4182.820313,4203.974121,4210.0,4214.615234000001,4215.256348,4204.230957,4197.307617,4180.256348,4194.871582,4191.794922
4179.743652,4176.794922,4176.282227000001,4185.769043,4188.205078,4207.820313,4222.692383,4215.897461,4207.179688,4197.692383,4192.179688,4176.922852000001,4187.692383,4186.282227000001
4171.538574,4173.461426,4168.205078,4179.615234000001,4185.512695,4208.077147999999,4216.538574,4213.717772999999,4201.153809,4186.282227000001,4186.538574,4165.641113000001,4178.077147999999,4178.846191
4182.692383,4188.333496,4181.666504,4188.974121,4191.538574,4213.077147999999,4193.974121,4219.102539,4214.871582,4202.307617,4200.897461,4173.589844,4192.94873,4187.692383
4195.512695,4200.512695,4197.179688,4202.692383,4204.230957,4208.205078,4188.333496,4215.897461,4219.230957,4218.077147999999,4216.025879,4187.94873,4209.102539,4199.230957
4190.0,4193.589844,4190.897461,4198.461426,4204.230957,4197.563965,4192.05127,4197.692383,4201.282227000001,4206.794922,4208.461426,4184.615234000001,4196.538574,4193.077147999999
4186.410156,4190.384765999999,4188.846191,4193.205078,4196.666504,4199.230957,4188.205078,4197.563965,4200.897461,4206.538574,4203.717772999999,4183.205078,4191.153809,4192.05127
4191.025879,4194.743652,4197.692383,4194.230957,4193.461426,4203.717772999999,4193.717772999999,4215.384765999999,4220.384765999999,4222.307617,4213.846191,4188.974121,4204.487305,4201.794922
4188.077147999999,4191.282227000001,4189.743652,4190.769043,4195.256348,4205.384765999999,4201.794922,4220.128418,4223.717772999999,4220.256348,4213.205078,4185.256348,4203.333496,4196.794922
4189.358886999999,4191.794922,4184.743652,4192.820313,4199.871582,4208.846191,4194.358886999999,4226.410156,4225.256348,4215.512695,4211.794922,4183.974121,4203.205078,4191.538574
4203.205078,4204.358886999999,4200.0,4204.230957,4205.641113000001,4208.974121,4191.538574,4228.974121,4228.846191,4224.871582,4225.128418,4196.922852000001,4218.974121,4206.282227000001
4212.05127,4214.615234000001,4208.717772999999,4213.205078,4211.794922,4209.615234000001,4200.769043,4207.179688,4220.897461,4227.179688,4231.410156,4204.615234000001,4224.615234000001,4215.256348
4203.461426,4203.333496,4199.487305,4207.820313,4210.897461,4209.102539,4207.179688,4200.641113000001,4216.794922,4216.025879,4219.871582,4200.0,4209.358886999999,4203.461426
4191.282227000001,4183.333496,4194.358886999999,4194.743652,4198.077147999999,4207.307617,4211.922852000001,4227.05127,4219.871582,4207.563965,4210.384765999999,4195.384765999999,4198.333496,4193.077147999999
4191.794922,4183.974121,4201.410156,4191.153809,4195.512695,4207.692383,4208.589844,4239.358886999999,4220.769043,4209.871582,4215.769043,4195.0,4201.025879,4193.846191
4195.256348,4192.179688,4202.05127,4194.230957,4200.641113000001,4201.922852000001,4199.358886999999,4218.717772999999,4212.692383,4210.769043,4217.307617,4197.05127,4200.512695,4193.205078
4196.538574,4194.230957,4199.615234000001,4199.615234000001,4199.230957,4192.436035,4202.307617,4213.333496,4216.794922,4216.666504,4217.436035,4202.563965,4201.153809,4197.692383
4199.102539,4195.384765999999,4201.794922,4203.589844,4199.358886999999,4197.179688,4211.538574,4236.153809,4242.692383,4230.0,4223.974121,4207.563965,4210.641113000001,4207.94873
4197.05127,4195.512695,4201.922852000001,4201.666504,4204.230957,4208.974121,4205.0,4241.025879,4244.487305,4224.871582,4219.102539,4206.282227000001,4208.974121,4206.538574
4194.487305,4194.358886999999,4200.897461,4200.0,4210.256348,4209.615234000001,4196.153809,4221.025879,4218.205078,4207.307617,4207.179688,4203.461426,4196.153809,4201.538574
4197.820313,4190.384765999999,4197.692383,4200.0,4210.769043,4210.256348,4201.666504,4209.230957,4209.743652,4203.333496,4204.615234000001,4197.563965,4193.974121,4198.974121
4204.871582,4190.512695,4200.897461,4202.94873,4209.230957,4213.717772999999,4199.615234000001,4213.589844,4222.05127,4214.358886999999,4211.666504,4194.358886999999,4202.820313,4198.717772999999
4212.563965,4200.0,4213.205078,4211.666504,4211.153809,4205.0,4181.153809,4217.563965,4228.077147999999,4225.769043,4217.563965,4199.487305,4210.256348,4203.077147999999
4212.563965,4205.128418,4216.025879,4214.102539,4213.205078,4194.871582,4179.615234000001,4220.512695,4230.0,4224.487305,4216.794922,4200.128418,4209.358886999999,4205.769043
4202.179688,4196.538574,4204.615234000001,4205.769043,4210.897461,4206.922852000001,4200.641113000001,4224.230957,4229.615234000001,4215.641113000001,4212.179688,4194.615234000001,4203.717772999999,4203.589844
4193.205078,4185.0,4196.153809,4196.538574,4197.179688,4214.871582,4206.153809,4229.871582,4226.666504,4211.282227000001,4208.974121,4192.179688,4197.692383,4202.692383
4193.077147999999,4178.717772999999,4199.230957,4192.436035,4187.05127,4198.974121,4206.666504,4238.461426,4229.871582,4215.0,4206.282227000001,4192.820313,4191.922852000001,4201.922852000001
4197.436035,4181.025879,4205.512695,4195.128418,4194.743652,4195.769043,4218.846191,4237.05127,4228.589844,4217.05127,4205.769043,4193.077147999999,4192.436035,4201.666504
4198.589844,4188.589844,4205.641113000001,4201.025879,4205.897461,4206.794922,4208.461426,4229.615234000001,4223.077147999999,4216.538574,4211.794922,4194.743652,4199.358886999999,4206.025879
4202.436035,4195.897461,4208.846191,4207.179688,4210.384765999999,4209.358886999999,4196.666504,4239.102539,4232.436035,4223.333496,4221.282227000001,4200.384765999999,4211.025879,4214.743652
4206.410156,4197.692383,4215.769043,4211.794922,4213.717772999999,4204.102539,4202.05127,4227.307617,4228.461426,4223.333496,4219.358886999999,4202.307617,4212.05127,4218.589844
4205.512695,4199.230957,4215.256348,4213.077147999999,4220.512695,4203.846191,4195.512695,4189.615234000001,4208.333496,4213.846191,4207.820313,4199.487305,4201.794922,4215.769043
4208.846191,4206.666504,4215.897461,4216.410156,4222.820313,4215.256348,4195.769043,4198.077147999999,4217.307617,4221.922852000001,4211.794922,4204.487305,4208.077147999999,4217.820313
4211.282227000001,4205.0,4215.384765999999,4214.743652,4214.487305,4216.922852000001,4208.846191,4230.897461,4240.512695,4236.666504,4222.94873,4209.230957,4223.461426,4222.436035
4209.102539,4200.0,4211.922852000001,4209.230957,4212.436035,4206.153809,4201.410156,4237.94873,4250.641113000001,4242.307617,4225.384765999999,4207.692383,4228.077147999999,4226.282227000001
4205.641113000001,4199.102539,4210.128418,4206.153809,4215.256348,4202.179688,4186.025879,4234.487305,4244.743652,4240.0,4218.333496,4203.974121,4217.436035,4222.563965
4200.641113000001,4189.358886999999,4205.769043,4202.307617,4209.615234000001,4208.333496,4194.743652,4230.512695,4228.205078,4227.179688,4207.820313,4199.871582,4202.307617,4207.94873
4196.025879,4178.205078,4203.589844,4198.589844,4205.384765999999,4207.94873,4212.820313,4225.512695,4221.153809,4216.666504,4206.025879,4201.153809,4200.0,4203.461426
4191.794922,4177.307617,4203.461426,4197.563965,4204.230957,4201.410156,4215.512695,4223.974121,4223.461426,4210.0,4202.820313,4202.05127,4200.512695,4208.077147999999
4187.692383,4178.077147999999,4195.897461,4197.05127,4201.410156,4202.436035,4217.436035,4225.0,4218.846191,4200.384765999999,4189.358886999999,4192.05127,4192.94873,4205.0
4195.128418,4180.256348,4194.487305,4200.256348,4209.487305,4204.358886999999,4217.179688,4227.820313,4218.077147999999,4204.102539,4187.05127,4188.717772999999,4196.153809,4206.025879
4211.794922,4192.94873,4206.922852000001,4208.205078,4223.077147999999,4202.307617,4198.717772999999,4223.974121,4225.512695,4219.743652,4199.487305,4201.666504,4211.282227000001,4218.846191
4217.94873,4205.128418,4212.436035,4213.589844,4226.538574,4202.692383,4180.897461,4208.205078,4225.0,4224.743652,4202.692383,4205.128418,4215.384765999999,4225.512695
4215.128418,4205.128418,4210.384765999999,4215.384765999999,4221.282227000001,4203.717772999999,4186.922852000001,4206.282227000001,4223.077147999999,4221.410156,4196.282227000001,4197.94873,4209.615234000001,4221.538574
4213.205078,4200.128418,4211.025879,4215.256348,4218.589844,4203.077147999999,4191.410156,4209.358886999999,4219.615234000001,4215.0,4191.153809,4192.179688,4205.128418,4214.487305
4213.077147999999,4200.512695,4206.153809,4211.153809,4219.487305,4201.922852000001,4171.794922,4197.692383,4212.179688,4207.436035,4188.589844,4184.230957,4202.94873,4213.461426
4211.776367,4197.893555,4204.981445,4208.791015999999,4215.402832,4205.165039,4179.047852000001,4201.39209,4213.553223,4207.362793,4189.926758,4182.930176,4201.593261999999,4213.205078
4210.476074,4195.274902,4203.80957,4206.428711,4211.318848,4208.406738000001,4186.300293,4205.091797,4214.926758,4207.289551,4191.263672,4181.629883,4200.238281,4212.94873
4209.175781,4192.655761999999,4202.637207,4204.065918,4207.234375,4211.648438,4193.553223,4208.791015999999,4216.300293,4207.216309,4192.600586,4180.32959,4198.882813,4212.692383
4207.875488000001,4190.036621,4201.465332,4201.703125,4203.150390999999,4214.890136999999,4200.805664,4212.490723,4217.673828,4207.143066,4193.9375,4179.029297,4197.527344,4212.436035
4206.575195,4187.41748,4200.292969,4199.34082,4199.065918,4218.131836,4208.058594,4216.19043,4219.047852000001,4207.069824,4195.274902,4177.729004,4196.172363000001,4212.179688
4205.274902,4184.79834,4199.121094,4196.978027,4194.981445,4221.373535,4215.311522999999,4219.890136999999,4220.421386999999,4206.996094,4196.611816,4176.428711,4194.816895,4211.922852000001
4203.974121,4182.179688,4197.94873,4194.615234000001,4190.897461,4224.615234000001,4222.563965,4223.589844,4221.794922,4206.922852000001,4197.94873,4175.128418,4193.461426,4211.666504
4226.922852000001,4204.102539,4220.128418,4215.512695,4213.077147999999,4230.641113000001,4216.922852000001,4210.128418,4233.205078,4227.307617,4217.436035,4192.307617,4216.025879,4236.666504
4231.538574,4213.846191,4226.922852000001,4228.077147999999,4217.692383,4224.871582,4199.230957,4204.487305,4230.384765999999,4230.641113000001,4226.282227000001,4195.897461,4223.461426,4244.871582
4223.205078,4209.487305,4217.179688,4225.512695,4217.692383,4219.230957,4192.307617,4199.487305,4215.512695,4214.615234000001,4221.410156,4187.179688,4217.307617,4231.922852000001
4229.871582,4213.846191,4221.282227000001,4226.153809,4226.282227000001,4222.05127,4200.512695,4203.333496,4222.307617,4217.820313,4222.820313,4190.641113000001,4219.871582,4232.05127
4235.128418,4219.230957,4226.666504,4228.589844,4227.179688,4223.333496,4209.487305,4218.846191,4238.205078,4219.743652,4225.256348,4194.487305,4220.128418,4239.102539
4222.820313,4207.94873,4214.871582,4220.769043,4220.128418,4218.333496,4213.077147999999,4226.282227000001,4233.333496,4206.666504,4215.512695,4186.410156,4207.436035,4226.922852000001
4213.205078,4190.769043,4202.436035,4210.641113000001,4215.128418,4212.692383,4210.897461,4231.153809,4223.974121,4208.461426,4204.102539,4182.307617,4194.743652,4212.436035
4218.205078,4192.05127,4206.153809,4210.384765999999,4216.025879,4218.717772999999,4211.410156,4245.256348,4231.538574,4214.743652,4206.025879,4186.153809,4200.0,4216.282227000001
4211.794922,4193.461426,4205.0,4206.025879,4216.538574,4230.897461,4215.0,4238.974121,4226.410156,4197.05127,4203.205078,4179.358886999999,4202.05127,4214.358886999999
4199.358886999999,4186.538574,4196.794922,4200.128418,4214.487305,4230.641113000001,4216.025879,4219.743652,4213.205078,4193.077147999999,4198.461426,4173.077147999999,4193.974121,4208.333496
4212.563965,4194.871582,4207.436035,4210.0,4214.487305,4226.153809,4214.102539,4216.922852000001,4227.05127,4221.922852000001,4217.563965,4188.589844,4207.05127,4225.512695
4234.743652,4208.333496,4225.512695,4222.05127,4217.307617,4228.589844,4209.358886999999,4223.589844,4247.436035,4240.897461,4238.205078,4206.666504,4231.153809,4244.743652
4233.717772999999,4205.769043,4226.153809,4223.717772999999,4216.538574,4231.794922,4213.589844,4232.563965,4245.0,4235.512695,4235.512695,4207.05127,4228.461426,4238.846191
4226.025879,4202.94873,4221.025879,4225.0,4214.743652,4227.307617,4215.897461,4229.743652,4231.922852000001,4221.666504,4226.922852000001,4202.436035,4214.102539,4230.0
4240.897461,4217.563965,4231.666504,4232.179688,4221.025879,4223.333496,4205.256348,4203.333496,4222.179688,4216.153809,4232.179688,4210.0,4223.205078,4242.179688
4247.179688,4219.358886999999,4236.025879,4230.128418,4221.666504,4228.589844,4215.0,4185.897461,4211.538574,4217.179688,4234.487305,4214.358886999999,4225.128418,4247.563965
4228.974121,4200.0,4220.769043,4218.589844,4210.256348,4224.743652,4228.974121,4209.230957,4213.846191,4212.820313,4221.153809,4204.487305,4202.436035,4231.922852000001
4222.563965,4200.384765999999,4214.102539,4217.436035,4210.641113000001,4214.743652,4216.794922,4236.153809,4232.692383,4216.410156,4217.563965,4195.384765999999,4199.615234000001,4230.256348
4222.179688,4214.743652,4215.0,4221.666504,4226.922852000001,4222.436035,4194.615234000001,4216.538574,4233.333496,4226.282227000001,4225.0,4193.461426,4215.769043,4239.102539
4212.692383,4216.153809,4209.615234000001,4221.153809,4234.615234000001,4234.358886999999,4186.538574,4192.692383,4223.589844,4226.538574,4222.820313,4194.230957,4215.769043,4235.128418
4215.512695,4214.743652,4212.820313,4223.717772999999,4227.179688,4226.025879,4200.0,4214.871582,4238.205078,4233.589844,4223.461426,4201.410156,4216.794922,4235.512695
4228.077147999999,4216.538574,4222.692383,4226.153809,4214.615234000001,4213.846191,4217.05127,4243.077147999999,4253.205078,4248.205078,4237.179688,4214.615234000001,4230.256348,4248.461426
4228.333496,4211.538574,4224.487305,4224.230957,4211.025879,4218.461426,4221.922852000001,4232.692383,4239.230957,4245.897461,4241.794922,4217.436035,4230.512695,4250.897461
4226.282227000001,4206.025879,4224.487305,4224.358886999999,4215.769043,4216.153809,4213.589844,4207.436035,4218.589844,4231.922852000001,4233.205078,4207.436035,4223.205078,4243.846191
4227.563965,4203.846191,4230.384765999999,4225.769043,4209.102539,4203.974121,4209.358886999999,4203.077147999999,4212.436035,4225.641113000001,4227.563965,4201.666504,4224.102539,4243.205078
4227.692383,4203.974121,4235.769043,4227.436035,4200.769043,4204.102539,4210.512695,4214.230957,4216.410156,4232.307617,4231.282227000001,4206.410156,4227.94873,4243.974121
4230.641113000001,4203.589844,4232.436035,4226.153809,4200.897461,4201.153809,4201.153809,4217.692383,4221.410156,4235.769043,4233.589844,4212.820313,4227.563965,4242.94873
4227.94873,4189.487305,4223.077147999999,4216.410156,4201.410156,4195.0,4202.820313,4217.05127,4227.436035,4228.333496,4225.897461,4211.410156,4217.179688,4239.615234000001
4210.128418,4170.128418,4207.436035,4203.077147999999,4197.563965,4211.410156,4213.589844,4220.128418,4234.487305,4220.384765999999,4210.641113000001,4198.846191,4197.820313,4228.205078
4188.589844,4159.871582,4182.820313,4191.538574,4194.102539,4228.077147999999,4197.05127,4208.589844,4231.025879,4214.871582,4194.487305,4181.794922,4182.692383,4209.102539
4183.846191,4158.974121,4170.512695,4188.205078,4197.820313,4219.487305,4178.461426,4193.461426,4226.410156,4214.615234000001,4193.205078,4174.871582,4183.846191,4196.666504
4192.563965,4162.179688,4183.205078,4193.333496,4197.94873,4210.897461,4208.846191,4206.794922,4230.769043,4219.358886999999,4201.025879,4175.897461,4189.230957,4198.333496
4200.384765999999,4166.538574,4197.307617,4199.358886999999,4197.820313,4223.461426,4238.974121,4224.102539,4230.0,4223.589844,4203.717772999999,4178.461426,4190.512695,4205.512695
4212.307617,4173.846191,4204.102539,4207.563965,4204.102539,4228.846191,4215.128418,4219.871582,4225.512695,4228.974121,4211.922852000001,4188.589844,4199.102539,4217.307617
4235.384765999999,4189.487305,4221.153809,4219.358886999999,4203.333496,4210.0,4194.487305,4219.615234000001,4230.256348,4242.94873,4232.820313,4208.589844,4218.589844,4236.410156
4253.589844,4205.256348,4242.05127,4231.922852000001,4200.256348,4198.589844,4209.487305,4227.820313,4233.333496,4255.897461,4248.077147999999,4225.128418,4233.974121,4251.153809
4248.461426,4199.871582,4240.384765999999,4230.769043,4202.179688,4199.743652,4210.769043,4221.666504,4221.666504,4246.794922,4243.717772999999,4225.0,4225.128418,4248.077147999999
4235.769043,4184.743652,4228.589844,4219.358886999999,4195.512695,4191.282227000001,4195.128418,4215.0,4216.153809,4234.487305,4242.179688,4222.05127,4215.128418,4243.333496
4235.512695,4186.794922,4227.94873,4220.641113000001,4190.641113000001,4184.230957,4193.974121,4219.358886999999,4224.743652,4245.0,4250.512695,4224.358886999999,4228.461426,4255.256348
4240.384765999999,4194.102539,4228.974121,4227.692383,4200.641113000001,4194.358886999999,4200.769043,4212.436035,4225.641113000001,4253.333496,4250.641113000001,4223.077147999999,4236.922852000001,4261.794922
4234.871582,4187.05127,4222.563965,4220.641113000001,4205.897461,4210.512695,4213.461426,4211.922852000001,4224.358886999999,4241.025879,4241.538574,4213.589844,4222.820313,4248.846191
4217.563965,4173.717772999999,4210.0,4205.256348,4201.794922,4224.230957,4227.692383,4222.05127,4223.846191,4226.282227000001,4230.512695,4199.615234000001,4203.333496,4230.897461
4210.512695,4171.025879,4204.743652,4203.333496,4211.410156,4233.717772999999,4220.0,4218.846191,4226.538574,4230.512695,4230.0,4199.230957,4201.025879,4228.589844
4218.461426,4175.897461,4212.307617,4212.563965,4220.384765999999,4230.128418,4210.512695,4222.05127,4244.871582,4251.538574,4241.666504,4210.0,4214.487305,4237.692383
4211.794922,4164.615234000001,4206.666504,4205.769043,4206.282227000001,4216.538574,4222.692383,4234.102539,4244.230957,4246.538574,4234.871582,4202.820313,4205.641113000001,4230.0
4198.589844,4150.512695,4191.922852000001,4193.589844,4202.692383,4213.205078,4223.974121,4226.410156,4218.077147999999,4215.384765999999,4209.487305,4189.487305,4178.589844,4211.025879
4209.230957,4161.153809,4199.487305,4202.307617,4217.563965,4215.512695,4206.922852000001,4217.563965,4216.666504,4216.410156,4210.384765999999,4198.717772999999,4181.666504,4214.615234000001
4219.871582,4170.512695,4211.538574,4215.769043,4213.846191,4206.794922,4204.487305,4225.0,4233.077147999999,4240.769043,4228.717772999999,4208.846191,4204.358886999999,4232.94873
4211.153809,4163.717772999999,4206.153809,4214.871582,4203.077147999999,4201.794922,4213.333496,4231.794922,4230.512695,4238.461426,4225.0,4200.256348,4200.641113000001,4232.05127
4209.102539,4162.692383,4204.615234000001,4211.025879,4203.974121,4205.897461,4214.102539,4230.256348,4225.256348,4228.974121,4214.102539,4194.743652,4187.563965,4222.05127
4220.897461,4167.820313,4213.717772999999,4211.153809,4196.025879,4205.128418,4213.589844,4221.538574,4227.563965,4236.282227000001,4220.512695,4198.333496,4195.512695,4226.666504
4224.230957,4165.769043,4215.897461,4211.922852000001,4186.153809,4199.102539,4206.666504,4216.538574,4226.794922,4239.358886999999,4233.205078,4207.179688,4209.230957,4238.974121
4219.358886999999,4164.743652,4215.256348,4214.358886999999,4199.358886999999,4203.205078,4199.358886999999,4220.897461,4227.94873,4236.282227000001,4236.153809,4219.871582,4213.205078,4245.512695
4220.256348,4167.820313,4221.794922,4216.282227000001,4214.871582,4214.743652,4213.846191,4227.820313,4231.410156,4237.94873,4232.94873,4222.05127,4211.794922,4243.205078
4214.743652,4158.974121,4217.563965,4210.384765999999,4204.487305,4209.615234000001,4223.461426,4224.487305,4219.615234000001,4229.487305,4222.692383,4210.769043,4199.358886999999,4230.0
4199.358886999999,4143.589844,4201.922852000001,4201.410156,4188.205078,4196.794922,4215.897461,4227.692383,4208.717772999999,4214.487305,4209.743652,4199.743652,4179.102539,4213.077147999999
4194.230957,4138.461426,4198.461426,4200.0,4189.743652,4199.743652,4219.615234000001,4251.153809,4222.94873,4217.563965,4211.282227000001,4197.179688,4176.922852000001,4210.128418
4199.358886999999,4143.846191,4202.692383,4201.025879,4192.563965,4205.897461,4225.641113000001,4245.641113000001,4227.820313,4225.256348,4217.307617,4198.846191,4189.487305,4217.179688
4206.025879,4154.102539,4204.615234000001,4205.256348,4193.333496,4202.307617,4220.512695,4210.512695,4214.230957,4227.692383,4217.05127,4201.538574,4197.179688,4227.179688
4211.025879,4156.922852000001,4206.922852000001,4212.563965,4200.256348,4199.358886999999,4217.05127,4205.384765999999,4222.436035,4237.692383,4219.102539,4203.589844,4197.94873,4232.179688
4207.820313,4151.922852000001,4205.0,4212.05127,4202.692383,4204.487305,4215.128418,4233.205078,4246.153809,4247.94873,4222.179688,4205.897461,4196.666504,4225.897461
4203.077147999999,4150.128418,4203.461426,4209.871582,4199.743652,4213.333496,4211.410156,4246.538574,4250.128418,4246.794922,4218.589844,4205.128418,4193.717772999999,4219.743652
4203.077147999999,4148.333496,4201.410156,4209.230957,4197.307617,4210.769043,4207.436035,4227.820313,4230.256348,4231.666504,4207.436035,4194.358886999999,4182.563965,4212.05127
4204.743652,4147.820313,4194.743652,4207.563965,4201.282227000001,4203.205078,4202.307617,4208.333496,4215.897461,4220.897461,4201.025879,4189.871582,4178.077147999999,4205.897461
4202.563965,4147.820313,4191.410156,4203.205078,4204.230957,4213.974121,4213.717772999999,4207.05127,4218.846191,4222.94873,4203.333496,4201.794922,4185.384765999999,4209.743652
4195.641113000001,4139.487305,4190.128418,4196.922852000001,4195.0,4220.384765999999,4229.230957,4215.897461,4220.897461,4221.282227000001,4203.333496,4205.897461,4185.0,4209.487305
4195.512695,4138.077147999999,4192.436035,4199.358886999999,4189.871582,4201.794922,4221.282227000001,4228.077147999999,4216.922852000001,4219.487305,4202.307617,4204.743652,4184.358886999999,4207.563965
4203.589844,4143.461426,4199.358886999999,4205.769043,4190.128418,4188.589844,4209.871582,4230.256348,4213.077147999999,4223.077147999999,4201.410156,4211.666504,4188.077147999999,4212.563965
4206.794922,4138.077147999999,4204.102539,4206.538574,4182.820313,4196.538574,4220.897461,4229.615234000001,4211.922852000001,4216.025879,4196.922852000001,4212.436035,4187.307617,4215.256348
4206.282227000001,4131.410156,4202.179688,4205.0,4177.563965,4194.615234000001,4227.94873,4238.717772999999,4211.666504,4200.897461,4188.589844,4205.128418,4182.436035,4215.769043
4204.102539,4132.307617,4196.538574,4203.846191,4181.410156,4182.307617,4213.974121,4225.769043,4205.512695,4197.307617,4183.589844,4200.769043,4178.589844,4217.563965
4200.897461,4135.384765999999,4194.230957,4206.153809,4188.589844,4189.743652,4212.820313,4209.487305,4209.358886999999,4211.025879,4188.717772999999,4200.512695,4182.563965,4217.436035
4204.487305,4135.256348,4194.358886999999,4208.077147999999,4187.692383,4201.538574,4223.205078,4228.589844,4228.333496,4226.153809,4190.769043,4199.615234000001,4188.846191,4215.769043
4209.102539,4133.589844,4194.102539,4201.794922,4182.307617,4202.563965,4214.102539,4241.666504,4238.717772999999,4228.846191,4184.615234000001,4196.666504,4185.769043,4215.512695
4203.717772999999,4134.230957,4191.922852000001,4193.974121,4183.333496,4207.05127,4204.102539,4227.94873,4233.333496,4226.282227000001,4181.025879,4189.615234000001,4180.256348,4211.794922
4198.974121,4128.589844,4185.641113000001,4190.897461,4180.0,4212.94873,4212.179688,4223.333496,4222.436035,4220.384765999999,4177.179688,4182.563965,4174.487305,4204.615234000001
4207.563965,4121.794922,4187.307617,4191.666504,4174.358886999999,4212.436035,4218.205078,4225.384765999999,4210.897461,4214.230957,4178.205078,4185.128418,4175.128418,4210.769043
4218.077147999999,4131.410156,4200.256348,4198.846191,4173.333496,4195.641113000001,4206.282227000001,4213.717772999999,4199.871582,4212.05127,4191.666504,4193.717772999999,4187.563965,4228.205078
4223.974121,4146.282227000001,4211.153809,4207.436035,4168.717772999999,4177.307617,4200.769043,4207.307617,4193.333496,4205.512695,4198.974121,4205.769043,4191.282227000001,4237.05127
4226.666504,4148.717772999999,4214.487305,4215.128418,4167.05127,4185.512695,4210.769043,4205.897461,4187.307617,4193.461426,4191.153809,4211.282227000001,4177.179688,4232.692383
4226.153809,4150.641113000001,4216.794922,4223.846191,4176.025879,4191.410156,4206.538574,4207.563965,4187.563965,4193.077147999999,4192.179688,4206.282227000001,4171.410156,4229.615234000001
4225.0,4158.077147999999,4218.077147999999,4225.769043,4178.333496,4175.897461,4199.871582,4223.077147999999,4205.128418,4211.666504,4203.333496,4201.410156,4177.692383,4232.05127
4223.461426,4151.538574,4211.666504,4215.0,4170.128418,4178.589844,4219.743652,4227.05127,4220.769043,4221.922852000001,4203.717772999999,4197.94873,4170.769043,4227.307617
4220.769043,4138.461426,4202.692383,4207.94873,4169.102539,4202.05127,4237.563965,4225.0,4227.692383,4217.820313,4200.769043,4196.794922,4162.820313,4220.384765999999
4216.794922,4136.794922,4199.615234000001,4210.641113000001,4172.436035,4212.94873,4232.179688,4253.205078,4246.282227000001,4223.205078,4206.666504,4199.487305,4170.384765999999,4218.333496
4207.692383,4129.743652,4191.025879,4203.589844,4170.256348,4210.641113000001,4226.538574,4273.974121,4255.641113000001,4223.846191,4202.307617,4195.256348,4167.94873,4208.846191
4200.128418,4122.692383,4180.641113000001,4199.102539,4172.05127,4214.102539,4232.563965,4255.128418,4238.846191,4213.974121,4190.769043,4183.974121,4158.333496,4198.077147999999
4205.769043,4133.589844,4187.820313,4212.692383,4179.743652,4217.436035,4230.256348,4229.871582,4222.436035,4213.077147999999,4194.743652,4184.102539,4163.589844,4205.512695
4216.666504,4143.461426,4198.717772999999,4220.641113000001,4180.897461,4208.461426,4222.436035,4212.307617,4209.487305,4209.102539,4197.692383,4194.102539,4166.538574,4215.0
4223.461426,4144.230957,4200.0,4215.769043,4175.512695,4199.615234000001,4219.871582,4198.589844,4193.077147999999,4195.897461,4193.589844,4197.05127,4162.94873,4215.384765999999
4227.692383,4146.538574,4204.743652,4214.487305,4172.179688,4197.307617,4213.205078,4203.717772999999,4186.025879,4194.358886999999,4201.666504,4197.307617,4173.205078,4224.230957
4233.333496,4150.769043,4217.563965,4225.897461,4175.512695,4193.205078,4206.922852000001,4204.102539,4178.974121,4200.512695,4212.820313,4204.615234000001,4186.794922,4237.820313
4241.410156,4155.0,4223.846191,4236.153809,4180.256348,4182.692383,4200.897461,4180.897461,4168.205078,4200.384765999999,4214.102539,4213.717772999999,4190.897461,4242.307617
4243.717772999999,4155.641113000001,4222.179688,4230.641113000001,4178.461426,4177.436035,4193.077147999999,4187.820313,4180.0,4205.256348,4219.743652,4215.641113000001,4193.974121,4245.256348
4243.589844,4148.333496,4225.384765999999,4226.410156,4173.589844,4183.846191,4202.05127,4226.410156,4203.974121,4220.512695,4236.025879,4215.641113000001,4199.358886999999,4248.717772999999
4236.666504,4137.94873,4226.025879,4225.0,4169.102539,4187.179688,4219.615234000001,4245.512695,4209.871582,4225.641113000001,4244.358886999999,4218.205078,4198.461426,4246.666504
4227.563965,4136.922852000001,4219.487305,4219.102539,4170.0,4188.846191,4224.743652,4258.077147999999,4225.128418,4229.487305,4243.461426,4216.538574,4198.589844,4245.641113000001
4221.282227000001,4135.256348,4209.487305,4211.666504,4173.846191,4195.897461,4221.410156,4266.794922,4243.717772999999,4236.922852000001,4236.410156,4203.077147999999,4193.461426,4234.487305
4207.307617,4120.384765999999,4191.922852000001,4203.077147999999,4166.025879,4196.282227000001,4217.307617,4245.128418,4225.897461,4224.230957,4215.0,4185.512695,4173.333496,4206.794922
4195.641113000001,4112.94873,4179.487305,4199.358886999999,4156.153809,4193.333496,4219.871582,4234.743652,4210.384765999999,4208.461426,4203.333496,4185.256348,4161.922852000001,4196.666504
4197.179688,4118.589844,4182.94873,4198.589844,4161.153809,4197.179688,4230.641113000001,4252.307617,4220.769043,4208.461426,4209.871582,4198.077147999999,4165.512695,4207.436035
4204.230957,4117.563965,4188.077147999999,4198.077147999999,4172.307617,4200.769043,4230.512695,4241.025879,4213.077147999999,4203.717772999999,4208.717772999999,4198.333496,4163.077147999999,4206.153809
4203.846191,4114.230957,4183.717772999999,4200.512695,4174.743652,4204.615234000001,4215.641113000001,4208.333496,4188.077147999999,4190.128418,4200.641113000001,4185.897461,4155.256348,4195.128418
4197.94873,4120.0,4183.205078,4206.025879,4170.897461,4201.794922,4205.128418,4202.179688,4180.769043,4184.102539,4194.358886999999,4182.436035,4153.205078,4192.05127
4200.769043,4127.563965,4192.05127,4209.743652,4169.871582,4186.666504,4208.589844,4221.538574,4192.820313,4188.205078,4196.153809,4192.307617,4158.974121,4197.307617
4213.205078,4131.025879,4198.717772999999,4213.077147999999,4167.692383,4178.461426,4211.025879,4231.282227000001,4200.0,4197.179688,4206.922852000001,4200.256348,4167.179688,4209.102539
4229.871582,4141.794922,4207.563965,4225.256348,4170.769043,4184.358886999999,4198.974121,4218.717772999999,4199.102539,4209.102539,4220.0,4208.205078,4180.897461,4228.077147999999
4241.153809,4159.871582,4223.205078,4240.256348,4184.230957,4193.461426,4196.282227000001,4226.410156,4210.512695,4224.615234000001,4236.282227000001,4221.410156,4200.128418,4246.282227000001
4239.743652,4159.102539,4223.846191,4238.461426,4181.794922,4193.846191,4207.820313,4252.436035,4218.205078,4228.205078,4240.128418,4223.589844,4200.512695,4245.256348
4229.487305,4138.717772999999,4208.589844,4223.974121,4170.256348,4190.128418,4212.820313,4234.615234000001,4196.666504,4212.05127,4224.615234000001,4214.871582,4180.769043,4231.922852000001
4218.077147999999,4125.641113000001,4200.384765999999,4214.743652,4170.0,4192.05127,4216.153809,4203.333496,4179.871582,4195.641113000001,4208.077147999999,4207.179688,4167.179688,4221.794922
4206.025879,4118.974121,4191.538574,4206.922852000001,4165.0,4196.025879,4225.128418,4216.794922,4190.128418,4190.512695,4201.282227000001,4199.487305,4158.333496,4210.128418
4196.922852000001,4113.846191,4182.307617,4200.128418,4162.820313,4202.94873,4229.743652,4237.436035,4201.922852000001,4197.563965,4201.666504,4198.461426,4153.846191,4201.794922
4194.487305,4111.025879,4184.102539,4198.461426,4172.436035,4211.410156,4231.794922,4250.641113000001,4211.922852000001,4205.384765999999,4207.307617,4207.436035,4158.589844,4202.179688
4192.692383,4107.820313,4186.282227000001,4194.102539,4168.589844,4210.769043,4234.615234000001,4261.922852000001,4216.666504,4202.05127,4208.333496,4208.589844,4161.025879,4202.94873
4192.820313,4110.128418,4183.589844,4191.922852000001,4160.897461,4200.256348,4223.589844,4248.974121,4210.384765999999,4197.563965,4203.461426,4203.333496,4159.871582,4207.563965
4199.615234000001,4116.538574,4185.897461,4197.436035,4166.922852000001,4198.846191,4214.230957,4232.94873,4209.615234000001,4204.871582,4209.102539,4206.410156,4166.282227000001,4215.128418
4209.487305,4126.025879,4195.0,4207.820313,4176.282227000001,4211.538574,4217.436035,4242.05127,4215.512695,4216.410156,4220.256348,4210.384765999999,4179.102539,4214.487305
4213.974121,4137.436035,4201.282227000001,4216.025879,4184.615234000001,4207.94873,4202.05127,4238.717772999999,4206.794922,4212.436035,4222.307617,4206.922852000001,4183.974121,4212.436035
4219.358886999999,4149.230957,4209.230957,4223.846191,4188.589844,4188.205078,4186.666504,4222.307617,4194.871582,4207.692383,4224.230957,4210.0,4185.256348,4221.025879
4233.589844,4160.0,4222.179688,4236.666504,4185.256348,4186.538574,4205.384765999999,4240.512695,4204.871582,4220.897461,4234.743652,4222.179688,4196.538574,4235.0
4231.538574,4152.563965,4217.563965,4236.538574,4179.615234000001,4196.282227000001,4220.384765999999,4254.615234000001,4203.846191,4218.461426,4231.410156,4216.282227000001,4190.128418,4232.05127
4206.666504,4133.717772999999,4198.461426,4220.897461,4183.461426,4199.615234000001,4210.0,4230.128418,4183.077147999999,4190.512695,4210.897461,4193.974121,4163.717772999999,4212.436035
4192.692383,4124.743652,4192.179688,4210.769043,4184.871582,4198.717772999999,4213.461426,4217.94873,4181.410156,4182.94873,4202.692383,4184.871582,4158.974121,4200.512695
4193.846191,4119.615234000001,4192.692383,4206.794922,4170.897461,4193.205078,4231.153809,4241.025879,4195.769043,4191.666504,4205.128418,4188.205078,4166.794922,4197.436035
4192.692383,4115.384765999999,4185.769043,4202.820313,4163.333496,4193.974121,4228.846191,4248.205078,4197.179688,4189.743652,4206.922852000001,4184.358886999999,4162.692383,4196.025879
4193.589844,4117.307617,4182.820313,4201.666504,4170.128418,4203.589844,4212.94873,4230.256348,4192.05127,4192.179688,4209.871582,4180.769043,4163.077147999999,4199.871582
4196.025879,4119.358886999999,4189.358886999999,4201.410156,4174.615234000001,4206.282227000001,4215.641113000001,4244.615234000001,4205.897461,4206.666504,4213.077147999999,4187.307617,4171.282227000001,4203.205078
4190.384765999999,4118.077147999999,4187.436035,4198.589844,4173.974121,4208.589844,4223.461426,4257.563965,4216.794922,4213.461426,4213.461426,4187.179688,4170.384765999999,4196.153809
4190.128418,4122.692383,4181.025879,4201.410156,4183.589844,4219.871582,4212.179688,4238.205078,4218.846191,4215.512695,4214.615234000001,4182.436035,4172.179688,4196.282227000001
4205.897461,4131.282227000001,4192.436035,4212.692383,4191.666504,4214.871582,4207.94873,4255.256348,4237.179688,4228.333496,4223.077147999999,4190.769043,4185.897461,4213.846191
4213.717772999999,4135.256348,4203.205078,4216.410156,4183.846191,4195.641113000001,4209.487305,4276.282227000001,4239.487305,4231.922852000001,4227.94873,4201.153809,4188.974121,4222.692383
4206.153809,4138.461426,4198.205078,4212.563965,4184.358886999999,4199.230957,4195.384765999999,4233.589844,4208.589844,4215.641113000001,4221.282227000001,4201.153809,4178.333496,4219.230957
4203.974121,4138.461426,4198.974121,4212.94873,4189.743652,4207.692383,4192.94873,4205.512695,4190.897461,4203.461426,4213.974121,4198.333496,4174.102539,4219.615234000001
4201.922852000001,4130.769043,4204.615234000001,4211.538574,4176.153809,4186.794922,4209.230957,4238.205078,4193.461426,4197.94873,4206.922852000001,4196.922852000001,4174.615234000001,4217.436035
4193.205078,4129.743652,4201.538574,4209.871582,4171.410156,4173.461426,4212.692383,4249.615234000001,4185.512695,4190.384765999999,4199.615234000001,4191.153809,4172.179688,4207.820313
4191.025879,4135.0,4199.871582,4212.94873,4183.461426,4189.487305,4204.487305,4212.692383,4168.333496,4186.153809,4198.333496,4187.307617,4169.743652,4202.94873
4191.538574,4130.256348,4200.769043,4210.128418,4179.102539,4200.384765999999,4208.974121,4200.512695,4167.05127,4187.179688,4200.641113000001,4189.743652,4168.717772999999,4204.358886999999
4183.717772999999,4117.820313,4192.05127,4202.692383,4168.077147999999,4200.384765999999,4234.487305,4244.102539,4190.0,4188.333496,4197.94873,4186.538574,4164.487305,4202.179688
4181.794922,4118.205078,4188.461426,4205.128418,4174.230957,4205.128418,4245.0,4260.0,4206.282227000001,4197.436035,4196.025879,4176.794922,4164.615234000001,4198.461426
4188.589844,4135.256348,4192.820313,4212.179688,4187.307617,4215.384765999999,4227.05127,4219.358886999999,4203.461426,4213.461426,4204.487305,4171.282227000001,4176.410156,4201.282227000001
4187.179688,4136.538574,4187.05127,4207.436035,4187.94873,4221.794922,4225.0,4222.179688,4208.846191,4211.666504,4206.025879,4171.922852000001,4176.538574,4201.025879
4187.307617,4127.436035,4183.974121,4203.846191,4184.871582,4219.487305,4232.692383,4273.333496,4225.769043,4205.641113000001,4199.487305,4175.256348,4166.025879,4194.358886999999
4198.846191,4137.563965,4198.717772999999,4215.128418,4191.025879,4211.282227000001,4214.230957,4272.436035,4229.487305,4222.05127,4206.666504,4182.179688,4171.794922,4195.512695
4206.922852000001,4147.820313,4206.282227000001,4220.512695,4190.769043,4200.0,4195.512695,4237.05127,4220.641113000001,4232.94873,4215.128418,4189.102539,4183.333496,4203.974121
4215.256348,4150.0,4208.461426,4220.384765999999,4187.307617,4195.256348,4202.05127,4233.077147999999,4219.615234000001,4229.487305,4220.897461,4197.436035,4192.307617,4215.897461
4227.307617,4158.461426,4223.461426,4229.358886999999,4192.692383,4195.512695,4201.794922,4235.512695,4216.922852000001,4229.871582,4228.974121,4206.410156,4201.410156,4228.333496
4227.563965,4157.307617,4229.743652,4231.153809,4193.333496,4188.846191,4195.897461,4236.410156,4202.820313,4223.333496,4227.563965,4206.410156,4194.615234000001,4230.641113000001
4218.461426,4143.461426,4222.307617,4221.922852000001,4183.589844,4190.897461,4210.384765999999,4237.436035,4187.94873,4206.538574,4215.512695,4200.512695,4180.0,4220.128418
4204.230957,4134.102539,4210.0,4208.077147999999,4183.846191,4206.794922,4219.102539,4220.384765999999,4176.153809,4190.256348,4200.769043,4194.358886999999,4169.615234000001,4204.230957
4189.358886999999,4128.205078,4195.128418,4194.743652,4191.794922,4211.410156,4217.179688,4219.358886999999,4175.384765999999,4181.666504,4188.846191,4185.641113000001,4160.0,4191.666504
4183.461426,4123.461426,4189.487305,4195.512695,4185.384765999999,4206.538574,4231.538574,4244.487305,4193.717772999999,4189.487305,4188.846191,4179.487305,4161.794922,4187.436035
4177.820313,4122.820313,4189.743652,4200.512695,4174.615234000001,4210.128418,4248.461426,4253.333496,4213.846191,4199.871582,4191.025879,4177.436035,4165.512695,4185.384765999999
4172.05127,4126.794922,4187.05127,4200.128418,4181.538574,4213.461426,4240.0,4251.153809,4221.922852000001,4202.05127,4183.205078,4174.102539,4160.512695,4183.461426
4169.615234000001,4124.871582,4180.256348,4196.025879,4185.769043,4208.846191,4229.871582,4257.692383,4217.563965,4199.871582,4173.333496,4172.05127,4154.230957,4181.282227000001
4171.922852000001,4121.538574,4180.384765999999,4195.384765999999,4178.461426,4208.461426,4231.410156,4253.974121,4206.153809,4200.512695,4171.666504,4177.307617,4155.641113000001,4183.205078
4187.436035,4135.641113000001,4192.692383,4206.410156,4185.897461,4208.974121,4218.717772999999,4245.256348,4207.820313,4211.153809,4181.922852000001,4185.512695,4168.589844,4196.922852000001
4202.05127,4150.128418,4202.436035,4215.897461,4197.436035,4201.025879,4206.025879,4245.769043,4217.563965,4216.922852000001,4190.769043,4187.307617,4182.563965,4205.641113000001
4193.589844,4143.717772999999,4197.820313,4208.205078,4189.487305,4202.179688,4222.436035,4241.794922,4211.025879,4206.410156,4186.794922,4181.153809,4183.333496,4194.743652
4188.717772999999,4141.153809,4195.128418,4205.512695,4182.692383,4211.282227000001,4235.256348,4241.794922,4205.769043,4204.743652,4189.487305,4181.282227000001,4178.717772999999,4194.871582
4207.820313,4159.743652,4210.384765999999,4223.461426,4190.641113000001,4210.641113000001,4222.563965,4261.410156,4224.615234000001,4225.0,4209.230957,4195.769043,4191.666504,4220.512695
4214.230957,4161.922852000001,4216.410156,4224.871582,4190.0,4206.538574,4215.256348,4264.102539,4229.230957,4230.256348,4214.102539,4202.692383,4196.153809,4229.230957
4196.538574,4138.846191,4199.743652,4200.384765999999,4174.487305,4201.153809,4213.717772999999,4229.615234000001,4197.692383,4205.897461,4190.641113000001,4188.589844,4172.307617,4208.205078
4191.025879,4132.820313,4194.102539,4193.205078,4172.436035,4199.743652,4214.358886999999,4226.794922,4186.282227000001,4198.077147999999,4183.974121,4181.538574,4164.230957,4201.025879
4196.666504,4141.538574,4201.282227000001,4202.436035,4178.974121,4199.230957,4220.384765999999,4256.666504,4202.820313,4210.897461,4200.897461,4187.563965,4180.897461,4209.871582
4191.410156,4130.769043,4192.563965,4197.05127,4168.205078,4193.205078,4224.743652,4243.846191,4198.717772999999,4205.641113000001,4202.563965,4185.897461,4179.487305,4206.410156
4192.820313,4124.487305,4183.205078,4189.102539,4160.897461,4198.974121,4232.563965,4224.871582,4193.717772999999,4198.974121,4198.461426,4182.563965,4170.897461,4201.410156
4199.743652,4132.179688,4186.153809,4188.589844,4164.487305,4211.153809,4242.307617,4252.692383,4206.025879,4204.230957,4201.410156,4185.384765999999,4172.820313,4203.205078
4194.230957,4127.94873,4184.743652,4186.794922,4159.615234000001,4210.641113000001,4237.307617,4263.974121,4208.846191,4203.461426,4198.205078,4184.743652,4167.94873,4201.666504
4188.461426,4124.230957,4182.820313,4189.615234000001,4156.666504,4207.179688,4220.128418,4247.179688,4214.230957,4205.769043,4196.410156,4182.94873,4165.128418,4202.820313
4189.358886999999,4131.025879,4185.769043,4192.563965,4164.743652,4210.897461,4212.436035,4246.794922,4225.769043,4216.666504,4204.358886999999,4188.077147999999,4176.025879,4206.153809
4190.512695,4132.05127,4187.692383,4190.256348,4172.179688,4212.307617,4212.94873,4250.256348,4226.922852000001,4224.102539,4211.538574,4195.512695,4187.563965,4208.077147999999
4194.487305,4127.436035,4189.102539,4188.846191,4168.077147999999,4204.871582,4212.436035,4244.358886999999,4223.461426,4222.692383,4212.307617,4196.794922,4190.512695,4210.0
4209.230957,4136.025879,4197.692383,4198.846191,4164.871582,4199.358886999999,4209.102539,4230.769043,4214.102539,4221.794922,4217.307617,4198.846191,4193.461426,4212.94873
4215.641113000001,4149.230957,4208.974121,4211.282227000001,4173.589844,4194.358886999999,4201.153809,4214.871582,4196.153809,4221.410156,4223.717772999999,4204.102539,4196.153809,4218.205078
4206.538574,4148.333496,4210.897461,4210.0,4178.974121,4181.666504,4193.846191,4207.307617,4186.922852000001,4213.974121,4219.358886999999,4205.512695,4193.846191,4221.282227000001
4202.820313,4144.743652,4208.717772999999,4205.128418,4175.256348,4182.436035,4207.692383,4230.641113000001,4198.205078,4207.94873,4213.589844,4204.871582,4190.512695,4217.94873
4199.487305,4138.717772999999,4205.128418,4200.897461,4173.205078,4200.256348,4236.153809,4264.102539,4206.794922,4202.94873,4206.025879,4198.717772999999,4179.102539,4209.230957
4188.846191,4127.820313,4194.487305,4193.589844,4174.102539,4202.820313,4235.256348,4248.717772999999,4198.205078,4196.282227000001,4192.436035,4187.05127,4167.307617,4200.897461
4182.563965,4126.410156,4185.897461,4189.102539,4175.128418,4199.743652,4214.230957,4208.333496,4191.538574,4200.641113000001,4190.769043,4182.05127,4173.077147999999,4199.230957
4181.666504,4129.358886999999,4183.717772999999,4185.384765999999,4173.974121,4211.666504,4219.230957,4215.0,4204.487305,4210.384765999999,4202.179688,4183.846191,4180.384765999999,4199.615234000001
4176.410156,4123.333496,4180.512695,4180.512695,4173.974121,4215.128418,4237.820313,4249.102539,4223.717772999999,4211.666504,4206.666504,4184.102539,4180.0,4199.358886999999
4169.743652,4116.666504,4174.487305,4180.0,4173.717772999999,4207.179688,4227.179688,4242.94873,4220.256348,4207.436035,4201.282227000001,4185.384765999999,4180.897461,4194.487305
4173.461426,4128.974121,4179.102539,4187.820313,4178.717772999999,4209.358886999999,4215.897461,4232.436035,4214.871582,4213.333496,4206.025879,4191.410156,4185.641113000001,4193.461426
4194.230957,4154.102539,4197.179688,4204.487305,4196.282227000001,4213.717772999999,4224.871582,4240.769043,4223.333496,4227.436035,4221.922852000001,4201.025879,4199.230957,4207.179688
4215.0,4163.846191,4209.487305,4215.128418,4203.846191,4205.512695,4220.128418,4242.436035,4226.025879,4228.589844,4227.307617,4209.871582,4210.769043,4218.205078
4220.897461,4165.641113000001,4216.666504,4217.692383,4198.461426,4201.410156,4211.538574,4253.974121,4228.333496,4226.282227000001,4232.05127,4217.94873,4216.282227000001,4227.94873
4221.666504,4177.563965,4224.358886999999,4226.538574,4208.846191,4205.769043,4210.897461,4244.487305,4229.358886999999,4235.641113000001,4244.615234000001,4226.282227000001,4228.461426,4241.153809
4214.871582,4179.743652,4216.922852000001,4227.94873,4223.077147999999,4205.897461,4207.692383,4211.794922,4215.769043,4233.974121,4239.743652,4223.461426,4228.846191,4233.717772999999
4201.794922,4161.153809,4201.153809,4213.461426,4208.589844,4204.230957,4223.589844,4228.974121,4211.025879,4220.384765999999,4221.666504,4208.846191,4207.820313,4212.436035
4198.974121,4150.641113000001,4197.94873,4203.974121,4187.563965,4199.615234000001,4240.897461,4259.743652,4221.025879,4223.461426,4218.589844,4204.358886999999,4198.589844,4208.461426
4200.256348,4155.897461,4201.282227000001,4207.94873,4193.846191,4198.205078,4238.717772999999,4242.307617,4219.358886999999,4231.410156,4222.820313,4209.230957,4203.461426,4212.179688
4190.128418,4154.743652,4195.897461,4207.05127,4206.922852000001,4209.871582,4236.794922,4237.179688,4219.230957,4228.077147999999,4217.692383,4208.589844,4197.563965,4205.0
4177.563965,4146.538574,4188.461426,4196.794922,4200.128418,4219.871582,4231.794922,4256.538574,4229.615234000001,4227.94873,4211.153809,4202.820313,4191.282227000001,4199.487305
4172.436035,4143.717772999999,4183.717772999999,4190.0,4192.179688,4217.563965,4220.384765999999,4249.871582,4229.230957,4224.615234000001,4206.794922,4197.436035,4186.025879,4197.563965
4170.512695,4142.692383,4177.307617,4185.512695,4196.025879,4210.384765999999,4218.333496,4238.717772999999,4224.871582,4211.922852000001,4199.743652,4193.077147999999,4174.871582,4193.077147999999
4175.0,4143.974121,4175.256348,4185.769043,4201.153809,4213.205078,4218.846191,4235.128418,4221.025879,4207.692383,4200.128418,4192.692383,4177.307617,4191.153809
4186.794922,4155.641113000001,4186.410156,4196.153809,4211.794922,4218.077147999999,4207.436035,4214.871582,4209.358886999999,4213.974121,4208.846191,4192.94873,4190.897461,4194.487305
4189.615234000001,4155.256348,4193.717772999999,4199.230957,4212.692383,4206.410156,4197.692383,4195.0,4194.743652,4205.897461,4205.384765999999,4190.128418,4189.102539,4196.922852000001
4188.077147999999,4146.666504,4193.205078,4191.922852000001,4199.230957,4197.820313,4205.512695,4198.717772999999,4191.025879,4195.512695,4198.846191,4194.743652,4187.820313,4199.102539
4195.384765999999,4157.692383,4202.692383,4195.384765999999,4199.743652,4204.102539,4206.922852000001,4205.769043,4196.282227000001,4204.743652,4210.641113000001,4206.666504,4198.717772999999,4205.897461
4201.538574,4166.922852000001,4208.717772999999,4204.615234000001,4211.538574,4201.538574,4198.974121,4208.077147999999,4197.05127,4209.230957,4220.0,4206.794922,4196.794922,4206.794922
4199.487305,4161.794922,4203.589844,4205.0,4212.05127,4196.282227000001,4215.256348,4233.461426,4203.077147999999,4205.897461,4218.461426,4197.94873,4194.102539,4207.307617
4195.0,4159.230957,4200.641113000001,4199.102539,4203.461426,4205.0,4238.846191,4263.333496,4215.384765999999,4207.436035,4218.461426,4195.256348,4198.077147999999,4211.410156
4186.794922,4155.897461,4194.871582,4192.436035,4200.128418,4207.05127,4231.410156,4255.256348,4209.102539,4201.153809,4211.025879,4186.666504,4185.769043,4198.461426
4180.384765999999,4149.230957,4186.025879,4191.794922,4204.230957,4192.692383,4207.563965,4223.846191,4192.692383,4192.94873,4201.666504,4174.615234000001,4171.666504,4185.641113000001
4181.153809,4154.743652,4186.794922,4195.384765999999,4208.205078,4189.487305,4201.153809,4215.512695,4201.538574,4204.358886999999,4207.563965,4180.256348,4179.871582,4196.153809
4181.153809,4161.282227000001,4193.077147999999,4196.794922,4205.384765999999,4205.641113000001,4214.487305,4233.717772999999,4219.230957,4216.153809,4217.05127,4186.666504,4192.307617,4206.025879
4179.743652,4155.769043,4190.641113000001,4195.897461,4201.794922,4213.205078,4222.94873,4231.153809,4207.692383,4206.282227000001,4211.922852000001,4178.589844,4185.897461,4195.128418
4185.0,4162.563965,4190.128418,4197.563965,4211.922852000001,4206.922852000001,4216.153809,4212.94873,4199.358886999999,4203.974121,4207.179688,4177.820313,4183.589844,4189.743652
4190.512695,4179.871582,4195.897461,4200.769043,4221.538574,4206.282227000001,4207.563965,4213.846191,4213.589844,4215.384765999999,4216.794922,4186.410156,4195.384765999999,4200.897461
4187.179688,4180.0,4194.487305,4197.94873,4215.641113000001,4209.615234000001,4208.974121,4227.94873,4213.077147999999,4211.282227000001,4218.717772999999,4184.487305,4195.384765999999,4203.077147999999
4184.102539,4176.282227000001,4194.358886999999,4199.230957,4215.897461,4211.025879,4217.820313,4242.820313,4206.282227000001,4208.077147999999,4213.846191,4181.794922,4190.641113000001,4200.384765999999
4183.589844,4178.846191,4197.179688,4202.563965,4223.974121,4209.230957,4217.692383,4240.384765999999,4206.282227000001,4214.743652,4212.820313,4184.230957,4193.589844,4201.282227000001
4182.94873,4176.666504,4195.384765999999,4198.077147999999,4221.410156,4207.94873,4217.436035,4229.487305,4200.897461,4208.461426,4210.0,4183.717772999999,4191.282227000001,4196.666504
4185.897461,4177.307617,4198.205078,4199.230957,4215.641113000001,4210.769043,4233.461426,4235.0,4201.922852000001,4206.025879,4213.589844,4185.384765999999,4189.615234000001,4193.077147999999
4194.102539,4187.307617,4207.05127,4208.589844,4221.410156,4209.615234000001,4235.0,4241.410156,4213.846191,4219.102539,4224.487305,4192.820313,4201.666504,4202.94873
4205.128418,4195.641113000001,4215.384765999999,4217.179688,4234.615234000001,4208.717772999999,4216.538574,4232.563965,4220.384765999999,4225.256348,4227.692383,4197.94873,4213.974121,4215.769043
4207.94873,4193.717772999999,4217.307617,4216.666504,4232.563965,4207.307617,4213.077147999999,4222.94873,4215.384765999999,4219.871582,4223.461426,4194.230957,4213.461426,4212.692383
4206.282227000001,4194.871582,4219.102539,4216.922852000001,4223.333496,4206.025879,4223.333496,4222.820313,4217.179688,4221.922852000001,4228.589844,4191.794922,4215.256348,4210.0
4203.077147999999,4197.820313,4218.717772999999,4217.436035,4227.692383,4207.179688,4223.205078,4227.820313,4226.025879,4228.077147999999,4233.205078,4194.743652,4219.615234000001,4215.769043
4191.282227000001,4185.769043,4205.641113000001,4204.102539,4228.077147999999,4206.153809,4213.846191,4230.512695,4219.102539,4216.922852000001,4217.05127,4189.230957,4205.769043,4208.333496
4181.410156,4175.256348,4193.461426,4194.230957,4219.358886999999,4213.589844,4215.256348,4234.615234000001,4210.0,4205.256348,4201.922852000001,4178.077147999999,4187.179688,4191.794922
4183.461426,4182.820313,4198.333496,4201.666504,4220.128418,4222.820313,4227.05127,4242.307617,4219.487305,4216.794922,4208.077147999999,4178.077147999999,4189.615234000001,4191.025879
4189.871582,4192.94873,4210.769043,4210.512695,4227.692383,4221.153809,4239.358886999999,4247.94873,4228.717772999999,4229.615234000001,4219.487305,4185.128418,4204.230957,4201.153809
4196.922852000001,4195.384765999999,4216.153809,4213.846191,4232.820313,4223.205078,4236.794922,4246.794922,4224.230957,4228.589844,4225.641113000001,4189.230957,4214.358886999999,4209.615234000001
4205.512695,4196.025879,4218.077147999999,4219.487305,4233.077147999999,4222.820313,4214.102539,4228.589844,4215.128418,4226.025879,4230.128418,4191.922852000001,4219.487305,4219.615234000001
4208.589844,4201.153809,4221.538574,4222.692383,4235.897461,4210.256348,4197.436035,4208.205078,4208.205078,4228.333496,4234.102539,4199.871582,4226.922852000001,4228.974121
4203.974121,4208.077147999999,4219.743652,4216.666504,4240.769043,4207.94873,4207.179688,4211.922852000001,4207.307617,4227.307617,4235.0,4206.538574,4230.128418,4229.615234000001
4197.307617,4208.846191,4211.538574,4209.871582,4235.641113000001,4213.589844,4220.0,4214.615234000001,4202.820313,4220.0,4225.769043,4200.0,4218.846191,4221.153809
4194.102539,4207.179688,4207.436035,4211.153809,4231.794922,4210.256348,4220.256348,4197.563965,4197.05127,4214.102539,4210.897461,4186.922852000001,4204.358886999999,4206.666504
4186.153809,4203.589844,4201.410156,4209.871582,4234.615234000001,4211.922852000001,4220.512695,4202.307617,4204.615234000001,4209.102539,4198.717772999999,4176.922852000001,4193.717772999999,4190.641113000001
4172.94873,4195.769043,4189.871582,4199.487305,4231.922852000001,4221.538574,4221.922852000001,4228.461426,4212.179688,4204.102539,4193.589844,4170.512695,4186.538574,4184.230957
4173.589844,4195.641113000001,4191.666504,4196.666504,4228.717772999999,4218.205078,4223.461426,4237.820313,4216.538574,4208.589844,4199.871582,4173.974121,4193.461426,4190.641113000001
4182.820313,4202.94873,4201.794922,4202.692383,4231.794922,4208.589844,4228.333496,4233.333496,4222.307617,4216.922852000001,4210.384765999999,4185.128418,4207.05127,4198.205078
4187.563965,4208.461426,4207.820313,4210.384765999999,4237.436035,4215.256348,4225.897461,4231.282227000001,4219.358886999999,4224.102539,4215.0,4190.128418,4213.461426,4203.974121
4182.436035,4201.794922,4205.384765999999,4207.05127,4235.641113000001,4221.410156,4216.794922,4239.358886999999,4212.563965,4222.94873,4209.871582,4185.0,4206.538574,4203.717772999999
4168.333496,4189.743652,4195.128418,4193.077147999999,4226.666504,4209.871582,4219.871582,4236.666504,4207.05127,4209.615234000001,4199.487305,4177.94873,4191.794922,4190.0
4166.794922,4195.512695,4192.563965,4191.794922,4224.743652,4201.922852000001,4216.666504,4206.025879,4193.846191,4202.563965,4195.128418,4175.256348,4191.922852000001,4182.307617
4187.179688,4211.794922,4204.743652,4204.871582,4235.641113000001,4207.05127,4187.692383,4179.871582,4184.871582,4211.922852000001,4202.692383,4181.025879,4206.538574,4196.794922
4197.94873,4212.436035,4211.538574,4207.692383,4240.384765999999,4206.666504,4185.512695,4191.153809,4191.794922,4212.820313,4204.743652,4184.102539,4207.94873,4205.256348
4180.128418,4201.794922,4197.307617,4194.743652,4228.717772999999,4208.205078,4218.461426,4199.615234000001,4187.436035,4195.897461,4186.153809,4173.846191,4190.256348,4190.256348
4165.256348,4199.102539,4182.692383,4189.230957,4228.717772999999,4222.563965,4226.922852000001,4186.025879,4178.717772999999,4191.153809,4172.436035,4166.666504,4183.077147999999,4182.05127
4171.025879,4197.307617,4184.358886999999,4190.0,4238.846191,4221.410156,4216.153809,4210.641113000001,4202.436035,4206.538574,4181.282227000001,4172.94873,4192.179688,4189.743652
4175.641113000001,4193.333496,4188.589844,4184.487305,4227.307617,4207.692383,4224.230957,4257.820313,4230.256348,4217.307617,4187.179688,4176.666504,4193.077147999999,4190.641113000001
4175.384765999999,4201.922852000001,4190.384765999999,4184.230957,4215.769043,4217.563965,4233.974121,4258.846191,4233.205078,4221.538574,4183.077147999999,4174.487305,4190.512695,4188.717772999999
4179.230957,4207.307617,4191.794922,4187.94873,4221.282227000001,4224.743652,4227.692383,4236.922852000001,4224.743652,4220.256348,4182.179688,4175.128418,4192.692383,4193.461426
4184.871582,4198.846191,4192.05127,4186.538574,4219.871582,4205.128418,4216.025879,4232.179688,4216.025879,4212.820313,4182.436035,4173.974121,4194.487305,4196.922852000001
4191.153809,4198.077147999999,4195.897461,4188.846191,4213.077147999999,4200.769043,4210.384765999999,4222.820313,4207.820313,4211.666504,4187.436035,4171.922852000001,4197.692383,4199.615234000001
4193.205078,4200.769043,4198.205078,4190.512695,4210.641113000001,4205.128418,4208.717772999999,4208.205078,4195.769043,4209.871582,4190.128418,4173.333496,4194.487305,4202.563965
4188.205078,4191.794922,4193.846191,4183.974121,4199.615234000001,4184.487305,4204.743652,4205.769043,4182.179688,4193.846191,4183.205078,4170.128418,4185.256348,4198.717772999999
4185.769043,4187.436035,4191.794922,4185.256348,4191.794922,4175.384765999999,4196.282227000001,4185.641113000001,4166.922852000001,4175.128418,4177.05127,4161.794922,4186.282227000001,4191.794922
4183.717772999999,4191.794922,4188.333496,4190.512695,4201.153809,4194.358886999999,4184.871582,4148.333496,4152.179688,4169.487305,4170.512695,4155.384765999999,4190.384765999999,4183.333496
4177.94873,4196.153809,4181.794922,4186.538574,4208.461426,4205.641113000001,4188.461426,4151.153809,4161.794922,4181.282227000001,4169.487305,4156.538574,4190.512695,4177.179688
4177.820313,4198.846191,4181.410156,4182.436035,4205.256348,4204.615234000001,4205.512695,4188.205078,4190.769043,4197.307617,4180.897461,4163.974121,4194.615234000001,4182.820313
4180.897461,4193.846191,4183.205078,4182.820313,4203.717772999999,4209.615234000001,4220.0,4213.333496,4208.461426,4202.05127,4189.230957,4168.846191,4196.282227000001,4192.307617
4180.512695,4187.94873,4184.871582,4184.871582,4206.282227000001,4213.205078,4222.692383,4220.256348,4207.563965,4200.641113000001,4187.94873,4168.846191,4192.563965,4192.436035
4183.717772999999,4190.512695,4189.615234000001,4185.769043,4204.358886999999,4206.922852000001,4216.025879,4221.410156,4202.436035,4203.974121,4189.743652,4169.487305,4192.563965,4188.461426
4189.615234000001,4198.333496,4193.077147999999,4189.102539,4203.974121,4208.846191,4214.230957,4227.563965,4209.358886999999,4212.436035,4198.205078,4173.461426,4198.589844,4194.358886999999
4187.307617,4201.153809,4192.436035,4190.897461,4208.461426,4211.410156,4207.563965,4233.461426,4225.512695,4220.769043,4204.102539,4179.358886999999,4202.05127,4201.153809
4189.102539,4206.922852000001,4196.153809,4191.410156,4207.94873,4197.179688,4191.410156,4217.563965,4218.589844,4222.94873,4208.974121,4186.922852000001,4203.461426,4202.94873
4195.0,4214.102539,4202.563965,4194.102539,4202.307617,4191.282227000001,4192.179688,4185.769043,4187.05127,4211.538574,4209.615234000001,4188.077147999999,4204.871582,4205.641113000001
4194.230957,4206.666504,4200.641113000001,4192.692383,4197.563965,4196.538574,4200.897461,4195.0,4186.282227000001,4199.871582,4205.769043,4183.846191,4203.077147999999,4206.922852000001
4201.538574,4204.487305,4204.487305,4198.846191,4206.410156,4194.358886999999,4195.0,4226.153809,4210.128418,4208.846191,4211.666504,4189.487305,4205.897461,4213.461426
4207.436035,4211.410156,4209.487305,4204.487305,4213.461426,4196.922852000001,4198.717772999999,4192.307617,4188.205078,4207.94873,4213.974121,4194.615234000001,4207.307617,4217.692383
4202.820313,4212.692383,4201.922852000001,4196.794922,4207.436035,4205.897461,4209.102539,4150.384765999999,4161.794922,4192.05127,4204.871582,4191.282227000001,4205.897461,4212.563965
4207.436035,4216.410156,4202.820313,4199.102539,4212.94873,4207.307617,4202.436035,4180.0,4195.512695,4202.94873,4209.230957,4190.897461,4217.692383,4216.153809
4210.641113000001,4221.410156,4210.897461,4206.538574,4217.820313,4205.256348,4200.0,4203.589844,4217.94873,4220.0,4218.333496,4189.615234000001,4225.641113000001,4221.794922
4198.333496,4214.871582,4204.615234000001,4197.692383,4207.692383,4213.846191,4214.230957,4194.358886999999,4202.307617,4214.230957,4211.922852000001,4185.0,4213.589844,4210.641113000001
4191.282227000001,4207.179688,4194.358886999999,4189.358886999999,4202.563965,4216.922852000001,4214.358886999999,4210.384765999999,4210.769043,4212.820313,4210.512695,4187.05127,4207.307617,4200.641113000001
4193.461426,4205.512695,4194.102539,4192.692383,4201.025879,4204.615234000001,4200.256348,4219.871582,4223.846191,4219.230957,4216.153809,4187.307617,4212.436035,4200.512695
4194.358886999999,4207.307617,4198.589844,4193.333496,4200.512695,4205.897461,4206.282227000001,4206.410156,4211.410156,4217.692383,4214.230957,4183.461426,4213.846191,4199.487305
4200.897461,4212.692383,4204.358886999999,4193.846191,4211.025879,4217.820313,4208.077147999999,4207.436035,4205.384765999999,4217.179688,4217.179688,4191.025879,4215.512695,4204.871582
4205.0,4211.282227000001,4206.282227000001,4197.563965,4216.538574,4208.974121,4191.153809,4203.974121,4203.333496,4214.487305,4221.922852000001,4195.384765999999,4215.128418,4208.846191
4195.512695,4205.512695,4197.05127,4196.410156,4211.282227000001,4188.205078,4189.230957,4188.589844,4187.05127,4200.384765999999,4208.205078,4183.717772999999,4205.0,4197.94873
4188.077147999999,4208.589844,4190.256348,4192.563965,4209.871582,4183.205078,4193.205078,4173.974121,4174.230957,4191.153809,4195.512695,4177.05127,4198.974121,4189.871582
4196.153809,4219.487305,4196.025879,4196.025879,4211.794922,4189.487305,4182.563965,4167.179688,4178.846191,4199.871582,4204.615234000001,4183.974121,4207.179688,4197.692383
4203.974121,4221.153809,4200.128418,4200.512695,4211.538574,4189.230957,4182.436035,4172.563965,4184.230957,4204.358886999999,4209.358886999999,4187.94873,4209.743652,4200.897461
4199.230957,4211.922852000001,4195.641113000001,4197.692383,4209.358886999999,4193.205078,4203.717772999999,4184.871582,4184.358886999999,4193.589844,4198.205078,4181.538574,4198.589844,4193.333496
4191.410156,4205.128418,4191.410156,4192.692383,4206.538574,4201.025879,4209.487305,4194.230957,4188.717772999999,4189.358886999999,4192.436035,4174.358886999999,4188.205078,4190.641113000001
4186.538574,4200.0,4183.846191,4186.794922,4205.512695,4197.820313,4190.769043,4193.846191,4188.846191,4190.0,4193.205078,4172.05127,4189.230957,4189.615234000001
4190.897461,4205.256348,4182.820313,4190.512695,4216.794922,4199.230957,4181.025879,4185.897461,4190.641113000001,4195.769043,4199.487305,4175.897461,4204.102539,4194.230957
4202.179688,4215.384765999999,4194.102539,4199.871582,4223.589844,4203.846191,4190.0,4194.743652,4202.307617,4209.615234000001,4206.538574,4179.358886999999,4212.307617,4204.102539
4203.846191,4217.692383,4200.769043,4197.820313,4213.205078,4200.512695,4199.102539,4229.230957,4212.179688,4212.94873,4206.666504,4178.974121,4206.153809,4210.641113000001
4197.436035,4220.769043,4201.922852000001,4194.743652,4211.666504,4199.230957,4198.205078,4225.128418,4207.692383,4208.717772999999,4207.179688,4178.974121,4206.025879,4210.256348
4191.025879,4217.436035,4196.922852000001,4194.743652,4213.974121,4196.025879,4193.205078,4172.94873,4185.384765999999,4197.820313,4201.794922,4173.461426,4203.077147999999,4196.282227000001
4195.897461,4211.922852000001,4193.717772999999,4193.846191,4211.282227000001,4194.230957,4188.333496,4155.256348,4172.820313,4187.563965,4196.025879,4171.922852000001,4198.333496,4194.102539
4208.205078,4220.256348,4203.333496,4199.871582,4217.179688,4201.794922,4186.922852000001,4175.512695,4181.538574,4195.769043,4203.846191,4181.538574,4206.538574,4210.897461
4205.641113000001,4227.05127,4210.769043,4204.487305,4223.077147999999,4201.153809,4192.179688,4181.666504,4186.666504,4202.692383,4204.358886999999,4184.487305,4208.333496,4209.743652
4196.666504,4222.179688,4207.05127,4199.230957,4221.153809,4193.333496,4193.461426,4177.692383,4185.384765999999,4199.871582,4199.358886999999,4180.897461,4204.358886999999,4193.717772999999
4195.641113000001,4217.94873,4203.205078,4196.410156,4221.922852000001,4196.282227000001,4189.102539,4181.922852000001,4186.922852000001,4202.307617,4205.256348,4180.897461,4204.743652,4193.974121
4194.487305,4217.692383,4201.666504,4198.077147999999,4223.717772999999,4199.358886999999,4190.384765999999,4189.743652,4187.692383,4201.666504,4205.128418,4178.333496,4198.717772999999,4200.512695
4187.307617,4216.025879,4196.282227000001,4190.769043,4219.358886999999,4195.897461,4195.128418,4192.179688,4185.0,4192.692383,4195.128418,4170.512695,4190.256348,4195.897461
4181.025879,4211.666504,4191.153809,4181.794922,4216.666504,4194.487305,4196.282227000001,4178.333496,4179.487305,4189.871582,4193.461426,4171.666504,4187.563965,4193.717772999999
4179.871582,4207.820313,4191.794922,4184.230957,4217.820313,4199.487305,4200.256348,4182.563965,4181.666504,4198.333496,4200.641113000001,4179.871582,4188.077147999999,4196.538574
4183.461426,4212.692383,4197.692383,4192.692383,4224.102539,4210.128418,4201.538574,4209.743652,4195.384765999999,4208.077147999999,4208.461426,4182.94873,4195.641113000001,4198.974121
4191.922852000001,4226.794922,4206.922852000001,4204.615234000001,4236.410156,4213.333496,4196.538574,4206.410156,4199.871582,4215.256348,4216.922852000001,4187.563965,4211.153809,4203.974121
4195.641113000001,4232.94873,4210.512695,4208.717772999999,4237.94873,4203.589844,4198.974121,4191.538574,4193.205078,4215.384765999999,4220.769043,4189.615234000001,4214.871582,4205.897461
4191.025879,4223.333496,4204.743652,4197.820313,4226.410156,4197.307617,4205.769043,4199.358886999999,4191.025879,4208.077147999999,4210.384765999999,4183.717772999999,4204.230957,4199.871582
4191.282227000001,4220.769043,4199.743652,4196.025879,4226.922852000001,4206.025879,4205.769043,4198.717772999999,4191.922852000001,4206.025879,4201.538574,4180.897461,4200.512695,4192.94873
4199.102539,4226.922852000001,4198.717772999999,4204.487305,4237.05127,4207.563965,4192.436035,4176.538574,4191.025879,4211.666504,4206.666504,4180.384765999999,4205.128418,4192.820313
4195.0,4216.922852000001,4192.05127,4195.384765999999,4230.512695,4201.025879,4186.025879,4164.743652,4183.333496,4206.153809,4204.743652,4168.077147999999,4202.436035,4189.487305
4178.077147999999,4203.077147999999,4181.666504,4180.512695,4225.0,4212.820313,4201.153809,4166.922852000001,4169.358886999999,4188.461426,4190.384765999999,4154.358886999999,4192.05127,4178.717772999999
4175.897461,4206.922852000001,4182.179688,4180.384765999999,4232.563965,4220.0,4204.102539,4178.333496,4172.307617,4189.615234000001,4188.077147999999,4161.410156,4191.922852000001,4176.282227000001
4192.692383,4220.384765999999,4196.410156,4187.179688,4230.897461,4199.358886999999,4190.769043,4212.563965,4205.641113000001,4217.179688,4207.692383,4178.974121,4211.153809,4191.153809
4203.205078,4228.333496,4204.358886999999,4193.205078,4221.794922,4184.102539,4192.179688,4224.102539,4221.666504,4229.102539,4221.410156,4184.487305,4225.897461,4201.025879
4200.128418,4231.282227000001,4200.128418,4197.563965,4224.230957,4194.102539,4201.538574,4189.358886999999,4196.922852000001,4213.717772999999,4212.692383,4181.922852000001,4221.410156,4194.358886999999
4199.102539,4232.692383,4200.897461,4201.410156,4232.563965,4204.871582,4195.641113000001,4171.794922,4179.871582,4201.666504,4200.384765999999,4183.717772999999,4211.922852000001,4191.153809
4199.358886999999,4225.512695,4203.205078,4198.333496,4231.794922,4199.230957,4182.94873,4185.384765999999,4181.666504,4195.128418,4196.025879,4182.94873,4204.102539,4189.871582
4194.102539,4218.846191,4198.974121,4192.436035,4232.820313,4196.410156,4190.128418,4183.205078,4178.205078,4193.077147999999,4197.05127,4179.871582,4197.820313,4182.05127
4185.897461,4218.205078,4197.05127,4191.794922,4233.846191,4206.666504,4205.769043,4170.512695,4173.205078,4198.077147999999,4195.641113000001,4181.922852000001,4199.102539,4179.230957
4178.717772999999,4215.641113000001,4196.410156,4189.487305,4230.0,4210.256348,4201.410156,4171.410156,4172.563965,4193.846191,4190.512695,4182.179688,4199.102539,4181.025879
4179.358886999999,4217.05127,4195.641113000001,4189.743652,4234.743652,4204.615234000001,4192.179688,4178.205078,4179.358886999999,4192.307617,4193.589844,4180.641113000001,4203.589844,4179.615234000001
4183.333496,4221.025879,4195.128418,4191.282227000001,4234.487305,4204.615234000001,4193.717772999999,4184.230957,4190.0,4205.256348,4198.717772999999,4181.025879,4212.94873,4173.589844
4181.922852000001,4219.743652,4190.0,4187.436035,4228.205078,4215.128418,4197.179688,4191.025879,4190.128418,4208.205078,4193.717772999999,4177.307617,4209.487305,4165.256348
4178.974121,4217.94873,4186.410156,4186.538574,4233.461426,4216.794922,4199.487305,4204.358886999999,4188.717772999999,4200.128418,4189.743652,4173.717772999999,4205.512695,4163.461426
4181.666504,4224.743652,4193.333496,4191.666504,4237.94873,4204.358886999999,4198.846191,4209.102539,4193.077147999999,4205.0,4197.692383,4181.922852000001,4215.256348,4171.922852000001
4188.205078,4233.846191,4206.025879,4198.717772999999,4235.641113000001,4205.256348,4200.641113000001,4209.102539,4199.871582,4216.666504,4207.692383,4190.512695,4223.461426,4182.94873
4191.922852000001,4234.102539,4210.897461,4200.897461,4234.230957,4206.153809,4200.897461,4224.230957,4203.077147999999,4215.641113000001,4208.205078,4188.974121,4219.871582,4189.102539
4193.974121,4234.358886999999,4214.358886999999,4203.077147999999,4232.94873,4194.230957,4200.897461,4224.871582,4199.102539,4209.871582,4207.692383,4189.743652,4222.436035,4190.384765999999
4192.179688,4242.05127,4217.692383,4207.179688,4235.512695,4202.05127,4205.641113000001,4190.384765999999,4188.589844,4210.256348,4213.077147999999,4194.358886999999,4229.615234000001,4189.358886999999
4182.692383,4242.820313,4211.410156,4205.256348,4238.717772999999,4214.102539,4203.589844,4159.102539,4173.205078,4202.94873,4206.666504,4190.641113000001,4218.846191,4183.717772999999
4184.487305,4240.256348,4211.025879,4206.410156,4238.205078,4205.641113000001,4190.641113000001,4159.871582,4170.512695,4196.153809,4196.538574,4188.846191,4214.487305,4182.05127
4192.820313,4243.205078,4214.615234000001,4209.743652,4237.94873,4210.0,4191.666504,4171.538574,4179.871582,4198.333496,4196.794922,4193.846191,4224.487305,4183.589844
4188.846191,4241.410156,4207.820313,4204.871582,4236.922852000001,4223.461426,4199.743652,4172.307617,4181.666504,4200.128418,4199.102539,4193.846191,4222.692383,4184.102539
4190.512695,4240.256348,4207.820313,4204.358886999999,4238.461426,4213.461426,4186.538574,4173.589844,4182.820313,4208.846191,4206.282227000001,4196.538574,4223.974121,4193.461426
4197.94873,4239.358886999999,4216.410156,4208.589844,4240.384765999999,4201.410156,4172.436035,4177.436035,4185.0,4216.025879,4212.436035,4202.820313,4233.333496,4203.077147999999
4197.179688,4235.769043,4216.666504,4204.871582,4238.846191,4207.179688,4183.717772999999,4177.179688,4184.743652,4214.487305,4210.384765999999,4202.692383,4229.615234000001,4201.282227000001
4195.897461,4236.666504,4214.102539,4197.563965,4236.538574,4211.794922,4201.282227000001,4183.461426,4188.077147999999,4214.358886999999,4207.563965,4202.307617,4221.153809,4198.461426
4198.589844,4235.512695,4217.307617,4196.794922,4235.0,4210.641113000001,4206.025879,4197.05127,4191.538574,4212.179688,4204.743652,4204.871582,4221.025879,4203.205078
4200.641113000001,4236.922852000001,4222.820313,4202.307617,4240.769043,4213.846191,4209.615234000001,4205.128418,4191.666504,4210.769043,4205.769043,4208.974121,4224.743652,4209.487305
4201.025879,4243.333496,4225.256348,4206.153809,4247.692383,4211.538574,4208.461426,4205.769043,4193.846191,4215.0,4205.512695,4212.436035,4226.538574,4210.769043
4205.641113000001,4249.871582,4225.0,4207.05127,4245.641113000001,4204.743652,4196.282227000001,4207.436035,4198.846191,4216.410156,4200.512695,4212.563965,4231.025879,4209.871582
4208.077147999999,4252.436035,4223.717772999999,4207.436035,4241.025879,4206.794922,4199.230957,4203.205078,4194.743652,4212.820313,4199.102539,4207.820313,4233.461426,4209.615234000001
4201.922852000001,4252.307617,4216.282227000001,4204.487305,4237.692383,4215.897461,4207.179688,4187.05127,4183.077147999999,4208.589844,4196.666504,4199.615234000001,4230.384765999999,4202.820313
4196.922852000001,4252.820313,4206.153809,4202.179688,4238.205078,4221.794922,4193.461426,4179.487305,4182.692383,4205.512695,4191.025879,4193.717772999999,4232.563965,4196.922852000001
4200.641113000001,4251.410156,4205.256348,4204.102539,4240.128418,4220.641113000001,4178.205078,4177.307617,4191.410156,4206.153809,4192.563965,4195.897461,4235.641113000001,4204.102539
4202.94873,4251.794922,4205.769043,4206.410156,4238.333496,4219.358886999999,4186.794922,4175.512695,4195.384765999999,4212.307617,4199.358886999999,4197.436035,4231.922852000001,4210.0
4196.282227000001,4255.256348,4196.922852000001,4205.0,4235.128418,4218.974121,4198.974121,4183.846191,4195.641113000001,4214.102539,4198.333496,4186.538574,4227.563965,4200.256348
4190.512695,4245.128418,4188.333496,4196.922852000001,4228.846191,4218.333496,4207.563965,4202.563965,4197.692383,4204.615234000001,4193.589844,4175.897461,4223.077147999999,4189.871582
4191.666504,4221.538574,4191.282227000001,4188.077147999999,4218.205078,4219.743652,4223.205078,4219.358886999999,4201.794922,4202.820313,4195.128418,4179.102539,4219.230957,4194.102539
4196.282227000001,4224.743652,4197.307617,4190.128418,4214.743652,4217.179688,4216.025879,4215.0,4204.358886999999,4211.153809,4201.153809,4184.615234000001,4225.256348,4202.307617
4203.205078,4252.436035,4199.871582,4200.769043,4223.717772999999,4211.666504,4191.538574,4206.666504,4206.922852000001,4219.358886999999,4209.743652,4189.358886999999,4240.128418,4205.256348
4205.641113000001,4251.922852000001,4201.922852000001,4202.436035,4222.820313,4214.871582,4205.897461,4208.717772999999,4205.897461,4220.769043,4211.794922,4190.128418,4243.205078,4206.153809
4201.794922,4231.666504,4201.538574,4195.512695,4214.615234000001,4219.871582,4225.384765999999,4198.846191,4192.05127,4210.128418,4206.282227000001,4184.102539,4230.0,4206.153809
4209.102539,4241.922852000001,4207.307617,4199.871582,4226.538574,4215.769043,4201.538574,4185.897461,4188.974121,4209.743652,4211.922852000001,4188.974121,4233.461426,4214.871582
4225.128418,4268.846191,4218.077147999999,4212.820313,4239.102539,4208.461426,4177.820313,4190.128418,4207.179688,4227.820313,4233.077147999999,4202.436035,4264.102539,4229.743652
4227.05127,4267.436035,4219.230957,4214.871582,4233.461426,4210.128418,4191.282227000001,4193.846191,4215.384765999999,4235.897461,4249.102539,4208.333496,4283.077147999999,4237.307617
4218.077147999999,4247.820313,4215.512695,4208.461426,4231.410156,4223.333496,4212.307617,4185.769043,4207.436035,4224.102539,4243.846191,4202.94873,4264.487305,4231.794922
4213.717772999999,4241.666504,4210.0,4204.102539,4232.94873,4226.282227000001,4210.0,4181.025879,4202.820313,4215.641113000001,4227.05127,4193.205078,4242.820313,4221.922852000001
4211.153809,4252.436035,4203.461426,4205.384765999999,4229.358886999999,4220.384765999999,4199.230957,4183.846191,4206.538574,4214.230957,4220.641113000001,4187.94873,4249.615234000001,4219.102539
4201.282227000001,4249.871582,4199.230957,4204.743652,4228.461426,4219.615234000001,4197.820313,4191.666504,4211.538574,4213.846191,4225.256348,4185.641113000001,4261.025879,4218.974121
4192.94873,4229.743652,4196.794922,4196.410156,4225.384765999999,4215.769043,4202.94873,4206.410156,4213.461426,4214.230957,4220.512695,4180.769043,4250.897461,4212.436035
4195.256348,4228.205078,4197.563965,4193.205078,4220.512695,4213.333496,4207.05127,4211.922852000001,4208.589844,4209.102539,4213.333496,4178.461426,4238.205078,4208.589844
4197.05127,4236.153809,4197.179688,4194.615234000001,4219.487305,4215.256348,4200.512695,4201.282227000001,4198.974121,4202.436035,4218.333496,4181.282227000001,4240.641113000001,4213.205078
4195.512695,4236.538574,4196.153809,4196.666504,4222.94873,4214.743652,4192.692383,4201.666504,4199.230957,4204.102539,4226.153809,4183.974121,4246.794922,4219.615234000001
4203.333496,4248.077147999999,4204.487305,4209.487305,4230.897461,4214.102539,4199.230957,4215.0,4208.077147999999,4213.846191,4231.025879,4184.615234000001,4250.384765999999,4224.487305
4210.769043,4259.230957,4210.0,4218.077147999999,4233.205078,4212.436035,4203.589844,4202.563965,4204.743652,4215.384765999999,4230.897461,4180.641113000001,4251.922852000001,4222.307617
4205.769043,4251.794922,4200.384765999999,4210.512695,4232.692383,4212.05127,4192.307617,4174.358886999999,4197.820313,4212.820313,4229.615234000001,4175.384765999999,4252.179688,4216.153809
4196.922852000001,4244.230957,4190.128418,4204.230957,4236.666504,4215.128418,4186.025879,4172.05127,4203.461426,4214.487305,4225.641113000001,4177.563965,4242.692383,4210.769043
4186.538574,4245.769043,4186.282227000001,4202.820313,4237.563965,4218.333496,4192.436035,4178.461426,4206.794922,4210.384765999999,4220.641113000001,4175.769043,4233.461426,4199.487305
4180.256348,4246.153809,4186.538574,4202.563965,4238.205078,4218.717772999999,4197.692383,4174.487305,4204.615234000001,4211.538574,4225.897461,4173.077147999999,4246.153809,4193.205078
4179.487305,4235.769043,4189.487305,4201.282227000001,4239.487305,4214.102539,4198.461426,4176.410156,4202.692383,4215.0,4228.205078,4179.871582,4250.0,4198.974121
4177.179688,4224.358886999999,4191.666504,4194.230957,4233.205078,4211.153809,4200.0,4187.179688,4197.307617,4207.563965,4220.512695,4185.897461,4234.615234000001,4201.410156
4176.153809,4228.846191,4192.820313,4191.153809,4231.025879,4211.410156,4195.512695,4191.538574,4195.897461,4204.358886999999,4223.461426,4188.205078,4240.897461,4199.615234000001
4173.846191,4226.153809,4190.0,4191.794922,4232.94873,4210.128418,4196.410156,4188.589844,4194.743652,4207.307617,4227.307617,4185.769043,4248.333496,4196.666504
4163.974121,4206.794922,4181.410156,4182.563965,4223.077147999999,4209.743652,4210.0,4191.153809,4183.974121,4195.512695,4210.128418,4175.384765999999,4222.179688,4185.0
4161.794922,4207.94873,4180.0,4176.666504,4218.333496,4210.769043,4207.563965,4197.94873,4185.512695,4188.461426,4202.94873,4175.384765999999,4215.897461,4180.384765999999
4175.897461,4233.974121,4192.94873,4193.846191,4233.205078,4209.487305,4190.128418,4194.230957,4205.256348,4213.333496,4224.871582,4192.05127,4250.128418,4194.358886999999
4178.333496,4238.333496,4195.0,4202.307617,4237.307617,4205.128418,4186.666504,4185.769043,4214.358886999999,4230.897461,4234.358886999999,4194.358886999999,4262.563965,4197.307617
4158.205078,4215.0,4177.563965,4183.846191,4217.820313,4207.94873,4207.436035,4201.025879,4208.974121,4213.974121,4212.692383,4175.384765999999,4236.153809,4176.666504
4148.077147999999,4211.922852000001,4168.974121,4176.282227000001,4210.897461,4219.102539,4217.820313,4213.333496,4206.794922,4201.153809,4200.256348,4165.897461,4221.282227000001,4163.974121
4157.94873,4230.897461,4172.179688,4187.05127,4223.846191,4222.692383,4195.512695,4177.307617,4196.922852000001,4207.820313,4211.025879,4173.461426,4231.794922,4168.205078
4166.922852000001,4236.410156,4179.743652,4194.487305,4229.230957,4218.077147999999,4181.410156,4149.102539,4187.563965,4214.102539,4216.922852000001,4184.358886999999,4237.94873,4174.871582
4163.205078,4223.974121,4185.256348,4191.794922,4214.102539,4214.871582,4194.743652,4173.461426,4194.615234000001,4208.974121,4212.307617,4182.692383,4227.179688,4174.743652
4156.666504,4218.717772999999,4181.538574,4186.410156,4198.589844,4212.436035,4203.974121,4192.94873,4194.230957,4198.974121,4207.820313,4171.282227000001,4217.179688,4169.102539
4158.589844,4220.384765999999,4182.436035,4186.025879,4202.05127,4212.820313,4205.641113000001,4189.871582,4189.230957,4202.563965,4211.794922,4171.025879,4226.153809,4171.666504
4155.769043,4204.487305,4184.615234000001,4179.871582,4202.179688,4208.461426,4211.666504,4190.256348,4185.128418,4201.538574,4208.589844,4176.410156,4223.333496,4169.871582
4149.358886999999,4194.358886999999,4179.230957,4171.666504,4195.897461,4203.333496,4207.563965,4182.307617,4170.641113000001,4182.05127,4197.307617,4173.461426,4199.615234000001,4157.05127
4155.512695,4210.256348,4179.615234000001,4180.256348,4204.230957,4212.179688,4200.641113000001,4173.461426,4169.487305,4181.666504,4200.384765999999,4172.179688,4196.666504,4155.0
4163.461426,4225.128418,4184.871582,4190.256348,4210.128418,4218.846191,4207.436035,4187.820313,4197.179688,4208.077147999999,4215.641113000001,4181.666504,4219.102539,4167.05127
4157.179688,4222.563965,4182.563965,4185.769043,4202.820313,4215.0,4209.487305,4205.769043,4216.922852000001,4221.922852000001,4222.563965,4185.897461,4230.769043,4171.282227000001
4145.256348,4214.487305,4175.897461,4180.256348,4202.179688,4216.538574,4197.436035,4186.922852000001,4205.769043,4209.102539,4209.871582,4171.666504,4215.128418,4157.563965
4146.153809,4220.0,4175.897461,4184.743652,4209.102539,4224.230957,4196.282227000001,4173.333496,4204.230957,4204.102539,4198.846191,4166.025879,4206.922852000001,4149.871582
4155.641113000001,4233.077147999999,4181.282227000001,4191.922852000001,4211.538574,4226.922852000001,4206.922852000001,4205.256348,4220.769043,4216.922852000001,4208.974121,4180.512695,4224.487305,4161.153809
4161.922852000001,4237.05127,4188.205078,4195.769043,4203.974121,4218.974121,4198.205078,4213.974121,4217.692383,4219.487305,4221.153809,4190.641113000001,4234.871582,4172.94873
4171.153809,4244.230957,4200.256348,4202.94873,4198.846191,4211.794922,4186.410156,4182.94873,4204.615234000001,4215.641113000001,4225.641113000001,4190.769043,4235.256348,4177.563965
4179.871582,4254.230957,4211.410156,4207.179688,4198.717772999999,4214.230957,4195.0,4182.05127,4202.820313,4218.461426,4231.025879,4191.538574,4243.333496,4182.692383
4179.102539,4243.077147999999,4211.538574,4202.179688,4190.0,4213.717772999999,4201.666504,4200.641113000001,4197.94873,4216.538574,4230.897461,4194.230957,4244.487305,4185.0
4170.897461,4228.974121,4200.897461,4195.512695,4181.794922,4207.94873,4200.641113000001,4186.666504,4181.025879,4200.769043,4215.384765999999,4186.538574,4225.384765999999,4175.128418
4159.230957,4226.410156,4187.692383,4186.410156,4180.897461,4208.589844,4198.974121,4160.0,4162.94873,4182.820313,4196.025879,4168.205078,4201.922852000001,4159.487305
4163.205078,4233.461426,4192.05127,4188.717772999999,4187.05127,4216.538574,4191.025879,4159.615234000001,4170.512695,4191.153809,4200.897461,4168.461426,4212.820313,4164.358886999999
4172.692383,4240.384765999999,4201.153809,4197.692383,4191.025879,4217.436035,4187.436035,4174.743652,4192.563965,4212.307617,4217.436035,4182.692383,4237.563965,4176.666504
4163.974121,4230.641113000001,4190.0,4190.641113000001,4188.589844,4219.487305,4197.179688,4178.461426,4191.025879,4206.666504,4210.0,4178.974121,4227.307617,4163.974121
4163.461426,4230.769043,4189.358886999999,4197.05127,4201.153809,4235.0,4198.717772999999,4170.897461,4190.256348,4201.794922,4202.563965,4174.615234000001,4216.794922,4156.922852000001
4183.717772999999,4258.461426,4211.410156,4223.589844,4224.358886999999,4231.794922,4183.333496,4179.230957,4215.512695,4227.307617,4223.589844,4189.871582,4242.05127,4177.94873
4193.077147999999,4270.0,4216.666504,4226.538574,4224.871582,4208.333496,4183.717772999999,4210.256348,4236.538574,4245.897461,4243.077147999999,4200.512695,4260.384765999999,4191.666504
4181.794922,4249.487305,4204.743652,4209.358886999999,4206.922852000001,4207.436035,4204.358886999999,4224.358886999999,4231.153809,4237.179688,4232.94873,4195.128418,4243.333496,4180.769043
4168.333496,4237.94873,4197.94873,4203.846191,4203.589844,4222.05127,4204.487305,4196.794922,4207.307617,4217.436035,4210.384765999999,4185.384765999999,4218.205078,4165.641113000001
4164.102539,4241.794922,4195.128418,4202.820313,4207.05127,4225.128418,4187.820313,4174.487305,4193.205078,4207.563965,4204.102539,4178.461426,4213.333496,4163.461426
4166.153809,4238.205078,4197.436035,4199.358886999999,4198.717772999999,4218.717772999999,4185.512695,4187.179688,4202.436035,4214.230957,4210.256348,4180.897461,4222.307617,4167.563965
4167.563965,4236.282227000001,4205.641113000001,4204.871582,4197.820313,4216.153809,4196.025879,4193.461426,4206.922852000001,4217.179688,4211.025879,4189.102539,4223.333496,4170.769043
4168.333496,4242.307617,4205.769043,4211.410156,4201.794922,4217.692383,4208.461426,4180.897461,4191.282227000001,4208.717772999999,4205.769043,4190.641113000001,4217.692383,4172.563965
4171.282227000001,4244.871582,4203.077147999999,4212.179688,4192.307617,4216.666504,4214.102539,4185.897461,4193.461426,4209.743652,4207.05127,4186.794922,4224.230957,4176.794922
4174.743652,4249.487305,4211.794922,4217.436035,4188.205078,4219.230957,4207.94873,4194.487305,4215.256348,4228.333496,4218.717772999999,4190.769043,4241.794922,4186.410156
4175.897461,4256.025879,4215.384765999999,4221.538574,4196.666504,4224.358886999999,4196.025879,4184.871582,4218.333496,4238.205078,4224.230957,4199.102539,4246.922852000001,4189.358886999999
4176.153809,4256.410156,4210.641113000001,4219.102539,4200.128418,4223.461426,4192.820313,4194.358886999999,4214.230957,4233.333496,4220.769043,4203.846191,4239.358886999999,4185.512695
4181.794922,4259.871582,4216.410156,4219.487305,4204.358886999999,4224.230957,4196.794922,4206.538574,4220.0,4235.256348,4224.743652,4211.282227000001,4242.563965,4190.384765999999
4185.641113000001,4260.769043,4218.205078,4219.871582,4209.871582,4226.538574,4192.820313,4175.641113000001,4213.846191,4238.077147999999,4225.384765999999,4218.333496,4246.666504,4195.512695
4185.128418,4259.487305,4212.692383,4221.666504,4212.692383,4223.205078,4189.102539,4164.743652,4210.384765999999,4239.743652,4221.666504,4219.102539,4243.077147999999,4193.846191
4185.512695,4259.743652,4215.384765999999,4222.563965,4212.436035,4216.025879,4197.692383,4199.871582,4219.230957,4241.025879,4219.102539,4217.05127,4238.589844,4190.384765999999
4191.153809,4256.025879,4220.641113000001,4218.589844,4211.666504,4209.358886999999,4205.384765999999,4207.820313,4212.179688,4232.436035,4212.307617,4216.410156,4234.743652,4186.922852000001
4200.384765999999,4256.153809,4221.153809,4220.769043,4215.769043,4202.307617,4199.871582,4193.077147999999,4201.922852000001,4222.05127,4207.307617,4218.333496,4235.512695,4188.974121
4192.94873,4248.461426,4211.922852000001,4215.512695,4209.102539,4198.461426,4200.512695,4193.205078,4194.871582,4208.461426,4197.563965,4209.358886999999,4225.128418,4182.692383
4169.871582,4228.974121,4195.641113000001,4195.897461,4198.333496,4204.615234000001,4214.102539,4186.666504,4171.538574,4184.487305,4175.641113000001,4191.410156,4201.410156,4162.692383
4164.871582,4231.025879,4193.077147999999,4198.205078,4211.282227000001,4214.743652,4208.589844,4175.897461,4167.307617,4182.307617,4172.692383,4188.717772999999,4201.538574,4161.025879
4174.871582,4250.512695,4203.077147999999,4217.692383,4225.128418,4217.05127,4189.743652,4178.205078,4195.256348,4207.94873,4190.0,4195.0,4223.333496,4174.230957
4171.025879,4246.025879,4199.487305,4213.589844,4215.384765999999,4214.615234000001,4190.128418,4174.230957,4202.692383,4215.769043,4186.025879,4187.563965,4224.230957,4165.128418
4164.487305,4233.717772999999,4190.128418,4200.897461,4207.179688,4215.641113000001,4186.282227000001,4165.128418,4189.102539,4208.589844,4175.256348,4183.846191,4217.307617,4155.641113000001
4174.358886999999,4241.922852000001,4198.589844,4208.077147999999,4217.820313,4221.025879,4171.666504,4169.230957,4195.769043,4216.025879,4188.333496,4197.436035,4234.102539,4177.179688
4185.641113000001,4250.256348,4211.410156,4219.615234000001,4226.153809,4225.897461,4179.230957,4187.820313,4216.282227000001,4227.05127,4198.846191,4204.871582,4249.487305,4192.94873
4186.922852000001,4246.794922,4210.512695,4217.692383,4216.025879,4221.025879,4190.512695,4207.05127,4220.897461,4225.641113000001,4189.230957,4200.512695,4241.282227000001,4182.692383
4185.256348,4248.717772999999,4206.153809,4212.179688,4207.820313,4205.384765999999,4183.205078,4210.641113000001,4212.94873,4220.641113000001,4182.179688,4200.769043,4230.769043,4178.589844
4184.743652,4250.769043,4207.05127,4210.512695,4209.871582,4192.179688,4180.897461,4199.102539,4207.436035,4215.897461,4183.333496,4202.820313,4230.897461,4186.282227000001
4181.538574,4234.230957,4206.410156,4205.897461,4197.820313,4191.666504,4204.230957,4196.538574,4200.128418,4204.743652,4177.05127,4195.256348,4220.256348,4183.717772999999
4181.025879,4216.538574,4207.179688,4201.666504,4184.615234000001,4201.538574,4226.666504,4204.743652,4190.641113000001,4196.025879,4171.025879,4185.641113000001,4203.846191,4176.282227000001
4187.436035,4225.769043,4211.153809,4206.410156,4194.230957,4201.538574,4201.794922,4183.974121,4182.692383,4197.05127,4175.384765999999,4185.384765999999,4208.717772999999,4180.897461
4194.487305,4242.94873,4212.692383,4215.641113000001,4205.897461,4192.05127,4167.692383,4143.589844,4177.307617,4197.820313,4180.641113000001,4186.025879,4221.794922,4186.282227000001
4182.307617,4223.846191,4198.205078,4201.666504,4195.384765999999,4199.615234000001,4193.333496,4135.769043,4163.461426,4177.563965,4169.615234000001,4171.282227000001,4203.205078,4173.589844
4162.307617,4198.205078,4177.692383,4177.179688,4182.692383,4215.128418,4216.538574,4160.641113000001,4155.512695,4159.615234000001,4152.179688,4157.179688,4173.974121,4159.102539
4169.615234000001,4217.436035,4182.436035,4187.179688,4191.922852000001,4212.692383,4179.230957,4179.102539,4187.692383,4188.974121,4168.205078,4169.487305,4190.256348,4172.563965
4193.589844,4246.922852000001,4205.256348,4212.179688,4201.282227000001,4208.205078,4158.974121,4186.538574,4232.05127,4234.230957,4205.897461,4193.974121,4228.589844,4201.282227000001
4200.512695,4247.436035,4211.922852000001,4213.077147999999,4194.871582,4212.436035,4185.0,4198.717772999999,4242.436035,4244.358886999999,4217.436035,4202.692383,4236.666504,4206.282227000001
4192.692383,4237.179688,4206.025879,4205.384765999999,4187.179688,4211.410156,4196.153809,4210.0,4233.717772999999,4234.615234000001,4207.94873,4196.922852000001,4226.666504,4195.256348
4190.128418,4232.436035,4209.487305,4209.487305,4189.487305,4207.692383,4189.487305,4214.487305,4234.871582,4236.922852000001,4212.692383,4200.897461,4230.256348,4198.717772999999
4191.410156,4232.179688,4215.769043,4212.307617,4192.179688,4207.563965,4193.717772999999,4214.102539,4230.641113000001,4235.897461,4217.692383,4208.077147999999,4233.589844,4204.102539
4190.256348,4231.666504,4216.410156,4208.717772999999,4184.743652,4200.769043,4193.846191,4211.410156,4212.307617,4217.820313,4205.641113000001,4203.077147999999,4219.487305,4196.794922
4193.077147999999,4232.05127,4219.102539,4213.974121,4182.563965,4191.922852000001,4187.692383,4206.922852000001,4201.922852000001,4210.769043,4202.436035,4201.153809,4214.743652,4195.0
4193.846191,4237.05127,4219.358886999999,4220.384765999999,4189.615234000001,4187.563965,4188.589844,4200.128418,4198.461426,4212.820313,4208.333496,4201.922852000001,4224.487305,4198.974121
4178.974121,4228.205078,4203.846191,4208.077147999999,4185.256348,4177.436035,4188.205078,4183.077147999999,4181.538574,4192.820313,4191.666504,4188.205078,4212.307617,4188.589844
4160.641113000001,4206.410156,4183.974121,4191.025879,4177.179688,4177.94873,4188.974121,4168.717772999999,4165.256348,4167.820313,4166.282227000001,4173.333496,4184.743652,4171.922852000001
4159.358886999999,4203.461426,4176.410156,4188.461426,4183.846191,4189.615234000001,4191.922852000001,4168.974121,4170.641113000001,4169.743652,4166.282227000001,4172.820313,4184.102539,4164.487305
4164.743652,4213.589844,4175.897461,4190.0,4196.025879,4195.128418,4194.102539,4173.077147999999,4183.461426,4187.94873,4181.282227000001,4177.436035,4201.538574,4166.153809
4162.820313,4208.717772999999,4178.717772999999,4188.077147999999,4202.436035,4205.256348,4205.0,4186.538574,4199.102539,4200.897461,4187.820313,4179.871582,4203.589844,4171.282227000001
4159.230957,4202.563965,4178.333496,4187.436035,4203.077147999999,4215.897461,4215.0,4198.205078,4214.230957,4205.641113000001,4190.384765999999,4181.153809,4200.384765999999,4170.384765999999
4163.077147999999,4217.692383,4179.102539,4192.563965,4207.307617,4219.871582,4208.077147999999,4200.0,4222.820313,4216.666504,4202.307617,4187.692383,4214.487305,4170.641113000001
4165.769043,4227.05127,4183.077147999999,4193.077147999999,4213.333496,4218.589844,4200.769043,4210.897461,4226.794922,4224.615234000001,4209.615234000001,4187.179688,4221.922852000001,4173.974121
4161.538574,4212.692383,4184.358886999999,4186.410156,4211.538574,4214.743652,4207.820313,4217.05127,4215.769043,4210.641113000001,4199.358886999999,4175.641113000001,4209.487305,4172.179688
4171.025879,4213.974121,4195.384765999999,4196.153809,4215.769043,4212.563965,4203.974121,4207.436035,4205.128418,4208.205078,4202.563965,4183.846191,4213.974121,4182.692383
4190.384765999999,4239.358886999999,4212.820313,4218.461426,4229.230957,4208.077147999999,4182.94873,4199.743652,4208.205078,4225.769043,4222.436035,4205.128418,4234.230957,4200.769043
4196.922852000001,4246.410156,4218.589844,4222.05127,4233.205078,4203.974121,4181.025879,4198.717772999999,4205.769043,4222.307617,4221.794922,4206.025879,4232.307617,4198.461426
4192.307617,4232.307617,4212.820313,4211.282227000001,4226.410156,4202.307617,4185.512695,4189.871582,4189.487305,4204.358886999999,4207.436035,4196.025879,4218.846191,4186.282227000001
4188.589844,4228.846191,4210.897461,4210.769043,4222.179688,4196.153809,4174.102539,4178.333496,4184.230957,4204.487305,4210.384765999999,4197.94873,4220.128418,4184.358886999999
4186.538574,4236.282227000001,4213.846191,4216.538574,4219.743652,4188.589844,4180.128418,4178.717772999999,4198.589844,4216.922852000001,4220.256348,4199.871582,4229.871582,4184.358886999999
4175.256348,4226.410156,4203.974121,4205.128418,4210.897461,4191.538574,4199.102539,4182.692383,4204.358886999999,4218.974121,4208.461426,4190.256348,4225.256348,4173.717772999999
4157.692383,4203.589844,4184.743652,4187.179688,4200.897461,4205.897461,4203.589844,4193.333496,4205.769043,4215.641113000001,4189.102539,4178.333496,4208.846191,4158.461426
4142.179688,4193.589844,4171.922852000001,4180.384765999999,4205.384765999999,4220.512695,4206.666504,4211.025879,4217.179688,4219.743652,4188.205078,4169.358886999999,4202.307617,4148.717772999999
4130.384765999999,4186.538574,4162.94873,4169.871582,4213.974121,4228.717772999999,4220.256348,4223.077147999999,4226.538574,4221.794922,4188.974121,4161.282227000001,4199.871582,4142.692383
4130.641113000001,4179.102539,4162.563965,4163.589844,4213.974121,4235.897461,4230.641113000001,4231.922852000001,4232.179688,4224.102539,4187.179688,4162.94873,4200.0,4141.153809
4138.974121,4187.307617,4172.179688,4174.358886999999,4210.897461,4241.922852000001,4223.846191,4225.128418,4231.666504,4231.666504,4193.846191,4173.077147999999,4210.769043,4141.666504
4140.128418,4192.307617,4175.0,4178.846191,4206.794922,4242.179688,4220.512695,4215.384765999999,4223.461426,4227.820313,4194.358886999999,4173.717772999999,4209.615234000001,4136.538574
4138.205078,4181.794922,4171.538574,4173.461426,4200.641113000001,4235.769043,4225.897461,4218.333496,4213.461426,4214.615234000001,4182.563965,4166.794922,4193.717772999999,4130.641113000001
4145.769043,4187.05127,4175.0,4177.820313,4198.974121,4221.922852000001,4201.282227000001,4199.871582,4202.05127,4209.358886999999,4178.974121,4167.563965,4195.512695,4133.077147999999
4155.512695,4204.871582,4184.358886999999,4189.487305,4203.717772999999,4216.282227000001,4166.538574,4164.102539,4190.769043,4214.102539,4190.0,4173.717772999999,4209.102539,4141.410156
4156.922852000001,4200.769043,4190.128418,4191.410156,4202.94873,4218.077147999999,4165.512695,4155.384765999999,4186.538574,4216.538574,4196.282227000001,4173.717772999999,4204.743652,4145.897461
4154.487305,4197.436035,4187.692383,4191.153809,4202.436035,4213.846191,4167.692383,4176.666504,4203.461426,4227.692383,4195.769043,4172.179688,4200.641113000001,4146.410156
4149.487305,4203.589844,4176.410156,4190.769043,4203.077147999999,4211.282227000001,4159.487305,4199.102539,4233.205078,4247.179688,4197.94873,4170.897461,4205.128418,4140.256348
4134.102539,4181.410156,4159.230957,4174.743652,4190.641113000001,4218.589844,4175.384765999999,4211.666504,4244.230957,4249.615234000001,4193.846191,4160.384765999999,4191.153809,4121.922852000001
4118.077147999999,4157.692383,4147.179688,4155.0,4185.256348,4228.461426,4201.538574,4216.538574,4238.077147999999,4244.230957,4182.436035,4147.820313,4171.282227000001,4106.538574
4113.974121,4162.820313,4141.410156,4152.436035,4195.256348,4234.230957,4208.077147999999,4218.846191,4237.307617,4245.641113000001,4177.563965,4147.436035,4168.717772999999,4103.589844
4111.922852000001,4158.589844,4136.794922,4152.05127,4193.077147999999,4233.077147999999,4213.717772999999,4229.230957,4236.025879,4240.128418,4178.589844,4153.974121,4173.077147999999,4104.871582
4103.077147999999,4143.333496,4135.384765999999,4143.589844,4182.692383,4234.615234000001,4222.692383,4230.0,4224.102539,4231.538574,4177.94873,4151.410156,4174.102539,4104.230957
4099.743652,4150.641113000001,4138.974121,4143.846191,4188.333496,4236.282227000001,4214.102539,4206.666504,4211.538574,4229.615234000001,4175.512695,4145.128418,4170.897461,4103.846191
4114.743652,4171.025879,4151.025879,4158.717772999999,4197.179688,4226.922852000001,4212.692383,4196.410156,4213.461426,4231.282227000001,4177.563965,4150.512695,4172.820313,4110.769043
4124.743652,4168.974121,4159.615234000001,4164.743652,4190.769043,4222.05127,4227.05127,4215.256348,4217.307617,4230.641113000001,4177.179688,4161.794922,4173.974121,4115.769043
4125.769043,4163.974121,4159.743652,4165.512695,4190.128418,4229.487305,4211.025879,4207.436035,4207.179688,4227.820313,4175.256348,4170.384765999999,4171.794922,4120.128418
4146.538574,4190.897461,4176.538574,4183.974121,4206.025879,4223.461426,4172.563965,4169.615234000001,4203.974121,4237.307617,4192.05127,4184.615234000001,4190.641113000001,4140.769043
4166.794922,4206.153809,4193.333496,4195.769043,4203.333496,4203.974121,4159.487305,4161.410156,4209.871582,4246.666504,4203.589844,4193.077147999999,4206.538574,4152.436035
4158.205078,4186.666504,4185.384765999999,4186.410156,4188.589844,4206.410156,4172.436035,4180.128418,4209.230957,4241.410156,4189.743652,4182.179688,4193.333496,4136.794922
4144.615234000001,4178.461426,4177.05127,4178.589844,4195.769043,4225.512695,4191.922852000001,4192.179688,4211.410156,4236.666504,4176.153809,4171.410156,4177.179688,4122.436035
4143.333496,4186.666504,4178.077147999999,4173.077147999999,4200.256348,4226.410156,4202.436035,4201.153809,4220.256348,4239.743652,4174.358886999999,4171.794922,4175.384765999999,4121.025879
4136.153809,4176.282227000001,4170.128418,4167.436035,4192.179688,4217.563965,4203.589844,4215.0,4224.871582,4245.128418,4174.487305,4171.794922,4177.179688,4120.256348
4117.05127,4155.769043,4153.846191,4159.230957,4190.256348,4213.333496,4206.153809,4217.94873,4220.0,4239.102539,4164.871582,4164.615234000001,4168.974121,4115.128418
4105.384765999999,4152.307617,4144.871582,4150.769043,4192.563965,4220.641113000001,4213.077147999999,4204.615234000001,4212.307617,4223.974121,4153.589844,4161.922852000001,4159.871582,4112.179688
4102.94873,4154.743652,4144.230957,4152.307617,4196.025879,4236.025879,4218.077147999999,4198.589844,4208.846191,4216.538574,4151.410156,4163.461426,4157.436035,4112.692383
4101.794922,4152.05127,4142.436035,4155.512695,4197.307617,4236.922852000001,4216.410156,4203.717772999999,4208.205078,4216.794922,4152.436035,4164.487305,4157.307617,4113.846191
4110.512695,4161.794922,4147.307617,4157.563965,4197.179688,4230.769043,4214.743652,4202.05127,4210.512695,4222.563965,4156.922852000001,4172.179688,4164.615234000001,4120.384765999999
4125.384765999999,4176.410156,4161.025879,4166.794922,4201.025879,4230.384765999999,4219.487305,4195.641113000001,4212.436035,4229.487305,4162.820313,4180.641113000001,4172.436035,4127.563965
4130.0,4177.436035,4165.384765999999,4173.846191,4207.307617,4223.333496,4216.794922,4197.179688,4208.717772999999,4226.282227000001,4163.205078,4181.666504,4167.307617,4125.256348
4132.05127,4181.410156,4162.94873,4171.538574,4212.820313,4217.179688,4203.077147999999,4206.666504,4211.025879,4221.025879,4165.0,4182.692383,4168.077147999999,4126.153809
4136.410156,4190.512695,4169.743652,4175.0,4213.717772999999,4217.179688,4189.871582,4213.974121,4223.077147999999,4230.641113000001,4172.179688,4188.717772999999,4183.333496,4137.820313
4133.461426,4187.820313,4175.512695,4180.128418,4206.666504,4221.025879,4201.794922,4233.461426,4239.743652,4244.871582,4172.820313,4190.0,4187.563965,4143.077147999999
4130.0,4180.769043,4171.153809,4172.94873,4201.153809,4228.461426,4224.102539,4248.846191,4249.743652,4242.563965,4167.94873,4181.282227000001,4179.487305,4138.333496
4131.025879,4179.358886999999,4169.358886999999,4165.128418,4205.128418,4230.512695,4210.384765999999,4217.563965,4236.153809,4231.153809,4165.128418,4176.538574,4173.717772999999,4135.769043
4131.282227000001,4182.436035,4173.461426,4170.512695,4211.410156,4231.538574,4186.538574,4181.922852000001,4217.436035,4232.563965,4165.256348,4183.461426,4175.0,4137.05127
4132.307617,4188.205078,4174.871582,4177.94873,4213.333496,4233.077147999999,4195.0,4189.102539,4218.589844,4240.769043,4165.769043,4190.897461,4177.179688,4139.358886999999
4137.436035,4189.871582,4176.282227000001,4176.794922,4209.230957,4228.974121,4212.94873,4205.897461,4223.205078,4239.102539,4162.179688,4191.282227000001,4173.205078,4141.153809
4143.333496,4186.025879,4180.512695,4178.205078,4203.974121,4225.641113000001,4210.0,4207.692383,4220.897461,4237.563965,4163.333496,4191.282227000001,4173.717772999999,4142.94873
4142.05127,4184.487305,4178.077147999999,4179.230957,4205.769043,4228.461426,4199.743652,4208.205078,4218.717772999999,4236.538574,4166.282227000001,4190.897461,4176.282227000001,4142.692383
4134.743652,4185.769043,4172.436035,4172.563965,4211.153809,4227.436035,4202.179688,4207.436035,4214.743652,4227.563965,4161.922852000001,4187.692383,4176.794922,4139.615234000001
4124.743652,4178.077147999999,4166.922852000001,4163.461426,4205.641113000001,4215.128418,4205.641113000001,4205.897461,4210.897461,4223.333496,4156.794922,4183.589844,4176.282227000001,4137.563965
4118.717772999999,4166.922852000001,4161.922852000001,4158.974121,4197.179688,4210.512695,4209.615234000001,4203.717772999999,4207.436035,4224.487305,4156.282227000001,4185.769043,4176.153809,4139.487305
4121.538574,4170.897461,4163.461426,4163.333496,4202.820313,4223.846191,4212.436035,4197.179688,4203.333496,4222.692383,4157.436035,4192.563965,4176.538574,4143.077147999999
4117.179688,4171.282227000001,4163.077147999999,4162.94873,4202.820313,4224.871582,4208.077147999999,4205.512695,4206.794922,4218.589844,4150.0,4188.974121,4169.871582,4138.846191
4110.128418,4165.769043,4159.871582,4161.538574,4195.512695,4209.358886999999,4210.256348,4220.512695,4217.05127,4218.589844,4142.563965,4181.025879,4164.487305,4133.717772999999
4115.256348,4170.256348,4164.743652,4164.102539,4196.922852000001,4209.487305,4219.615234000001,4218.717772999999,4218.846191,4221.922852000001,4143.717772999999,4182.563965,4163.717772999999,4135.897461
4120.128418,4168.846191,4168.717772999999,4161.025879,4198.205078,4225.897461,4225.128418,4212.307617,4211.282227000001,4219.487305,4144.743652,4187.179688,4159.358886999999,4137.307617
4119.743652,4164.871582,4170.0,4160.512695,4203.846191,4232.436035,4217.94873,4210.0,4211.922852000001,4220.897461,4146.666504,4187.94873,4159.102539,4139.871582
4120.641113000001,4169.102539,4168.589844,4164.487305,4215.0,4220.384765999999,4201.794922,4196.666504,4214.871582,4225.256348,4150.256348,4191.025879,4166.410156,4144.230957
4121.538574,4170.897461,4166.538574,4164.615234000001,4216.538574,4212.05127,4200.384765999999,4190.897461,4213.846191,4226.922852000001,4153.589844,4198.205078,4175.0,4144.615234000001
4117.94873,4164.871582,4166.666504,4161.538574,4211.538574,4219.615234000001,4218.717772999999,4203.717772999999,4211.538574,4225.641113000001,4152.05127,4196.922852000001,4174.487305,4142.179688
4115.512695,4165.256348,4167.05127,4159.358886999999,4214.615234000001,4223.589844,4225.384765999999,4210.641113000001,4211.153809,4226.666504,4147.94873,4191.538574,4171.025879,4138.974121
4121.410156,4173.333496,4169.358886999999,4161.666504,4223.205078,4216.794922,4212.436035,4213.589844,4220.256348,4235.0,4151.410156,4196.666504,4178.589844,4137.94873
4119.743652,4169.358886999999,4167.820313,4162.436035,4218.589844,4211.666504,4208.077147999999,4209.358886999999,4213.077147999999,4226.282227000001,4147.436035,4196.410156,4177.179688,4135.384765999999
4117.179688,4166.922852000001,4168.077147999999,4166.025879,4212.94873,4209.487305,4213.461426,4198.461426,4194.358886999999,4209.871582,4135.897461,4188.205078,4166.282227000001,4137.179688
4128.333496,4175.384765999999,4175.897461,4174.743652,4217.820313,4210.128418,4213.589844,4199.743652,4200.128418,4212.692383,4137.436035,4189.743652,4170.384765999999,4144.102539
4134.230957,4178.461426,4176.282227000001,4176.538574,4215.769043,4216.282227000001,4204.358886999999,4208.077147999999,4209.871582,4214.102539,4139.743652,4190.512695,4171.922852000001,4142.94873
4131.025879,4180.256348,4173.077147999999,4177.179688,4213.077147999999,4222.179688,4199.743652,4205.0,4200.256348,4206.025879,4132.05127,4183.974121,4160.384765999999,4143.205078
4128.717772999999,4180.769043,4174.487305,4179.230957,4214.871582,4213.717772999999,4202.820313,4191.538574,4190.641113000001,4200.512695,4127.820313,4178.974121,4153.077147999999,4146.153809
4131.538574,4177.179688,4176.666504,4176.794922,4209.102539,4199.871582,4201.025879,4191.794922,4200.256348,4207.179688,4138.974121,4180.897461,4162.563965,4149.230957
4136.922852000001,4180.128418,4179.358886999999,4177.307617,4203.589844,4202.94873,4198.333496,4205.512695,4216.282227000001,4224.743652,4155.897461,4184.743652,4180.897461,4158.589844
4132.307617,4176.025879,4174.743652,4172.563965,4200.641113000001,4202.94873,4196.922852000001,4204.102539,4215.256348,4224.743652,4152.692383,4179.102539,4179.871582,4156.410156
4117.820313,4160.128418,4163.974121,4160.512695,4198.077147999999,4196.538574,4202.820313,4197.692383,4206.666504,4207.820313,4138.205078,4169.743652,4166.153809,4144.743652
4115.769043,4155.384765999999,4164.487305,4160.256348,4198.846191,4209.358886999999,4216.666504,4206.538574,4209.230957,4210.641113000001,4142.820313,4172.563965,4167.692383,4149.230957
4126.282227000001,4164.871582,4172.692383,4170.512695,4201.410156,4224.487305,4216.282227000001,4209.102539,4214.871582,4227.179688,4158.461426,4179.487305,4180.641113000001,4158.717772999999
4124.871582,4171.538574,4170.769043,4172.307617,4204.102539,4222.307617,4207.307617,4203.846191,4218.077147999999,4234.102539,4164.358886999999,4179.102539,4189.230957,4154.358886999999
4113.589844,4167.179688,4160.897461,4163.589844,4196.922852000001,4209.871582,4208.077147999999,4208.974121,4216.410156,4226.282227000001,4161.666504,4177.179688,4186.153809,4149.358886999999
4119.487305,4169.743652,4165.384765999999,4166.794922,4189.615234000001,4200.0,4203.589844,4212.820313,4211.410156,4218.974121,4165.512695,4180.0,4181.410156,4156.410156
4138.077147999999,4185.128418,4180.769043,4182.436035,4191.794922,4198.589844,4195.256348,4203.974121,4211.025879,4219.487305,4174.102539,4185.769043,4183.846191,4165.0
4140.128418,4189.358886999999,4180.128418,4185.769043,4187.05127,4197.820313,4194.743652,4193.077147999999,4204.358886999999,4209.871582,4166.538574,4186.794922,4177.05127,4161.666504
4130.897461,4182.820313,4169.358886999999,4180.769043,4173.461426,4190.641113000001,4188.333496,4191.025879,4191.153809,4193.717772999999,4150.128418,4178.205078,4158.717772999999,4149.871582
4133.717772999999,4185.256348,4171.025879,4183.717772999999,4172.94873,4186.666504,4179.871582,4189.871582,4187.820313,4190.769043,4148.846191,4173.205078,4154.615234000001,4146.794922
4138.333496,4188.974121,4173.589844,4189.487305,4185.384765999999,4197.820313,4189.102539,4186.153809,4189.358886999999,4194.743652,4156.282227000001,4178.461426,4163.846191,4150.769043
4133.461426,4183.974121,4165.512695,4183.846191,4190.256348,4205.897461,4198.461426,4194.871582,4189.871582,4197.05127,4156.282227000001,4179.358886999999,4168.205078,4148.846191
4129.743652,4182.05127,4163.077147999999,4172.94873,4186.410156,4199.358886999999,4196.666504,4201.538574,4195.128418,4203.077147999999,4153.846191,4172.179688,4169.743652,4145.641113000001
4134.743652,4184.871582,4172.436035,4176.153809,4185.641113000001,4197.307617,4204.743652,4195.512695,4204.102539,4208.974121,4160.769043,4174.358886999999,4177.692383,4154.871582
4137.179688,4179.487305,4173.974121,4181.025879,4182.820313,4194.743652,4207.307617,4195.0,4206.025879,4208.077147999999,4169.230957,4182.692383,4184.102539,4164.743652
4134.871582,4174.358886999999,4166.666504,4175.0,4178.333496,4195.769043,4198.461426,4203.717772999999,4201.666504,4208.205078,4172.179688,4181.410156,4183.974121,4161.410156
4134.358886999999,4180.641113000001,4166.794922,4174.230957,4187.94873,4206.922852000001,4192.820313,4199.487305,4195.897461,4205.897461,4169.102539,4175.128418,4179.615234000001,4156.922852000001
4135.512695,4185.0,4170.384765999999,4180.256348,4197.563965,4196.410156,4184.102539,4180.384765999999,4189.230957,4198.974121,4163.717772999999,4174.615234000001,4176.922852000001,4157.563965
4140.769043,4187.820313,4176.666504,4185.512695,4194.102539,4185.641113000001,4190.641113000001,4191.410156,4200.769043,4209.487305,4171.538574,4183.589844,4184.743652,4162.820313
4152.94873,4196.282227000001,4189.102539,4192.05127,4194.743652,4203.717772999999,4211.153809,4222.563965,4221.025879,4228.589844,4186.666504,4195.769043,4194.743652,4172.692383
4159.615234000001,4197.820313,4196.538574,4196.538574,4203.461426,4210.641113000001,4210.897461,4214.102539,4215.384765999999,4222.820313,4189.358886999999,4197.820313,4191.922852000001,4176.922852000001
4160.641113000001,4196.282227000001,4197.563965,4198.333496,4213.974121,4202.307617,4201.025879,4188.717772999999,4204.230957,4212.307617,4189.871582,4197.692383,4188.461426,4175.384765999999
4164.230957,4201.538574,4197.563965,4200.512695,4218.461426,4203.717772999999,4200.0,4188.846191,4208.974121,4217.436035,4192.436035,4203.846191,4190.512695,4175.769043
4165.769043,4204.358886999999,4195.0,4198.846191,4216.922852000001,4201.666504,4196.410156,4195.384765999999,4209.743652,4213.589844,4183.205078,4202.05127,4185.769043,4174.615234000001
4157.307617,4195.0,4186.538574,4189.615234000001,4210.128418,4198.974121,4201.282227000001,4194.871582,4199.743652,4194.358886999999,4166.666504,4189.230957,4172.05127,4162.94873
4147.820313,4182.820313,4178.846191,4182.05127,4203.461426,4208.461426,4211.538574,4194.230957,4196.282227000001,4188.205078,4160.512695,4186.025879,4163.077147999999,4153.077147999999
4150.128418,4180.0,4181.282227000001,4180.897461,4203.461426,4210.384765999999,4215.128418,4196.538574,4202.820313,4202.179688,4167.436035,4194.615234000001,4167.692383,4158.974121
4157.563965,4182.692383,4188.717772999999,4181.282227000001,4204.230957,4206.025879,4216.666504,4207.94873,4209.487305,4211.666504,4176.922852000001,4196.794922,4174.487305,4169.871582
4160.0,4186.410156,4192.05127,4186.410156,4204.358886999999,4207.94873,4210.128418,4214.871582,4212.94873,4212.820313,4182.179688,4192.94873,4180.512695,4173.461426
4155.512695,4188.461426,4189.743652,4190.641113000001,4203.717772999999,4201.538574,4196.282227000001,4198.846191,4207.820313,4213.077147999999,4180.769043,4192.179688,4182.94873,4171.538574
4151.794922,4188.333496,4186.025879,4183.846191,4202.179688,4190.641113000001,4190.769043,4183.333496,4198.333496,4206.410156,4175.256348,4191.922852000001,4174.358886999999,4166.282227000001
4161.153809,4196.282227000001,4190.769043,4187.820313,4209.615234000001,4189.358886999999,4192.692383,4195.128418,4205.256348,4205.897461,4179.230957,4195.256348,4176.025879,4170.769043
4166.538574,4203.205078,4195.897461,4199.487305,4213.461426,4190.512695,4197.179688,4205.128418,4210.512695,4211.922852000001,4182.05127,4200.256348,4185.769043,4181.666504
4155.769043,4198.461426,4190.512695,4193.333496,4204.743652,4195.256348,4211.025879,4192.94873,4194.230957,4201.282227000001,4168.461426,4194.615234000001,4177.94873,4176.922852000001
4150.769043,4197.307617,4186.538574,4186.922852000001,4199.230957,4197.563965,4212.307617,4185.512695,4186.794922,4187.820313,4161.922852000001,4184.615234000001,4172.179688,4167.692383
4152.179688,4198.077147999999,4186.025879,4190.769043,4196.794922,4192.436035,4196.282227000001,4195.256348,4197.692383,4192.307617,4166.153809,4182.692383,4181.410156,4170.0
4148.205078,4192.436035,4180.0,4188.077147999999,4192.563965,4193.461426,4199.487305,4192.820313,4195.897461,4197.820313,4162.436035,4181.025879,4178.717772999999,4166.410156
4148.333496,4194.615234000001,4178.333496,4183.205078,4194.487305,4195.769043,4201.922852000001,4173.589844,4188.205078,4194.102539,4159.615234000001,4178.333496,4169.102539,4157.692383
4155.897461,4202.820313,4186.410156,4188.846191,4202.563965,4195.0,4189.102539,4182.820313,4205.0,4195.512695,4170.641113000001,4182.436035,4177.436035,4165.384765999999
4157.307617,4199.743652,4186.794922,4193.077147999999,4205.256348,4205.256348,4192.05127,4213.461426,4221.282227000001,4204.743652,4177.94873,4187.820313,4187.820313,4173.589844
4148.333496,4184.615234000001,4175.641113000001,4183.461426,4197.820313,4216.794922,4208.589844,4213.077147999999,4211.282227000001,4208.333496,4169.871582,4184.230957,4183.205078,4162.94873
4145.0,4178.461426,4173.333496,4177.692383,4195.512695,4212.563965,4215.641113000001,4195.384765999999,4203.205078,4207.563965,4167.692383,4179.871582,4181.410156,4159.358886999999
4146.794922,4183.717772999999,4177.179688,4179.743652,4194.230957,4203.077147999999,4210.384765999999,4191.922852000001,4208.461426,4205.641113000001,4173.846191,4181.025879,4185.641113000001,4166.666504
4147.179688,4184.615234000001,4176.794922,4178.846191,4188.717772999999,4205.769043,4213.974121,4194.871582,4208.077147999999,4203.205078,4174.871582,4182.179688,4179.615234000001,4166.153809
4151.025879,4186.538574,4181.538574,4178.974121,4192.563965,4214.615234000001,4224.230957,4191.538574,4201.666504,4208.461426,4175.0,4181.153809,4173.333496,4167.179688
4155.0,4190.384765999999,4185.769043,4181.282227000001,4197.307617,4206.922852000001,4210.769043,4184.743652,4198.589844,4208.717772999999,4177.563965,4180.641113000001,4175.256348,4174.102539
4160.641113000001,4194.615234000001,4187.436035,4185.256348,4194.615234000001,4193.974121,4197.307617,4197.436035,4204.102539,4202.307617,4180.384765999999,4186.153809,4179.487305,4179.358886999999
4162.307617,4198.846191,4190.512695,4190.384765999999,4191.794922,4199.358886999999,4213.205078,4213.461426,4209.358886999999,4203.461426,4178.974121,4188.846191,4172.692383,4180.512695
4155.897461,4200.512695,4188.974121,4191.153809,4191.538574,4200.512695,4214.615234000001,4205.256348,4205.769043,4206.153809,4173.589844,4182.94873,4161.666504,4177.820313
4156.153809,4207.307617,4190.256348,4193.205078,4198.333496,4192.692383,4190.256348,4192.436035,4203.461426,4210.0,4177.179688,4181.922852000001,4173.205078,4180.128418
4166.666504,4215.256348,4198.333496,4200.641113000001,4210.384765999999,4197.179688,4185.769043,4188.077147999999,4205.384765999999,4219.102539,4186.666504,4189.871582,4195.256348,4188.333496
4168.974121,4217.436035,4199.358886999999,4202.307617,4216.025879,4207.820313,4201.282227000001,4188.461426,4207.436035,4223.461426,4189.871582,4196.666504,4199.487305,4193.461426
4163.077147999999,4210.897461,4194.358886999999,4194.102539,4210.897461,4207.820313,4207.692383,4190.512695,4208.077147999999,4217.05127,4185.897461,4194.358886999999,4190.0,4191.538574
4162.179688,4200.641113000001,4192.05127,4187.436035,4206.538574,4200.0,4204.743652,4188.974121,4200.0,4211.922852000001,4181.922852000001,4191.025879,4185.128418,4188.461426
4168.077147999999,4202.94873,4198.846191,4193.205078,4212.436035,4201.282227000001,4206.922852000001,4205.384765999999,4210.0,4225.769043,4193.205078,4202.307617,4198.589844,4195.897461
4169.358886999999,4204.358886999999,4205.512695,4197.436035,4212.436035,4203.717772999999,4213.974121,4231.666504,4227.692383,4235.897461,4201.025879,4212.179688,4208.589844,4203.461426
4162.436035,4196.538574,4200.512695,4190.128418,4201.410156,4193.077147999999,4210.769043,4210.897461,4209.358886999999,4223.461426,4185.897461,4204.487305,4195.512695,4196.922852000001
4161.153809,4199.743652,4194.358886999999,4186.922852000001,4203.846191,4188.077147999999,4205.769043,4181.666504,4193.077147999999,4212.179688,4176.666504,4197.94873,4186.025879,4192.05127
4161.153809,4200.897461,4190.0,4187.307617,4209.871582,4192.692383,4208.589844,4198.974121,4205.0,4205.0,4176.538574,4197.820313,4183.077147999999,4188.333496
4155.0,4191.410156,4186.153809,4185.769043,4204.615234000001,4195.128418,4206.410156,4210.256348,4209.615234000001,4200.128418,4169.102539,4193.846191,4180.769043,4178.461426
4154.487305,4195.256348,4186.153809,4186.410156,4206.666504,4189.743652,4200.512695,4190.512695,4198.205078,4207.94873,4170.769043,4191.538574,4192.307617,4178.974121
4162.563965,4206.666504,4189.102539,4190.0,4213.974121,4180.641113000001,4199.871582,4182.179688,4193.717772999999,4214.487305,4179.615234000001,4195.384765999999,4201.410156,4190.128418
4175.128418,4215.641113000001,4199.230957,4200.769043,4218.717772999999,4186.025879,4197.307617,4190.641113000001,4202.436035,4217.563965,4183.717772999999,4202.436035,4201.666504,4196.794922
4178.333496,4218.077147999999,4205.128418,4207.307617,4220.897461,4192.563965,4188.846191,4191.282227000001,4207.307617,4222.436035,4184.102539,4204.615234000001,4202.307617,4196.282227000001
4169.743652,4211.410156,4199.358886999999,4201.153809,4219.230957,4187.436035,4196.666504,4206.666504,4209.615234000001,4222.307617,4181.282227000001,4200.384765999999,4199.487305,4193.846191
4168.846191,4210.128418,4198.077147999999,4198.846191,4222.94873,4189.358886999999,4211.666504,4219.871582,4214.615234000001,4218.974121,4179.230957,4200.512695,4196.282227000001,4191.922852000001
4176.538574,4219.230957,4202.692383,4203.461426,4229.615234000001,4199.358886999999,4206.794922,4195.512695,4216.794922,4218.717772999999,4181.282227000001,4203.589844,4201.282227000001,4193.077147999999
4174.487305,4217.563965,4201.153809,4199.871582,4228.205078,4202.563965,4206.794922,4185.512695,4213.846191,4220.0,4182.692383,4203.974121,4208.205078,4194.615234000001
4167.94873,4203.974121,4194.615234000001,4191.922852000001,4222.692383,4201.025879,4219.743652,4205.256348,4207.179688,4215.0,4179.487305,4201.922852000001,4210.128418,4190.128418
4175.769043,4210.128418,4197.307617,4199.358886999999,4226.153809,4200.897461,4213.077147999999,4205.384765999999,4206.153809,4217.563965,4183.461426,4203.589844,4216.922852000001,4194.102539
4181.922852000001,4225.256348,4203.846191,4210.0,4230.256348,4191.025879,4187.94873,4187.179688,4206.025879,4226.922852000001,4190.128418,4209.230957,4226.025879,4206.922852000001
4173.846191,4217.692383,4198.461426,4201.794922,4221.538574,4179.743652,4183.205078,4180.641113000001,4195.641113000001,4218.461426,4182.692383,4206.025879,4217.820313,4203.077147999999
4171.025879,4207.820313,4191.153809,4196.666504,4218.974121,4186.282227000001,4197.307617,4184.487305,4189.358886999999,4205.128418,4172.563965,4197.179688,4204.743652,4191.666504
4178.461426,4213.846191,4196.153809,4203.333496,4229.358886999999,4190.256348,4195.0,4190.641113000001,4197.820313,4210.897461,4176.153809,4198.205078,4208.717772999999,4197.692383
4187.94873,4222.307617,4207.94873,4208.589844,4230.0,4180.128418,4185.512695,4194.615234000001,4208.846191,4226.922852000001,4191.025879,4208.077147999999,4225.256348,4212.05127
4188.846191,4223.717772999999,4211.410156,4208.077147999999,4220.0,4179.358886999999,4192.563965,4196.538574,4213.077147999999,4230.128418,4196.794922,4205.897461,4230.769043,4213.077147999999
4177.436035,4213.974121,4202.179688,4200.128418,4216.282227000001,4189.487305,4210.641113000001,4207.307617,4209.743652,4217.820313,4180.897461,4192.307617,4213.589844,4199.487305
4169.743652,4201.025879,4194.743652,4193.077147999999,4221.282227000001,4192.563965,4213.846191,4200.384765999999,4198.077147999999,4207.307617,4164.358886999999,4187.05127,4200.0,4189.871582
4177.563965,4201.153809,4199.230957,4193.717772999999,4222.05127,4185.0,4192.307617,4178.077147999999,4192.05127,4210.384765999999,4163.717772999999,4191.282227000001,4205.0,4195.384765999999
4181.794922,4206.794922,4202.692383,4193.589844,4218.589844,4180.769043,4180.0,4173.333496,4193.461426,4214.102539,4161.922852000001,4191.410156,4206.153809,4201.282227000001
4176.025879,4202.692383,4197.692383,4190.128418,4215.512695,4188.846191,4204.102539,4186.794922,4198.077147999999,4209.102539,4156.282227000001,4185.897461,4194.230957,4196.153809
4177.05127,4198.717772999999,4197.692383,4189.615234000001,4211.410156,4191.922852000001,4216.666504,4210.512695,4208.974121,4209.615234000001,4159.487305,4190.0,4192.307617,4195.384765999999
4178.461426,4201.794922,4203.846191,4190.384765999999,4210.128418,4188.205078,4201.282227000001,4214.358886999999,4210.769043,4216.025879,4161.282227000001,4197.94873,4202.307617,4203.589844
4172.94873,4203.333496,4203.461426,4191.666504,4211.153809,4191.794922,4198.589844,4189.743652,4201.666504,4218.077147999999,4159.743652,4196.538574,4207.436035,4210.0
4176.794922,4208.461426,4201.794922,4198.974121,4214.230957,4193.717772999999,4199.615234000001,4182.05127,4200.641113000001,4216.282227000001,4166.794922,4192.563965,4213.974121,4216.666504
4188.589844,4217.179688,4206.410156,4206.922852000001,4220.384765999999,4188.461426,4188.205078,4191.794922,4203.205078,4218.589844,4175.128418,4191.794922,4224.102539,4221.922852000001
4187.179688,4213.974121,4206.922852000001,4205.769043,4216.922852000001,4184.871582,4183.589844,4191.922852000001,4201.666504,4221.153809,4172.692383,4193.077147999999,4221.153809,4218.077147999999
4180.512695,4201.282227000001,4205.0,4200.128418,4204.871582,4184.615234000001,4198.717772999999,4202.820313,4200.897461,4213.846191,4165.769043,4188.974121,4207.05127,4210.769043
4180.512695,4195.384765999999,4201.538574,4196.538574,4198.333496,4184.358886999999,4210.0,4205.641113000001,4192.436035,4198.333496,4160.128418,4176.538574,4197.307617,4205.769043
4179.358886999999,4202.436035,4198.589844,4197.179688,4199.615234000001,4188.333496,4195.641113000001,4180.256348,4185.512695,4195.0,4161.410156,4170.128418,4201.794922,4207.307617
4182.94873,4214.230957,4204.487305,4203.205078,4206.025879,4190.769043,4182.307617,4180.512695,4203.205078,4214.230957,4175.641113000001,4178.333496,4215.769043,4217.692383
4185.128418,4211.153809,4203.717772999999,4200.641113000001,4202.436035,4183.077147999999,4185.641113000001,4190.512695,4208.974121,4220.641113000001,4178.974121,4181.538574,4212.436035,4214.487305
4178.461426,4201.153809,4196.538574,4193.589844,4189.230957,4185.0,4193.077147999999,4182.436035,4198.717772999999,4206.922852000001,4172.307617,4177.436035,4202.179688,4202.307617
4172.179688,4199.615234000001,4196.666504,4194.871582,4184.615234000001,4191.794922,4196.922852000001,4194.102539,4206.410156,4203.333496,4173.717772999999,4177.179688,4207.05127,4205.0
4166.794922,4190.897461,4191.282227000001,4187.05127,4180.128418,4174.743652,4194.102539,4194.102539,4200.384765999999,4201.025879,4167.94873,4168.974121,4200.512695,4202.692383
4168.846191,4187.05127,4186.282227000001,4181.410156,4174.615234000001,4161.794922,4184.358886999999,4164.871582,4179.230957,4196.153809,4163.077147999999,4165.384765999999,4192.05127,4193.974121
4176.922852000001,4197.05127,4193.974121,4194.102539,4180.769043,4178.205078,4174.487305,4159.615234000001,4187.179688,4201.025879,4172.307617,4176.794922,4206.666504,4202.563965
4178.205078,4196.794922,4198.974121,4197.94873,4188.333496,4187.692383,4179.615234000001,4176.794922,4205.769043,4205.897461,4178.205078,4179.615234000001,4217.179688,4214.102539
4172.05127,4187.307617,4194.102539,4183.846191,4185.0,4178.205078,4197.307617,4186.025879,4199.615234000001,4202.820313,4175.0,4170.128418,4206.794922,4208.846191
4170.512695,4187.05127,4193.589844,4177.05127,4181.025879,4175.384765999999,4200.769043,4184.102539,4188.205078,4197.94873,4172.307617,4167.820313,4199.871582,4200.256348
4180.641113000001,4197.436035,4203.077147999999,4189.871582,4188.077147999999,4182.436035,4187.307617,4182.436035,4196.922852000001,4202.307617,4179.743652,4178.077147999999,4207.94873,4204.102539
4188.461426,4202.820313,4209.615234000001,4201.922852000001,4197.179688,4186.922852000001,4177.94873,4180.897461,4203.974121,4210.897461,4190.0,4188.461426,4213.333496,4210.897461
4185.512695,4199.102539,4206.538574,4196.282227000001,4196.025879,4185.897461,4190.384765999999,4184.102539,4203.333496,4210.0,4190.0,4192.692383,4207.05127,4211.922852000001
4181.282227000001,4197.307617,4204.358886999999,4189.358886999999,4185.384765999999,4179.615234000001,4201.666504,4187.94873,4204.615234000001,4202.05127,4182.692383,4189.615234000001,4194.230957,4211.025879
4182.179688,4199.358886999999,4206.025879,4192.307617,4183.205078,4178.974121,4191.410156,4186.666504,4197.436035,4196.282227000001,4178.717772999999,4185.128418,4185.384765999999,4212.05127
4181.666504,4201.666504,4204.743652,4194.871582,4198.461426,4190.256348,4185.256348,4185.128418,4190.128418,4199.743652,4179.230957,4184.743652,4190.0,4213.717772999999
4176.666504,4196.666504,4202.05127,4191.666504,4201.794922,4190.512695,4196.282227000001,4180.769043,4194.871582,4205.256348,4181.153809,4184.871582,4196.794922,4211.666504
4172.692383,4189.871582,4200.128418,4188.846191,4183.461426,4176.666504,4199.230957,4179.102539,4199.615234000001,4205.128418,4183.205078,4184.871582,4196.410156,4205.641113000001
4171.025879,4191.410156,4197.179688,4187.307617,4179.487305,4181.666504,4197.692383,4188.589844,4199.487305,4202.563965,4184.615234000001,4184.230957,4197.05127,4200.256348
4167.692383,4189.230957,4193.461426,4180.128418,4185.641113000001,4189.102539,4199.871582,4198.333496,4197.820313,4196.922852000001,4180.641113000001,4178.205078,4193.974121,4192.307617
4166.538574,4183.974121,4193.205078,4180.256348,4185.897461,4176.794922,4191.794922,4191.025879,4193.589844,4194.743652,4174.487305,4173.589844,4187.820313,4189.102539
4170.897461,4190.384765999999,4196.153809,4188.333496,4190.128418,4172.692383,4187.179688,4169.615234000001,4190.641113000001,4197.05127,4175.128418,4180.641113000001,4189.230957,4196.538574
4172.436035,4194.743652,4193.717772999999,4186.922852000001,4188.717772999999,4180.641113000001,4191.794922,4168.589844,4186.794922,4191.666504,4174.871582,4185.512695,4188.846191,4198.974121
4175.384765999999,4195.128418,4196.666504,4186.282227000001,4185.256348,4180.128418,4185.128418,4188.077147999999,4187.94873,4191.153809,4175.256348,4181.794922,4189.871582,4198.077147999999
4181.794922,4201.025879,4205.769043,4194.358886999999,4189.743652,4169.230957,4170.384765999999,4187.820313,4195.256348,4200.256348,4180.769043,4184.102539,4197.94873,4205.0
4182.307617,4200.256348,4206.282227000001,4196.025879,4191.153809,4169.102539,4178.717772999999,4175.128418,4195.256348,4200.384765999999,4180.384765999999,4189.230957,4199.230957,4207.563965
4176.794922,4192.436035,4202.94873,4188.846191,4185.769043,4187.179688,4199.358886999999,4182.94873,4187.94873,4189.743652,4171.538574,4183.205078,4190.384765999999,4197.94873
4173.717772999999,4192.94873,4200.897461,4187.05127,4187.563965,4193.461426,4192.94873,4187.692383,4183.461426,4183.717772999999,4164.871582,4177.05127,4183.333496,4190.512695
4179.487305,4200.0,4200.384765999999,4193.589844,4195.769043,4183.333496,4188.205078,4182.94873,4192.820313,4194.615234000001,4170.641113000001,4186.025879,4190.512695,4196.410156
4182.05127,4200.641113000001,4201.538574,4192.692383,4194.743652,4181.282227000001,4201.153809,4195.512695,4204.487305,4207.563965,4178.846191,4193.589844,4201.538574,4202.307617
4175.769043,4196.922852000001,4203.589844,4186.666504,4192.94873,4190.641113000001,4199.871582,4205.769043,4205.641113000001,4208.077147999999,4181.410156,4193.974121,4205.512695,4201.666504
4176.794922,4201.538574,4205.769043,4190.769043,4198.846191,4197.179688,4197.307617,4193.461426,4206.025879,4209.871582,4185.641113000001,4198.077147999999,4209.230957,4203.333496
4176.538574,4200.512695,4200.256348,4189.871582,4193.461426,4187.94873,4209.743652,4174.102539,4197.820313,4207.692383,4180.512695,4198.589844,4205.769043,4202.307617
4171.666504,4190.897461,4193.461426,4181.282227000001,4187.436035,4173.205078,4200.641113000001,4173.717772999999,4187.307617,4196.282227000001,4170.769043,4195.769043,4197.05127,4197.94873
4177.307617,4191.282227000001,4197.94873,4183.717772999999,4196.025879,4171.922852000001,4175.0,4193.077147999999,4195.0,4197.436035,4175.0,4195.256348,4198.717772999999,4202.436035
4181.410156,4195.512695,4202.563965,4189.102539,4196.538574,4180.256348,4181.153809,4196.666504,4200.897461,4204.743652,4180.512695,4193.974121,4201.794922,4206.025879
4175.0,4188.589844,4199.743652,4185.128418,4188.333496,4183.333496,4201.410156,4190.128418,4195.128418,4201.922852000001,4177.05127,4194.743652,4197.307617,4200.512695
4172.179688,4181.153809,4197.307617,4180.0,4187.94873,4182.05127,4194.743652,4187.94873,4194.487305,4195.384765999999,4173.717772999999,4195.769043,4194.487305,4198.461426
4181.922852000001,4192.94873,4205.512695,4187.179688,4195.0,4193.717772999999,4188.589844,4184.743652,4198.974121,4200.256348,4179.487305,4196.153809,4200.769043,4206.282227000001
4190.641113000001,4206.153809,4216.922852000001,4198.974121,4200.0,4204.102539,4201.538574,4199.743652,4210.641113000001,4211.282227000001,4188.974121,4202.94873,4211.922852000001,4212.179688
4190.0,4197.307617,4211.282227000001,4194.871582,4197.692383,4194.487305,4198.077147999999,4218.333496,4219.358886999999,4210.641113000001,4191.153809,4207.94873,4214.615234000001,4208.205078
4192.436035,4193.974121,4205.641113000001,4191.410156,4201.025879,4191.538574,4182.563965,4199.102539,4211.794922,4208.589844,4195.256348,4204.487305,4219.743652,4211.025879
4194.487305,4205.256348,4211.666504,4201.282227000001,4208.461426,4203.717772999999,4188.974121,4163.205078,4198.077147999999,4213.333496,4198.589844,4204.230957,4226.410156,4216.794922
4181.922852000001,4197.307617,4206.666504,4196.410156,4201.794922,4203.461426,4214.743652,4165.512695,4190.641113000001,4202.692383,4183.717772999999,4201.282227000001,4209.743652,4204.358886999999
4173.333496,4185.641113000001,4198.461426,4186.025879,4197.179688,4188.461426,4217.179688,4193.205078,4194.230957,4191.410156,4174.102539,4196.794922,4195.0,4197.692383
4188.589844,4203.205078,4210.384765999999,4200.384765999999,4212.436035,4188.205078,4191.794922,4200.897461,4208.205078,4207.307617,4191.282227000001,4207.563965,4211.922852000001,4214.102539
4202.307617,4219.871582,4228.077147999999,4216.922852000001,4220.256348,4197.820313,4187.820313,4194.230957,4217.563965,4227.563965,4208.205078,4220.512695,4232.94873,4228.974121
4196.538574,4207.692383,4227.307617,4206.666504,4208.077147999999,4190.256348,4206.666504,4189.871582,4203.077147999999,4217.179688,4202.307617,4214.358886999999,4228.077147999999,4226.538574
4191.025879,4200.128418,4218.974121,4195.897461,4201.666504,4180.641113000001,4205.641113000001,4188.846191,4188.846191,4197.05127,4192.307617,4204.743652,4217.563965,4219.487305
4191.666504,4207.820313,4216.794922,4202.307617,4207.692383,4185.384765999999,4191.025879,4189.871582,4196.794922,4196.538574,4192.05127,4205.641113000001,4215.128418,4213.333496
4186.538574,4203.589844,4213.717772999999,4202.05127,4204.358886999999,4191.666504,4199.487305,4189.743652,4201.025879,4199.871582,4189.743652,4203.461426,4208.333496,4206.410156
4185.0,4201.538574,4216.153809,4201.025879,4203.974121,4199.743652,4216.922852000001,4191.538574,4202.05127,4202.307617,4190.641113000001,4201.025879,4209.102539,4209.102539
4192.436035,4207.436035,4221.922852000001,4206.922852000001,4211.538574,4200.128418,4207.563965,4189.102539,4206.538574,4205.0,4193.974121,4204.487305,4216.282227000001,4213.846191
4191.153809,4201.410156,4216.922852000001,4200.897461,4205.769043,4187.05127,4195.641113000001,4182.692383,4201.025879,4197.179688,4184.487305,4201.410156,4209.230957,4207.307617
4183.333496,4194.102539,4212.05127,4195.641113000001,4204.487305,4190.128418,4203.717772999999,4183.205078,4195.128418,4191.282227000001,4174.358886999999,4197.563965,4200.384765999999,4201.538574
4183.333496,4199.358886999999,4215.769043,4202.820313,4216.538574,4203.974121,4206.025879,4188.205078,4205.256348,4198.589844,4179.615234000001,4201.794922,4204.743652,4208.461426
4186.025879,4207.563965,4216.922852000001,4206.922852000001,4221.025879,4201.922852000001,4204.358886999999,4196.410156,4217.05127,4206.410156,4191.666504,4203.974121,4213.461426,4217.563965
4183.846191,4204.358886999999,4214.230957,4205.256348,4216.538574,4198.974121,4211.153809,4197.436035,4210.769043,4203.077147999999,4195.512695,4200.256348,4216.410156,4214.487305
4181.025879,4199.871582,4213.461426,4203.974121,4219.230957,4195.641113000001,4199.230957,4185.384765999999,4199.230957,4198.205078,4190.384765999999,4201.282227000001,4214.358886999999,4208.205078
4182.94873,4210.256348,4213.846191,4206.410156,4223.589844,4186.666504,4183.461426,4184.230957,4202.179688,4204.871582,4191.922852000001,4207.436035,4214.743652,4212.820313
4184.102539,4216.282227000001,4214.102539,4208.077147999999,4215.0,4189.102539,4192.820313,4192.692383,4206.410156,4211.410156,4197.179688,4207.307617,4217.436035,4216.666504
4182.307617,4206.666504,4218.717772999999,4206.282227000001,4208.461426,4194.871582,4200.384765999999,4190.641113000001,4202.94873,4206.666504,4192.692383,4204.871582,4217.307617,4212.05127
4183.333496,4205.641113000001,4223.717772999999,4206.153809,4211.410156,4189.102539,4195.128418,4193.077147999999,4206.025879,4204.358886999999,4190.384765999999,4208.205078,4213.589844,4213.333496
4184.871582,4210.641113000001,4221.025879,4207.94873,4212.692383,4186.153809,4192.692383,4195.897461,4208.205078,4209.487305,4194.487305,4208.333496,4209.487305,4218.205078
4180.256348,4206.282227000001,4215.0,4206.922852000001,4210.641113000001,4196.282227000001,4195.897461,4180.0,4198.974121,4209.102539,4192.179688,4199.743652,4204.358886999999,4213.717772999999
4173.846191,4201.153809,4210.769043,4200.769043,4208.717772999999,4197.94873,4198.461426,4173.974121,4194.487305,4197.179688,4181.153809,4194.743652,4197.307617,4204.615234000001
4178.333496,4202.179688,4210.641113000001,4201.410156,4209.743652,4188.205078,4197.820313,4191.538574,4201.153809,4190.769043,4177.179688,4198.333496,4197.179688,4204.230957
4187.820313,4210.0,4213.846191,4209.102539,4215.256348,4189.487305,4195.769043,4200.641113000001,4207.94873,4203.461426,4186.538574,4200.769043,4208.205078,4211.282227000001
4187.05127,4214.358886999999,4211.922852000001,4205.897461,4217.563965,4204.102539,4200.384765999999,4196.282227000001,4208.461426,4215.256348,4194.230957,4203.974121,4217.563965,4212.94873
4184.871582,4210.769043,4210.384765999999,4202.179688,4223.589844,4216.410156,4216.153809,4206.282227000001,4213.461426,4215.128418,4196.282227000001,4210.512695,4219.615234000001,4212.436035
4186.282227000001,4204.743652,4214.102539,4205.384765999999,4227.436035,4211.282227000001,4221.410156,4208.461426,4217.692383,4211.538574,4191.666504,4209.358886999999,4213.974121,4211.666504
4182.820313,4201.794922,4214.230957,4203.589844,4214.743652,4202.05127,4211.538574,4192.563965,4210.897461,4206.794922,4185.512695,4203.846191,4201.153809,4205.0
4182.563965,4202.94873,4212.05127,4199.615234000001,4211.153809,4201.794922,4201.153809,4183.333496,4201.666504,4199.743652,4182.94873,4203.205078,4195.0,4200.384765999999
4187.820313,4205.0,4213.717772999999,4202.05127,4217.307617,4193.717772999999,4191.666504,4179.358886999999,4199.487305,4198.846191,4181.666504,4205.897461,4199.743652,4206.282227000001
4190.769043,4208.717772999999,4219.230957,4207.436035,4213.717772999999,4186.153809,4194.102539,4187.307617,4211.922852000001,4210.128418,4184.358886999999,4212.94873,4207.94873,4212.436035
4191.794922,4209.230957,4222.436035,4209.102539,4214.615234000001,4198.846191,4211.153809,4207.307617,4222.307617,4216.025879,4188.205078,4220.769043,4213.589844,4212.179688
4191.666504,4203.077147999999,4218.717772999999,4206.153809,4218.461426,4208.589844,4216.282227000001,4210.897461,4213.717772999999,4210.512695,4184.743652,4218.333496,4209.743652,4209.743652
4191.025879,4202.94873,4215.769043,4206.025879,4215.256348,4199.230957,4204.615234000001,4197.692383,4206.922852000001,4210.769043,4179.358886999999,4213.974121,4205.512695,4210.897461
4193.974121,4212.307617,4219.487305,4213.205078,4217.436035,4196.025879,4198.589844,4186.794922,4209.871582,4214.358886999999,4179.871582,4217.05127,4205.897461,4216.794922
4200.128418,4217.436035,4226.794922,4219.102539,4222.436035,4209.871582,4202.05127,4187.436035,4207.05127,4212.307617,4181.025879,4218.589844,4207.820313,4224.102539
4197.563965,4207.94873,4226.025879,4212.179688,4212.692383,4216.153809,4212.307617,4216.666504,4211.794922,4212.307617,4180.384765999999,4214.358886999999,4206.538574,4222.820313
4191.025879,4197.563965,4218.333496,4202.179688,4202.820313,4202.05127,4213.717772999999,4230.897461,4217.05127,4212.563965,4178.589844,4211.410156,4201.794922,4215.0
4191.153809,4202.563965,4215.384765999999,4204.358886999999,4207.05127,4196.922852000001,4203.717772999999,4189.871582,4198.077147999999,4207.307617,4175.512695,4208.333496,4198.589844,4212.05127
4189.743652,4204.358886999999,4211.538574,4206.794922,4207.692383,4207.436035,4201.282227000001,4172.307617,4186.410156,4196.282227000001,4173.461426,4199.743652,4193.077147999999,4207.436035
4192.307617,4199.487305,4209.615234000001,4210.769043,4204.871582,4209.102539,4209.102539,4193.205078,4196.410156,4191.153809,4175.512695,4197.05127,4192.05127,4209.487305
4197.820313,4203.589844,4212.692383,4216.538574,4205.384765999999,4199.487305,4202.05127,4184.230957,4193.077147999999,4195.384765999999,4180.256348,4202.05127,4200.641113000001,4220.0
4190.512695,4203.461426,4207.94873,4207.563965,4202.307617,4193.333496,4184.102539,4168.589844,4184.615234000001,4193.205078,4179.230957,4201.666504,4199.358886999999,4213.717772999999
4190.128418,4205.256348,4208.205078,4207.436035,4205.384765999999,4204.615234000001,4190.0,4192.05127,4205.0,4199.615234000001,4186.666504,4206.153809,4200.128418,4211.025879
4204.743652,4213.589844,4221.153809,4221.410156,4210.641113000001,4216.922852000001,4205.641113000001,4201.666504,4215.0,4211.538574,4202.307617,4215.256348,4211.538574,4224.743652
4205.384765999999,4207.94873,4222.179688,4214.487305,4198.717772999999,4207.820313,4207.94873,4182.05127,4194.487305,4201.666504,4200.0,4213.333496,4210.897461,4223.846191
4200.641113000001,4204.102539,4213.974121,4204.358886999999,4189.743652,4194.358886999999,4200.0,4179.358886999999,4192.94873,4195.512695,4194.487305,4209.102539,4207.94873,4217.563965
4206.922852000001,4212.307617,4215.128418,4214.487305,4193.717772999999,4193.974121,4189.358886999999,4185.256348,4207.307617,4205.384765999999,4200.897461,4208.974121,4218.461426,4226.922852000001
4201.538574,4203.461426,4212.179688,4211.794922,4188.461426,4200.0,4201.794922,4187.692383,4202.179688,4198.846191,4197.179688,4200.897461,4218.461426,4224.871582
4189.487305,4188.077147999999,4204.615234000001,4195.512695,4183.717772999999,4200.897461,4213.846191,4182.692383,4187.436035,4182.563965,4183.846191,4189.230957,4210.0,4212.436035
4193.333496,4195.769043,4208.077147999999,4200.256348,4196.666504,4196.922852000001,4193.589844,4178.333496,4189.487305,4188.205078,4190.897461,4188.461426,4218.846191,4218.717772999999
4196.410156,4205.384765999999,4211.538574,4209.487305,4202.820313,4198.717772999999,4188.333496,4195.384765999999,4205.512695,4201.282227000001,4205.769043,4190.384765999999,4224.230957,4223.589844
4190.256348,4201.410156,4204.743652,4200.769043,4192.307617,4202.436035,4204.102539,4199.615234000001,4207.179688,4201.538574,4200.0,4189.358886999999,4208.589844,4213.717772999999
4191.025879,4200.769043,4203.205078,4196.794922,4194.102539,4199.615234000001,4195.256348,4177.94873,4195.256348,4199.871582,4198.205078,4193.974121,4203.974121,4212.692383
4192.179688,4200.641113000001,4208.333496,4203.461426,4202.820313,4192.563965,4187.94873,4174.615234000001,4192.692383,4202.05127,4209.487305,4201.153809,4210.897461,4217.436035
4193.333496,4198.205078,4208.205078,4202.563965,4194.487305,4186.153809,4196.153809,4195.769043,4200.0,4202.692383,4212.692383,4202.307617,4207.820313,4215.641113000001
4202.179688,4204.487305,4210.0,4203.974121,4188.846191,4191.153809,4189.102539,4199.871582,4202.05127,4201.538574,4211.538574,4199.615234000001,4206.410156,4215.128418
4203.717772999999,4206.538574,4211.410156,4209.615234000001,4193.974121,4199.871582,4191.025879,4184.230957,4198.974121,4198.077147999999,4210.641113000001,4199.487305,4205.0,4212.05127
4198.846191,4201.410156,4209.743652,4208.077147999999,4195.0,4192.05127,4201.794922,4187.05127,4203.717772999999,4198.205078,4209.102539,4200.641113000001,4201.153809,4208.717772999999
4203.846191,4202.179688,4212.563965,4209.230957,4191.025879,4180.384765999999,4192.436035,4204.743652,4210.128418,4203.717772999999,4211.538574,4198.461426,4204.743652,4216.794922
4200.641113000001,4198.333496,4208.461426,4207.94873,4184.230957,4189.102539,4197.05127,4200.256348,4196.538574,4193.717772999999,4206.282227000001,4192.436035,4200.0,4216.794922
4188.717772999999,4196.153809,4199.871582,4200.512695,4189.871582,4202.563965,4207.436035,4172.820313,4179.487305,4182.820313,4197.179688,4188.077147999999,4196.282227000001,4206.153809
4190.641113000001,4203.333496,4201.922852000001,4198.205078,4201.410156,4195.512695,4185.0,4169.358886999999,4189.230957,4191.538574,4203.974121,4188.846191,4209.743652,4208.717772999999
4198.974121,4206.025879,4209.871582,4204.615234000001,4201.538574,4187.05127,4175.0,4200.128418,4209.230957,4201.666504,4215.256348,4194.230957,4217.307617,4218.589844
4194.358886999999,4202.563965,4210.128418,4207.436035,4196.153809,4192.05127,4198.205078,4210.897461,4211.538574,4205.128418,4214.230957,4197.05127,4214.487305,4219.615234000001
4182.436035,4197.692383,4202.436035,4198.333496,4194.102539,4188.846191,4200.897461,4182.692383,4196.025879,4202.179688,4206.666504,4189.615234000001,4211.410156,4214.230957
4180.897461,4195.128418,4202.05127,4193.461426,4197.307617,4185.256348,4188.333496,4167.436035,4187.436035,4198.205078,4203.974121,4184.871582,4207.94873,4211.410156
4186.025879,4198.333496,4208.589844,4199.230957,4199.487305,4193.717772999999,4192.94873,4193.974121,4198.333496,4202.179688,4203.846191,4188.461426,4205.512695,4210.641113000001
4187.179688,4197.179688,4206.538574,4201.922852000001,4194.487305,4192.820313,4199.358886999999,4214.615234000001,4205.769043,4200.769043,4202.05127,4187.179688,4202.94873,4207.436035
4190.512695,4190.0,4203.974121,4199.871582,4186.153809,4186.666504,4206.410156,4202.820313,4196.025879,4188.846191,4202.436035,4185.897461,4198.846191,4204.615234000001
4197.563965,4194.358886999999,4210.512695,4200.897461,4183.846191,4192.307617,4207.307617,4181.538574,4185.641113000001,4184.358886999999,4204.743652,4189.487305,4199.871582,4209.487305
4203.846191,4205.0,4215.128418,4206.025879,4188.077147999999,4194.230957,4193.461426,4174.487305,4191.025879,4193.205078,4208.333496,4189.230957,4205.769043,4218.589844
4208.974121,4204.102539,4216.153809,4210.769043,4188.589844,4190.769043,4191.282227000001,4187.05127,4201.410156,4202.563965,4212.563965,4191.282227000001,4206.025879,4224.230957
4210.128418,4201.025879,4217.436035,4210.384765999999,4186.538574,4195.0,4205.769043,4196.282227000001,4198.846191,4202.94873,4209.743652,4196.153809,4201.666504,4223.333496
4206.666504,4204.743652,4217.820313,4206.922852000001,4190.897461,4193.461426,4208.077147999999,4195.256348,4190.769043,4193.974121,4203.333496,4192.05127,4201.025879,4220.897461
4200.128418,4199.615234000001,4212.307617,4201.410156,4195.512695,4181.794922,4193.461426,4190.641113000001,4188.846191,4183.461426,4201.282227000001,4185.0,4196.538574,4216.153809
4189.102539,4189.615234000001,4205.384765999999,4196.538574,4190.641113000001,4187.307617,4195.512695,4185.512695,4188.589844,4179.487305,4197.563965,4185.897461,4186.153809,4208.333496
4184.743652,4188.205078,4202.436035,4198.717772999999,4185.0,4204.358886999999,4210.384765999999,4197.94873,4190.769043,4176.410156,4192.820313,4187.692383,4180.384765999999,4206.153809
4193.846191,4191.025879,4201.410156,4203.333496,4187.692383,4201.538574,4205.256348,4206.153809,4194.102539,4176.538574,4197.563965,4186.922852000001,4188.717772999999,4212.179688
4201.153809,4197.94873,4203.974121,4207.05127,4195.769043,4192.307617,4202.179688,4190.384765999999,4196.666504,4186.922852000001,4211.666504,4187.563965,4204.102539,4217.94873
4192.563965,4195.641113000001,4200.641113000001,4206.410156,4198.589844,4196.538574,4212.820313,4172.692383,4190.128418,4184.230957,4210.256348,4185.512695,4198.589844,4210.0
4193.205078,4193.077147999999,4200.0,4209.230957,4204.230957,4207.05127,4205.384765999999,4178.717772999999,4187.820313,4177.94873,4202.179688,4187.820313,4189.230957,4207.05127
4210.128418,4206.794922,4213.461426,4218.077147999999,4215.256348,4207.94873,4188.461426,4194.871582,4200.769043,4195.128418,4216.410156,4202.05127,4206.410156,4226.282227000001
4209.487305,4209.615234000001,4218.205078,4215.384765999999,4207.179688,4189.487305,4191.794922,4195.256348,4201.922852000001,4201.538574,4226.282227000001,4210.128418,4216.794922,4235.128418
4203.077147999999,4200.897461,4213.846191,4213.205078,4194.871582,4180.0,4202.820313,4191.666504,4196.025879,4192.05127,4221.794922,4203.589844,4209.615234000001,4226.410156
4209.615234000001,4202.307617,4214.615234000001,4220.769043,4201.153809,4190.0,4196.666504,4196.666504,4199.743652,4196.153809,4224.871582,4199.230957,4213.846191,4224.487305
4208.717772999999,4204.871582,4212.94873,4216.410156,4204.230957,4192.179688,4201.282227000001,4209.358886999999,4199.743652,4196.025879,4224.743652,4201.410156,4215.897461,4225.128418
4202.307617,4205.512695,4210.128418,4208.717772999999,4204.102539,4191.153809,4221.538574,4218.589844,4193.717772999999,4186.282227000001,4215.128418,4199.230957,4201.282227000001,4218.205078
4206.538574,4211.410156,4212.179688,4214.743652,4213.205078,4195.769043,4203.717772999999,4211.153809,4191.153809,4188.717772999999,4212.563965,4195.512695,4195.512695,4212.179688
4215.0,4215.897461,4213.461426,4221.410156,4218.974121,4198.205078,4187.436035,4207.692383,4195.512695,4196.025879,4218.333496,4197.94873,4205.384765999999,4215.384765999999
4214.615234000001,4211.794922,4212.307617,4218.077147999999,4214.230957,4198.717772999999,4214.743652,4211.922852000001,4196.538574,4193.846191,4220.512695,4201.410156,4210.128418,4219.615234000001
4213.717772999999,4211.153809,4216.025879,4217.94873,4212.563965,4201.922852000001,4218.077147999999,4206.025879,4197.820313,4194.487305,4225.256348,4207.563965,4212.307617,4223.333496
4227.436035,4222.820313,4224.871582,4230.128418,4222.563965,4206.538574,4187.05127,4193.589844,4204.102539,4207.692383,4240.0,4218.077147999999,4226.025879,4233.333496
4239.871582,4225.641113000001,4227.820313,4232.94873,4221.794922,4203.461426,4190.384765999999,4197.05127,4201.538574,4210.0,4242.820313,4217.692383,4231.025879,4239.487305
4235.512695,4218.333496,4225.512695,4225.256348,4216.153809,4199.358886999999,4211.282227000001,4210.512695,4196.922852000001,4200.256348,4235.641113000001,4210.128418,4222.94873,4235.512695
4228.589844,4220.128418,4224.358886999999,4226.025879,4226.922852000001,4205.0,4203.974121,4205.641113000001,4200.256348,4200.769043,4239.615234000001,4210.0,4223.333496,4231.794922
4225.256348,4218.333496,4217.94873,4224.230957,4229.871582,4212.179688,4202.307617,4188.846191,4193.589844,4202.820313,4239.102539,4207.692383,4219.102539,4227.692383
4216.410156,4207.307617,4212.94873,4214.743652,4219.743652,4215.0,4216.153809,4197.436035,4192.820313,4197.563965,4226.282227000001,4198.974121,4209.358886999999,4222.692383
4206.282227000001,4201.153809,4214.487305,4208.205078,4211.794922,4206.922852000001,4217.563965,4224.743652,4208.461426,4190.512695,4220.0,4190.769043,4205.641113000001,4217.436035
4207.436035,4201.025879,4213.077147999999,4205.0,4210.256348,4198.205078,4209.358886999999,4224.487305,4208.717772999999,4191.794922,4223.461426,4190.897461,4208.589844,4214.102539
4217.05127,4206.922852000001,4213.461426,4206.538574,4216.538574,4204.358886999999,4196.538574,4208.205078,4202.436035,4200.512695,4227.05127,4196.922852000001,4214.230957,4220.769043
4218.589844,4213.589844,4215.769043,4210.384765999999,4222.179688,4211.666504,4185.128418,4201.153809,4206.153809,4199.487305,4222.563965,4192.94873,4207.820313,4221.794922
4212.05127,4212.179688,4212.05127,4210.128418,4220.256348,4211.538574,4197.820313,4205.128418,4207.05127,4194.487305,4217.307617,4182.563965,4197.820313,4210.769043
4210.0,4210.128418,4207.563965,4208.461426,4215.384765999999,4206.794922,4205.256348,4202.179688,4202.563965,4195.641113000001,4216.282227000001,4183.589844,4202.307617,4207.436035
4217.820313,4214.358886999999,4211.538574,4213.589844,4217.820313,4204.487305,4187.692383,4181.282227000001,4201.922852000001,4200.769043,4219.230957,4191.794922,4211.282227000001,4213.589844
4223.205078,4217.307617,4217.436035,4217.563965,4220.0,4208.717772999999,4193.589844,4180.256348,4204.615234000001,4206.922852000001,4223.333496,4192.692383,4212.94873,4215.256348
4217.307617,4212.179688,4210.256348,4209.615234000001,4215.897461,4204.358886999999,4211.025879,4203.846191,4201.922852000001,4202.05127,4221.153809,4186.153809,4211.282227000001,4208.205078
4212.94873,4210.128418,4205.256348,4210.0,4219.102539,4198.717772999999,4213.077147999999,4212.563965,4204.615234000001,4199.230957,4220.897461,4186.410156,4215.641113000001,4208.077147999999
4214.615234000001,4210.512695,4212.179688,4217.179688,4229.102539,4208.333496,4215.128418,4205.256348,4208.589844,4208.077147999999,4230.769043,4192.179688,4220.769043,4215.641113000001
4215.641113000001,4212.179688,4216.153809,4215.384765999999,4232.94873,4214.743652,4211.538574,4207.563965,4204.871582,4207.307617,4235.256348,4191.282227000001,4221.153809,4218.461426
4220.897461,4219.871582,4217.692383,4213.846191,4228.974121,4206.410156,4205.256348,4210.384765999999,4204.487305,4199.102539,4230.512695,4189.615234000001,4223.974121,4218.717772999999
4222.179688,4218.974121,4216.794922,4216.153809,4229.102539,4206.666504,4204.743652,4191.794922,4206.282227000001,4201.282227000001,4226.153809,4189.871582,4226.025879,4219.102539
4216.794922,4217.05127,4217.94873,4221.153809,4238.333496,4217.307617,4205.0,4197.94873,4217.820313,4212.436035,4231.794922,4189.358886999999,4228.205078,4222.820313
4210.384765999999,4215.384765999999,4216.025879,4219.871582,4234.743652,4216.538574,4220.769043,4240.769043,4232.307617,4216.282227000001,4233.461426,4187.05127,4223.974121,4220.384765999999
4206.153809,4205.897461,4207.307617,4211.282227000001,4219.743652,4210.512695,4235.769043,4239.615234000001,4223.846191,4206.538574,4222.307617,4184.487305,4213.205078,4209.487305
4213.589844,4206.666504,4206.922852000001,4211.410156,4223.461426,4209.743652,4224.358886999999,4214.358886999999,4213.589844,4195.897461,4216.794922,4184.743652,4210.641113000001,4209.487305
4225.256348,4215.897461,4210.897461,4214.871582,4230.897461,4209.358886999999,4222.436035,4225.897461,4216.025879,4189.743652,4216.153809,4185.512695,4212.179688,4220.769043
4236.025879,4230.384765999999,4215.769043,4221.538574,4232.820313,4215.641113000001,4222.692383,4216.282227000001,4210.384765999999,4195.769043,4221.538574,4194.358886999999,4228.974121,4236.025879
4252.692383,4252.179688,4229.358886999999,4238.974121,4248.333496,4216.666504,4198.461426,4182.94873,4205.769043,4211.410156,4237.692383,4208.589844,4259.102539,4254.230957
4265.0,4261.282227000001,4239.615234000001,4246.153809,4253.717772999999,4202.94873,4193.589844,4186.666504,4208.846191,4208.974121,4239.230957,4212.563965,4260.256348,4263.077147999999
4269.358886999999,4263.717772999999,4241.410156,4245.128418,4244.230957,4203.333496,4206.666504,4204.615234000001,4206.794922,4197.692383,4230.384765999999,4210.512695,4244.871582,4267.179688
4272.692383,4270.641113000001,4240.897461,4245.512695,4234.102539,4210.0,4205.512695,4204.615234000001,4199.487305,4191.538574,4226.922852000001,4209.615234000001,4246.153809,4276.153809
4280.897461,4274.743652,4239.358886999999,4242.692383,4222.05127,4200.256348,4208.717772999999,4206.153809,4192.436035,4183.333496,4222.94873,4210.769043,4252.692383,4283.077147999999
4299.230957,4290.384765999999,4247.179688,4250.512695,4222.307617,4195.769043,4212.179688,4206.538574,4192.820313,4184.230957,4229.615234000001,4222.563965,4264.230957,4294.102539
4318.846191,4311.282227000001,4262.563965,4264.102539,4226.025879,4194.102539,4201.410156,4204.487305,4197.179688,4185.0,4240.256348,4234.743652,4276.922852000001,4309.358886999999
4325.384765999999,4318.846191,4267.179688,4265.128418,4213.846191,4185.256348,4204.743652,4202.94873,4192.05127,4172.307617,4237.94873,4231.666504,4275.0,4315.641113000001
4328.077147999999,4328.589844,4266.410156,4267.436035,4205.128418,4185.384765999999,4206.410156,4184.743652,4181.538574,4167.692383,4240.0,4231.025879,4275.897461,4320.641113000001
4337.436035,4342.307617,4271.666504,4278.461426,4214.743652,4185.128418,4188.205078,4178.717772999999,4184.615234000001,4178.205078,4252.94873,4234.743652,4286.153809,4329.487305
4345.0,4343.974121,4276.410156,4282.563965,4217.94873,4176.153809,4185.0,4197.94873,4192.692383,4181.538574,4256.153809,4230.897461,4286.153809,4330.897461
4350.897461,4344.487305,4278.333496,4281.410156,4202.94873,4173.077147999999,4190.256348,4196.410156,4187.436035,4173.461426,4251.282227000001,4232.307617,4278.589844,4328.717772999999
4356.922852000001,4350.384765999999,4279.358886999999,4282.94873,4194.743652,4182.307617,4206.922852000001,4185.897461,4179.230957,4167.94873,4252.436035,4236.794922,4277.307617,4331.666504
4357.563965,4355.384765999999,4279.102539,4284.487305,4199.615234000001,4191.410156,4221.538574,4187.05127,4178.589844,4169.487305,4252.94873,4233.077147999999,4282.436035,4334.743652
4359.487305,4357.307617,4281.794922,4282.820313,4202.179688,4185.384765999999,4202.05127,4208.333496,4191.666504,4172.692383,4252.692383,4234.871582,4284.615234000001,4337.179688
4360.256348,4351.025879,4280.128418,4277.563965,4199.230957,4173.333496,4198.974121,4224.871582,4194.615234000001,4162.179688,4250.512695,4240.128418,4274.615234000001,4335.641113000001
4350.128418,4342.563965,4263.717772999999,4271.025879,4196.410156,4167.820313,4211.025879,4186.025879,4163.974121,4138.205078,4241.025879,4228.589844,4260.256348,4324.743652
4349.743652,4355.769043,4259.230957,4276.538574,4206.410156,4175.769043,4186.025879,4146.794922,4150.0,4136.410156,4240.256348,4223.974121,4261.538574,4320.128418
4367.563965,4375.256348,4281.794922,4295.897461,4220.769043,4183.205078,4166.282227000001,4171.410156,4177.820313,4158.974121,4255.0,4243.205078,4275.0,4337.563965
4369.487305,4366.153809,4290.384765999999,4297.179688,4212.05127,4171.666504,4187.94873,4200.769043,4192.05127,4162.820313,4261.282227000001,4251.922852000001,4276.666504,4351.153809
4359.871582,4355.769043,4280.256348,4285.384765999999,4205.0,4170.641113000001,4204.615234000001,4195.384765999999,4187.692383,4155.641113000001,4262.692383,4242.05127,4272.563965,4343.974121
4361.538574,4358.717772999999,4277.179688,4283.846191,4218.333496,4186.282227000001,4196.410156,4183.717772999999,4187.94873,4160.897461,4265.897461,4237.307617,4271.025879,4335.256348
4363.461426,4358.333496,4282.05127,4290.0,4221.538574,4187.692383,4191.538574,4169.487305,4183.974121,4167.05127,4265.256348,4244.487305,4271.794922,4340.0
4351.153809,4349.102539,4280.128418,4287.179688,4210.512695,4185.769043,4220.128418,4162.05127,4170.641113000001,4157.563965,4261.538574,4247.179688,4270.641113000001,4340.0
4331.410156,4327.05127,4263.717772999999,4268.846191,4207.563965,4188.717772999999,4241.025879,4185.641113000001,4155.897461,4130.641113000001,4244.230957,4233.205078,4251.538574,4318.974121
4333.333496,4322.179688,4262.05127,4265.897461,4218.846191,4180.769043,4205.256348,4214.743652,4166.538574,4128.589844,4240.256348,4229.358886999999,4245.641113000001,4316.794922
4358.974121,4343.205078,4285.384765999999,4284.871582,4215.769043,4168.974121,4183.077147999999,4215.897461,4196.666504,4164.743652,4268.846191,4250.769043,4274.102539,4344.615234000001
4371.153809,4357.307617,4299.743652,4295.512695,4193.205078,4164.358886999999,4201.410156,4185.384765999999,4200.256348,4186.282227000001,4286.794922,4262.94873,4296.153809,4354.230957
4360.769043,4356.153809,4294.358886999999,4294.230957,4188.077147999999,4163.974121,4188.974121,4160.128418,4185.512695,4174.487305,4277.307617,4252.563965,4287.692383,4339.743652
4346.922852000001,4342.563965,4282.307617,4284.615234000001,4189.615234000001,4162.307617,4173.846191,4167.692383,4176.922852000001,4154.102539,4262.179688,4241.410156,4266.922852000001,4325.769043
4333.333496,4325.384765999999,4273.333496,4271.538574,4180.256348,4162.563965,4200.769043,4187.179688,4171.282227000001,4146.666504,4256.538574,4238.589844,4260.256348,4317.563965
4319.871582,4323.846191,4268.974121,4268.077147999999,4185.512695,4167.94873,4207.94873,4190.128418,4168.333496,4152.436035,4257.05127,4237.94873,4267.307617,4312.05127
4311.025879,4326.025879,4261.922852000001,4269.871582,4197.563965,4181.538574,4199.487305,4178.589844,4165.769043,4146.282227000001,4248.589844,4229.743652,4264.358886999999,4300.128418
4308.205078,4318.077147999999,4255.897461,4269.358886999999,4200.0,4190.769043,4209.102539,4160.641113000001,4160.641113000001,4131.153809,4236.666504,4225.641113000001,4249.230957,4288.333496
4313.846191,4318.077147999999,4262.94873,4268.846191,4197.563965,4173.333496,4195.641113000001,4183.461426,4179.487305,4146.025879,4248.846191,4242.563965,4251.794922,4299.358886999999
4320.512695,4324.615234000001,4272.94873,4268.717772999999,4190.256348,4161.922852000001,4193.589844,4240.769043,4212.94873,4172.820313,4267.307617,4256.282227000001,4266.666504,4315.641113000001
4322.179688,4327.94873,4274.230957,4273.974121,4191.794922,4185.769043,4217.692383,4212.05127,4205.0,4172.563965,4265.0,4249.487305,4267.307617,4312.436035
4324.487305,4330.256348,4275.641113000001,4282.563965,4207.94873,4195.641113000001,4207.563965,4148.974121,4181.025879,4164.230957,4260.384765999999,4247.05127,4261.410156,4309.102539
4330.384765999999,4328.589844,4278.846191,4283.333496,4212.820313,4178.846191,4189.487305,4196.794922,4199.743652,4172.307617,4266.025879,4252.94873,4262.692383,4316.025879
4326.410156,4324.871582,4273.205078,4275.512695,4203.205078,4176.538574,4196.025879,4229.615234000001,4210.769043,4172.307617,4260.769043,4246.153809,4263.589844,4309.615234000001
4313.461426,4322.05127,4263.717772999999,4269.871582,4203.846191,4187.307617,4198.461426,4149.487305,4175.256348,4158.974121,4247.307617,4235.256348,4267.692383,4297.179688
4305.0,4313.974121,4259.102539,4265.512695,4205.769043,4191.794922,4210.641113000001,4150.256348,4172.307617,4156.666504,4244.230957,4233.589844,4269.102539,4296.410156
4301.153809,4301.794922,4254.871582,4260.641113000001,4199.615234000001,4196.922852000001,4230.512695,4226.666504,4200.897461,4154.615234000001,4240.897461,4234.358886999999,4248.846191,4289.871582
4308.205078,4306.025879,4257.820313,4265.512695,4208.205078,4196.538574,4211.794922,4200.256348,4193.589844,4155.769043,4243.717772999999,4237.94873,4242.05127,4285.384765999999
4318.461426,4316.282227000001,4267.563965,4270.641113000001,4212.05127,4176.666504,4188.077147999999,4166.794922,4189.487305,4171.922852000001,4259.487305,4246.538574,4259.102539,4297.820313
4311.282227000001,4309.102539,4266.282227000001,4263.077147999999,4193.205078,4166.794922,4206.025879,4207.436035,4207.820313,4172.563965,4258.589844,4248.461426,4253.846191,4302.05127
4300.897461,4305.641113000001,4262.692383,4259.871582,4193.333496,4189.615234000001,4214.102539,4194.230957,4200.256348,4158.077147999999,4245.0,4242.692383,4241.282227000001,4291.282227000001
4300.897461,4304.487305,4261.410156,4260.256348,4211.282227000001,4202.436035,4189.615234000001,4158.461426,4181.410156,4155.256348,4241.538574,4236.666504,4239.358886999999,4280.512695
4293.461426,4291.025879,4252.436035,4250.897461,4204.743652,4183.077147999999,4190.769043,4199.871582,4188.333496,4156.153809,4242.436035,4231.282227000001,4230.641113000001,4273.846191
4281.922852000001,4283.589844,4245.769043,4245.0,4193.974121,4164.358886999999,4201.666504,4205.641113000001,4186.794922,4149.743652,4240.769043,4231.282227000001,4228.077147999999,4271.922852000001
4285.769043,4287.563965,4248.846191,4247.820313,4209.871582,4168.205078,4182.692383,4146.410156,4171.410156,4151.794922,4244.358886999999,4234.230957,4238.717772999999,4275.0
4288.974121,4280.0,4250.256348,4246.922852000001,4218.717772999999,4180.384765999999,4201.025879,4172.307617,4182.307617,4154.615234000001,4242.94873,4227.692383,4230.769043,4273.974121
4273.717772999999,4261.794922,4240.384765999999,4236.922852000001,4203.205078,4182.692383,4237.307617,4218.717772999999,4184.871582,4137.179688,4228.205078,4217.563965,4207.05127,4262.820313
4267.820313,4266.153809,4233.846191,4236.794922,4209.230957,4183.461426,4198.205078,4155.512695,4164.615234000001,4136.922852000001,4228.333496,4220.256348,4215.897461,4260.769043
4278.846191,4280.384765999999,4237.179688,4246.794922,4231.794922,4187.05127,4155.641113000001,4111.666504,4172.307617,4161.025879,4242.94873,4225.384765999999,4238.205078,4271.922852000001
4269.871582,4270.769043,4231.922852000001,4240.769043,4222.05127,4179.743652,4187.05127,4181.282227000001,4199.358886999999,4157.692383,4236.538574,4218.974121,4223.333496,4268.333496
4256.282227000001,4260.384765999999,4226.922852000001,4233.974121,4208.461426,4172.94873,4206.153809,4220.641113000001,4201.666504,4145.128418,4225.512695,4214.615234000001,4209.358886999999,4253.974121
4268.461426,4271.410156,4238.333496,4244.871582,4221.153809,4176.666504,4181.025879,4197.692383,4199.102539,4161.538574,4239.487305,4222.307617,4228.205078,4260.0
4280.128418,4277.563965,4251.410156,4251.666504,4230.512695,4185.512695,4192.436035,4201.025879,4202.179688,4172.563965,4253.205078,4225.384765999999,4239.358886999999,4275.128418
4275.256348,4271.794922,4252.307617,4246.410156,4232.692383,4198.461426,4218.974121,4189.743652,4188.333496,4159.743652,4248.461426,4219.615234000001,4234.358886999999,4270.384765999999
4267.692383,4266.922852000001,4242.179688,4241.025879,4233.077147999999,4201.410156,4220.769043,4158.846191,4178.333496,4149.871582,4237.05127,4211.410156,4231.025879,4255.512695
4260.384765999999,4264.615234000001,4234.230957,4238.846191,4229.871582,4193.974121,4225.128418,4201.666504,4196.794922,4152.179688,4230.512695,4204.358886999999,4223.205078,4250.128418
4254.871582,4263.589844,4235.769043,4236.282227000001,4236.282227000001,4193.717772999999,4216.538574,4247.820313,4210.769043,4156.538574,4232.820313,4202.692383,4220.256348,4251.922852000001
4253.974121,4259.871582,4235.256348,4233.974121,4244.743652,4198.205078,4208.333496,4185.0,4191.025879,4151.153809,4232.94873,4201.538574,4224.358886999999,4251.794922
4256.282227000001,4257.05127,4235.769043,4235.384765999999,4240.128418,4192.307617,4220.897461,4158.205078,4189.615234000001,4152.307617,4235.384765999999,4203.974121,4227.94873,4252.179688
4259.615234000001,4260.641113000001,4244.102539,4239.230957,4241.025879,4181.922852000001,4208.461426,4217.05127,4214.871582,4166.538574,4246.282227000001,4212.94873,4233.846191,4256.410156
4258.333496,4258.974121,4245.641113000001,4237.94873,4255.0,4190.0,4194.230957,4209.615234000001,4208.974121,4163.974121,4248.205078,4215.769043,4233.461426,4255.128418
4253.077147999999,4242.692383,4236.410156,4227.563965,4256.410156,4203.589844,4218.717772999999,4172.05127,4192.94873,4148.974121,4237.05127,4209.871582,4218.974121,4247.820313
4253.717772999999,4237.692383,4236.538574,4225.256348,4248.461426,4200.897461,4224.615234000001,4206.153809,4212.307617,4157.820313,4236.922852000001,4211.282227000001,4217.692383,4251.025879
4255.384765999999,4255.0,4244.230957,4235.128418,4259.871582,4199.743652,4206.666504,4239.871582,4230.641113000001,4176.282227000001,4248.974121,4217.05127,4235.256348,4259.358886999999
4247.820313,4258.333496,4239.487305,4233.333496,4268.461426,4200.128418,4212.94873,4201.410156,4203.846191,4164.102539,4244.102539,4210.384765999999,4232.820313,4253.589844
4247.692383,4249.615234000001,4238.205078,4230.769043,4255.897461,4192.436035,4225.512695,4183.461426,4184.615234000001,4148.333496,4232.563965,4207.05127,4223.461426,4247.692383
4257.179688,4254.230957,4250.0,4241.282227000001,4252.94873,4194.615234000001,4226.153809,4203.717772999999,4199.743652,4160.256348,4239.230957,4215.769043,4237.307617,4256.153809
4253.077147999999,4255.0,4250.128418,4240.769043,4261.666504,4203.077147999999,4226.538574,4195.512695,4203.974121,4167.307617,4243.589844,4213.461426,4248.589844,4255.512695
4246.666504,4246.410156,4243.974121,4232.563965,4265.897461,4200.641113000001,4231.538574,4226.922852000001,4215.512695,4171.410156,4242.05127,4208.974121,4251.282227000001,4251.538574
4244.67041,4245.311522999999,4241.739746,4231.245605,4263.333496,4199.871582,4227.58252,4218.919434,4210.915527,4169.065918,4239.047852000001,4206.263672,4249.157715,4248.058594
4242.673828,4244.212402,4239.505371,4229.926758,4260.769043,4199.102539,4223.626465,4210.915527,4206.318848,4166.72168,4236.043945,4203.553223,4247.033203,4244.578613000001
4240.677734000001,4243.11377,4237.270996,4228.60791,4258.205078,4198.333496,4219.67041,4202.912109000001,4201.72168,4164.377441,4233.040527,4200.842285,4244.908203,4241.099121
4238.681152,4242.014647999999,4235.036621,4227.289551,4255.641113000001,4197.563965,4215.714355,4194.908203,4197.124511999999,4162.033203,4230.036621,4198.131836,4242.783691,4237.619140999999
4236.685059,4240.915527,4232.802246,4225.970703,4253.077147999999,4196.794922,4211.758301,4186.904785,4192.527344,4159.688477000001,4227.033203,4195.421386999999,4240.65918,4234.13916
4234.688477000001,4239.816895,4230.567871,4224.651855,4250.512695,4196.025879,4207.802246,4178.900879,4187.930176,4157.344238000001,4224.029297,4192.710449,4238.534668,4230.65918
4232.692383,4238.717772999999,4228.333496,4223.333496,4247.94873,4195.256348,4203.846191,4170.897461,4183.333496,4155.0,4221.025879,4190.0,4236.410156,4227.179688
4229.615234000001,4232.94873,4226.025879,4217.307617,4251.025879,4203.077147999999,4216.666504,4183.077147999999,4183.974121,4149.102539,4217.179688,4188.461426,4237.05127,4225.769043
4235.769043,4232.820313,4228.077147999999,4216.025879,4247.820313,4199.358886999999,4231.922852000001,4223.974121,4198.846191,4151.666504,4219.230957,4193.717772999999,4241.794922,4231.282227000001
4233.205078,4228.589844,4222.179688,4214.358886999999,4244.871582,4193.077147999999,4231.282227000001,4213.077147999999,4193.589844,4151.282227000001,4214.743652,4193.974121,4238.461426,4229.230957
4230.769043,4232.436035,4220.641113000001,4220.769043,4251.666504,4195.641113000001,4216.922852000001,4181.666504,4181.666504,4150.128418,4217.820313,4192.436035,4241.922852000001,4231.794922
4237.436035,4239.871582,4224.743652,4227.179688,4256.666504,4200.0,4217.05127,4193.589844,4190.769043,4155.641113000001,4227.820313,4194.615234000001,4249.358886999999,4241.153809
4239.102539,4236.538574,4222.05127,4222.820313,4255.512695,4202.692383,4231.025879,4222.436035,4210.512695,4163.717772999999,4227.179688,4194.102539,4246.922852000001,4241.666504
4231.794922,4228.077147999999,4214.615234000001,4215.0,4255.641113000001,4201.410156,4223.974121,4231.153809,4216.666504,4166.410156,4217.563965,4188.974121,4239.358886999999,4231.794922
4228.846191,4228.461426,4215.769043,4218.205078,4259.230957,4204.743652,4213.077147999999,4207.820313,4204.615234000001,4165.641113000001,4212.179688,4187.692383,4236.153809,4225.641113000001
4238.461426,4237.179688,4223.205078,4225.897461,4262.05127,4210.384765999999,4229.615234000001,4181.282227000001,4191.282227000001,4161.794922,4211.922852000001,4188.461426,4236.794922,4233.205078
4252.820313,4240.897461,4229.487305,4227.820313,4258.077147999999,4202.94873,4243.846191,4196.025879,4193.846191,4158.717772999999,4216.282227000001,4190.0,4242.94873,4248.846191
4261.794922,4245.256348,4236.794922,4232.563965,4252.692383,4194.615234000001,4226.922852000001,4218.461426,4200.0,4168.974121,4227.307617,4194.871582,4252.563965,4259.358886999999
4259.102539,4244.102539,4234.230957,4231.025879,4243.333496,4199.743652,4215.512695,4213.846191,4194.230957,4171.794922,4227.563965,4195.256348,4246.025879,4256.794922
4253.717772999999,4234.743652,4227.436035,4222.307617,4233.461426,4211.282227000001,4241.666504,4229.487305,4197.94873,4161.410156,4222.179688,4191.666504,4232.692383,4251.794922
4248.846191,4229.743652,4225.897461,4221.025879,4234.358886999999,4217.179688,4257.692383,4221.410156,4195.512695,4154.743652,4220.128418,4183.077147999999,4230.512695,4246.666504
4239.743652,4222.563965,4216.538574,4217.94873,4233.717772999999,4212.436035,4245.641113000001,4184.871582,4177.436035,4147.05127,4207.436035,4170.256348,4219.102539,4231.666504
4239.102539,4223.974121,4208.333496,4217.179688,4232.05127,4213.077147999999,4242.692383,4196.794922,4185.897461,4149.871582,4203.974121,4166.410156,4210.641113000001,4224.615234000001
4246.282227000001,4235.256348,4214.743652,4221.922852000001,4235.0,4216.794922,4229.102539,4204.871582,4206.410156,4165.256348,4218.589844,4171.025879,4223.589844,4235.512695
4249.743652,4236.153809,4223.717772999999,4226.153809,4236.025879,4210.897461,4200.512695,4187.820313,4211.922852000001,4180.641113000001,4232.05127,4172.563965,4239.487305,4246.538574
4248.589844,4223.846191,4221.922852000001,4225.512695,4232.307617,4207.179688,4213.077147999999,4218.205078,4226.153809,4189.743652,4242.692383,4176.410156,4246.282227000001,4248.333496
4248.205078,4210.512695,4219.487305,4218.589844,4227.307617,4209.358886999999,4242.05127,4253.333496,4239.871582,4190.769043,4247.94873,4185.256348,4245.384765999999,4246.538574
4254.743652,4207.563965,4227.436035,4217.692383,4226.794922,4212.563965,4244.871582,4245.128418,4228.205078,4186.282227000001,4244.358886999999,4189.487305,4241.282227000001,4248.717772999999
4258.461426,4209.230957,4227.94873,4223.077147999999,4224.358886999999,4217.179688,4245.897461,4237.692383,4210.512695,4177.94873,4241.025879,4187.94873,4231.538574,4251.666504
4256.794922,4214.487305,4220.641113000001,4226.794922,4222.94873,4217.05127,4241.410156,4211.922852000001,4195.256348,4169.743652,4241.153809,4187.94873,4223.717772999999,4251.922852000001
4258.461426,4218.589844,4226.025879,4227.94873,4225.769043,4205.0,4231.922852000001,4190.769043,4192.692383,4167.820313,4242.05127,4190.0,4224.102539,4253.846191
4263.333496,4218.077147999999,4237.05127,4228.589844,4224.871582,4199.615234000001,4243.846191,4244.487305,4211.666504,4173.974121,4244.487305,4191.538574,4224.102539,4258.974121
4266.153809,4221.410156,4238.974121,4231.282227000001,4223.077147999999,4215.256348,4255.256348,4258.846191,4216.666504,4183.205078,4252.307617,4192.307617,4228.589844,4262.05127
4262.563965,4220.256348,4233.205078,4229.615234000001,4222.820313,4223.717772999999,4232.563965,4175.0,4194.487305,4182.307617,4252.820313,4187.436035,4234.871582,4255.641113000001
4255.897461,4214.487305,4227.94873,4224.743652,4226.153809,4215.384765999999,4206.538574,4145.897461,4192.05127,4177.563965,4250.256348,4180.0,4235.128418,4251.410156
4255.512695,4217.05127,4230.897461,4227.436035,4230.641113000001,4216.282227000001,4215.641113000001,4208.077147999999,4220.641113000001,4188.461426,4257.436035,4181.025879,4235.128418,4255.769043
4257.820313,4218.974121,4237.436035,4232.820313,4223.333496,4221.538574,4238.846191,4241.282227000001,4229.615234000001,4198.461426,4259.358886999999,4188.205078,4232.563965,4253.461426
4257.179688,4214.871582,4241.025879,4233.205078,4215.384765999999,4219.102539,4247.05127,4243.974121,4225.897461,4193.461426,4254.230957,4190.256348,4225.512695,4250.641113000001
4259.230957,4217.179688,4241.410156,4232.563965,4220.641113000001,4217.820313,4241.153809,4252.307617,4232.94873,4192.563965,4256.025879,4187.307617,4225.256348,4255.256348
4256.666504,4212.05127,4233.846191,4224.358886999999,4218.333496,4213.589844,4246.794922,4230.384765999999,4219.743652,4186.922852000001,4255.128418,4187.179688,4227.05127,4250.897461
4250.641113000001,4195.256348,4227.692383,4212.307617,4205.0,4210.256348,4258.589844,4202.307617,4196.666504,4174.358886999999,4250.0,4186.666504,4222.820313,4243.333496
4252.563965,4190.128418,4229.358886999999,4210.128418,4204.615234000001,4215.769043,4243.974121,4208.333496,4192.563965,4168.846191,4248.974121,4180.256348,4214.871582,4243.717772999999
4258.077147999999,4204.230957,4232.563965,4220.512695,4227.436035,4221.538574,4218.205078,4214.871582,4192.436035,4169.358886999999,4247.307617,4173.846191,4209.487305,4241.794922
4260.384765999999,4217.820313,4233.846191,4229.487305,4236.794922,4213.333496,4229.871582,4198.717772999999,4192.94873,4169.102539,4241.282227000001,4171.025879,4206.922852000001,4234.102539
4262.94873,4220.0,4233.461426,4226.794922,4215.897461,4205.384765999999,4251.410156,4187.820313,4206.153809,4173.717772999999,4238.717772999999,4169.871582,4206.153809,4231.538574
4266.794922,4226.794922,4237.436035,4228.205078,4209.487305,4209.743652,4230.0,4210.384765999999,4231.153809,4194.230957,4248.974121,4175.769043,4216.666504,4239.102539
4262.692383,4229.871582,4239.358886999999,4231.538574,4220.512695,4207.307617,4210.512695,4239.358886999999,4242.692383,4202.692383,4252.94873,4181.794922,4219.615234000001,4241.025879
4258.461426,4227.179688,4236.538574,4230.128418,4215.641113000001,4204.743652,4229.230957,4241.153809,4231.282227000001,4188.461426,4241.538574,4177.94873,4208.589844,4233.205078
4260.641113000001,4235.897461,4235.512695,4231.922852000001,4210.512695,4212.307617,4237.436035,4230.512695,4218.974121,4181.666504,4233.461426,4169.615234000001,4203.846191,4226.922852000001
4258.717772999999,4238.589844,4232.05127,4233.077147999999,4218.333496,4208.077147999999,4218.589844,4230.897461,4218.589844,4185.128418,4228.717772999999,4163.974121,4201.282227000001,4220.512695
4249.871582,4226.666504,4223.717772999999,4226.410156,4219.615234000001,4199.230957,4225.0,4236.922852000001,4220.897461,4180.512695,4218.077147999999,4160.512695,4192.05127,4210.512695
4236.410156,4214.358886999999,4212.563965,4211.282227000001,4205.641113000001,4205.641113000001,4246.666504,4230.128418,4206.666504,4161.282227000001,4202.436035,4148.333496,4173.589844,4199.743652
4236.410156,4214.743652,4212.05127,4205.256348,4201.538574,4204.487305,4228.974121,4199.743652,4187.436035,4150.256348,4197.307617,4140.769043,4164.230957,4203.974121
4252.307617,4223.461426,4224.615234000001,4215.256348,4216.538574,4196.922852000001,4210.384765999999,4176.538574,4185.128418,4156.025879,4207.820313,4150.384765999999,4176.410156,4220.128418
4252.692383,4222.563965,4224.102539,4216.794922,4221.794922,4204.615234000001,4219.358886999999,4190.641113000001,4193.333496,4155.641113000001,4211.025879,4153.717772999999,4183.846191,4221.410156
4238.589844,4214.487305,4210.769043,4209.871582,4217.307617,4214.102539,4215.128418,4207.307617,4201.538574,4154.871582,4205.641113000001,4143.846191,4179.230957,4210.769043
4244.615234000001,4221.025879,4213.077147999999,4219.358886999999,4224.615234000001,4209.743652,4196.025879,4206.410156,4219.615234000001,4176.153809,4216.794922,4144.487305,4189.102539,4216.282227000001
4256.282227000001,4231.282227000001,4224.230957,4230.512695,4224.743652,4202.05127,4207.436035,4218.717772999999,4237.436035,4194.743652,4227.94873,4154.358886999999,4198.717772999999,4227.820313
4246.025879,4223.974121,4224.358886999999,4224.102539,4219.487305,4206.282227000001,4231.153809,4230.128418,4226.666504,4186.153809,4217.436035,4152.820313,4185.769043,4220.256348
4241.538574,4222.94873,4226.794922,4224.615234000001,4230.769043,4209.230957,4220.0,4225.897461,4215.256348,4180.512695,4213.589844,4150.0,4186.025879,4212.692383
4259.102539,4237.692383,4239.871582,4238.461426,4234.615234000001,4206.922852000001,4207.692383,4228.333496,4225.128418,4189.743652,4229.102539,4156.666504,4208.205078,4223.333496
4270.0,4243.333496,4243.077147999999,4241.282227000001,4223.461426,4207.179688,4215.0,4222.436035,4221.025879,4189.230957,4236.153809,4160.128418,4210.128418,4232.692383
4256.666504,4228.589844,4230.256348,4225.641113000001,4221.794922,4202.436035,4215.769043,4210.0,4201.666504,4173.846191,4223.205078,4149.487305,4188.461426,4222.563965
4242.307617,4212.692383,4221.282227000001,4213.974121,4228.077147999999,4202.307617,4217.05127,4218.589844,4199.615234000001,4162.94873,4214.230957,4140.0,4180.897461,4209.102539
4239.871582,4207.436035,4216.153809,4212.179688,4233.205078,4216.025879,4231.538574,4208.333496,4195.384765999999,4160.512695,4215.256348,4140.769043,4183.205078,4203.974121
4237.05127,4208.974121,4209.871582,4211.666504,4237.820313,4222.179688,4239.358886999999,4184.358886999999,4186.922852000001,4163.205078,4215.256348,4141.153809,4179.230957,4204.230957
4234.615234000001,4212.179688,4210.641113000001,4213.846191,4236.538574,4210.384765999999,4223.205078,4209.358886999999,4203.717772999999,4172.436035,4216.794922,4144.615234000001,4182.692383,4210.256348
4234.871582,4209.102539,4212.563965,4211.282227000001,4227.436035,4201.922852000001,4213.589844,4231.025879,4210.128418,4173.461426,4216.282227000001,4148.077147999999,4183.589844,4209.487305
4235.769043,4212.692383,4212.436035,4210.769043,4228.077147999999,4206.410156,4227.94873,4211.410156,4203.205078,4176.153809,4217.563965,4145.769043,4185.512695,4208.461426
4239.743652,4224.358886999999,4218.461426,4221.025879,4239.487305,4212.94873,4228.461426,4213.077147999999,4219.871582,4192.307617,4225.384765999999,4148.077147999999,4202.179688,4215.256348
4246.282227000001,4228.846191,4221.922852000001,4227.436035,4243.077147999999,4215.256348,4214.102539,4234.743652,4233.077147999999,4196.153809,4230.897461,4153.846191,4210.641113000001,4215.641113000001
4243.205078,4227.05127,4217.436035,4223.333496,4237.94873,4212.563965,4217.05127,4231.410156,4223.974121,4186.666504,4230.384765999999,4149.358886999999,4201.410156,4209.230957
4233.461426,4221.538574,4214.871582,4219.102539,4234.102539,4206.025879,4213.333496,4205.128418,4211.282227000001,4180.0,4223.205078,4142.820313,4190.384765999999,4206.922852000001
4237.563965,4220.512695,4223.846191,4223.333496,4244.102539,4206.538574,4202.563965,4205.512695,4212.94873,4181.282227000001,4222.05127,4151.025879,4191.153809,4211.153809
4251.922852000001,4228.974121,4238.205078,4231.538574,4255.897461,4211.153809,4213.205078,4226.538574,4224.102539,4191.922852000001,4236.538574,4160.512695,4204.487305,4218.461426
4250.769043,4231.538574,4238.589844,4231.025879,4248.974121,4208.846191,4227.179688,4239.358886999999,4228.974121,4198.077147999999,4246.794922,4160.384765999999,4210.641113000001,4221.666504
4231.410156,4215.0,4220.384765999999,4216.282227000001,4237.307617,4215.897461,4239.487305,4240.769043,4213.846191,4181.666504,4228.077147999999,4152.820313,4190.128418,4209.102539
4213.077147999999,4197.820313,4202.05127,4200.641113000001,4232.563965,4223.461426,4240.256348,4218.333496,4193.077147999999,4158.589844,4202.05127,4145.769043,4169.487305,4191.666504
4217.179688,4204.230957,4204.487305,4204.102539,4234.230957,4216.025879,4223.846191,4198.974121,4198.205078,4163.333496,4210.897461,4150.641113000001,4180.897461,4193.205078
4232.94873,4216.282227000001,4214.230957,4215.128418,4236.538574,4209.358886999999,4232.820313,4208.077147999999,4211.282227000001,4176.410156,4229.102539,4155.769043,4191.922852000001,4203.717772999999
4229.358886999999,4213.205078,4211.282227000001,4211.025879,4238.846191,4208.846191,4249.487305,4229.487305,4206.666504,4165.641113000001,4219.230957,4149.615234000001,4179.230957,4199.102539
4223.333496,4216.794922,4214.871582,4213.589844,4247.820313,4205.0,4222.179688,4237.179688,4205.897461,4162.94873,4215.128418,4152.692383,4183.077147999999,4196.025879
4236.025879,4227.820313,4226.794922,4228.205078,4247.179688,4197.307617,4194.358886999999,4231.410156,4216.922852000001,4182.436035,4232.436035,4169.743652,4206.153809,4210.512695
4243.846191,4224.230957,4226.410156,4226.025879,4232.307617,4194.358886999999,4214.102539,4222.692383,4215.769043,4186.025879,4235.512695,4172.692383,4205.897461,4218.589844
4236.538574,4217.692383,4220.512695,4218.077147999999,4230.128418,4195.128418,4222.436035,4214.230957,4203.333496,4174.102539,4223.846191,4166.666504,4193.077147999999,4215.0
4233.717772999999,4217.307617,4222.563965,4221.282227000001,4239.743652,4195.128418,4199.102539,4209.871582,4198.717772999999,4174.102539,4222.436035,4172.179688,4199.358886999999,4217.05127
4232.94873,4214.487305,4224.358886999999,4221.025879,4239.102539,4198.077147999999,4198.461426,4206.025879,4200.897461,4180.769043,4225.512695,4174.743652,4209.358886999999,4217.692383
4220.897461,4206.794922,4215.0,4209.487305,4231.282227000001,4199.487305,4208.333496,4204.230957,4201.666504,4175.897461,4220.897461,4165.897461,4197.692383,4208.589844
4211.025879,4199.102539,4201.794922,4200.128418,4227.05127,4195.641113000001,4213.461426,4192.94873,4191.025879,4160.641113000001,4207.94873,4157.436035,4177.05127,4198.974121
4207.94873,4196.025879,4198.717772999999,4200.769043,4226.410156,4195.769043,4223.846191,4184.358886999999,4182.563965,4154.358886999999,4198.589844,4155.0,4170.512695,4195.384765999999
4205.641113000001,4200.0,4204.743652,4204.358886999999,4227.94873,4203.846191,4221.666504,4206.794922,4192.820313,4163.846191,4200.641113000001,4158.077147999999,4177.820313,4196.410156
4211.153809,4206.922852000001,4211.282227000001,4207.692383,4232.179688,4210.897461,4208.077147999999,4231.666504,4209.487305,4176.025879,4207.307617,4165.0,4188.461426,4203.846191
4215.512695,4200.769043,4208.846191,4204.743652,4227.94873,4203.846191,4206.410156,4226.153809,4212.563965,4176.410156,4208.077147999999,4163.974121,4189.487305,4203.974121
4209.615234000001,4193.077147999999,4202.179688,4198.974121,4220.512695,4197.563965,4222.563965,4206.922852000001,4206.538574,4170.769043,4204.230957,4157.307617,4186.794922,4196.794922
4211.282227000001,4207.05127,4209.743652,4204.871582,4237.436035,4213.461426,4229.615234000001,4208.846191,4211.410156,4181.922852000001,4213.205078,4166.282227000001,4204.487305,4207.05127
4220.769043,4218.846191,4220.897461,4213.077147999999,4259.102539,4220.769043,4217.307617,4221.282227000001,4216.922852000001,4194.358886999999,4224.871582,4181.025879,4222.563965,4220.384765999999
4225.897461,4216.666504,4222.94873,4215.128418,4256.282227000001,4207.179688,4206.025879,4222.563965,4213.077147999999,4193.205078,4224.358886999999,4186.025879,4221.153809,4220.384765999999
4230.256348,4220.256348,4225.512695,4217.436035,4246.538574,4202.05127,4208.589844,4209.743652,4205.0,4191.410156,4219.743652,4185.897461,4219.230957,4224.102539
4235.256348,4228.205078,4230.641113000001,4223.333496,4250.384765999999,4207.436035,4210.384765999999,4198.846191,4199.102539,4190.512695,4213.589844,4187.307617,4218.717772999999,4232.94873
4239.230957,4227.307617,4232.820313,4228.077147999999,4255.128418,4206.410156,4210.641113000001,4212.307617,4204.487305,4190.384765999999,4210.512695,4190.0,4213.846191,4234.743652
4235.512695,4219.102539,4230.256348,4222.179688,4245.641113000001,4207.05127,4224.102539,4227.179688,4208.333496,4192.563965,4211.538574,4187.820313,4211.666504,4232.94873
4227.563965,4215.512695,4225.897461,4215.256348,4239.102539,4210.512695,4226.666504,4241.153809,4216.153809,4197.820313,4212.692383,4183.717772999999,4217.94873,4235.769043
4218.205078,4203.589844,4215.256348,4206.922852000001,4235.256348,4207.563965,4239.487305,4243.589844,4216.410156,4191.538574,4204.230957,4176.794922,4215.641113000001,4227.179688
4204.358886999999,4176.666504,4197.94873,4189.358886999999,4223.461426,4214.615234000001,4277.692383,4219.615234000001,4187.820313,4162.05127,4183.461426,4163.974121,4192.820313,4206.922852000001
4211.538574,4182.563965,4197.05127,4192.436035,4231.794922,4223.205078,4255.128418,4231.282227000001,4189.743652,4157.692383,4183.717772999999,4161.410156,4192.436035,4209.487305
4240.384765999999,4219.743652,4213.205078,4216.410156,4248.461426,4212.820313,4187.820313,4253.589844,4232.05127,4195.384765999999,4213.333496,4176.025879,4229.615234000001,4231.922852000001
4258.077147999999,4234.358886999999,4224.102539,4224.871582,4246.410156,4213.717772999999,4191.282227000001,4219.358886999999,4239.230957,4218.717772999999,4232.436035,4188.589844,4254.358886999999,4243.333496
4255.769043,4225.512695,4226.666504,4219.871582,4243.974121,4224.615234000001,4222.179688,4192.692383,4219.487305,4209.871582,4227.563965,4185.0,4244.487305,4243.974121
4250.897461,4218.205078,4227.179688,4216.666504,4241.282227000001,4211.282227000001,4196.538574,4219.871582,4224.230957,4203.333496,4223.461426,4178.846191,4233.846191,4244.615234000001
4252.692383,4219.358886999999,4226.538574,4215.128418,4226.025879,4199.358886999999,4185.641113000001,4228.589844,4226.794922,4205.256348,4226.282227000001,4179.743652,4236.282227000001,4240.512695
4251.794922,4218.461426,4223.205078,4212.563965,4215.0,4204.871582,4215.512695,4207.436035,4205.256348,4198.461426,4223.589844,4178.333496,4230.897461,4230.512695
4245.384765999999,4209.743652,4218.205078,4207.563965,4213.205078,4204.615234000001,4225.256348,4209.102539,4198.333496,4192.820313,4218.717772999999,4174.743652,4222.94873,4224.871582
4240.897461,4203.974121,4214.358886999999,4204.102539,4209.230957,4206.666504,4228.333496,4216.538574,4205.384765999999,4193.589844,4215.897461,4173.974121,4222.436035,4224.358886999999
4241.410156,4205.384765999999,4212.05127,4206.025879,4208.333496,4215.641113000001,4235.128418,4215.769043,4204.358886999999,4188.974121,4212.820313,4171.153809,4218.205078,4220.512695
4244.487305,4208.717772999999,4216.153809,4209.487305,4217.179688,4218.846191,4225.769043,4215.512695,4208.077147999999,4191.794922,4221.025879,4173.717772999999,4219.487305,4220.384765999999
4252.692383,4213.974121,4225.0,4213.205078,4227.563965,4218.589844,4222.94873,4226.025879,4222.94873,4206.410156,4236.666504,4190.769043,4234.358886999999,4235.128418
4259.230957,4215.256348,4227.94873,4215.128418,4226.922852000001,4220.128418,4245.256348,4256.282227000001,4230.256348,4210.641113000001,4237.436035,4200.641113000001,4235.641113000001,4240.897461
4258.205078,4216.410156,4229.743652,4218.461426,4227.820313,4224.871582,4250.128418,4258.846191,4226.538574,4208.717772999999,4237.307617,4194.102539,4230.641113000001,4232.94873
4261.282227000001,4232.692383,4238.461426,4227.436035,4247.307617,4227.05127,4215.128418,4219.743652,4222.820313,4216.025879,4250.769043,4197.436035,4244.230957,4239.230957
4268.461426,4246.282227000001,4245.0,4233.461426,4256.922852000001,4217.179688,4202.563965,4198.974121,4214.487305,4214.615234000001,4253.717772999999,4206.153809,4250.641113000001,4248.717772999999
4272.307617,4241.153809,4247.820313,4232.563965,4244.230957,4207.563965,4219.102539,4217.436035,4208.974121,4204.358886999999,4246.410156,4203.717772999999,4243.846191,4247.179688
4271.666504,4234.487305,4250.512695,4230.0,4237.563965,4208.717772999999,4224.230957,4223.077147999999,4213.205078,4204.358886999999,4247.692383,4202.436035,4242.05127,4251.666504
4262.436035,4229.615234000001,4244.615234000001,4225.0,4239.743652,4216.410156,4232.820313,4203.333496,4206.794922,4200.384765999999,4244.743652,4201.153809,4234.615234000001,4252.563965
4253.846191,4223.333496,4234.487305,4219.487305,4236.025879,4221.025879,4229.487305,4191.922852000001,4193.974121,4191.282227000001,4236.282227000001,4194.871582,4224.230957,4239.230957
4260.384765999999,4226.153809,4237.05127,4224.615234000001,4241.922852000001,4219.615234000001,4201.153809,4202.563965,4208.974121,4207.05127,4247.05127,4197.436035,4235.0,4241.666504
4262.05127,4230.897461,4243.333496,4232.05127,4250.0,4225.384765999999,4204.743652,4236.922852000001,4242.820313,4230.512695,4263.205078,4204.358886999999,4246.282227000001,4251.922852000001
4248.974121,4226.025879,4235.769043,4226.025879,4243.461426,4236.666504,4235.256348,4255.641113000001,4250.641113000001,4226.666504,4256.410156,4196.153809,4235.641113000001,4237.692383
4248.461426,4226.282227000001,4231.025879,4225.128418,4245.128418,4241.410156,4231.410156,4245.769043,4247.436035,4222.05127,4250.0,4187.05127,4232.179688,4226.153809
4252.692383,4228.205078,4233.333496,4230.256348,4251.282227000001,4236.410156,4218.205078,4243.846191,4250.641113000001,4227.563965,4252.436035,4189.102539,4233.589844,4230.256348
4241.538574,4217.179688,4227.436035,4221.410156,4242.05127,4237.563965,4241.794922,4250.897461,4240.769043,4214.230957,4240.641113000001,4188.077147999999,4219.102539,4225.0
4238.589844,4213.974121,4225.512695,4215.256348,4240.769043,4246.153809,4257.307617,4238.461426,4227.94873,4198.333496,4230.641113000001,4188.333496,4211.282227000001,4220.641113000001
4253.461426,4227.563965,4236.410156,4226.282227000001,4255.0,4235.128418,4225.0,4209.230957,4222.820313,4202.563965,4238.717772999999,4195.641113000001,4222.307617,4232.563965
4263.205078,4240.0,4248.461426,4237.563965,4259.230957,4220.0,4197.692383,4201.410156,4219.615234000001,4208.461426,4248.205078,4204.871582,4235.384765999999,4245.897461
4264.487305,4240.769043,4256.922852000001,4239.487305,4252.179688,4226.794922,4222.563965,4210.0,4214.230957,4204.615234000001,4247.436035,4211.666504,4236.794922,4248.974121
4263.077147999999,4234.871582,4255.0,4236.922852000001,4252.94873,4232.307617,4242.179688,4207.820313,4210.384765999999,4201.410156,4245.128418,4209.487305,4231.410156,4245.769043
4255.897461,4230.897461,4242.692383,4231.538574,4257.179688,4224.102539,4223.717772999999,4206.538574,4214.487305,4203.846191,4243.205078,4199.102539,4228.974121,4239.743652
4245.641113000001,4225.0,4232.05127,4224.615234000001,4249.871582,4229.102539,4214.230957,4210.769043,4220.769043,4206.025879,4236.794922,4192.05127,4226.538574,4232.05127
4238.205078,4215.769043,4225.384765999999,4219.615234000001,4241.794922,4241.538574,4224.230957,4221.153809,4226.282227000001,4209.743652,4229.230957,4187.179688,4222.307617,4225.512695
4232.307617,4207.94873,4217.05127,4213.846191,4238.205078,4229.230957,4229.358886999999,4243.461426,4233.077147999999,4210.0,4221.922852000001,4176.282227000001,4218.846191,4220.0
4234.358886999999,4211.153809,4215.769043,4216.410156,4233.077147999999,4214.102539,4227.563965,4252.436035,4237.563965,4209.358886999999,4220.512695,4174.358886999999,4220.256348,4221.025879
4241.153809,4223.205078,4223.461426,4226.538574,4234.358886999999,4225.0,4227.436035,4250.512695,4238.717772999999,4215.0,4225.384765999999,4182.307617,4222.94873,4226.153809
4235.897461,4222.307617,4220.256348,4222.692383,4237.05127,4233.077147999999,4223.717772999999,4254.615234000001,4235.641113000001,4212.692383,4222.436035,4178.589844,4218.077147999999,4223.974121
4226.153809,4213.333496,4213.205078,4213.333496,4232.307617,4220.0,4223.077147999999,4245.128418,4226.922852000001,4200.897461,4216.153809,4170.512695,4212.05127,4218.333496
4227.05127,4210.769043,4217.563965,4216.538574,4227.820313,4209.358886999999,4225.512695,4220.256348,4212.94873,4191.794922,4216.025879,4176.538574,4209.743652,4216.922852000001
4229.743652,4211.410156,4221.153809,4218.333496,4228.333496,4211.794922,4220.512695,4202.179688,4198.846191,4181.922852000001,4215.512695,4184.230957,4207.307617,4219.102539
4235.769043,4218.589844,4225.641113000001,4218.974121,4235.256348,4216.794922,4208.589844,4197.563965,4198.205078,4182.820313,4221.794922,4186.025879,4213.974121,4228.077147999999
4245.256348,4228.846191,4231.025879,4225.512695,4243.333496,4215.256348,4198.974121,4206.666504,4213.846191,4199.615234000001,4236.538574,4189.487305,4227.179688,4237.563965
4247.307617,4231.025879,4230.256348,4228.974121,4246.025879,4220.128418,4211.666504,4220.769043,4225.897461,4209.230957,4241.538574,4193.077147999999,4231.794922,4235.0
4243.846191,4226.794922,4225.769043,4223.846191,4245.128418,4235.512695,4226.922852000001,4215.512695,4222.436035,4206.410156,4233.717772999999,4190.769043,4226.794922,4226.410156
4240.512695,4221.666504,4221.282227000001,4214.871582,4240.0,4234.871582,4212.692383,4204.871582,4218.333496,4205.897461,4225.512695,4186.666504,4220.641113000001,4225.512695
4237.820313,4217.692383,4219.230957,4211.538574,4238.974121,4230.769043,4202.05127,4207.94873,4222.307617,4210.512695,4226.538574,4185.769043,4219.487305,4228.205078
4231.794922,4207.05127,4211.666504,4210.0,4237.179688,4232.94873,4216.922852000001,4213.205078,4216.794922,4204.487305,4221.025879,4180.769043,4210.769043,4217.563965
4218.846191,4196.410156,4199.615234000001,4203.589844,4224.358886999999,4217.820313,4223.717772999999,4220.769043,4203.205078,4188.589844,4205.897461,4171.025879,4191.153809,4203.333496
4214.230957,4202.94873,4199.358886999999,4202.05127,4220.128418,4204.487305,4218.461426,4228.974121,4208.974121,4189.358886999999,4208.333496,4171.666504,4192.436035,4207.05127
4223.717772999999,4212.94873,4209.487305,4205.256348,4225.384765999999,4212.05127,4222.692383,4229.743652,4220.897461,4197.436035,4219.358886999999,4182.436035,4205.512695,4213.333496
4230.256348,4209.102539,4215.769043,4205.0,4222.563965,4219.102539,4235.641113000001,4229.230957,4215.769043,4192.820313,4218.333496,4186.153809,4199.230957,4209.615234000001
4227.692383,4202.436035,4213.333496,4201.410156,4215.256348,4209.487305,4226.282227000001,4218.205078,4205.641113000001,4186.922852000001,4215.512695,4181.410156,4193.974121,4210.512695
4225.384765999999,4205.128418,4209.102539,4200.769043,4213.717772999999,4198.846191,4196.282227000001,4189.487305,4201.794922,4189.743652,4219.871582,4185.128418,4206.666504,4218.205078
4228.846191,4212.179688,4213.589844,4206.922852000001,4222.436035,4208.846191,4194.230957,4187.179688,4205.256348,4194.871582,4224.102539,4195.769043,4213.717772999999,4223.333496
4227.563965,4210.897461,4218.461426,4209.871582,4228.974121,4223.717772999999,4206.794922,4214.358886999999,4216.410156,4196.025879,4218.589844,4193.589844,4204.871582,4221.153809
4220.769043,4204.615234000001,4210.897461,4207.436035,4224.358886999999,4224.615234000001,4203.205078,4233.077147999999,4228.589844,4198.717772999999,4210.256348,4183.077147999999,4199.487305,4210.641113000001
4215.512695,4204.743652,4203.846191,4206.666504,4221.153809,4222.563965,4196.666504,4229.743652,4227.436035,4203.461426,4211.025879,4178.077147999999,4204.102539,4203.974121
4213.461426,4206.794922,4204.487305,4203.461426,4225.128418,4225.256348,4201.666504,4210.769043,4213.589844,4200.128418,4215.0,4177.307617,4205.0,4204.487305
4212.563965,4204.743652,4202.820313,4200.897461,4223.717772999999,4220.512695,4216.538574,4205.0,4208.974121,4193.077147999999,4213.589844,4179.743652,4200.769043,4205.256348
4207.563965,4197.179688,4198.077147999999,4198.974121,4215.0,4210.0,4221.794922,4212.436035,4204.615234000001,4183.974121,4206.282227000001,4177.692383,4193.846191,4204.871582
4208.205078,4192.307617,4203.205078,4200.256348,4216.666504,4208.974121,4210.0,4213.461426,4199.102539,4184.102539,4205.769043,4173.974121,4197.563965,4208.846191
4212.179688,4198.717772999999,4211.794922,4206.153809,4225.512695,4210.641113000001,4204.230957,4211.153809,4209.358886999999,4196.794922,4214.230957,4178.589844,4206.922852000001,4213.846191
4209.871582,4201.666504,4209.871582,4207.179688,4222.820313,4203.846191,4214.743652,4229.102539,4222.436035,4200.256348,4215.641113000001,4183.333496,4202.179688,4210.256348
4215.641113000001,4203.461426,4213.205078,4210.769043,4222.94873,4204.102539,4215.128418,4250.641113000001,4226.666504,4201.025879,4214.487305,4185.512695,4201.794922,4209.487305
4226.538574,4212.563965,4221.538574,4218.333496,4227.820313,4207.307617,4202.692383,4238.717772999999,4223.461426,4208.846191,4220.512695,4188.589844,4215.512695,4215.0
4228.333496,4220.769043,4220.769043,4219.487305,4228.974121,4200.512695,4192.94873,4214.743652,4221.282227000001,4213.974121,4226.538574,4191.794922,4224.358886999999,4218.974121
4229.358886999999,4228.077147999999,4220.128418,4221.153809,4234.871582,4205.641113000001,4186.025879,4216.538574,4230.769043,4218.205078,4229.358886999999,4192.307617,4225.641113000001,4220.897461
4233.589844,4231.025879,4223.077147999999,4226.025879,4238.846191,4224.487305,4193.974121,4232.307617,4237.436035,4219.615234000001,4226.538574,4189.358886999999,4223.846191,4217.94873
4226.922852000001,4222.436035,4219.102539,4222.436035,4232.179688,4227.436035,4208.333496,4217.94873,4222.05127,4209.743652,4218.717772999999,4185.256348,4220.641113000001,4216.538574
4213.077147999999,4211.025879,4208.589844,4212.05127,4225.769043,4217.307617,4200.641113000001,4180.256348,4203.461426,4198.205078,4212.436035,4182.179688,4216.666504,4217.179688
4210.384765999999,4210.512695,4205.0,4209.230957,4230.512695,4221.666504,4194.615234000001,4188.077147999999,4213.205078,4199.358886999999,4213.589844,4182.692383,4212.179688,4215.769043
4212.563965,4210.384765999999,4206.922852000001,4208.461426,4233.461426,4228.846191,4217.436035,4237.436035,4233.333496,4207.307617,4215.256348,4182.179688,4209.743652,4210.256348
4209.615234000001,4205.769043,4207.563965,4205.641113000001,4225.769043,4218.205078,4226.282227000001,4246.666504,4229.102539,4208.333496,4208.717772999999,4177.563965,4210.128418,4206.025879
4214.102539,4214.871582,4215.128418,4214.743652,4230.512695,4211.153809,4213.589844,4217.692383,4218.846191,4207.179688,4205.128418,4177.436035,4212.436035,4207.94873
4224.743652,4223.846191,4226.410156,4222.436035,4241.282227000001,4212.436035,4218.717772999999,4221.282227000001,4221.410156,4210.512695,4209.871582,4185.128418,4214.358886999999,4214.871582
4229.743652,4217.179688,4228.333496,4215.897461,4234.871582,4205.512695,4217.692383,4245.769043,4222.05127,4211.794922,4212.307617,4193.717772999999,4217.692383,4225.384765999999
4233.846191,4217.820313,4228.077147999999,4218.974121,4229.487305,4204.487305,4200.897461,4241.922852000001,4218.205078,4210.384765999999,4210.384765999999,4196.922852000001,4226.538574,4234.743652
4236.153809,4223.589844,4229.487305,4226.153809,4233.717772999999,4216.025879,4200.256348,4216.410156,4213.333496,4203.974121,4203.846191,4191.538574,4223.461426,4231.153809
4231.666504,4217.692383,4222.94873,4217.307617,4231.025879,4222.05127,4204.615234000001,4207.692383,4207.05127,4190.384765999999,4189.871582,4178.077147999999,4206.025879,4217.05127
4225.0,4209.615234000001,4213.333496,4210.897461,4225.0,4216.794922,4197.436035,4215.897461,4205.641113000001,4183.333496,4181.153809,4167.436035,4198.589844,4210.512695
4222.307617,4203.205078,4211.282227000001,4213.974121,4218.717772999999,4213.846191,4192.179688,4208.717772999999,4205.128418,4185.897461,4182.563965,4167.692383,4199.743652,4211.666504
4226.153809,4201.666504,4211.538574,4214.102539,4215.256348,4222.94873,4203.205078,4195.641113000001,4203.717772999999,4189.230957,4184.102539,4169.358886999999,4199.615234000001,4211.282227000001
4230.897461,4211.538574,4206.282227000001,4211.666504,4218.717772999999,4227.307617,4207.692383,4200.512695,4207.05127,4191.794922,4185.0,4166.538574,4203.717772999999,4214.230957
4232.563965,4219.230957,4206.025879,4211.025879,4216.794922,4215.641113000001,4208.717772999999,4213.333496,4212.179688,4197.94873,4189.615234000001,4168.846191,4211.153809,4222.05127
4238.205078,4215.897461,4218.077147999999,4214.358886999999,4207.820313,4207.563965,4225.0,4234.102539,4218.846191,4205.897461,4198.846191,4179.358886999999,4216.922852000001,4229.358886999999
4246.922852000001,4217.436035,4230.769043,4221.794922,4204.487305,4208.589844,4227.692383,4261.153809,4230.384765999999,4214.615234000001,4210.256348,4188.717772999999,4225.256348,4235.256348
4245.384765999999,4223.589844,4233.461426,4226.025879,4207.307617,4211.410156,4226.538574,4262.05127,4233.589844,4218.077147999999,4217.563965,4189.743652,4231.538574,4239.230957
4235.512695,4220.897461,4227.179688,4219.230957,4208.077147999999,4209.102539,4232.820313,4243.589844,4226.666504,4212.692383,4213.846191,4186.794922,4226.282227000001,4233.461426
4233.077147999999,4217.05127,4221.666504,4215.0,4208.846191,4203.333496,4214.487305,4238.846191,4221.410156,4206.410156,4207.94873,4185.769043,4218.589844,4222.820313
4239.743652,4221.025879,4226.410156,4226.922852000001,4213.589844,4209.102539,4194.487305,4231.922852000001,4220.769043,4206.153809,4211.282227000001,4184.743652,4220.769043,4223.077147999999
4248.333496,4229.102539,4232.692383,4236.282227000001,4220.384765999999,4217.436035,4199.871582,4208.077147999999,4217.307617,4211.153809,4216.282227000001,4187.94873,4226.282227000001,4231.794922
4255.0,4236.025879,4235.641113000001,4233.461426,4228.461426,4217.563965,4196.666504,4199.358886999999,4213.589844,4214.102539,4221.538574,4195.128418,4229.743652,4235.897461
4247.05127,4226.922852000001,4231.538574,4223.589844,4222.436035,4218.333496,4181.666504,4199.102539,4204.871582,4202.692383,4222.05127,4195.128418,4223.717772999999,4231.410156
4232.563965,4206.922852000001,4218.077147999999,4213.205078,4202.179688,4211.794922,4188.589844,4190.897461,4192.563965,4187.94873,4213.589844,4189.102539,4213.077147999999,4224.102539
4233.589844,4202.94873,4213.846191,4213.461426,4194.615234000001,4200.0,4203.333496,4207.563965,4202.05127,4194.871582,4213.077147999999,4189.615234000001,4215.769043,4221.538574
4237.05127,4204.102539,4216.282227000001,4211.025879,4195.384765999999,4202.692383,4214.871582,4228.077147999999,4212.179688,4202.05127,4214.358886999999,4189.743652,4215.897461,4220.128418
4235.769043,4201.410156,4216.025879,4204.743652,4196.410156,4215.769043,4227.94873,4215.641113000001,4204.102539,4202.692383,4212.820313,4187.307617,4213.461426,4222.692383
4241.153809,4211.410156,4222.436035,4212.94873,4204.871582,4218.974121,4227.820313,4216.153809,4210.384765999999,4218.333496,4222.820313,4192.563965,4225.0,4231.410156
4243.461426,4219.358886999999,4228.461426,4223.974121,4217.307617,4214.102539,4215.384765999999,4224.871582,4221.153809,4225.897461,4232.436035,4196.794922,4234.615234000001,4237.94873
4243.205078,4221.666504,4228.846191,4226.282227000001,4227.692383,4220.512695,4215.256348,4213.461426,4214.358886999999,4220.512695,4230.641113000001,4195.256348,4236.025879,4240.384765999999
4246.666504,4227.179688,4230.384765999999,4227.307617,4226.794922,4229.487305,4226.025879,4211.922852000001,4212.692383,4219.615234000001,4229.358886999999,4194.743652,4236.282227000001,4237.692383
4247.05127,4230.128418,4232.820313,4230.769043,4221.538574,4225.384765999999,4218.846191,4227.563965,4232.179688,4227.94873,4236.025879,4199.230957,4239.615234000001,4237.820313
4251.153809,4232.563965,4235.384765999999,4234.615234000001,4227.05127,4222.563965,4197.820313,4229.102539,4246.410156,4241.153809,4245.256348,4208.974121,4247.436035,4246.153809
4259.743652,4233.589844,4240.256348,4236.153809,4227.05127,4227.436035,4206.153809,4231.666504,4248.333496,4243.974121,4249.487305,4212.307617,4249.358886999999,4249.487305
4259.743652,4229.615234000001,4244.871582,4233.717772999999,4214.743652,4229.487305,4240.384765999999,4254.230957,4256.410156,4238.461426,4247.94873,4207.94873,4244.487305,4243.717772999999
4248.077147999999,4223.077147999999,4234.871582,4225.641113000001,4213.461426,4223.717772999999,4242.692383,4243.461426,4249.102539,4230.512695,4238.333496,4198.461426,4235.256348,4233.846191
4232.179688,4213.205078,4216.282227000001,4215.0,4223.589844,4220.897461,4219.487305,4196.282227000001,4216.410156,4216.153809,4221.025879,4184.358886999999,4219.102539,4221.153809
4226.153809,4207.179688,4213.205078,4211.153809,4225.256348,4225.641113000001,4220.384765999999,4200.897461,4206.410156,4207.179688,4217.307617,4181.922852000001,4213.846191,4217.94873
4233.717772999999,4215.384765999999,4224.487305,4218.589844,4222.692383,4227.05127,4238.974121,4249.615234000001,4228.846191,4215.769043,4231.922852000001,4196.282227000001,4227.307617,4226.794922
4240.256348,4223.205078,4232.179688,4225.128418,4221.922852000001,4221.025879,4240.769043,4253.333496,4231.794922,4220.128418,4237.05127,4200.512695,4233.205078,4229.871582
4235.384765999999,4216.410156,4228.205078,4220.384765999999,4217.563965,4212.436035,4218.205078,4214.871582,4205.384765999999,4206.410156,4226.025879,4190.0,4222.820313,4220.641113000001
4228.461426,4211.794922,4220.128418,4212.94873,4213.333496,4213.717772999999,4212.563965,4200.128418,4190.0,4197.179688,4217.179688,4187.307617,4216.410156,4212.820313
4226.410156,4215.512695,4215.512695,4211.794922,4213.461426,4222.05127,4232.179688,4200.512695,4194.230957,4202.436035,4216.282227000001,4187.820313,4218.846191,4213.205078
4230.769043,4221.282227000001,4217.05127,4216.153809,4215.0,4222.436035,4223.717772999999,4198.589844,4206.153809,4213.461426,4220.128418,4191.025879,4223.461426,4217.692383
4238.974121,4227.307617,4221.410156,4221.538574,4219.358886999999,4222.820313,4199.871582,4218.717772999999,4226.153809,4227.692383,4227.307617,4201.153809,4229.358886999999,4222.563965
4238.077147999999,4224.230957,4216.666504,4218.846191,4222.307617,4227.436035,4207.179688,4234.743652,4239.743652,4234.743652,4228.205078,4197.436035,4231.666504,4221.410156
4230.0,4217.436035,4207.820313,4211.666504,4217.179688,4225.641113000001,4215.384765999999,4209.615234000001,4230.512695,4228.717772999999,4221.538574,4186.025879,4228.846191,4215.897461
4226.410156,4214.358886999999,4208.589844,4210.128418,4209.615234000001,4222.307617,4216.025879,4216.025879,4231.922852000001,4229.487305,4219.615234000001,4191.025879,4226.025879,4216.538574
4222.05127,4202.692383,4208.461426,4204.102539,4201.410156,4218.717772999999,4233.205078,4262.307617,4243.589844,4230.897461,4216.538574,4193.974121,4218.205078,4217.94873
4216.538574,4195.769043,4202.179688,4198.461426,4201.025879,4209.615234000001,4232.179688,4243.077147999999,4226.282227000001,4216.922852000001,4209.358886999999,4184.615234000001,4209.615234000001,4214.102539
4221.410156,4206.153809,4206.410156,4206.794922,4208.205078,4206.666504,4209.358886999999,4189.102539,4205.0,4206.153809,4208.974121,4184.102539,4211.538574,4215.0
4226.282227000001,4207.563965,4213.974121,4210.641113000001,4204.743652,4212.94873,4209.102539,4194.358886999999,4203.717772999999,4202.692383,4208.974121,4187.307617,4211.794922,4214.487305
4225.512695,4202.94873,4213.974121,4209.102539,4201.153809,4212.05127,4218.717772999999,4211.666504,4200.128418,4198.846191,4208.333496,4183.846191,4212.05127,4212.436035
4226.410156,4207.692383,4212.692383,4212.820313,4207.179688,4205.256348,4205.512695,4188.717772999999,4193.717772999999,4201.922852000001,4214.102539,4185.641113000001,4219.871582,4219.230957
4224.487305,4208.205078,4207.94873,4211.538574,4209.487305,4211.153809,4202.563965,4180.769043,4204.102539,4213.846191,4220.897461,4192.179688,4224.358886999999,4222.820313
4221.538574,4205.512695,4203.589844,4206.025879,4212.563965,4223.589844,4226.153809,4221.794922,4224.871582,4222.05127,4224.102539,4196.538574,4224.743652,4220.512695
4224.102539,4207.563965,4207.692383,4207.179688,4218.974121,4224.743652,4222.179688,4237.692383,4231.538574,4224.487305,4225.384765999999,4199.487305,4226.794922,4224.230957
4226.025879,4213.461426,4210.769043,4210.256348,4225.128418,4228.077147999999,4202.307617,4210.128418,4231.282227000001,4232.563965,4230.128418,4197.94873,4232.692383,4225.256348
4213.333496,4210.128418,4198.333496,4201.922852000001,4224.871582,4234.102539,4225.897461,4213.461426,4234.615234000001,4233.205078,4225.641113000001,4183.589844,4225.512695,4207.436035
4200.512695,4197.692383,4185.384765999999,4194.615234000001,4217.820313,4227.436035,4250.769043,4245.641113000001,4242.820313,4227.307617,4213.974121,4172.307617,4212.94873,4193.974121
4204.230957,4198.589844,4193.717772999999,4204.358886999999,4214.615234000001,4222.94873,4231.025879,4243.846191,4248.205078,4236.025879,4218.717772999999,4180.512695,4221.410156,4204.615234000001
4203.974121,4197.692383,4198.846191,4205.0,4208.205078,4219.871582,4212.692383,4215.256348,4229.230957,4228.077147999999,4217.692383,4182.820313,4222.692383,4205.384765999999
4199.743652,4187.179688,4191.153809,4192.05127,4198.333496,4205.641113000001,4214.871582,4208.717772999999,4202.307617,4199.871582,4200.0,4172.94873,4202.563965,4195.256348
4210.128418,4192.307617,4196.794922,4198.077147999999,4201.922852000001,4199.487305,4209.230957,4212.563965,4196.153809,4196.666504,4200.641113000001,4176.025879,4204.358886999999,4205.256348
4225.128418,4211.794922,4213.846191,4215.512695,4214.358886999999,4209.615234000001,4205.641113000001,4211.922852000001,4208.846191,4212.94873,4218.461426,4190.256348,4227.94873,4223.205078
4227.05127,4222.692383,4220.512695,4222.692383,4223.846191,4219.871582,4206.538574,4197.94873,4208.846191,4215.897461,4225.384765999999,4197.94873,4234.615234000001,4227.820313
4221.794922,4216.025879,4211.282227000001,4218.461426,4225.512695,4222.307617,4200.769043,4182.692383,4191.153809,4205.256348,4219.230957,4195.641113000001,4222.307617,4221.025879
4216.153809,4203.077147999999,4199.743652,4207.563965,4216.794922,4222.563965,4209.871582,4209.487305,4192.436035,4196.922852000001,4211.794922,4189.230957,4212.563965,4211.922852000001
4210.384765999999,4197.563965,4197.179688,4199.615234000001,4210.512695,4217.94873,4217.94873,4226.282227000001,4209.102539,4204.615234000001,4211.666504,4185.384765999999,4214.358886999999,4209.102539
4208.717772999999,4199.871582,4196.922852000001,4198.846191,4212.179688,4212.563965,4202.692383,4208.461426,4215.128418,4218.333496,4215.641113000001,4187.05127,4218.717772999999,4211.025879
4208.589844,4202.94873,4192.179688,4202.692383,4214.487305,4219.615234000001,4203.846191,4211.538574,4218.461426,4219.487305,4213.974121,4188.205078,4215.0,4209.871582
4209.487305,4202.94873,4189.615234000001,4203.461426,4215.128418,4221.538574,4216.538574,4222.05127,4225.128418,4216.922852000001,4211.282227000001,4188.717772999999,4212.820313,4208.846191
4208.205078,4201.153809,4193.205078,4202.692383,4216.282227000001,4213.077147999999,4217.563965,4220.897461,4225.256348,4222.436035,4213.974121,4193.974121,4217.692383,4211.025879
4205.897461,4201.153809,4198.077147999999,4205.641113000001,4220.384765999999,4219.743652,4221.922852000001,4233.717772999999,4230.512695,4228.077147999999,4217.94873,4198.333496,4221.025879,4212.307617
4207.563965,4205.256348,4202.05127,4209.102539,4223.461426,4229.102539,4219.358886999999,4240.256348,4238.589844,4229.102539,4220.897461,4199.487305,4222.179688,4215.384765999999
4214.871582,4208.717772999999,4209.358886999999,4212.436035,4223.717772999999,4221.282227000001,4204.743652,4224.743652,4232.436035,4228.589844,4225.512695,4200.769043,4227.05127,4220.897461
4217.179688,4205.384765999999,4212.436035,4211.666504,4221.025879,4213.974121,4205.641113000001,4228.077147999999,4224.615234000001,4222.436035,4224.487305,4197.94873,4224.871582,4219.358886999999
4206.282227000001,4199.230957,4206.282227000001,4203.205078,4215.769043,4217.307617,4218.846191,4221.538574,4212.692383,4207.307617,4215.641113000001,4190.256348,4211.922852000001,4208.077147999999
4198.205078,4202.179688,4202.94873,4200.256348,4216.282227000001,4215.512695,4216.282227000001,4200.128418,4197.820313,4201.025879,4209.743652,4190.256348,4210.256348,4204.743652
4198.589844,4208.846191,4203.589844,4206.025879,4218.846191,4209.615234000001,4196.922852000001,4197.179688,4193.333496,4205.128418,4207.820313,4192.692383,4216.282227000001,4209.358886999999
4203.461426,4212.820313,4206.153809,4211.410156,4221.922852000001,4217.94873,4188.333496,4187.94873,4196.538574,4209.358886999999,4207.179688,4192.820313,4213.717772999999,4209.230957
4207.692383,4215.128418,4209.230957,4211.922852000001,4225.256348,4223.974121,4194.358886999999,4177.05127,4198.077147999999,4207.820313,4205.256348,4193.717772999999,4208.717772999999,4202.563965
4200.0,4206.538574,4202.820313,4205.897461,4219.871582,4211.538574,4198.717772999999,4199.358886999999,4197.563965,4195.256348,4195.512695,4187.692383,4201.153809,4193.077147999999
4183.974121,4195.128418,4192.692383,4198.333496,4211.794922,4207.307617,4202.94873,4220.512695,4196.153809,4183.333496,4184.358886999999,4177.692383,4189.358886999999,4185.641113000001
4177.436035,4193.589844,4190.384765999999,4196.410156,4208.205078,4209.358886999999,4202.692383,4203.974121,4193.077147999999,4184.743652,4181.666504,4179.487305,4183.333496,4183.333496
4187.436035,4195.384765999999,4195.0,4200.0,4212.563965,4206.538574,4200.128418,4207.820313,4201.410156,4195.384765999999,4187.692383,4188.717772999999,4190.384765999999,4186.025879
4194.230957,4192.94873,4200.0,4202.307617,4222.436035,4213.461426,4203.333496,4232.563965,4211.025879,4201.538574,4191.025879,4193.717772999999,4194.743652,4189.743652
4194.615234000001,4194.102539,4203.333496,4200.256348,4223.461426,4214.743652,4200.512695,4227.692383,4208.717772999999,4204.743652,4188.333496,4201.153809,4194.871582,4196.922852000001
4206.538574,4207.820313,4208.717772999999,4204.358886999999,4221.410156,4205.769043,4202.820313,4215.256348,4215.0,4217.94873,4192.94873,4211.666504,4204.871582,4208.205078
4213.461426,4210.128418,4208.717772999999,4205.0,4217.820313,4212.436035,4217.563965,4216.153809,4221.153809,4222.820313,4191.410156,4211.153809,4203.846191,4209.358886999999
4206.666504,4199.743652,4204.487305,4197.94873,4214.358886999999,4229.358886999999,4216.410156,4218.205078,4217.436035,4214.743652,4180.0,4206.794922,4197.692383,4207.692383
4202.692383,4201.410156,4205.512695,4197.436035,4222.692383,4231.410156,4203.974121,4208.077147999999,4220.512695,4216.538574,4181.794922,4208.717772999999,4209.743652,4213.974121
4202.94873,4205.769043,4204.358886999999,4201.282227000001,4230.384765999999,4224.102539,4207.179688,4194.230957,4223.846191,4218.205078,4183.846191,4210.0,4213.205078,4214.230957
4206.282227000001,4206.025879,4203.461426,4205.0,4227.307617,4229.871582,4213.717772999999,4198.461426,4221.025879,4213.333496,4178.846191,4211.025879,4200.384765999999,4213.461426
4211.282227000001,4204.743652,4206.794922,4203.974121,4220.128418,4239.743652,4216.666504,4217.436035,4222.563965,4212.94873,4182.179688,4216.025879,4195.512695,4218.461426
4209.871582,4198.589844,4208.205078,4199.871582,4216.025879,4234.487305,4222.820313,4228.077147999999,4228.846191,4216.025879,4188.974121,4217.179688,4200.0,4217.820313
4212.05127,4195.512695,4214.743652,4204.487305,4215.512695,4224.743652,4222.307617,4231.410156,4234.358886999999,4222.436035,4192.307617,4216.794922,4207.563965,4219.615234000001
4224.230957,4202.436035,4225.512695,4211.538574,4213.717772999999,4226.538574,4218.974121,4236.410156,4235.641113000001,4229.615234000001,4200.256348,4225.897461,4219.358886999999,4232.94873
4230.769043,4207.05127,4226.538574,4209.358886999999,4210.384765999999,4228.077147999999,4226.153809,4241.922852000001,4233.846191,4231.794922,4213.205078,4235.128418,4229.102539,4238.846191
4221.282227000001,4200.128418,4216.282227000001,4198.974121,4200.512695,4218.846191,4225.769043,4236.025879,4227.820313,4226.282227000001,4210.128418,4228.717772999999,4225.897461,4225.0
4213.333496,4193.846191,4210.0,4194.358886999999,4195.897461,4216.410156,4210.128418,4214.871582,4218.589844,4218.205078,4195.512695,4214.743652,4215.256348,4215.769043
4213.974121,4195.384765999999,4210.256348,4199.615234000001,4202.563965,4229.102539,4214.615234000001,4224.230957,4222.436035,4218.717772999999,4197.05127,4210.256348,4210.897461,4221.025879
4210.769043,4195.0,4206.153809,4198.205078,4201.794922,4232.820313,4230.128418,4251.538574,4229.615234000001,4218.205078,4202.307617,4210.769043,4210.128418,4218.846191
4210.384765999999,4196.922852000001,4201.538574,4195.0,4200.641113000001,4228.846191,4214.743652,4224.230957,4221.794922,4213.717772999999,4194.743652,4210.641113000001,4212.563965,4214.871582
4219.615234000001,4206.666504,4207.692383,4206.282227000001,4213.717772999999,4235.384765999999,4193.333496,4185.641113000001,4219.358886999999,4220.128418,4195.769043,4215.256348,4222.05127,4223.717772999999
4219.487305,4209.358886999999,4213.589844,4212.436035,4218.974121,4237.05127,4201.153809,4210.897461,4230.384765999999,4228.205078,4205.641113000001,4220.769043,4225.897461,4226.153809
4208.717772999999,4203.333496,4209.615234000001,4201.666504,4208.589844,4227.820313,4214.871582,4235.769043,4229.743652,4224.358886999999,4204.743652,4218.589844,4218.333496,4215.769043
4207.307617,4199.358886999999,4204.102539,4195.897461,4204.230957,4222.05127,4214.615234000001,4211.410156,4218.077147999999,4222.94873,4203.846191,4214.230957,4213.717772999999,4210.641113000001
4218.717772999999,4203.717772999999,4210.641113000001,4204.615234000001,4207.692383,4224.487305,4216.922852000001,4215.0,4227.436035,4235.769043,4214.487305,4218.077147999999,4219.102539,4213.205078
4226.538574,4209.743652,4220.128418,4210.897461,4209.615234000001,4226.922852000001,4219.743652,4254.102539,4247.436035,4244.871582,4221.666504,4222.692383,4218.846191,4217.307617
4219.871582,4201.794922,4215.384765999999,4202.436035,4207.05127,4222.179688,4217.307617,4252.820313,4234.871582,4231.666504,4211.794922,4217.179688,4205.0,4211.538574
4208.717772999999,4193.974121,4205.769043,4193.717772999999,4204.102539,4217.05127,4220.769043,4224.358886999999,4210.384765999999,4210.897461,4197.94873,4209.358886999999,4194.615234000001,4196.153809
4208.846191,4197.05127,4203.077147999999,4196.410156,4206.282227000001,4217.563965,4214.102539,4222.179688,4213.077147999999,4206.538574,4196.025879,4207.563965,4197.179688,4194.487305
4213.974121,4201.153809,4203.974121,4200.128418,4209.871582,4221.025879,4199.102539,4237.563965,4227.820313,4215.512695,4201.025879,4211.282227000001,4203.461426,4204.743652
4207.179688,4199.358886999999,4199.615234000001,4192.436035,4207.436035,4221.922852000001,4210.512695,4242.05127,4223.077147999999,4213.974121,4198.205078,4213.846191,4206.282227000001,4202.692383
4198.589844,4195.0,4191.538574,4182.820313,4201.025879,4219.230957,4223.205078,4219.615234000001,4201.025879,4201.794922,4190.769043,4210.384765999999,4206.282227000001,4195.256348
4209.743652,4197.692383,4197.563965,4191.666504,4204.487305,4220.897461,4209.615234000001,4195.512695,4196.794922,4207.820313,4198.205078,4208.333496,4213.077147999999,4202.563965
4220.0,4202.563965,4208.333496,4201.410156,4208.205078,4223.077147999999,4197.820313,4203.077147999999,4208.461426,4218.974121,4206.538574,4212.820313,4219.743652,4208.461426
4213.717772999999,4202.179688,4209.487305,4197.692383,4204.358886999999,4215.256348,4207.307617,4220.0,4207.94873,4212.820313,4205.0,4212.94873,4219.615234000001,4202.05127
4210.512695,4199.358886999999,4211.538574,4199.230957,4208.077147999999,4210.0,4216.794922,4223.205078,4208.717772999999,4212.307617,4210.0,4208.846191,4225.128418,4201.538574
4210.128418,4196.025879,4211.538574,4203.589844,4211.153809,4215.897461,4207.692383,4215.256348,4216.538574,4221.153809,4215.512695,4208.717772999999,4228.846191,4206.282227000001
4209.871582,4201.410156,4208.205078,4204.615234000001,4207.820313,4225.897461,4201.794922,4216.538574,4220.384765999999,4223.589844,4212.94873,4212.436035,4221.922852000001,4208.717772999999
4214.871582,4207.436035,4211.025879,4206.025879,4205.769043,4223.974121,4208.846191,4233.333496,4222.179688,4221.410156,4206.922852000001,4213.974121,4207.94873,4208.461426
4213.974121,4206.794922,4214.358886999999,4205.512695,4206.922852000001,4212.307617,4206.153809,4239.358886999999,4226.538574,4220.0,4201.538574,4210.384765999999,4198.717772999999,4207.436035
4208.333496,4207.94873,4213.205078,4207.692383,4208.846191,4214.615234000001,4199.871582,4236.410156,4231.666504,4223.333496,4203.461426,4209.615234000001,4204.871582,4208.974121
4207.820313,4207.179688,4211.794922,4211.025879,4208.461426,4223.846191,4201.410156,4238.717772999999,4230.641113000001,4226.538574,4206.153809,4214.102539,4211.538574,4207.179688
4203.717772999999,4197.179688,4205.769043,4205.769043,4208.077147999999,4223.974121,4205.256348,4226.794922,4216.666504,4214.743652,4197.179688,4209.102539,4205.0,4199.358886999999
4195.128418,4191.538574,4198.589844,4200.641113000001,4208.461426,4221.282227000001,4201.538574,4205.0,4206.153809,4204.102539,4189.615234000001,4197.94873,4201.538574,4195.0
4198.077147999999,4198.461426,4201.538574,4204.358886999999,4206.538574,4220.769043,4195.641113000001,4211.153809,4215.641113000001,4215.0,4194.615234000001,4198.205078,4206.410156,4200.0
4205.128418,4201.282227000001,4206.410156,4206.282227000001,4202.179688,4214.102539,4199.358886999999,4220.769043,4214.230957,4218.717772999999,4196.666504,4200.384765999999,4203.333496,4202.307617
4203.589844,4197.307617,4207.436035,4204.230957,4199.102539,4206.538574,4203.333496,4205.512695,4197.820313,4203.589844,4191.282227000001,4195.0,4196.666504,4197.820313
4202.179688,4194.102539,4207.436035,4202.436035,4195.256348,4215.641113000001,4208.717772999999,4205.512695,4200.769043,4198.974121,4186.922852000001,4191.025879,4195.256348,4194.487305
4200.256348,4191.282227000001,4204.487305,4199.358886999999,4192.179688,4222.820313,4215.0,4230.769043,4216.410156,4208.974121,4186.025879,4188.846191,4190.769043,4187.820313
4199.743652,4194.743652,4201.538574,4200.512695,4193.717772999999,4210.769043,4204.743652,4231.410156,4217.94873,4210.769043,4187.563965,4187.436035,4186.025879,4183.333496
4212.692383,4210.256348,4210.512695,4214.230957,4204.102539,4209.615234000001,4196.025879,4215.641113000001,4221.410156,4217.820313,4196.922852000001,4196.025879,4199.615234000001,4198.077147999999
4224.871582,4220.897461,4224.102539,4225.512695,4211.025879,4223.077147999999,4211.025879,4219.230957,4230.0,4230.0,4208.846191,4204.487305,4214.615234000001,4214.102539
4222.307617,4213.205078,4223.846191,4219.358886999999,4202.94873,4217.179688,4221.794922,4226.794922,4221.922852000001,4224.743652,4208.974121,4202.307617,4203.077147999999,4208.333496
4218.974121,4205.512695,4218.974121,4209.743652,4197.05127,4208.205078,4219.871582,4237.692383,4217.692383,4218.589844,4203.589844,4200.769043,4191.025879,4201.282227000001
4221.025879,4208.461426,4214.615234000001,4211.282227000001,4206.538574,4222.05127,4229.102539,4236.025879,4216.666504,4219.102539,4201.153809,4201.922852000001,4195.256348,4203.717772999999
4225.769043,4217.692383,4212.436035,4221.153809,4221.538574,4236.153809,4230.641113000001,4211.538574,4209.102539,4220.384765999999,4207.820313,4207.179688,4205.641113000001,4210.128418
4226.025879,4217.94873,4214.102539,4222.94873,4224.871582,4228.589844,4211.538574,4210.256348,4205.897461,4221.922852000001,4211.282227000001,4209.743652,4209.230957,4212.692383
4213.974121,4205.769043,4208.717772999999,4211.794922,4214.230957,4220.384765999999,4202.563965,4219.743652,4202.179688,4217.307617,4200.769043,4202.94873,4203.589844,4201.153809
4204.871582,4202.563965,4203.077147999999,4204.230957,4211.410156,4229.358886999999,4208.589844,4199.358886999999,4198.974121,4213.589844,4197.307617,4198.589844,4200.0,4200.641113000001
4207.94873,4206.794922,4205.641113000001,4206.922852000001,4215.256348,4225.897461,4205.384765999999,4201.410156,4214.487305,4218.205078,4206.025879,4201.410156,4202.692383,4218.333496
4209.230957,4210.384765999999,4210.128418,4212.436035,4211.538574,4212.563965,4201.282227000001,4259.743652,4250.641113000001,4233.333496,4213.717772999999,4203.717772999999,4215.256348,4217.436035
4203.974121,4213.589844,4209.358886999999,4213.589844,4203.077147999999,4220.128418,4209.871582,4281.410156,4262.692383,4241.922852000001,4212.179688,4200.384765999999,4223.846191,4198.846191
4204.871582,4213.846191,4208.589844,4208.461426,4199.102539,4226.666504,4217.820313,4243.077147999999,4242.05127,4235.897461,4208.846191,4199.358886999999,4221.282227000001,4198.717772999999
4214.487305,4212.307617,4214.743652,4209.358886999999,4201.666504,4216.794922,4223.974121,4228.205078,4233.589844,4236.282227000001,4216.025879,4205.897461,4223.717772999999,4213.205078
4212.179688,4202.179688,4215.256348,4208.846191,4197.94873,4214.230957,4230.641113000001,4234.871582,4233.461426,4234.230957,4215.0,4204.615234000001,4217.179688,4208.333496
4198.205078,4191.794922,4208.205078,4197.820313,4191.025879,4226.666504,4231.538574,4227.820313,4221.025879,4218.333496,4197.436035,4192.563965,4194.615234000001,4192.307617
4193.589844,4192.692383,4201.282227000001,4191.282227000001,4194.230957,4232.436035,4228.205078,4219.358886999999,4207.820313,4207.436035,4188.205078,4188.717772999999,4182.05127,4191.153809
4192.820313,4186.538574,4193.846191,4190.384765999999,4195.0,4224.743652,4234.487305,4208.205078,4194.487305,4202.436035,4189.743652,4194.743652,4181.794922,4196.282227000001
4192.05127,4183.589844,4195.256348,4193.974121,4193.974121,4215.0,4232.436035,4197.94873,4181.922852000001,4199.871582,4189.615234000001,4197.179688,4182.179688,4198.205078
4198.717772999999,4200.128418,4205.0,4203.461426,4200.769043,4205.0,4191.922852000001,4201.153809,4185.512695,4204.615234000001,4192.179688,4198.846191,4189.871582,4203.077147999999
4209.871582,4210.897461,4211.666504,4210.128418,4208.205078,4206.025879,4165.0,4210.769043,4199.230957,4214.743652,4201.410156,4205.769043,4203.077147999999,4210.641113000001
4216.282227000001,4211.282227000001,4216.025879,4213.974121,4210.512695,4219.487305,4197.307617,4224.743652,4213.717772999999,4226.794922,4211.153809,4213.205078,4212.820313,4214.487305
4215.512695,4218.333496,4217.179688,4217.179688,4213.717772999999,4221.794922,4214.871582,4243.205078,4233.846191,4243.077147999999,4217.563965,4216.922852000001,4220.897461,4217.179688
4215.384765999999,4223.717772999999,4216.410156,4220.512695,4219.358886999999,4216.794922,4186.922852000001,4249.615234000001,4248.974121,4252.94873,4220.384765999999,4219.102539,4226.794922,4221.410156
4210.512695,4214.102539,4214.871582,4215.256348,4210.256348,4216.666504,4186.794922,4238.717772999999,4236.025879,4243.717772999999,4212.94873,4215.256348,4220.384765999999,4216.922852000001
4201.922852000001,4205.0,4212.563965,4206.922852000001,4195.384765999999,4219.102539,4218.846191,4240.641113000001,4218.846191,4232.307617,4205.384765999999,4209.102539,4209.615234000001,4206.282227000001
4200.641113000001,4208.077147999999,4212.563965,4209.230957,4198.461426,4222.692383,4222.179688,4246.922852000001,4226.282227000001,4234.230957,4207.820313,4210.897461,4210.384765999999,4205.769043
4196.410156,4200.128418,4208.974121,4204.871582,4200.769043,4221.282227000001,4211.538574,4228.461426,4220.128418,4227.94873,4199.230957,4211.282227000001,4201.410156,4206.538574
4191.794922,4191.538574,4205.384765999999,4199.230957,4192.307617,4215.0,4224.743652,4211.922852000001,4197.05127,4218.077147999999,4192.563965,4208.717772999999,4194.871582,4204.743652
4204.871582,4208.461426,4211.922852000001,4209.871582,4199.102539,4216.794922,4220.128418,4211.538574,4202.94873,4231.666504,4212.820313,4217.307617,4222.563965,4214.358886999999
4211.666504,4215.128418,4213.717772999999,4210.897461,4208.077147999999,4223.974121,4190.0,4213.205078,4219.102539,4243.974121,4221.282227000001,4222.563965,4241.922852000001,4220.897461
4199.358886999999,4196.410156,4207.307617,4198.974121,4204.102539,4219.230957,4190.0,4224.743652,4214.230957,4235.256348,4207.563965,4216.025879,4233.077147999999,4215.897461
4193.077147999999,4189.871582,4205.256348,4197.563965,4204.743652,4211.410156,4201.282227000001,4223.205078,4197.307617,4224.615234000001,4204.743652,4212.179688,4228.846191,4213.077147999999
4196.794922,4198.974121,4210.256348,4203.717772999999,4215.512695,4222.563965,4190.0,4202.436035,4191.153809,4222.94873,4208.461426,4211.922852000001,4229.615234000001,4212.692383
4201.153809,4200.897461,4217.179688,4208.205078,4220.512695,4226.794922,4176.794922,4217.94873,4214.487305,4237.94873,4209.487305,4218.461426,4231.153809,4213.846191
4199.230957,4195.384765999999,4217.692383,4208.461426,4211.025879,4206.538574,4181.538574,4268.974121,4248.717772999999,4259.102539,4215.641113000001,4228.717772999999,4237.179688,4214.615234000001
4190.0,4190.128418,4209.358886999999,4201.025879,4202.307617,4209.358886999999,4199.615234000001,4274.102539,4249.358886999999,4255.0,4214.615234000001,4222.436035,4234.615234000001,4205.897461
4186.794922,4186.025879,4204.487305,4195.641113000001,4204.487305,4229.487305,4205.897461,4237.94873,4227.94873,4237.94873,4198.974121,4210.128418,4225.512695,4198.589844
4194.102539,4184.615234000001,4209.358886999999,4197.692383,4203.333496,4211.538574,4191.666504,4224.102539,4222.692383,4235.384765999999,4187.692383,4211.922852000001,4225.0,4204.743652
4200.641113000001,4187.820313,4214.102539,4199.743652,4198.205078,4194.487305,4192.94873,4229.358886999999,4222.94873,4235.769043,4186.922852000001,4212.94873,4224.102539,4209.487305
4204.230957,4190.384765999999,4213.077147999999,4202.179688,4197.436035,4217.692383,4214.743652,4228.589844,4216.794922,4231.794922,4186.153809,4209.743652,4218.846191,4208.717772999999
4207.05127,4189.230957,4213.974121,4203.589844,4198.589844,4234.871582,4225.256348,4238.846191,4220.384765999999,4236.282227000001,4185.769043,4214.230957,4220.641113000001,4216.922852000001
4204.871582,4183.717772999999,4213.717772999999,4197.179688,4196.666504,4229.358886999999,4227.05127,4251.538574,4224.743652,4235.897461,4185.128418,4212.692383,4220.769043,4223.461426
4204.102539,4183.077147999999,4210.256348,4191.922852000001,4197.692383,4226.666504,4226.538574,4228.846191,4213.589844,4223.077147999999,4186.153809,4205.897461,4213.333496,4222.05127
4213.589844,4192.436035,4212.05127,4195.897461,4200.384765999999,4226.922852000001,4213.333496,4200.769043,4203.589844,4222.05127,4191.666504,4207.94873,4214.615234000001,4223.974121
4225.256348,4195.641113000001,4220.641113000001,4201.410156,4196.666504,4219.487305,4200.512695,4213.077147999999,4205.0,4226.922852000001,4194.487305,4208.461426,4221.794922,4226.922852000001
4226.153809,4189.487305,4224.871582,4202.307617,4192.05127,4212.436035,4202.820313,4229.743652,4208.205078,4222.820313,4194.102539,4205.769043,4221.025879,4225.512695
4216.538574,4180.0,4216.282227000001,4193.589844,4188.461426,4212.692383,4210.897461,4222.307617,4210.897461,4221.666504,4196.282227000001,4204.358886999999,4213.717772999999,4221.922852000001
4209.487305,4173.461426,4205.256348,4184.487305,4186.282227000001,4218.333496,4213.077147999999,4228.205078,4215.128418,4222.307617,4196.282227000001,4201.666504,4208.077147999999,4217.307617
4209.871582,4176.282227000001,4205.512695,4188.205078,4190.128418,4223.205078,4211.538574,4249.487305,4221.794922,4222.94873,4196.922852000001,4198.974121,4211.282227000001,4214.102539
4209.743652,4178.846191,4207.179688,4186.794922,4192.692383,4223.205078,4202.692383,4234.487305,4217.820313,4223.589844,4199.487305,4200.512695,4215.897461,4213.974121
4213.717772999999,4185.128418,4208.846191,4186.153809,4195.641113000001,4227.820313,4193.974121,4213.461426,4214.487305,4228.333496,4205.384765999999,4207.05127,4220.128418,4220.384765999999
4220.384765999999,4198.717772999999,4218.205078,4204.102539,4202.05127,4231.538574,4205.641113000001,4234.102539,4229.743652,4242.179688,4217.05127,4211.922852000001,4230.769043,4226.282227000001
4217.692383,4202.179688,4220.384765999999,4212.563965,4205.897461,4225.769043,4220.512695,4255.0,4243.974121,4251.153809,4222.179688,4208.333496,4231.410156,4219.615234000001
4211.282227000001,4196.282227000001,4213.077147999999,4203.205078,4206.538574,4223.589844,4216.153809,4241.538574,4237.05127,4242.307617,4213.846191,4204.358886999999,4223.717772999999,4210.769043
4208.846191,4195.384765999999,4205.769043,4197.692383,4203.974121,4223.589844,4204.230957,4220.0,4215.897461,4226.282227000001,4206.282227000001,4207.436035,4223.205078,4208.461426
4209.871582,4195.384765999999,4200.769043,4196.153809,4203.846191,4217.436035,4199.615234000001,4215.0,4206.025879,4224.230957,4206.410156,4208.717772999999,4225.512695,4205.897461
4208.077147999999,4189.230957,4201.538574,4195.128418,4205.769043,4213.717772999999,4198.077147999999,4226.282227000001,4216.025879,4232.05127,4207.436035,4205.256348,4224.615234000001,4203.589844
4202.436035,4182.436035,4203.333496,4193.461426,4201.922852000001,4215.384765999999,4196.025879,4233.461426,4221.666504,4231.666504,4208.717772999999,4204.871582,4221.538574,4199.487305
4195.0,4177.436035,4195.769043,4190.256348,4198.589844,4217.179688,4207.05127,4223.461426,4207.94873,4218.589844,4199.358886999999,4202.307617,4204.358886999999,4190.128418
4188.077147999999,4173.589844,4186.025879,4188.205078,4200.384765999999,4217.179688,4216.922852000001,4216.794922,4195.641113000001,4201.538574,4186.025879,4200.897461,4181.410156,4186.410156
4192.05127,4179.230957,4190.384765999999,4192.436035,4204.358886999999,4220.641113000001,4206.794922,4218.846191,4202.05127,4203.846191,4195.128418,4208.077147999999,4188.077147999999,4193.077147999999
4206.538574,4195.128418,4206.025879,4202.563965,4210.641113000001,4226.282227000001,4195.256348,4209.743652,4213.205078,4227.563965,4218.205078,4217.692383,4217.307617,4200.897461
4206.922852000001,4196.153809,4208.205078,4204.358886999999,4213.333496,4229.102539,4209.871582,4190.512695,4203.846191,4230.769043,4207.307617,4213.589844,4222.94873,4194.743652
4198.077147999999,4185.0,4201.153809,4199.102539,4215.769043,4231.282227000001,4228.333496,4190.897461,4186.538574,4205.256348,4192.307617,4205.897461,4202.820313,4187.820313
4207.94873,4192.820313,4212.179688,4204.487305,4219.102539,4226.410156,4210.384765999999,4223.974121,4206.666504,4204.487305,4224.358886999999,4220.128418,4200.897461,4205.897461
4224.230957,4212.692383,4231.410156,4216.282227000001,4213.205078,4215.897461,4190.0,4254.615234000001,4247.179688,4242.05127,4241.410156,4238.974121,4229.743652,4226.025879
4222.307617,4214.358886999999,4232.05127,4216.666504,4208.717772999999,4210.897461,4200.641113000001,4251.153809,4249.230957,4263.461426,4218.333496,4230.512695,4245.897461,4216.538574
4210.256348,4199.615234000001,4218.717772999999,4208.077147999999,4211.410156,4208.333496,4209.358886999999,4229.230957,4220.897461,4245.128418,4204.743652,4210.641113000001,4229.358886999999,4195.256348
4206.410156,4197.05127,4215.384765999999,4208.589844,4215.769043,4209.487305,4207.563965,4229.487305,4211.538574,4229.743652,4205.769043,4210.897461,4219.487305,4192.820313
4206.410156,4203.974121,4218.846191,4211.666504,4220.384765999999,4217.307617,4208.333496,4225.256348,4214.487305,4238.077147999999,4197.94873,4212.307617,4228.333496,4194.487305
4204.102539,4204.487305,4213.974121,4208.589844,4221.538574,4222.307617,4202.05127,4198.717772999999,4207.820313,4243.205078,4193.461426,4202.820313,4228.974121,4187.692383
4203.461426,4197.307617,4209.102539,4204.743652,4216.922852000001,4226.025879,4201.922852000001,4197.05127,4208.205078,4238.846191,4205.641113000001,4206.282227000001,4225.0,4189.102539
4200.769043,4186.922852000001,4206.666504,4196.922852000001,4209.102539,4224.358886999999,4212.94873,4213.077147999999,4212.692383,4238.717772999999,4202.307617,4213.589844,4221.282227000001,4193.589844
4200.769043,4193.205078,4209.615234000001,4199.358886999999,4213.717772999999,4220.897461,4208.333496,4218.717772999999,4217.692383,4248.333496,4192.692383,4211.153809,4221.794922,4193.717772999999
4203.205078,4209.871582,4211.538574,4211.666504,4223.205078,4228.846191,4204.615234000001,4226.922852000001,4227.94873,4260.256348,4198.717772999999,4211.153809,4227.692383,4193.974121
4202.307617,4211.410156,4207.179688,4210.641113000001,4217.820313,4225.384765999999,4214.871582,4237.820313,4226.410156,4256.282227000001,4205.512695,4213.461426,4220.256348,4193.077147999999
4206.025879,4209.615234000001,4208.974121,4203.461426,4210.128418,4206.538574,4212.692383,4233.077147999999,4215.128418,4242.179688,4194.615234000001,4209.230957,4208.077147999999,4190.0
4217.436035,4217.563965,4215.256348,4207.692383,4211.794922,4201.666504,4197.179688,4221.922852000001,4208.205078,4238.205078,4186.153809,4208.333496,4211.922852000001,4197.05127
4229.615234000001,4225.0,4224.871582,4218.077147999999,4216.538574,4210.128418,4193.205078,4218.205078,4210.128418,4250.769043,4206.922852000001,4219.487305,4225.256348,4215.641113000001
4234.615234000001,4225.769043,4234.487305,4221.922852000001,4220.256348,4207.05127,4198.077147999999,4208.589844,4207.94873,4257.05127,4217.692383,4223.974121,4227.307617,4222.820313
4227.94873,4216.282227000001,4229.230957,4214.358886999999,4216.666504,4198.077147999999,4195.384765999999,4182.563965,4183.717772999999,4232.179688,4193.461426,4212.94873,4210.897461,4210.512695
4224.230957,4212.179688,4222.436035,4208.974121,4213.205078,4203.333496,4197.692383,4174.615234000001,4172.94873,4217.436035,4186.410156,4209.358886999999,4205.256348,4206.538574
4229.871582,4222.563965,4225.897461,4214.230957,4217.436035,4206.666504,4202.692383,4202.307617,4196.410156,4235.641113000001,4207.820313,4216.025879,4216.025879,4214.102539
4231.282227000001,4223.077147999999,4226.922852000001,4216.025879,4220.769043,4200.384765999999,4198.205078,4217.179688,4213.333496,4248.846191,4213.717772999999,4213.205078,4213.205078,4214.615234000001
4229.487305,4214.743652,4226.922852000001,4213.589844,4220.128418,4208.333496,4201.794922,4215.769043,4219.871582,4253.077147999999,4208.333496,4208.205078,4207.820313,4215.512695
4225.0,4210.897461,4227.563965,4208.077147999999,4215.641113000001,4217.179688,4214.230957,4219.102539,4228.205078,4254.615234000001,4208.333496,4211.025879,4210.897461,4214.230957
4214.102539,4208.333496,4220.641113000001,4201.922852000001,4213.205078,4212.179688,4216.025879,4225.769043,4230.512695,4250.0,4206.153809,4207.820313,4203.846191,4205.384765999999
4204.102539,4201.922852000001,4211.666504,4199.102539,4214.487305,4213.205078,4211.666504,4240.128418,4228.333496,4242.94873,4199.743652,4195.128418,4186.025879,4195.641113000001
4200.0,4196.794922,4206.538574,4195.256348,4210.128418,4216.794922,4223.589844,4236.410156,4215.897461,4230.0,4190.128418,4185.384765999999,4177.563965,4182.179688
4204.871582,4206.410156,4209.871582,4201.153809,4212.820313,4215.0,4232.820313,4210.384765999999,4198.717772999999,4222.820313,4190.128418,4185.769043,4184.871582,4177.563965
4216.410156,4224.230957,4221.153809,4216.153809,4230.641113000001,4215.128418,4203.846191,4197.94873,4199.743652,4232.563965,4204.743652,4195.641113000001,4195.384765999999,4192.307617
4223.333496,4230.641113000001,4227.436035,4222.05127,4235.384765999999,4213.333496,4179.230957,4206.922852000001,4208.205078,4240.512695,4215.0,4206.025879,4204.487305,4204.487305
4220.769043,4224.102539,4226.410156,4216.666504,4218.077147999999,4203.589844,4197.307617,4205.897461,4197.563965,4230.512695,4213.589844,4204.871582,4208.205078,4203.461426
4221.794922,4220.897461,4226.794922,4215.0,4210.256348,4191.794922,4206.538574,4185.512695,4182.692383,4222.563965,4212.307617,4202.05127,4208.717772999999,4208.846191
4229.615234000001,4228.333496,4232.436035,4221.282227000001,4220.256348,4194.358886999999,4193.077147999999,4171.538574,4185.256348,4231.025879,4221.794922,4211.922852000001,4219.102539,4220.897461
4227.436035,4228.205078,4236.922852000001,4225.128418,4223.333496,4207.05127,4194.743652,4189.102539,4195.897461,4239.102539,4232.436035,4221.153809,4230.0,4222.05127
4212.820313,4212.563965,4225.384765999999,4216.153809,4211.922852000001,4214.743652,4211.410156,4226.922852000001,4202.307617,4234.230957,4225.769043,4212.820313,4217.307617,4208.717772999999
4202.05127,4197.820313,4206.538574,4200.641113000001,4205.128418,4215.641113000001,4223.077147999999,4238.077147999999,4208.077147999999,4228.077147999999,4212.05127,4199.230957,4196.153809,4194.358886999999
4198.846191,4191.922852000001,4199.615234000001,4193.077147999999,4206.153809,4215.897461,4225.256348,4222.820313,4217.563965,4235.512695,4209.743652,4195.0,4195.769043,4189.743652
4196.282227000001,4189.487305,4200.256348,4192.820313,4206.538574,4215.641113000001,4225.128418,4228.333496,4225.641113000001,4243.077147999999,4211.666504,4191.794922,4201.538574,4187.820313
4193.846191,4188.974121,4196.794922,4192.692383,4203.589844,4213.077147999999,4221.922852000001,4233.205078,4219.871582,4234.487305,4206.922852000001,4184.743652,4195.256348,4185.897461
4193.846191,4191.282227000001,4196.025879,4192.563965,4203.846191,4214.102539,4214.102539,4216.922852000001,4211.153809,4228.974121,4205.256348,4186.666504,4195.0,4190.512695
4201.025879,4199.615234000001,4206.666504,4200.769043,4212.820313,4212.436035,4205.897461,4211.282227000001,4216.282227000001,4240.384765999999,4214.358886999999,4200.128418,4207.179688,4202.94873
4209.230957,4207.692383,4215.384765999999,4209.871582,4213.333496,4200.641113000001,4209.871582,4205.769043,4214.358886999999,4237.692383,4219.358886999999,4208.205078,4206.666504,4208.589844
4213.461426,4208.077147999999,4218.461426,4209.358886999999,4206.153809,4199.615234000001,4222.563965,4201.282227000001,4197.692383,4218.333496,4216.922852000001,4205.641113000001,4195.384765999999,4205.256348
4218.461426,4210.641113000001,4224.487305,4209.230957,4210.128418,4206.666504,4212.436035,4209.230957,4188.974121,4219.487305,4218.333496,4209.487305,4198.589844,4206.538574
4225.128418,4223.205078,4234.487305,4216.922852000001,4217.179688,4197.820313,4187.692383,4207.563965,4198.974121,4234.743652,4225.641113000001,4221.666504,4213.589844,4219.487305
4219.487305,4220.769043,4233.974121,4217.307617,4209.487305,4184.230957,4190.128418,4196.794922,4203.205078,4231.153809,4226.538574,4220.0,4215.897461,4224.102539
4202.820313,4198.077147999999,4220.0,4204.743652,4194.871582,4187.307617,4209.871582,4190.769043,4182.179688,4211.922852000001,4212.307617,4204.102539,4200.512695,4205.384765999999
4196.922852000001,4196.922852000001,4213.589844,4201.282227000001,4198.077147999999,4203.205078,4210.384765999999,4204.615234000001,4179.871582,4211.153809,4206.538574,4199.615234000001,4196.666504,4190.897461
4197.820313,4207.820313,4215.128418,4202.820313,4210.641113000001,4211.794922,4199.871582,4230.512695,4211.538574,4226.922852000001,4213.974121,4201.794922,4204.358886999999,4191.538574
4191.666504,4196.538574,4207.692383,4197.436035,4209.358886999999,4210.897461,4195.128418,4230.641113000001,4221.666504,4230.128418,4211.538574,4193.846191,4195.641113000001,4188.846191
4190.512695,4188.974121,4202.05127,4197.436035,4206.666504,4218.333496,4197.692383,4202.307617,4203.205078,4224.358886999999,4204.743652,4188.974121,4184.743652,4185.0
4193.077147999999,4193.589844,4203.974121,4196.153809,4206.794922,4217.692383,4205.512695,4201.282227000001,4198.717772999999,4219.487305,4200.0,4193.589844,4184.871582,4185.641113000001
4191.410156,4191.025879,4204.102539,4193.333496,4206.025879,4207.436035,4215.897461,4222.436035,4207.307617,4219.358886999999,4196.025879,4195.384765999999,4185.0,4188.461426
4197.436035,4190.128418,4206.410156,4203.846191,4211.666504,4217.820313,4224.615234000001,4212.307617,4205.128418,4225.256348,4196.025879,4193.205078,4184.487305,4187.436035
4203.846191,4196.922852000001,4209.230957,4211.922852000001,4215.641113000001,4227.179688,4224.102539,4192.05127,4195.512695,4223.461426,4198.077147999999,4196.666504,4180.769043,4184.743652
4202.436035,4200.897461,4209.615234000001,4207.307617,4214.615234000001,4208.589844,4213.205078,4188.205078,4190.128418,4217.436035,4200.128418,4207.179688,4182.179688,4195.384765999999
4211.025879,4205.0,4219.102539,4209.230957,4210.384765999999,4193.205078,4196.538574,4199.743652,4196.922852000001,4221.794922,4206.538574,4216.153809,4197.94873,4215.512695
4226.153809,4207.307617,4231.794922,4218.846191,4203.974121,4200.512695,4190.128418,4207.05127,4201.282227000001,4224.487305,4210.897461,4216.794922,4207.307617,4221.794922
4224.743652,4202.179688,4227.563965,4217.436035,4201.538574,4203.589844,4198.461426,4191.410156,4189.743652,4212.692383,4205.897461,4209.358886999999,4196.410156,4217.179688
4213.974121,4192.820313,4212.436035,4207.05127,4198.846191,4195.256348,4202.692383,4191.794922,4186.153809,4206.153809,4195.512695,4197.563965,4186.538574,4212.563965
4214.358886999999,4190.384765999999,4210.128418,4208.717772999999,4196.666504,4201.410156,4202.436035,4222.179688,4207.05127,4218.333496,4189.871582,4190.769043,4190.256348,4208.461426
4217.05127,4193.589844,4211.410156,4213.205078,4196.922852000001,4213.077147999999,4202.179688,4221.025879,4219.615234000001,4223.717772999999,4191.410156,4189.615234000001,4189.358886999999,4208.205078
4213.333496,4188.333496,4202.692383,4202.307617,4196.410156,4208.717772999999,4200.512695,4187.179688,4208.717772999999,4215.641113000001,4192.563965,4188.205078,4183.461426,4208.205078
4209.871582,4178.205078,4196.922852000001,4192.820313,4190.641113000001,4204.487305,4209.615234000001,4190.512695,4205.256348,4215.897461,4192.436035,4184.358886999999,4184.743652,4205.384765999999
4205.641113000001,4173.974121,4196.410156,4189.743652,4182.05127,4209.743652,4223.333496,4215.128418,4211.025879,4218.717772999999,4194.615234000001,4182.307617,4186.153809,4205.256348
4206.153809,4178.205078,4200.128418,4190.641113000001,4180.128418,4209.871582,4227.179688,4221.025879,4214.358886999999,4219.487305,4201.666504,4188.461426,4188.077147999999,4209.615234000001
4213.846191,4182.05127,4207.307617,4198.589844,4183.333496,4200.641113000001,4219.487305,4221.153809,4218.717772999999,4223.205078,4208.974121,4193.333496,4192.436035,4213.717772999999
4213.077147999999,4176.153809,4204.743652,4198.333496,4179.487305,4198.461426,4217.436035,4203.974121,4207.563965,4217.436035,4203.846191,4188.717772999999,4186.410156,4211.282227000001
4208.974121,4175.769043,4198.461426,4192.563965,4176.666504,4209.358886999999,4225.769043,4181.538574,4190.641113000001,4211.282227000001,4199.871582,4184.743652,4179.743652,4207.436035
4217.692383,4185.128418,4203.589844,4200.769043,4184.615234000001,4206.410156,4212.436035,4195.641113000001,4201.538574,4218.205078,4210.0,4191.153809,4188.461426,4213.077147999999
4231.538574,4194.358886999999,4215.897461,4214.871582,4190.384765999999,4196.538574,4193.974121,4211.153809,4217.436035,4226.025879,4221.794922,4202.179688,4201.666504,4224.615234000001
4232.563965,4196.922852000001,4217.820313,4217.436035,4187.307617,4205.256348,4206.666504,4189.615234000001,4206.922852000001,4217.820313,4217.563965,4204.871582,4197.436035,4221.922852000001
4223.077147999999,4188.974121,4207.307617,4209.743652,4184.358886999999,4209.487305,4215.384765999999,4173.205078,4195.512695,4200.641113000001,4202.307617,4194.615234000001,4182.692383,4206.794922
4221.794922,4187.94873,4203.461426,4207.820313,4185.512695,4203.589844,4196.666504,4188.333496,4205.128418,4201.666504,4202.436035,4189.743652,4183.717772999999,4206.538574
4221.538574,4191.922852000001,4202.94873,4208.077147999999,4182.179688,4205.0,4189.743652,4204.615234000001,4212.436035,4211.922852000001,4212.179688,4196.794922,4190.641113000001,4209.743652
4214.358886999999,4181.282227000001,4197.94873,4202.94873,4176.538574,4203.846191,4203.461426,4211.538574,4208.077147999999,4206.922852000001,4210.641113000001,4196.282227000001,4184.743652,4201.538574
4211.282227000001,4168.589844,4195.384765999999,4195.897461,4175.512695,4195.641113000001,4209.487305,4208.974121,4199.102539,4199.615234000001,4204.871582,4191.666504,4181.025879,4200.256348
4215.0,4171.794922,4198.205078,4194.358886999999,4174.615234000001,4198.205078,4208.846191,4202.94873,4194.487305,4204.615234000001,4207.94873,4198.589844,4184.358886999999,4208.205078
4221.794922,4179.743652,4205.512695,4203.333496,4176.922852000001,4205.256348,4207.179688,4212.179688,4207.307617,4213.846191,4218.461426,4206.538574,4189.487305,4214.230957
4223.589844,4176.025879,4208.077147999999,4206.282227000001,4179.230957,4196.153809,4202.820313,4212.820313,4205.897461,4210.128418,4219.743652,4202.563965,4188.333496,4213.974121
4221.025879,4172.179688,4206.153809,4198.846191,4177.307617,4189.487305,4202.436035,4196.282227000001,4188.589844,4198.461426,4215.512695,4200.769043,4182.692383,4214.487305
4222.94873,4180.0,4211.794922,4202.94873,4181.282227000001,4199.230957,4204.615234000001,4201.282227000001,4200.0,4203.974121,4224.487305,4212.307617,4193.205078,4223.077147999999
4225.897461,4182.05127,4214.615234000001,4211.666504,4186.282227000001,4201.922852000001,4199.487305,4202.307617,4214.358886999999,4214.615234000001,4234.487305,4217.94873,4208.077147999999,4230.0
4223.589844,4178.333496,4209.487305,4210.256348,4188.461426,4200.512695,4195.384765999999,4180.641113000001,4204.743652,4210.512695,4230.0,4208.846191,4204.102539,4224.358886999999
4217.05127,4177.307617,4205.256348,4202.820313,4187.94873,4210.0,4200.0,4178.461426,4199.871582,4203.077147999999,4219.102539,4193.333496,4190.0,4211.153809
4212.563965,4172.436035,4201.153809,4199.230957,4183.461426,4208.077147999999,4195.384765999999,4186.538574,4201.666504,4198.589844,4211.282227000001,4183.717772999999,4183.461426,4205.769043
4216.538574,4174.102539,4202.820313,4204.615234000001,4188.077147999999,4197.563965,4194.743652,4188.717772999999,4205.128418,4202.820313,4216.666504,4185.0,4191.153809,4213.461426
4221.538574,4180.128418,4208.205078,4207.692383,4193.461426,4208.461426,4217.563965,4198.846191,4211.153809,4211.666504,4226.282227000001,4189.102539,4199.487305,4217.692383
4222.05127,4179.102539,4210.384765999999,4206.410156,4188.205078,4217.692383,4229.358886999999,4212.94873,4210.128418,4211.025879,4227.179688,4193.333496,4201.922852000001,4214.615234000001
4227.692383,4181.410156,4218.974121,4213.205078,4185.769043,4201.666504,4212.692383,4208.846191,4204.230957,4207.307617,4231.025879,4200.256348,4209.615234000001,4221.794922
4234.743652,4189.871582,4230.256348,4221.410156,4187.05127,4188.205078,4202.820313,4202.820313,4207.436035,4211.025879,4239.102539,4206.538574,4217.820313,4232.94873
4232.692383,4191.794922,4229.230957,4219.743652,4182.820313,4196.410156,4210.0,4221.538574,4215.128418,4215.384765999999,4238.461426,4206.794922,4213.205078,4229.230957
4224.743652,4180.641113000001,4217.179688,4210.512695,4174.871582,4199.487305,4208.205078,4222.436035,4206.666504,4205.641113000001,4226.538574,4196.025879,4199.743652,4217.179688
4219.615234000001,4176.282227000001,4211.282227000001,4206.666504,4177.436035,4195.0,4205.0,4196.794922,4198.077147999999,4197.820313,4220.0,4185.256348,4197.563965,4212.94873
4222.05127,4188.846191,4213.974121,4213.974121,4187.563965,4203.333496,4208.077147999999,4187.692383,4208.846191,4208.205078,4226.410156,4189.358886999999,4210.256348,4218.974121
4226.538574,4197.692383,4214.615234000001,4220.384765999999,4191.153809,4212.563965,4201.794922,4200.512695,4218.589844,4216.025879,4228.717772999999,4198.717772999999,4216.666504,4223.077147999999
4226.153809,4194.102539,4212.94873,4217.563965,4190.897461,4215.769043,4206.794922,4202.436035,4213.974121,4211.922852000001,4223.461426,4198.717772999999,4211.282227000001,4221.282227000001
4217.820313,4184.358886999999,4205.641113000001,4208.333496,4187.692383,4210.512695,4215.512695,4191.153809,4204.871582,4206.538574,4220.128418,4191.153809,4203.333496,4214.615234000001
4210.384765999999,4178.205078,4196.025879,4202.436035,4179.358886999999,4199.487305,4198.717772999999,4190.641113000001,4201.794922,4203.461426,4218.846191,4184.487305,4199.230957,4208.974121
4211.794922,4178.974121,4199.487305,4207.563965,4177.179688,4199.487305,4187.820313,4203.205078,4205.769043,4202.563965,4217.05127,4181.794922,4196.666504,4209.615234000001
4214.615234000001,4179.230957,4207.563965,4210.128418,4181.794922,4201.666504,4196.282227000001,4201.538574,4200.0,4195.897461,4210.512695,4181.922852000001,4187.563965,4207.94873
4213.846191,4177.436035,4206.025879,4206.282227000001,4184.102539,4195.641113000001,4195.0,4173.846191,4182.179688,4185.769043,4207.05127,4184.358886999999,4180.641113000001,4205.0
4211.666504,4179.230957,4204.230957,4207.307617,4183.974121,4192.820313,4187.179688,4163.205078,4180.769043,4185.769043,4213.589844,4187.05127,4185.128418,4212.94873
4209.230957,4179.615234000001,4205.769043,4210.256348,4179.102539,4191.025879,4187.563965,4183.333496,4188.461426,4190.512695,4217.05127,4185.512695,4187.179688,4217.307617
4208.461426,4176.922852000001,4205.256348,4207.436035,4175.256348,4182.820313,4185.256348,4191.282227000001,4183.717772999999,4184.743652,4210.641113000001,4180.384765999999,4178.974121,4207.436035
4209.487305,4178.846191,4203.333496,4204.871582,4176.153809,4184.102539,4187.05127,4184.871582,4185.512695,4180.0,4207.692383,4182.179688,4176.666504,4204.871582
4211.666504,4178.333496,4203.717772999999,4208.589844,4177.692383,4198.717772999999,4210.128418,4190.128418,4198.974121,4189.102539,4216.282227000001,4186.666504,4184.615234000001,4214.871582
4213.205078,4176.666504,4205.384765999999,4210.256348,4181.922852000001,4205.512695,4220.641113000001,4205.384765999999,4209.102539,4201.538574,4225.384765999999,4188.205078,4192.307617,4216.538574
4212.692383,4187.179688,4206.025879,4210.897461,4189.358886999999,4200.128418,4200.128418,4212.179688,4212.94873,4208.461426,4227.94873,4191.922852000001,4199.230957,4211.538574
4212.94873,4195.769043,4202.563965,4214.871582,4192.94873,4203.205078,4191.410156,4199.615234000001,4209.230957,4209.230957,4226.666504,4196.153809,4200.512695,4213.974121
4217.820313,4190.897461,4201.410156,4217.05127,4192.692383,4212.179688,4199.871582,4189.743652,4208.077147999999,4207.436035,4228.077147999999,4196.794922,4199.230957,4217.94873
4223.333496,4192.692383,4211.666504,4221.153809,4200.0,4212.692383,4200.769043,4207.94873,4221.666504,4215.384765999999,4236.666504,4200.128418,4208.205078,4221.025879
4220.641113000001,4198.846191,4219.743652,4224.487305,4204.358886999999,4208.077147999999,4198.589844,4221.025879,4225.384765999999,4224.487305,4242.179688,4206.666504,4213.717772999999,4224.743652
4222.563965,4196.922852000001,4222.05127,4224.743652,4199.102539,4206.922852000001,4200.897461,4201.410156,4211.922852000001,4220.769043,4241.794922,4212.563965,4211.538574,4226.794922
4233.077147999999,4202.179688,4228.461426,4227.436035,4200.0,4212.820313,4209.230957,4192.307617,4214.358886999999,4221.538574,4247.05127,4217.179688,4219.615234000001,4231.282227000001
4228.846191,4206.025879,4226.153809,4221.794922,4201.922852000001,4212.307617,4217.436035,4201.794922,4219.230957,4225.256348,4247.307617,4211.922852000001,4220.641113000001,4229.487305
4217.820313,4194.871582,4215.641113000001,4212.05127,4199.487305,4204.358886999999,4219.358886999999,4207.05127,4207.179688,4215.256348,4235.769043,4203.205078,4202.820313,4217.563965
4215.128418,4185.0,4211.282227000001,4213.461426,4200.512695,4212.436035,4221.025879,4218.333496,4209.615234000001,4206.794922,4229.615234000001,4199.615234000001,4195.256348,4209.871582
4205.897461,4180.641113000001,4203.205078,4211.410156,4197.820313,4225.384765999999,4220.384765999999,4224.487305,4222.692383,4207.05127,4226.666504,4194.487305,4196.282227000001,4206.025879
4198.205078,4181.666504,4196.282227000001,4206.410156,4196.794922,4221.538574,4211.922852000001,4217.307617,4226.538574,4212.94873,4226.538574,4192.94873,4192.692383,4205.897461
4206.666504,4187.05127,4201.282227000001,4213.461426,4200.0,4214.102539,4204.743652,4214.230957,4224.102539,4218.589844,4234.615234000001,4198.717772999999,4186.153809,4213.974121
4214.615234000001,4187.05127,4205.0,4221.025879,4193.717772999999,4213.461426,4205.769043,4217.563965,4222.820313,4219.230957,4239.358886999999,4202.05127,4181.153809,4222.307617
4213.717772999999,4184.487305,4207.692383,4220.897461,4191.666504,4211.922852000001,4206.410156,4219.743652,4224.487305,4217.94873,4239.615234000001,4201.282227000001,4190.897461,4225.769043
4212.94873,4184.102539,4211.282227000001,4217.94873,4198.333496,4205.641113000001,4199.102539,4201.282227000001,4211.538574,4209.358886999999,4236.282227000001,4200.128418,4196.666504,4223.846191
4216.922852000001,4186.922852000001,4211.410156,4220.512695,4195.769043,4198.205078,4191.282227000001,4180.256348,4193.333496,4199.358886999999,4230.128418,4198.974121,4185.128418,4223.333496
4223.846191,4192.820313,4217.179688,4228.589844,4188.461426,4193.077147999999,4193.461426,4205.641113000001,4203.717772999999,4206.794922,4235.769043,4203.974121,4180.641113000001,4230.256348
4226.538574,4194.615234000001,4224.615234000001,4228.846191,4186.666504,4194.102539,4200.384765999999,4234.743652,4223.077147999999,4219.487305,4244.743652,4208.846191,4182.05127,4233.717772999999
4220.0,4191.666504,4218.205078,4222.94873,4187.692383,4197.436035,4201.922852000001,4207.05127,4216.025879,4212.563965,4238.974121,4203.461426,4170.897461,4228.333496
4214.230957,4189.102539,4211.025879,4222.05127,4190.641113000001,4198.589844,4202.436035,4183.589844,4203.846191,4200.897461,4233.205078,4201.538574,4160.641113000001,4224.358886999999
4216.410156,4192.307617,4218.205078,4227.820313,4199.230957,4206.794922,4204.358886999999,4198.974121,4210.384765999999,4209.487305,4244.230957,4206.410156,4166.282227000001,4228.333496
4208.846191,4191.794922,4215.512695,4227.436035,4199.743652,4213.333496,4203.974121,4206.410156,4213.717772999999,4215.641113000001,4243.205078,4198.205078,4161.794922,4225.512695
4189.615234000001,4175.512695,4195.0,4212.436035,4187.179688,4206.153809,4206.666504,4222.436035,4211.922852000001,4201.410156,4220.769043,4181.025879,4143.461426,4208.333496
4188.077147999999,4171.025879,4190.641113000001,4208.333496,4185.256348,4205.769043,4211.282227000001,4245.128418,4220.256348,4201.666504,4217.820313,4178.077147999999,4148.333496,4200.769043
4202.94873,4186.153809,4201.538574,4220.897461,4195.897461,4214.358886999999,4209.615234000001,4210.512695,4222.179688,4216.794922,4230.0,4185.769043,4166.282227000001,4210.641113000001
4207.307617,4192.307617,4201.666504,4223.205078,4198.717772999999,4216.410156,4208.589844,4172.94873,4215.256348,4217.692383,4227.307617,4187.820313,4163.333496,4215.0
4204.871582,4189.871582,4198.717772999999,4217.563965,4198.846191,4210.384765999999,4200.384765999999,4191.794922,4216.538574,4215.128418,4222.05127,4187.820313,4157.179688,4210.641113000001
4202.692383,4184.615234000001,4197.563965,4213.461426,4198.461426,4199.230957,4179.743652,4207.820313,4217.05127,4212.692383,4220.256348,4187.94873,4159.615234000001,4208.974121
4197.820313,4176.794922,4190.897461,4207.94873,4195.0,4193.974121,4182.179688,4207.05127,4214.358886999999,4203.589844,4210.384765999999,4184.615234000001,4155.0,4208.205078
4198.717772999999,4177.820313,4190.256348,4211.025879,4197.436035,4199.743652,4206.282227000001,4209.615234000001,4210.384765999999,4198.461426,4203.461426,4183.205078,4152.307617,4209.871582
4207.692383,4187.179688,4198.846191,4220.641113000001,4200.897461,4207.307617,4208.333496,4200.256348,4209.102539,4205.128418,4209.230957,4187.436035,4158.717772999999,4219.102539
4211.025879,4187.820313,4202.05127,4220.256348,4195.641113000001,4207.179688,4195.256348,4200.256348,4219.615234000001,4213.846191,4211.538574,4192.05127,4162.94873,4227.820313
4201.538574,4177.179688,4193.846191,4209.487305,4187.94873,4199.615234000001,4192.307617,4209.102539,4217.307617,4206.538574,4197.436035,4187.820313,4158.589844,4222.307617
4195.512695,4176.410156,4188.717772999999,4206.538574,4195.897461,4203.974121,4200.769043,4202.94873,4204.871582,4200.384765999999,4187.179688,4182.179688,4158.974121,4213.205078
4201.922852000001,4184.230957,4195.384765999999,4213.717772999999,4202.436035,4217.692383,4213.077147999999,4215.0,4221.666504,4216.153809,4200.897461,4185.256348,4170.0,4220.769043
4208.205078,4187.563965,4202.05127,4216.410156,4193.589844,4219.743652,4221.666504,4240.0,4241.282227000001,4229.102539,4211.538574,4188.974121,4176.282227000001,4231.794922
4210.256348,4192.94873,4198.333496,4216.794922,4192.307617,4215.384765999999,4218.589844,4222.436035,4227.05127,4220.256348,4200.641113000001,4184.743652,4169.358886999999,4226.538574
4210.384765999999,4198.333496,4187.94873,4216.153809,4195.128418,4210.897461,4201.666504,4180.384765999999,4204.743652,4199.743652,4188.205078,4177.692383,4158.333496,4214.743652
4212.307617,4201.666504,4188.077147999999,4214.230957,4193.717772999999,4207.179688,4196.922852000001,4187.94873,4209.230957,4191.922852000001,4192.94873,4179.230957,4160.256348,4214.230957
4217.436035,4205.0,4198.717772999999,4215.128418,4192.307617,4210.256348,4206.922852000001,4222.05127,4221.153809,4203.077147999999,4204.487305,4183.077147999999,4167.307617,4218.461426
4222.05127,4203.333496,4199.615234000001,4217.436035,4187.820313,4210.769043,4204.358886999999,4204.102539,4210.897461,4209.615234000001,4205.128418,4185.128418,4168.205078,4219.487305
4224.615234000001,4199.615234000001,4200.512695,4221.153809,4189.487305,4202.692383,4201.153809,4185.384765999999,4210.0,4211.794922,4207.307617,4194.102539,4174.487305,4226.153809
4223.846191,4199.487305,4206.538574,4219.615234000001,4192.94873,4197.179688,4207.692383,4213.974121,4227.94873,4217.692383,4213.974121,4198.589844,4176.922852000001,4230.256348
4220.384765999999,4198.333496,4204.743652,4215.512695,4189.230957,4200.256348,4208.205078,4212.820313,4220.897461,4212.820313,4212.179688,4190.384765999999,4171.025879,4224.487305
4219.230957,4194.487305,4201.282227000001,4215.769043,4190.384765999999,4205.512695,4207.436035,4186.282227000001,4207.05127,4205.384765999999,4208.205078,4187.94873,4173.589844,4222.820313
4215.128418,4192.436035,4201.025879,4213.077147999999,4193.205078,4206.153809,4212.820313,4209.230957,4219.102539,4209.871582,4210.128418,4193.717772999999,4178.333496,4223.974121
4208.205078,4191.666504,4199.487305,4208.205078,4185.641113000001,4211.410156,4213.333496,4227.307617,4223.717772999999,4212.563965,4213.974121,4191.794922,4171.922852000001,4221.794922
4206.538574,4189.102539,4198.461426,4208.205078,4181.153809,4217.692383,4205.897461,4200.256348,4210.769043,4207.563965,4214.102539,4185.897461,4164.487305,4223.846191
4213.077147999999,4191.794922,4201.410156,4214.487305,4187.307617,4212.179688,4204.358886999999,4199.743652,4212.94873,4209.487305,4216.922852000001,4190.256348,4169.102539,4230.769043
4218.846191,4197.307617,4202.563965,4217.307617,4193.205078,4206.666504,4206.410156,4211.666504,4215.769043,4211.025879,4220.0,4197.05127,4176.282227000001,4231.153809
4216.410156,4196.153809,4199.487305,4214.871582,4195.384765999999,4208.333496,4202.692383,4187.692383,4205.384765999999,4207.179688,4214.743652,4193.974121,4174.743652,4223.846191
4216.410156,4195.897461,4204.230957,4218.461426,4192.05127,4208.205078,4202.692383,4198.333496,4213.461426,4209.358886999999,4211.922852000001,4192.692383,4173.333496,4220.512695
4219.871582,4198.333496,4209.487305,4220.512695,4189.487305,4208.589844,4211.153809,4238.846191,4228.589844,4208.333496,4217.179688,4198.333496,4174.102539,4218.333496
4218.974121,4198.589844,4204.102539,4216.538574,4197.563965,4211.410156,4210.384765999999,4217.179688,4222.436035,4203.077147999999,4216.666504,4196.538574,4173.461426,4216.922852000001
4221.153809,4200.897461,4200.128418,4219.871582,4201.410156,4208.589844,4191.153809,4167.307617,4204.102539,4204.743652,4213.846191,4189.615234000001,4183.077147999999,4223.717772999999
4224.487305,4200.128418,4203.589844,4222.05127,4187.563965,4194.615234000001,4173.589844,4170.769043,4193.333496,4201.922852000001,4214.871582,4190.641113000001,4192.179688,4226.538574
4225.641113000001,4199.102539,4210.0,4219.871582,4181.282227000001,4186.538574,4178.205078,4206.410156,4205.0,4199.230957,4222.307617,4198.461426,4193.461426,4225.256348
4227.179688,4206.538574,4214.102539,4225.512695,4192.05127,4192.94873,4189.871582,4206.666504,4215.384765999999,4209.615234000001,4231.538574,4203.846191,4200.384765999999,4230.0
4220.384765999999,4205.0,4205.256348,4225.128418,4196.025879,4198.846191,4192.563965,4194.487305,4209.871582,4212.436035,4226.666504,4201.410156,4198.717772999999,4224.743652
4208.717772999999,4188.846191,4193.077147999999,4213.333496,4195.897461,4201.538574,4201.282227000001,4219.743652,4215.0,4208.333496,4216.794922,4192.820313,4184.871582,4208.461426
4204.487305,4184.358886999999,4189.358886999999,4205.128418,4198.077147999999,4208.205078,4210.897461,4223.333496,4218.077147999999,4207.436035,4211.025879,4184.487305,4177.563965,4200.256348
4200.512695,4191.666504,4185.897461,4205.512695,4201.666504,4218.589844,4210.384765999999,4193.333496,4204.743652,4204.615234000001,4205.512695,4183.077147999999,4181.794922,4197.692383
4194.358886999999,4190.769043,4182.94873,4206.538574,4202.436035,4222.436035,4211.153809,4208.205078,4208.333496,4210.384765999999,4207.436035,4184.615234000001,4188.333496,4192.94873
4195.897461,4184.615234000001,4187.05127,4203.589844,4196.666504,4215.0,4209.487305,4233.077147999999,4220.128418,4216.538574,4215.0,4183.589844,4190.384765999999,4193.077147999999
4202.94873,4187.820313,4193.717772999999,4204.615234000001,4198.333496,4208.077147999999,4198.974121,4201.410156,4208.589844,4208.333496,4215.256348,4181.922852000001,4189.230957,4197.307617
4204.743652,4190.0,4192.436035,4207.05127,4200.769043,4200.512695,4188.589844,4171.153809,4193.077147999999,4198.846191,4208.205078,4181.538574,4188.077147999999,4201.794922
4210.128418,4192.179688,4196.794922,4210.128418,4196.538574,4193.461426,4187.307617,4186.794922,4200.769043,4205.0,4212.436035,4185.384765999999,4195.769043,4211.794922
4218.077147999999,4199.743652,4208.461426,4217.563965,4200.512695,4195.384765999999,4189.743652,4204.230957,4216.538574,4215.0,4220.128418,4188.205078,4200.897461,4216.025879
4207.307617,4190.0,4198.333496,4210.641113000001,4201.538574,4196.922852000001,4193.974121,4202.820313,4211.410156,4204.871582,4205.897461,4182.692383,4181.794922,4201.794922
4190.641113000001,4175.897461,4180.256348,4194.743652,4190.512695,4191.282227000001,4204.358886999999,4200.512695,4196.410156,4188.077147999999,4187.692383,4176.025879,4163.846191,4187.307617
4194.743652,4181.538574,4185.128418,4194.871582,4192.692383,4185.641113000001,4203.205078,4218.461426,4205.897461,4190.769043,4195.256348,4178.846191,4173.974121,4191.794922
4207.436035,4187.563965,4194.487305,4206.153809,4203.461426,4189.615234000001,4187.692383,4232.05127,4223.974121,4206.666504,4212.179688,4186.282227000001,4189.358886999999,4204.743652
4203.717772999999,4181.794922,4188.461426,4204.615234000001,4199.615234000001,4204.871582,4191.666504,4195.512695,4205.897461,4204.743652,4208.461426,4178.974121,4183.717772999999,4203.974121
4195.384765999999,4179.102539,4182.05127,4198.333496,4190.769043,4211.282227000001,4198.974121,4151.282227000001,4175.0,4186.538574,4191.025879,4163.333496,4168.333496,4191.410156
4199.871582,4182.94873,4182.692383,4203.461426,4192.436035,4208.461426,4196.410156,4164.230957,4175.512695,4183.333496,4186.666504,4162.05127,4168.717772999999,4189.615234000001
4196.025879,4173.717772999999,4175.641113000001,4198.846191,4189.230957,4211.794922,4224.102539,4195.897461,4181.410156,4185.769043,4190.128418,4163.589844,4174.871582,4189.743652
4186.794922,4165.769043,4169.743652,4187.820313,4184.743652,4213.333496,4243.974121,4190.128418,4177.179688,4183.333496,4189.230957,4157.179688,4174.871582,4183.974121
4203.205078,4191.025879,4184.102539,4205.384765999999,4202.179688,4211.666504,4198.205078,4183.205078,4197.94873,4200.641113000001,4201.410156,4166.666504,4186.922852000001,4200.384765999999
4221.666504,4211.538574,4200.641113000001,4224.230957,4211.666504,4211.794922,4161.025879,4202.179688,4223.589844,4218.461426,4216.922852000001,4183.589844,4201.410156,4222.436035
4217.94873,4198.077147999999,4204.358886999999,4215.128418,4194.871582,4206.282227000001,4192.307617,4220.769043,4220.384765999999,4213.717772999999,4218.205078,4183.846191,4201.538574,4224.487305
4223.974121,4199.743652,4213.974121,4217.307617,4191.153809,4194.871582,4205.128418,4217.94873,4217.94873,4216.538574,4224.871582,4187.436035,4209.230957,4233.333496
4239.487305,4216.410156,4225.512695,4230.897461,4199.230957,4183.846191,4173.461426,4212.05127,4225.897461,4229.615234000001,4237.820313,4201.538574,4220.897461,4247.307617
4229.102539,4203.077147999999,4218.205078,4218.077147999999,4190.384765999999,4178.205078,4173.846191,4224.230957,4221.282227000001,4223.461426,4233.205078,4200.0,4213.077147999999,4236.666504
4208.974121,4181.538574,4200.256348,4199.743652,4177.436035,4182.563965,4191.025879,4213.589844,4199.615234000001,4204.487305,4219.230957,4183.589844,4201.922852000001,4216.282227000001
4210.384765999999,4188.333496,4194.871582,4201.282227000001,4183.205078,4195.128418,4188.717772999999,4192.820313,4191.153809,4200.384765999999,4215.769043,4179.615234000001,4207.307617,4215.128418
4210.769043,4193.205078,4193.589844,4199.615234000001,4188.717772999999,4205.128418,4198.846191,4207.05127,4200.512695,4206.153809,4214.358886999999,4184.743652,4207.307617,4219.615234000001
4197.179688,4180.128418,4181.282227000001,4189.102539,4181.538574,4206.794922,4218.589844,4214.871582,4194.871582,4199.871582,4205.641113000001,4178.461426,4193.461426,4207.436035
4197.05127,4185.769043,4179.615234000001,4196.410156,4183.846191,4207.179688,4218.461426,4198.461426,4185.384765999999,4193.846191,4206.025879,4173.461426,4196.282227000001,4200.897461
4204.871582,4201.153809,4194.871582,4207.436035,4194.230957,4208.974121,4208.589844,4193.846191,4190.128418,4198.333496,4217.179688,4182.94873,4213.205078,4210.897461
4203.333496,4197.436035,4201.282227000001,4204.102539,4198.077147999999,4211.282227000001,4201.794922,4192.563965,4189.615234000001,4202.94873,4222.563965,4192.692383,4222.179688,4216.153809
4208.205078,4196.538574,4201.153809,4206.666504,4201.794922,4211.410156,4194.487305,4193.846191,4192.307617,4209.871582,4227.692383,4194.615234000001,4227.436035,4218.846191
4221.282227000001,4206.410156,4208.974121,4218.461426,4208.461426,4210.256348,4191.025879,4215.769043,4213.077147999999,4221.794922,4235.128418,4201.794922,4228.974121,4227.563965
4223.077147999999,4208.205078,4216.794922,4222.820313,4210.384765999999,4213.205078,4195.0,4222.05127,4226.282227000001,4222.436035,4234.615234000001,4209.615234000001,4224.871582,4228.077147999999
4217.05127,4204.871582,4217.820313,4219.358886999999,4210.641113000001,4210.256348,4197.436035,4235.641113000001,4233.717772999999,4222.563965,4229.487305,4206.410156,4221.153809,4217.436035
4216.666504,4208.333496,4217.692383,4217.692383,4216.794922,4200.256348,4191.794922,4268.717772999999,4248.846191,4236.025879,4233.846191,4201.153809,4224.871582,4217.179688
4218.205078,4212.179688,4216.794922,4221.922852000001,4218.077147999999,4198.461426,4189.871582,4246.538574,4246.282227000001,4243.717772999999,4241.538574,4204.230957,4232.179688,4223.077147999999
4213.974121,4209.615234000001,4210.897461,4223.846191,4213.333496,4207.05127,4202.307617,4203.077147999999,4226.922852000001,4236.025879,4235.128418,4205.256348,4231.794922,4219.358886999999
4204.230957,4204.615234000001,4200.897461,4215.0,4211.538574,4216.922852000001,4219.102539,4207.436035,4214.230957,4220.0,4215.128418,4190.769043,4217.436035,4205.897461
4195.128418,4197.692383,4192.94873,4202.307617,4207.94873,4216.922852000001,4220.128418,4224.615234000001,4209.487305,4206.410156,4198.461426,4178.461426,4199.871582,4193.333496
4197.179688,4197.307617,4195.0,4201.666504,4202.179688,4212.692383,4209.230957,4214.487305,4208.846191,4207.179688,4202.436035,4188.077147999999,4203.846191,4199.615234000001
4202.05127,4199.615234000001,4197.05127,4203.974121,4203.205078,4221.794922,4216.025879,4186.922852000001,4202.94873,4216.153809,4212.820313,4197.179688,4224.487305,4208.717772999999
4193.974121,4191.794922,4188.846191,4195.641113000001,4202.692383,4225.512695,4223.717772999999,4150.256348,4175.256348,4206.410156,4201.538574,4186.794922,4224.230957,4197.436035
4192.94873,4190.897461,4190.128418,4195.512695,4198.717772999999,4209.487305,4201.794922,4146.794922,4163.974121,4194.615234000001,4193.589844,4185.128418,4215.384765999999,4192.692383
4208.077147999999,4201.794922,4205.512695,4206.153809,4207.563965,4201.922852000001,4181.794922,4202.179688,4200.384765999999,4211.538574,4218.974121,4204.358886999999,4236.538574,4213.461426
4214.487305,4204.615234000001,4211.538574,4208.717772999999,4213.333496,4210.897461,4188.846191,4236.538574,4223.205078,4229.358886999999,4236.922852000001,4213.333496,4254.743652,4223.589844
4210.512695,4204.230957,4211.282227000001,4207.307617,4204.230957,4211.025879,4195.897461,4214.358886999999,4211.538574,4229.487305,4222.692383,4205.897461,4235.128418,4210.384765999999
4208.717772999999,4211.282227000001,4212.436035,4208.846191,4202.05127,4194.487305,4184.487305,4205.641113000001,4219.871582,4232.820313,4213.589844,4201.410156,4220.384765999999,4204.487305
4206.025879,4213.589844,4208.846191,4208.974121,4210.256348,4193.461426,4186.666504,4236.794922,4247.94873,4242.307617,4223.333496,4201.922852000001,4231.538574,4209.615234000001
4203.974121,4212.692383,4204.743652,4211.922852000001,4214.615234000001,4213.974121,4202.692383,4244.487305,4248.717772999999,4242.563965,4226.025879,4199.615234000001,4233.974121,4211.153809
4203.461426,4213.077147999999,4198.589844,4212.436035,4211.794922,4216.666504,4196.025879,4207.820313,4222.436035,4229.358886999999,4213.717772999999,4194.871582,4222.94873,4206.922852000001
4200.256348,4207.94873,4192.563965,4206.666504,4215.128418,4214.871582,4195.769043,4195.897461,4210.512695,4219.230957,4204.743652,4188.077147999999,4220.128418,4199.358886999999
4195.512695,4199.230957,4189.743652,4203.077147999999,4219.487305,4232.179688,4212.692383,4211.410156,4216.794922,4211.666504,4197.94873,4183.077147999999,4216.922852000001,4191.794922
4193.205078,4198.589844,4188.717772999999,4202.820313,4220.384765999999,4243.333496,4206.666504,4198.589844,4210.256348,4205.641113000001,4188.974121,4184.871582,4209.487305,4191.153809
4197.307617,4205.512695,4193.717772999999,4207.05127,4223.717772999999,4236.794922,4200.128418,4186.922852000001,4200.256348,4215.641113000001,4194.230957,4192.179688,4221.538574,4200.897461
4200.128418,4200.256348,4198.205078,4205.0,4213.461426,4228.974121,4222.05127,4208.461426,4200.256348,4222.436035,4203.846191,4200.0,4231.922852000001,4209.230957
4196.410156,4188.717772999999,4195.897461,4197.307617,4199.230957,4226.666504,4233.461426,4210.384765999999,4193.589844,4211.538574,4199.230957,4203.717772999999,4221.922852000001,4211.153809
4201.282227000001,4190.769043,4199.487305,4201.410156,4204.102539,4227.692383,4222.94873,4192.692383,4190.512695,4213.461426,4197.94873,4203.077147999999,4224.615234000001,4214.102539
4212.820313,4196.538574,4212.307617,4205.512695,4209.230957,4228.974121,4222.179688,4209.102539,4212.820313,4235.512695,4212.05127,4206.922852000001,4248.846191,4222.692383
4219.615234000001,4200.512695,4220.384765999999,4203.846191,4205.128418,4224.358886999999,4220.128418,4239.230957,4242.820313,4258.077147999999,4229.102539,4218.589844,4273.205078,4236.794922
4220.641113000001,4202.05127,4220.128418,4206.410156,4206.153809,4211.282227000001,4202.307617,4237.307617,4255.0,4263.717772999999,4234.871582,4220.897461,4276.410156,4239.615234000001
4218.717772999999,4196.153809,4217.820313,4209.102539,4210.897461,4208.205078,4197.692383,4235.384765999999,4260.641113000001,4258.846191,4230.512695,4214.615234000001,4267.436035,4230.256348
4216.282227000001,4192.05127,4213.589844,4206.282227000001,4212.820313,4223.589844,4211.538574,4237.94873,4262.820313,4256.025879,4228.846191,4211.282227000001,4267.436035,4227.692383
4218.589844,4192.820313,4210.769043,4204.615234000001,4210.128418,4233.205078,4213.461426,4221.410156,4253.077147999999,4251.922852000001,4229.358886999999,4207.820313,4268.717772999999,4229.358886999999
4220.128418,4187.820313,4210.641113000001,4202.563965,4201.410156,4223.077147999999,4211.025879,4225.641113000001,4245.512695,4242.179688,4223.717772999999,4205.641113000001,4257.436035,4224.230957
4206.025879,4176.282227000001,4199.102539,4188.717772999999,4192.179688,4213.717772999999,4221.153809,4223.974121,4227.05127,4224.230957,4207.307617,4201.666504,4239.358886999999,4212.820313
4196.538574,4172.820313,4188.205078,4180.897461,4191.666504,4218.077147999999,4225.256348,4193.589844,4205.512695,4211.922852000001,4200.512695,4199.487305,4235.641113000001,4207.563965
4208.846191,4177.563965,4201.282227000001,4191.922852000001,4197.436035,4228.846191,4221.666504,4197.179688,4207.563965,4219.230957,4215.769043,4210.384765999999,4248.205078,4217.436035
4213.461426,4176.794922,4211.025879,4195.384765999999,4198.589844,4226.538574,4216.153809,4208.077147999999,4204.743652,4222.436035,4223.461426,4217.436035,4252.05127,4226.282227000001
4208.461426,4180.512695,4203.461426,4193.974121,4197.820313,4211.666504,4203.974121,4173.077147999999,4190.256348,4214.358886999999,4220.0,4212.179688,4247.05127,4227.820313
4219.871582,4192.179688,4205.128418,4202.436035,4199.230957,4205.512695,4200.128418,4165.128418,4195.256348,4217.692383,4229.743652,4216.410156,4249.230957,4234.358886999999
4233.974121,4197.05127,4216.666504,4210.512695,4205.0,4211.794922,4208.974121,4211.538574,4216.410156,4230.128418,4241.794922,4228.205078,4251.153809,4239.230957
4230.0,4197.307617,4218.846191,4212.307617,4212.05127,4215.769043,4207.563965,4221.922852000001,4224.358886999999,4230.897461,4235.641113000001,4225.769043,4242.307617,4234.230957
4223.717772999999,4198.974121,4212.820313,4211.794922,4207.563965,4207.820313,4193.974121,4197.94873,4224.230957,4226.794922,4225.384765999999,4217.692383,4232.179688,4225.641113000001
4221.410156,4198.333496,4207.05127,4208.846191,4201.794922,4204.102539,4195.641113000001,4218.077147999999,4237.692383,4232.692383,4225.897461,4214.743652,4226.794922,4217.05127
4210.897461,4192.692383,4199.487305,4201.538574,4204.871582,4208.717772999999,4195.384765999999,4255.641113000001,4253.974121,4237.179688,4224.102539,4207.94873,4223.077147999999,4211.794922
4197.05127,4182.307617,4189.487305,4191.153809,4203.717772999999,4205.769043,4192.692383,4244.487305,4247.05127,4224.743652,4210.641113000001,4197.179688,4210.641113000001,4203.717772999999
4189.743652,4171.538574,4181.410156,4183.205078,4197.436035,4205.897461,4217.692383,4209.615234000001,4219.743652,4202.563965,4195.897461,4187.307617,4192.307617,4189.743652
4188.461426,4171.666504,4181.794922,4182.563965,4196.666504,4212.692383,4230.897461,4201.153809,4205.256348,4190.0,4191.538574,4183.461426,4189.871582,4184.487305
4195.512695,4183.974121,4192.94873,4190.641113000001,4203.717772999999,4218.205078,4212.05127,4214.871582,4215.769043,4201.794922,4203.205078,4191.282227000001,4212.94873,4197.179688
4200.897461,4188.077147999999,4199.230957,4195.641113000001,4205.128418,4223.077147999999,4214.230957,4217.05127,4221.922852000001,4213.333496,4217.05127,4199.358886999999,4230.512695,4205.897461
4197.94873,4183.205078,4192.05127,4189.102539,4196.666504,4224.871582,4228.461426,4199.743652,4208.717772999999,4203.205078,4215.256348,4195.641113000001,4224.743652,4203.974121
4205.384765999999,4195.897461,4197.563965,4193.077147999999,4200.384765999999,4219.230957,4214.102539,4188.077147999999,4204.358886999999,4201.410156,4214.871582,4199.230957,4225.384765999999,4212.05127
4216.410156,4205.512695,4214.230957,4206.922852000001,4209.487305,4213.589844,4207.307617,4205.897461,4219.615234000001,4218.333496,4225.512695,4213.461426,4239.615234000001,4223.589844
4208.205078,4191.922852000001,4209.615234000001,4203.589844,4206.410156,4217.05127,4226.153809,4227.94873,4224.102539,4221.666504,4225.641113000001,4215.384765999999,4243.974121,4217.179688
4198.974121,4189.871582,4195.128418,4195.769043,4204.102539,4218.717772999999,4222.05127,4211.282227000001,4206.538574,4206.410156,4215.769043,4207.94873,4233.717772999999,4204.615234000001
4208.205078,4206.153809,4199.487305,4202.307617,4208.974121,4213.077147999999,4198.205078,4187.05127,4198.717772999999,4202.179688,4214.743652,4209.358886999999,4226.025879,4207.692383
4223.846191,4215.128418,4217.307617,4215.512695,4216.282227000001,4208.974121,4190.256348,4193.461426,4215.0,4219.615234000001,4229.102539,4218.077147999999,4238.717772999999,4225.897461
4228.205078,4211.666504,4225.256348,4220.512695,4218.333496,4204.230957,4194.487305,4210.0,4227.179688,4231.410156,4238.461426,4223.205078,4251.153809,4236.410156
4222.820313,4208.205078,4220.128418,4215.769043,4209.743652,4203.333496,4207.436035,4226.025879,4225.641113000001,4225.512695,4231.922852000001,4220.897461,4240.256348,4230.384765999999
4219.487305,4210.641113000001,4215.769043,4212.307617,4205.128418,4210.897461,4216.025879,4227.436035,4223.205078,4217.692383,4222.436035,4215.128418,4220.384765999999,4222.94873
4218.846191,4212.05127,4210.641113000001,4213.205078,4205.512695,4210.256348,4207.179688,4211.410156,4219.358886999999,4210.128418,4215.0,4211.025879,4214.615234000001,4217.692383
4214.487305,4207.820313,4202.307617,4211.025879,4199.871582,4210.384765999999,4215.0,4217.436035,4216.794922,4203.974121,4208.205078,4205.512695,4218.589844,4210.0
4205.0,4200.256348,4194.487305,4201.410156,4192.179688,4220.512695,4238.333496,4231.153809,4211.922852000001,4198.077147999999,4200.0,4197.563965,4207.94873,4201.666504
4195.512695,4193.461426,4188.461426,4193.333496,4189.743652,4217.94873,4229.487305,4208.077147999999,4197.820313,4186.794922,4190.897461,4191.410156,4184.871582,4192.94873
4192.436035,4195.641113000001,4185.512695,4197.436035,4191.025879,4211.666504,4208.717772999999,4191.666504,4195.0,4185.897461,4190.128418,4188.846191,4185.0,4188.077147999999
4195.128418,4203.333496,4182.820313,4200.897461,4191.410156,4212.307617,4216.410156,4202.820313,4197.94873,4187.692383,4187.692383,4186.666504,4194.615234000001,4187.436035
4197.692383,4207.05127,4183.333496,4198.333496,4195.256348,4211.538574,4227.307617,4203.717772999999,4191.410156,4184.871582,4184.615234000001,4187.820313,4188.974121,4190.897461
4205.128418,4214.358886999999,4195.128418,4205.256348,4205.128418,4210.256348,4216.282227000001,4202.94873,4196.410156,4196.538574,4198.846191,4199.743652,4194.743652,4202.05127
4226.025879,4236.410156,4218.205078,4227.436035,4213.974121,4210.256348,4199.871582,4208.077147999999,4214.230957,4216.282227000001,4221.025879,4214.230957,4223.077147999999,4221.410156
4252.179688,4262.436035,4240.384765999999,4249.743652,4218.974121,4208.077147999999,4193.077147999999,4211.538574,4225.512695,4229.615234000001,4238.077147999999,4230.384765999999,4253.461426,4245.641113000001
4260.897461,4262.436035,4248.333496,4251.282227000001,4212.94873,4198.333496,4198.717772999999,4226.922852000001,4222.94873,4231.538574,4250.0,4244.230957,4263.333496,4257.692383
4255.256348,4250.0,4247.307617,4245.769043,4205.641113000001,4186.538574,4202.820313,4234.615234000001,4216.025879,4225.641113000001,4255.128418,4244.615234000001,4251.410156,4253.205078
4252.05127,4255.256348,4247.563965,4249.358886999999,4208.717772999999,4176.410156,4189.615234000001,4220.128418,4217.94873,4222.692383,4252.94873,4237.692383,4240.128418,4248.205078
4243.589844,4255.769043,4238.846191,4245.128418,4209.102539,4169.358886999999,4179.615234000001,4225.128418,4228.333496,4224.358886999999,4242.179688,4231.025879,4235.641113000001,4239.487305
4222.307617,4237.563965,4217.692383,4229.615234000001,4201.282227000001,4180.256348,4206.794922,4242.94873,4231.922852000001,4221.025879,4225.128418,4217.563965,4223.717772999999,4217.820313
4200.384765999999,4214.615234000001,4197.307617,4213.717772999999,4195.0,4203.461426,4237.692383,4228.077147999999,4216.922852000001,4203.333496,4205.0,4194.615234000001,4198.589844,4193.974121
4191.794922,4206.282227000001,4187.563965,4205.512695,4198.205078,4218.589844,4226.922852000001,4204.487305,4206.025879,4190.897461,4192.307617,4181.794922,4183.589844,4179.487305
4188.974121,4206.922852000001,4183.205078,4201.666504,4205.512695,4226.666504,4210.512695,4196.794922,4208.077147999999,4191.538574,4185.128418,4176.025879,4184.358886999999,4169.230957
4183.461426,4202.692383,4175.512695,4196.666504,4206.282227000001,4226.538574,4218.717772999999,4199.743652,4201.538574,4187.436035,4177.692383,4166.538574,4181.794922,4162.436035
4188.333496,4206.025879,4177.563965,4198.205078,4205.641113000001,4223.461426,4227.692383,4217.179688,4196.025879,4179.487305,4179.871582,4168.974121,4178.974121,4168.717772999999
4198.589844,4217.307617,4190.512695,4207.436035,4207.05127,4229.615234000001,4217.179688,4204.230957,4193.846191,4181.794922,4190.512695,4180.512695,4194.615234000001,4181.538574
4202.179688,4221.922852000001,4197.820313,4214.871582,4209.871582,4232.307617,4205.0,4164.743652,4183.846191,4194.743652,4201.153809,4189.358886999999,4217.692383,4192.307617
4205.897461,4221.538574,4200.897461,4215.384765999999,4209.102539,4221.282227000001,4211.282227000001,4178.846191,4180.897461,4201.153809,4210.128418,4193.589844,4228.333496,4201.153809
4213.846191,4227.436035,4209.615234000001,4217.05127,4205.384765999999,4212.436035,4210.897461,4218.333496,4191.282227000001,4201.922852000001,4218.589844,4201.025879,4242.94873,4210.384765999999
4224.743652,4240.128418,4227.436035,4231.025879,4211.410156,4211.538574,4191.538574,4221.538574,4207.307617,4220.641113000001,4233.077147999999,4216.153809,4277.94873,4223.205078
4236.153809,4248.205078,4236.025879,4243.205078,4219.358886999999,4207.307617,4170.384765999999,4217.692383,4226.153809,4245.512695,4248.461426,4225.769043,4301.025879,4231.666504
4234.871582,4241.153809,4224.615234000001,4234.615234000001,4212.692383,4204.358886999999,4172.692383,4230.384765999999,4235.897461,4244.743652,4244.230957,4214.871582,4288.589844,4222.563965
4213.077147999999,4219.102539,4206.666504,4212.307617,4198.333496,4207.05127,4204.358886999999,4234.358886999999,4226.410156,4223.846191,4216.794922,4187.179688,4260.0,4197.563965
4194.358886999999,4203.717772999999,4194.358886999999,4199.487305,4193.717772999999,4208.717772999999,4219.230957,4222.820313,4214.230957,4201.538574,4191.922852000001,4168.589844,4239.487305,4177.563965
4204.102539,4210.769043,4196.538574,4205.512695,4201.922852000001,4210.256348,4205.897461,4224.615234000001,4218.077147999999,4197.820313,4192.179688,4173.717772999999,4238.461426,4183.974121
4216.666504,4221.282227000001,4203.589844,4215.0,4207.05127,4211.538574,4201.538574,4222.436035,4214.358886999999,4211.282227000001,4199.743652,4181.025879,4243.077147999999,4196.794922
4205.769043,4218.461426,4197.94873,4210.897461,4202.563965,4211.153809,4206.538574,4197.307617,4193.717772999999,4208.461426,4193.461426,4175.641113000001,4241.282227000001,4191.025879
4196.666504,4216.794922,4192.307617,4207.692383,4204.871582,4214.358886999999,4202.179688,4190.128418,4191.794922,4199.358886999999,4190.0,4173.589844,4245.128418,4184.871582
4202.820313,4223.333496,4197.05127,4213.589844,4211.282227000001,4218.846191,4192.563965,4188.077147999999,4194.487305,4204.102539,4196.153809,4180.512695,4253.589844,4191.153809
4209.358886999999,4226.153809,4202.436035,4218.333496,4210.256348,4220.256348,4191.282227000001,4165.641113000001,4175.128418,4207.94873,4203.846191,4186.538574,4263.461426,4201.410156
4211.922852000001,4224.358886999999,4208.333496,4219.487305,4210.641113000001,4221.922852000001,4197.563965,4171.410156,4172.05127,4215.384765999999,4213.461426,4192.179688,4276.794922,4207.563965
4212.563965,4223.077147999999,4215.512695,4218.205078,4214.871582,4218.461426,4198.717772999999,4201.922852000001,4195.256348,4229.871582,4222.179688,4199.230957,4280.128418,4208.846191
4219.743652,4231.538574,4226.922852000001,4226.410156,4222.94873,4219.358886999999,4192.563965,4211.538574,4215.769043,4247.820313,4236.025879,4208.589844,4284.743652,4218.461426
4230.0,4246.282227000001,4240.512695,4242.820313,4233.205078,4228.333496,4191.794922,4226.282227000001,4236.666504,4272.307617,4254.615234000001,4217.436035,4299.615234000001,4232.692383
4209.102539,4220.769043,4215.0,4215.384765999999,4203.589844,4198.846191,4179.487305,4233.717772999999,4222.179688,4246.794922,4230.384765999999,4208.717772999999,4267.94873,4213.205078
4210.641113000001,4231.666504,4214.230957,4221.666504,4217.692383,4211.538574,4210.512695,4248.717772999999,4229.615234000001,4241.538574,4227.94873,4204.230957,4265.256348,4209.102539
4223.974121,4266.922852000001,4241.538574,4260.512695,4264.743652,4257.94873,4248.589844,4251.153809,4261.666504,4280.128418,4252.94873,4197.563965,4295.641113000001,4224.487305
4173.974121,4191.666504,4178.717772999999,4186.282227000001,4185.897461,4192.179688,4181.538574,4174.487305,4188.846191,4201.025879,4176.922852000001,4171.794922,4215.384765999999,4171.410156
4177.94873,4190.769043,4174.871582,4177.820313,4179.230957,4194.230957,4196.666504,4197.05127,4191.025879,4186.922852000001,4168.846191,4181.922852000001,4209.358886999999,4166.282227000001
4206.794922,4241.538574,4221.282227000001,4231.282227000001,4238.077147999999,4242.307617,4245.0,4243.333496,4242.692383,4246.282227000001,4220.769043,4192.563965,4264.102539,4203.461426
4187.94873,4207.692383,4193.846191,4199.871582,4203.717772999999,4200.769043,4197.436035,4176.025879,4188.846191,4201.153809,4179.615234000001,4181.666504,4224.487305,4183.846191
4196.922852000001,4216.538574,4202.436035,4207.307617,4207.94873,4213.077147999999,4212.436035,4185.512695,4187.563965,4197.179688,4176.666504,4190.897461,4225.128418,4183.846191
4192.692383,4215.128418,4206.538574,4210.128418,4209.487305,4219.102539,4219.358886999999,4199.230957,4192.179688,4200.769043,4177.436035,4187.692383,4222.94873,4184.358886999999
4188.846191,4208.077147999999,4195.384765999999,4199.487305,4205.0,4198.205078,4185.256348,4159.871582,4173.846191,4184.871582,4161.282227000001,4181.922852000001,4209.102539,4180.128418
4209.102539,4239.358886999999,4216.410156,4224.487305,4228.333496,4213.333496,4186.410156,4179.871582,4203.077147999999,4216.153809,4185.769043,4190.897461,4241.538574,4196.538574
4201.538574,4231.538574,4212.436035,4217.307617,4209.230957,4211.025879,4187.563965,4215.256348,4217.179688,4223.077147999999,4187.692383,4188.461426,4243.589844,4194.230957
4189.615234000001,4214.871582,4201.794922,4202.563965,4194.871582,4210.512695,4201.153809,4219.871582,4211.282227000001,4213.589844,4177.05127,4184.615234000001,4230.641113000001,4190.256348
4211.025879,4244.230957,4231.282227000001,4235.897461,4234.615234000001,4244.615234000001,4239.743652,4239.230957,4235.256348,4249.871582,4208.461426,4193.077147999999,4260.128418,4211.794922
4185.512695,4199.871582,4192.94873,4190.128418,4183.461426,4191.538574,4183.589844,4204.615234000001,4191.153809,4204.358886999999,4173.589844,4177.436035,4215.384765999999,4184.487305
4166.666504,4158.461426,4151.666504,4142.05127,4128.846191,4147.436035,4150.641113000001,4180.0,4152.179688,4143.077147999999,4127.563965,4174.487305,4169.871582,4158.205078
4231.794922,4257.307617,4244.871582,4248.461426,4237.692383,4252.94873,4267.307617,4278.974121,4253.589844,4248.589844,4218.333496,4206.794922,4268.205078,4221.153809
4230.256348,4253.589844,4251.666504,4253.974121,4237.94873,4243.461426,4258.333496,4263.333496,4241.282227000001,4251.666504,4219.871582,4195.897461,4256.922852000001,4222.307617
4208.077147999999,4205.769043,4201.922852000001,4198.205078,4177.436035,4187.05127,4194.230957,4180.384765999999,4175.0,4180.769043,4162.307617,4174.743652,4192.94873,4191.410156
4227.692383,4240.897461,4225.769043,4230.641113000001,4208.077147999999,4222.692383,4219.487305,4201.025879,4209.487305,4212.179688,4190.769043,4176.922852000001,4227.307617,4208.974121
4209.358886999999,4223.461426,4210.0,4217.307617,4190.384765999999,4201.153809,4201.538574,4195.641113000001,4192.563965,4196.153809,4175.0,4165.0,4206.410156,4190.897461
4195.384765999999,4211.922852000001,4192.05127,4201.153809,4179.871582,4189.743652,4193.333496,4167.94873,4170.897461,4174.487305,4155.384765999999,4155.512695,4182.94873,4176.666504
4194.615234000001,4215.128418,4195.769043,4202.692383,4188.205078,4205.512695,4198.461426,4164.871582,4175.384765999999,4181.025879,4166.282227000001,4157.307617,4190.897461,4184.358886999999
4197.05127,4209.102539,4201.410156,4201.538574,4188.717772999999,4210.0,4195.897461,4196.025879,4189.358886999999,4189.230957,4178.205078,4168.461426,4195.512695,4189.615234000001
4204.871582,4216.794922,4208.461426,4209.615234000001,4200.897461,4215.0,4205.897461,4234.871582,4218.717772999999,4207.820313,4190.256348,4180.256348,4202.820313,4195.128418
4205.0,4218.333496,4204.230957,4206.538574,4201.538574,4202.436035,4199.487305,4228.717772999999,4218.461426,4205.512695,4186.153809,4182.307617,4202.436035,4197.179688
4209.102539,4223.205078,4209.743652,4208.461426,4200.769043,4196.025879,4191.538574,4213.717772999999,4209.743652,4200.256348,4187.436035,4184.871582,4208.333496,4205.384765999999
4221.153809,4233.589844,4223.205078,4222.563965,4202.563965,4204.871582,4203.461426,4213.717772999999,4216.153809,4207.94873,4200.128418,4193.589844,4215.256348,4215.128418
4230.769043,4241.282227000001,4227.307617,4231.666504,4201.666504,4209.230957,4212.436035,4222.563965,4225.641113000001,4217.692383,4210.512695,4203.077147999999,4220.0,4217.307617
4223.589844,4236.538574,4223.589844,4223.205078,4197.563965,4203.461426,4214.487305,4225.512695,4220.128418,4216.538574,4208.846191,4200.256348,4217.307617,4211.794922
4206.282227000001,4219.487305,4217.307617,4210.128418,4194.615234000001,4203.205078,4217.436035,4206.666504,4200.128418,4203.974121,4197.307617,4184.615234000001,4203.461426,4200.769043
4198.077147999999,4210.384765999999,4207.05127,4206.922852000001,4199.615234000001,4208.205078,4208.589844,4185.128418,4185.897461,4192.436035,4189.871582,4176.410156,4199.487305,4193.974121
4198.846191,4215.769043,4198.846191,4207.179688,4206.794922,4202.94873,4194.487305,4174.487305,4183.205078,4188.333496,4186.538574,4177.436035,4203.974121,4195.512695
4199.871582,4220.384765999999,4199.358886999999,4207.692383,4206.538574,4196.410156,4196.666504,4175.512695,4184.743652,4189.487305,4184.487305,4173.461426,4199.358886999999,4195.512695
4201.025879,4221.025879,4204.358886999999,4214.358886999999,4204.358886999999,4209.487305,4212.179688,4183.333496,4187.307617,4189.487305,4187.692383,4168.205078,4193.461426,4190.897461
4206.153809,4228.846191,4210.128418,4222.436035,4207.05127,4223.333496,4214.102539,4189.102539,4199.487305,4195.512695,4195.769043,4173.974121,4206.153809,4193.333496
4207.94873,4234.871582,4212.563965,4221.666504,4209.743652,4217.05127,4203.205078,4201.153809,4220.641113000001,4215.897461,4206.538574,4184.487305,4223.333496,4204.871582
4198.333496,4227.179688,4208.589844,4214.487305,4209.871582,4213.974121,4206.538574,4233.333496,4239.230957,4232.692383,4217.94873,4187.179688,4225.769043,4212.820313
4193.846191,4219.871582,4208.717772999999,4211.538574,4208.717772999999,4221.922852000001,4219.871582,4253.717772999999,4242.820313,4231.410156,4227.94873,4191.410156,4234.487305,4216.666504
4207.05127,4225.0,4219.230957,4217.563965,4211.666504,4220.128418,4224.102539,4235.384765999999,4235.256348,4231.538574,4233.846191,4198.974121,4251.538574,4224.358886999999
4220.128418,4231.025879,4226.025879,4224.743652,4212.307617,4206.282227000001,4217.436035,4226.538574,4229.102539,4233.974121,4231.153809,4197.307617,4246.794922,4226.666504
4223.589844,4227.692383,4228.333496,4225.384765999999,4201.538574,4193.461426,4216.538574,4240.769043,4220.0,4219.743652,4219.230957,4192.307617,4223.333496,4220.256348
4230.384765999999,4226.538574,4235.512695,4226.794922,4194.743652,4185.897461,4215.641113000001,4227.436035,4204.615234000001,4206.153809,4210.128418,4195.0,4213.717772999999,4218.333496
4232.179688,4227.179688,4231.025879,4225.769043,4197.563965,4182.307617,4196.794922,4178.974121,4180.897461,4196.282227000001,4202.692383,4192.820313,4210.384765999999,4216.410156
4215.256348,4218.077147999999,4210.897461,4215.512695,4199.102539,4187.820313,4182.179688,4155.256348,4161.922852000001,4176.538574,4189.871582,4177.820313,4192.820313,4200.897461
4187.307617,4197.05127,4191.538574,4198.205078,4192.820313,4188.717772999999,4187.05127,4170.897461,4160.769043,4161.410156,4177.436035,4162.692383,4175.384765999999,4178.974121
4169.871582,4185.384765999999,4178.846191,4185.512695,4186.922852000001,4186.025879,4197.692383,4177.05127,4174.615234000001,4167.179688,4172.94873,4157.563965,4174.871582,4167.692383
4172.563965,4197.179688,4177.94873,4188.333496,4194.358886999999,4207.563965,4218.846191,4183.974121,4200.384765999999,4191.025879,4182.94873,4162.820313,4194.487305,4172.563965
4175.128418,4205.641113000001,4181.153809,4194.487305,4207.692383,4231.153809,4236.025879,4216.794922,4221.794922,4209.743652,4190.0,4166.025879,4208.974121,4175.641113000001
4175.0,4202.94873,4180.769043,4194.743652,4213.717772999999,4226.282227000001,4223.077147999999,4242.820313,4232.820313,4215.897461,4188.974121,4164.487305,4206.025879,4170.769043
4186.282227000001,4207.179688,4186.025879,4196.538574,4210.769043,4217.05127,4209.102539,4236.666504,4237.563965,4217.820313,4195.641113000001,4170.0,4207.05127,4177.94873
4203.717772999999,4219.230957,4199.743652,4205.128418,4208.205078,4225.769043,4223.717772999999,4226.410156,4238.589844,4222.692383,4208.846191,4182.94873,4215.897461,4195.384765999999
4213.461426,4225.128418,4213.205078,4216.666504,4212.94873,4231.794922,4229.743652,4238.333496,4242.692383,4230.256348,4220.641113000001,4195.0,4218.077147999999,4207.436035
4215.256348,4222.05127,4219.487305,4217.820313,4211.025879,4219.487305,4211.794922,4236.153809,4231.666504,4226.153809,4223.974121,4198.589844,4202.307617,4213.333496
4222.307617,4225.0,4225.897461,4215.769043,4201.922852000001,4201.922852000001,4201.282227000001,4206.282227000001,4205.769043,4216.153809,4224.230957,4202.179688,4192.307617,4221.538574
4229.102539,4233.589844,4234.358886999999,4222.563965,4201.794922,4193.205078,4197.307617,4176.922852000001,4191.538574,4211.666504,4226.282227000001,4206.666504,4201.153809,4227.05127
4224.230957,4227.820313,4231.025879,4222.179688,4203.461426,4190.769043,4194.102539,4166.794922,4186.666504,4203.333496,4221.153809,4200.769043,4199.230957,4219.358886999999
4217.05127,4212.563965,4220.384765999999,4211.794922,4197.05127,4190.128418,4203.974121,4176.666504,4181.666504,4194.871582,4213.846191,4190.769043,4194.230957,4208.077147999999
4208.333496,4205.0,4212.692383,4203.717772999999,4191.410156,4187.436035,4208.205078,4185.512695,4180.897461,4190.897461,4207.179688,4181.025879,4209.230957,4196.922852000001
4191.922852000001,4206.410156,4203.333496,4200.384765999999,4193.846191,4186.666504,4202.563965,4189.743652,4186.666504,4187.94873,4200.384765999999,4172.436035,4215.641113000001,4183.333496
4179.615234000001,4206.794922,4192.563965,4200.256348,4197.179688,4195.0,4211.538574,4196.025879,4193.589844,4188.205078,4195.897461,4167.692383,4194.615234000001,4171.538574
4174.358886999999,4198.589844,4186.922852000001,4197.05127,4194.743652,4199.230957,4224.102539,4209.871582,4199.358886999999,4186.025879,4190.0,4166.153809,4175.769043,4164.743652
4171.538574,4197.563965,4188.974121,4191.794922,4196.794922,4196.153809,4222.563965,4241.666504,4216.666504,4185.512695,4186.153809,4167.692383,4171.794922,4170.512695
4175.641113000001,4211.025879,4193.846191,4194.871582,4206.410156,4204.743652,4216.153809,4242.692383,4229.487305,4193.846191,4190.384765999999,4169.102539,4164.871582,4179.743652
4183.205078,4218.205078,4199.230957,4201.922852000001,4208.077147999999,4218.974121,4220.256348,4203.205078,4212.563965,4198.205078,4194.743652,4168.461426,4155.512695,4175.256348
4191.922852000001,4219.230957,4209.615234000001,4210.512695,4206.153809,4219.487305,4228.846191,4197.820313,4201.410156,4201.282227000001,4201.282227000001,4173.461426,4161.282227000001,4174.102539
4208.077147999999,4228.974121,4222.179688,4220.128418,4215.641113000001,4212.05127,4218.077147999999,4213.461426,4215.0,4211.922852000001,4213.205078,4187.563965,4178.846191,4190.769043
4228.077147999999,4245.384765999999,4235.897461,4230.897461,4226.794922,4212.179688,4193.717772999999,4193.333496,4219.102539,4223.077147999999,4226.666504,4202.94873,4198.461426,4208.974121
4232.563965,4250.512695,4244.871582,4237.307617,4222.94873,4205.769043,4183.205078,4177.820313,4207.692383,4225.641113000001,4233.846191,4207.820313,4205.641113000001,4216.410156
4223.974121,4239.230957,4240.128418,4232.436035,4213.461426,4192.94873,4188.461426,4186.025879,4197.692383,4215.897461,4226.538574,4202.436035,4194.487305,4217.436035
4224.230957,4234.102539,4233.077147999999,4225.384765999999,4214.871582,4194.358886999999,4194.230957,4183.077147999999,4194.230957,4205.512695,4216.922852000001,4199.358886999999,4185.384765999999,4211.410156
4214.358886999999,4230.256348,4223.333496,4218.589844,4211.282227000001,4190.512695,4194.871582,4178.077147999999,4188.077147999999,4196.794922,4210.0,4195.769043,4177.179688,4195.128418
4182.436035,4208.846191,4201.666504,4204.358886999999,4196.025879,4182.179688,4204.871582,4185.0,4174.871582,4180.128418,4195.256348,4180.0,4156.410156,4173.717772999999
4167.179688,4189.487305,4185.512695,4190.641113000001,4191.410156,4195.128418,4222.05127,4187.94873,4165.897461,4163.589844,4177.94873,4165.641113000001,4135.897461,4155.897461
4181.922852000001,4192.563965,4190.256348,4190.256348,4198.589844,4203.333496,4216.538574,4184.358886999999,4173.205078,4167.820313,4178.717772999999,4167.94873,4139.358886999999,4154.230957
4193.077147999999,4205.769043,4200.641113000001,4201.666504,4205.384765999999,4200.512695,4216.538574,4195.384765999999,4184.871582,4185.641113000001,4194.743652,4175.256348,4156.153809,4167.692383
4186.410156,4206.666504,4196.666504,4203.974121,4206.794922,4213.717772999999,4243.333496,4218.846191,4184.743652,4186.538574,4195.0,4171.794922,4152.563965,4173.461426
4185.0,4205.769043,4195.512695,4202.307617,4211.794922,4225.641113000001,4243.846191,4228.974121,4193.974121,4186.153809,4189.615234000001,4169.487305,4154.615234000001,4171.538574
4196.922852000001,4217.563965,4210.769043,4214.230957,4222.307617,4215.384765999999,4212.563965,4218.846191,4214.871582,4210.769043,4207.820313,4180.641113000001,4190.256348,4178.846191
4203.589844,4229.102539,4219.615234000001,4224.743652,4225.128418,4210.384765999999,4200.0,4200.641113000001,4220.769043,4230.769043,4226.025879,4190.384765999999,4216.666504,4184.871582
4200.641113000001,4229.358886999999,4212.692383,4220.256348,4224.358886999999,4221.153809,4211.282227000001,4197.94873,4217.820313,4226.410156,4221.153809,4188.333496,4213.205078,4183.461426
4197.179688,4221.025879,4203.461426,4211.025879,4217.563965,4214.102539,4214.743652,4212.563965,4217.05127,4216.922852000001,4210.384765999999,4184.871582,4196.922852000001,4182.563965
4196.410156,4217.94873,4202.179688,4208.205078,4207.179688,4197.563965,4205.128418,4211.282227000001,4208.846191,4209.102539,4205.897461,4185.256348,4175.128418,4182.563965
4203.846191,4228.077147999999,4212.307617,4217.563965,4213.846191,4204.230957,4194.743652,4194.615234000001,4204.230957,4208.205078,4208.461426,4189.358886999999,4171.025879,4190.384765999999
4203.974121,4225.256348,4214.615234000001,4219.102539,4219.487305,4208.589844,4195.384765999999,4186.666504,4202.179688,4206.794922,4207.05127,4189.102539,4179.487305,4195.769043
4181.410156,4200.256348,4197.307617,4200.512695,4203.717772999999,4191.025879,4206.794922,4191.794922,4191.025879,4192.05127,4191.025879,4175.897461,4166.282227000001,4179.102539
4167.05127,4191.666504,4187.820313,4189.358886999999,4191.025879,4185.256348,4215.0,4194.230957,4185.0,4182.436035,4182.05127,4166.153809,4155.512695,4164.230957
4176.922852000001,4201.538574,4194.102539,4195.384765999999,4194.615234000001,4201.666504,4223.333496,4191.922852000001,4187.563965,4187.692383,4188.846191,4171.538574,4171.153809,4172.820313
4176.538574,4198.205078,4193.846191,4194.743652,4197.692383,4209.358886999999,4230.641113000001,4200.897461,4193.333496,4194.230957,4189.743652,4170.0,4180.897461,4175.512695
4161.794922,4186.025879,4185.897461,4184.230957,4193.461426,4206.410156,4226.153809,4223.974121,4208.974121,4194.230957,4181.282227000001,4161.538574,4174.102539,4162.179688
4164.102539,4187.820313,4185.897461,4186.410156,4197.692383,4211.282227000001,4219.230957,4227.563965,4216.922852000001,4198.077147999999,4184.102539,4166.922852000001,4175.0,4160.256348
4171.922852000001,4195.384765999999,4186.410156,4193.333496,4210.769043,4219.230957,4221.666504,4206.410156,4211.153809,4205.512695,4190.641113000001,4175.0,4180.641113000001,4165.897461
4166.794922,4195.897461,4180.641113000001,4189.230957,4214.871582,4227.179688,4228.589844,4200.128418,4212.563965,4208.333496,4185.512695,4172.692383,4181.538574,4163.846191
4172.692383,4200.128418,4183.846191,4191.538574,4216.025879,4234.615234000001,4230.769043,4218.974121,4219.615234000001,4211.666504,4184.358886999999,4173.205078,4191.025879,4170.0
4183.333496,4201.922852000001,4191.025879,4195.256348,4216.666504,4223.846191,4222.563965,4232.436035,4213.333496,4210.256348,4184.743652,4175.384765999999,4196.794922,4178.846191
4177.05127,4198.589844,4191.282227000001,4190.256348,4209.743652,4208.846191,4215.128418,4226.666504,4203.589844,4201.410156,4177.820313,4173.846191,4193.717772999999,4175.897461
4179.871582,4207.05127,4197.179688,4197.05127,4209.871582,4212.820313,4210.384765999999,4202.692383,4198.846191,4196.666504,4178.205078,4174.615234000001,4199.487305,4177.692383
4199.487305,4219.615234000001,4207.179688,4212.05127,4218.846191,4210.512695,4187.436035,4157.179688,4183.717772999999,4196.410156,4181.410156,4177.563965,4205.512695,4187.820313
4198.077147999999,4215.0,4203.846191,4208.333496,4214.102539,4201.922852000001,4178.589844,4129.743652,4170.256348,4192.179688,4175.256348,4173.461426,4200.256348,4188.974121
4178.205078,4199.487305,4190.769043,4192.05127,4197.05127,4203.846191,4203.461426,4154.743652,4175.384765999999,4183.589844,4163.077147999999,4159.102539,4188.333496,4178.974121
4173.333496,4194.743652,4186.666504,4186.538574,4191.282227000001,4203.205078,4217.436035,4193.205078,4192.692383,4181.922852000001,4157.820313,4148.461426,4179.871582,4170.897461
4176.025879,4195.641113000001,4185.512695,4185.384765999999,4193.717772999999,4206.794922,4219.615234000001,4201.153809,4204.358886999999,4189.102539,4161.666504,4150.256348,4179.230957,4172.05127
4166.666504,4185.384765999999,4174.871582,4176.025879,4183.717772999999,4215.384765999999,4227.563965,4193.077147999999,4198.589844,4190.641113000001,4162.05127,4146.282227000001,4178.205078,4170.128418
4160.512695,4176.922852000001,4171.153809,4170.897461,4176.538574,4211.666504,4231.666504,4217.179688,4205.769043,4189.615234000001,4161.153809,4136.025879,4177.563965,4163.205078
4161.153809,4174.743652,4172.94873,4170.512695,4180.897461,4205.769043,4228.333496,4225.897461,4211.666504,4183.461426,4162.179688,4131.922852000001,4176.025879,4158.077147999999
4163.461426,4176.282227000001,4170.256348,4170.897461,4183.589844,4212.563965,4218.205078,4186.666504,4191.666504,4175.897461,4162.436035,4135.384765999999,4175.641113000001,4159.615234000001
4183.846191,4195.769043,4186.153809,4185.512695,4194.871582,4213.589844,4201.794922,4180.128418,4195.512695,4194.102539,4178.333496,4151.794922,4195.769043,4177.692383
4201.666504,4210.512695,4205.512695,4197.820313,4206.794922,4199.615234000001,4189.871582,4194.871582,4210.897461,4209.615234000001,4195.512695,4168.077147999999,4214.743652,4196.922852000001
4198.205078,4205.512695,4205.897461,4197.307617,4207.820313,4199.615234000001,4185.769043,4167.94873,4192.94873,4197.436035,4196.410156,4167.563965,4213.205078,4203.077147999999
4200.384765999999,4209.743652,4208.461426,4202.820313,4206.153809,4211.153809,4177.179688,4148.077147999999,4182.436035,4194.871582,4200.641113000001,4168.974121,4217.179688,4206.538574
4206.794922,4217.94873,4210.128418,4205.769043,4203.717772999999,4205.512695,4171.922852000001,4164.102539,4196.666504,4199.615234000001,4203.077147999999,4171.538574,4220.256348,4207.179688
4196.410156,4209.487305,4195.512695,4200.128418,4202.94873,4203.846191,4186.410156,4162.179688,4191.153809,4187.436035,4192.436035,4160.769043,4203.205078,4197.692383
4185.0,4199.871582,4185.256348,4196.538574,4203.846191,4216.538574,4209.230957,4165.384765999999,4189.102539,4182.179688,4189.743652,4155.128418,4191.794922,4191.025879
4188.717772999999,4203.077147999999,4191.282227000001,4193.461426,4201.794922,4216.410156,4222.436035,4200.897461,4219.487305,4198.077147999999,4198.461426,4162.436035,4203.205078,4193.717772999999
4187.692383,4200.897461,4191.410156,4188.205078,4192.436035,4210.641113000001,4222.94873,4205.256348,4230.769043,4204.487305,4196.922852000001,4159.743652,4208.461426,4192.94873
4182.820313,4192.436035,4186.538574,4188.333496,4188.589844,4217.436035,4223.846191,4200.384765999999,4222.94873,4201.410156,4192.05127,4156.922852000001,4204.358886999999,4190.641113000001
4185.128418,4196.153809,4192.307617,4191.153809,4198.974121,4226.282227000001,4238.974121,4230.512695,4235.897461,4209.230957,4198.974121,4167.05127,4210.641113000001,4193.461426
4184.615234000001,4201.922852000001,4196.410156,4189.230957,4205.256348,4227.307617,4243.461426,4236.025879,4240.0,4211.025879,4202.692383,4168.077147999999,4213.077147999999,4189.871582
4185.256348,4201.538574,4197.05127,4193.077147999999,4204.487305,4226.922852000001,4220.384765999999,4201.153809,4221.666504,4204.487305,4202.692383,4163.461426,4207.820313,4186.282227000001
4192.307617,4205.769043,4202.05127,4199.615234000001,4205.641113000001,4225.512695,4204.230957,4177.692383,4208.974121,4203.846191,4206.922852000001,4169.615234000001,4213.333496,4193.974121
4195.641113000001,4208.589844,4203.205078,4197.692383,4209.743652,4216.538574,4204.743652,4184.487305,4205.769043,4199.615234000001,4207.179688,4173.589844,4215.128418,4196.410156
4196.538574,4211.538574,4206.153809,4199.358886999999,4215.0,4207.692383,4193.717772999999,4195.0,4203.589844,4192.436035,4206.153809,4172.820313,4208.205078,4191.922852000001
4198.333496,4218.589844,4213.846191,4205.128418,4211.410156,4201.538574,4173.205078,4177.94873,4196.922852000001,4194.102539,4207.692383,4176.794922,4209.743652,4196.025879
4196.666504,4216.410156,4214.230957,4207.179688,4200.384765999999,4200.512695,4177.692383,4147.94873,4182.820313,4196.794922,4206.153809,4177.94873,4211.794922,4200.769043
4195.128418,4213.846191,4209.230957,4209.487305,4205.384765999999,4213.461426,4208.333496,4165.256348,4190.0,4195.128418,4207.05127,4175.256348,4210.641113000001,4198.717772999999
4191.794922,4220.641113000001,4205.256348,4206.666504,4217.179688,4224.871582,4225.256348,4205.384765999999,4216.025879,4197.307617,4211.538574,4176.410156,4213.589844,4194.487305
4185.0,4218.077147999999,4201.153809,4199.615234000001,4211.282227000001,4221.153809,4222.94873,4195.256348,4215.0,4200.641113000001,4210.0,4175.0,4213.974121,4189.871582
4182.307617,4205.512695,4198.717772999999,4197.563965,4204.102539,4215.0,4221.538574,4179.871582,4205.256348,4201.666504,4205.641113000001,4171.538574,4207.692383,4187.05127
4177.563965,4200.384765999999,4195.512695,4193.589844,4202.820313,4219.871582,4234.102539,4202.94873,4216.666504,4199.358886999999,4202.179688,4169.358886999999,4200.512695,4184.487305
4175.384765999999,4204.358886999999,4192.94873,4192.179688,4204.871582,4234.358886999999,4254.230957,4219.487305,4228.077147999999,4203.846191,4199.871582,4168.717772999999,4202.05127,4183.846191
4188.846191,4213.974121,4200.128418,4201.538574,4215.384765999999,4241.666504,4246.794922,4209.487305,4229.102539,4219.871582,4207.94873,4176.153809,4214.743652,4196.025879
4202.820313,4225.128418,4209.358886999999,4208.333496,4218.846191,4230.897461,4217.05127,4203.077147999999,4229.102539,4225.256348,4218.077147999999,4186.282227000001,4227.563965,4210.256348
4199.230957,4220.897461,4208.974121,4205.128418,4204.871582,4212.820313,4208.333496,4220.256348,4226.153809,4211.538574,4212.820313,4183.461426,4221.794922,4205.641113000001
4197.94873,4213.846191,4212.307617,4205.897461,4199.487305,4210.0,4209.743652,4221.282227000001,4211.794922,4198.077147999999,4206.410156,4179.102539,4208.205078,4197.307617
4208.717772999999,4227.94873,4225.641113000001,4215.897461,4211.794922,4220.0,4198.974121,4182.820313,4194.615234000001,4196.282227000001,4212.563965,4184.871582,4208.333496,4205.769043
4207.05127,4234.615234000001,4224.487305,4215.256348,4209.358886999999,4211.794922,4188.589844,4155.384765999999,4180.897461,4188.846191,4210.384765999999,4184.358886999999,4204.615234000001,4208.717772999999
4200.897461,4224.358886999999,4215.0,4207.820313,4201.282227000001,4196.282227000001,4188.077147999999,4165.0,4174.743652,4179.230957,4200.256348,4180.256348,4193.974121,4202.436035
4208.333496,4227.307617,4224.358886999999,4213.846191,4211.153809,4200.769043,4191.025879,4167.820313,4178.333496,4185.512695,4202.820313,4185.0,4197.692383,4207.563965
4208.333496,4227.179688,4229.487305,4214.615234000001,4211.922852000001,4209.358886999999,4193.974121,4148.974121,4179.743652,4189.871582,4202.692383,4183.205078,4198.589844,4210.512695
4195.769043,4212.05127,4216.410156,4202.179688,4201.410156,4211.794922,4199.743652,4165.641113000001,4193.077147999999,4190.512695,4199.871582,4174.487305,4191.794922,4200.769043
4184.743652,4204.102539,4206.153809,4194.615234000001,4198.205078,4208.974121,4212.179688,4215.0,4218.589844,4198.974121,4205.512695,4174.871582,4189.871582,4194.743652
4181.025879,4205.0,4204.230957,4195.897461,4196.153809,4204.743652,4220.256348,4228.205078,4231.538574,4204.487305,4205.0,4176.153809,4191.410156,4196.794922
4180.256348,4202.179688,4199.102539,4191.538574,4191.794922,4207.05127,4211.538574,4211.666504,4226.025879,4200.769043,4197.436035,4168.077147999999,4191.666504,4192.94873
4170.769043,4194.102539,4188.205078,4179.102539,4189.743652,4208.077147999999,4204.743652,4208.974121,4212.436035,4190.128418,4187.307617,4159.230957,4180.128418,4180.256348
4166.153809,4195.128418,4188.717772999999,4181.538574,4196.666504,4208.717772999999,4211.282227000001,4218.333496,4212.820313,4187.563965,4185.128418,4162.563965,4170.897461,4181.025879
4182.179688,4206.922852000001,4204.487305,4199.358886999999,4206.922852000001,4216.538574,4211.922852000001,4215.769043,4221.538574,4199.358886999999,4198.589844,4177.179688,4186.922852000001,4197.820313
4193.077147999999,4217.436035,4211.666504,4205.512695,4213.333496,4225.128418,4205.384765999999,4199.230957,4211.666504,4201.538574,4206.538574,4183.589844,4202.179688,4204.230957
4184.871582,4220.384765999999,4206.794922,4201.282227000001,4218.717772999999,4224.615234000001,4198.589844,4174.358886999999,4190.384765999999,4188.846191,4196.153809,4175.128418,4193.461426,4196.922852000001
4178.846191,4213.846191,4205.897461,4199.358886999999,4212.179688,4211.025879,4195.0,4165.384765999999,4182.05127,4179.743652,4184.615234000001,4165.897461,4184.871582,4192.307617
4181.025879,4205.897461,4210.0,4197.179688,4198.974121,4201.666504,4211.922852000001,4186.410156,4186.025879,4179.358886999999,4187.820313,4166.025879,4187.436035,4195.128418
4185.897461,4208.589844,4215.384765999999,4197.692383,4203.461426,4212.307617,4222.94873,4196.922852000001,4192.820313,4187.563965,4201.410156,4173.333496,4194.230957,4206.282227000001
4196.794922,4220.128418,4222.692383,4206.410156,4215.384765999999,4213.589844,4201.410156,4195.512695,4206.538574,4206.666504,4218.589844,4189.102539,4211.153809,4221.282227000001
4206.153809,4226.410156,4226.025879,4211.153809,4210.256348,4195.641113000001,4189.487305,4193.205078,4213.461426,4218.077147999999,4226.922852000001,4200.641113000001,4223.846191,4226.153809
4200.256348,4219.102539,4219.743652,4200.0,4199.230957,4193.461426,4204.102539,4178.717772999999,4205.0,4207.820313,4220.256348,4192.307617,4220.0,4218.846191
4187.692383,4210.0,4211.282227000001,4189.615234000001,4198.205078,4207.820313,4215.128418,4182.179688,4203.077147999999,4201.410156,4212.94873,4181.922852000001,4213.461426,4211.538574
4185.128418,4211.153809,4207.05127,4193.846191,4204.230957,4212.436035,4211.666504,4197.563965,4210.256348,4211.666504,4212.179688,4182.563965,4215.769043,4207.179688
4185.366211,4211.959473,4207.380859000001,4195.274902,4205.476074,4213.827636999999,4209.597168,4198.882813,4209.377441,4209.633789,4210.952147999999,4181.812988000001,4212.765625,4206.318848
4185.604492,4212.765625,4207.710449,4196.703125,4206.72168,4215.219727000001,4207.527344,4200.20166,4208.498047,4207.600586,4209.725098,4181.0625,4209.761719,4205.458008
4185.842285,4213.571289,4208.040527,4198.131836,4207.966797,4216.611816,4205.458008,4201.52002,4207.619140999999,4205.567871,4208.498047,4180.311522999999,4206.758301,4204.597168
4186.080566,4214.377441,4208.370117,4199.560547,4209.212402,4218.003906,4203.388184,4202.838867,4206.739746,4203.534668,4207.270996,4179.560547,4203.754395,4203.736328
4186.318848,4215.183105,4208.699707,4200.98877,4210.458008,4219.395508,4201.318848,4204.157715,4205.86084,4201.501953,4206.043945,4178.80957,4200.750977000001,4202.875488000001
4186.556640999999,4215.98877,4209.029297,4202.41748,4211.703125,4220.787598,4199.249022999999,4205.476074,4204.981445,4199.46875,4204.816895,4178.058594,4197.74707,4202.014647999999
4186.794922,4216.794922,4209.358886999999,4203.846191,4212.94873,4222.179688,4197.179688,4206.794922,4204.102539,4197.436035,4203.589844,4177.307617,4194.743652,4201.153809
4198.461426,4228.461426,4218.717772999999,4212.436035,4213.974121,4207.307617,4191.025879,4198.077147999999,4199.358886999999,4204.615234000001,4216.538574,4186.922852000001,4208.717772999999,4210.641113000001
4196.282227000001,4231.922852000001,4225.256348,4213.589844,4213.974121,4202.05127,4196.666504,4189.102539,4193.333496,4198.846191,4215.128418,4191.922852000001,4207.94873,4212.94873
4211.282227000001,4240.897461,4237.179688,4223.846191,4223.333496,4209.102539,4186.025879,4177.307617,4185.256348,4201.922852000001,4223.974121,4202.179688,4218.717772999999,4226.538574
4222.563965,4237.436035,4241.922852000001,4225.641113000001,4222.563965,4208.461426,4190.897461,4171.794922,4178.461426,4205.0,4230.384765999999,4206.794922,4224.102539,4235.384765999999
4201.282227000001,4217.94873,4227.436035,4210.128418,4206.410156,4206.153809,4224.102539,4193.846191,4188.077147999999,4193.717772999999,4212.05127,4191.025879,4204.487305,4216.410156
4179.871582,4207.563965,4206.922852000001,4198.717772999999,4203.205078,4208.717772999999,4237.179688,4227.436035,4206.410156,4187.05127,4193.589844,4171.153809,4187.692383,4190.384765999999
4178.205078,4208.589844,4197.820313,4198.461426,4211.538574,4215.897461,4225.384765999999,4234.487305,4215.128418,4197.94873,4193.846191,4170.0,4190.512695,4184.358886999999
4178.077147999999,4209.743652,4197.563965,4198.974121,4215.512695,4227.563965,4227.179688,4203.077147999999,4212.307617,4209.102539,4199.615234000001,4177.05127,4193.974121,4190.512695
4170.641113000001,4205.641113000001,4191.666504,4192.820313,4211.666504,4225.769043,4232.436035,4193.717772999999,4211.410156,4203.077147999999,4195.0,4172.307617,4184.871582,4187.692383
4170.769043,4202.436035,4190.641113000001,4188.717772999999,4212.179688,4218.846191,4229.615234000001,4237.692383,4219.230957,4199.743652,4188.846191,4166.922852000001,4180.256348,4185.641113000001
4184.358886999999,4214.615234000001,4205.641113000001,4199.230957,4223.974121,4230.128418,4224.358886999999,4235.256348,4216.666504,4209.743652,4197.820313,4175.769043,4193.461426,4198.974121
4194.871582,4228.846191,4213.717772999999,4208.205078,4225.897461,4231.282227000001,4210.512695,4168.205078,4192.179688,4209.615234000001,4207.692383,4183.077147999999,4201.666504,4205.384765999999
4197.436035,4230.384765999999,4212.820313,4207.179688,4218.846191,4209.743652,4198.589844,4152.307617,4181.794922,4203.589844,4206.025879,4181.922852000001,4198.589844,4202.94873
4207.05127,4239.358886999999,4225.769043,4219.102539,4224.358886999999,4205.897461,4196.153809,4197.436035,4201.282227000001,4217.436035,4216.794922,4194.230957,4215.641113000001,4216.794922
4220.897461,4251.794922,4241.794922,4233.974121,4234.230957,4218.974121,4200.128418,4214.871582,4211.666504,4234.487305,4238.461426,4213.717772999999,4245.256348,4237.563965
4222.179688,4248.205078,4240.897461,4229.102539,4232.692383,4210.384765999999,4200.128418,4205.256348,4204.615234000001,4226.922852000001,4236.538574,4213.974121,4248.589844,4238.461426
4213.205078,4234.743652,4229.615234000001,4218.077147999999,4225.384765999999,4191.153809,4190.0,4203.846191,4196.410156,4208.333496,4213.333496,4200.641113000001,4225.897461,4221.794922
4203.974121,4223.717772999999,4220.0,4212.692383,4221.153809,4198.205078,4194.615234000001,4208.589844,4193.333496,4199.615234000001,4198.589844,4191.410156,4207.563965,4204.102539
4198.333496,4216.025879,4213.974121,4205.897461,4218.717772999999,4212.307617,4211.282227000001,4215.512695,4197.692383,4199.487305,4192.692383,4183.205078,4200.128418,4196.538574
4195.128418,4213.077147999999,4212.436035,4202.307617,4218.461426,4205.897461,4212.05127,4204.487305,4196.922852000001,4197.692383,4183.077147999999,4175.897461,4188.717772999999,4194.487305
4187.820313,4212.307617,4209.871582,4203.205078,4216.794922,4201.410156,4204.743652,4200.897461,4196.538574,4194.102539,4176.025879,4174.743652,4178.077147999999,4188.717772999999
4175.384765999999,4203.077147999999,4193.333496,4192.436035,4212.307617,4210.641113000001,4205.769043,4208.974121,4197.692383,4188.589844,4169.358886999999,4170.384765999999,4175.769043,4181.025879
4173.205078,4194.487305,4183.974121,4183.589844,4211.666504,4219.102539,4211.410156,4194.743652,4198.461426,4191.025879,4168.461426,4167.692383,4186.025879,4186.922852000001
4178.077147999999,4190.769043,4195.128418,4185.128418,4212.692383,4219.615234000001,4215.512695,4185.0,4206.794922,4202.692383,4181.410156,4172.179688,4203.461426,4196.410156
4175.384765999999,4183.333496,4199.743652,4181.153809,4210.384765999999,4217.820313,4214.743652,4212.820313,4219.102539,4210.512695,4193.461426,4171.025879,4216.153809,4196.025879
4179.487305,4185.384765999999,4196.666504,4181.922852000001,4210.128418,4222.05127,4214.102539,4230.128418,4224.487305,4222.94873,4202.436035,4170.256348,4226.538574,4202.307617
4187.179688,4189.871582,4199.487305,4186.666504,4210.0,4224.230957,4216.410156,4202.179688,4215.897461,4228.333496,4206.922852000001,4176.922852000001,4227.94873,4212.820313
4188.974121,4187.692383,4207.820313,4189.102539,4211.410156,4222.436035,4216.153809,4192.563965,4212.307617,4219.871582,4208.974121,4182.692383,4227.563965,4215.897461
4198.333496,4193.461426,4215.512695,4195.384765999999,4217.436035,4218.461426,4212.692383,4214.871582,4217.94873,4220.641113000001,4216.153809,4184.230957,4238.717772999999,4220.384765999999
4213.077147999999,4202.94873,4220.641113000001,4199.487305,4214.230957,4212.94873,4205.384765999999,4212.820313,4213.205078,4225.0,4224.102539,4189.102539,4245.512695,4232.436035
4220.384765999999,4205.641113000001,4228.205078,4202.436035,4208.974121,4215.128418,4201.666504,4208.589844,4211.666504,4221.666504,4229.615234000001,4197.05127,4244.358886999999,4243.461426
4217.179688,4202.563965,4227.692383,4201.666504,4208.589844,4218.589844,4205.897461,4213.205078,4215.256348,4221.153809,4229.230957,4198.974121,4237.820313,4241.666504
4207.179688,4194.230957,4211.410156,4190.769043,4207.179688,4213.333496,4214.230957,4195.769043,4208.461426,4223.974121,4222.563965,4191.153809,4226.410156,4225.769043
4200.128418,4183.461426,4202.307617,4182.692383,4205.0,4212.692383,4221.025879,4210.256348,4217.692383,4228.846191,4223.333496,4185.641113000001,4226.025879,4216.282227000001
4203.461426,4180.641113000001,4212.307617,4187.436035,4204.230957,4219.230957,4224.615234000001,4258.974121,4245.512695,4240.512695,4236.025879,4191.282227000001,4242.563965,4226.025879
4206.794922,4185.0,4220.128418,4192.307617,4205.128418,4229.102539,4238.077147999999,4255.512695,4249.743652,4247.563965,4245.256348,4196.025879,4252.94873,4234.487305
4201.282227000001,4180.384765999999,4214.102539,4188.333496,4204.487305,4234.487305,4244.102539,4223.717772999999,4236.922852000001,4243.077147999999,4241.538574,4192.692383,4251.025879,4230.0
4197.05127,4174.358886999999,4206.794922,4186.538574,4207.692383,4226.153809,4223.077147999999,4218.333496,4233.589844,4239.102539,4238.974121,4188.589844,4252.05127,4227.179688
4196.538574,4178.205078,4203.717772999999,4189.102539,4216.153809,4222.692383,4209.230957,4205.897461,4231.282227000001,4239.358886999999,4241.538574,4187.05127,4249.871582,4228.333496
4194.871582,4176.025879,4200.512695,4186.666504,4215.0,4233.077147999999,4215.641113000001,4191.922852000001,4223.077147999999,4236.025879,4238.846191,4185.128418,4239.743652,4222.820313
4197.307617,4173.717772999999,4202.179688,4186.538574,4212.563965,4229.743652,4206.282227000001,4201.794922,4220.641113000001,4237.563965,4238.974121,4184.743652,4241.922852000001,4221.410156
4202.820313,4180.384765999999,4209.487305,4192.692383,4217.563965,4216.794922,4193.205078,4196.025879,4218.333496,4242.179688,4244.358886999999,4190.769043,4251.666504,4228.461426
4206.922852000001,4180.512695,4214.615234000001,4194.743652,4214.102539,4222.692383,4211.666504,4199.615234000001,4224.102539,4241.282227000001,4250.641113000001,4199.102539,4253.589844,4231.153809
4213.846191,4179.102539,4218.717772999999,4194.358886999999,4207.307617,4236.282227000001,4228.974121,4247.94873,4247.820313,4251.025879,4260.384765999999,4208.205078,4263.974121,4237.307617
4214.487305,4180.897461,4219.230957,4193.846191,4206.538574,4233.077147999999,4222.820313,4263.461426,4255.512695,4259.487305,4261.794922,4211.538574,4272.692383,4243.846191
4202.563965,4173.077147999999,4210.0,4185.512695,4200.128418,4219.487305,4221.153809,4226.282227000001,4241.922852000001,4251.666504,4251.282227000001,4201.538574,4257.692383,4232.307617
4191.410156,4160.641113000001,4198.589844,4175.0,4191.410156,4210.128418,4223.205078,4225.512695,4239.487305,4241.794922,4241.794922,4190.384765999999,4238.846191,4212.94873
4184.871582,4156.410156,4191.282227000001,4170.128418,4190.128418,4210.128418,4219.102539,4250.256348,4238.205078,4232.436035,4235.0,4185.384765999999,4230.897461,4208.461426
4175.769043,4152.307617,4184.615234000001,4166.666504,4190.512695,4216.794922,4228.589844,4224.358886999999,4218.333496,4215.512695,4223.077147999999,4176.282227000001,4221.666504,4206.025879
4170.769043,4148.333496,4176.538574,4163.461426,4193.589844,4217.820313,4229.615234000001,4180.256348,4199.358886999999,4200.641113000001,4209.743652,4166.153809,4210.128418,4195.641113000001
4176.282227000001,4156.282227000001,4175.384765999999,4163.846191,4202.94873,4210.641113000001,4199.871582,4178.077147999999,4205.641113000001,4205.512695,4210.128418,4170.897461,4215.128418,4197.692383
4183.846191,4160.384765999999,4182.94873,4166.410156,4203.589844,4209.102539,4189.487305,4198.077147999999,4221.410156,4222.436035,4225.128418,4181.153809,4230.512695,4210.641113000001
4182.179688,4153.333496,4184.102539,4162.563965,4196.025879,4218.974121,4211.282227000001,4197.05127,4215.897461,4224.487305,4231.153809,4183.717772999999,4231.538574,4211.025879
4186.282227000001,4163.846191,4187.692383,4167.94873,4201.794922,4228.205078,4212.179688,4187.436035,4208.589844,4224.487305,4231.410156,4188.589844,4236.410156,4212.692383
4204.102539,4184.743652,4206.666504,4186.666504,4207.05127,4209.102539,4186.794922,4198.205078,4225.128418,4241.794922,4245.384765999999,4200.512695,4255.641113000001,4229.615234000001
4218.205078,4191.794922,4222.94873,4198.333496,4202.307617,4183.461426,4181.538574,4209.615234000001,4238.461426,4251.410156,4256.538574,4210.256348,4261.538574,4238.333496
4219.871582,4197.05127,4224.487305,4201.794922,4207.94873,4193.461426,4197.94873,4219.487305,4240.0,4250.128418,4255.256348,4212.179688,4259.871582,4235.512695
4211.153809,4198.717772999999,4218.205078,4198.461426,4209.743652,4208.589844,4203.461426,4246.794922,4246.538574,4250.0,4248.846191,4207.94873,4261.538574,4232.436035
4201.538574,4187.94873,4210.512695,4190.512695,4200.384765999999,4207.692383,4207.05127,4254.871582,4245.128418,4241.666504,4236.153809,4200.384765999999,4249.358886999999,4226.410156
4196.666504,4181.025879,4201.922852000001,4185.769043,4197.820313,4211.666504,4220.641113000001,4233.333496,4232.05127,4222.692383,4218.589844,4186.538574,4226.922852000001,4214.358886999999
4196.282227000001,4185.641113000001,4199.615234000001,4189.487305,4201.025879,4219.230957,4227.307617,4240.512695,4234.358886999999,4218.974121,4213.974121,4178.333496,4225.128418,4208.205078
4196.153809,4186.410156,4203.974121,4191.153809,4202.692383,4224.102539,4229.102539,4245.769043,4240.384765999999,4229.871582,4224.743652,4185.512695,4239.102539,4213.974121
4190.256348,4177.179688,4202.179688,4183.461426,4199.743652,4228.589844,4236.794922,4202.563965,4223.461426,4224.743652,4224.487305,4187.307617,4235.128418,4215.641113000001
4190.641113000001,4177.307617,4199.102539,4181.666504,4200.897461,4222.820313,4231.153809,4175.641113000001,4206.410156,4212.436035,4214.743652,4178.205078,4227.820313,4213.333496
4197.179688,4190.897461,4199.102539,4185.897461,4208.974121,4209.230957,4206.025879,4182.05127,4200.769043,4207.820313,4214.487305,4178.846191,4232.563965,4214.230957
4201.666504,4205.0,4199.230957,4188.333496,4215.384765999999,4210.0,4189.743652,4183.974121,4195.512695,4209.358886999999,4221.153809,4185.897461,4233.333496,4216.410156
4209.230957,4216.794922,4204.615234000001,4197.179688,4216.922852000001,4210.897461,4188.589844,4197.820313,4202.05127,4216.794922,4225.641113000001,4188.461426,4224.102539,4218.205078
4217.692383,4223.077147999999,4211.794922,4206.794922,4215.128418,4192.94873,4188.974121,4212.820313,4212.05127,4220.769043,4225.384765999999,4188.846191,4215.769043,4219.487305
4223.461426,4228.461426,4215.512695,4209.230957,4215.128418,4189.358886999999,4191.922852000001,4208.974121,4210.384765999999,4220.256348,4225.128418,4189.743652,4224.102539,4221.025879
4226.282227000001,4237.436035,4220.512695,4214.487305,4219.743652,4202.692383,4193.589844,4204.230957,4211.538574,4224.743652,4228.205078,4193.077147999999,4242.94873,4225.0
4223.974121,4241.794922,4224.615234000001,4220.769043,4225.512695,4197.820313,4190.256348,4201.410156,4220.641113000001,4227.436035,4228.717772999999,4195.897461,4249.230957,4228.589844
4218.846191,4237.05127,4223.205078,4216.794922,4223.717772999999,4190.128418,4199.102539,4213.589844,4224.871582,4221.538574,4221.538574,4192.179688,4234.871582,4223.077147999999
4213.974121,4227.820313,4217.563965,4205.897461,4209.871582,4197.179688,4207.179688,4231.282227000001,4218.846191,4209.743652,4212.179688,4188.205078,4213.461426,4210.0
4211.794922,4223.589844,4218.717772999999,4204.871582,4202.820313,4199.615234000001,4204.102539,4236.538574,4221.282227000001,4208.461426,4210.384765999999,4191.025879,4203.205078,4207.179688
4210.512695,4229.487305,4221.025879,4210.384765999999,4214.230957,4198.077147999999,4208.205078,4227.692383,4230.256348,4216.922852000001,4213.077147999999,4188.846191,4205.512695,4211.794922
4208.077147999999,4234.487305,4212.307617,4207.94873,4224.102539,4204.102539,4214.358886999999,4200.128418,4222.05127,4216.794922,4207.05127,4182.05127,4204.871582,4204.743652
4205.384765999999,4237.820313,4208.077147999999,4211.538574,4221.666504,4213.461426,4214.871582,4180.384765999999,4209.615234000001,4213.205078,4204.743652,4181.922852000001,4199.358886999999,4195.128418
4209.615234000001,4243.205078,4216.410156,4221.410156,4221.794922,4215.384765999999,4215.512695,4193.846191,4211.153809,4214.871582,4211.666504,4183.205078,4199.230957,4199.230957
4221.153809,4245.256348,4221.922852000001,4219.615234000001,4229.230957,4209.743652,4209.615234000001,4206.153809,4208.077147999999,4213.333496,4211.794922,4187.436035,4197.436035,4206.410156
4227.179688,4246.025879,4223.205078,4215.384765999999,4227.692383,4208.077147999999,4194.102539,4189.615234000001,4192.820313,4205.769043,4208.461426,4193.333496,4192.05127,4206.538574
4228.974121,4252.307617,4229.871582,4223.077147999999,4218.077147999999,4209.743652,4187.94873,4186.922852000001,4187.307617,4202.307617,4210.512695,4197.692383,4192.436035,4207.94873
4233.717772999999,4258.333496,4236.410156,4232.179688,4218.589844,4205.384765999999,4203.589844,4211.025879,4198.461426,4204.743652,4216.153809,4202.307617,4196.410156,4217.94873
4233.717772999999,4252.820313,4231.666504,4227.179688,4225.512695,4200.512695,4206.538574,4206.922852000001,4202.307617,4201.922852000001,4216.153809,4201.282227000001,4191.025879,4222.820313
4223.333496,4240.897461,4221.153809,4214.487305,4223.461426,4209.615234000001,4193.461426,4191.922852000001,4201.153809,4198.589844,4209.615234000001,4192.307617,4177.94873,4215.769043
4217.05127,4238.461426,4217.179688,4213.205078,4220.769043,4222.05127,4200.897461,4213.333496,4218.846191,4210.769043,4209.487305,4188.717772999999,4174.615234000001,4214.615234000001
4218.717772999999,4243.461426,4217.307617,4218.974121,4225.128418,4220.384765999999,4214.230957,4234.230957,4237.436035,4226.922852000001,4215.384765999999,4193.717772999999,4182.436035,4218.461426
4215.256348,4247.307617,4215.384765999999,4216.538574,4227.307617,4215.384765999999,4209.230957,4221.794922,4237.692383,4228.974121,4216.282227000001,4194.743652,4188.077147999999,4215.256348
4205.384765999999,4243.717772999999,4209.487305,4208.077147999999,4224.102539,4214.871582,4207.05127,4205.512695,4226.410156,4221.666504,4209.230957,4188.077147999999,4184.358886999999,4209.102539
4200.641113000001,4235.769043,4203.077147999999,4204.487305,4220.128418,4218.077147999999,4216.410156,4193.717772999999,4209.743652,4208.333496,4202.436035,4181.282227000001,4177.94873,4204.230957
4203.846191,4233.077147999999,4203.846191,4208.461426,4218.333496,4221.794922,4216.025879,4172.820313,4193.717772999999,4195.512695,4197.94873,4181.922852000001,4178.461426,4200.256348
4201.794922,4233.717772999999,4205.641113000001,4207.05127,4219.743652,4217.692383,4204.102539,4166.410156,4185.769043,4192.692383,4194.871582,4186.538574,4178.846191,4195.128418
4200.641113000001,4237.820313,4207.692383,4205.256348,4227.94873,4215.256348,4203.205078,4182.436035,4191.666504,4200.384765999999,4202.436035,4191.282227000001,4185.897461,4196.922852000001
4212.563965,4242.563965,4213.077147999999,4211.282227000001,4229.102539,4218.846191,4214.230957,4197.820313,4202.820313,4209.871582,4214.871582,4198.077147999999,4199.743652,4204.358886999999
4218.589844,4242.692383,4214.743652,4213.846191,4220.769043,4212.94873,4213.077147999999,4195.769043,4206.794922,4212.563965,4213.589844,4200.256348,4201.666504,4206.922852000001
4209.871582,4241.666504,4211.538574,4210.897461,4224.102539,4203.205078,4197.94873,4187.692383,4204.230957,4209.743652,4204.102539,4195.641113000001,4193.205078,4200.384765999999
4206.410156,4238.461426,4208.589844,4209.230957,4226.922852000001,4206.410156,4193.333496,4196.922852000001,4199.487305,4202.563965,4199.615234000001,4190.641113000001,4185.897461,4193.333496
4218.205078,4240.384765999999,4212.692383,4216.282227000001,4217.94873,4212.563965,4202.179688,4213.077147999999,4202.05127,4202.692383,4201.538574,4191.538574,4189.743652,4198.717772999999
4224.230957,4251.282227000001,4222.307617,4226.153809,4217.820313,4211.666504,4207.692383,4208.333496,4211.025879,4211.282227000001,4202.692383,4190.512695,4198.077147999999,4205.897461
4211.410156,4250.256348,4216.794922,4219.743652,4219.102539,4205.512695,4201.282227000001,4193.333496,4205.0,4206.666504,4194.487305,4183.846191,4187.692383,4196.794922
4200.0,4238.717772999999,4200.641113000001,4207.94873,4215.256348,4209.487305,4198.589844,4193.974121,4191.153809,4194.358886999999,4187.820313,4180.641113000001,4180.641113000001,4187.563965
4194.871582,4231.666504,4193.717772999999,4205.128418,4219.358886999999,4225.256348,4203.205078,4186.666504,4188.333496,4188.589844,4183.461426,4180.769043,4193.589844,4188.717772999999
4184.743652,4226.666504,4190.256348,4200.897461,4220.641113000001,4224.487305,4202.94873,4164.487305,4185.128418,4183.205078,4171.282227000001,4175.897461,4192.307617,4180.256348
4184.487305,4226.025879,4190.256348,4195.384765999999,4215.0,4210.641113000001,4208.077147999999,4168.077147999999,4183.717772999999,4183.717772999999,4167.692383,4173.077147999999,4179.615234000001,4174.871582
4194.230957,4225.897461,4194.615234000001,4195.769043,4212.05127,4209.743652,4212.179688,4186.025879,4186.666504,4185.769043,4172.05127,4175.0,4178.461426,4182.820313
4198.461426,4226.153809,4198.974121,4200.128418,4218.077147999999,4220.384765999999,4200.512695,4188.589844,4188.974121,4187.436035,4173.589844,4178.846191,4176.666504,4187.307617
4202.94873,4237.436035,4207.307617,4208.974121,4222.563965,4219.358886999999,4194.743652,4187.179688,4195.769043,4199.102539,4180.769043,4186.666504,4173.205078,4198.461426
4216.025879,4247.179688,4216.153809,4215.384765999999,4216.282227000001,4211.282227000001,4205.128418,4185.512695,4199.102539,4209.102539,4187.307617,4193.461426,4174.102539,4215.0
4224.358886999999,4248.333496,4220.128418,4216.666504,4213.589844,4215.384765999999,4206.666504,4186.282227000001,4198.077147999999,4208.077147999999,4185.769043,4192.307617,4171.410156,4217.307617
4220.769043,4250.256348,4221.025879,4219.230957,4217.179688,4216.922852000001,4190.128418,4185.641113000001,4198.974121,4203.846191,4181.922852000001,4184.871582,4163.461426,4210.897461
4216.153809,4250.769043,4217.05127,4220.128418,4219.358886999999,4216.153809,4187.179688,4179.871582,4200.256348,4202.692383,4179.743652,4177.820313,4159.871582,4207.05127
4211.794922,4243.461426,4205.256348,4214.230957,4216.794922,4222.94873,4201.922852000001,4190.769043,4204.230957,4199.487305,4174.871582,4171.538574,4157.692383,4199.871582
4205.897461,4233.846191,4194.871582,4209.230957,4209.615234000001,4225.384765999999,4208.077147999999,4207.94873,4209.871582,4193.333496,4168.717772999999,4165.384765999999,4153.461426,4193.846191
4204.358886999999,4227.179688,4191.922852000001,4205.512695,4200.641113000001,4218.717772999999,4213.589844,4209.743652,4207.820313,4190.0,4166.282227000001,4162.179688,4149.615234000001,4193.205078
4205.384765999999,4219.487305,4191.410156,4198.205078,4193.205078,4211.025879,4222.692383,4203.589844,4199.358886999999,4188.461426,4166.153809,4161.025879,4147.820313,4190.128418
4207.307617,4218.717772999999,4197.179688,4200.512695,4192.563965,4214.230957,4224.102539,4195.384765999999,4200.897461,4187.436035,4170.0,4164.743652,4153.717772999999,4193.333496
4215.0,4229.871582,4207.563965,4213.077147999999,4200.0,4227.307617,4226.794922,4192.436035,4206.410156,4191.282227000001,4180.128418,4173.974121,4171.025879,4202.692383
4225.256348,4240.641113000001,4211.538574,4217.307617,4207.692383,4225.512695,4224.871582,4195.769043,4206.282227000001,4197.179688,4189.487305,4179.487305,4191.538574,4203.974121
4232.563965,4250.128418,4218.205078,4221.410156,4212.563965,4215.256348,4211.410156,4199.615234000001,4210.256348,4205.256348,4200.384765999999,4185.0,4213.717772999999,4211.922852000001
4234.743652,4253.461426,4226.922852000001,4228.205078,4214.743652,4220.512695,4204.487305,4194.358886999999,4209.230957,4207.179688,4206.666504,4191.153809,4223.461426,4223.205078
4227.307617,4241.922852000001,4217.94873,4219.102539,4210.641113000001,4219.487305,4203.717772999999,4181.410156,4191.538574,4191.794922,4192.692383,4184.230957,4205.0,4211.025879
4214.871582,4230.384765999999,4200.769043,4205.512695,4202.692383,4198.461426,4195.256348,4173.461426,4174.743652,4177.94873,4176.153809,4170.128418,4180.769043,4188.846191
4211.410156,4226.666504,4199.743652,4203.974121,4195.0,4192.820313,4197.05127,4177.179688,4178.717772999999,4180.897461,4178.846191,4168.589844,4178.974121,4187.692383
4222.820313,4224.743652,4215.256348,4207.692383,4195.512695,4213.589844,4212.563965,4187.05127,4195.897461,4191.794922,4191.794922,4177.563965,4195.256348,4205.128418
4227.94873,4228.461426,4221.794922,4209.743652,4200.897461,4216.922852000001,4207.436035,4197.692383,4206.282227000001,4198.717772999999,4199.358886999999,4182.820313,4201.282227000001,4213.205078
4218.205078,4235.641113000001,4209.743652,4207.820313,4199.615234000001,4199.487305,4193.461426,4218.589844,4213.717772999999,4202.179688,4198.974121,4185.512695,4191.153809,4206.922852000001
4215.384765999999,4240.769043,4205.384765999999,4210.512695,4204.102539,4205.384765999999,4201.282227000001,4223.717772999999,4226.410156,4210.512695,4200.256348,4187.307617,4190.0,4205.641113000001
4214.615234000001,4238.846191,4207.820313,4212.563965,4210.0,4221.666504,4210.897461,4192.820313,4220.384765999999,4207.94873,4198.589844,4181.153809,4187.692383,4204.358886999999
4202.307617,4230.897461,4197.05127,4205.769043,4203.589844,4215.256348,4209.871582,4171.282227000001,4196.282227000001,4186.410156,4182.94873,4171.282227000001,4164.358886999999,4189.358886999999
4195.0,4225.0,4188.461426,4200.384765999999,4197.94873,4199.230957,4206.410156,4184.102539,4187.179688,4172.94873,4170.897461,4170.769043,4148.205078,4180.0
4199.230957,4225.512695,4196.025879,4201.282227000001,4198.333496,4191.153809,4200.512695,4194.871582,4191.666504,4177.692383,4178.461426,4181.410156,4160.256348,4187.94873
4205.128418,4233.205078,4202.563965,4208.717772999999,4202.05127,4198.717772999999,4197.563965,4186.025879,4193.974121,4188.717772999999,4194.358886999999,4190.897461,4178.589844,4196.538574
4207.05127,4236.538574,4197.436035,4211.794922,4206.794922,4209.102539,4199.230957,4160.384765999999,4178.333496,4186.538574,4193.461426,4188.077147999999,4176.794922,4196.410156
4208.846191,4237.179688,4198.717772999999,4209.487305,4209.102539,4200.0,4196.282227000001,4136.025879,4152.692383,4171.282227000001,4180.256348,4182.307617,4168.717772999999,4194.358886999999
4216.153809,4241.025879,4210.897461,4214.230957,4208.717772999999,4192.436035,4193.589844,4152.820313,4157.179688,4169.615234000001,4185.128418,4192.94873,4176.410156,4198.589844
4221.282227000001,4240.0,4212.820313,4213.717772999999,4203.974121,4203.846191,4197.563965,4176.025879,4173.717772999999,4178.333496,4194.358886999999,4200.641113000001,4181.922852000001,4199.743652
4222.436035,4242.179688,4209.230957,4208.974121,4207.05127,4212.692383,4200.0,4174.743652,4180.384765999999,4188.974121,4193.717772999999,4193.333496,4184.230957,4196.282227000001
4224.487305,4251.282227000001,4214.102539,4213.333496,4216.538574,4203.717772999999,4196.794922,4193.461426,4204.102539,4206.025879,4201.666504,4190.769043,4194.871582,4199.102539
4225.384765999999,4252.563965,4220.0,4218.846191,4215.128418,4200.512695,4201.538574,4232.692383,4236.666504,4223.846191,4218.077147999999,4199.358886999999,4204.487305,4210.384765999999
4224.102539,4247.307617,4221.794922,4216.666504,4206.410156,4212.05127,4218.717772999999,4248.333496,4243.974121,4225.512695,4221.922852000001,4203.717772999999,4202.94873,4217.563965
4216.922852000001,4240.384765999999,4214.871582,4210.769043,4196.538574,4208.846191,4221.153809,4236.410156,4228.846191,4212.563965,4209.743652,4193.846191,4190.128418,4210.512695
4209.102539,4233.846191,4203.589844,4207.05127,4190.769043,4192.436035,4213.205078,4224.358886999999,4217.307617,4204.487305,4199.743652,4185.256348,4178.717772999999,4201.538574
4206.666504,4230.384765999999,4198.461426,4202.307617,4191.025879,4193.717772999999,4215.641113000001,4216.025879,4214.358886999999,4198.461426,4194.102539,4185.897461,4176.282227000001,4199.358886999999
4207.820313,4231.666504,4198.333496,4200.512695,4194.358886999999,4209.615234000001,4210.256348,4193.461426,4208.205078,4191.153809,4192.436035,4182.307617,4177.94873,4195.256348
4207.436035,4232.820313,4196.410156,4202.179688,4197.563965,4210.384765999999,4193.589844,4168.461426,4194.615234000001,4186.153809,4192.563965,4174.230957,4176.666504,4191.282227000001
4205.0,4228.205078,4194.615234000001,4202.307617,4195.897461,4197.563965,4188.205078,4158.589844,4178.589844,4180.512695,4187.563965,4175.128418,4172.692383,4192.820313
4208.077147999999,4231.025879,4201.410156,4206.282227000001,4195.512695,4200.0,4201.025879,4158.333496,4175.512695,4179.743652,4190.256348,4182.94873,4175.897461,4198.333496
4213.077147999999,4238.846191,4210.128418,4209.230957,4198.846191,4206.025879,4207.436035,4162.179688,4182.179688,4186.538574,4198.717772999999,4184.358886999999,4182.820313,4202.563965
4218.717772999999,4237.436035,4212.692383,4210.0,4201.538574,4191.410156,4191.282227000001,4173.717772999999,4187.692383,4191.410156,4201.410156,4186.794922,4186.922852000001,4207.563965
4226.794922,4239.871582,4217.307617,4220.256348,4205.512695,4183.846191,4178.077147999999,4179.871582,4196.025879,4196.025879,4208.461426,4192.820313,4194.743652,4214.102539
4225.128418,4248.077147999999,4218.205078,4227.05127,4206.922852000001,4196.025879,4187.436035,4171.794922,4200.897461,4197.179688,4213.974121,4194.871582,4197.05127,4212.94873
4216.922852000001,4243.974121,4213.589844,4217.94873,4208.461426,4198.461426,4203.589844,4180.641113000001,4206.282227000001,4197.05127,4211.538574,4197.563965,4192.179688,4209.487305
4217.563965,4235.769043,4214.871582,4213.077147999999,4210.512695,4193.077147999999,4211.025879,4204.871582,4217.692383,4205.769043,4214.102539,4198.333496,4193.589844,4210.897461
4219.230957,4233.717772999999,4215.769043,4218.077147999999,4205.256348,4201.282227000001,4217.692383,4214.102539,4226.538574,4207.692383,4217.436035,4194.743652,4196.025879,4209.615234000001
4211.922852000001,4228.333496,4206.410156,4216.794922,4204.102539,4213.461426,4223.589844,4213.974121,4228.333496,4200.384765999999,4208.846191,4190.641113000001,4190.0,4202.307617
4204.230957,4220.256348,4195.384765999999,4207.05127,4204.230957,4205.897461,4216.282227000001,4215.769043,4227.692383,4197.436035,4196.922852000001,4183.717772999999,4179.871582,4194.358886999999
4202.820313,4219.615234000001,4195.0,4205.128418,4195.512695,4197.307617,4207.563965,4211.794922,4228.205078,4199.871582,4195.512695,4179.615234000001,4176.794922,4192.692383
4203.974121,4226.922852000001,4197.820313,4208.461426,4193.846191,4206.410156,4207.692383,4192.307617,4223.589844,4196.666504,4196.410156,4179.871582,4176.666504,4193.333496
4199.615234000001,4225.641113000001,4195.128418,4201.025879,4200.769043,4210.128418,4208.333496,4176.410156,4217.307617,4185.256348,4191.922852000001,4177.692383,4172.179688,4189.358886999999
4194.230957,4217.692383,4194.871582,4197.307617,4203.333496,4203.333496,4209.230957,4193.717772999999,4225.769043,4186.794922,4192.179688,4178.077147999999,4176.025879,4189.743652
4204.743652,4231.410156,4203.717772999999,4211.025879,4208.333496,4204.871582,4211.538574,4218.717772999999,4240.256348,4206.153809,4204.871582,4189.358886999999,4200.0,4203.974121
4217.563965,4250.897461,4209.230957,4222.05127,4214.743652,4210.512695,4215.897461,4204.487305,4231.282227000001,4210.128418,4211.025879,4195.128418,4218.717772999999,4214.102539
4213.589844,4248.333496,4204.743652,4221.922852000001,4211.410156,4201.666504,4209.871582,4186.794922,4218.974121,4194.743652,4203.333496,4190.769043,4208.461426,4208.333496
4212.563965,4245.897461,4206.153809,4226.794922,4210.128418,4187.692383,4185.256348,4200.512695,4229.487305,4198.077147999999,4205.384765999999,4196.922852000001,4198.589844,4205.897461
4225.897461,4254.487305,4217.436035,4233.077147999999,4217.179688,4190.0,4180.0,4207.94873,4235.512695,4209.871582,4213.717772999999,4206.410156,4209.743652,4213.846191
4226.666504,4247.692383,4218.846191,4225.641113000001,4213.205078,4193.846191,4201.794922,4205.641113000001,4229.871582,4203.461426,4210.512695,4205.769043,4212.179688,4214.487305
4208.205078,4231.538574,4205.897461,4213.077147999999,4199.102539,4184.743652,4205.384765999999,4206.666504,4227.94873,4195.128418,4200.897461,4201.025879,4197.436035,4203.077147999999
4194.102539,4225.384765999999,4195.897461,4205.512695,4193.077147999999,4189.743652,4200.0,4208.205078,4230.512695,4195.769043,4195.512695,4190.384765999999,4187.179688,4187.94873
4182.179688,4208.974121,4184.358886999999,4192.820313,4188.717772999999,4201.538574,4215.769043,4212.563965,4226.410156,4182.563965,4182.436035,4172.05127,4166.025879,4168.205078
4167.307617,4188.461426,4169.102539,4179.102539,4184.102539,4195.384765999999,4226.025879,4214.230957,4220.641113000001,4165.384765999999,4165.256348,4161.666504,4137.436035,4151.794922
4163.717772999999,4191.922852000001,4167.05127,4181.410156,4192.436035,4198.589844,4212.692383,4188.846191,4216.794922,4174.615234000001,4168.461426,4164.230957,4137.436035,4155.0
4173.205078,4207.307617,4173.717772999999,4192.436035,4203.205078,4209.743652,4203.205078,4174.743652,4214.615234000001,4190.0,4180.641113000001,4170.128418,4156.538574,4166.922852000001
4181.153809,4212.05127,4179.230957,4199.487305,4199.743652,4198.333496,4213.461426,4195.641113000001,4218.077147999999,4186.922852000001,4181.538574,4176.282227000001,4171.538574,4170.641113000001
4180.512695,4210.384765999999,4180.769043,4199.230957,4193.077147999999,4188.589844,4214.230957,4187.692383,4216.922852000001,4179.743652,4178.461426,4179.102539,4174.230957,4168.205078
4186.153809,4224.102539,4188.974121,4206.794922,4205.128418,4203.205078,4195.384765999999,4170.641113000001,4221.410156,4191.666504,4192.179688,4183.717772999999,4178.846191,4179.615234000001
4199.615234000001,4240.384765999999,4201.666504,4222.436035,4221.410156,4206.538574,4188.589844,4197.436035,4238.589844,4212.94873,4212.820313,4195.256348,4196.538574,4196.794922
4203.717772999999,4235.256348,4202.563965,4221.410156,4216.410156,4191.794922,4197.94873,4221.153809,4242.436035,4214.487305,4211.410156,4200.512695,4204.871582,4195.769043
4200.384765999999,4228.717772999999,4199.615234000001,4210.641113000001,4208.333496,4189.871582,4201.282227000001,4211.666504,4230.0,4204.871582,4199.487305,4198.077147999999,4196.153809,4190.128418
4195.769043,4227.563965,4199.487305,4208.717772999999,4206.922852000001,4189.102539,4196.153809,4204.230957,4220.0,4195.641113000001,4189.487305,4195.641113000001,4181.666504,4188.717772999999
4191.153809,4218.205078,4195.256348,4207.692383,4200.897461,4185.128418,4199.615234000001,4217.563965,4218.077147999999,4185.128418,4180.384765999999,4191.538574,4167.692383,4181.025879
4188.461426,4211.153809,4188.077147999999,4203.589844,4196.282227000001,4192.179688,4209.230957,4219.871582,4216.025879,4181.025879,4178.077147999999,4187.05127,4161.025879,4172.05127
4183.333496,4206.922852000001,4183.077147999999,4198.461426,4190.128418,4186.922852000001,4203.846191,4198.077147999999,4205.384765999999,4178.589844,4176.025879,4183.846191,4160.256348,4167.820313
4181.666504,4206.282227000001,4186.922852000001,4196.410156,4186.410156,4176.666504,4198.974121,4192.820313,4206.153809,4179.230957,4175.769043,4187.820313,4163.077147999999,4170.641113000001
4182.563965,4208.717772999999,4190.769043,4196.025879,4188.205078,4190.512695,4211.794922,4193.205078,4208.461426,4178.205078,4173.205078,4189.487305,4160.897461,4170.641113000001
4178.846191,4206.538574,4183.461426,4191.666504,4191.666504,4201.666504,4213.461426,4162.179688,4189.102539,4166.410156,4161.922852000001,4180.0,4151.922852000001,4161.794922
4179.871582,4210.641113000001,4184.358886999999,4195.897461,4203.846191,4197.179688,4201.666504,4150.897461,4188.589844,4167.820313,4164.230957,4181.666504,4157.436035,4165.641113000001
4183.846191,4218.717772999999,4194.230957,4208.205078,4212.05127,4199.743652,4208.205078,4177.692383,4210.641113000001,4185.0,4178.589844,4197.563965,4173.205078,4183.589844
4189.102539,4225.512695,4200.0,4215.512695,4213.846191,4211.538574,4218.846191,4192.692383,4217.436035,4196.410156,4186.282227000001,4206.666504,4180.384765999999,4192.563965
4198.589844,4231.153809,4208.205078,4218.717772999999,4219.743652,4210.512695,4208.461426,4202.307617,4220.512695,4204.102539,4190.256348,4205.512695,4188.974121,4195.897461
4201.410156,4230.128418,4212.05127,4218.717772999999,4221.666504,4200.0,4202.820313,4225.512695,4236.538574,4211.922852000001,4193.205078,4205.256348,4201.794922,4198.846191
4199.615234000001,4232.692383,4209.230957,4221.282227000001,4219.615234000001,4206.153809,4215.256348,4227.307617,4243.077147999999,4216.153809,4194.487305,4209.871582,4205.769043,4201.410156
4201.794922,4235.641113000001,4209.743652,4223.077147999999,4218.974121,4211.410156,4209.615234000001,4203.974121,4231.538574,4216.025879,4192.563965,4212.436035,4201.538574,4205.384765999999
4196.410156,4222.820313,4205.128418,4214.230957,4209.102539,4196.794922,4192.436035,4183.717772999999,4216.794922,4205.0,4178.846191,4201.153809,4195.0,4199.871582
4184.615234000001,4207.05127,4191.025879,4199.615234000001,4191.922852000001,4189.487305,4194.615234000001,4179.615234000001,4202.307617,4180.641113000001,4156.538574,4182.692383,4179.615234000001,4183.333496
4185.128418,4207.179688,4184.487305,4193.205078,4186.794922,4199.487305,4203.589844,4190.128418,4195.384765999999,4165.769043,4145.641113000001,4176.538574,4166.410156,4176.922852000001
4190.897461,4208.974121,4184.871582,4195.128418,4187.563965,4201.025879,4205.256348,4184.871582,4197.179688,4172.307617,4152.05127,4177.436035,4172.307617,4180.0
4186.410156,4202.05127,4180.897461,4190.384765999999,4180.897461,4191.025879,4202.179688,4155.897461,4193.846191,4176.282227000001,4156.153809,4174.358886999999,4182.179688,4177.820313
4186.282227000001,4199.743652,4181.538574,4187.94873,4178.974121,4195.641113000001,4209.358886999999,4149.871582,4190.256348,4169.615234000001,4156.922852000001,4175.0,4188.077147999999,4178.974121
4194.230957,4205.0,4187.94873,4195.0,4186.025879,4212.436035,4225.512695,4179.743652,4202.820313,4175.256348,4166.025879,4179.358886999999,4195.384765999999,4186.538574
4193.461426,4208.333496,4187.820313,4195.128418,4183.846191,4214.871582,4218.333496,4189.487305,4207.94873,4182.179688,4166.922852000001,4175.256348,4189.871582,4183.717772999999
4192.307617,4210.641113000001,4185.897461,4193.717772999999,4180.0,4202.436035,4197.94873,4172.179688,4197.563965,4179.358886999999,4160.256348,4170.641113000001,4182.563965,4181.666504
4203.333496,4215.0,4193.974121,4201.922852000001,4186.922852000001,4200.256348,4196.282227000001,4186.922852000001,4208.205078,4187.179688,4171.153809,4181.025879,4201.025879,4198.461426
4210.0,4220.128418,4204.615234000001,4206.666504,4190.256348,4207.820313,4199.230957,4222.307617,4226.153809,4200.769043,4188.846191,4193.717772999999,4221.922852000001,4211.922852000001
4210.128418,4226.282227000001,4207.563965,4209.743652,4190.897461,4198.461426,4192.05127,4218.461426,4218.717772999999,4204.230957,4195.0,4194.230957,4223.846191,4210.384765999999
4215.512695,4228.461426,4205.769043,4215.384765999999,4192.179688,4181.153809,4193.717772999999,4183.846191,4205.769043,4202.307617,4194.102539,4189.230957,4221.794922,4211.025879
4215.0,4224.230957,4203.846191,4213.589844,4188.974121,4192.563965,4207.05127,4182.307617,4214.487305,4203.717772999999,4190.384765999999,4186.922852000001,4219.871582,4211.025879
4207.05127,4222.692383,4201.538574,4210.256348,4190.128418,4211.025879,4208.205078,4214.615234000001,4224.871582,4204.615234000001,4190.256348,4186.153809,4216.794922,4203.333496
4207.436035,4225.641113000001,4198.461426,4211.282227000001,4194.743652,4202.820313,4195.0,4207.05127,4213.974121,4202.307617,4193.589844,4183.077147999999,4218.461426,4198.461426
4210.641113000001,4222.94873,4198.461426,4208.461426,4191.794922,4197.692383,4196.666504,4170.897461,4201.922852000001,4199.615234000001,4190.0,4179.358886999999,4216.794922,4201.410156
4207.692383,4213.077147999999,4196.538574,4203.077147999999,4186.666504,4207.05127,4205.256348,4170.512695,4201.153809,4195.128418,4186.025879,4178.205078,4207.563965,4202.436035
4203.589844,4207.820313,4190.384765999999,4199.615234000001,4188.846191,4206.153809,4196.666504,4180.769043,4202.179688,4193.333496,4187.94873,4176.666504,4205.256348,4201.025879
4200.256348,4205.897461,4185.256348,4192.692383,4187.94873,4197.94873,4195.769043,4183.333496,4205.256348,4192.179688,4185.512695,4173.589844,4206.282227000001,4196.282227000001
4197.820313,4200.897461,4182.692383,4187.05127,4182.94873,4198.077147999999,4212.05127,4194.871582,4208.589844,4188.333496,4184.102539,4175.769043,4202.692383,4190.128418
4200.512695,4203.846191,4186.922852000001,4194.358886999999,4187.436035,4207.820313,4219.615234000001,4199.358886999999,4206.282227000001,4190.769043,4195.384765999999,4183.717772999999,4207.179688,4197.179688
4205.897461,4216.538574,4198.077147999999,4204.743652,4196.153809,4212.307617,4207.820313,4177.692383,4199.871582,4196.025879,4202.307617,4190.384765999999,4216.282227000001,4208.589844
4218.077147999999,4226.666504,4209.358886999999,4211.922852000001,4204.102539,4202.179688,4191.282227000001,4175.641113000001,4205.897461,4200.384765999999,4201.410156,4197.179688,4222.563965,4214.358886999999
4223.589844,4227.692383,4209.743652,4215.897461,4203.077147999999,4193.974121,4192.94873,4209.487305,4216.410156,4205.512695,4206.025879,4201.410156,4224.615234000001,4217.307617
4208.333496,4219.871582,4200.512695,4211.538574,4191.282227000001,4196.538574,4206.538574,4209.230957,4205.384765999999,4200.769043,4205.512695,4198.717772999999,4219.230957,4211.666504
4198.589844,4217.692383,4201.282227000001,4208.077147999999,4194.487305,4199.743652,4198.077147999999,4182.307617,4196.922852000001,4199.871582,4202.563965,4195.641113000001,4219.487305,4204.871582
4203.077147999999,4220.897461,4207.179688,4208.205078,4205.256348,4196.794922,4175.897461,4189.487305,4210.128418,4211.410156,4207.307617,4193.205078,4223.589844,4205.0
4198.589844,4210.512695,4197.05127,4202.692383,4196.153809,4192.05127,4188.333496,4211.282227000001,4220.769043,4209.487305,4206.922852000001,4189.871582,4215.0,4201.025879
4189.102539,4197.820313,4187.179688,4196.410156,4185.128418,4191.538574,4212.179688,4201.153809,4215.0,4198.846191,4198.974121,4189.358886999999,4207.179688,4195.512695
4191.282227000001,4199.358886999999,4192.692383,4195.512695,4190.384765999999,4192.05127,4198.333496,4182.05127,4211.282227000001,4204.615234000001,4196.794922,4191.282227000001,4209.358886999999,4196.922852000001
4194.487305,4200.641113000001,4196.025879,4196.025879,4191.922852000001,4197.563965,4186.410156,4193.846191,4219.358886999999,4209.358886999999,4196.153809,4190.256348,4197.820313,4196.153809
4185.384765999999,4190.512695,4185.641113000001,4191.794922,4180.769043,4200.384765999999,4203.205078,4197.179688,4209.743652,4191.153809,4181.666504,4181.282227000001,4164.358886999999,4186.922852000001
4175.641113000001,4185.256348,4173.974121,4182.179688,4172.563965,4190.641113000001,4210.128418,4174.230957,4183.461426,4171.282227000001,4164.871582,4171.025879,4139.102539,4176.538574
4172.05127,4186.282227000001,4174.615234000001,4172.563965,4173.461426,4188.461426,4208.717772999999,4185.384765999999,4182.436035,4169.230957,4160.641113000001,4165.512695,4126.153809,4167.820313
4171.666504,4182.692383,4178.846191,4174.230957,4176.025879,4195.512695,4199.358886999999,4220.769043,4197.94873,4171.538574,4165.641113000001,4165.641113000001,4118.589844,4167.563965
4179.358886999999,4187.692383,4180.769043,4186.538574,4182.94873,4197.692383,4178.205078,4192.05127,4192.05127,4177.307617,4179.102539,4173.333496,4138.333496,4181.794922
4194.615234000001,4202.692383,4188.589844,4195.256348,4197.563965,4196.410156,4178.589844,4140.256348,4179.487305,4189.358886999999,4194.743652,4183.205078,4174.358886999999,4195.769043
4199.487305,4205.512695,4196.153809,4193.974121,4201.538574,4190.897461,4187.563965,4156.794922,4185.512695,4193.077147999999,4198.205078,4185.256348,4184.871582,4201.538574
4200.384765999999,4201.794922,4198.846191,4197.179688,4199.230957,4189.871582,4171.410156,4185.256348,4198.461426,4200.384765999999,4203.717772999999,4187.307617,4190.256348,4210.256348
4207.692383,4200.641113000001,4198.205078,4202.307617,4200.769043,4195.256348,4167.563965,4171.666504,4205.897461,4218.333496,4218.205078,4195.641113000001,4212.563965,4217.307617
4205.512695,4193.333496,4195.769043,4196.666504,4196.025879,4196.922852000001,4200.897461,4181.922852000001,4213.846191,4223.077147999999,4218.461426,4196.538574,4213.333496,4214.615234000001
4193.077147999999,4185.256348,4192.94873,4189.615234000001,4190.0,4196.666504,4214.615234000001,4226.282227000001,4225.128418,4214.230957,4210.0,4190.0,4193.717772999999,4208.974121
4188.846191,4184.230957,4191.666504,4189.230957,4188.846191,4194.102539,4199.230957,4232.820313,4230.512695,4212.563965,4208.205078,4187.563965,4188.717772999999,4204.230957
4188.717772999999,4185.384765999999,4192.94873,4188.717772999999,4184.102539,4187.820313,4205.128418,4216.922852000001,4227.94873,4214.358886999999,4204.871582,4185.897461,4191.538574,4199.871582
4175.769043,4177.307617,4186.794922,4180.256348,4175.384765999999,4188.333496,4228.974121,4221.794922,4216.025879,4200.256348,4189.743652,4175.128418,4181.153809,4190.641113000001
4168.333496,4171.794922,4179.102539,4178.846191,4180.256348,4202.820313,4232.436035,4222.05127,4202.563965,4185.897461,4179.615234000001,4165.128418,4170.641113000001,4179.743652
4178.333496,4183.717772999999,4179.358886999999,4189.871582,4197.05127,4211.153809,4207.692383,4197.563965,4200.128418,4190.384765999999,4189.487305,4167.179688,4177.692383,4180.384765999999
4179.871582,4184.487305,4174.615234000001,4187.307617,4198.077147999999,4200.897461,4189.487305,4178.333496,4193.589844,4190.0,4193.205078,4167.563965,4182.179688,4180.641113000001
4177.692383,4175.641113000001,4172.307617,4180.0,4193.461426,4196.025879,4196.794922,4181.922852000001,4176.666504,4180.128418,4188.077147999999,4167.307617,4181.153809,4180.256348
4189.615234000001,4184.358886999999,4187.563965,4190.128418,4198.846191,4205.0,4201.538574,4174.615234000001,4167.94873,4182.563965,4198.333496,4175.512695,4193.461426,4193.846191
4198.717772999999,4195.897461,4197.692383,4197.94873,4199.615234000001,4202.94873,4191.410156,4160.512695,4171.794922,4192.307617,4211.025879,4183.974121,4204.871582,4206.153809
4193.077147999999,4195.897461,4193.077147999999,4193.333496,4197.05127,4190.641113000001,4190.0,4176.538574,4182.307617,4200.641113000001,4212.563965,4185.384765999999,4204.358886999999,4206.025879
4189.615234000001,4193.974121,4197.05127,4194.358886999999,4202.05127,4191.538574,4188.589844,4202.94873,4195.0,4212.436035,4218.717772999999,4186.666504,4207.05127,4209.358886999999
4198.077147999999,4195.769043,4207.94873,4202.179688,4206.794922,4198.846191,4184.230957,4207.94873,4207.820313,4222.820313,4230.0,4194.358886999999,4218.974121,4217.179688
4203.589844,4193.333496,4205.0,4201.538574,4199.102539,4190.641113000001,4198.333496,4210.384765999999,4212.692383,4219.615234000001,4225.641113000001,4199.358886999999,4217.05127,4215.0
4195.128418,4188.077147999999,4194.743652,4193.077147999999,4188.205078,4180.769043,4204.358886999999,4216.025879,4205.512695,4207.436035,4212.94873,4193.846191,4200.128418,4206.794922
4190.897461,4189.358886999999,4197.563965,4193.846191,4195.256348,4187.307617,4191.410156,4205.128418,4200.128418,4205.0,4215.512695,4188.846191,4198.589844,4207.563965
4194.615234000001,4191.025879,4202.563965,4196.666504,4202.563965,4194.358886999999,4193.717772999999,4190.0,4198.589844,4205.384765999999,4217.436035,4191.153809,4200.384765999999,4205.641113000001
4189.230957,4183.589844,4195.897461,4193.333496,4194.615234000001,4192.94873,4210.256348,4194.871582,4194.743652,4193.846191,4199.871582,4187.05127,4184.102539,4187.563965
4183.589844,4175.384765999999,4186.922852000001,4191.025879,4193.717772999999,4196.922852000001,4214.487305,4209.358886999999,4195.384765999999,4188.333496,4186.922852000001,4176.282227000001,4174.230957,4176.666504
4188.205078,4181.410156,4186.153809,4188.846191,4200.897461,4205.128418,4210.641113000001,4209.743652,4195.384765999999,4193.717772999999,4194.358886999999,4177.94873,4183.333496,4186.410156
4191.538574,4190.897461,4191.282227000001,4189.743652,4200.641113000001,4206.922852000001,4211.025879,4196.794922,4189.358886999999,4197.94873,4207.179688,4186.410156,4197.820313,4196.025879
4192.820313,4191.282227000001,4194.615234000001,4194.358886999999,4201.794922,4202.179688,4200.512695,4187.692383,4187.307617,4204.230957,4215.128418,4191.666504,4209.615234000001,4200.641113000001
4198.846191,4197.94873,4201.025879,4200.512695,4211.153809,4196.025879,4181.666504,4186.538574,4183.077147999999,4205.769043,4220.128418,4197.05127,4218.077147999999,4209.102539
4197.820313,4207.179688,4203.333496,4204.487305,4209.615234000001,4188.205078,4169.487305,4175.512695,4167.436035,4191.538574,4214.230957,4195.384765999999,4213.333496,4209.487305
4186.922852000001,4203.461426,4192.94873,4199.615234000001,4199.102539,4176.794922,4167.563965,4152.179688,4153.205078,4176.282227000001,4200.384765999999,4187.94873,4200.769043,4199.102539
4186.794922,4199.358886999999,4192.563965,4195.512695,4198.974121,4175.0,4184.102539,4164.230957,4162.692383,4180.384765999999,4200.641113000001,4193.077147999999,4201.153809,4197.563965
4195.384765999999,4200.769043,4205.256348,4202.179688,4199.743652,4178.846191,4193.077147999999,4197.307617,4177.94873,4189.743652,4209.487305,4203.461426,4205.384765999999,4202.307617
4195.128418,4196.794922,4204.487305,4204.743652,4197.94873,4171.922852000001,4176.410156,4190.512695,4177.307617,4189.358886999999,4209.615234000001,4198.205078,4201.282227000001,4200.128418
4188.077147999999,4199.487305,4195.641113000001,4197.94873,4202.307617,4174.358886999999,4171.410156,4168.461426,4182.692383,4193.717772999999,4205.897461,4188.205078,4204.871582,4195.256348
4178.589844,4194.487305,4188.333496,4187.692383,4198.461426,4189.487305,4193.077147999999,4190.384765999999,4199.871582,4197.05127,4198.077147999999,4181.666504,4208.717772999999,4187.692383
4169.358886999999,4174.743652,4179.230957,4179.615234000001,4190.641113000001,4197.563965,4211.025879,4225.512695,4208.077147999999,4193.333496,4191.538574,4175.128418,4203.333496,4178.333496
4162.692383,4169.102539,4172.94873,4177.307617,4194.102539,4200.256348,4210.256348,4223.461426,4202.307617,4191.538574,4191.025879,4169.487305,4198.205078,4174.487305
4161.794922,4177.820313,4175.512695,4180.384765999999,4198.333496,4208.589844,4211.153809,4226.025879,4202.94873,4195.0,4189.230957,4172.563965,4194.358886999999,4174.358886999999
4170.897461,4187.94873,4184.358886999999,4192.179688,4202.94873,4215.769043,4215.897461,4230.512695,4207.94873,4198.333496,4189.871582,4181.922852000001,4198.461426,4180.0
4180.384765999999,4194.871582,4189.871582,4199.615234000001,4206.922852000001,4207.94873,4201.666504,4192.94873,4194.230957,4190.384765999999,4190.0,4185.256348,4205.256348,4186.666504
4192.563965,4205.0,4199.871582,4204.743652,4211.666504,4201.282227000001,4175.512695,4161.794922,4179.743652,4191.666504,4195.897461,4192.94873,4213.717772999999,4199.230957
4208.077147999999,4218.333496,4217.436035,4216.153809,4222.94873,4205.897461,4167.307617,4172.94873,4185.128418,4210.641113000001,4214.615234000001,4209.487305,4232.179688,4217.436035
4208.846191,4222.94873,4221.282227000001,4221.538574,4224.487305,4205.384765999999,4177.05127,4187.436035,4190.0,4217.692383,4221.025879,4214.230957,4243.205078,4222.05127
4201.794922,4225.128418,4216.410156,4221.538574,4219.615234000001,4201.794922,4187.05127,4195.0,4190.384765999999,4216.538574,4213.333496,4205.897461,4241.282227000001,4216.025879
4202.436035,4225.128418,4216.410156,4220.128418,4223.717772999999,4205.512695,4193.205078,4210.128418,4199.487305,4224.102539,4212.307617,4198.461426,4239.358886999999,4208.205078
4198.974121,4217.820313,4212.307617,4215.384765999999,4226.153809,4215.128418,4204.358886999999,4210.512695,4205.769043,4223.205078,4208.461426,4190.769043,4238.333496,4200.0
4187.692383,4209.487305,4202.820313,4208.077147999999,4217.820313,4217.307617,4210.256348,4213.461426,4204.358886999999,4206.794922,4190.641113000001,4179.871582,4223.077147999999,4194.871582
4186.794922,4203.205078,4197.94873,4200.641113000001,4213.077147999999,4210.897461,4195.512695,4216.666504,4201.794922,4200.256348,4180.641113000001,4176.153809,4209.230957,4197.820313
4193.333496,4197.692383,4199.358886999999,4197.307617,4210.769043,4213.589844,4191.922852000001,4220.256348,4208.974121,4210.512695,4187.563965,4180.769043,4213.461426,4205.641113000001
4188.333496,4193.205078,4196.282227000001,4195.256348,4198.461426,4214.487305,4215.384765999999,4258.589844,4224.871582,4212.820313,4187.307617,4179.487305,4211.794922,4204.871582
4180.0,4193.333496,4186.153809,4190.769043,4191.410156,4204.230957,4226.410156,4263.717772999999,4216.282227000001,4202.436035,4173.717772999999,4165.0,4196.538574,4192.307617
4186.666504,4205.0,4181.922852000001,4194.615234000001,4199.871582,4205.641113000001,4202.820313,4195.128418,4188.205078,4200.384765999999,4168.974121,4155.769043,4193.205078,4187.820313
4204.230957,4222.692383,4194.487305,4209.743652,4206.025879,4214.230957,4173.974121,4149.487305,4186.282227000001,4211.025879,4181.922852000001,4168.717772999999,4206.922852000001,4207.563965
4221.538574,4232.94873,4214.615234000001,4222.563965,4202.179688,4208.846191,4178.077147999999,4185.769043,4212.179688,4222.94873,4198.589844,4191.538574,4223.077147999999,4229.615234000001
4225.256348,4229.230957,4218.077147999999,4222.05127,4197.05127,4200.897461,4195.641113000001,4224.487305,4220.384765999999,4224.743652,4203.717772999999,4199.358886999999,4226.666504,4228.589844
4217.94873,4222.05127,4211.410156,4219.487305,4195.512695,4204.743652,4188.333496,4203.589844,4201.025879,4213.717772999999,4196.922852000001,4192.94873,4214.487305,4215.128418
4217.179688,4223.846191,4209.743652,4223.077147999999,4199.743652,4207.307617,4170.769043,4167.94873,4185.384765999999,4207.94873,4194.743652,4188.333496,4208.333496,4210.128418
4218.589844,4225.128418,4208.077147999999,4220.512695,4198.461426,4200.641113000001,4175.0,4177.307617,4189.487305,4210.512695,4198.589844,4187.563965,4212.307617,4211.666504
4215.512695,4221.153809,4205.897461,4213.205078,4191.025879,4195.769043,4189.871582,4225.128418,4204.871582,4209.230957,4199.102539,4186.794922,4212.94873,4211.794922
4215.897461,4217.05127,4208.589844,4210.897461,4191.282227000001,4196.282227000001,4192.05127,4219.102539,4202.179688,4206.282227000001,4197.436035,4186.410156,4211.666504,4211.794922
4214.743652,4213.717772999999,4205.384765999999,4209.487305,4190.897461,4197.436035,4186.153809,4172.179688,4183.589844,4198.846191,4192.179688,4185.512695,4206.666504,4206.794922
4206.410156,4207.436035,4194.230957,4202.94873,4183.333496,4198.205078,4190.256348,4187.692383,4183.717772999999,4190.0,4187.307617,4185.128418,4197.05127,4198.205078
4198.974121,4201.666504,4188.974121,4196.282227000001,4177.94873,4200.641113000001,4198.333496,4210.512695,4189.615234000001,4187.179688,4184.230957,4184.230957,4190.641113000001,4193.974121
4198.846191,4202.563965,4187.436035,4199.487305,4182.94873,4204.487305,4198.589844,4181.153809,4183.333496,4185.0,4183.717772999999,4181.153809,4187.692383,4191.794922
4200.897461,4200.897461,4186.538574,4205.641113000001,4191.922852000001,4202.436035,4198.717772999999,4177.692383,4187.820313,4190.512695,4192.307617,4182.820313,4187.692383,4190.0
4201.025879,4194.743652,4188.717772999999,4202.94873,4189.615234000001,4195.256348,4195.897461,4199.871582,4200.384765999999,4204.615234000001,4199.743652,4188.333496,4200.128418,4189.743652
4202.307617,4197.436035,4195.641113000001,4204.230957,4186.538574,4198.846191,4189.102539,4196.025879,4205.769043,4213.846191,4200.897461,4188.846191,4218.974121,4193.974121
4206.153809,4201.794922,4199.358886999999,4209.871582,4188.846191,4201.794922,4188.461426,4195.256348,4203.846191,4207.94873,4198.846191,4186.153809,4220.128418,4198.461426
4211.666504,4203.589844,4203.077147999999,4208.846191,4191.025879,4196.410156,4192.05127,4204.358886999999,4194.102539,4201.922852000001,4201.666504,4190.128418,4209.743652,4204.102539
4218.205078,4210.897461,4216.922852000001,4213.846191,4191.666504,4200.769043,4191.666504,4198.077147999999,4192.94873,4209.743652,4211.922852000001,4198.717772999999,4214.358886999999,4213.333496
4220.0,4218.974121,4219.871582,4222.05127,4189.102539,4201.538574,4184.358886999999,4196.410156,4204.102539,4212.692383,4215.769043,4201.538574,4225.641113000001,4213.077147999999
4215.641113000001,4226.153809,4209.358886999999,4223.717772999999,4194.102539,4192.05127,4177.179688,4198.205078,4206.794922,4209.358886999999,4214.358886999999,4198.205078,4228.077147999999,4207.436035
4205.769043,4226.794922,4200.641113000001,4219.743652,4199.487305,4194.358886999999,4179.102539,4188.589844,4193.974121,4203.974121,4211.410156,4191.153809,4221.410156,4203.333496
4197.820313,4215.0,4197.307617,4211.794922,4193.077147999999,4205.512695,4188.333496,4187.179688,4192.563965,4198.846191,4205.641113000001,4186.538574,4211.666504,4196.282227000001
4199.230957,4210.0,4196.794922,4208.717772999999,4188.205078,4209.102539,4200.128418,4190.0,4203.974121,4202.94873,4201.410156,4187.820313,4208.333496,4190.641113000001
4201.410156,4209.615234000001,4193.205078,4207.692383,4191.282227000001,4203.205078,4204.358886999999,4186.282227000001,4196.538574,4202.179688,4198.846191,4186.666504,4205.512695,4186.282227000001
4199.743652,4202.692383,4189.743652,4205.897461,4191.025879,4201.538574,4202.307617,4195.641113000001,4186.666504,4194.743652,4195.256348,4185.384765999999,4201.282227000001,4185.0
4200.0,4201.922852000001,4190.256348,4207.05127,4186.410156,4203.205078,4196.794922,4202.179688,4192.436035,4195.897461,4192.05127,4188.846191,4202.692383,4190.897461
4202.179688,4209.230957,4192.436035,4209.615234000001,4192.692383,4196.410156,4183.717772999999,4187.05127,4193.717772999999,4202.563965,4193.077147999999,4189.871582,4206.666504,4196.282227000001
4203.846191,4215.384765999999,4196.282227000001,4212.820313,4201.922852000001,4190.769043,4179.871582,4197.179688,4200.0,4206.666504,4200.0,4188.974121,4213.205078,4192.307617
4201.153809,4210.0,4196.410156,4213.333496,4192.05127,4194.615234000001,4193.077147999999,4225.512695,4209.230957,4199.487305,4197.820313,4188.333496,4206.794922,4182.179688
4198.846191,4204.358886999999,4194.230957,4210.769043,4183.461426,4196.153809,4196.538574,4215.769043,4194.743652,4186.153809,4182.692383,4185.256348,4186.282227000001,4176.794922
4204.358886999999,4217.307617,4200.769043,4215.897461,4194.615234000001,4189.615234000001,4178.589844,4182.820313,4179.487305,4186.794922,4180.0,4183.333496,4182.436035,4180.128418
4205.897461,4224.230957,4202.692383,4220.128418,4197.05127,4187.436035,4167.436035,4166.666504,4182.563965,4195.256348,4184.743652,4183.974121,4186.666504,4183.846191
4202.179688,4210.641113000001,4195.0,4215.897461,4193.717772999999,4203.717772999999,4181.153809,4182.692383,4191.025879,4197.563965,4182.563965,4185.256348,4183.077147999999,4186.282227000001
4203.205078,4205.128418,4195.0,4214.487305,4205.384765999999,4216.666504,4191.282227000001,4197.05127,4199.615234000001,4203.333496,4187.436035,4187.820313,4193.077147999999,4193.974121
4201.153809,4206.794922,4196.666504,4213.717772999999,4203.717772999999,4209.743652,4183.717772999999,4187.94873,4206.538574,4211.025879,4198.461426,4188.974121,4211.410156,4195.256348
4196.410156,4197.436035,4192.563965,4207.179688,4187.307617,4209.487305,4181.410156,4184.358886999999,4207.436035,4210.512695,4201.025879,4186.410156,4211.153809,4189.743652
4198.974121,4190.897461,4191.153809,4204.871582,4190.512695,4216.666504,4191.538574,4196.794922,4208.717772999999,4209.871582,4199.615234000001,4186.282227000001,4206.410156,4192.436035
4205.0,4199.230957,4199.102539,4213.461426,4205.641113000001,4212.94873,4198.461426,4207.179688,4215.384765999999,4218.461426,4205.897461,4190.641113000001,4220.897461,4199.615234000001
4205.512695,4206.025879,4209.743652,4219.743652,4206.794922,4204.102539,4197.563965,4221.922852000001,4216.282227000001,4221.025879,4209.871582,4192.307617,4228.589844,4202.307617
4203.717772999999,4207.692383,4211.538574,4216.922852000001,4200.512695,4202.692383,4203.589844,4230.769043,4209.487305,4209.487305,4202.563965,4188.717772999999,4214.871582,4201.153809
4202.436035,4209.487305,4204.487305,4215.128418,4202.820313,4206.410156,4210.384765999999,4207.436035,4203.846191,4203.846191,4193.974121,4182.563965,4204.743652,4195.769043
4201.282227000001,4209.102539,4199.615234000001,4215.641113000001,4207.94873,4203.461426,4200.512695,4199.487305,4210.641113000001,4211.410156,4195.512695,4180.897461,4208.846191,4192.179688
4203.077147999999,4207.563965,4202.94873,4213.846191,4205.897461,4201.538574,4197.692383,4217.05127,4222.563965,4214.487305,4204.871582,4186.410156,4215.0,4196.025879
4198.846191,4200.128418,4202.05127,4207.05127,4200.0,4209.230957,4210.128418,4201.282227000001,4213.589844,4201.282227000001,4198.974121,4187.436035,4205.641113000001,4191.025879
4193.077147999999,4194.230957,4196.794922,4204.358886999999,4199.871582,4212.94873,4200.512695,4175.512695,4196.922852000001,4190.384765999999,4185.641113000001,4181.282227000001,4198.077147999999,4181.025879
4198.846191,4200.0,4198.333496,4209.230957,4204.743652,4203.461426,4180.0,4186.794922,4197.307617,4200.641113000001,4196.666504,4183.846191,4218.974121,4191.666504
4202.692383,4199.871582,4200.128418,4207.820313,4201.666504,4195.512695,4187.436035,4199.871582,4200.128418,4210.128418,4214.358886999999,4193.974121,4239.487305,4205.512695
4200.0,4191.794922,4201.666504,4203.717772999999,4201.922852000001,4203.846191,4206.025879,4180.769043,4194.358886999999,4210.769043,4218.333496,4201.282227000001,4245.0,4207.820313
4201.025879,4190.897461,4207.307617,4208.333496,4211.538574,4215.512695,4207.179688,4172.05127,4198.974121,4224.230957,4227.563965,4207.05127,4262.692383,4214.358886999999
4197.563965,4185.897461,4206.025879,4205.512695,4212.307617,4214.871582,4204.487305,4197.94873,4214.102539,4240.256348,4238.333496,4208.077147999999,4273.846191,4217.94873
4187.94873,4171.282227000001,4195.384765999999,4191.282227000001,4208.333496,4212.179688,4209.230957,4231.025879,4225.128418,4240.897461,4234.871582,4200.897461,4260.128418,4210.769043
4186.538574,4163.846191,4191.282227000001,4186.282227000001,4208.846191,4218.077147999999,4213.205078,4238.205078,4228.846191,4234.615234000001,4229.871582,4196.025879,4252.692383,4205.128418
4190.641113000001,4169.358886999999,4199.871582,4193.589844,4212.307617,4228.589844,4218.717772999999,4240.897461,4240.256348,4235.0,4234.615234000001,4200.384765999999,4260.0,4207.307617
4192.820313,4175.256348,4206.666504,4199.358886999999,4216.025879,4235.641113000001,4225.0,4257.307617,4258.077147999999,4242.820313,4237.307617,4203.077147999999,4259.358886999999,4211.922852000001
4197.179688,4172.436035,4205.128418,4201.025879,4217.05127,4232.94873,4220.897461,4253.589844,4255.512695,4247.820313,4231.410156,4202.307617,4252.820313,4213.205078
4204.102539,4175.256348,4209.358886999999,4205.0,4220.897461,4227.94873,4215.256348,4230.641113000001,4236.538574,4244.743652,4232.05127,4205.897461,4257.563965,4217.179688
4202.692383,4181.538574,4214.230957,4205.512695,4224.743652,4225.769043,4213.461426,4214.358886999999,4223.077147999999,4237.436035,4237.436035,4206.410156,4266.922852000001,4221.410156
4193.077147999999,4173.589844,4206.025879,4198.205078,4220.0,4224.487305,4214.230957,4206.794922,4211.282227000001,4233.333496,4236.153809,4201.922852000001,4273.461426,4220.769043
4196.025879,4165.128418,4207.05127,4198.077147999999,4216.666504,4229.358886999999,4215.897461,4198.333496,4209.230957,4237.94873,4241.666504,4207.692383,4286.282227000001,4224.871582
4203.589844,4164.102539,4217.563965,4201.282227000001,4218.717772999999,4232.94873,4219.871582,4190.641113000001,4215.256348,4242.94873,4252.307617,4215.512695,4298.461426,4231.410156
4195.512695,4157.820313,4214.230957,4195.256348,4217.179688,4227.563965,4233.205078,4206.282227000001,4217.307617,4247.05127,4253.589844,4213.461426,4297.820313,4228.461426
4188.589844,4153.461426,4211.538574,4191.666504,4215.897461,4217.05127,4231.794922,4238.974121,4230.769043,4258.717772999999,4257.05127,4214.358886999999,4297.820313,4226.282227000001
4193.974121,4157.436035,4220.0,4196.153809,4218.205078,4212.94873,4207.307617,4252.563965,4255.512695,4274.487305,4270.769043,4218.974121,4308.846191,4234.230957
4197.307617,4161.538574,4221.538574,4198.461426,4222.307617,4219.615234000001,4204.358886999999,4252.05127,4266.282227000001,4285.128418,4278.974121,4221.153809,4323.974121,4238.846191
4193.077147999999,4159.743652,4216.410156,4194.615234000001,4221.794922,4222.179688,4220.0,4254.871582,4259.615234000001,4282.307617,4276.410156,4225.641113000001,4327.179688,4236.025879
4190.512695,4153.974121,4217.436035,4192.05127,4217.436035,4217.05127,4219.358886999999,4249.871582,4254.487305,4272.179688,4272.820313,4225.512695,4316.922852000001,4234.743652
4186.538574,4144.615234000001,4212.179688,4186.282227000001,4213.205078,4216.025879,4212.94873,4243.077147999999,4251.666504,4265.769043,4265.769043,4211.410156,4304.615234000001,4225.897461
4182.563965,4139.615234000001,4203.077147999999,4177.563965,4212.692383,4220.641113000001,4219.358886999999,4240.769043,4242.179688,4262.307617,4256.410156,4203.333496,4298.461426,4216.794922
4180.256348,4140.769043,4203.461426,4176.538574,4219.102539,4226.025879,4229.871582,4240.384765999999,4235.769043,4260.256348,4252.692383,4206.538574,4298.333496,4220.897461
4176.153809,4136.025879,4201.538574,4177.692383,4220.256348,4226.025879,4224.743652,4232.307617,4232.692383,4257.820313,4250.384765999999,4205.769043,4299.358886999999,4223.205078
4174.487305,4130.769043,4196.410156,4177.94873,4216.282227000001,4223.974121,4214.102539,4211.153809,4225.641113000001,4252.94873,4245.512695,4202.307617,4297.179688,4216.794922
4165.641113000001,4125.641113000001,4191.282227000001,4170.897461,4212.94873,4223.077147999999,4214.102539,4190.0,4201.666504,4233.846191,4231.025879,4196.666504,4271.922852000001,4205.512695
4160.897461,4126.794922,4190.0,4165.256348,4210.0,4215.128418,4208.974121,4195.769043,4184.743652,4219.230957,4220.769043,4199.102539,4252.563965,4204.102539
4181.794922,4150.897461,4205.384765999999,4183.974121,4217.692383,4209.358886999999,4205.641113000001,4217.692383,4204.358886999999,4238.333496,4236.282227000001,4215.769043,4276.282227000001,4224.615234000001
4197.692383,4167.307617,4221.153809,4200.897461,4226.794922,4212.563965,4222.179688,4226.153809,4224.358886999999,4254.871582,4246.666504,4223.717772999999,4289.230957,4238.077147999999
4193.717772999999,4161.538574,4221.922852000001,4197.307617,4225.128418,4217.692383,4230.256348,4233.589844,4229.358886999999,4252.820313,4240.897461,4220.512695,4275.0,4232.563965
4198.077147999999,4163.461426,4221.410156,4197.692383,4222.436035,4221.794922,4216.153809,4237.436035,4238.589844,4260.641113000001,4242.436035,4222.563965,4276.794922,4231.153809
4201.794922,4164.102539,4220.0,4196.922852000001,4217.563965,4218.974121,4209.487305,4235.897461,4242.563965,4263.461426,4237.05127,4216.153809,4276.153809,4232.307617
4196.922852000001,4156.153809,4216.666504,4190.641113000001,4212.94873,4215.512695,4211.666504,4240.256348,4242.179688,4253.974121,4225.769043,4202.436035,4259.230957,4230.0
4198.717772999999,4160.897461,4214.743652,4193.589844,4214.615234000001,4218.461426,4207.307617,4244.487305,4250.512695,4257.94873,4225.769043,4199.615234000001,4257.436035,4230.512695
4200.384765999999,4164.615234000001,4209.615234000001,4191.794922,4210.512695,4222.563965,4207.820313,4241.794922,4251.538574,4261.666504,4223.846191,4196.025879,4255.128418,4225.897461
4201.666504,4161.538574,4211.666504,4189.230957,4202.05127,4219.487305,4209.358886999999,4232.820313,4242.307617,4252.820313,4221.282227000001,4190.897461,4242.179688,4228.846191
4202.94873,4162.179688,4212.307617,4192.179688,4197.05127,4219.102539,4206.666504,4215.0,4226.794922,4240.641113000001,4216.410156,4188.717772999999,4231.666504,4235.641113000001
4193.461426,4160.384765999999,4197.820313,4186.025879,4196.666504,4227.05127,4209.871582,4192.436035,4200.769043,4218.846191,4196.538574,4179.743652,4216.282227000001,4219.743652
4189.102539,4160.897461,4193.077147999999,4179.615234000001,4198.846191,4219.230957,4207.307617,4186.282227000001,4185.641113000001,4203.333496,4190.641113000001,4176.538574,4210.897461,4207.179688
4206.282227000001,4178.846191,4212.436035,4192.820313,4197.436035,4199.487305,4198.846191,4193.077147999999,4192.05127,4212.179688,4210.256348,4190.769043,4228.333496,4221.282227000001
4222.692383,4198.205078,4229.230957,4209.487305,4196.666504,4203.717772999999,4210.384765999999,4197.94873,4199.230957,4224.615234000001,4218.205078,4200.641113000001,4239.743652,4233.974121
4224.871582,4201.794922,4229.487305,4214.358886999999,4202.692383,4220.512695,4226.666504,4198.333496,4198.333496,4221.538574,4210.128418,4199.102539,4230.897461,4232.820313
4231.410156,4213.077147999999,4233.205078,4220.897461,4214.615234000001,4214.230957,4209.871582,4203.717772999999,4205.897461,4224.358886999999,4217.563965,4204.487305,4233.846191,4237.563965
4240.384765999999,4228.461426,4242.05127,4228.846191,4221.538574,4199.487305,4188.461426,4228.461426,4228.205078,4242.436035,4235.769043,4210.384765999999,4252.179688,4244.615234000001
4238.333496,4221.410156,4243.205078,4228.974121,4217.179688,4202.436035,4202.692383,4253.205078,4244.102539,4249.358886999999,4239.487305,4207.94873,4255.128418,4245.128418
4231.153809,4212.820313,4236.922852000001,4223.974121,4211.282227000001,4211.922852000001,4215.256348,4241.922852000001,4238.461426,4241.282227000001,4232.436035,4204.230957,4243.974121,4243.461426
4227.436035,4220.128418,4228.333496,4216.666504,4209.615234000001,4210.0,4193.077147999999,4200.256348,4223.077147999999,4233.461426,4226.794922,4199.615234000001,4231.666504,4235.769043
4225.256348,4222.436035,4224.358886999999,4213.846191,4214.487305,4205.256348,4185.641113000001,4190.512695,4222.436035,4230.512695,4221.025879,4195.512695,4220.897461,4226.025879
4217.563965,4211.153809,4223.974121,4212.692383,4220.0,4210.512695,4213.333496,4219.487305,4226.025879,4222.05127,4210.128418,4192.436035,4208.205078,4216.794922
4201.666504,4199.487305,4214.102539,4203.846191,4213.974121,4212.307617,4224.615234000001,4212.692383,4206.282227000001,4200.512695,4194.230957,4184.102539,4192.94873,4202.179688
4192.05127,4193.589844,4203.846191,4197.563965,4206.282227000001,4211.666504,4219.102539,4179.871582,4186.025879,4184.487305,4185.0,4175.256348,4186.282227000001,4193.205078
4198.717772999999,4195.897461,4208.333496,4204.615234000001,4211.025879,4213.333496,4218.077147999999,4186.025879,4191.153809,4190.256348,4190.128418,4179.358886999999,4193.846191,4202.05127
4209.487305,4204.102539,4217.436035,4210.897461,4219.487305,4214.102539,4212.563965,4197.05127,4191.410156,4201.794922,4202.436035,4186.410156,4204.871582,4211.538574
4213.846191,4208.589844,4222.563965,4211.538574,4218.461426,4218.461426,4207.692383,4183.589844,4181.794922,4204.358886999999,4212.179688,4188.846191,4210.0,4211.922852000001
4210.769043,4210.128418,4222.436035,4209.358886999999,4210.128418,4212.563965,4205.256348,4191.922852000001,4185.769043,4201.025879,4216.666504,4192.05127,4211.025879,4214.230957
4210.256348,4212.563965,4224.871582,4209.615234000001,4209.358886999999,4201.538574,4206.794922,4221.666504,4197.692383,4205.384765999999,4223.589844,4200.0,4218.717772999999,4221.153809
4214.615234000001,4212.307617,4229.102539,4213.077147999999,4216.153809,4205.769043,4219.102539,4214.871582,4196.410156,4212.05127,4226.666504,4204.102539,4227.179688,4224.487305
4220.897461,4216.282227000001,4231.538574,4217.563965,4219.615234000001,4212.436035,4216.153809,4189.871582,4188.333496,4209.615234000001,4220.512695,4200.256348,4229.743652,4222.563965
4228.846191,4228.589844,4238.205078,4226.666504,4223.846191,4206.922852000001,4189.102539,4204.871582,4202.05127,4217.436035,4224.230957,4204.358886999999,4238.461426,4229.102539
4226.794922,4228.717772999999,4241.153809,4229.615234000001,4224.487305,4196.794922,4178.333496,4223.974121,4220.0,4228.974121,4230.512695,4214.871582,4240.641113000001,4235.128418
4215.128418,4214.230957,4231.922852000001,4221.025879,4214.487305,4192.179688,4190.897461,4214.102539,4221.282227000001,4224.102539,4221.538574,4212.307617,4223.333496,4225.897461
4206.794922,4202.692383,4220.769043,4210.256348,4204.743652,4194.487305,4197.179688,4207.179688,4217.563965,4214.102539,4207.94873,4196.794922,4203.846191,4212.05127
4200.384765999999,4194.102539,4214.358886999999,4198.205078,4199.102539,4198.717772999999,4203.205078,4209.230957,4213.333496,4208.461426,4196.794922,4187.436035,4191.153809,4202.179688
4194.743652,4189.230957,4209.230957,4189.871582,4193.846191,4199.871582,4221.153809,4212.307617,4207.692383,4204.615234000001,4190.512695,4187.436035,4187.692383,4196.666504
4194.230957,4186.410156,4205.512695,4189.102539,4185.512695,4198.589844,4228.333496,4220.512695,4203.205078,4198.974121,4190.769043,4185.641113000001,4191.025879,4194.743652
4197.563965,4185.769043,4208.077147999999,4192.692383,4182.94873,4199.871582,4224.487305,4219.615234000001,4198.974121,4194.743652,4192.692383,4186.666504,4191.538574,4197.436035
4202.307617,4189.871582,4216.410156,4196.666504,4189.871582,4200.128418,4220.512695,4194.743652,4186.666504,4193.333496,4195.769043,4194.615234000001,4190.384765999999,4205.256348
4209.102539,4193.077147999999,4224.230957,4200.769043,4196.922852000001,4199.102539,4211.410156,4191.025879,4180.641113000001,4193.846191,4202.94873,4203.589844,4194.487305,4217.692383
4216.922852000001,4201.025879,4230.769043,4209.743652,4202.692383,4205.0,4208.974121,4216.794922,4191.282227000001,4201.922852000001,4213.205078,4211.922852000001,4206.153809,4229.358886999999
4217.692383,4205.641113000001,4233.205078,4215.384765999999,4203.589844,4206.025879,4208.589844,4208.461426,4191.282227000001,4207.692383,4215.769043,4212.820313,4212.436035,4228.205078
4210.769043,4198.205078,4227.307617,4207.436035,4199.487305,4195.512695,4199.743652,4181.538574,4179.487305,4197.820313,4207.94873,4199.615234000001,4203.717772999999,4216.410156
4210.769043,4202.05127,4226.794922,4204.230957,4202.436035,4195.897461,4198.717772999999,4196.538574,4186.794922,4194.487305,4208.205078,4190.641113000001,4201.794922,4217.436035
4218.205078,4214.230957,4235.128418,4215.384765999999,4207.563965,4202.94873,4208.333496,4220.384765999999,4207.05127,4210.897461,4218.461426,4198.974121,4215.641113000001,4230.384765999999
4221.922852000001,4212.436035,4241.282227000001,4220.897461,4205.897461,4199.487305,4209.871582,4214.743652,4219.102539,4225.769043,4224.230957,4207.563965,4225.769043,4233.333496
4216.666504,4203.846191,4235.641113000001,4213.077147999999,4203.589844,4195.256348,4203.077147999999,4211.282227000001,4221.922852000001,4225.256348,4221.410156,4203.846191,4219.230957,4225.512695
4207.179688,4198.589844,4221.922852000001,4203.846191,4200.769043,4196.282227000001,4204.615234000001,4216.922852000001,4216.410156,4221.538574,4215.0,4196.666504,4205.897461,4217.94873
4197.820313,4187.307617,4213.333496,4195.128418,4190.512695,4195.128418,4222.436035,4226.794922,4213.589844,4216.282227000001,4208.846191,4194.487305,4195.512695,4207.94873
4194.358886999999,4179.230957,4213.205078,4190.897461,4184.615234000001,4196.538574,4231.025879,4235.0,4214.102539,4205.769043,4206.410156,4198.589844,4193.717772999999,4203.333496
4202.94873,4188.846191,4218.205078,4198.333496,4194.615234000001,4205.128418,4221.282227000001,4225.897461,4210.384765999999,4205.897461,4212.820313,4205.256348,4200.384765999999,4214.102539
4205.384765999999,4186.922852000001,4216.794922,4197.563965,4194.871582,4201.922852000001,4219.358886999999,4208.589844,4195.256348,4202.179688,4211.153809,4198.077147999999,4193.461426,4216.410156
4196.538574,4174.871582,4210.128418,4188.974121,4187.05127,4195.897461,4223.589844,4202.563965,4178.846191,4187.436035,4201.025879,4188.333496,4181.410156,4205.128418
4199.743652,4185.0,4215.256348,4197.94873,4198.077147999999,4204.230957,4215.128418,4203.205078,4177.563965,4190.641113000001,4206.410156,4197.436035,4192.563965,4209.102539
4208.205078,4197.436035,4226.025879,4207.436035,4206.410156,4201.282227000001,4203.589844,4198.461426,4181.538574,4200.897461,4215.769043,4203.461426,4205.0,4224.230957
4209.615234000001,4195.641113000001,4232.307617,4206.410156,4203.077147999999,4191.410156,4207.820313,4208.846191,4189.615234000001,4200.256348,4214.487305,4201.282227000001,4196.922852000001,4230.897461
4210.256348,4195.384765999999,4234.230957,4213.205078,4204.615234000001,4200.256348,4213.461426,4222.820313,4202.179688,4198.974121,4210.256348,4201.794922,4188.205078,4225.0
4207.307617,4192.692383,4229.743652,4214.615234000001,4202.563965,4207.179688,4208.333496,4219.230957,4208.589844,4198.717772999999,4207.563965,4197.179688,4188.974121,4215.384765999999
4204.615234000001,4188.077147999999,4226.538574,4207.563965,4199.743652,4202.436035,4209.871582,4216.922852000001,4211.410156,4201.025879,4212.179688,4193.077147999999,4195.641113000001,4216.922852000001
4215.384765999999,4200.512695,4232.692383,4213.717772999999,4209.743652,4205.384765999999,4210.769043,4220.384765999999,4217.692383,4212.94873,4222.563965,4202.563965,4209.230957,4226.794922
4223.589844,4205.384765999999,4237.05127,4221.282227000001,4213.589844,4210.256348,4206.922852000001,4224.871582,4224.743652,4224.743652,4224.102539,4210.384765999999,4217.05127,4227.692383
4214.358886999999,4186.922852000001,4230.128418,4212.820313,4201.410156,4206.153809,4215.641113000001,4234.358886999999,4225.769043,4220.0,4214.743652,4201.666504,4208.205078,4219.615234000001
4204.358886999999,4179.487305,4217.179688,4203.717772999999,4193.846191,4200.256348,4221.153809,4229.615234000001,4213.589844,4204.615234000001,4203.077147999999,4190.128418,4193.205078,4208.589844
4204.230957,4191.410156,4207.94873,4206.794922,4200.384765999999,4199.358886999999,4211.410156,4201.410156,4196.922852000001,4198.589844,4195.512695,4185.384765999999,4190.0,4201.025879
4203.205078,4197.05127,4209.743652,4211.153809,4206.153809,4202.692383,4207.692383,4200.384765999999,4194.615234000001,4199.615234000001,4194.102539,4183.717772999999,4194.102539,4199.743652
4195.384765999999,4191.794922,4211.410156,4208.461426,4203.077147999999,4210.128418,4217.179688,4225.512695,4188.974121,4184.358886999999,4186.282227000001,4178.333496,4178.974121,4192.436035
4190.384765999999,4190.0,4205.0,4204.743652,4200.0,4211.410156,4218.589844,4213.974121,4174.358886999999,4167.436035,4174.230957,4171.922852000001,4157.692383,4182.563965
4194.358886999999,4191.282227000001,4204.871582,4204.615234000001,4199.102539,4198.717772999999,4208.205078,4180.128418,4169.743652,4169.102539,4173.717772999999,4174.871582,4160.897461,4185.512695
4208.205078,4201.410156,4221.282227000001,4218.077147999999,4205.769043,4195.769043,4207.179688,4190.769043,4182.179688,4182.692383,4191.025879,4187.563965,4180.384765999999,4201.538574
4218.974121,4212.820313,4232.307617,4231.538574,4212.436035,4201.025879,4204.358886999999,4212.692383,4191.922852000001,4195.256348,4203.589844,4196.794922,4187.94873,4213.333496
4215.769043,4209.230957,4226.922852000001,4228.077147999999,4208.205078,4196.153809,4190.641113000001,4193.461426,4190.641113000001,4200.128418,4197.307617,4194.487305,4184.102539,4211.153809
4211.153809,4205.256348,4228.461426,4226.282227000001,4208.461426,4196.538574,4193.974121,4205.384765999999,4208.333496,4209.487305,4199.358886999999,4191.025879,4189.102539,4212.820313
4208.974121,4201.410156,4228.461426,4226.153809,4211.410156,4199.102539,4208.589844,4257.307617,4228.717772999999,4216.794922,4206.666504,4190.128418,4192.179688,4217.05127
4202.05127,4194.358886999999,4216.282227000001,4217.436035,4203.205078,4191.666504,4209.230957,4253.589844,4217.307617,4209.615234000001,4200.897461,4187.307617,4188.717772999999,4212.94873
4197.436035,4194.230957,4210.897461,4213.205078,4196.410156,4195.512695,4211.025879,4208.461426,4196.538574,4199.102539,4194.615234000001,4187.436035,4186.538574,4209.102539
4196.538574,4188.589844,4210.641113000001,4211.025879,4200.256348,4207.307617,4223.205078,4204.743652,4190.384765999999,4188.974121,4186.794922,4184.615234000001,4175.0,4206.025879
4188.717772999999,4174.358886999999,4202.94873,4203.461426,4206.410156,4207.692383,4220.0,4215.128418,4184.102539,4175.512695,4172.307617,4173.589844,4161.282227000001,4198.205078
4178.205078,4165.128418,4190.128418,4195.384765999999,4200.769043,4205.128418,4206.538574,4196.025879,4173.717772999999,4164.871582,4161.794922,4165.384765999999,4153.846191,4192.179688
4178.461426,4161.025879,4186.538574,4192.563965,4188.717772999999,4201.153809,4212.820313,4200.128418,4175.769043,4166.922852000001,4156.282227000001,4166.282227000001,4152.820313,4193.077147999999
4184.358886999999,4163.205078,4193.461426,4196.538574,4186.153809,4193.717772999999,4226.666504,4215.769043,4175.641113000001,4171.410156,4150.256348,4168.461426,4156.025879,4196.794922
4190.128418,4167.692383,4196.794922,4200.512695,4188.333496,4192.563965,4211.666504,4185.128418,4160.512695,4163.717772999999,4145.128418,4167.692383,4153.461426,4199.487305
4203.846191,4174.615234000001,4202.179688,4207.307617,4191.282227000001,4197.563965,4187.820313,4161.794922,4159.230957,4161.666504,4148.461426,4174.615234000001,4157.307617,4206.282227000001
4219.487305,4188.846191,4217.692383,4218.205078,4193.333496,4192.94873,4188.205078,4188.333496,4179.871582,4176.538574,4161.410156,4190.769043,4177.05127,4222.436035
4227.179688,4202.563965,4231.794922,4225.256348,4189.615234000001,4179.871582,4198.589844,4220.256348,4195.256348,4191.410156,4176.538574,4200.512695,4193.077147999999,4235.0
4229.487305,4202.05127,4234.743652,4224.871582,4187.179688,4177.436035,4199.230957,4235.512695,4198.077147999999,4196.025879,4183.846191,4197.05127,4191.538574,4232.820313
4223.589844,4189.615234000001,4227.563965,4216.922852000001,4180.641113000001,4181.922852000001,4198.205078,4243.589844,4200.641113000001,4193.717772999999,4180.769043,4187.307617,4185.0,4229.230957
4213.717772999999,4178.589844,4217.05127,4208.717772999999,4173.846191,4188.589844,4212.94873,4241.153809,4211.282227000001,4194.102539,4178.333496,4180.512695,4184.230957,4231.025879
4207.436035,4169.102539,4208.846191,4202.94873,4176.922852000001,4200.641113000001,4230.256348,4230.641113000001,4216.922852000001,4196.410156,4175.128418,4174.230957,4179.743652,4223.461426
4205.897461,4165.0,4202.563965,4200.641113000001,4180.384765999999,4209.871582,4229.871582,4222.692383,4209.615234000001,4195.128418,4170.769043,4168.333496,4176.282227000001,4215.641113000001
4211.153809,4169.230957,4201.538574,4205.0,4180.897461,4213.589844,4226.410156,4226.410156,4208.717772999999,4196.025879,4176.410156,4171.538574,4184.102539,4224.102539
4213.461426,4166.153809,4202.692383,4205.769043,4182.820313,4211.410156,4226.282227000001,4219.230957,4207.436035,4192.179688,4180.512695,4176.794922,4186.666504,4226.410156
4210.0,4165.0,4199.230957,4201.538574,4181.922852000001,4206.538574,4215.769043,4185.0,4190.384765999999,4181.922852000001,4174.615234000001,4173.205078,4182.563965,4215.256348
4213.461426,4170.897461,4200.128418,4204.102539,4180.0,4204.358886999999,4200.0,4160.641113000001,4172.436035,4178.717772999999,4174.358886999999,4170.384765999999,4184.358886999999,4216.025879
4218.589844,4167.820313,4207.94873,4209.871582,4181.282227000001,4203.589844,4197.436035,4170.769043,4169.102539,4180.0,4179.743652,4178.717772999999,4184.230957,4226.922852000001
4219.487305,4164.487305,4215.0,4211.282227000001,4179.102539,4195.897461,4202.94873,4197.05127,4181.922852000001,4181.282227000001,4183.461426,4183.974121,4182.179688,4230.897461
4225.128418,4167.692383,4218.974121,4212.307617,4166.794922,4182.307617,4203.205078,4213.717772999999,4194.743652,4188.333496,4189.871582,4183.974121,4180.512695,4232.692383
4231.282227000001,4167.179688,4222.05127,4213.974121,4162.179688,4181.025879,4199.487305,4219.230957,4196.153809,4196.922852000001,4197.436035,4190.769043,4178.717772999999,4242.436035
4224.871582,4162.563965,4219.230957,4209.358886999999,4169.871582,4183.846191,4196.794922,4225.769043,4195.384765999999,4193.589844,4197.307617,4193.333496,4182.820313,4245.128418
4216.025879,4157.179688,4210.384765999999,4202.820313,4167.05127,4178.333496,4197.563965,4228.717772999999,4196.410156,4182.436035,4190.641113000001,4184.230957,4181.922852000001,4233.589844
4216.922852000001,4156.153809,4206.922852000001,4204.358886999999,4160.897461,4186.410156,4210.384765999999,4239.102539,4205.0,4186.538574,4190.256348,4178.077147999999,4175.128418,4227.179688
4210.128418,4153.333496,4199.615234000001,4199.102539,4162.307617,4193.974121,4219.102539,4238.077147999999,4208.974121,4191.410156,4185.897461,4169.487305,4166.410156,4219.871582
4196.282227000001,4144.230957,4190.384765999999,4189.487305,4160.384765999999,4183.333496,4210.641113000001,4213.717772999999,4200.897461,4181.025879,4175.0,4159.358886999999,4165.256348,4206.922852000001
4200.0,4144.615234000001,4197.94873,4196.410156,4162.563965,4186.794922,4206.666504,4211.282227000001,4202.179688,4180.897461,4181.538574,4168.461426,4178.333496,4208.589844
4209.871582,4153.461426,4207.179688,4205.256348,4170.641113000001,4202.179688,4209.230957,4215.256348,4203.974121,4189.358886999999,4192.436035,4177.692383,4171.794922,4215.0
4209.487305,4156.538574,4202.94873,4205.128418,4177.179688,4197.436035,4204.358886999999,4188.077147999999,4188.846191,4183.461426,4189.230957,4170.769043,4141.410156,4211.922852000001
4209.615234000001,4157.820313,4203.717772999999,4208.077147999999,4176.153809,4186.538574,4195.128418,4172.05127,4180.641113000001,4176.666504,4187.692383,4173.077147999999,4129.615234000001,4213.717772999999
4216.282227000001,4161.282227000001,4216.410156,4210.641113000001,4170.256348,4190.512695,4192.05127,4182.692383,4190.0,4183.717772999999,4198.077147999999,4186.538574,4142.179688,4219.871582
4224.230957,4161.794922,4222.94873,4214.743652,4172.436035,4191.025879,4191.282227000001,4175.384765999999,4194.871582,4193.974121,4207.179688,4189.743652,4148.461426,4224.487305
4228.077147999999,4162.179688,4221.922852000001,4223.333496,4181.794922,4180.256348,4189.871582,4180.384765999999,4201.538574,4200.769043,4211.282227000001,4188.717772999999,4149.102539,4230.897461
4219.743652,4162.563965,4218.461426,4220.256348,4181.666504,4182.563965,4203.077147999999,4220.256348,4212.179688,4201.153809,4209.615234000001,4187.94873,4147.307617,4227.692383
4206.282227000001,4155.897461,4207.436035,4206.922852000001,4173.461426,4192.94873,4215.769043,4227.692383,4206.666504,4189.230957,4195.897461,4176.538574,4133.717772999999,4214.358886999999
4200.641113000001,4146.666504,4197.563965,4201.794922,4173.077147999999,4191.666504,4213.333496,4212.94873,4197.563965,4180.512695,4185.128418,4166.666504,4126.025879,4208.974121
4198.717772999999,4141.025879,4196.538574,4201.282227000001,4172.436035,4196.666504,4226.666504,4229.487305,4199.871582,4185.128418,4187.563965,4166.025879,4126.666504,4208.974121
4194.230957,4135.128418,4191.666504,4195.384765999999,4167.179688,4202.94873,4235.897461,4240.769043,4200.128418,4184.871582,4186.666504,4161.410156,4123.077147999999,4206.153809
4192.05127,4135.641113000001,4185.512695,4194.743652,4170.769043,4193.077147999999,4218.589844,4217.820313,4192.820313,4180.512695,4180.769043,4155.384765999999,4123.077147999999,4205.769043
4194.615234000001,4139.615234000001,4189.487305,4199.871582,4173.717772999999,4187.820313,4209.743652,4205.0,4189.743652,4187.436035,4183.461426,4158.846191,4128.846191,4205.641113000001
4202.436035,4136.538574,4196.025879,4200.128418,4168.077147999999,4192.179688,4206.922852000001,4208.077147999999,4188.846191,4189.743652,4186.538574,4166.282227000001,4131.922852000001,4206.922852000001
4211.282227000001,4141.538574,4201.538574,4202.94873,4169.102539,4191.666504,4192.563965,4190.0,4186.666504,4182.05127,4185.897461,4169.615234000001,4139.871582,4213.333496
4213.205078,4151.410156,4206.666504,4207.692383,4170.384765999999,4187.05127,4185.128418,4186.025879,4191.794922,4181.153809,4189.615234000001,4174.615234000001,4147.436035,4216.153809
4216.153809,4151.153809,4208.333496,4209.871582,4167.179688,4182.563965,4182.05127,4208.717772999999,4203.333496,4187.692383,4194.487305,4178.846191,4142.179688,4215.769043
4220.128418,4148.589844,4207.563965,4211.794922,4169.487305,4177.05127,4172.436035,4203.205078,4205.256348,4191.538574,4195.769043,4174.358886999999,4136.666504,4216.666504
4215.0,4144.615234000001,4204.358886999999,4206.025879,4164.358886999999,4175.897461,4177.692383,4179.871582,4191.153809,4186.153809,4192.820313,4169.487305,4133.717772999999,4215.128418
4212.820313,4136.282227000001,4201.666504,4197.05127,4153.589844,4180.384765999999,4199.102539,4193.589844,4182.563965,4179.743652,4190.512695,4171.410156,4125.897461,4215.384765999999
4217.436035,4136.153809,4204.743652,4198.717772999999,4157.692383,4185.769043,4208.589844,4216.538574,4189.615234000001,4179.743652,4191.538574,4176.794922,4125.256348,4222.94873
4220.897461,4145.256348,4211.025879,4206.153809,4167.94873,4194.871582,4208.333496,4217.94873,4201.666504,4188.974121,4196.922852000001,4178.461426,4138.974121,4231.538574
4218.461426,4138.589844,4206.794922,4203.077147999999,4164.102539,4198.974121,4217.94873,4214.102539,4201.538574,4193.589844,4197.436035,4169.230957,4142.307617,4225.769043
4207.179688,4122.563965,4192.94873,4192.307617,4150.256348,4189.358886999999,4225.641113000001,4208.974121,4188.589844,4181.538574,4186.794922,4158.205078,4132.94873,4210.256348
4206.282227000001,4129.743652,4195.769043,4194.615234000001,4152.563965,4186.922852000001,4216.666504,4215.0,4195.897461,4181.666504,4188.717772999999,4163.589844,4155.897461,4214.743652
4217.563965,4143.461426,4208.333496,4204.102539,4166.538574,4197.179688,4210.769043,4213.846191,4203.589844,4194.743652,4203.333496,4172.179688,4191.538574,4228.333496
4215.641113000001,4136.794922,4202.692383,4202.05127,4163.846191,4193.974121,4216.025879,4188.205078,4186.410156,4190.384765999999,4200.512695,4167.179688,4178.974121,4219.487305
4209.358886999999,4133.589844,4196.794922,4199.743652,4158.205078,4184.871582,4209.102539,4181.538574,4182.05127,4183.461426,4192.820313,4165.641113000001,4157.05127,4211.922852000001
4218.589844,4146.922852000001,4210.0,4207.692383,4170.384765999999,4189.102539,4194.102539,4198.974121,4196.282227000001,4193.333496,4202.692383,4176.410156,4170.897461,4227.05127
4225.769043,4153.589844,4221.410156,4214.871582,4179.615234000001,4196.025879,4198.333496,4207.563965,4205.128418,4204.358886999999,4214.102539,4182.820313,4184.230957,4237.692383
4213.846191,4142.820313,4209.615234000001,4210.128418,4170.512695,4189.871582,4203.846191,4206.025879,4205.256348,4200.128418,4207.563965,4175.128418,4173.589844,4225.384765999999
4202.563965,4130.384765999999,4193.205078,4199.615234000001,4159.743652,4178.717772999999,4194.487305,4212.05127,4201.538574,4192.563965,4195.897461,4167.436035,4161.025879,4210.256348
4200.512695,4126.794922,4194.743652,4196.922852000001,4159.871582,4182.307617,4198.974121,4214.358886999999,4201.666504,4195.512695,4197.307617,4169.871582,4159.358886999999,4210.256348
4195.897461,4122.307617,4193.717772999999,4193.974121,4160.384765999999,4190.769043,4209.102539,4206.282227000001,4200.769043,4192.436035,4195.769043,4168.717772999999,4160.256348,4206.538574
4195.256348,4124.615234000001,4183.333496,4192.05127,4165.128418,4192.179688,4207.05127,4208.077147999999,4196.153809,4180.384765999999,4185.256348,4164.743652,4166.666504,4195.128418
4200.512695,4136.538574,4182.307617,4197.179688,4169.358886999999,4192.563965,4209.615234000001,4215.512695,4192.179688,4172.94873,4178.077147999999,4163.333496,4166.538574,4194.358886999999
4201.666504,4143.717772999999,4189.230957,4203.846191,4167.820313,4199.871582,4219.615234000001,4210.128418,4190.641113000001,4171.922852000001,4177.05127,4161.025879,4155.0,4199.487305
4207.692383,4155.0,4201.153809,4214.871582,4179.487305,4212.692383,4227.307617,4216.410156,4201.025879,4185.384765999999,4186.666504,4167.94873,4155.769043,4207.692383
4216.538574,4165.384765999999,4208.461426,4221.794922,4192.436035,4208.077147999999,4223.077147999999,4226.538574,4210.769043,4197.94873,4195.769043,4177.05127,4163.205078,4214.487305
4215.384765999999,4160.512695,4202.05127,4216.025879,4188.077147999999,4190.128418,4210.0,4201.666504,4202.05127,4191.153809,4194.871582,4174.102539,4161.666504,4211.153809
4212.94873,4154.743652,4197.563965,4212.179688,4182.05127,4190.512695,4211.153809,4199.743652,4199.871582,4189.358886999999,4196.153809,4173.974121,4160.384765999999,4209.358886999999
4215.641113000001,4156.666504,4201.025879,4214.743652,4184.615234000001,4196.410156,4212.563965,4212.692383,4207.05127,4198.461426,4198.717772999999,4181.538574,4167.307617,4214.615234000001
4216.794922,4161.410156,4203.205078,4218.077147999999,4188.974121,4190.769043,4193.846191,4190.769043,4202.94873,4200.512695,4197.179688,4183.461426,4182.563965,4213.333496
4211.794922,4162.436035,4200.256348,4218.205078,4187.820313,4191.410156,4183.333496,4189.615234000001,4200.769043,4196.025879,4193.333496,4177.436035,4191.794922,4205.897461
4202.820313,4152.563965,4190.897461,4210.769043,4179.743652,4197.820313,4203.589844,4214.871582,4201.025879,4186.410156,4181.153809,4168.974121,4170.769043,4197.05127
4200.256348,4144.871582,4185.0,4205.384765999999,4177.692383,4195.256348,4219.871582,4218.077147999999,4198.717772999999,4181.794922,4174.487305,4168.589844,4151.025879,4192.179688
4200.256348,4144.487305,4187.179688,4206.410156,4184.102539,4190.512695,4205.512695,4219.871582,4202.307617,4186.922852000001,4182.307617,4174.230957,4157.05127,4195.769043
4197.692383,4145.641113000001,4189.102539,4208.589844,4185.512695,4196.282227000001,4201.666504,4234.358886999999,4207.94873,4188.846191,4186.410156,4173.717772999999,4159.102539,4198.974121
4197.692383,4146.025879,4188.205078,4209.230957,4182.179688,4202.179688,4216.282227000001,4217.692383,4200.641113000001,4185.128418,4181.666504,4169.102539,4149.230957,4198.077147999999
4202.820313,4146.025879,4191.282227000001,4208.974121,4182.436035,4197.94873,4206.666504,4190.512695,4183.205078,4185.0,4179.487305,4170.0,4150.0,4201.538574
4206.025879,4151.282227000001,4197.307617,4210.0,4187.692383,4200.128418,4192.436035,4185.384765999999,4178.205078,4188.589844,4182.692383,4173.461426,4160.384765999999,4208.077147999999
4202.692383,4155.769043,4197.307617,4209.102539,4185.128418,4210.769043,4203.846191,4190.897461,4187.436035,4187.436035,4180.384765999999,4172.05127,4158.333496,4208.974121
4207.179688,4155.897461,4197.94873,4210.256348,4181.538574,4212.307617,4207.94873,4209.743652,4200.128418,4189.743652,4179.102539,4172.94873,4154.102539,4212.563965
4212.563965,4152.05127,4198.589844,4210.897461,4190.384765999999,4210.256348,4196.282227000001,4214.871582,4203.589844,4194.102539,4180.641113000001,4177.05127,4158.589844,4216.025879
4204.358886999999,4146.282227000001,4190.897461,4206.410156,4200.256348,4214.743652,4191.410156,4196.153809,4195.512695,4187.692383,4172.307617,4173.717772999999,4156.794922,4207.94873
4203.589844,4154.743652,4190.897461,4208.333496,4203.205078,4216.666504,4190.128418,4202.820313,4201.025879,4188.333496,4166.666504,4168.717772999999,4156.666504,4204.743652
4209.743652,4162.05127,4195.769043,4208.589844,4193.589844,4205.256348,4194.358886999999,4242.436035,4218.333496,4195.0,4168.461426,4169.230957,4162.179688,4210.0
4201.282227000001,4150.512695,4187.94873,4198.333496,4178.717772999999,4196.282227000001,4203.846191,4258.205078,4216.410156,4191.025879,4164.358886999999,4165.641113000001,4159.743652,4209.102539
4192.179688,4138.846191,4178.846191,4192.179688,4177.05127,4203.589844,4201.153809,4226.666504,4194.102539,4180.641113000001,4153.461426,4157.436035,4150.512695,4201.794922
4198.333496,4141.153809,4178.461426,4195.128418,4182.563965,4205.384765999999,4189.871582,4188.717772999999,4175.641113000001,4174.358886999999,4144.743652,4155.512695,4143.974121,4198.333496
4210.769043,4151.153809,4184.102539,4201.282227000001,4186.153809,4194.230957,4188.077147999999,4192.436035,4177.692383,4179.871582,4151.410156,4164.871582,4150.384765999999,4208.077147999999
4218.717772999999,4157.307617,4192.563965,4205.512695,4183.974121,4190.769043,4190.512695,4210.384765999999,4182.05127,4186.794922,4165.769043,4178.205078,4162.820313,4220.0
4215.128418,4150.641113000001,4196.410156,4201.282227000001,4175.897461,4196.153809,4193.205078,4195.897461,4174.230957,4180.897461,4165.512695,4180.128418,4163.077147999999,4219.615234000001
4213.974121,4145.897461,4198.077147999999,4198.846191,4177.05127,4198.205078,4199.871582,4188.846191,4171.794922,4178.333496,4164.230957,4174.102539,4161.666504,4222.436035
4221.922852000001,4151.922852000001,4203.205078,4199.615234000001,4178.717772999999,4198.461426,4202.692383,4205.0,4176.794922,4184.358886999999,4175.256348,4178.205078,4167.692383,4231.410156
4225.384765999999,4155.128418,4205.0,4200.0,4174.358886999999,4199.358886999999,4200.128418,4213.205078,4185.512695,4185.384765999999,4177.820313,4186.410156,4175.769043,4229.358886999999
4222.05127,4153.717772999999,4198.205078,4203.589844,4177.692383,4194.358886999999,4187.05127,4212.692383,4198.205078,4185.384765999999,4169.487305,4181.794922,4172.94873,4220.641113000001
4215.128418,4148.461426,4186.282227000001,4198.974121,4178.846191,4194.743652,4182.820313,4204.487305,4202.307617,4188.333496,4165.128418,4171.794922,4157.692383,4215.512695
4208.077147999999,4144.743652,4177.05127,4191.538574,4178.333496,4211.922852000001,4201.666504,4203.205078,4207.307617,4194.230957,4166.538574,4169.871582,4155.0,4213.717772999999
4208.846191,4150.256348,4177.436035,4196.282227000001,4187.307617,4220.0,4206.153809,4227.436035,4224.871582,4202.179688,4172.436035,4173.717772999999,4168.205078,4216.794922
4214.230957,4153.717772999999,4181.153809,4199.615234000001,4188.974121,4210.384765999999,4194.615234000001,4236.794922,4227.05127,4202.436035,4178.461426,4176.794922,4170.128418,4219.487305
4213.205078,4148.589844,4180.384765999999,4193.077147999999,4178.974121,4206.794922,4199.358886999999,4220.769043,4211.282227000001,4197.563965,4181.666504,4178.205078,4167.820313,4216.794922
4213.461426,4150.0,4183.205078,4194.102539,4179.358886999999,4211.922852000001,4211.282227000001,4226.282227000001,4205.128418,4198.077147999999,4186.153809,4181.666504,4177.820313,4220.769043
4219.102539,4156.794922,4194.358886999999,4202.94873,4183.589844,4211.922852000001,4214.487305,4237.94873,4198.205078,4194.358886999999,4188.589844,4186.794922,4176.666504,4226.538574
4223.974121,4156.922852000001,4200.256348,4203.333496,4180.256348,4200.512695,4209.871582,4220.0,4180.512695,4183.717772999999,4187.563965,4191.410156,4174.615234000001,4226.666504
4234.487305,4165.256348,4205.641113000001,4209.230957,4188.333496,4195.641113000001,4209.102539,4198.333496,4175.641113000001,4188.205078,4195.769043,4198.717772999999,4196.282227000001,4239.102539
4242.94873,4177.179688,4218.846191,4221.666504,4199.102539,4202.179688,4217.179688,4193.077147999999,4185.384765999999,4204.743652,4210.384765999999,4203.717772999999,4215.128418,4256.025879
4240.897461,4172.820313,4221.410156,4221.922852000001,4196.282227000001,4194.487305,4212.05127,4201.538574,4194.230957,4213.717772999999,4216.794922,4201.282227000001,4222.436035,4252.692383
4238.461426,4172.179688,4215.769043,4220.897461,4198.205078,4188.077147999999,4197.436035,4222.563965,4203.205078,4216.922852000001,4216.922852000001,4199.230957,4234.743652,4242.94873
4236.794922,4177.179688,4213.589844,4223.974121,4203.589844,4199.743652,4195.384765999999,4232.692383,4207.436035,4215.641113000001,4214.230957,4196.025879,4234.487305,4241.666504
4229.487305,4169.102539,4208.846191,4219.615234000001,4199.615234000001,4207.563965,4197.563965,4224.230957,4209.358886999999,4213.077147999999,4210.769043,4189.871582,4218.461426,4234.358886999999
4224.871582,4163.461426,4205.0,4217.563965,4201.282227000001,4209.358886999999,4200.128418,4231.282227000001,4223.846191,4222.94873,4214.230957,4187.563965,4221.153809,4226.025879
4219.743652,4162.05127,4200.512695,4216.538574,4204.358886999999,4217.179688,4208.333496,4247.307617,4235.0,4227.05127,4208.589844,4181.153809,4225.0,4219.102539
4207.692383,4152.05127,4188.846191,4204.230957,4198.589844,4227.436035,4214.230957,4237.692383,4225.384765999999,4212.563965,4191.666504,4169.743652,4212.05127,4206.794922
4199.871582,4142.94873,4178.974121,4191.794922,4195.897461,4230.512695,4214.230957,4223.333496,4212.05127,4202.307617,4188.077147999999,4166.410156,4209.102539,4202.05127
4199.102539,4138.846191,4180.512695,4188.589844,4194.102539,4220.897461,4214.358886999999,4233.333496,4209.358886999999,4200.897461,4193.846191,4172.436035,4214.487305,4209.487305
4204.487305,4140.128418,4190.256348,4194.102539,4188.589844,4209.743652,4213.333496,4239.102539,4208.974121,4201.410156,4199.230957,4177.692383,4217.05127,4220.128418
4214.487305,4147.94873,4197.94873,4198.077147999999,4186.025879,4205.512695,4208.205078,4219.102539,4197.563965,4199.487305,4201.794922,4182.563965,4225.256348,4222.179688
4220.641113000001,4153.333496,4199.102539,4196.538574,4188.846191,4202.436035,4202.307617,4204.487305,4181.794922,4192.05127,4201.153809,4186.666504,4226.922852000001,4222.563965
4222.94873,4152.820313,4201.282227000001,4200.128418,4193.333496,4197.692383,4196.538574,4202.179688,4176.538574,4188.205078,4203.589844,4190.256348,4209.615234000001,4227.94873
4229.487305,4163.205078,4211.153809,4209.358886999999,4199.615234000001,4197.436035,4192.692383,4202.563965,4184.743652,4195.128418,4212.94873,4200.256348,4200.512695,4233.974121
4236.282227000001,4179.358886999999,4220.128418,4217.820313,4206.025879,4197.820313,4192.307617,4214.871582,4200.384765999999,4206.282227000001,4221.794922,4209.871582,4213.589844,4240.769043
4232.563965,4172.563965,4214.358886999999,4215.641113000001,4199.487305,4191.538574,4190.256348,4217.179688,4202.05127,4203.205078,4215.0,4205.384765999999,4219.487305,4240.0
4230.512695,4165.128418,4210.769043,4212.563965,4194.871582,4198.333496,4190.897461,4210.0,4195.512695,4197.436035,4206.666504,4198.333496,4217.94873,4233.974121
4233.974121,4178.717772999999,4218.205078,4217.179688,4203.077147999999,4213.077147999999,4195.256348,4226.666504,4208.333496,4208.077147999999,4210.897461,4199.615234000001,4224.358886999999,4235.641113000001
4228.333496,4178.589844,4211.794922,4215.512695,4198.589844,4205.0,4191.410156,4237.820313,4222.820313,4216.666504,4211.794922,4201.153809,4222.94873,4234.615234000001
4218.205078,4160.897461,4197.05127,4205.641113000001,4187.436035,4195.128418,4195.128418,4232.05127,4222.179688,4211.794922,4203.974121,4198.205078,4211.922852000001,4223.461426
4211.538574,4154.487305,4192.94873,4200.512695,4190.0,4206.153809,4211.922852000001,4239.230957,4216.538574,4201.282227000001,4195.641113000001,4190.128418,4198.846191,4213.846191
4208.717772999999,4158.974121,4193.846191,4201.410156,4196.282227000001,4217.05127,4218.589844,4237.94873,4214.487305,4197.436035,4195.256348,4183.461426,4191.025879,4214.358886999999
4210.897461,4160.641113000001,4195.128418,4200.641113000001,4197.179688,4214.358886999999,4219.358886999999,4228.846191,4220.0,4208.589844,4202.94873,4188.974121,4192.563965,4218.461426
4213.333496,4161.922852000001,4197.820313,4200.128418,4195.512695,4211.282227000001,4223.077147999999,4247.563965,4225.384765999999,4218.205078,4207.692383,4195.512695,4193.205078,4219.615234000001
4215.128418,4168.846191,4199.487305,4208.589844,4201.538574,4219.487305,4216.794922,4251.666504,4224.487305,4218.717772999999,4209.871582,4192.436035,4200.897461,4221.538574
4215.769043,4173.333496,4201.666504,4218.846191,4211.282227000001,4222.436035,4207.436035,4224.102539,4220.641113000001,4217.692383,4210.897461,4187.179688,4210.512695,4229.102539
4219.743652,4173.205078,4205.897461,4219.487305,4211.922852000001,4213.974121,4210.256348,4223.205078,4217.307617,4215.769043,4210.897461,4187.820313,4208.846191,4234.102539
4225.897461,4179.230957,4207.820313,4214.871582,4208.589844,4204.615234000001,4206.410156,4234.615234000001,4211.794922,4209.871582,4212.820313,4190.512695,4204.615234000001,4231.153809
4220.641113000001,4179.871582,4202.563965,4211.922852000001,4203.589844,4196.666504,4194.743652,4212.692383,4199.230957,4200.384765999999,4207.820313,4189.487305,4200.128418,4226.538574
4212.307617,4171.282227000001,4198.717772999999,4214.102539,4199.230957,4202.436035,4197.563965,4196.794922,4190.128418,4194.358886999999,4202.05127,4186.410156,4193.717772999999,4223.717772999999
4220.128418,4174.615234000001,4202.820313,4219.102539,4203.077147999999,4208.846191,4192.563965,4208.333496,4196.282227000001,4198.333496,4207.436035,4187.692383,4193.717772999999,4222.692383
4228.461426,4184.102539,4207.179688,4220.384765999999,4204.358886999999,4197.307617,4177.563965,4222.563965,4211.538574,4208.974121,4213.846191,4192.692383,4199.487305,4227.179688
4218.589844,4179.230957,4203.077147999999,4219.102539,4197.307617,4194.743652,4188.461426,4232.692383,4220.256348,4217.179688,4212.94873,4191.025879,4197.692383,4228.333496
4203.589844,4165.384765999999,4191.538574,4210.641113000001,4189.743652,4207.05127,4206.153809,4229.743652,4214.743652,4211.410156,4204.871582,4181.153809,4186.282227000001,4215.769043
4200.256348,4161.666504,4184.358886999999,4200.769043,4190.641113000001,4211.538574,4200.897461,4222.179688,4210.384765999999,4204.358886999999,4198.461426,4178.461426,4180.641113000001,4204.615234000001
4201.666504,4165.769043,4186.153809,4198.974121,4197.179688,4212.307617,4197.436035,4229.743652,4219.230957,4214.230957,4200.256348,4184.871582,4187.820313,4203.461426
4198.077147999999,4158.333496,4184.871582,4197.179688,4195.897461,4207.94873,4206.153809,4238.974121,4225.384765999999,4216.922852000001,4199.487305,4183.717772999999,4187.563965,4199.358886999999
4195.128418,4151.538574,4181.666504,4192.179688,4189.743652,4199.615234000001,4211.025879,4232.820313,4217.307617,4204.487305,4195.256348,4176.794922,4178.589844,4196.538574
4195.512695,4158.077147999999,4182.05127,4190.256348,4184.743652,4205.0,4210.897461,4212.436035,4199.743652,4197.307617,4194.102539,4174.871582,4180.0,4199.102539
4199.871582,4163.974121,4187.05127,4195.256348,4191.666504,4204.358886999999,4203.846191,4206.794922,4193.077147999999,4197.94873,4195.128418,4173.717772999999,4188.333496,4202.05127
4213.333496,4168.974121,4198.077147999999,4207.307617,4202.436035,4189.615234000001,4195.897461,4223.846191,4202.94873,4206.538574,4202.94873,4177.820313,4195.897461,4211.922852000001
4223.077147999999,4178.589844,4204.871582,4214.743652,4198.589844,4192.179688,4195.256348,4228.974121,4211.153809,4214.743652,4212.307617,4188.461426,4200.769043,4223.717772999999
4217.563965,4179.102539,4200.512695,4210.384765999999,4193.846191,4202.820313,4194.487305,4219.615234000001,4207.307617,4209.230957,4208.205078,4189.358886999999,4195.897461,4219.743652
4212.05127,4171.794922,4194.102539,4204.743652,4200.512695,4201.025879,4187.820313,4205.512695,4193.589844,4198.846191,4195.897461,4180.897461,4185.0,4207.820313
4212.05127,4171.794922,4190.641113000001,4206.282227000001,4206.282227000001,4207.692383,4186.922852000001,4192.307617,4188.205078,4195.769043,4190.128418,4177.05127,4181.666504,4202.563965
4203.205078,4170.641113000001,4187.563965,4205.512695,4204.102539,4219.102539,4196.410156,4204.615234000001,4203.077147999999,4196.538574,4189.230957,4176.410156,4181.922852000001,4198.717772999999
4191.282227000001,4161.794922,4181.666504,4195.512695,4201.282227000001,4213.974121,4203.205078,4230.769043,4219.743652,4198.846191,4184.871582,4172.307617,4173.205078,4191.025879
4196.666504,4165.0,4185.384765999999,4193.846191,4203.205078,4216.153809,4210.641113000001,4242.563965,4227.820313,4207.307617,4187.563965,4171.922852000001,4175.128418,4193.077147999999
4209.102539,4175.641113000001,4199.102539,4203.589844,4207.179688,4223.846191,4216.538574,4246.282227000001,4230.512695,4215.641113000001,4199.871582,4180.0,4192.05127,4208.205078
4210.128418,4176.153809,4204.743652,4207.436035,4205.897461,4215.769043,4220.256348,4238.461426,4219.230957,4212.820313,4206.666504,4188.846191,4196.410156,4215.0
4208.846191,4176.025879,4204.230957,4207.692383,4202.436035,4215.769043,4229.487305,4229.487305,4208.333496,4208.846191,4206.666504,4191.410156,4194.230957,4212.820313
4213.077147999999,4178.077147999999,4207.436035,4210.512695,4205.641113000001,4222.563965,4223.333496,4236.538574,4213.461426,4210.769043,4207.179688,4191.025879,4202.307617,4215.897461
4217.307617,4180.769043,4211.666504,4214.487305,4209.871582,4214.871582,4213.205078,4235.384765999999,4214.358886999999,4211.538574,4209.230957,4197.563965,4208.461426,4223.205078
4220.512695,4191.922852000001,4211.538574,4220.897461,4211.794922,4206.538574,4210.897461,4216.538574,4205.0,4208.461426,4212.05127,4202.307617,4208.717772999999,4226.794922
4222.05127,4199.487305,4212.179688,4225.769043,4212.179688,4206.922852000001,4195.256348,4211.794922,4204.102539,4206.538574,4208.846191,4195.384765999999,4212.820313,4222.05127
4213.333496,4189.230957,4209.615234000001,4220.0,4208.589844,4205.0,4188.077147999999,4221.666504,4209.743652,4205.512695,4199.230957,4185.0,4211.153809,4208.717772999999
4196.922852000001,4174.743652,4193.717772999999,4206.282227000001,4205.641113000001,4205.641113000001,4199.743652,4206.538574,4201.153809,4198.333496,4189.615234000001,4178.333496,4198.717772999999,4195.384765999999
4192.05127,4177.94873,4182.820313,4203.846191,4213.077147999999,4219.102539,4208.589844,4195.512695,4201.922852000001,4199.743652,4187.179688,4175.897461,4195.897461,4197.692383
4197.307617,4183.717772999999,4185.641113000001,4210.128418,4216.922852000001,4228.589844,4214.743652,4220.128418,4224.102539,4212.307617,4188.333496,4172.05127,4196.025879,4202.307617
4193.717772999999,4176.025879,4184.615234000001,4203.589844,4205.0,4222.436035,4222.436035,4234.230957,4229.358886999999,4208.846191,4182.563965,4169.871582,4185.0,4193.461426
4190.512695,4177.179688,4182.820313,4200.0,4204.615234000001,4222.05127,4222.307617,4234.743652,4223.333496,4202.179688,4182.692383,4175.512695,4187.436035,4194.743652
4194.230957,4185.769043,4190.128418,4208.974121,4217.179688,4223.205078,4215.641113000001,4232.94873,4220.769043,4205.0,4189.358886999999,4181.025879,4193.461426,4206.794922
4196.025879,4185.0,4193.077147999999,4210.0,4216.538574,4216.666504,4215.897461,4215.769043,4207.179688,4201.538574,4184.871582,4180.256348,4183.461426,4204.487305
4198.974121,4186.025879,4192.436035,4204.871582,4210.512695,4213.974121,4210.256348,4207.94873,4201.666504,4200.641113000001,4181.922852000001,4183.717772999999,4186.282227000001,4202.179688
4203.205078,4191.153809,4195.512695,4205.641113000001,4212.307617,4203.846191,4194.615234000001,4221.922852000001,4210.384765999999,4206.282227000001,4188.589844,4185.641113000001,4197.307617,4209.487305
4200.769043,4188.461426,4194.358886999999,4206.794922,4216.153809,4193.461426,4196.538574,4224.487305,4204.487305,4199.615234000001,4182.436035,4175.769043,4187.563965,4205.256348
4199.487305,4185.256348,4191.794922,4204.358886999999,4210.897461,4202.179688,4208.846191,4219.102539,4193.974121,4190.769043,4168.077147999999,4171.666504,4179.615234000001,4197.307617
4207.05127,4191.666504,4198.333496,4205.256348,4204.230957,4202.307617,4198.974121,4222.05127,4202.436035,4201.282227000001,4173.077147999999,4183.205078,4190.0,4209.615234000001
4216.025879,4198.974121,4205.384765999999,4213.717772999999,4206.922852000001,4187.692383,4180.641113000001,4204.358886999999,4211.025879,4211.153809,4181.794922,4190.128418,4199.102539,4222.820313
4215.384765999999,4190.769043,4200.512695,4213.974121,4205.0,4196.794922,4192.820313,4191.922852000001,4205.769043,4200.128418,4169.358886999999,4181.153809,4200.128418,4213.205078
4210.256348,4177.563965,4191.282227000001,4200.897461,4196.025879,4212.692383,4210.256348,4214.615234000001,4202.94873,4193.077147999999,4159.743652,4171.410156,4198.333496,4204.487305
4210.0,4178.589844,4189.487305,4194.743652,4197.179688,4206.666504,4201.794922,4223.974121,4214.230957,4203.846191,4168.974121,4171.666504,4192.692383,4213.077147999999
4210.512695,4185.512695,4190.128418,4199.358886999999,4204.871582,4206.666504,4194.230957,4203.077147999999,4222.692383,4209.743652,4172.820313,4172.692383,4187.179688,4216.922852000001
4209.487305,4184.615234000001,4190.384765999999,4201.025879,4205.512695,4219.743652,4204.358886999999,4197.820313,4218.974121,4202.05127,4170.0,4170.512695,4185.641113000001,4211.666504
4209.358886999999,4177.820313,4188.846191,4198.077147999999,4200.769043,4215.769043,4210.256348,4212.692383,4214.871582,4197.307617,4173.717772999999,4168.974121,4183.461426,4210.641113000001
4215.384765999999,4182.563965,4192.436035,4199.743652,4197.820313,4201.922852000001,4204.487305,4220.641113000001,4220.641113000001,4206.666504,4181.538574,4173.077147999999,4190.256348,4215.897461
4223.717772999999,4195.897461,4203.077147999999,4206.025879,4197.307617,4206.282227000001,4212.563965,4235.897461,4227.05127,4215.256348,4187.692383,4181.410156,4203.461426,4218.589844
4222.94873,4195.128418,4205.384765999999,4206.025879,4196.282227000001,4214.743652,4226.282227000001,4243.846191,4218.461426,4205.512695,4188.717772999999,4179.743652,4201.153809,4217.05127
4220.769043,4191.666504,4203.846191,4207.820313,4202.94873,4213.846191,4216.666504,4213.461426,4204.743652,4196.794922,4191.282227000001,4173.589844,4199.615234000001,4218.333496
4223.205078,4194.487305,4207.692383,4210.769043,4208.333496,4208.846191,4199.358886999999,4182.820313,4198.205078,4198.461426,4192.94873,4177.05127,4202.692383,4216.922852000001
4231.538574,4199.358886999999,4216.538574,4212.692383,4205.128418,4202.179688,4199.871582,4195.641113000001,4205.128418,4207.563965,4199.230957,4188.333496,4205.128418,4220.769043
4233.333496,4202.820313,4219.230957,4215.0,4203.205078,4200.128418,4213.205078,4213.589844,4212.94873,4215.384765999999,4211.282227000001,4193.333496,4214.743652,4229.230957
4220.512695,4195.769043,4208.461426,4208.717772999999,4200.512695,4205.256348,4216.025879,4203.077147999999,4206.922852000001,4208.333496,4212.307617,4190.769043,4222.307617,4225.641113000001
4220.641113000001,4191.025879,4207.05127,4206.025879,4205.512695,4218.077147999999,4213.589844,4211.666504,4218.717772999999,4214.102539,4219.358886999999,4195.128418,4232.94873,4227.05127
4231.922852000001,4192.05127,4215.128418,4211.153809,4212.820313,4222.307617,4215.512695,4237.692383,4239.358886999999,4235.512695,4233.589844,4202.692383,4245.128418,4238.717772999999
4227.94873,4188.077147999999,4212.820313,4211.025879,4210.897461,4218.461426,4213.589844,4237.307617,4234.230957,4236.666504,4230.641113000001,4199.487305,4241.538574,4236.282227000001
4214.871582,4185.512695,4204.615234000001,4205.641113000001,4210.512695,4221.410156,4215.641113000001,4244.743652,4231.025879,4226.282227000001,4220.641113000001,4185.641113000001,4230.256348,4222.05127
4208.205078,4185.0,4198.846191,4201.410156,4213.974121,4225.256348,4228.461426,4262.692383,4242.307617,4225.128418,4220.641113000001,4177.692383,4225.641113000001,4216.282227000001
4205.641113000001,4183.589844,4198.077147999999,4201.666504,4213.461426,4223.461426,4231.410156,4248.461426,4239.230957,4227.563965,4223.974121,4183.974121,4228.717772999999,4219.102539
4203.077147999999,4181.794922,4199.615234000001,4202.436035,4208.846191,4214.230957,4212.436035,4227.94873,4226.410156,4224.743652,4223.461426,4188.589844,4231.282227000001,4218.846191
4201.538574,4180.256348,4197.179688,4201.025879,4205.0,4207.820313,4208.333496,4230.128418,4224.102539,4218.205078,4220.0,4181.794922,4225.256348,4214.358886999999
4202.563965,4182.05127,4195.769043,4200.128418,4204.615234000001,4209.871582,4222.563965,4224.743652,4222.563965,4214.358886999999,4218.846191,4174.871582,4219.230957,4213.333496
4206.025879,4185.897461,4198.077147999999,4201.153809,4207.563965,4207.820313,4214.230957,4207.179688,4213.205078,4213.077147999999,4220.641113000001,4177.820313,4223.205078,4216.282227000001
4210.128418,4189.743652,4198.205078,4204.102539,4214.358886999999,4207.94873,4199.615234000001,4199.871582,4208.461426,4214.358886999999,4222.94873,4185.769043,4227.94873,4218.589844
4213.077147999999,4193.333496,4198.077147999999,4203.589844,4220.641113000001,4216.025879,4206.410156,4197.820313,4211.666504,4218.589844,4222.692383,4189.102539,4223.205078,4220.384765999999
4211.153809,4192.05127,4198.333496,4198.589844,4222.05127,4215.769043,4211.538574,4196.282227000001,4213.205078,4217.307617,4218.974121,4180.769043,4212.820313,4217.307617
4210.512695,4192.436035,4201.538574,4204.615234000001,4228.205078,4218.846191,4209.487305,4206.794922,4218.846191,4218.717772999999,4218.717772999999,4173.205078,4214.615234000001,4215.641113000001
4213.461426,4196.153809,4202.820313,4212.436035,4230.769043,4229.743652,4215.897461,4226.282227000001,4231.282227000001,4227.563965,4222.563965,4176.025879,4225.256348,4218.077147999999
4212.179688,4194.487305,4198.461426,4206.282227000001,4221.282227000001,4228.077147999999,4225.769043,4243.077147999999,4240.256348,4230.128418,4219.230957,4177.563965,4221.794922,4214.487305
4206.922852000001,4194.102539,4197.692383,4202.307617,4219.487305,4219.358886999999,4229.230957,4245.384765999999,4238.974121,4227.179688,4214.102539,4173.333496,4209.487305,4209.230957
4199.230957,4189.871582,4195.641113000001,4201.410156,4219.102539,4215.384765999999,4230.512695,4237.05127,4225.769043,4224.230957,4211.922852000001,4165.897461,4199.487305,4204.743652
4191.922852000001,4181.025879,4186.666504,4196.666504,4209.743652,4220.769043,4230.641113000001,4230.512695,4211.153809,4217.436035,4206.794922,4159.743652,4190.384765999999,4194.871582
4189.102539,4182.94873,4184.102539,4194.871582,4208.333496,4221.410156,4219.230957,4232.563965,4207.820313,4209.102539,4200.641113000001,4160.769043,4185.769043,4193.461426
4197.820313,4194.230957,4195.769043,4200.256348,4213.333496,4203.461426,4207.307617,4232.307617,4210.256348,4211.666504,4203.205078,4168.461426,4196.025879,4205.256348
4212.307617,4200.897461,4208.461426,4207.94873,4212.307617,4196.410156,4213.461426,4221.794922,4212.307617,4224.615234000001,4216.538574,4178.077147999999,4212.307617,4216.794922
4212.179688,4193.846191,4206.666504,4207.179688,4205.897461,4213.974121,4220.0,4222.563965,4216.794922,4229.743652,4222.692383,4180.769043,4215.897461,4217.820313
4202.94873,4187.179688,4198.077147999999,4201.538574,4207.436035,4219.102539,4211.666504,4225.128418,4218.333496,4224.487305,4216.025879,4175.897461,4211.794922,4209.230957
4207.692383,4195.897461,4196.153809,4205.641113000001,4216.666504,4207.820313,4196.282227000001,4198.333496,4211.153809,4225.384765999999,4214.743652,4176.410156,4212.05127,4205.128418
4218.461426,4208.461426,4200.256348,4214.871582,4222.05127,4213.846191,4190.769043,4171.666504,4206.282227000001,4228.205078,4217.05127,4181.025879,4210.769043,4209.358886999999
4217.563965,4210.384765999999,4206.153809,4215.0,4227.436035,4231.666504,4209.102539,4196.922852000001,4214.358886999999,4221.666504,4217.05127,4179.487305,4207.94873,4213.717772999999
4210.256348,4207.179688,4208.077147999999,4208.205078,4231.153809,4230.897461,4224.615234000001,4232.05127,4225.512695,4215.0,4216.025879,4177.05127,4207.436035,4215.128418
4209.102539,4205.512695,4204.102539,4207.05127,4226.282227000001,4219.615234000001,4221.282227000001,4229.102539,4229.358886999999,4219.487305,4215.512695,4177.692383,4208.077147999999,4213.846191
4207.179688,4197.692383,4200.256348,4206.153809,4217.436035,4221.666504,4224.358886999999,4220.0,4226.153809,4220.384765999999,4211.666504,4171.282227000001,4202.436035,4206.153809
4195.769043,4192.94873,4197.436035,4198.974121,4216.153809,4233.205078,4237.436035,4222.436035,4216.410156,4206.922852000001,4204.871582,4166.025879,4190.897461,4198.846191
4193.717772999999,4202.05127,4199.358886999999,4199.230957,4226.538574,4238.846191,4233.333496,4228.077147999999,4210.769043,4203.461426,4206.282227000001,4173.974121,4191.282227000001,4206.538574
4214.358886999999,4213.333496,4212.436035,4211.153809,4234.358886999999,4221.922852000001,4211.282227000001,4227.307617,4219.230957,4219.743652,4219.230957,4183.077147999999,4209.358886999999,4219.743652
4232.563965,4221.410156,4228.974121,4222.820313,4229.487305,4203.589844,4213.717772999999,4233.717772999999,4231.025879,4233.333496,4234.615234000001,4190.128418,4228.077147999999,4228.077147999999
4228.846191,4226.538574,4229.358886999999,4224.871582,4219.743652,4207.179688,4228.333496,4242.05127,4228.717772999999,4230.256348,4238.077147999999,4197.436035,4233.461426,4233.205078
4220.0,4224.358886999999,4220.769043,4220.769043,4219.743652,4215.769043,4220.256348,4226.666504,4216.538574,4223.205078,4233.589844,4198.333496,4231.410156,4233.717772999999
4220.384765999999,4222.563965,4222.436035,4220.897461,4228.974121,4217.692383,4211.666504,4202.179688,4213.717772999999,4227.94873,4232.563965,4194.871582,4231.282227000001,4227.05127
4217.692383,4226.153809,4220.384765999999,4221.410156,4231.794922,4216.025879,4212.05127,4191.666504,4217.94873,4231.922852000001,4230.512695,4195.0,4227.05127,4218.846191
4211.922852000001,4226.410156,4213.461426,4222.05127,4229.743652,4217.692383,4206.410156,4215.641113000001,4227.94873,4230.128418,4229.487305,4198.205078,4224.358886999999,4222.436035
4215.384765999999,4223.974121,4220.641113000001,4226.153809,4236.025879,4225.256348,4203.333496,4244.230957,4237.94873,4234.615234000001,4234.487305,4199.102539,4228.205078,4229.615234000001
4217.05127,4225.128418,4226.282227000001,4223.461426,4242.692383,4236.025879,4208.974121,4222.307617,4227.179688,4238.974121,4234.615234000001,4196.410156,4227.05127,4222.820313
4212.307617,4228.077147999999,4221.538574,4218.974121,4241.282227000001,4240.384765999999,4215.769043,4204.102539,4221.666504,4237.692383,4231.410156,4195.897461,4226.538574,4216.153809
4210.512695,4225.769043,4220.128418,4221.922852000001,4234.487305,4234.102539,4223.205078,4235.769043,4235.769043,4235.769043,4232.94873,4199.102539,4230.641113000001,4218.717772999999
4207.563965,4219.358886999999,4217.05127,4218.589844,4232.94873,4229.102539,4221.153809,4233.717772999999,4223.846191,4223.974121,4230.256348,4198.077147999999,4225.769043,4215.256348
4203.205078,4221.538574,4213.077147999999,4212.179688,4237.820313,4225.641113000001,4219.230957,4206.410156,4206.025879,4215.641113000001,4223.846191,4192.692383,4217.94873,4211.153809
4207.05127,4228.717772999999,4218.846191,4219.102539,4233.589844,4216.025879,4226.666504,4224.487305,4221.025879,4224.487305,4225.128418,4194.871582,4220.769043,4218.077147999999
4220.256348,4238.333496,4232.307617,4235.384765999999,4227.692383,4207.179688,4220.512695,4232.436035,4236.666504,4237.436035,4238.846191,4206.666504,4236.666504,4229.487305
4221.666504,4242.436035,4234.102539,4238.461426,4226.538574,4206.282227000001,4201.282227000001,4213.077147999999,4229.487305,4238.333496,4244.230957,4212.179688,4246.153809,4230.256348
4205.256348,4227.820313,4220.512695,4225.256348,4222.94873,4211.282227000001,4197.692383,4217.94873,4221.538574,4224.487305,4226.025879,4200.128418,4228.205078,4216.666504
4192.05127,4217.820313,4210.512695,4218.846191,4225.897461,4218.717772999999,4206.153809,4219.102539,4220.769043,4215.897461,4216.025879,4187.307617,4208.717772999999,4202.05127
4196.282227000001,4228.077147999999,4212.05127,4222.94873,4234.615234000001,4218.846191,4198.846191,4201.666504,4221.025879,4225.384765999999,4228.974121,4191.538574,4217.692383,4201.153809
4203.717772999999,4232.563965,4214.102539,4225.769043,4236.410156,4216.922852000001,4191.666504,4205.897461,4223.205078,4235.384765999999,4234.487305,4201.153809,4228.846191,4207.94873
4198.333496,4224.871582,4209.743652,4223.077147999999,4237.563965,4226.025879,4205.512695,4221.538574,4225.0,4232.179688,4224.743652,4200.641113000001,4221.410156,4206.922852000001
4194.102539,4226.666504,4208.077147999999,4220.769043,4244.102539,4228.205078,4220.128418,4233.461426,4231.282227000001,4230.384765999999,4221.922852000001,4201.153809,4219.743652,4203.974121
4195.512695,4228.077147999999,4206.282227000001,4219.230957,4241.922852000001,4219.230957,4223.589844,4247.820313,4235.769043,4230.256348,4223.589844,4203.205078,4222.179688,4202.436035
4190.256348,4214.743652,4201.025879,4212.307617,4229.102539,4214.871582,4216.282227000001,4237.692383,4215.641113000001,4213.077147999999,4212.307617,4196.538574,4207.05127,4195.769043
4191.666504,4215.384765999999,4206.410156,4213.205078,4227.563965,4213.589844,4204.358886999999,4206.282227000001,4195.256348,4200.769043,4205.897461,4197.436035,4200.641113000001,4198.589844
4201.538574,4227.820313,4216.025879,4222.307617,4232.307617,4208.589844,4206.153809,4202.436035,4203.461426,4209.871582,4216.538574,4207.692383,4214.871582,4209.615234000001
4200.128418,4222.05127,4211.922852000001,4218.974121,4225.641113000001,4200.641113000001,4216.153809,4218.717772999999,4211.922852000001,4213.846191,4220.0,4206.025879,4216.794922,4204.615234000001
4194.743652,4217.179688,4207.692383,4211.794922,4224.615234000001,4203.333496,4218.846191,4222.05127,4210.641113000001,4215.384765999999,4217.436035,4202.05127,4211.666504,4195.769043
4195.641113000001,4227.692383,4213.974121,4217.436035,4231.025879,4212.820313,4207.436035,4215.512695,4212.94873,4224.615234000001,4222.692383,4208.077147999999,4218.974121,4201.922852000001
4200.769043,4236.922852000001,4219.358886999999,4228.333496,4230.512695,4213.589844,4192.436035,4209.487305,4214.871582,4226.282227000001,4226.153809,4211.794922,4227.05127,4208.205078
4209.358886999999,4240.0,4223.333496,4232.94873,4232.05127,4211.922852000001,4194.871582,4200.769043,4215.128418,4223.974121,4223.333496,4211.025879,4227.563965,4207.179688
4211.922852000001,4239.102539,4225.512695,4228.974121,4235.512695,4215.128418,4205.512695,4199.102539,4221.282227000001,4227.05127,4221.538574,4214.743652,4224.230957,4206.025879
4206.922852000001,4244.358886999999,4222.307617,4229.615234000001,4240.128418,4223.589844,4213.205078,4218.974121,4234.230957,4234.230957,4224.102539,4217.179688,4225.897461,4208.461426
4197.05127,4241.025879,4212.94873,4229.871582,4238.205078,4227.94873,4221.794922,4233.846191,4234.871582,4231.153809,4218.974121,4208.333496,4223.333496,4203.846191
4188.717772999999,4221.666504,4201.666504,4216.538574,4226.794922,4226.666504,4223.333496,4222.94873,4217.436035,4213.974121,4205.512695,4198.333496,4208.974121,4191.794922
4187.563965,4217.436035,4197.563965,4207.692383,4227.692383,4222.05127,4215.897461,4212.179688,4202.05127,4200.384765999999,4194.358886999999,4197.307617,4198.205078,4185.641113000001
4189.230957,4229.358886999999,4199.871582,4215.0,4233.333496,4212.307617,4219.615234000001,4221.025879,4200.897461,4196.153809,4185.384765999999,4195.897461,4194.102539,4184.358886999999
4190.641113000001,4241.153809,4205.256348,4225.128418,4228.717772999999,4208.846191,4230.384765999999,4227.436035,4204.358886999999,4195.897461,4180.641113000001,4191.282227000001,4192.307617,4183.589844
4193.461426,4253.589844,4208.846191,4227.692383,4231.794922,4208.333496,4214.615234000001,4208.846191,4198.974121,4195.256348,4179.615234000001,4189.358886999999,4191.922852000001,4186.282227000001
4191.922852000001,4253.974121,4202.94873,4222.820313,4241.538574,4198.717772999999,4193.077147999999,4191.410156,4191.410156,4190.0,4171.538574,4188.717772999999,4186.153809,4185.128418
4191.025879,4244.358886999999,4198.846191,4220.769043,4234.615234000001,4197.05127,4200.512695,4197.820313,4194.358886999999,4187.563965,4165.897461,4187.05127,4181.666504,4183.589844
4198.717772999999,4244.743652,4205.128418,4224.102539,4219.743652,4198.589844,4205.641113000001,4211.410156,4205.0,4198.974121,4172.692383,4185.769043,4188.333496,4193.077147999999
4205.897461,4252.94873,4211.025879,4225.769043,4223.205078,4196.410156,4194.358886999999,4210.384765999999,4213.717772999999,4214.102539,4182.05127,4186.922852000001,4197.436035,4200.128418
4207.692383,4254.871582,4210.256348,4228.077147999999,4236.025879,4215.641113000001,4197.179688,4204.230957,4217.05127,4218.846191,4189.102539,4189.358886999999,4204.358886999999,4198.461426
4207.820313,4251.282227000001,4204.615234000001,4231.025879,4233.461426,4240.897461,4207.307617,4211.153809,4215.128418,4214.487305,4190.641113000001,4188.974121,4206.410156,4197.307617
4211.922852000001,4249.358886999999,4206.153809,4233.333496,4224.358886999999,4250.769043,4210.641113000001,4220.384765999999,4217.436035,4211.666504,4190.384765999999,4190.0,4206.410156,4200.384765999999
4214.230957,4248.589844,4208.589844,4231.794922,4224.102539,4264.102539,4209.102539,4201.922852000001,4216.153809,4206.282227000001,4189.615234000001,4189.102539,4201.922852000001,4197.94873
4209.487305,4245.0,4202.94873,4223.461426,4223.205078,4275.512695,4203.717772999999,4182.307617,4205.256348,4198.717772999999,4183.717772999999,4183.333496,4195.641113000001,4191.666504
4208.846191,4242.94873,4199.871582,4220.897461,4217.94873,4272.307617,4202.563965,4197.179688,4203.974121,4201.153809,4181.410156,4180.641113000001,4200.512695,4192.179688
4211.282227000001,4243.077147999999,4200.256348,4222.820313,4217.179688,4274.230957,4209.102539,4207.692383,4206.025879,4199.743652,4182.179688,4180.128418,4204.102539,4195.128418
4210.512695,4244.487305,4201.794922,4226.410156,4220.897461,4283.205078,4216.153809,4208.461426,4208.077147999999,4194.102539,4184.102539,4181.153809,4206.410156,4198.717772999999
4207.94873,4245.512695,4204.743652,4230.128418,4221.922852000001,4277.307617,4208.205078,4220.0,4216.025879,4198.589844,4190.256348,4184.230957,4211.666504,4199.358886999999
4204.871582,4242.436035,4203.077147999999,4226.025879,4215.769043,4273.077147999999,4198.846191,4221.282227000001,4216.025879,4201.025879,4193.333496,4181.410156,4201.922852000001,4191.922852000001
4204.230957,4241.282227000001,4199.615234000001,4222.436035,4214.743652,4280.0,4205.0,4209.102539,4210.897461,4200.769043,4192.179688,4176.153809,4190.769043,4184.871582
4210.512695,4246.153809,4204.230957,4225.256348,4221.025879,4274.615234000001,4200.769043,4193.333496,4212.307617,4207.307617,4196.794922,4182.94873,4205.769043,4191.410156
4218.589844,4253.205078,4216.922852000001,4231.153809,4225.897461,4267.820313,4191.025879,4187.05127,4217.436035,4215.769043,4205.512695,4194.615234000001,4227.692383,4203.717772999999
4219.102539,4257.307617,4221.538574,4235.128418,4221.025879,4272.692383,4202.179688,4197.179688,4218.461426,4216.410156,4205.897461,4192.820313,4226.538574,4202.94873
4217.94873,4258.333496,4214.743652,4235.384765999999,4216.153809,4276.025879,4209.358886999999,4208.974121,4215.769043,4213.205078,4203.717772999999,4189.871582,4223.205078,4199.102539
4220.128418,4258.589844,4211.410156,4235.128418,4227.820313,4282.436035,4198.974121,4208.974121,4221.410156,4219.102539,4213.077147999999,4198.077147999999,4234.102539,4206.153809
4212.563965,4251.794922,4208.461426,4226.794922,4234.871582,4286.538574,4207.563965,4201.666504,4225.769043,4222.692383,4215.897461,4199.230957,4232.692383,4201.025879
4202.179688,4243.461426,4201.153809,4217.563965,4225.769043,4282.307617,4229.871582,4209.871582,4220.897461,4218.974121,4206.666504,4189.358886999999,4221.410156,4185.641113000001
4206.153809,4245.769043,4203.077147999999,4222.179688,4226.666504,4284.871582,4226.922852000001,4216.025879,4211.282227000001,4215.512695,4203.461426,4186.282227000001,4217.820313,4184.871582
4210.0,4250.384765999999,4209.102539,4227.563965,4230.256348,4285.641113000001,4215.897461,4197.05127,4197.307617,4206.666504,4204.358886999999,4188.846191,4212.05127,4187.820313
4208.589844,4251.282227000001,4211.922852000001,4226.153809,4224.743652,4270.256348,4219.743652,4196.282227000001,4194.871582,4201.538574,4204.743652,4190.0,4212.179688,4188.717772999999
4210.769043,4253.846191,4213.589844,4227.436035,4223.205078,4257.94873,4212.692383,4218.461426,4205.641113000001,4207.692383,4209.102539,4191.922852000001,4223.333496,4195.769043
4215.128418,4261.282227000001,4218.846191,4234.615234000001,4230.897461,4263.974121,4191.794922,4211.410156,4215.384765999999,4219.871582,4220.128418,4197.307617,4233.589844,4202.563965
4217.179688,4264.230957,4221.153809,4237.179688,4234.230957,4270.641113000001,4186.538574,4186.538574,4217.94873,4225.0,4226.666504,4198.717772999999,4237.307617,4203.461426
4213.974121,4254.230957,4211.794922,4227.820313,4230.897461,4266.410156,4194.102539,4191.410156,4214.102539,4213.846191,4218.974121,4192.307617,4227.307617,4198.333496
4213.461426,4247.94873,4207.307617,4224.358886999999,4232.436035,4268.333496,4205.384765999999,4214.615234000001,4222.05127,4210.128418,4215.641113000001,4189.615234000001,4218.077147999999,4193.333496
4215.128418,4251.666504,4212.94873,4227.179688,4233.974121,4277.307617,4214.743652,4221.153809,4241.025879,4224.487305,4223.974121,4190.897461,4223.974121,4193.589844
4205.0,4250.384765999999,4206.922852000001,4220.128418,4228.333496,4271.025879,4208.974121,4208.717772999999,4238.974121,4224.871582,4218.846191,4183.717772999999,4224.615234000001,4186.794922
4181.922852000001,4243.461426,4185.384765999999,4208.205078,4223.333496,4262.179688,4202.563965,4187.94873,4213.205078,4203.333496,4194.743652,4167.692383,4205.128418,4163.717772999999
4174.358886999999,4238.205078,4178.974121,4205.897461,4221.538574,4265.128418,4210.641113000001,4194.102539,4204.487305,4193.205078,4183.717772999999,4163.461426,4193.717772999999,4153.333496
4193.974121,4245.384765999999,4197.820313,4214.871582,4223.205078,4264.102539,4215.512695,4215.897461,4218.717772999999,4203.846191,4199.358886999999,4177.436035,4210.641113000001,4173.077147999999
4205.641113000001,4257.179688,4211.538574,4223.205078,4222.563965,4257.436035,4211.794922,4206.794922,4218.205078,4211.538574,4212.94873,4188.589844,4228.205078,4189.615234000001
4201.153809,4258.461426,4209.743652,4223.974121,4219.102539,4255.384765999999,4213.717772999999,4198.717772999999,4206.025879,4207.307617,4209.871582,4187.94873,4229.487305,4186.922852000001
4203.846191,4261.025879,4212.05127,4225.512695,4221.922852000001,4258.333496,4213.461426,4210.512695,4206.153809,4207.436035,4208.846191,4186.025879,4233.717772999999,4186.410156
4212.05127,4269.102539,4217.563965,4234.743652,4227.05127,4253.461426,4198.077147999999,4194.487305,4204.615234000001,4208.589844,4211.025879,4187.563965,4239.871582,4187.563965
4208.077147999999,4267.692383,4217.307617,4240.128418,4228.846191,4252.05127,4187.692383,4162.307617,4191.538574,4200.0,4207.179688,4187.692383,4230.384765999999,4180.897461
4202.436035,4258.846191,4221.282227000001,4234.487305,4233.717772999999,4256.410156,4191.922852000001,4175.641113000001,4193.461426,4198.717772999999,4205.512695,4188.589844,4218.077147999999,4179.230957
4208.974121,4254.743652,4226.282227000001,4229.871582,4232.94873,4251.153809,4196.282227000001,4209.230957,4214.230957,4212.436035,4206.922852000001,4190.0,4214.358886999999,4185.512695
4217.05127,4254.871582,4223.846191,4231.282227000001,4220.769043,4249.230957,4204.871582,4217.05127,4230.897461,4219.743652,4207.94873,4188.333496,4209.615234000001,4189.871582
4212.94873,4251.794922,4213.717772999999,4224.615234000001,4210.512695,4252.179688,4210.0,4203.717772999999,4230.641113000001,4211.922852000001,4206.794922,4187.307617,4206.410156,4188.333496
4197.820313,4243.589844,4201.153809,4210.256348,4206.282227000001,4251.410156,4208.077147999999,4191.794922,4220.769043,4204.743652,4199.871582,4183.589844,4207.436035,4183.717772999999
4190.128418,4240.769043,4196.666504,4207.820313,4209.230957,4252.563965,4216.282227000001,4223.077147999999,4227.94873,4209.358886999999,4199.487305,4181.153809,4208.589844,4183.461426
4184.230957,4239.871582,4193.333496,4208.717772999999,4213.461426,4257.179688,4222.94873,4241.025879,4233.717772999999,4209.615234000001,4201.282227000001,4175.512695,4203.717772999999,4177.05127
4171.666504,4232.307617,4183.589844,4203.205078,4212.563965,4262.05127,4219.358886999999,4191.794922,4211.025879,4201.153809,4194.487305,4163.461426,4196.794922,4161.922852000001
4166.410156,4229.358886999999,4179.743652,4201.282227000001,4212.820313,4264.743652,4218.846191,4160.769043,4192.563965,4199.871582,4196.666504,4162.05127,4199.487305,4160.512695
4179.358886999999,4240.128418,4192.94873,4210.641113000001,4219.615234000001,4260.769043,4220.384765999999,4196.282227000001,4208.589844,4211.794922,4210.128418,4174.358886999999,4213.846191,4175.641113000001
4201.666504,4253.461426,4215.256348,4225.384765999999,4227.692383,4254.871582,4213.589844,4227.820313,4228.589844,4223.205078,4218.974121,4184.102539,4229.358886999999,4188.717772999999
4219.487305,4263.846191,4230.0,4234.871582,4229.615234000001,4254.487305,4202.820313,4212.94873,4221.538574,4226.282227000001,4223.974121,4190.256348,4238.205078,4197.436035
4231.538574,4277.05127,4235.384765999999,4241.025879,4231.025879,4252.436035,4199.871582,4198.205078,4215.769043,4230.769043,4235.897461,4201.922852000001,4246.410156,4209.743652
4227.94873,4273.077147999999,4232.307617,4238.974121,4225.769043,4238.461426,4198.461426,4199.102539,4217.05127,4226.922852000001,4235.384765999999,4200.769043,4243.589844,4208.846191
4209.743652,4249.230957,4219.871582,4223.717772999999,4216.410156,4226.794922,4189.871582,4194.871582,4206.282227000001,4208.846191,4216.282227000001,4186.282227000001,4226.922852000001,4191.025879
4195.128418,4236.666504,4208.205078,4213.077147999999,4217.563965,4228.077147999999,4187.179688,4199.871582,4203.333496,4202.94873,4208.846191,4178.717772999999,4220.128418,4180.641113000001
4183.205078,4231.410156,4199.358886999999,4208.974121,4211.410156,4229.871582,4201.153809,4207.05127,4211.538574,4205.641113000001,4210.512695,4174.358886999999,4215.0,4177.436035
4168.589844,4223.717772999999,4191.922852000001,4204.358886999999,4203.846191,4234.230957,4214.487305,4204.615234000001,4212.05127,4199.358886999999,4202.94873,4170.256348,4200.0,4170.641113000001
4162.05127,4224.487305,4188.589844,4204.230957,4213.846191,4242.94873,4210.641113000001,4203.589844,4208.461426,4192.563965,4194.102539,4171.025879,4189.102539,4163.846191
4178.205078,4234.102539,4195.641113000001,4211.666504,4218.461426,4245.0,4201.538574,4200.256348,4211.666504,4195.769043,4198.077147999999,4177.94873,4191.538574,4168.077147999999
4202.436035,4245.256348,4212.179688,4220.641113000001,4211.922852000001,4247.820313,4211.025879,4201.153809,4221.025879,4206.666504,4210.641113000001,4184.615234000001,4207.307617,4181.410156
4208.717772999999,4250.512695,4220.512695,4223.333496,4212.94873,4258.717772999999,4234.102539,4223.077147999999,4227.436035,4215.128418,4217.692383,4188.461426,4223.333496,4189.358886999999
4195.769043,4244.871582,4212.563965,4216.282227000001,4217.692383,4263.205078,4238.589844,4230.641113000001,4221.153809,4215.0,4217.563965,4189.615234000001,4220.384765999999,4182.94873
4180.384765999999,4231.410156,4199.871582,4203.846191,4214.615234000001,4256.538574,4220.897461,4200.256348,4203.846191,4201.794922,4208.077147999999,4181.282227000001,4200.128418,4171.153809
4174.615234000001,4227.179688,4195.128418,4198.461426,4210.641113000001,4243.589844,4207.179688,4190.256348,4194.615234000001,4183.077147999999,4195.0,4170.256348,4187.307617,4165.256348
4183.974121,4245.512695,4208.333496,4216.282227000001,4218.589844,4231.794922,4200.384765999999,4204.871582,4200.128418,4187.307617,4200.0,4177.05127,4201.025879,4171.666504
4203.461426,4266.538574,4223.846191,4238.205078,4229.230957,4229.743652,4183.846191,4186.153809,4200.897461,4206.025879,4215.384765999999,4196.922852000001,4222.563965,4187.436035
4216.153809,4267.563965,4225.769043,4240.128418,4230.897461,4227.307617,4170.769043,4183.205078,4204.871582,4211.794922,4221.666504,4204.102539,4231.794922,4199.358886999999
4212.94873,4255.897461,4222.179688,4229.743652,4224.102539,4220.0,4183.846191,4222.692383,4218.717772999999,4210.641113000001,4220.641113000001,4201.025879,4228.846191,4198.461426
4201.666504,4240.897461,4217.692383,4218.717772999999,4212.436035,4221.922852000001,4201.538574,4224.230957,4215.256348,4204.871582,4211.282227000001,4197.692383,4213.846191,4185.641113000001
4195.256348,4234.743652,4214.743652,4210.769043,4207.307617,4235.512695,4209.102539,4202.05127,4208.333496,4200.769043,4204.871582,4191.153809,4205.384765999999,4176.538574
4183.717772999999,4235.128418,4207.692383,4203.846191,4206.538574,4240.641113000001,4217.179688,4214.102539,4215.769043,4196.922852000001,4204.102539,4187.179688,4206.410156,4173.974121
4165.769043,4226.410156,4198.333496,4200.384765999999,4202.94873,4239.487305,4226.410156,4228.205078,4219.102539,4190.897461,4200.897461,4190.128418,4198.974121,4168.846191
4166.282227000001,4221.153809,4197.179688,4202.692383,4202.436035,4246.282227000001,4231.666504,4220.641113000001,4215.512695,4197.436035,4200.512695,4190.256348,4192.94873,4165.384765999999
4174.871582,4222.563965,4194.743652,4197.820313,4199.230957,4243.461426,4229.871582,4207.307617,4208.846191,4205.0,4196.666504,4181.794922,4196.410156,4163.846191
4176.538574,4223.589844,4189.487305,4192.820313,4197.307617,4233.974121,4224.743652,4200.512695,4201.666504,4199.743652,4190.512695,4181.538574,4201.282227000001,4167.94873
4180.897461,4229.615234000001,4195.384765999999,4201.410156,4209.230957,4234.615234000001,4212.436035,4207.307617,4202.692383,4197.436035,4196.153809,4195.256348,4203.333496,4177.94873
4190.256348,4239.487305,4205.512695,4213.205078,4220.384765999999,4232.179688,4201.794922,4209.487305,4204.358886999999,4202.692383,4202.179688,4200.384765999999,4203.846191,4181.538574
4193.077147999999,4246.666504,4208.205078,4221.025879,4222.436035,4228.717772999999,4205.128418,4195.897461,4200.384765999999,4201.282227000001,4196.538574,4194.615234000001,4208.717772999999,4177.307617
4187.692383,4248.589844,4209.743652,4222.692383,4227.94873,4227.820313,4203.205078,4188.205078,4196.410156,4194.487305,4192.563965,4191.922852000001,4209.615234000001,4173.461426
4188.205078,4248.846191,4213.717772999999,4220.641113000001,4231.410156,4218.461426,4190.256348,4188.589844,4197.692383,4196.538574,4199.358886999999,4195.641113000001,4204.358886999999,4172.436035
4193.846191,4243.846191,4215.897461,4219.615234000001,4217.436035,4207.94873,4191.025879,4198.461426,4210.0,4205.384765999999,4205.0,4199.358886999999,4201.538574,4175.128418
4190.0,4230.128418,4213.333496,4211.410156,4199.230957,4211.538574,4215.641113000001,4221.538574,4216.538574,4201.922852000001,4199.615234000001,4198.589844,4196.538574,4176.794922
4190.256348,4226.922852000001,4214.230957,4206.153809,4201.922852000001,4223.974121,4231.025879,4226.153809,4210.128418,4197.563965,4203.461426,4197.563965,4199.743652,4184.487305
4203.717772999999,4236.410156,4218.846191,4210.641113000001,4207.307617,4224.615234000001,4209.358886999999,4206.922852000001,4213.717772999999,4213.589844,4219.743652,4199.487305,4217.307617,4196.410156
4204.743652,4236.025879,4215.384765999999,4212.05127,4197.436035,4217.563965,4193.205078,4205.512695,4224.102539,4226.794922,4220.128418,4200.641113000001,4227.436035,4193.205078
4191.794922,4225.256348,4211.538574,4206.153809,4196.153809,4224.358886999999,4213.846191,4221.410156,4221.538574,4220.384765999999,4210.128418,4197.820313,4221.538574,4180.897461
4184.743652,4217.820313,4210.0,4197.820313,4204.102539,4234.743652,4222.436035,4213.717772999999,4209.615234000001,4209.230957,4204.487305,4190.897461,4213.589844,4174.230957
4182.820313,4217.179688,4205.128418,4194.358886999999,4204.615234000001,4233.461426,4209.102539,4195.641113000001,4207.179688,4205.256348,4198.717772999999,4187.94873,4211.410156,4174.102539
4180.897461,4221.538574,4202.05127,4199.615234000001,4204.615234000001,4229.615234000001,4210.256348,4196.153809,4210.512695,4205.641113000001,4194.743652,4193.974121,4212.179688,4180.384765999999
4184.487305,4227.436035,4203.717772999999,4204.615234000001,4210.384765999999,4231.666504,4213.077147999999,4203.717772999999,4207.94873,4204.615234000001,4192.94873,4195.641113000001,4216.282227000001,4187.05127
4189.102539,4230.512695,4205.512695,4205.897461,4211.538574,4224.487305,4204.230957,4199.487305,4198.846191,4200.897461,4185.897461,4188.974121,4217.307617,4184.230957
4190.512695,4231.922852000001,4205.897461,4207.307617,4205.128418,4207.307617,4202.05127,4201.538574,4192.94873,4196.282227000001,4178.205078,4187.94873,4203.717772999999,4179.230957
4199.487305,4241.153809,4212.692383,4211.410156,4206.922852000001,4204.743652,4207.820313,4217.820313,4199.743652,4197.692383,4181.922852000001,4196.025879,4193.461426,4190.384765999999
4208.974121,4249.230957,4220.512695,4214.230957,4209.743652,4207.94873,4196.922852000001,4208.717772999999,4198.717772999999,4201.282227000001,4190.0,4199.487305,4204.615234000001,4204.487305
4206.282227000001,4241.794922,4216.282227000001,4212.179688,4201.794922,4200.384765999999,4177.05127,4188.974121,4192.563965,4201.794922,4188.333496,4194.615234000001,4217.436035,4205.0
4199.487305,4231.666504,4208.461426,4206.538574,4195.897461,4197.179688,4179.615234000001,4195.256348,4200.512695,4201.410156,4182.692383,4189.230957,4214.102539,4200.641113000001
4195.256348,4223.974121,4203.205078,4198.333496,4189.871582,4203.846191,4198.077147999999,4193.461426,4200.0,4195.897461,4175.512695,4183.846191,4201.025879,4195.512695
4192.05127,4216.153809,4198.461426,4193.846191,4185.384765999999,4214.615234000001,4211.410156,4179.743652,4188.717772999999,4189.615234000001,4171.538574,4181.538574,4194.871582,4187.307617
4188.077147999999,4207.563965,4193.461426,4189.230957,4186.410156,4217.05127,4214.487305,4191.538574,4190.897461,4185.512695,4172.563965,4179.102539,4194.615234000001,4179.743652
4183.205078,4196.282227000001,4189.615234000001,4177.307617,4180.512695,4206.794922,4214.487305,4202.563965,4194.487305,4179.487305,4168.974121,4173.974121,4186.794922,4174.743652
4184.615234000001,4201.282227000001,4190.897461,4178.461426,4177.436035,4209.615234000001,4219.871582,4193.589844,4190.256348,4181.153809,4168.461426,4173.461426,4185.256348,4175.641113000001
4189.871582,4216.794922,4192.307617,4192.692383,4183.717772999999,4221.025879,4221.794922,4188.717772999999,4186.025879,4180.128418,4170.897461,4172.94873,4191.025879,4177.307617
4194.230957,4223.205078,4192.94873,4201.666504,4188.205078,4213.333496,4207.179688,4180.128418,4177.179688,4169.358886999999,4169.487305,4168.333496,4188.461426,4177.179688
4200.256348,4228.205078,4198.461426,4205.897461,4188.846191,4199.743652,4195.256348,4172.307617,4177.94873,4168.846191,4170.128418,4169.743652,4189.102539,4180.0
4205.512695,4236.794922,4208.717772999999,4212.692383,4193.974121,4205.897461,4201.538574,4198.205078,4196.666504,4181.153809,4179.743652,4180.384765999999,4197.692383,4187.820313
4213.461426,4245.0,4217.436035,4222.692383,4204.487305,4218.077147999999,4202.436035,4210.769043,4201.538574,4191.025879,4193.717772999999,4188.077147999999,4199.743652,4200.384765999999
4217.307617,4245.897461,4215.641113000001,4223.333496,4206.025879,4210.769043,4182.179688,4162.436035,4180.384765999999,4190.897461,4197.692383,4188.717772999999,4195.256348,4206.666504
4207.820313,4241.410156,4206.282227000001,4212.94873,4196.282227000001,4197.179688,4169.102539,4144.230957,4175.769043,4186.666504,4193.333496,4188.717772999999,4191.282227000001,4198.974121
4202.563965,4236.794922,4202.307617,4208.333496,4192.692383,4200.256348,4181.538574,4196.666504,4199.487305,4188.333496,4193.589844,4187.94873,4183.846191,4190.769043
4212.436035,4234.743652,4208.077147999999,4211.922852000001,4196.794922,4205.897461,4191.794922,4214.358886999999,4211.666504,4194.102539,4201.025879,4188.205078,4180.512695,4195.0
4217.179688,4232.563965,4213.077147999999,4211.922852000001,4196.410156,4206.794922,4195.0,4188.205078,4202.94873,4196.025879,4201.794922,4188.077147999999,4185.769043,4197.94873
4210.0,4228.846191,4210.384765999999,4206.922852000001,4197.94873,4212.563965,4204.615234000001,4196.282227000001,4200.256348,4191.410156,4194.102539,4182.563965,4185.384765999999,4189.615234000001
4207.436035,4228.333496,4208.205078,4202.307617,4201.025879,4211.025879,4219.615234000001,4222.820313,4204.358886999999,4186.153809,4192.436035,4177.94873,4183.589844,4186.153809
4208.717772999999,4223.974121,4208.846191,4197.94873,4193.333496,4202.436035,4232.179688,4227.820313,4201.025879,4185.384765999999,4193.974121,4177.94873,4191.025879,4191.025879
4202.94873,4218.077147999999,4202.692383,4195.256348,4186.410156,4202.820313,4224.358886999999,4198.717772999999,4186.666504,4183.589844,4185.641113000001,4172.05127,4192.692383,4186.538574
4201.922852000001,4227.563965,4203.077147999999,4201.153809,4196.666504,4212.179688,4204.487305,4158.717772999999,4173.846191,4181.794922,4182.94873,4164.487305,4190.128418,4181.666504
4208.974121,4240.256348,4214.102539,4213.333496,4207.05127,4213.461426,4192.05127,4166.025879,4183.333496,4187.436035,4196.794922,4168.846191,4198.333496,4191.794922
4210.769043,4245.897461,4214.615234000001,4218.333496,4206.410156,4203.205078,4188.461426,4195.512695,4199.871582,4195.256348,4207.436035,4181.025879,4206.410156,4200.641113000001
4212.179688,4253.461426,4211.538574,4216.410156,4209.615234000001,4202.563965,4191.538574,4192.820313,4199.615234000001,4199.358886999999,4206.410156,4186.282227000001,4204.615234000001,4198.205078
4213.333496,4252.179688,4212.05127,4210.769043,4206.794922,4202.307617,4188.077147999999,4178.846191,4183.589844,4189.615234000001,4197.436035,4179.230957,4196.025879,4192.307617
4215.512695,4247.179688,4213.077147999999,4211.153809,4201.025879,4193.846191,4179.871582,4188.077147999999,4182.436035,4184.358886999999,4196.666504,4177.820313,4199.871582,4194.230957
4227.307617,4259.743652,4222.692383,4224.743652,4213.974121,4197.436035,4179.743652,4194.615234000001,4199.358886999999,4201.282227000001,4215.384765999999,4190.128418,4222.179688,4207.563965
4233.461426,4266.025879,4229.487305,4228.846191,4220.512695,4205.769043,4183.846191,4195.384765999999,4201.282227000001,4210.897461,4225.769043,4195.769043,4231.410156,4215.769043
4221.153809,4251.538574,4220.384765999999,4215.769043,4209.358886999999,4202.436035,4195.512695,4203.205078,4193.077147999999,4200.128418,4213.077147999999,4186.922852000001,4215.128418,4204.487305
4207.563965,4240.512695,4209.358886999999,4205.512695,4208.077147999999,4200.769043,4210.641113000001,4199.358886999999,4187.820313,4188.717772999999,4197.436035,4175.512695,4195.769043,4187.563965
4208.205078,4238.461426,4210.641113000001,4209.230957,4214.615234000001,4210.769043,4213.333496,4201.666504,4193.333496,4190.641113000001,4195.384765999999,4173.077147999999,4193.589844,4186.282227000001
4208.333496,4239.358886999999,4212.820313,4214.230957,4209.358886999999,4213.717772999999,4213.461426,4207.05127,4203.077147999999,4200.641113000001,4199.487305,4177.05127,4202.179688,4193.461426
4201.794922,4239.358886999999,4206.153809,4208.717772999999,4203.461426,4209.230957,4218.077147999999,4194.487305,4202.94873,4200.512695,4198.205078,4177.05127,4205.512695,4190.769043
4205.0,4241.153809,4205.512695,4208.589844,4212.692383,4215.897461,4209.358886999999,4184.743652,4198.974121,4193.077147999999,4195.0,4177.05127,4206.410156,4188.846191
4215.0,4248.717772999999,4213.461426,4217.94873,4224.358886999999,4225.512695,4192.436035,4190.256348,4196.153809,4194.871582,4197.563965,4183.717772999999,4211.794922,4196.666504
4218.333496,4252.692383,4216.410156,4220.769043,4224.871582,4216.794922,4197.94873,4204.230957,4200.128418,4202.436035,4202.563965,4188.077147999999,4213.589844,4199.871582
4220.128418,4254.487305,4217.05127,4221.410156,4218.333496,4198.717772999999,4213.846191,4221.666504,4207.94873,4204.102539,4207.563965,4187.05127,4216.282227000001,4197.94873
4226.153809,4258.589844,4220.256348,4226.410156,4214.615234000001,4196.666504,4199.743652,4212.436035,4204.615234000001,4202.05127,4213.205078,4189.102539,4225.641113000001,4202.179688
4228.846191,4261.025879,4221.794922,4228.333496,4220.512695,4209.743652,4180.512695,4181.538574,4195.897461,4202.436035,4217.179688,4192.820313,4229.871582,4208.717772999999
4225.128418,4257.692383,4221.153809,4225.256348,4222.94873,4211.282227000001,4193.333496,4178.077147999999,4194.615234000001,4202.820313,4215.512695,4192.94873,4225.897461,4208.717772999999
4223.333496,4252.563965,4218.333496,4220.256348,4216.794922,4202.94873,4204.615234000001,4188.333496,4198.333496,4207.05127,4215.769043,4196.025879,4227.563965,4204.871582
4225.128418,4252.692383,4214.871582,4218.461426,4218.974121,4212.307617,4198.205078,4199.358886999999,4212.820313,4223.077147999999,4227.94873,4202.307617,4239.743652,4205.384765999999
4221.025879,4249.743652,4212.179688,4216.025879,4224.871582,4219.487305,4200.256348,4213.205078,4228.205078,4231.666504,4233.846191,4202.692383,4241.922852000001,4205.256348
4212.307617,4244.615234000001,4208.461426,4209.871582,4221.666504,4207.307617,4210.512695,4215.0,4226.153809,4223.333496,4222.563965,4198.461426,4230.512695,4200.0
4211.025879,4240.641113000001,4203.589844,4202.563965,4216.538574,4209.102539,4215.256348,4208.589844,4221.666504,4213.974121,4212.692383,4197.179688,4219.487305,4192.05127
4214.102539,4239.230957,4201.666504,4202.692383,4221.153809,4226.153809,4216.794922,4204.743652,4224.743652,4212.94873,4213.333496,4198.974121,4218.717772999999,4190.256348
4217.563965,4246.666504,4210.256348,4213.589844,4232.563965,4226.282227000001,4211.410156,4203.077147999999,4226.538574,4222.563965,4219.358886999999,4203.846191,4232.179688,4200.384765999999
4217.307617,4247.692383,4214.615234000001,4215.641113000001,4232.94873,4218.205078,4207.179688,4205.897461,4223.461426,4224.871582,4215.384765999999,4204.358886999999,4230.384765999999,4202.307617
4213.333496,4235.641113000001,4206.282227000001,4206.153809,4225.384765999999,4221.153809,4218.205078,4227.05127,4219.871582,4209.358886999999,4203.846191,4198.461426,4209.487305,4187.563965
4214.230957,4234.743652,4204.743652,4206.794922,4224.358886999999,4215.384765999999,4217.820313,4240.769043,4218.717772999999,4204.102539,4207.436035,4201.794922,4213.077147999999,4183.974121
4218.333496,4244.358886999999,4209.615234000001,4214.102539,4223.461426,4203.205078,4199.102539,4214.358886999999,4208.205078,4208.846191,4215.641113000001,4211.794922,4235.128418,4195.384765999999
4216.794922,4245.256348,4208.461426,4214.743652,4222.94873,4210.769043,4197.563965,4188.717772999999,4197.436035,4207.05127,4214.487305,4209.230957,4233.205078,4200.128418
4209.230957,4241.025879,4202.563965,4209.230957,4223.846191,4217.563965,4208.974121,4198.974121,4197.563965,4203.974121,4212.179688,4198.077147999999,4212.179688,4194.743652
4207.563965,4243.333496,4199.743652,4208.077147999999,4222.820313,4206.666504,4205.769043,4200.512695,4192.692383,4199.358886999999,4212.179688,4197.820313,4201.922852000001,4191.153809
4216.538574,4251.410156,4205.769043,4219.102539,4227.05127,4202.436035,4200.512695,4188.974121,4195.512695,4203.333496,4217.692383,4209.615234000001,4208.974121,4199.358886999999
4221.794922,4256.025879,4213.205078,4227.05127,4230.641113000001,4206.282227000001,4202.563965,4198.205078,4215.384765999999,4218.846191,4225.641113000001,4215.769043,4217.436035,4209.615234000001
4218.589844,4254.487305,4214.230957,4222.05127,4233.333496,4208.077147999999,4208.717772999999,4198.974121,4223.461426,4225.0,4225.897461,4208.461426,4216.282227000001,4207.692383
4216.153809,4254.743652,4215.641113000001,4221.922852000001,4241.666504,4210.512695,4212.692383,4193.205078,4224.871582,4226.025879,4225.384765999999,4206.794922,4214.615234000001,4203.205078
4219.230957,4261.282227000001,4223.589844,4232.436035,4245.769043,4214.102539,4204.743652,4216.282227000001,4242.94873,4238.717772999999,4232.692383,4216.282227000001,4231.410156,4208.077147999999
4218.717772999999,4261.153809,4223.589844,4229.487305,4240.384765999999,4221.025879,4205.0,4232.436035,4251.410156,4245.384765999999,4232.179688,4215.384765999999,4250.256348,4207.179688
4205.769043,4238.589844,4206.410156,4206.538574,4229.102539,4215.897461,4217.820313,4223.589844,4228.974121,4221.666504,4213.077147999999,4201.153809,4237.94873,4188.333496
4193.333496,4217.436035,4193.205078,4190.384765999999,4216.282227000001,4201.666504,4226.538574,4223.333496,4207.692383,4195.256348,4197.94873,4194.230957,4213.333496,4171.666504
4191.025879,4218.846191,4195.128418,4190.384765999999,4212.94873,4208.846191,4236.538574,4216.282227000001,4198.717772999999,4187.436035,4196.282227000001,4196.666504,4200.897461,4172.179688
4192.436035,4226.538574,4198.974121,4193.846191,4222.307617,4220.897461,4237.05127,4202.179688,4190.128418,4186.538574,4199.743652,4199.743652,4191.282227000001,4179.615234000001
4194.871582,4227.436035,4200.769043,4197.820313,4227.820313,4212.179688,4221.538574,4215.256348,4188.077147999999,4187.05127,4205.256348,4204.615234000001,4185.128418,4185.641113000001
4194.102539,4224.615234000001,4201.410156,4197.820313,4219.615234000001,4205.0,4215.641113000001,4216.153809,4183.846191,4183.589844,4201.666504,4203.846191,4188.333496,4188.974121
4198.461426,4232.94873,4207.05127,4202.05127,4223.333496,4218.205078,4217.692383,4181.666504,4179.871582,4185.641113000001,4198.333496,4204.615234000001,4197.94873,4197.179688
4215.0,4251.538574,4221.410156,4218.333496,4245.512695,4222.563965,4202.563965,4173.846191,4192.692383,4203.077147999999,4215.384765999999,4222.179688,4208.589844,4210.897461
4222.563965,4259.230957,4227.820313,4227.179688,4246.538574,4198.461426,4185.256348,4195.641113000001,4207.692383,4218.589844,4230.512695,4232.94873,4216.666504,4217.179688
4215.256348,4257.94873,4224.230957,4226.153809,4237.179688,4184.615234000001,4186.282227000001,4202.692383,4216.922852000001,4224.743652,4228.846191,4224.487305,4233.461426,4217.05127
4208.846191,4252.820313,4219.358886999999,4221.666504,4242.307617,4195.256348,4192.05127,4198.974121,4222.94873,4225.128418,4224.230957,4215.769043,4246.282227000001,4214.102539
4200.641113000001,4242.820313,4209.743652,4211.922852000001,4238.974121,4204.743652,4193.846191,4192.820313,4220.512695,4220.641113000001,4218.461426,4212.563965,4236.025879,4203.589844
4189.230957,4236.794922,4201.025879,4204.102539,4227.307617,4205.384765999999,4200.641113000001,4196.025879,4219.358886999999,4216.794922,4210.512695,4206.794922,4225.512695,4195.128418
4182.692383,4229.358886999999,4198.205078,4197.05127,4224.871582,4205.0,4213.717772999999,4219.230957,4224.743652,4212.436035,4201.410156,4200.769043,4221.025879,4190.128418
4180.0,4220.897461,4196.282227000001,4190.256348,4225.128418,4210.0,4228.077147999999,4229.615234000001,4223.077147999999,4207.05127,4192.94873,4200.769043,4210.769043,4182.820313
4175.641113000001,4215.384765999999,4190.384765999999,4187.692383,4216.922852000001,4208.717772999999,4228.589844,4216.025879,4210.641113000001,4201.794922,4188.974121,4199.102539,4206.410156,4175.256348
4176.282227000001,4212.179688,4189.230957,4186.794922,4213.077147999999,4202.307617,4224.871582,4214.615234000001,4197.692383,4194.230957,4188.333496,4200.128418,4213.461426,4175.0
4190.128418,4219.615234000001,4199.615234000001,4193.846191,4223.333496,4208.589844,4232.692383,4230.512695,4195.641113000001,4195.256348,4195.256348,4214.230957,4224.102539,4190.0
4204.487305,4230.769043,4207.05127,4206.538574,4227.563965,4213.589844,4226.410156,4214.358886999999,4188.974121,4199.102539,4202.820313,4225.0,4227.179688,4205.512695
4203.974121,4232.05127,4207.692383,4209.487305,4220.512695,4200.641113000001,4210.641113000001,4176.538574,4166.794922,4189.230957,4200.769043,4215.769043,4222.05127,4205.897461
4201.282227000001,4235.0,4209.615234000001,4207.563965,4219.358886999999,4189.743652,4203.205078,4166.922852000001,4152.692383,4180.897461,4196.153809,4208.974121,4221.410156,4205.0
4212.692383,4250.0,4215.256348,4216.794922,4231.922852000001,4193.205078,4193.974121,4175.0,4164.615234000001,4188.974121,4200.0,4222.307617,4233.205078,4211.922852000001
4224.871582,4260.769043,4223.461426,4229.615234000001,4242.563965,4202.05127,4186.153809,4179.615234000001,4189.871582,4206.153809,4211.153809,4228.205078,4244.230957,4218.589844
4222.436035,4257.692383,4226.922852000001,4228.333496,4241.153809,4202.05127,4186.538574,4183.205078,4205.384765999999,4214.743652,4212.05127,4219.615234000001,4237.94873,4218.205078
4214.230957,4250.641113000001,4225.128418,4222.94873,4240.384765999999,4189.615234000001,4191.282227000001,4192.436035,4208.205078,4211.410156,4201.666504,4217.94873,4228.846191,4212.179688
4206.666504,4243.461426,4221.538574,4221.025879,4240.0,4179.358886999999,4194.102539,4203.589844,4207.820313,4206.410156,4191.282227000001,4215.897461,4223.846191,4202.307617
4198.717772999999,4238.846191,4215.256348,4215.897461,4230.769043,4181.666504,4194.487305,4205.128418,4210.0,4207.563965,4185.256348,4205.769043,4219.230957,4195.641113000001
4192.820313,4233.461426,4205.641113000001,4210.0,4223.461426,4191.025879,4205.769043,4214.487305,4217.307617,4209.102539,4181.153809,4197.94873,4215.769043,4192.436035
4180.769043,4216.922852000001,4188.717772999999,4195.128418,4217.563965,4197.05127,4224.358886999999,4232.820313,4212.692383,4195.641113000001,4165.769043,4188.846191,4202.563965,4180.128418
4171.282227000001,4209.871582,4177.179688,4183.333496,4214.743652,4204.615234000001,4219.743652,4226.410156,4202.820313,4189.102539,4153.846191,4182.436035,4194.615234000001,4172.563965
4180.769043,4222.179688,4184.871582,4193.461426,4218.974121,4215.641113000001,4202.692383,4199.487305,4205.384765999999,4202.692383,4161.922852000001,4189.871582,4206.282227000001,4182.05127
4189.743652,4220.0,4190.0,4200.0,4213.717772999999,4216.153809,4209.743652,4200.897461,4200.512695,4201.794922,4166.282227000001,4194.102539,4212.179688,4187.179688
4186.153809,4211.538574,4183.205078,4190.128418,4207.563965,4214.230957,4222.05127,4206.410156,4182.05127,4189.615234000001,4163.461426,4189.615234000001,4210.641113000001,4186.538574
4185.769043,4225.128418,4181.410156,4191.153809,4217.820313,4220.769043,4212.563965,4166.794922,4171.153809,4194.871582,4171.666504,4191.282227000001,4221.153809,4193.717772999999
4189.871582,4236.153809,4184.871582,4200.0,4228.717772999999,4227.05127,4203.589844,4151.538574,4174.743652,4201.410156,4177.436035,4191.922852000001,4223.717772999999,4196.410156
4190.641113000001,4225.897461,4183.846191,4197.307617,4223.974121,4219.230957,4208.846191,4195.256348,4185.512695,4195.256348,4171.025879,4184.615234000001,4209.102539,4190.256348
4194.615234000001,4220.769043,4184.487305,4195.512695,4212.94873,4204.102539,4209.230957,4201.666504,4190.256348,4195.0,4171.794922,4182.692383,4207.179688,4190.256348
4204.487305,4232.05127,4193.077147999999,4204.358886999999,4213.077147999999,4202.179688,4207.307617,4179.487305,4193.077147999999,4206.025879,4183.333496,4188.589844,4221.025879,4198.589844
4211.153809,4240.512695,4201.153809,4211.410156,4219.487305,4203.974121,4211.666504,4203.077147999999,4204.871582,4215.897461,4190.897461,4193.717772999999,4229.871582,4206.282227000001
4217.820313,4240.384765999999,4203.589844,4211.538574,4213.077147999999,4194.102539,4215.128418,4223.589844,4214.743652,4221.025879,4193.846191,4197.307617,4225.0,4210.897461
4227.179688,4245.897461,4208.333496,4213.974121,4201.794922,4183.205078,4215.769043,4208.333496,4213.333496,4222.820313,4199.230957,4202.436035,4212.692383,4210.512695
4224.358886999999,4245.769043,4209.743652,4213.205078,4198.077147999999,4174.487305,4203.205078,4206.282227000001,4206.282227000001,4217.692383,4200.384765999999,4205.512695,4197.179688,4203.333496
4206.410156,4227.307617,4198.205078,4200.0,4193.077147999999,4175.256348,4195.897461,4220.641113000001,4200.128418,4210.769043,4192.05127,4202.05127,4187.436035,4195.0
4191.282227000001,4213.461426,4182.563965,4187.563965,4189.871582,4192.94873,4215.897461,4215.128418,4192.05127,4203.717772999999,4184.615234000001,4194.230957,4193.589844,4186.025879
4188.333496,4217.436035,4178.717772999999,4187.94873,4197.179688,4202.307617,4222.820313,4199.230957,4181.410156,4196.538574,4185.128418,4191.794922,4205.512695,4182.563965
4194.871582,4224.230957,4187.307617,4193.333496,4200.897461,4194.487305,4201.666504,4197.94873,4177.05127,4194.358886999999,4187.692383,4193.846191,4205.384765999999,4189.230957
4198.846191,4220.641113000001,4188.205078,4189.230957,4197.05127,4196.025879,4192.307617,4201.025879,4173.333496,4186.410156,4183.077147999999,4190.384765999999,4191.794922,4188.333496
4194.615234000001,4214.230957,4177.94873,4184.615234000001,4198.077147999999,4202.307617,4202.563965,4183.333496,4161.538574,4170.512695,4175.769043,4187.436035,4185.641113000001,4178.205078
4190.512695,4210.0,4172.436035,4184.615234000001,4202.05127,4195.128418,4201.666504,4153.846191,4150.897461,4163.205078,4172.94873,4183.974121,4188.077147999999,4173.333496
4191.922852000001,4208.077147999999,4178.077147999999,4182.307617,4204.230957,4193.077147999999,4197.307617,4154.871582,4157.692383,4171.025879,4173.974121,4183.333496,4183.333496,4177.436035
4199.230957,4216.282227000001,4190.512695,4187.94873,4206.282227000001,4205.384765999999,4211.666504,4195.897461,4189.487305,4195.128418,4188.846191,4195.0,4191.538574,4188.717772999999
4199.230957,4220.256348,4193.846191,4194.615234000001,4200.641113000001,4202.05127,4217.820313,4230.384765999999,4218.974121,4215.897461,4204.615234000001,4203.717772999999,4202.94873,4194.871582
4196.666504,4216.025879,4191.666504,4194.358886999999,4197.436035,4186.538574,4210.128418,4229.487305,4225.256348,4217.820313,4205.512695,4201.794922,4196.666504,4193.461426
4208.205078,4228.846191,4199.871582,4203.077147999999,4208.333496,4190.0,4208.974121,4218.717772999999,4227.307617,4221.282227000001,4210.512695,4207.307617,4207.179688,4201.794922
4218.717772999999,4248.974121,4211.794922,4217.05127,4213.333496,4196.153809,4210.128418,4226.794922,4233.846191,4232.05127,4222.692383,4220.128418,4235.0,4216.410156
4215.769043,4251.410156,4214.358886999999,4222.307617,4213.461426,4189.743652,4210.0,4228.846191,4227.436035,4233.077147999999,4228.717772999999,4222.820313,4237.436035,4219.743652
4212.179688,4244.743652,4209.230957,4219.743652,4220.256348,4188.333496,4208.589844,4200.641113000001,4200.512695,4220.512695,4220.512695,4217.563965,4226.282227000001,4215.0
4215.897461,4247.307617,4205.769043,4217.820313,4221.282227000001,4197.563965,4197.692383,4172.179688,4181.922852000001,4210.256348,4212.179688,4213.846191,4241.025879,4213.077147999999
4216.153809,4250.641113000001,4204.102539,4219.871582,4216.410156,4202.05127,4189.871582,4174.487305,4185.641113000001,4210.641113000001,4214.615234000001,4210.512695,4246.922852000001,4210.897461
4202.05127,4232.436035,4192.563965,4209.358886999999,4207.05127,4194.230957,4203.461426,4189.487305,4181.538574,4200.897461,4202.94873,4201.666504,4208.974121,4195.256348
4189.743652,4213.333496,4181.410156,4191.922852000001,4200.0,4198.077147999999,4219.487305,4182.94873,4167.692383,4185.128418,4179.358886999999,4190.256348,4181.282227000001,4179.487305
4192.436035,4215.641113000001,4187.179688,4194.615234000001,4205.769043,4213.846191,4214.615234000001,4159.871582,4166.666504,4183.077147999999,4173.846191,4185.512695,4187.307617,4181.410156
4197.692383,4219.743652,4196.666504,4205.0,4214.487305,4207.563965,4212.820313,4172.307617,4174.358886999999,4185.641113000001,4182.692383,4190.0,4189.358886999999,4186.153809
4204.230957,4222.179688,4202.179688,4208.205078,4208.205078,4197.563965,4223.205078,4216.282227000001,4187.692383,4193.589844,4194.615234000001,4202.179688,4193.717772999999,4193.205078
4218.077147999999,4231.666504,4212.307617,4214.743652,4195.769043,4200.384765999999,4216.025879,4230.128418,4211.666504,4214.358886999999,4211.666504,4215.769043,4213.589844,4212.563965
4226.794922,4240.384765999999,4224.615234000001,4224.871582,4204.230957,4197.179688,4211.153809,4234.615234000001,4233.205078,4232.563965,4225.512695,4224.358886999999,4222.436035,4226.282227000001
4229.358886999999,4247.94873,4233.205078,4232.563965,4222.820313,4198.974121,4220.256348,4255.256348,4246.282227000001,4245.0,4236.025879,4232.179688,4228.974121,4229.230957
4234.743652,4254.230957,4232.820313,4235.256348,4223.589844,4210.256348,4209.230957,4251.922852000001,4256.282227000001,4255.384765999999,4240.769043,4235.641113000001,4242.436035,4230.897461
4232.692383,4251.025879,4223.589844,4232.307617,4218.717772999999,4203.846191,4196.666504,4241.794922,4256.666504,4254.102539,4232.307617,4223.461426,4234.871582,4226.666504
4215.769043,4238.461426,4210.256348,4218.077147999999,4214.743652,4186.025879,4204.102539,4224.615234000001,4232.05127,4235.897461,4215.512695,4201.794922,4209.871582,4211.282227000001
4198.589844,4227.820313,4196.025879,4203.333496,4204.102539,4190.897461,4208.333496,4178.077147999999,4195.769043,4212.179688,4196.282227000001,4191.538574,4198.333496,4193.589844
4187.692383,4220.897461,4185.0,4198.205078,4199.358886999999,4203.974121,4206.794922,4154.615234000001,4176.025879,4189.871582,4174.743652,4183.974121,4188.205078,4177.179688
4175.256348,4205.512695,4171.922852000001,4188.461426,4193.205078,4193.461426,4203.846191,4164.102539,4166.153809,4168.077147999999,4155.384765999999,4164.358886999999,4156.153809,4158.333496
4166.410156,4189.871582,4160.641113000001,4174.487305,4183.589844,4184.230957,4199.358886999999,4156.410156,4157.94873,4159.358886999999,4150.897461,4157.05127,4139.871582,4150.256348
4168.077147999999,4192.307617,4162.307617,4171.025879,4188.589844,4192.692383,4200.512695,4156.538574,4162.94873,4167.692383,4160.897461,4173.974121,4158.205078,4160.384765999999
4178.974121,4204.615234000001,4175.512695,4180.384765999999,4196.153809,4196.410156,4202.820313,4179.743652,4171.282227000001,4176.794922,4173.974121,4187.05127,4177.820313,4177.436035
4195.0,4213.333496,4191.922852000001,4191.794922,4193.333496,4197.436035,4207.436035,4183.974121,4169.102539,4184.102539,4187.563965,4191.025879,4191.282227000001,4194.615234000001
4209.358886999999,4220.0,4205.641113000001,4199.102539,4192.692383,4204.743652,4220.384765999999,4205.769043,4183.846191,4201.794922,4206.538574,4204.743652,4206.538574,4208.717772999999
4222.563965,4232.94873,4218.077147999999,4209.871582,4203.717772999999,4200.0,4220.128418,4253.974121,4223.974121,4226.538574,4228.077147999999,4221.922852000001,4221.666504,4223.846191
4233.333496,4244.487305,4227.563965,4221.538574,4215.641113000001,4186.153809,4198.846191,4246.922852000001,4236.666504,4239.871582,4237.436035,4225.512695,4234.487305,4237.307617
4232.692383,4245.512695,4226.153809,4223.717772999999,4218.846191,4187.94873,4189.871582,4210.897461,4222.307617,4241.794922,4234.102539,4222.820313,4240.384765999999,4238.717772999999
4223.333496,4240.897461,4220.384765999999,4220.128418,4223.077147999999,4201.666504,4202.179688,4228.717772999999,4232.563965,4245.0,4233.589844,4222.563965,4234.615234000001,4228.333496
4215.128418,4237.179688,4214.615234000001,4218.333496,4228.461426,4204.871582,4198.846191,4235.384765999999,4241.410156,4241.538574,4230.897461,4216.025879,4223.333496,4217.307617
4207.692383,4235.384765999999,4204.102539,4215.897461,4226.410156,4195.0,4180.769043,4186.666504,4218.589844,4227.05127,4217.820313,4203.717772999999,4216.153809,4208.333496
4198.333496,4230.384765999999,4193.205078,4208.077147999999,4218.077147999999,4188.717772999999,4184.871582,4178.461426,4206.153809,4217.820313,4205.0,4193.333496,4206.922852000001,4198.717772999999
4190.641113000001,4221.282227000001,4189.487305,4199.615234000001,4212.05127,4195.128418,4205.897461,4205.512695,4209.358886999999,4214.487305,4199.102539,4187.307617,4191.538574,4193.205078
4188.846191,4216.794922,4192.436035,4200.256348,4218.717772999999,4205.0,4212.436035,4192.94873,4203.589844,4211.538574,4200.384765999999,4189.487305,4188.461426,4194.871582
4190.641113000001,4215.641113000001,4193.589844,4200.384765999999,4223.717772999999,4203.077147999999,4210.769043,4173.846191,4196.922852000001,4207.820313,4204.230957,4195.769043,4193.461426,4198.461426
4193.461426,4216.025879,4194.230957,4196.666504,4220.769043,4202.179688,4222.436035,4192.563965,4201.794922,4207.436035,4205.769043,4202.563965,4191.794922,4199.615234000001
4193.205078,4217.692383,4197.94873,4199.487305,4220.641113000001,4211.025879,4240.128418,4228.974121,4217.436035,4216.922852000001,4211.153809,4210.0,4196.794922,4200.0
4191.538574,4214.487305,4201.922852000001,4201.538574,4219.871582,4209.230957,4237.94873,4251.666504,4231.794922,4226.794922,4222.820313,4217.05127,4217.563965,4205.512695
4197.563965,4213.846191,4207.179688,4201.922852000001,4216.025879,4199.230957,4230.384765999999,4252.94873,4235.641113000001,4235.641113000001,4234.743652,4222.820313,4235.641113000001,4216.282227000001
4205.128418,4221.025879,4212.307617,4207.05127,4215.256348,4195.256348,4235.641113000001,4249.102539,4233.077147999999,4242.563965,4240.0,4227.820313,4235.384765999999,4222.94873
4209.487305,4228.846191,4218.589844,4216.282227000001,4222.94873,4199.358886999999,4230.641113000001,4257.179688,4234.230957,4241.794922,4238.974121,4230.384765999999,4233.205078,4226.153809
4215.897461,4234.102539,4224.358886999999,4224.615234000001,4233.974121,4204.102539,4215.384765999999,4251.282227000001,4235.0,4239.230957,4236.282227000001,4227.692383,4238.589844,4229.230957
4213.205078,4229.230957,4219.743652,4221.410156,4230.512695,4196.922852000001,4210.512695,4234.871582,4228.589844,4232.179688,4229.102539,4218.077147999999,4233.717772999999,4221.666504
4199.102539,4216.666504,4210.256348,4212.94873,4222.179688,4187.307617,4216.282227000001,4237.05127,4217.436035,4216.025879,4216.025879,4207.307617,4225.384765999999,4207.692383
4190.897461,4212.436035,4206.538574,4210.128418,4224.102539,4184.358886999999,4218.846191,4233.974121,4208.461426,4205.769043,4205.512695,4202.563965,4229.871582,4201.153809
4195.384765999999,4214.358886999999,4204.743652,4209.230957,4225.384765999999,4184.102539,4213.077147999999,4205.641113000001,4204.615234000001,4206.794922,4202.179688,4200.0,4233.589844,4198.077147999999
4193.846191,4210.384765999999,4200.512695,4203.333496,4217.94873,4187.94873,4207.692383,4180.384765999999,4196.025879,4200.512695,4199.358886999999,4194.615234000001,4228.077147999999,4193.846191
4179.358886999999,4199.230957,4192.307617,4193.717772999999,4209.102539,4194.230957,4210.0,4170.128418,4182.692383,4184.743652,4188.974121,4186.282227000001,4217.307617,4188.077147999999
4174.358886999999,4195.512695,4183.589844,4187.179688,4212.307617,4197.307617,4217.820313,4174.743652,4186.153809,4185.512695,4186.025879,4183.205078,4214.487305,4182.820313
4178.461426,4201.282227000001,4181.922852000001,4186.794922,4223.077147999999,4197.179688,4218.205078,4194.871582,4202.436035,4202.692383,4195.256348,4186.922852000001,4220.0,4179.230957
4177.179688,4202.179688,4185.384765999999,4189.615234000001,4226.666504,4197.692383,4215.512695,4207.436035,4210.384765999999,4213.974121,4200.769043,4189.871582,4217.05127,4179.230957
4178.846191,4200.641113000001,4187.307617,4192.563965,4225.128418,4199.358886999999,4224.487305,4211.794922,4218.846191,4220.512695,4202.436035,4191.153809,4211.922852000001,4182.94873
4178.461426,4196.282227000001,4180.512695,4188.461426,4220.128418,4196.922852000001,4233.717772999999,4219.358886999999,4216.922852000001,4215.512695,4199.743652,4186.794922,4209.487305,4180.384765999999
4178.205078,4200.128418,4184.871582,4188.846191,4219.102539,4198.205078,4226.922852000001,4227.436035,4208.717772999999,4210.641113000001,4202.94873,4186.025879,4214.615234000001,4183.717772999999
4192.436035,4217.179688,4203.846191,4203.333496,4228.205078,4201.153809,4207.820313,4227.94873,4219.743652,4225.256348,4217.94873,4197.563965,4230.641113000001,4200.897461
4205.128418,4223.461426,4211.410156,4212.692383,4229.615234000001,4188.846191,4198.589844,4224.102539,4226.282227000001,4231.666504,4222.436035,4207.05127,4238.589844,4210.641113000001
4208.077147999999,4220.769043,4216.025879,4215.512695,4223.333496,4180.512695,4206.153809,4237.307617,4221.025879,4223.461426,4217.94873,4204.615234000001,4237.692383,4211.666504
4210.256348,4224.358886999999,4223.846191,4218.205078,4228.717772999999,4185.512695,4202.563965,4233.974121,4215.512695,4220.641113000001,4217.436035,4201.794922,4239.615234000001,4215.256348
4203.974121,4225.769043,4218.205078,4217.179688,4234.743652,4184.487305,4191.538574,4201.922852000001,4201.922852000001,4218.846191,4213.333496,4203.077147999999,4239.230957,4214.102539
4184.358886999999,4211.922852000001,4203.205078,4207.563965,4227.05127,4189.358886999999,4210.769043,4185.256348,4185.512695,4206.153809,4201.666504,4196.282227000001,4222.563965,4201.794922
4169.743652,4198.077147999999,4193.333496,4196.153809,4223.974121,4208.589844,4233.461426,4187.820313,4182.820313,4193.846191,4189.871582,4185.128418,4204.871582,4189.487305
4172.94873,4202.692383,4190.384765999999,4196.410156,4232.692383,4214.102539,4228.077147999999,4196.666504,4197.05127,4201.922852000001,4185.769043,4184.615234000001,4210.256348,4187.05127
4178.205078,4207.692383,4189.102539,4200.512695,4230.769043,4199.743652,4219.871582,4216.282227000001,4212.94873,4217.05127,4186.922852000001,4188.205078,4221.410156,4188.461426
4171.282227000001,4201.025879,4185.0,4195.897461,4223.077147999999,4198.077147999999,4228.974121,4229.102539,4215.384765999999,4215.512695,4183.974121,4180.0,4219.615234000001,4185.128418
4167.05127,4198.589844,4182.563965,4193.717772999999,4225.641113000001,4211.538574,4231.794922,4222.94873,4211.410156,4209.487305,4176.794922,4173.589844,4217.179688,4184.743652
4176.794922,4204.615234000001,4186.666504,4198.077147999999,4224.230957,4207.692383,4212.563965,4210.0,4206.922852000001,4212.05127,4173.205078,4177.05127,4219.615234000001,4191.794922
4183.589844,4205.512695,4188.974121,4198.589844,4216.538574,4193.077147999999,4213.717772999999,4211.794922,4201.153809,4209.358886999999,4172.94873,4173.846191,4213.461426,4192.307617
4185.128418,4203.717772999999,4191.794922,4197.436035,4213.589844,4189.871582,4225.512695,4229.230957,4202.307617,4204.743652,4173.461426,4172.820313,4207.436035,4193.333496
4199.487305,4212.692383,4200.769043,4204.871582,4214.871582,4189.615234000001,4196.025879,4213.205078,4204.358886999999,4213.589844,4182.563965,4185.128418,4218.461426,4211.282227000001
4215.769043,4223.333496,4209.358886999999,4213.846191,4214.871582,4191.538574,4176.922852000001,4186.538574,4201.153809,4224.743652,4197.436035,4191.666504,4231.153809,4228.461426
4216.025879,4219.358886999999,4210.769043,4211.410156,4211.282227000001,4194.871582,4205.256348,4210.897461,4202.94873,4221.025879,4200.641113000001,4186.025879,4224.102539,4224.230957
4217.820313,4219.871582,4212.692383,4212.436035,4214.358886999999,4194.487305,4213.846191,4232.307617,4214.743652,4221.282227000001,4202.179688,4189.615234000001,4217.179688,4223.974121
4230.384765999999,4235.769043,4222.692383,4228.077147999999,4224.615234000001,4197.563965,4192.692383,4211.025879,4223.077147999999,4236.794922,4215.769043,4202.563965,4228.333496,4239.871582
4231.922852000001,4241.025879,4229.487305,4233.589844,4228.205078,4202.436035,4198.205078,4202.05127,4220.384765999999,4239.102539,4222.692383,4204.743652,4227.692383,4243.333496
4219.871582,4228.846191,4223.589844,4220.897461,4223.974121,4201.666504,4217.307617,4216.666504,4212.179688,4219.871582,4211.410156,4194.487305,4214.358886999999,4229.743652
4203.333496,4211.025879,4203.846191,4203.205078,4213.077147999999,4200.256348,4221.025879,4214.358886999999,4197.94873,4199.102539,4193.974121,4180.641113000001,4207.179688,4212.179688
4196.666504,4201.410156,4192.820313,4197.307617,4201.922852000001,4205.512695,4221.666504,4206.282227000001,4192.307617,4194.487305,4188.717772999999,4176.153809,4204.615234000001,4204.230957
4205.512695,4206.794922,4201.922852000001,4206.794922,4203.974121,4201.922852000001,4225.384765999999,4216.153809,4204.358886999999,4206.794922,4199.102539,4181.794922,4210.512695,4208.589844
4210.897461,4210.512695,4203.846191,4209.358886999999,4207.563965,4189.743652,4227.179688,4231.538574,4213.077147999999,4214.743652,4204.102539,4183.461426,4218.333496,4209.615234000001
4209.615234000001,4208.717772999999,4198.077147999999,4205.0,4206.153809,4192.307617,4216.922852000001,4229.615234000001,4209.487305,4215.641113000001,4201.922852000001,4182.436035,4223.205078,4207.179688
4211.153809,4213.974121,4201.794922,4209.358886999999,4208.205078,4196.282227000001,4202.563965,4218.205078,4206.153809,4215.897461,4203.205078,4187.307617,4227.820313,4211.025879
4220.0,4224.871582,4212.820313,4217.436035,4214.102539,4189.487305,4202.563965,4223.205078,4210.384765999999,4214.871582,4208.846191,4194.358886999999,4235.769043,4216.538574
4234.102539,4235.641113000001,4224.743652,4224.230957,4219.230957,4192.820313,4210.0,4224.743652,4217.563965,4222.820313,4221.410156,4198.974121,4249.871582,4225.512695
4238.077147999999,4235.641113000001,4230.128418,4225.256348,4219.358886999999,4200.641113000001,4210.256348,4206.666504,4211.794922,4228.589844,4226.666504,4202.179688,4255.512695,4235.512695
4229.615234000001,4226.922852000001,4226.153809,4221.666504,4219.102539,4192.05127,4201.922852000001,4206.410156,4203.077147999999,4220.769043,4221.666504,4203.717772999999,4245.641113000001,4233.461426
4228.717772999999,4229.487305,4223.589844,4222.307617,4220.256348,4181.922852000001,4185.0,4219.743652,4211.153809,4217.94873,4224.615234000001,4206.282227000001,4236.282227000001,4226.922852000001
4233.461426,4236.025879,4228.717772999999,4223.717772999999,4217.179688,4189.743652,4182.179688,4210.384765999999,4215.512695,4224.102539,4231.410156,4213.717772999999,4236.794922,4228.846191
4230.512695,4229.615234000001,4231.153809,4221.538574,4221.538574,4204.358886999999,4205.128418,4201.794922,4211.666504,4226.922852000001,4232.307617,4220.256348,4242.05127,4235.384765999999
4220.897461,4214.102539,4221.410156,4213.333496,4226.025879,4206.538574,4220.897461,4212.179688,4211.666504,4218.717772999999,4226.153809,4212.307617,4241.410156,4227.820313
4203.717772999999,4202.94873,4207.307617,4200.0,4216.922852000001,4208.461426,4226.025879,4221.025879,4209.102539,4208.846191,4214.487305,4193.333496,4223.589844,4206.153809
4189.230957,4198.717772999999,4198.077147999999,4191.538574,4209.743652,4215.641113000001,4229.102539,4217.692383,4201.794922,4204.743652,4205.512695,4182.179688,4201.410156,4195.0
4187.692383,4193.717772999999,4191.794922,4188.974121,4212.179688,4208.077147999999,4222.692383,4218.205078,4203.077147999999,4203.846191,4200.769043,4183.846191,4198.974121,4194.230957
4192.563965,4196.282227000001,4194.102539,4190.384765999999,4214.743652,4203.077147999999,4219.358886999999,4232.05127,4216.922852000001,4211.538574,4203.717772999999,4192.820313,4216.025879,4197.692383
4200.128418,4208.589844,4205.641113000001,4200.128418,4220.641113000001,4214.743652,4221.666504,4235.897461,4227.179688,4225.897461,4219.743652,4207.563965,4232.563965,4206.666504
4211.922852000001,4220.384765999999,4215.897461,4211.922852000001,4231.410156,4223.077147999999,4222.563965,4229.743652,4227.436035,4232.820313,4232.563965,4217.692383,4239.871582,4213.589844
4220.769043,4228.333496,4223.077147999999,4217.820313,4236.410156,4218.461426,4214.743652,4223.205078,4220.769043,4230.128418,4231.410156,4218.974121,4249.871582,4217.179688
4223.077147999999,4232.179688,4227.179688,4220.256348,4234.230957,4205.512695,4198.974121,4211.922852000001,4214.615234000001,4229.871582,4232.436035,4224.487305,4262.05127,4226.538574
4227.307617,4232.05127,4231.282227000001,4226.410156,4232.820313,4197.820313,4195.256348,4206.538574,4220.769043,4236.922852000001,4240.769043,4233.333496,4265.128418,4236.410156
4228.589844,4229.230957,4230.897461,4227.436035,4225.897461,4200.256348,4199.871582,4209.102539,4225.769043,4237.820313,4238.461426,4231.922852000001,4255.512695,4232.05127
4218.205078,4228.205078,4222.563965,4221.538574,4217.179688,4203.846191,4195.897461,4201.666504,4218.974121,4231.153809,4227.307617,4224.871582,4245.256348,4220.0
4202.820313,4220.897461,4210.128418,4213.333496,4212.692383,4198.333496,4199.230957,4190.769043,4209.358886999999,4216.025879,4212.820313,4215.897461,4231.666504,4203.461426
4190.512695,4199.743652,4194.743652,4199.230957,4202.94873,4189.743652,4214.230957,4191.794922,4197.94873,4188.589844,4189.487305,4202.820313,4203.077147999999,4183.589844
4185.641113000001,4188.077147999999,4187.563965,4187.563965,4194.743652,4192.179688,4222.820313,4201.282227000001,4189.743652,4175.0,4177.820313,4196.666504,4186.538574,4178.333496
4180.384765999999,4190.769043,4188.974121,4182.820313,4196.410156,4197.179688,4222.05127,4209.615234000001,4189.102539,4181.153809,4180.128418,4194.102539,4189.358886999999,4178.461426
4171.794922,4185.897461,4184.615234000001,4180.384765999999,4197.692383,4196.794922,4224.358886999999,4212.05127,4192.179688,4183.205078,4177.179688,4189.102539,4184.871582,4171.794922
4175.128418,4184.615234000001,4183.974121,4186.153809,4202.692383,4200.769043,4227.692383,4211.922852000001,4200.384765999999,4186.922852000001,4182.563965,4191.410156,4185.128418,4174.615234000001
4191.282227000001,4203.589844,4199.743652,4199.487305,4212.436035,4206.922852000001,4217.94873,4214.230957,4209.615234000001,4203.333496,4200.897461,4199.871582,4205.641113000001,4191.538574
4210.256348,4222.94873,4219.102539,4213.077147999999,4219.743652,4202.179688,4202.179688,4223.461426,4216.410156,4217.179688,4212.94873,4210.256348,4224.871582,4211.794922
4223.589844,4229.487305,4228.846191,4222.692383,4223.461426,4197.05127,4197.307617,4227.436035,4220.897461,4224.230957,4220.384765999999,4223.077147999999,4232.436035,4225.897461
4226.153809,4230.384765999999,4229.743652,4223.589844,4223.717772999999,4199.102539,4197.563965,4214.743652,4221.153809,4229.102539,4229.230957,4229.871582,4236.538574,4229.358886999999
4216.666504,4222.436035,4221.153809,4214.358886999999,4219.743652,4199.358886999999,4202.563965,4211.666504,4220.641113000001,4225.769043,4226.153809,4223.333496,4230.641113000001,4221.282227000001
4199.743652,4205.128418,4206.666504,4201.794922,4212.94873,4195.0,4210.897461,4231.794922,4227.05127,4220.384765999999,4213.589844,4212.94873,4217.05127,4205.128418
4192.94873,4200.128418,4200.512695,4196.153809,4208.205078,4198.333496,4206.922852000001,4233.205078,4231.666504,4221.538574,4211.282227000001,4208.077147999999,4213.205078,4196.410156
4197.179688,4204.102539,4200.256348,4197.307617,4210.641113000001,4207.179688,4200.769043,4206.410156,4219.230957,4217.307617,4209.871582,4205.769043,4208.974121,4197.94873
4192.692383,4200.512695,4194.743652,4193.717772999999,4216.153809,4205.897461,4210.512695,4192.692383,4199.102539,4204.487305,4198.077147999999,4202.820313,4197.94873,4193.077147999999
4184.743652,4200.256348,4195.641113000001,4190.769043,4217.05127,4203.077147999999,4220.641113000001,4208.205078,4197.563965,4202.179688,4195.641113000001,4203.077147999999,4200.128418,4186.025879
4184.871582,4199.871582,4201.666504,4191.410156,4212.307617,4203.589844,4217.436035,4223.846191,4204.230957,4206.025879,4200.0,4204.230957,4203.589844,4186.794922
4186.666504,4192.563965,4202.820313,4189.230957,4208.717772999999,4195.128418,4205.0,4210.512695,4190.512695,4196.025879,4194.487305,4200.384765999999,4192.436035,4186.410156
4192.820313,4196.922852000001,4211.153809,4195.128418,4209.102539,4186.410156,4194.615234000001,4187.179688,4175.128418,4184.871582,4195.512695,4200.897461,4193.077147999999,4194.615234000001
4204.102539,4212.307617,4225.128418,4208.846191,4209.487305,4187.436035,4193.974121,4179.487305,4182.563965,4194.102539,4214.230957,4211.922852000001,4213.589844,4213.589844
4207.94873,4219.615234000001,4227.94873,4214.487305,4212.820313,4187.94873,4200.384765999999,4195.128418,4202.563965,4216.538574,4231.410156,4221.794922,4226.794922,4217.436035
4203.846191,4211.025879,4222.307617,4210.256348,4212.179688,4178.205078,4196.538574,4204.487305,4203.589844,4219.487305,4231.153809,4218.461426,4222.307617,4204.871582
4199.487305,4200.384765999999,4219.102539,4206.153809,4202.94873,4174.358886999999,4192.179688,4204.615234000001,4193.077147999999,4203.333496,4220.128418,4208.846191,4212.436035,4197.307617
4195.512695,4203.974121,4215.641113000001,4205.128418,4203.589844,4187.94873,4207.05127,4217.692383,4203.461426,4205.897461,4217.05127,4209.102539,4213.461426,4199.102539
4193.846191,4209.487305,4207.307617,4204.230957,4216.922852000001,4200.769043,4211.410156,4217.179688,4220.641113000001,4221.922852000001,4219.615234000001,4214.487305,4222.94873,4197.94873
4190.641113000001,4200.769043,4198.077147999999,4201.153809,4223.333496,4201.922852000001,4199.871582,4206.538574,4223.589844,4224.358886999999,4216.153809,4210.512695,4223.717772999999,4189.230957
4176.153809,4184.871582,4187.820313,4191.153809,4211.922852000001,4201.410156,4200.128418,4206.025879,4215.512695,4212.436035,4204.487305,4196.666504,4208.589844,4175.897461
4160.256348,4173.077147999999,4175.128418,4177.05127,4195.641113000001,4200.256348,4206.666504,4201.922852000001,4201.282227000001,4190.384765999999,4187.692383,4185.769043,4180.897461,4164.230957
4159.102539,4168.717772999999,4172.05127,4173.333496,4192.179688,4197.05127,4205.897461,4189.102539,4189.102539,4173.974121,4180.384765999999,4184.615234000001,4157.820313,4163.589844
4165.641113000001,4169.871582,4180.0,4178.333496,4194.358886999999,4187.820313,4196.410156,4183.077147999999,4181.666504,4173.333496,4183.717772999999,4190.0,4153.846191,4170.512695
4174.102539,4179.615234000001,4190.512695,4187.692383,4197.179688,4179.102539,4191.794922,4188.205078,4175.128418,4183.077147999999,4190.512695,4201.153809,4170.0,4178.461426
4185.0,4192.692383,4199.871582,4198.333496,4200.128418,4179.230957,4201.410156,4184.743652,4168.974121,4187.307617,4199.615234000001,4211.666504,4187.05127,4188.846191
4195.0,4198.077147999999,4207.179688,4201.666504,4198.333496,4170.0,4206.410156,4186.538574,4172.563965,4185.128418,4204.615234000001,4218.846191,4199.487305,4199.230957
4204.487305,4204.358886999999,4214.230957,4206.153809,4202.820313,4152.307617,4190.897461,4204.102539,4188.974121,4196.666504,4209.102539,4227.820313,4217.563965,4207.179688
4210.641113000001,4210.128418,4216.025879,4210.256348,4210.128418,4144.615234000001,4175.384765999999,4207.94873,4203.205078,4213.077147999999,4215.512695,4234.487305,4221.666504,4214.230957
4208.974121,4212.692383,4213.589844,4209.615234000001,4213.461426,4154.102539,4185.641113000001,4196.282227000001,4213.717772999999,4221.410156,4224.102539,4234.230957,4221.410156,4219.102539
4199.102539,4212.820313,4209.871582,4206.922852000001,4219.743652,4167.94873,4200.256348,4202.820313,4231.282227000001,4228.333496,4227.563965,4226.410156,4232.563965,4211.025879
4183.589844,4200.0,4197.94873,4197.307617,4217.820313,4171.153809,4198.589844,4217.692383,4236.922852000001,4225.256348,4213.205078,4211.794922,4224.743652,4189.615234000001
4172.692383,4188.077147999999,4185.256348,4190.256348,4208.205078,4173.717772999999,4202.05127,4210.128418,4222.05127,4210.384765999999,4195.384765999999,4198.974121,4202.05127,4175.512695
4163.846191,4184.871582,4180.384765999999,4185.0,4201.025879,4176.666504,4213.077147999999,4196.410156,4207.307617,4195.256348,4185.128418,4193.205078,4193.205078,4171.153809
4157.692383,4180.512695,4181.153809,4180.897461,4198.461426,4178.974121,4214.230957,4195.256348,4203.333496,4188.333496,4183.077147999999,4195.769043,4194.487305,4170.512695
4167.563965,4186.153809,4186.794922,4189.487305,4201.538574,4184.102539,4211.538574,4198.974121,4205.769043,4194.487305,4191.410156,4206.794922,4198.974121,4182.05127
4182.692383,4199.871582,4194.230957,4202.692383,4202.179688,4180.897461,4215.256348,4203.333496,4201.666504,4200.0,4196.666504,4215.769043,4203.205078,4196.153809
4189.487305,4197.692383,4202.307617,4204.871582,4199.230957,4177.179688,4221.538574,4199.615234000001,4186.153809,4193.846191,4194.615234000001,4216.922852000001,4204.487305,4199.487305
4195.769043,4191.922852000001,4210.641113000001,4201.282227000001,4203.846191,4183.461426,4213.205078,4185.128418,4173.077147999999,4189.102539,4200.512695,4222.179688,4207.692383,4203.333496
4208.333496,4209.102539,4217.563965,4208.461426,4216.025879,4186.538574,4192.94873,4170.897461,4175.641113000001,4194.358886999999,4213.077147999999,4232.307617,4215.128418,4216.282227000001
4219.615234000001,4231.922852000001,4223.077147999999,4224.615234000001,4224.487305,4181.794922,4184.743652,4177.05127,4184.743652,4204.487305,4219.871582,4235.128418,4220.512695,4224.487305
4216.153809,4232.563965,4216.922852000001,4225.512695,4221.410156,4174.230957,4184.743652,4183.717772999999,4176.922852000001,4202.179688,4210.0,4226.538574,4212.307617,4214.487305
4205.641113000001,4223.717772999999,4205.641113000001,4212.94873,4215.512695,4171.410156,4188.461426,4192.436035,4176.153809,4194.102539,4194.743652,4219.358886999999,4200.641113000001,4205.0
4204.743652,4225.256348,4208.589844,4212.692383,4214.743652,4177.307617,4200.256348,4225.769043,4212.692383,4208.846191,4197.179688,4221.538574,4203.846191,4211.153809
4210.128418,4228.205078,4213.077147999999,4218.077147999999,4215.384765999999,4183.974121,4203.589844,4241.025879,4243.717772999999,4228.333496,4201.153809,4223.461426,4209.358886999999,4214.487305
4207.563965,4225.769043,4206.025879,4217.179688,4215.256348,4189.230957,4199.743652,4226.153809,4244.102539,4226.410156,4188.461426,4219.358886999999,4202.692383,4207.692383
4197.692383,4219.230957,4197.436035,4209.743652,4211.153809,4200.384765999999,4208.846191,4214.487305,4236.538574,4218.077147999999,4177.05127,4215.384765999999,4196.538574,4204.871582
4196.025879,4211.025879,4192.692383,4200.769043,4205.384765999999,4210.256348,4220.128418,4205.641113000001,4230.256348,4213.333496,4175.128418,4212.436035,4196.922852000001,4205.769043
4192.692383,4199.743652,4184.102539,4191.922852000001,4198.461426,4202.179688,4215.0,4190.897461,4214.871582,4193.461426,4162.692383,4200.128418,4183.333496,4194.487305
4179.743652,4191.922852000001,4174.615234000001,4186.153809,4189.358886999999,4191.153809,4204.487305,4181.794922,4193.974121,4171.794922,4149.102539,4187.692383,4163.205078,4180.384765999999
4187.05127,4203.205078,4181.410156,4194.871582,4191.794922,4201.922852000001,4207.307617,4189.358886999999,4190.128418,4178.846191,4161.153809,4193.333496,4170.128418,4187.436035
4208.333496,4213.846191,4196.153809,4206.153809,4198.333496,4207.307617,4218.974121,4202.05127,4199.102539,4193.846191,4178.333496,4203.589844,4188.717772999999,4202.94873
4214.615234000001,4211.538574,4204.487305,4208.846191,4196.153809,4191.666504,4220.512695,4202.179688,4197.94873,4195.384765999999,4185.128418,4207.436035,4196.282227000001,4209.358886999999
4217.436035,4214.615234000001,4209.487305,4211.538574,4196.410156,4189.102539,4207.692383,4179.230957,4182.307617,4193.077147999999,4193.974121,4211.538574,4204.615234000001,4217.563965
4227.307617,4222.436035,4214.358886999999,4216.922852000001,4201.538574,4194.102539,4196.794922,4157.820313,4167.692383,4190.641113000001,4202.179688,4215.384765999999,4215.128418,4228.974121
4232.436035,4226.153809,4221.025879,4221.666504,4203.974121,4180.641113000001,4202.05127,4181.666504,4175.0,4191.282227000001,4206.538574,4216.282227000001,4218.077147999999,4232.692383
4230.384765999999,4222.563965,4223.589844,4222.563965,4199.615234000001,4169.871582,4205.256348,4224.487305,4197.05127,4195.512695,4210.769043,4212.820313,4216.025879,4227.94873
4228.846191,4219.487305,4219.230957,4218.461426,4196.282227000001,4180.512695,4193.717772999999,4224.102539,4210.256348,4201.282227000001,4213.205078,4208.974121,4217.179688,4223.077147999999
4225.384765999999,4222.94873,4213.717772999999,4214.615234000001,4199.615234000001,4191.922852000001,4194.230957,4194.358886999999,4207.563965,4204.743652,4209.871582,4204.358886999999,4218.717772999999,4218.717772999999
4216.153809,4215.384765999999,4205.641113000001,4209.871582,4194.487305,4184.615234000001,4203.205078,4192.436035,4202.692383,4195.769043,4198.333496,4195.384765999999,4206.153809,4208.589844
4206.410156,4201.153809,4198.333496,4202.307617,4187.436035,4182.94873,4202.692383,4213.974121,4206.025879,4184.102539,4185.641113000001,4189.358886999999,4188.589844,4200.897461
4208.077147999999,4204.615234000001,4201.282227000001,4201.794922,4193.846191,4197.307617,4202.692383,4216.153809,4211.922852000001,4189.230957,4188.333496,4195.512695,4191.922852000001,4204.615234000001
4216.282227000001,4212.05127,4207.307617,4203.717772999999,4197.436035,4199.358886999999,4212.179688,4206.666504,4209.615234000001,4192.94873,4200.0,4202.692383,4199.487305,4211.410156
4215.128418,4206.666504,4205.128418,4200.641113000001,4193.589844,4195.128418,4225.897461,4216.153809,4204.358886999999,4187.692383,4205.897461,4202.820313,4201.666504,4215.641113000001
4208.717772999999,4202.307617,4199.743652,4195.897461,4194.102539,4203.717772999999,4229.230957,4222.436035,4201.666504,4192.05127,4210.512695,4201.538574,4212.179688,4217.94873
4215.128418,4206.282227000001,4202.94873,4200.256348,4200.769043,4210.384765999999,4226.282227000001,4209.615234000001,4202.692383,4203.846191,4216.025879,4204.358886999999,4223.333496,4218.717772999999
4226.153809,4215.128418,4212.05127,4213.461426,4211.025879,4208.333496,4220.256348,4200.641113000001,4208.974121,4215.128418,4220.384765999999,4211.922852000001,4229.871582,4218.077147999999
4222.05127,4219.615234000001,4215.0,4215.384765999999,4212.307617,4205.897461,4208.589844,4197.563965,4202.94873,4213.461426,4216.410156,4211.153809,4227.436035,4214.102539
4218.974121,4215.897461,4214.358886999999,4210.256348,4202.820313,4195.769043,4202.436035,4187.179688,4184.230957,4195.769043,4207.436035,4203.846191,4217.179688,4210.128418
4225.641113000001,4213.077147999999,4216.794922,4211.794922,4197.563965,4179.230957,4204.487305,4181.922852000001,4171.794922,4181.922852000001,4202.820313,4208.077147999999,4207.436035,4209.358886999999
4227.820313,4215.256348,4221.922852000001,4216.282227000001,4198.461426,4174.743652,4197.563965,4183.974121,4171.282227000001,4185.512695,4208.205078,4216.666504,4205.769043,4210.384765999999
4230.128418,4221.794922,4226.922852000001,4219.102539,4199.743652,4181.282227000001,4181.025879,4187.05127,4184.743652,4195.769043,4219.230957,4217.05127,4212.179688,4216.025879
4232.563965,4226.794922,4225.769043,4220.897461,4200.128418,4181.282227000001,4177.436035,4195.769043,4201.922852000001,4200.128418,4220.0,4214.871582,4216.153809,4216.153809
4227.820313,4226.153809,4223.461426,4220.769043,4201.282227000001,4176.794922,4183.077147999999,4205.641113000001,4212.820313,4209.871582,4220.384765999999,4215.128418,4222.94873,4212.05127
4225.128418,4220.512695,4222.179688,4217.94873,4200.897461,4179.615234000001,4190.128418,4209.102539,4215.256348,4217.820313,4227.307617,4216.410156,4230.0,4216.025879
4225.128418,4215.0,4214.615234000001,4214.743652,4197.179688,4189.871582,4210.128418,4213.846191,4211.794922,4210.897461,4223.846191,4217.179688,4229.102539,4218.205078
4220.512695,4214.615234000001,4207.820313,4211.922852000001,4196.922852000001,4197.05127,4222.05127,4221.025879,4211.794922,4204.487305,4213.077147999999,4217.05127,4222.563965,4212.94873
4215.128418,4212.307617,4204.102539,4206.538574,4197.692383,4190.897461,4203.077147999999,4227.94873,4216.666504,4207.05127,4209.487305,4213.077147999999,4217.179688,4208.333496
4210.0,4208.461426,4197.436035,4201.666504,4195.769043,4190.897461,4197.820313,4233.077147999999,4216.025879,4205.0,4207.307617,4202.563965,4215.384765999999,4199.615234000001
4207.436035,4207.820313,4194.487305,4201.410156,4190.384765999999,4200.128418,4219.615234000001,4208.205078,4198.846191,4190.641113000001,4199.615234000001,4194.230957,4210.897461,4189.230957
4213.205078,4212.692383,4197.692383,4203.461426,4188.589844,4195.641113000001,4207.94873,4155.512695,4174.871582,4181.666504,4196.666504,4198.077147999999,4208.717772999999,4191.410156
4222.820313,4221.922852000001,4203.333496,4207.94873,4196.410156,4185.769043,4174.871582,4136.538574,4166.025879,4186.153809,4203.846191,4206.153809,4218.589844,4203.974121
4232.436035,4229.871582,4215.512695,4217.436035,4202.820313,4182.94873,4175.0,4159.871582,4174.102539,4190.512695,4216.666504,4213.205078,4233.077147999999,4218.717772999999
4240.641113000001,4234.230957,4230.0,4227.692383,4203.205078,4179.743652,4187.820313,4177.692383,4183.717772999999,4196.282227000001,4227.820313,4222.05127,4242.820313,4232.179688
4237.307617,4228.589844,4226.153809,4223.589844,4197.563965,4176.153809,4181.538574,4179.743652,4186.410156,4202.563965,4224.230957,4219.102539,4240.897461,4228.846191
4224.102539,4217.436035,4209.743652,4209.615234000001,4190.128418,4181.282227000001,4178.077147999999,4185.0,4192.179688,4203.974121,4210.512695,4204.871582,4229.102539,4211.666504
4213.205078,4211.794922,4201.410156,4202.307617,4189.358886999999,4187.05127,4190.0,4205.769043,4205.769043,4207.05127,4203.974121,4197.436035,4217.307617,4200.897461
4198.589844,4198.333496,4191.282227000001,4190.897461,4183.974121,4183.077147999999,4202.820313,4235.897461,4213.974121,4202.436035,4193.717772999999,4190.769043,4203.461426,4191.922852000001
4191.153809,4187.820313,4184.743652,4183.589844,4181.922852000001,4192.179688,4213.205078,4234.487305,4215.128418,4197.179688,4187.692383,4186.666504,4198.974121,4186.794922
4198.461426,4200.897461,4192.94873,4193.589844,4197.05127,4210.897461,4213.717772999999,4195.769043,4209.743652,4203.589844,4196.538574,4193.333496,4210.512695,4194.615234000001
4200.384765999999,4208.333496,4194.615234000001,4196.922852000001,4199.743652,4206.538574,4206.025879,4182.179688,4199.102539,4197.94873,4197.05127,4196.025879,4211.153809,4199.102539
4201.666504,4205.897461,4193.846191,4194.358886999999,4183.846191,4198.717772999999,4210.769043,4199.230957,4198.461426,4188.717772999999,4199.358886999999,4194.230957,4211.538574,4198.333496
4209.487305,4212.307617,4201.538574,4199.615234000001,4180.384765999999,4204.102539,4213.589844,4185.512695,4193.205078,4191.922852000001,4209.487305,4198.205078,4219.487305,4199.358886999999
4205.897461,4207.820313,4198.077147999999,4198.846191,4184.358886999999,4199.358886999999,4199.743652,4152.179688,4168.717772999999,4185.0,4199.230957,4195.641113000001,4196.922852000001,4195.769043
4192.563965,4192.692383,4185.769043,4188.717772999999,4177.179688,4186.794922,4192.179688,4146.153809,4151.025879,4167.307617,4180.256348,4181.282227000001,4163.717772999999,4187.820313
4195.256348,4197.05127,4189.230957,4190.128418,4173.333496,4187.94873,4191.794922,4163.846191,4161.666504,4170.384765999999,4188.077147999999,4181.794922,4179.102539,4192.692383
4211.282227000001,4212.820313,4201.410156,4201.282227000001,4183.333496,4192.692383,4188.205078,4171.025879,4171.666504,4183.461426,4204.871582,4196.025879,4213.461426,4204.102539
4215.641113000001,4212.05127,4202.563965,4202.436035,4188.077147999999,4181.666504,4186.410156,4159.871582,4162.179688,4176.794922,4201.538574,4195.384765999999,4211.922852000001,4205.256348
4213.333496,4207.436035,4201.410156,4202.179688,4184.102539,4177.307617,4195.128418,4185.641113000001,4177.436035,4177.436035,4200.897461,4191.794922,4205.512695,4205.0
4215.512695,4212.307617,4205.512695,4208.205078,4191.538574,4196.282227000001,4210.641113000001,4230.256348,4215.128418,4198.974121,4214.615234000001,4199.743652,4217.820313,4209.871582
4212.05127,4209.871582,4202.820313,4203.333496,4200.641113000001,4208.205078,4211.794922,4209.743652,4217.692383,4208.846191,4215.512695,4199.102539,4219.487305,4211.410156
4205.256348,4203.717772999999,4197.307617,4192.436035,4195.897461,4202.436035,4204.230957,4177.820313,4208.077147999999,4208.077147999999,4206.025879,4188.846191,4212.820313,4208.717772999999
4204.358886999999,4207.436035,4196.666504,4195.641113000001,4194.102539,4200.128418,4208.589844,4204.487305,4220.384765999999,4217.692383,4207.820313,4189.871582,4217.179688,4203.205078
4203.717772999999,4210.128418,4194.230957,4203.333496,4202.436035,4203.205078,4208.077147999999,4215.384765999999,4218.333496,4220.384765999999,4211.153809,4193.077147999999,4223.205078,4194.615234000001
4201.922852000001,4207.436035,4193.205078,4203.589844,4201.794922,4207.94873,4201.666504,4190.512695,4204.615234000001,4211.025879,4207.563965,4187.820313,4223.589844,4193.589844
4196.410156,4203.333496,4195.256348,4194.615234000001,4185.769043,4208.333496,4208.589844,4192.563965,4200.0,4198.589844,4200.512695,4185.641113000001,4212.692383,4195.641113000001
4189.358886999999,4192.820313,4190.0,4183.333496,4178.717772999999,4204.615234000001,4219.615234000001,4196.282227000001,4178.333496,4175.641113000001,4186.153809,4185.769043,4186.282227000001,4187.692383
4190.128418,4183.333496,4186.025879,4183.333496,4186.025879,4208.846191,4221.025879,4165.512695,4150.384765999999,4161.025879,4176.410156,4184.230957,4173.333496,4181.538574
4192.692383,4187.563965,4193.717772999999,4186.282227000001,4185.256348,4203.589844,4205.256348,4131.666504,4138.717772999999,4161.794922,4178.589844,4184.230957,4181.538574,4183.205078
4196.666504,4198.974121,4204.615234000001,4189.615234000001,4182.05127,4182.820313,4181.025879,4138.205078,4144.871582,4170.769043,4189.615234000001,4193.846191,4193.589844,4192.692383
4210.641113000001,4207.692383,4210.897461,4200.256348,4191.153809,4178.974121,4178.717772999999,4167.05127,4168.846191,4192.307617,4208.333496,4209.615234000001,4211.025879,4206.794922
4218.974121,4213.205078,4214.102539,4206.794922,4204.743652,4199.743652,4202.94873,4179.615234000001,4198.077147999999,4215.512695,4224.743652,4216.153809,4235.256348,4212.820313
4210.897461,4212.05127,4213.846191,4206.922852000001,4210.897461,4213.333496,4217.563965,4195.512695,4221.538574,4231.153809,4232.307617,4215.384765999999,4250.384765999999,4211.794922
4202.05127,4203.205078,4207.94873,4203.717772999999,4207.436035,4206.538574,4220.512695,4222.307617,4236.538574,4241.282227000001,4229.871582,4212.179688,4239.871582,4210.256348
4194.743652,4194.487305,4199.358886999999,4195.512695,4207.563965,4207.436035,4236.922852000001,4238.846191,4244.358886999999,4244.102539,4222.820313,4208.461426,4216.410156,4206.538574
4185.384765999999,4189.230957,4193.717772999999,4190.384765999999,4213.077147999999,4221.025879,4240.384765999999,4236.794922,4242.563965,4233.717772999999,4215.384765999999,4202.05127,4200.256348,4197.692383
4184.615234000001,4189.230957,4196.666504,4193.205078,4212.179688,4219.871582,4224.615234000001,4232.05127,4234.871582,4225.128418,4212.307617,4200.512695,4195.641113000001,4195.256348
4190.512695,4192.307617,4204.102539,4196.282227000001,4206.666504,4206.922852000001,4225.128418,4237.05127,4230.256348,4223.077147999999,4213.461426,4205.0,4192.563965,4201.922852000001
4188.717772999999,4187.436035,4200.897461,4192.820313,4202.436035,4205.256348,4228.717772999999,4211.410156,4207.94873,4205.641113000001,4206.410156,4202.307617,4184.358886999999,4200.0
4190.769043,4185.128418,4200.128418,4194.743652,4202.692383,4211.538574,4219.743652,4167.179688,4179.615234000001,4188.846191,4202.179688,4198.846191,4186.666504,4195.641113000001
4198.846191,4190.128418,4209.102539,4200.0,4204.358886999999,4206.538574,4214.230957,4166.538574,4173.589844,4188.589844,4204.871582,4202.05127,4189.615234000001,4201.538574
4196.666504,4189.615234000001,4209.358886999999,4197.692383,4202.05127,4195.897461,4208.589844,4178.461426,4170.769043,4184.230957,4200.897461,4200.641113000001,4180.0,4205.256348
4201.410156,4192.307617,4216.538574,4205.769043,4204.615234000001,4195.769043,4195.512695,4161.410156,4164.358886999999,4186.410156,4205.512695,4201.922852000001,4186.153809,4209.230957
4210.512695,4196.538574,4227.692383,4215.384765999999,4205.128418,4197.307617,4198.333496,4163.589844,4169.230957,4197.94873,4216.666504,4211.025879,4201.282227000001,4214.358886999999
4207.307617,4198.589844,4223.077147999999,4210.641113000001,4202.436035,4188.333496,4212.563965,4190.0,4182.179688,4202.179688,4216.794922,4211.282227000001,4201.025879,4213.589844
4204.230957,4205.0,4217.05127,4208.717772999999,4207.436035,4183.461426,4206.282227000001,4196.794922,4199.358886999999,4211.282227000001,4216.025879,4203.077147999999,4203.717772999999,4212.179688
4201.282227000001,4204.230957,4212.94873,4210.641113000001,4212.05127,4195.128418,4201.410156,4207.05127,4223.717772999999,4228.846191,4217.436035,4202.563965,4214.230957,4209.871582
4191.410156,4197.692383,4203.717772999999,4204.487305,4217.563965,4211.025879,4223.205078,4232.179688,4242.820313,4239.230957,4213.205078,4199.743652,4223.205078,4203.717772999999
4185.256348,4195.128418,4196.666504,4197.05127,4221.153809,4211.666504,4227.692383,4242.563965,4242.94873,4235.897461,4203.333496,4187.436035,4223.461426,4198.974121
4184.102539,4192.05127,4193.846191,4195.512695,4212.563965,4207.179688,4215.128418,4232.436035,4232.94873,4225.0,4191.922852000001,4179.871582,4204.743652,4195.897461
4180.256348,4185.641113000001,4191.282227000001,4192.820313,4207.05127,4213.461426,4235.128418,4218.461426,4220.897461,4213.205078,4184.102539,4180.384765999999,4182.05127,4192.179688
4184.358886999999,4182.563965,4196.538574,4191.666504,4212.05127,4215.0,4250.897461,4204.487305,4209.102539,4204.615234000001,4184.487305,4184.102539,4178.077147999999,4196.538574
4196.794922,4186.666504,4205.641113000001,4195.128418,4209.358886999999,4203.333496,4222.307617,4197.307617,4201.410156,4200.512695,4189.871582,4188.589844,4184.102539,4209.358886999999
4197.05127,4188.205078,4202.179688,4193.974121,4197.94873,4195.769043,4201.794922,4192.563965,4191.282227000001,4193.717772999999,4187.436035,4187.563965,4179.615234000001,4212.307617
4195.512695,4188.205078,4200.512695,4192.692383,4200.512695,4200.769043,4211.794922,4178.077147999999,4179.102539,4188.077147999999,4182.05127,4184.743652,4174.102539,4208.717772999999
4208.589844,4196.922852000001,4212.307617,4199.102539,4209.743652,4205.897461,4217.179688,4165.897461,4174.615234000001,4189.358886999999,4188.205078,4189.743652,4180.769043,4217.94873
4218.461426,4202.05127,4220.897461,4204.358886999999,4203.205078,4196.153809,4210.641113000001,4162.692383,4171.410156,4189.743652,4197.05127,4198.717772999999,4186.922852000001,4229.358886999999
4213.974121,4195.897461,4218.974121,4201.666504,4191.153809,4181.922852000001,4208.077147999999,4168.589844,4167.436035,4187.94873,4194.230957,4198.461426,4185.512695,4224.743652
4210.897461,4192.563965,4216.922852000001,4196.282227000001,4188.846191,4183.205078,4211.922852000001,4187.563965,4177.94873,4193.974121,4193.589844,4194.358886999999,4187.692383,4217.692383
4214.230957,4195.897461,4220.512695,4194.615234000001,4197.05127,4196.794922,4219.102539,4216.025879,4205.641113000001,4211.666504,4208.974121,4200.0,4209.102539,4222.307617
4210.897461,4197.179688,4220.0,4197.563965,4206.153809,4207.563965,4224.102539,4232.94873,4230.769043,4232.307617,4221.410156,4203.589844,4234.871582,4224.615234000001
4199.615234000001,4192.820313,4208.589844,4194.230957,4201.922852000001,4208.205078,4221.666504,4233.077147999999,4237.05127,4235.769043,4214.871582,4191.410156,4233.846191,4212.563965
4191.794922,4188.589844,4199.102539,4187.436035,4196.025879,4207.692383,4230.384765999999,4244.102539,4235.897461,4218.333496,4200.897461,4181.922852000001,4217.05127,4199.615234000001
4190.512695,4188.589844,4201.410156,4185.769043,4202.436035,4212.692383,4242.820313,4241.025879,4232.179688,4207.94873,4196.282227000001,4188.077147999999,4215.128418,4199.358886999999
4190.256348,4186.153809,4203.589844,4184.487305,4199.871582,4212.179688,4232.820313,4203.461426,4217.820313,4207.563965,4199.230957,4190.128418,4219.871582,4205.0
4195.384765999999,4186.922852000001,4205.384765999999,4187.692383,4191.282227000001,4206.794922,4224.102539,4190.769043,4207.563965,4204.230957,4203.077147999999,4189.230957,4218.077147999999,4212.179688
4208.077147999999,4196.153809,4216.794922,4198.077147999999,4199.230957,4202.94873,4232.179688,4211.153809,4212.436035,4207.563965,4212.436035,4200.512695,4224.743652,4223.717772999999
4219.230957,4207.307617,4227.05127,4208.333496,4210.0,4205.769043,4231.282227000001,4215.0,4217.563965,4220.512695,4228.077147999999,4208.846191,4243.461426,4231.666504
4223.717772999999,4215.897461,4227.820313,4213.974121,4214.102539,4212.820313,4219.615234000001,4209.102539,4216.025879,4223.205078,4234.615234000001,4201.666504,4247.563965,4228.205078
4222.563965,4215.256348,4224.358886999999,4212.179688,4216.538574,4209.102539,4220.128418,4208.461426,4205.897461,4210.769043,4225.641113000001,4195.769043,4236.794922,4221.153809
4221.282227000001,4211.538574,4224.871582,4208.333496,4212.94873,4198.717772999999,4224.102539,4197.179688,4195.0,4204.358886999999,4219.487305,4200.384765999999,4236.538574,4223.717772999999
4220.769043,4213.205078,4227.436035,4206.025879,4203.974121,4193.077147999999,4212.436035,4186.666504,4192.820313,4203.077147999999,4219.743652,4203.077147999999,4232.94873,4229.102539
4220.512695,4216.666504,4229.487305,4206.666504,4202.563965,4191.794922,4206.538574,4193.205078,4193.205078,4197.436035,4221.794922,4206.666504,4213.717772999999,4231.794922
4217.307617,4212.820313,4230.769043,4206.153809,4205.0,4195.128418,4218.589844,4203.205078,4195.0,4199.358886999999,4228.333496,4213.205078,4209.871582,4236.153809
4211.025879,4205.0,4225.128418,4199.871582,4200.384765999999,4197.820313,4219.487305,4201.538574,4200.256348,4207.563965,4230.128418,4208.333496,4222.94873,4232.94873
4208.974121,4203.205078,4219.743652,4198.974121,4199.743652,4196.666504,4214.743652,4202.307617,4209.102539,4213.205078,4227.307617,4198.717772999999,4226.410156,4222.563965
4201.410156,4195.256348,4213.205078,4194.743652,4197.692383,4190.128418,4224.487305,4222.563965,4213.461426,4208.846191,4220.256348,4191.794922,4212.179688,4211.538574
4187.94873,4182.05127,4205.0,4180.384765999999,4192.307617,4190.769043,4228.333496,4235.512695,4208.589844,4201.666504,4209.871582,4184.615234000001,4200.641113000001,4199.615234000001
4188.589844,4180.641113000001,4206.410156,4178.205078,4197.436035,4206.025879,4222.307617,4220.128418,4208.205078,4203.077147999999,4209.358886999999,4183.333496,4201.922852000001,4191.794922
4193.077147999999,4180.0,4205.641113000001,4183.205078,4199.102539,4207.692383,4222.179688,4205.0,4209.487305,4199.230957,4207.307617,4186.153809,4202.179688,4190.256348
4184.487305,4176.153809,4198.974121,4181.025879,4193.846191,4198.077147999999,4227.820313,4208.974121,4205.641113000001,4185.256348,4195.384765999999,4180.384765999999,4198.461426,4189.230957
4183.461426,4186.025879,4201.153809,4186.538574,4199.871582,4202.307617,4223.205078,4203.846191,4201.025879,4179.358886999999,4196.794922,4176.666504,4201.153809,4194.358886999999
4205.897461,4206.922852000001,4215.256348,4203.589844,4212.94873,4207.436035,4210.384765999999,4187.563965,4199.487305,4187.179688,4213.717772999999,4188.333496,4212.94873,4212.307617
4224.615234000001,4218.846191,4228.589844,4217.179688,4217.692383,4202.820313,4208.846191,4194.871582,4201.922852000001,4200.128418,4228.461426,4204.487305,4229.871582,4227.820313
4225.769043,4218.717772999999,4232.692383,4222.179688,4214.487305,4200.128418,4208.846191,4204.102539,4201.666504,4210.384765999999,4232.94873,4212.94873,4240.897461,4228.333496
4223.717772999999,4216.025879,4233.846191,4222.307617,4210.256348,4199.230957,4198.461426,4185.0,4196.666504,4215.256348,4231.538574,4213.846191,4241.794922,4225.512695
4218.717772999999,4210.0,4233.717772999999,4217.692383,4209.230957,4190.512695,4198.717772999999,4181.538574,4196.025879,4212.179688,4229.487305,4208.846191,4237.820313,4226.538574
4211.025879,4199.230957,4227.179688,4210.256348,4204.358886999999,4185.384765999999,4214.487305,4216.794922,4205.641113000001,4208.461426,4225.128418,4205.512695,4229.230957,4222.94873
4202.436035,4190.641113000001,4216.922852000001,4201.922852000001,4197.05127,4191.410156,4220.256348,4227.436035,4209.102539,4208.974121,4217.179688,4201.153809,4218.077147999999,4211.410156
4187.436035,4182.692383,4206.282227000001,4190.769043,4192.563965,4190.769043,4218.717772999999,4203.333496,4199.358886999999,4201.410156,4204.615234000001,4187.563965,4200.769043,4193.846191
4183.205078,4180.641113000001,4201.666504,4185.897461,4190.897461,4185.769043,4226.538574,4209.743652,4207.94873,4202.307617,4202.436035,4181.666504,4188.077147999999,4188.333496
4194.871582,4185.769043,4205.897461,4188.846191,4192.692383,4196.538574,4238.974121,4236.794922,4231.153809,4220.256348,4212.05127,4188.205078,4193.717772999999,4197.05127
4192.94873,4183.077147999999,4205.128418,4184.871582,4194.102539,4207.436035,4240.128418,4234.102539,4230.256348,4216.922852000001,4209.487305,4180.769043,4189.615234000001,4196.025879
4186.922852000001,4184.871582,4204.230957,4187.179688,4201.282227000001,4207.179688,4237.307617,4221.410156,4220.0,4201.794922,4202.307617,4170.897461,4180.897461,4192.563965
4194.743652,4197.692383,4210.384765999999,4197.692383,4208.974121,4208.717772999999,4234.615234000001,4224.743652,4222.436035,4204.615234000001,4206.025879,4179.230957,4196.538574,4200.641113000001
4196.282227000001,4200.641113000001,4207.94873,4196.666504,4209.358886999999,4209.230957,4217.563965,4218.589844,4218.846191,4201.666504,4205.384765999999,4182.307617,4212.05127,4202.820313
4193.205078,4195.0,4203.077147999999,4191.922852000001,4206.153809,4202.436035,4199.230957,4195.641113000001,4200.641113000001,4189.358886999999,4200.256348,4175.128418,4205.384765999999,4196.794922
4198.589844,4190.769043,4208.461426,4193.205078,4202.179688,4196.282227000001,4191.666504,4169.743652,4184.487305,4189.743652,4203.077147999999,4179.743652,4202.436035,4199.230957
4201.794922,4195.0,4215.897461,4196.153809,4205.0,4196.794922,4193.974121,4162.05127,4182.307617,4195.256348,4210.897461,4186.794922,4210.897461,4206.666504
4192.94873,4197.436035,4214.230957,4195.897461,4204.230957,4193.846191,4203.717772999999,4184.743652,4186.922852000001,4191.666504,4211.153809,4183.205078,4207.179688,4204.102539
4182.563965,4188.589844,4209.102539,4191.025879,4195.641113000001,4183.846191,4211.282227000001,4200.769043,4187.179688,4186.025879,4204.358886999999,4180.0,4196.025879,4198.717772999999
4186.794922,4189.615234000001,4212.563965,4192.94873,4197.692383,4185.384765999999,4215.128418,4197.179688,4192.820313,4194.871582,4206.410156,4184.358886999999,4194.615234000001,4206.410156
4194.358886999999,4198.846191,4218.846191,4201.410156,4207.563965,4196.666504,4219.487305,4206.538574,4204.487305,4207.179688,4214.358886999999,4187.563965,4186.025879,4212.563965
4193.974121,4195.128418,4218.974121,4200.897461,4202.94873,4195.256348,4234.487305,4238.205078,4215.256348,4209.871582,4217.820313,4188.077147999999,4169.743652,4205.512695
4196.794922,4190.384765999999,4219.487305,4195.384765999999,4193.461426,4188.205078,4246.538574,4257.436035,4229.615234000001,4217.05127,4224.487305,4190.769043,4171.410156,4202.563965
4199.743652,4195.512695,4222.05127,4195.769043,4197.307617,4198.077147999999,4245.0,4249.102539,4238.333496,4227.179688,4230.384765999999,4192.307617,4181.153809,4205.769043
4196.538574,4198.077147999999,4220.769043,4199.871582,4205.769043,4211.410156,4239.487305,4238.717772999999,4240.641113000001,4228.846191,4227.179688,4190.641113000001,4181.025879,4204.358886999999
4191.794922,4194.871582,4214.230957,4197.94873,4201.922852000001,4201.922852000001,4230.384765999999,4225.128418,4233.974121,4220.384765999999,4219.871582,4184.487305,4166.922852000001,4198.846191
4192.307617,4196.025879,4212.179688,4198.461426,4196.794922,4194.358886999999,4226.794922,4214.871582,4216.794922,4207.436035,4214.358886999999,4181.666504,4152.179688,4200.128418
4199.358886999999,4201.794922,4218.205078,4207.692383,4209.615234000001,4203.846191,4215.769043,4205.769043,4200.128418,4198.461426,4212.436035,4184.743652,4159.871582,4209.487305
4205.897461,4207.820313,4221.794922,4212.05127,4221.922852000001,4203.077147999999,4195.128418,4189.871582,4196.538574,4199.102539,4216.410156,4190.256348,4177.307617,4216.282227000001
4205.641113000001,4211.666504,4220.128418,4210.897461,4217.692383,4198.205078,4195.769043,4185.769043,4205.897461,4205.512695,4226.666504,4196.282227000001,4182.179688,4220.128418
4195.0,4201.410156,4213.461426,4206.025879,4209.102539,4206.025879,4207.179688,4175.769043,4195.384765999999,4196.922852000001,4223.461426,4193.589844,4172.820313,4215.641113000001
4183.205078,4182.05127,4203.974121,4194.358886999999,4202.820313,4209.230957,4205.512695,4165.897461,4177.179688,4182.820313,4205.256348,4184.615234000001,4164.871582,4201.282227000001
4183.333496,4177.436035,4204.230957,4187.179688,4193.461426,4200.641113000001,4217.05127,4204.102539,4199.615234000001,4197.05127,4205.512695,4187.307617,4176.666504,4200.0
4191.153809,4182.563965,4214.102539,4187.820313,4186.794922,4197.820313,4241.922852000001,4245.641113000001,4233.717772999999,4226.666504,4224.871582,4200.0,4201.153809,4213.461426
4192.436035,4183.333496,4219.358886999999,4187.94873,4192.307617,4201.538574,4245.897461,4236.410156,4233.205078,4236.922852000001,4232.820313,4204.743652,4214.487305,4216.410156
4185.512695,4179.358886999999,4213.333496,4187.436035,4193.846191,4203.461426,4247.05127,4220.128418,4223.461426,4225.128418,4220.641113000001,4196.282227000001,4199.615234000001,4205.641113000001
4180.0,4176.153809,4209.230957,4190.256348,4191.922852000001,4203.077147999999,4253.077147999999,4235.641113000001,4225.384765999999,4212.307617,4207.05127,4186.794922,4176.410156,4197.179688
4177.05127,4181.025879,4210.0,4194.615234000001,4199.358886999999,4198.333496,4232.820313,4235.897461,4215.256348,4206.282227000001,4200.0,4184.230957,4172.94873,4193.589844
4178.461426,4187.179688,4207.820313,4193.717772999999,4203.077147999999,4192.563965,4206.153809,4201.282227000001,4194.102539,4197.820313,4193.846191,4185.512695,4168.077147999999,4192.05127
4188.846191,4189.102539,4211.410156,4192.307617,4200.897461,4192.820313,4207.94873,4187.436035,4188.717772999999,4189.871582,4195.128418,4189.615234000001,4155.897461,4197.94873
4199.743652,4193.333496,4221.025879,4199.487305,4202.05127,4188.077147999999,4208.589844,4197.563965,4188.717772999999,4188.846191,4203.974121,4198.846191,4164.871582,4208.846191
4205.0,4201.922852000001,4221.922852000001,4207.692383,4202.307617,4174.615234000001,4183.205078,4187.436035,4173.846191,4186.410156,4208.461426,4204.615234000001,4180.384765999999,4214.230957
4213.461426,4212.436035,4225.512695,4215.384765999999,4206.794922,4177.436035,4174.358886999999,4167.94873,4167.820313,4190.769043,4215.256348,4204.230957,4184.615234000001,4218.589844
4215.769043,4215.0,4233.461426,4217.307617,4210.0,4186.025879,4195.128418,4168.461426,4180.256348,4205.512695,4226.282227000001,4204.615234000001,4195.0,4222.563965
4202.692383,4204.743652,4223.461426,4207.05127,4199.358886999999,4185.512695,4209.871582,4174.358886999999,4190.0,4210.897461,4223.846191,4202.692383,4202.436035,4214.743652
4193.717772999999,4195.256348,4207.820313,4195.897461,4193.205078,4191.922852000001,4206.538574,4201.794922,4209.615234000001,4214.615234000001,4215.0,4197.179688,4190.641113000001,4203.077147999999
4192.436035,4194.871582,4207.307617,4194.102539,4196.025879,4203.333496,4209.743652,4241.153809,4229.743652,4222.05127,4211.410156,4192.05127,4182.692383,4200.128418
4185.641113000001,4193.846191,4207.820313,4194.871582,4192.820313,4204.615234000001,4226.025879,4240.0,4225.769043,4220.128418,4206.282227000001,4186.794922,4187.307617,4199.743652
4178.846191,4189.102539,4201.282227000001,4191.025879,4191.794922,4200.128418,4226.922852000001,4211.666504,4213.589844,4210.512695,4196.025879,4185.256348,4179.487305,4197.692383
4177.05127,4186.025879,4200.0,4191.153809,4201.410156,4203.205078,4212.820313,4198.077147999999,4211.538574,4206.794922,4189.615234000001,4187.563965,4159.487305,4197.179688
4172.820313,4184.871582,4201.410156,4194.871582,4205.769043,4203.974121,4211.538574,4210.641113000001,4218.589844,4209.487305,4188.461426,4188.333496,4147.94873,4193.974121
4172.436035,4185.641113000001,4198.846191,4196.410156,4202.436035,4195.512695,4221.666504,4223.333496,4223.205078,4213.205078,4187.05127,4191.538574,4151.153809,4191.794922
4180.0,4192.563965,4202.436035,4199.487305,4205.256348,4192.692383,4227.563965,4215.641113000001,4213.589844,4214.358886999999,4189.358886999999,4195.512695,4161.666504,4197.820313
4185.641113000001,4195.256348,4206.666504,4201.153809,4203.077147999999,4188.077147999999,4218.589844,4201.922852000001,4197.307617,4208.717772999999,4194.102539,4197.692383,4171.282227000001,4204.358886999999
4194.871582,4198.333496,4212.692383,4203.205078,4198.717772999999,4177.820313,4202.307617,4194.358886999999,4193.333496,4208.846191,4200.128418,4204.358886999999,4186.282227000001,4213.205078
4214.102539,4217.179688,4228.205078,4214.487305,4209.102539,4183.974121,4205.128418,4182.307617,4194.871582,4221.153809,4209.230957,4213.974121,4205.769043,4229.615234000001
4223.205078,4229.743652,4234.615234000001,4222.94873,4213.461426,4201.025879,4218.589844,4183.974121,4195.897461,4225.512695,4215.128418,4216.410156,4214.871582,4241.538574
4221.282227000001,4220.641113000001,4231.794922,4220.128418,4206.025879,4201.794922,4214.871582,4224.487305,4214.871582,4224.743652,4220.384765999999,4216.153809,4211.153809,4245.384765999999
4220.512695,4207.820313,4230.0,4210.512695,4202.179688,4193.461426,4208.974121,4239.358886999999,4222.820313,4225.512695,4220.128418,4211.410156,4200.128418,4242.179688
4216.922852000001,4201.794922,4221.666504,4202.179688,4193.205078,4195.256348,4221.282227000001,4208.205078,4205.641113000001,4215.769043,4205.769043,4199.871582,4185.641113000001,4230.641113000001
4214.102539,4199.743652,4213.333496,4202.94873,4186.794922,4206.410156,4232.820313,4201.153809,4201.410156,4204.487305,4193.461426,4195.384765999999,4175.0,4222.05127
4217.307617,4201.282227000001,4212.94873,4206.794922,4193.461426,4211.538574,4225.128418,4230.0,4216.922852000001,4204.871582,4195.0,4195.641113000001,4172.563965,4219.871582
4213.589844,4203.846191,4207.820313,4206.025879,4196.794922,4210.769043,4215.897461,4225.128418,4219.871582,4206.282227000001,4192.820313,4183.846191,4167.563965,4211.153809
4194.358886999999,4194.102539,4191.794922,4197.307617,4192.94873,4208.205078,4219.487305,4191.410156,4203.974121,4193.846191,4174.871582,4165.128418,4147.563965,4190.256348
4181.794922,4182.436035,4178.461426,4187.436035,4194.615234000001,4197.94873,4218.717772999999,4191.153809,4195.641113000001,4180.641113000001,4159.743652,4159.487305,4131.410156,4175.641113000001
4189.871582,4187.94873,4178.205078,4189.102539,4199.615234000001,4197.05127,4210.769043,4198.974121,4203.589844,4193.077147999999,4169.358886999999,4165.897461,4147.179688,4182.05127
4194.743652,4192.179688,4184.487305,4192.307617,4195.769043,4200.897461,4210.512695,4186.153809,4208.077147999999,4209.487305,4186.282227000001,4168.846191,4170.512695,4193.461426
4195.769043,4190.0,4193.205078,4193.589844,4193.974121,4191.282227000001,4214.487305,4190.128418,4206.410156,4213.717772999999,4196.794922,4177.820313,4182.436035,4199.743652
4212.692383,4204.358886999999,4209.743652,4205.769043,4201.538574,4188.846191,4209.358886999999,4208.205078,4215.256348,4226.153809,4217.05127,4199.102539,4203.077147999999,4215.384765999999
4231.794922,4218.333496,4226.282227000001,4216.153809,4200.641113000001,4192.05127,4202.179688,4214.230957,4225.512695,4239.358886999999,4236.153809,4214.358886999999,4221.153809,4236.025879
4236.794922,4215.384765999999,4233.077147999999,4215.256348,4194.615234000001,4185.128418,4204.871582,4212.436035,4218.333496,4233.717772999999,4238.333496,4217.436035,4220.256348,4242.436035
4230.128418,4208.974121,4226.666504,4210.769043,4191.794922,4183.974121,4211.410156,4197.307617,4198.589844,4214.358886999999,4229.487305,4215.256348,4208.846191,4232.94873
4217.692383,4201.025879,4213.077147999999,4202.307617,4192.94873,4195.512695,4211.794922,4185.384765999999,4189.487305,4201.922852000001,4219.743652,4211.025879,4196.538574,4222.436035
4207.94873,4189.102539,4206.025879,4195.512695,4199.102539,4196.025879,4199.871582,4202.94873,4201.666504,4203.589844,4216.153809,4202.436035,4179.358886999999,4217.94873
4201.025879,4178.974121,4199.358886999999,4191.410156,4198.461426,4186.794922,4193.205078,4212.307617,4208.077147999999,4200.769043,4208.846191,4188.205078,4155.769043,4207.307617
4193.846191,4176.153809,4188.461426,4185.384765999999,4195.256348,4195.256348,4212.436035,4206.282227000001,4203.461426,4194.102539,4197.307617,4177.307617,4145.0,4193.717772999999
4188.717772999999,4174.358886999999,4185.512695,4182.94873,4200.0,4206.666504,4225.641113000001,4210.897461,4203.077147999999,4195.384765999999,4191.922852000001,4174.487305,4147.436035,4189.871582
4186.410156,4173.589844,4186.666504,4185.0,4202.05127,4199.230957,4212.307617,4209.743652,4202.436035,4192.307617,4190.384765999999,4169.487305,4145.769043,4187.307617
4190.641113000001,4182.436035,4189.487305,4191.666504,4199.358886999999,4192.563965,4208.077147999999,4202.563965,4203.589844,4188.717772999999,4191.538574,4169.615234000001,4144.871582,4191.410156
4202.692383,4195.128418,4201.282227000001,4200.769043,4202.563965,4197.94873,4214.230957,4201.666504,4209.102539,4204.358886999999,4204.743652,4183.205078,4155.0,4208.077147999999
4213.205078,4203.846191,4215.769043,4208.461426,4208.333496,4200.0,4213.077147999999,4200.769043,4210.769043,4224.230957,4223.077147999999,4194.871582,4175.128418,4220.769043
4221.282227000001,4210.256348,4222.820313,4212.05127,4208.333496,4196.025879,4210.641113000001,4209.358886999999,4212.436035,4224.487305,4229.102539,4196.282227000001,4192.820313,4224.871582
4228.846191,4215.128418,4225.0,4213.461426,4208.846191,4194.487305,4207.692383,4224.871582,4213.846191,4217.436035,4229.230957,4197.307617,4194.871582,4228.077147999999
4232.05127,4219.615234000001,4229.358886999999,4216.922852000001,4214.871582,4192.692383,4203.846191,4213.846191,4207.05127,4220.769043,4235.384765999999,4201.666504,4199.871582,4230.0
4231.922852000001,4222.179688,4231.025879,4218.717772999999,4219.615234000001,4185.0,4190.0,4186.025879,4202.307617,4226.410156,4235.641113000001,4202.436035,4218.205078,4231.153809
4226.922852000001,4215.641113000001,4226.666504,4218.589844,4221.538574,4185.512695,4179.487305,4189.871582,4208.589844,4220.0,4227.179688,4200.641113000001,4218.717772999999,4234.102539
4215.769043,4202.179688,4220.641113000001,4213.461426,4219.102539,4196.025879,4193.717772999999,4210.384765999999,4211.025879,4206.282227000001,4219.615234000001,4198.461426,4196.794922,4230.512695
4203.974121,4187.563965,4209.358886999999,4202.179688,4206.794922,4194.230957,4207.179688,4201.538574,4194.615234000001,4189.358886999999,4203.589844,4190.0,4173.461426,4217.820313
4194.230957,4178.205078,4192.179688,4192.436035,4200.0,4188.077147999999,4198.717772999999,4190.0,4181.538574,4175.641113000001,4185.384765999999,4177.436035,4156.794922,4203.461426
4181.666504,4178.205078,4180.0,4186.410156,4204.743652,4195.641113000001,4191.794922,4198.077147999999,4187.307617,4175.897461,4185.384765999999,4171.025879,4152.179688,4190.256348
4175.256348,4179.487305,4182.820313,4184.102539,4200.256348,4201.538574,4200.512695,4206.153809,4199.487305,4185.897461,4191.794922,4171.410156,4156.922852000001,4185.384765999999
4175.641113000001,4173.205078,4185.128418,4183.333496,4189.102539,4190.897461,4206.153809,4212.692383,4202.05127,4193.205078,4188.461426,4167.05127,4155.512695,4186.538574
4178.717772999999,4173.589844,4181.794922,4185.384765999999,4194.743652,4183.846191,4200.897461,4211.794922,4198.077147999999,4201.153809,4192.820313,4167.563965,4153.846191,4190.641113000001
4191.153809,4193.846191,4196.025879,4199.487305,4210.256348,4196.794922,4200.897461,4205.897461,4206.410156,4220.641113000001,4216.410156,4183.974121,4172.05127,4207.179688
4203.461426,4205.641113000001,4213.205078,4214.615234000001,4211.153809,4203.717772999999,4203.589844,4205.641113000001,4213.205078,4231.153809,4227.179688,4196.538574,4188.077147999999,4221.794922
4207.436035,4199.743652,4213.717772999999,4212.563965,4205.384765999999,4188.461426,4194.871582,4207.05127,4206.025879,4221.153809,4220.384765999999,4197.179688,4185.897461,4224.487305
4215.256348,4204.871582,4218.589844,4212.307617,4211.153809,4181.922852000001,4191.153809,4210.256348,4206.794922,4219.871582,4226.153809,4201.410156,4187.307617,4232.307617
4226.025879,4213.974121,4230.641113000001,4221.025879,4215.769043,4191.282227000001,4192.692383,4210.641113000001,4212.692383,4224.871582,4233.205078,4208.589844,4192.307617,4239.358886999999
4224.871582,4211.153809,4229.615234000001,4220.384765999999,4211.410156,4192.179688,4185.0,4205.641113000001,4206.153809,4214.871582,4222.94873,4206.025879,4183.589844,4232.563965
4212.436035,4203.461426,4218.846191,4212.692383,4209.230957,4188.846191,4185.128418,4210.641113000001,4198.333496,4202.05127,4212.179688,4195.769043,4169.743652,4221.922852000001
4197.563965,4194.358886999999,4206.282227000001,4204.743652,4205.512695,4194.615234000001,4203.846191,4216.282227000001,4196.538574,4196.794922,4208.205078,4183.205078,4160.256348,4212.436035
4187.820313,4183.974121,4194.615234000001,4195.897461,4202.436035,4199.487305,4215.897461,4203.077147999999,4190.641113000001,4190.769043,4201.153809,4171.794922,4151.410156,4203.077147999999
4182.820313,4174.230957,4187.820313,4188.333496,4204.102539,4194.230957,4200.512695,4186.538574,4182.563965,4182.692383,4193.589844,4164.871582,4144.615234000001,4196.922852000001
4179.743652,4171.153809,4187.436035,4190.641113000001,4207.179688,4197.563965,4187.692383,4187.05127,4184.230957,4187.179688,4196.538574,4167.436035,4150.256348,4196.666504
4178.974121,4173.974121,4190.128418,4197.179688,4208.333496,4208.589844,4200.897461,4202.94873,4194.615234000001,4202.820313,4204.487305,4174.102539,4158.846191,4201.410156
4177.692383,4171.794922,4189.358886999999,4194.615234000001,4203.974121,4202.307617,4211.282227000001,4211.538574,4194.743652,4206.410156,4202.436035,4173.974121,4152.307617,4199.743652
4181.922852000001,4175.256348,4190.897461,4195.641113000001,4204.743652,4191.794922,4200.641113000001,4198.077147999999,4191.153809,4199.102539,4199.230957,4173.717772999999,4148.717772999999,4196.153809
4194.743652,4191.410156,4200.128418,4208.974121,4207.05127,4190.384765999999,4188.461426,4187.563965,4198.846191,4203.717772999999,4211.282227000001,4184.487305,4162.436035,4204.358886999999
4207.436035,4202.436035,4211.025879,4218.205078,4208.461426,4188.461426,4188.205078,4196.922852000001,4206.538574,4220.128418,4226.666504,4192.436035,4177.94873,4218.717772999999
4207.563965,4199.102539,4215.384765999999,4215.512695,4210.256348,4186.153809,4193.589844,4212.94873,4207.436035,4226.282227000001,4228.717772999999,4189.358886999999,4183.846191,4223.974121
4200.256348,4192.820313,4211.282227000001,4209.871582,4204.102539,4187.179688,4194.743652,4218.333496,4208.333496,4219.615234000001,4222.820313,4186.538574,4182.05127,4219.102539
4201.922852000001,4194.230957,4208.333496,4208.333496,4201.666504,4184.615234000001,4183.974121,4213.589844,4211.666504,4221.282227000001,4225.512695,4188.846191,4185.897461,4215.512695
4196.556640999999,4190.091797,4205.311522999999,4203.644531,4201.19043,4186.849609000001,4187.729004,4213.864258,4207.912109000001,4216.099121,4221.282227000001,4186.501953,4182.307617,4213.571289
4191.19043,4185.952147999999,4202.289551,4198.956055,4200.714355,4189.084473,4191.483397999999,4214.13916,4204.157715,4210.915527,4217.05127,4184.157715,4178.717772999999,4211.629883
4185.824219,4181.812988000001,4199.267578,4194.267578,4200.238281,4191.318848,4195.238281,4214.414063,4200.402832,4205.732422,4212.820313,4181.812988000001,4175.128418,4209.688477000001
4180.458008,4177.673828,4196.245605,4189.578613000001,4199.761719,4193.553223,4198.992676,4214.688477000001,4196.648438,4200.549316,4208.589844,4179.46875,4171.538574,4207.74707
4175.091797,4173.534668,4193.223633,4184.890136999999,4199.285645,4195.787598,4202.74707,4214.963379,4192.893555,4195.366211,4204.358886999999,4177.124511999999,4167.94873,4205.805664
4169.725098,4169.395508,4190.20166,4180.20166,4198.80957,4198.021973,4206.501953,4215.238281,4189.13916,4190.183105,4200.128418,4174.780272999999,4164.358886999999,4203.864258
4164.358886999999,4165.256348,4187.179688,4175.512695,4198.333496,4200.256348,4210.256348,4215.512695,4185.384765999999,4185.0,4195.897461,4172.436035,4160.769043,4201.922852000001
4190.128418,4187.179688,4210.897461,4197.05127,4210.0,4191.794922,4199.487305,4227.307617,4207.436035,4211.025879,4224.102539,4192.307617,4193.205078,4226.538574
4208.846191,4204.487305,4229.230957,4216.025879,4215.0,4186.666504,4192.307617,4221.922852000001,4219.230957,4229.871582,4242.94873,4204.615234000001,4211.282227000001,4242.820313
4213.205078,4211.666504,4232.179688,4220.256348,4217.05127,4195.897461,4195.0,4192.179688,4208.461426,4226.538574,4237.307617,4204.871582,4206.922852000001,4241.410156
4208.974121,4212.692383,4227.692383,4217.94873,4219.102539,4202.436035,4197.307617,4193.205078,4208.205078,4222.436035,4229.871582,4202.692383,4199.871582,4233.717772999999
4206.282227000001,4208.974121,4223.461426,4213.205078,4218.333496,4193.717772999999,4186.153809,4222.692383,4223.846191,4230.0,4233.717772999999,4204.102539,4204.743652,4231.922852000001
4209.871582,4208.717772999999,4221.666504,4216.153809,4223.333496,4194.871582,4180.256348,4226.153809,4234.358886999999,4239.615234000001,4241.922852000001,4204.743652,4215.128418,4235.384765999999
4202.692383,4205.512695,4213.846191,4215.128418,4221.538574,4200.384765999999,4192.94873,4205.641113000001,4227.94873,4235.256348,4235.256348,4195.512695,4208.205078,4225.897461
4187.820313,4197.05127,4205.0,4201.922852000001,4210.641113000001,4203.974121,4210.641113000001,4205.128418,4217.179688,4221.538574,4216.794922,4186.666504,4191.410156,4207.94873
4183.717772999999,4192.563965,4199.743652,4196.025879,4213.077147999999,4207.820313,4208.205078,4213.974121,4210.0,4213.077147999999,4208.461426,4184.230957,4187.820313,4202.692383
4182.692383,4185.512695,4193.974121,4193.461426,4215.897461,4200.897461,4195.0,4197.820313,4201.538574,4208.717772999999,4207.94873,4178.333496,4190.384765999999,4205.0
4174.871582,4172.94873,4191.538574,4183.717772999999,4206.922852000001,4196.922852000001,4199.743652,4198.717772999999,4201.666504,4207.179688,4206.282227000001,4176.282227000001,4186.794922,4203.589844
4174.615234000001,4171.538574,4195.0,4184.615234000001,4203.589844,4208.205078,4208.717772999999,4230.641113000001,4206.025879,4205.512695,4206.666504,4185.641113000001,4176.666504,4206.025879
4182.820313,4186.153809,4198.461426,4194.871582,4207.307617,4209.102539,4199.358886999999,4229.743652,4197.692383,4202.563965,4208.717772999999,4190.769043,4171.282227000001,4211.666504
4186.282227000001,4196.410156,4199.358886999999,4196.922852000001,4210.384765999999,4193.077147999999,4186.666504,4199.615234000001,4186.538574,4197.692383,4205.256348,4186.666504,4178.333496,4210.769043
4185.512695,4192.94873,4197.436035,4198.077147999999,4211.282227000001,4188.461426,4183.077147999999,4192.692383,4185.0,4190.0,4195.897461,4183.333496,4174.102539,4207.307617
4184.358886999999,4191.153809,4193.461426,4206.153809,4212.05127,4194.615234000001,4183.846191,4202.820313,4192.307617,4191.922852000001,4193.333496,4184.615234000001,4154.487305,4207.05127
4182.94873,4194.358886999999,4191.282227000001,4205.256348,4213.461426,4192.94873,4185.256348,4201.025879,4198.205078,4200.0,4197.179688,4186.282227000001,4152.692383,4208.333496
4192.179688,4201.922852000001,4196.922852000001,4203.205078,4219.230957,4187.436035,4183.717772999999,4203.846191,4206.025879,4208.461426,4203.205078,4188.205078,4177.436035,4216.282227000001
4205.641113000001,4212.436035,4208.717772999999,4213.333496,4224.615234000001,4192.179688,4185.512695,4220.769043,4220.512695,4219.230957,4211.538574,4192.563965,4197.05127,4225.641113000001
4200.384765999999,4206.282227000001,4207.820313,4209.358886999999,4218.205078,4192.820313,4188.717772999999,4223.205078,4221.153809,4215.512695,4205.641113000001,4193.461426,4182.179688,4216.922852000001
4186.666504,4189.615234000001,4194.871582,4191.666504,4210.641113000001,4187.307617,4189.743652,4218.461426,4212.05127,4203.077147999999,4187.94873,4183.589844,4158.461426,4201.282227000001
4185.512695,4186.153809,4192.179688,4187.94873,4207.05127,4193.846191,4192.94873,4219.358886999999,4215.128418,4205.512695,4185.128418,4173.717772999999,4161.025879,4200.256348
4187.179688,4189.487305,4197.179688,4193.461426,4200.256348,4200.897461,4193.205078,4216.922852000001,4218.846191,4209.102539,4189.487305,4173.205078,4174.102539,4204.743652
4187.820313,4189.615234000001,4199.871582,4195.512695,4198.077147999999,4196.666504,4192.179688,4205.641113000001,4209.743652,4200.0,4185.256348,4173.589844,4176.153809,4210.512695
4185.769043,4183.077147999999,4195.256348,4188.461426,4197.307617,4194.743652,4192.436035,4196.666504,4196.153809,4186.922852000001,4178.717772999999,4169.615234000001,4170.897461,4212.179688
4185.769043,4179.743652,4187.179688,4182.692383,4193.333496,4202.436035,4198.974121,4204.230957,4193.846191,4180.769043,4178.333496,4171.666504,4170.641113000001,4209.230957
4194.871582,4191.025879,4188.589844,4192.563965,4197.05127,4202.820313,4203.205078,4216.666504,4200.897461,4188.974121,4186.153809,4176.025879,4177.436035,4214.230957
4202.94873,4203.333496,4195.769043,4205.384765999999,4205.256348,4193.717772999999,4187.307617,4208.461426,4203.461426,4198.333496,4193.461426,4173.589844,4183.461426,4222.307617
4208.589844,4207.94873,4200.897461,4211.410156,4207.820313,4197.692383,4173.333496,4192.436035,4201.025879,4201.282227000001,4196.794922,4176.538574,4187.179688,4224.102539
4215.256348,4209.743652,4201.282227000001,4211.410156,4205.256348,4205.641113000001,4175.641113000001,4193.717772999999,4202.94873,4203.717772999999,4202.05127,4187.436035,4191.025879,4226.794922
4215.384765999999,4209.230957,4201.922852000001,4208.717772999999,4205.384765999999,4199.230957,4182.05127,4208.333496,4213.974121,4212.436035,4211.794922,4190.769043,4197.563965,4232.820313
4208.461426,4202.692383,4205.128418,4206.922852000001,4203.717772999999,4195.512695,4192.692383,4223.589844,4226.282227000001,4218.461426,4215.769043,4185.256348,4199.615234000001,4230.641113000001
4204.358886999999,4199.615234000001,4202.94873,4204.358886999999,4196.410156,4204.487305,4200.128418,4221.025879,4224.487305,4212.563965,4208.974121,4179.615234000001,4192.820313,4220.769043
4205.256348,4208.205078,4201.410156,4204.743652,4196.794922,4207.05127,4194.615234000001,4218.205078,4223.589844,4212.692383,4209.487305,4180.256348,4189.487305,4218.974121
4204.615234000001,4207.692383,4202.820313,4205.256348,4202.179688,4200.769043,4190.512695,4233.333496,4229.487305,4216.282227000001,4214.615234000001,4183.077147999999,4190.512695,4224.487305
4201.153809,4194.871582,4200.128418,4200.641113000001,4197.692383,4202.94873,4197.94873,4222.94873,4217.692383,4205.0,4208.974121,4179.102539,4187.94873,4223.589844
4198.077147999999,4191.794922,4198.461426,4197.692383,4187.692383,4204.871582,4203.717772999999,4197.307617,4197.820313,4188.461426,4202.436035,4172.563965,4183.974121,4217.436035
4198.077147999999,4195.256348,4198.333496,4200.256348,4184.615234000001,4191.794922,4198.846191,4203.333496,4196.025879,4185.128418,4202.820313,4173.077147999999,4180.641113000001,4216.282227000001
4199.743652,4194.487305,4194.871582,4199.615234000001,4187.820313,4184.871582,4196.538574,4213.077147999999,4201.794922,4188.717772999999,4201.410156,4175.128418,4178.974121,4217.179688
4196.282227000001,4192.820313,4188.846191,4195.769043,4190.256348,4191.922852000001,4199.230957,4199.743652,4199.615234000001,4187.94873,4197.307617,4173.333496,4177.563965,4212.307617
4198.717772999999,4197.94873,4190.641113000001,4201.153809,4196.153809,4197.94873,4195.641113000001,4196.538574,4202.820313,4194.487305,4202.436035,4176.025879,4181.282227000001,4215.256348
4211.282227000001,4206.282227000001,4198.461426,4209.358886999999,4204.358886999999,4199.102539,4193.846191,4211.025879,4214.358886999999,4206.410156,4213.846191,4181.794922,4188.077147999999,4224.230957
4208.846191,4201.922852000001,4195.128418,4204.871582,4202.436035,4195.512695,4199.743652,4214.230957,4212.307617,4200.512695,4210.0,4176.922852000001,4180.641113000001,4213.461426
4197.05127,4193.333496,4191.666504,4199.871582,4199.358886999999,4197.563965,4200.512695,4210.769043,4204.871582,4192.563965,4202.563965,4172.436035,4175.384765999999,4202.692383
4201.666504,4200.769043,4200.0,4206.153809,4204.102539,4210.0,4191.666504,4209.230957,4211.922852000001,4209.358886999999,4216.153809,4182.563965,4194.743652,4217.692383
4207.05127,4207.436035,4202.05127,4206.282227000001,4202.307617,4210.128418,4185.641113000001,4201.666504,4214.743652,4219.487305,4227.94873,4188.333496,4206.538574,4223.974121
4203.205078,4199.358886999999,4196.538574,4197.307617,4196.794922,4202.05127,4188.077147999999,4196.922852000001,4208.205078,4212.307617,4223.461426,4183.589844,4198.461426,4213.974121
4209.743652,4196.153809,4201.153809,4196.153809,4198.589844,4205.384765999999,4193.974121,4215.0,4213.846191,4217.436035,4225.384765999999,4187.820313,4201.025879,4220.769043
4216.282227000001,4203.589844,4205.128418,4203.333496,4201.538574,4209.230957,4203.589844,4243.333496,4225.0,4225.512695,4233.333496,4195.769043,4208.846191,4231.410156
4208.846191,4207.692383,4198.077147999999,4206.666504,4200.641113000001,4205.897461,4212.179688,4240.0,4219.230957,4215.256348,4227.436035,4190.0,4201.922852000001,4220.897461
4207.05127,4207.820313,4196.794922,4205.256348,4197.436035,4205.769043,4215.0,4219.487305,4206.538574,4205.0,4217.05127,4185.0,4192.820313,4210.256348
4212.05127,4209.358886999999,4200.641113000001,4206.153809,4200.128418,4209.743652,4213.333496,4207.820313,4203.461426,4207.05127,4213.589844,4188.589844,4185.512695,4208.974121
4199.615234000001,4199.743652,4189.615234000001,4198.974121,4202.436035,4207.307617,4214.615234000001,4193.461426,4195.128418,4196.666504,4200.897461,4178.717772999999,4160.641113000001,4195.769043
4186.282227000001,4186.410156,4177.692383,4187.563965,4201.410156,4202.05127,4216.410156,4197.94873,4193.205078,4182.179688,4187.94873,4168.461426,4145.128418,4184.102539
4195.256348,4195.0,4185.384765999999,4193.205078,4204.230957,4201.794922,4203.333496,4220.769043,4208.077147999999,4193.205078,4195.641113000001,4179.743652,4168.077147999999,4196.282227000001
4199.743652,4203.589844,4191.794922,4199.358886999999,4201.410156,4197.436035,4184.487305,4208.333496,4206.922852000001,4205.128418,4204.487305,4188.077147999999,4187.820313,4207.307617
4191.025879,4194.230957,4188.974121,4193.077147999999,4193.461426,4196.794922,4185.256348,4193.974121,4200.384765999999,4206.153809,4203.461426,4184.230957,4180.897461,4200.128418
4194.871582,4197.179688,4193.974121,4192.563965,4196.794922,4210.128418,4195.512695,4233.205078,4222.563965,4218.205078,4210.769043,4186.282227000001,4183.205078,4202.307617
4206.538574,4214.743652,4201.025879,4201.410156,4204.615234000001,4215.897461,4192.179688,4259.230957,4241.025879,4230.256348,4225.0,4190.641113000001,4202.692383,4219.102539
4205.769043,4218.974121,4200.897461,4205.512695,4205.0,4205.256348,4186.538574,4233.974121,4225.641113000001,4225.384765999999,4230.128418,4192.820313,4207.436035,4226.794922
4200.897461,4210.384765999999,4200.128418,4199.230957,4202.436035,4200.897461,4187.563965,4216.922852000001,4205.512695,4215.128418,4225.897461,4197.820313,4196.282227000001,4221.282227000001
4201.794922,4208.717772999999,4199.743652,4195.0,4203.974121,4207.307617,4193.846191,4228.846191,4199.615234000001,4210.897461,4217.94873,4197.179688,4192.692383,4216.025879
4196.666504,4207.563965,4191.538574,4195.897461,4202.692383,4207.05127,4200.512695,4219.743652,4194.743652,4205.512695,4206.794922,4186.538574,4182.563965,4210.384765999999
4189.358886999999,4200.128418,4182.94873,4192.179688,4195.384765999999,4206.025879,4204.358886999999,4192.307617,4187.563965,4197.436035,4199.358886999999,4178.205078,4155.897461,4201.538574
4190.256348,4201.282227000001,4184.615234000001,4191.153809,4197.179688,4211.922852000001,4217.179688,4201.282227000001,4191.538574,4199.358886999999,4201.922852000001,4180.128418,4148.077147999999,4199.871582
4190.512695,4200.769043,4182.94873,4192.307617,4197.436035,4203.974121,4222.563965,4221.282227000001,4196.922852000001,4201.922852000001,4201.410156,4181.666504,4163.461426,4196.282227000001
4188.846191,4192.563965,4178.077147999999,4189.487305,4190.384765999999,4194.102539,4214.743652,4212.94873,4191.282227000001,4192.436035,4192.436035,4175.769043,4172.05127,4186.794922
4190.128418,4196.794922,4184.871582,4190.256348,4195.256348,4203.077147999999,4209.358886999999,4200.512695,4188.333496,4187.94873,4194.358886999999,4173.205078,4179.487305,4192.179688
4187.05127,4203.077147999999,4187.692383,4190.0,4195.897461,4204.487305,4206.410156,4210.128418,4190.512695,4188.205078,4197.307617,4176.025879,4175.641113000001,4200.256348
4190.512695,4202.94873,4185.128418,4188.717772999999,4190.256348,4194.487305,4201.025879,4229.358886999999,4199.871582,4192.436035,4198.205078,4177.692383,4159.358886999999,4199.358886999999
4201.538574,4208.717772999999,4193.589844,4197.05127,4199.615234000001,4197.179688,4184.102539,4235.0,4215.512695,4211.025879,4211.538574,4182.179688,4161.666504,4204.871582
4202.563965,4215.128418,4202.307617,4204.230957,4205.512695,4205.0,4168.846191,4224.743652,4222.692383,4225.384765999999,4226.538574,4191.282227000001,4177.436035,4218.717772999999
4202.179688,4213.461426,4203.461426,4203.205078,4201.282227000001,4208.974121,4177.820313,4226.153809,4220.897461,4223.461426,4231.410156,4195.128418,4186.666504,4224.102539
4201.410156,4207.692383,4198.461426,4201.538574,4205.512695,4212.179688,4190.256348,4228.846191,4216.153809,4218.205078,4225.769043,4191.666504,4182.436035,4216.282227000001
4191.538574,4203.974121,4186.922852000001,4200.256348,4209.871582,4215.128418,4185.0,4203.717772999999,4206.922852000001,4212.307617,4217.820313,4185.512695,4174.102539,4203.974121
4181.153809,4197.307617,4174.230957,4189.871582,4203.461426,4213.846191,4187.05127,4189.743652,4199.230957,4202.563965,4209.102539,4177.05127,4172.307617,4192.820313
4176.282227000001,4188.717772999999,4165.384765999999,4177.563965,4198.461426,4206.922852000001,4201.794922,4204.487305,4196.025879,4193.589844,4197.94873,4170.256348,4174.615234000001,4185.384765999999
4176.922852000001,4191.153809,4168.589844,4182.436035,4194.871582,4200.128418,4205.384765999999,4205.769043,4193.589844,4191.538574,4195.384765999999,4171.410156,4175.641113000001,4185.128418
4184.230957,4200.512695,4179.487305,4191.282227000001,4192.05127,4197.563965,4199.487305,4190.128418,4190.641113000001,4189.358886999999,4199.615234000001,4178.589844,4175.384765999999,4189.743652
4190.128418,4202.692383,4186.666504,4190.0,4200.128418,4196.153809,4197.436035,4195.128418,4187.436035,4187.820313,4202.820313,4184.487305,4183.974121,4195.128418
4189.230957,4198.461426,4186.922852000001,4190.384765999999,4198.461426,4187.563965,4195.256348,4203.077147999999,4180.641113000001,4186.666504,4202.307617,4185.128418,4189.102539,4196.538574
4195.128418,4204.230957,4191.666504,4199.615234000001,4188.333496,4181.666504,4188.205078,4203.589844,4181.922852000001,4186.538574,4207.563965,4187.563965,4190.384765999999,4201.666504
4207.179688,4216.282227000001,4205.256348,4208.717772999999,4201.538574,4195.0,4183.461426,4215.769043,4191.666504,4191.538574,4215.641113000001,4194.102539,4202.436035,4208.717772999999
4205.0,4212.820313,4206.922852000001,4206.666504,4213.077147999999,4205.384765999999,4182.307617,4210.384765999999,4187.820313,4189.615234000001,4212.179688,4194.487305,4207.179688,4204.743652
4198.974121,4204.871582,4198.846191,4200.641113000001,4203.077147999999,4199.487305,4187.05127,4204.230957,4189.230957,4189.102539,4208.461426,4191.282227000001,4201.794922,4204.615234000001
4202.436035,4209.487305,4198.717772999999,4201.282227000001,4200.128418,4201.666504,4192.692383,4225.512695,4207.307617,4201.538574,4216.153809,4191.922852000001,4206.282227000001,4215.769043
4204.102539,4216.794922,4200.0,4205.256348,4209.358886999999,4215.128418,4188.461426,4218.205078,4208.205078,4209.102539,4220.256348,4192.179688,4214.871582,4215.769043
4196.666504,4213.205078,4192.692383,4203.846191,4210.256348,4217.05127,4184.743652,4193.461426,4203.846191,4207.436035,4214.102539,4186.410156,4208.589844,4201.538574
4184.743652,4198.717772999999,4181.538574,4193.461426,4198.974121,4208.205078,4191.282227000001,4212.307617,4215.128418,4205.512695,4207.563965,4179.615234000001,4189.358886999999,4191.794922
4179.487305,4189.871582,4179.871582,4187.820313,4193.974121,4212.05127,4205.256348,4234.743652,4219.230957,4207.436035,4206.025879,4180.512695,4175.769043,4191.666504
4182.563965,4194.615234000001,4182.436035,4190.769043,4200.769043,4218.974121,4214.871582,4242.307617,4217.179688,4209.487305,4204.358886999999,4180.897461,4175.641113000001,4188.974121
4180.128418,4195.769043,4178.717772999999,4189.871582,4198.333496,4206.538574,4212.05127,4243.461426,4210.384765999999,4201.025879,4195.641113000001,4171.025879,4177.820313,4181.153809
4175.512695,4192.05127,4177.94873,4188.589844,4189.230957,4196.410156,4200.0,4203.205078,4185.641113000001,4187.692383,4190.641113000001,4165.897461,4176.410156,4178.461426
4178.589844,4192.307617,4182.820313,4190.128418,4187.94873,4193.974121,4192.692383,4168.077147999999,4162.692383,4180.769043,4191.922852000001,4173.589844,4175.769043,4184.615234000001
4188.205078,4195.641113000001,4189.102539,4192.94873,4187.820313,4184.102539,4195.512695,4186.153809,4160.641113000001,4179.487305,4196.410156,4185.769043,4186.538574,4197.179688
4203.333496,4207.179688,4204.358886999999,4204.615234000001,4193.077147999999,4181.538574,4191.153809,4192.05127,4163.846191,4189.871582,4210.897461,4202.307617,4210.512695,4217.692383
4213.205078,4219.230957,4216.282227000001,4214.230957,4202.94873,4191.153809,4174.230957,4167.94873,4163.205078,4199.871582,4221.282227000001,4211.794922,4216.153809,4231.538574
4207.820313,4218.077147999999,4208.077147999999,4212.692383,4201.538574,4190.384765999999,4164.743652,4167.692383,4161.922852000001,4190.769043,4217.692383,4204.358886999999,4196.025879,4226.666504
4199.102539,4209.743652,4197.563965,4208.974121,4193.846191,4183.589844,4170.384765999999,4176.025879,4161.538574,4181.922852000001,4212.05127,4195.897461,4184.871582,4217.179688
4193.846191,4199.743652,4197.692383,4203.077147999999,4195.897461,4190.512695,4179.615234000001,4180.384765999999,4172.563965,4187.820313,4207.563965,4194.102539,4184.102539,4208.974121
4190.128418,4194.615234000001,4195.897461,4198.974121,4201.794922,4205.641113000001,4192.94873,4201.410156,4190.897461,4193.205078,4201.282227000001,4189.743652,4172.179688,4199.358886999999
4182.307617,4194.615234000001,4185.384765999999,4196.538574,4196.794922,4208.333496,4196.922852000001,4218.974121,4193.717772999999,4186.538574,4191.538574,4180.0,4155.0,4187.820313
4172.94873,4193.717772999999,4175.897461,4192.05127,4193.077147999999,4201.410156,4192.820313,4230.769043,4196.025879,4183.717772999999,4182.307617,4171.153809,4155.256348,4178.461426
4174.102539,4197.692383,4175.256348,4193.333496,4198.717772999999,4203.461426,4203.461426,4244.615234000001,4214.230957,4194.487305,4180.384765999999,4170.384765999999,4168.846191,4178.974121
4182.307617,4204.871582,4177.436035,4197.05127,4202.563965,4213.077147999999,4209.102539,4236.666504,4220.0,4202.563965,4179.871582,4174.743652,4172.179688,4182.436035
4184.358886999999,4204.743652,4178.846191,4197.05127,4206.410156,4215.128418,4200.384765999999,4219.615234000001,4214.102539,4202.436035,4177.179688,4177.692383,4166.666504,4187.563965
4180.0,4199.487305,4178.333496,4194.358886999999,4207.179688,4207.94873,4199.102539,4219.102539,4213.077147999999,4200.641113000001,4175.769043,4179.358886999999,4162.563965,4193.333496
4181.666504,4201.794922,4180.384765999999,4195.769043,4199.102539,4206.794922,4206.025879,4218.846191,4208.205078,4200.128418,4176.153809,4182.179688,4166.282227000001,4193.717772999999
4191.922852000001,4214.358886999999,4188.974121,4200.641113000001,4194.871582,4206.025879,4203.205078,4216.666504,4202.436035,4205.384765999999,4184.615234000001,4186.922852000001,4180.128418,4199.102539
4202.692383,4219.871582,4196.153809,4205.512695,4195.769043,4191.794922,4189.615234000001,4219.230957,4197.563965,4208.589844,4194.487305,4192.05127,4186.538574,4211.922852000001
4208.205078,4215.769043,4199.358886999999,4211.666504,4193.205078,4184.615234000001,4179.358886999999,4207.94873,4187.436035,4201.282227000001,4194.487305,4191.538574,4179.615234000001,4217.94873
4205.384765999999,4211.025879,4196.922852000001,4211.025879,4189.487305,4192.94873,4178.205078,4187.179688,4174.230957,4188.846191,4186.153809,4186.153809,4172.820313,4210.897461
4203.846191,4207.436035,4194.615234000001,4206.922852000001,4193.077147999999,4196.666504,4188.974121,4188.717772999999,4169.871582,4185.897461,4182.692383,4184.358886999999,4170.769043,4205.897461
4208.461426,4206.410156,4193.846191,4204.743652,4197.692383,4192.436035,4186.282227000001,4193.333496,4172.05127,4186.538574,4185.512695,4182.05127,4164.230957,4203.205078
4209.487305,4209.358886999999,4187.563965,4200.512695,4190.641113000001,4185.128418,4166.282227000001,4192.05127,4175.0,4181.025879,4183.333496,4177.05127,4156.666504,4196.282227000001
4207.820313,4212.179688,4183.717772999999,4198.846191,4182.94873,4180.256348,4170.384765999999,4217.563965,4188.846191,4183.846191,4182.179688,4178.077147999999,4160.897461,4196.282227000001
4202.05127,4204.102539,4184.743652,4196.538574,4178.846191,4183.717772999999,4195.256348,4236.025879,4202.820313,4193.205078,4186.282227000001,4178.717772999999,4170.128418,4198.974121
4191.666504,4191.153809,4177.563965,4186.922852000001,4172.307617,4192.436035,4201.666504,4217.179688,4198.077147999999,4187.436035,4183.974121,4170.384765999999,4165.641113000001,4192.179688
4183.974121,4183.974121,4162.05127,4177.820313,4170.256348,4197.307617,4190.256348,4199.487305,4183.974121,4175.256348,4173.589844,4159.743652,4147.692383,4179.871582
4181.410156,4178.974121,4153.333496,4177.179688,4170.897461,4186.153809,4187.436035,4207.94873,4183.461426,4176.025879,4169.358886999999,4156.410156,4143.589844,4174.230957
4183.717772999999,4182.05127,4157.692383,4178.974121,4170.384765999999,4181.153809,4191.922852000001,4215.384765999999,4194.743652,4186.794922,4176.666504,4158.974121,4163.589844,4178.589844
4189.871582,4191.666504,4165.128418,4181.538574,4174.871582,4196.153809,4189.358886999999,4199.230957,4190.512695,4192.436035,4182.436035,4161.025879,4180.897461,4182.94873
4195.641113000001,4197.307617,4169.230957,4190.897461,4185.0,4199.358886999999,4178.717772999999,4193.589844,4182.692383,4191.410156,4184.230957,4164.615234000001,4186.794922,4183.974121
4197.179688,4198.461426,4173.846191,4198.974121,4189.358886999999,4189.871582,4179.358886999999,4214.230957,4187.563965,4189.358886999999,4185.769043,4169.743652,4189.487305,4183.205078
4196.666504,4200.128418,4180.641113000001,4197.820313,4190.641113000001,4193.717772999999,4192.692383,4209.230957,4180.256348,4186.794922,4187.05127,4171.282227000001,4186.538574,4181.282227000001
4204.743652,4210.256348,4186.794922,4201.153809,4199.615234000001,4196.538574,4186.922852000001,4183.589844,4171.538574,4193.974121,4194.358886999999,4177.692383,4189.102539,4185.128418
4217.307617,4221.410156,4191.153809,4214.743652,4205.512695,4185.256348,4164.487305,4192.94873,4187.05127,4207.436035,4204.102539,4189.102539,4199.358886999999,4196.153809
4215.256348,4213.846191,4190.128418,4214.615234000001,4197.436035,4186.282227000001,4167.820313,4211.794922,4200.256348,4203.205078,4199.487305,4192.307617,4187.563965,4197.563965
4203.974121,4200.641113000001,4184.743652,4201.794922,4191.153809,4196.153809,4179.615234000001,4197.94873,4191.153809,4189.487305,4188.974121,4190.641113000001,4170.641113000001,4188.717772999999
4197.05127,4193.846191,4175.0,4194.230957,4187.692383,4187.563965,4164.230957,4180.128418,4181.794922,4183.333496,4184.230957,4186.922852000001,4175.0,4181.794922
4190.641113000001,4183.974121,4167.179688,4188.589844,4176.410156,4179.358886999999,4166.410156,4190.0,4183.846191,4182.179688,4180.641113000001,4179.102539,4180.512695,4175.0
4184.487305,4176.282227000001,4167.820313,4182.692383,4174.871582,4188.589844,4193.717772999999,4211.666504,4194.102539,4187.179688,4184.871582,4179.487305,4182.94873,4170.384765999999
4181.025879,4173.717772999999,4165.641113000001,4179.102539,4183.333496,4195.512695,4190.256348,4212.820313,4198.333496,4190.384765999999,4191.153809,4184.102539,4188.461426,4167.692383
4180.641113000001,4172.179688,4164.743652,4181.794922,4186.538574,4195.512695,4185.256348,4204.743652,4191.410156,4186.794922,4191.025879,4181.922852000001,4191.538574,4167.94873
4184.102539,4173.846191,4173.461426,4185.897461,4188.205078,4190.641113000001,4198.205078,4204.102539,4186.794922,4182.820313,4188.717772999999,4180.256348,4187.692383,4174.743652
4186.922852000001,4179.615234000001,4178.846191,4186.025879,4189.871582,4183.974121,4188.461426,4199.358886999999,4188.974121,4181.666504,4186.794922,4183.205078,4184.487305,4177.436035
4182.94873,4180.769043,4176.794922,4184.487305,4190.641113000001,4191.922852000001,4182.94873,4211.922852000001,4195.641113000001,4183.846191,4186.794922,4183.077147999999,4189.487305,4172.179688
4183.846191,4183.333496,4182.05127,4187.94873,4196.922852000001,4204.487305,4195.641113000001,4232.179688,4201.282227000001,4189.487305,4193.205078,4182.05127,4200.128418,4177.307617
4199.230957,4200.769043,4196.538574,4202.94873,4211.666504,4201.666504,4187.692383,4215.128418,4203.717772999999,4204.102539,4206.153809,4189.615234000001,4207.563965,4197.307617
4204.230957,4209.615234000001,4199.871582,4211.282227000001,4211.922852000001,4192.307617,4180.0,4199.358886999999,4202.307617,4209.102539,4207.692383,4194.743652,4198.717772999999,4203.077147999999
4199.230957,4198.974121,4194.358886999999,4206.025879,4198.974121,4193.205078,4189.102539,4211.922852000001,4192.436035,4193.333496,4196.153809,4190.641113000001,4183.974121,4193.461426
4202.94873,4192.820313,4197.179688,4203.846191,4198.461426,4199.743652,4184.487305,4211.538574,4189.358886999999,4188.333496,4193.974121,4188.717772999999,4183.589844,4194.871582
4203.461426,4195.128418,4199.230957,4206.538574,4199.615234000001,4195.769043,4170.641113000001,4193.205078,4195.256348,4200.897461,4198.333496,4191.538574,4198.717772999999,4201.666504
4195.512695,4195.256348,4196.025879,4207.05127,4194.230957,4189.487305,4179.487305,4197.436035,4200.641113000001,4205.256348,4200.512695,4191.153809,4212.692383,4199.487305
4190.384765999999,4190.384765999999,4194.358886999999,4200.897461,4189.871582,4189.871582,4196.410156,4222.563965,4206.410156,4199.743652,4201.794922,4188.974121,4212.05127,4194.615234000001
4183.205078,4176.922852000001,4186.922852000001,4186.538574,4183.589844,4189.358886999999,4199.230957,4226.666504,4206.538574,4195.512695,4197.94873,4183.974121,4199.358886999999,4187.820313
4171.922852000001,4165.769043,4175.897461,4178.461426,4180.384765999999,4189.743652,4206.025879,4207.94873,4202.436035,4194.487305,4192.692383,4173.589844,4191.922852000001,4179.743652
4166.794922,4162.05127,4171.922852000001,4180.256348,4181.282227000001,4184.358886999999,4211.666504,4203.333496,4200.769043,4193.717772999999,4189.230957,4163.974121,4187.436035,4175.641113000001
4169.743652,4163.205078,4175.384765999999,4182.436035,4184.871582,4181.282227000001,4201.153809,4219.358886999999,4204.743652,4196.282227000001,4188.077147999999,4164.871582,4187.307617,4178.974121
4176.025879,4173.077147999999,4183.461426,4190.512695,4195.256348,4201.153809,4197.179688,4231.794922,4219.743652,4211.666504,4199.102539,4175.512695,4205.128418,4188.205078
4182.179688,4180.897461,4187.307617,4197.307617,4201.794922,4209.358886999999,4205.384765999999,4231.410156,4228.717772999999,4226.410156,4213.077147999999,4180.256348,4216.282227000001,4190.641113000001
4189.102539,4179.615234000001,4185.0,4196.410156,4198.205078,4195.769043,4206.538574,4222.692383,4213.846191,4221.794922,4211.794922,4178.974121,4217.436035,4186.794922
4194.102539,4180.897461,4185.769043,4199.743652,4198.589844,4196.794922,4193.077147999999,4210.769043,4195.384765999999,4209.615234000001,4203.589844,4182.563965,4226.025879,4186.794922
4198.717772999999,4193.717772999999,4193.717772999999,4209.358886999999,4209.615234000001,4209.230957,4182.179688,4218.205078,4204.230957,4212.94873,4212.436035,4192.94873,4237.820313,4198.205078
4212.179688,4204.615234000001,4203.974121,4215.0,4216.410156,4204.358886999999,4183.461426,4226.922852000001,4218.205078,4225.384765999999,4228.717772999999,4203.077147999999,4247.05127,4212.436035
4214.871582,4194.487305,4203.717772999999,4207.94873,4206.282227000001,4186.922852000001,4186.666504,4216.153809,4207.563965,4219.102539,4225.641113000001,4204.487305,4244.230957,4209.743652
4196.538574,4174.487305,4192.820313,4194.230957,4194.487305,4184.358886999999,4182.563965,4211.794922,4194.743652,4199.615234000001,4209.358886999999,4197.436035,4227.94873,4196.410156
4183.589844,4169.102539,4183.461426,4188.205078,4194.871582,4189.102539,4172.563965,4199.230957,4187.179688,4185.641113000001,4198.717772999999,4187.563965,4213.333496,4187.692383
4186.153809,4177.436035,4182.94873,4190.641113000001,4194.871582,4185.256348,4178.461426,4175.128418,4180.0,4185.0,4197.307617,4185.384765999999,4217.05127,4185.0
4188.974121,4179.871582,4186.666504,4193.974121,4187.692383,4183.461426,4199.743652,4179.230957,4187.692383,4191.922852000001,4197.307617,4186.922852000001,4223.461426,4183.077147999999
4182.563965,4170.256348,4180.512695,4189.230957,4183.205078,4186.666504,4204.230957,4198.333496,4200.0,4187.692383,4190.128418,4181.410156,4211.282227000001,4174.102539
4172.820313,4166.666504,4170.128418,4182.179688,4187.563965,4189.743652,4200.641113000001,4215.0,4205.512695,4184.358886999999,4185.641113000001,4171.922852000001,4202.820313,4162.820313
4170.384765999999,4174.743652,4171.153809,4182.179688,4196.410156,4196.794922,4209.358886999999,4227.179688,4213.205078,4196.794922,4193.589844,4170.897461,4205.0,4161.794922
4174.615234000001,4181.282227000001,4178.717772999999,4187.179688,4201.025879,4203.461426,4205.897461,4219.743652,4218.717772999999,4209.358886999999,4199.230957,4179.487305,4198.717772999999,4169.358886999999
4179.871582,4186.666504,4183.205078,4193.717772999999,4204.871582,4201.794922,4191.282227000001,4211.410156,4219.102539,4214.487305,4200.0,4185.769043,4191.282227000001,4176.153809
4185.641113000001,4193.589844,4186.666504,4197.563965,4211.153809,4203.461426,4192.94873,4223.205078,4219.102539,4218.077147999999,4207.436035,4190.384765999999,4200.128418,4182.436035
4194.358886999999,4202.820313,4196.410156,4203.461426,4216.922852000001,4208.717772999999,4192.307617,4223.077147999999,4212.179688,4220.0,4219.871582,4198.333496,4211.025879,4191.666504
4202.05127,4209.871582,4207.563965,4209.487305,4218.846191,4201.666504,4180.641113000001,4214.102539,4201.538574,4215.897461,4224.230957,4204.102539,4216.282227000001,4201.153809
4198.333496,4201.410156,4207.05127,4205.384765999999,4212.94873,4190.128418,4180.769043,4218.461426,4192.179688,4203.077147999999,4214.487305,4205.641113000001,4221.282227000001,4200.0
4185.897461,4185.769043,4200.769043,4198.717772999999,4206.538574,4197.692383,4193.077147999999,4217.820313,4189.615234000001,4193.205078,4205.769043,4204.487305,4219.487305,4189.102539
4178.974121,4183.717772999999,4197.94873,4196.922852000001,4208.205078,4210.256348,4195.512695,4204.743652,4198.589844,4198.333496,4207.692383,4197.820313,4209.487305,4182.692383
4175.384765999999,4185.256348,4187.563965,4193.333496,4208.205078,4205.512695,4200.384765999999,4201.922852000001,4203.461426,4200.769043,4203.077147999999,4184.230957,4189.487305,4174.487305
4164.615234000001,4177.436035,4171.410156,4185.769043,4199.102539,4198.846191,4219.102539,4213.846191,4195.128418,4186.538574,4184.358886999999,4172.436035,4164.230957,4158.461426
4158.461426,4174.102539,4167.94873,4183.846191,4196.025879,4201.794922,4216.282227000001,4212.307617,4189.743652,4179.230957,4173.205078,4169.615234000001,4153.717772999999,4151.282227000001
4166.538574,4181.794922,4177.563965,4188.333496,4204.230957,4201.794922,4200.384765999999,4208.077147999999,4200.897461,4195.897461,4183.461426,4175.512695,4167.05127,4161.538574
4170.641113000001,4184.615234000001,4181.666504,4189.487305,4203.333496,4195.512695,4201.538574,4218.589844,4213.461426,4208.333496,4193.589844,4180.256348,4180.512695,4171.538574
4171.922852000001,4187.692383,4182.179688,4191.025879,4203.205078,4197.563965,4205.256348,4220.769043,4213.846191,4204.871582,4194.102539,4179.102539,4183.846191,4172.94873
4179.743652,4201.922852000001,4189.871582,4200.256348,4218.717772999999,4207.307617,4199.487305,4219.102539,4212.436035,4208.333496,4199.615234000001,4181.025879,4193.589844,4175.897461
4181.153809,4202.94873,4192.307617,4202.307617,4220.256348,4202.563965,4190.384765999999,4226.153809,4210.0,4214.102539,4204.102539,4183.717772999999,4193.717772999999,4180.512695
4182.05127,4199.615234000001,4193.846191,4201.538574,4209.871582,4188.077147999999,4186.538574,4221.922852000001,4206.666504,4213.461426,4203.717772999999,4186.410156,4188.846191,4189.487305
4192.692383,4211.153809,4204.358886999999,4209.743652,4214.871582,4190.641113000001,4189.358886999999,4206.538574,4203.717772999999,4216.025879,4209.230957,4191.794922,4198.461426,4200.0
4196.794922,4212.436035,4209.230957,4209.871582,4217.692383,4200.769043,4194.358886999999,4211.153809,4198.077147999999,4214.871582,4210.384765999999,4194.743652,4201.666504,4199.615234000001
4187.692383,4199.358886999999,4201.282227000001,4201.538574,4209.871582,4196.538574,4193.846191,4220.769043,4190.769043,4203.846191,4199.358886999999,4188.461426,4189.230957,4188.333496
4177.820313,4195.512695,4190.512695,4201.538574,4209.487305,4189.743652,4188.589844,4199.102539,4181.794922,4194.230957,4190.897461,4179.487305,4181.153809,4177.820313
4173.461426,4200.512695,4186.282227000001,4203.589844,4214.230957,4197.179688,4186.538574,4185.0,4182.436035,4195.0,4192.05127,4182.692383,4184.358886999999,4175.128418
4171.282227000001,4197.820313,4186.922852000001,4201.025879,4207.94873,4200.641113000001,4192.05127,4218.333496,4197.94873,4202.436035,4195.769043,4188.333496,4185.0,4174.230957
4171.922852000001,4192.94873,4189.102539,4198.974121,4201.666504,4192.820313,4198.461426,4240.641113000001,4210.769043,4205.512695,4194.615234000001,4186.153809,4182.563965,4170.769043
4173.333496,4195.384765999999,4188.461426,4197.94873,4209.230957,4196.666504,4201.922852000001,4214.743652,4209.743652,4202.692383,4189.358886999999,4180.512695,4184.102539,4168.077147999999
4167.436035,4192.436035,4179.358886999999,4192.692383,4211.282227000001,4206.666504,4201.410156,4194.615234000001,4201.538574,4198.717772999999,4179.871582,4173.205078,4179.358886999999,4164.487305
4157.94873,4183.077147999999,4172.05127,4186.794922,4205.128418,4208.077147999999,4197.05127,4206.666504,4202.436035,4196.025879,4169.102539,4167.692383,4174.615234000001,4160.512695
4156.410156,4181.538574,4174.102539,4185.128418,4207.179688,4203.589844,4194.487305,4225.256348,4213.077147999999,4196.794922,4164.615234000001,4166.538574,4179.230957,4160.384765999999
4163.717772999999,4185.512695,4179.230957,4183.974121,4205.769043,4195.512695,4193.717772999999,4227.692383,4215.256348,4196.794922,4165.128418,4169.615234000001,4182.820313,4163.333496
4177.436035,4192.820313,4189.743652,4188.333496,4197.307617,4198.333496,4198.205078,4216.922852000001,4205.384765999999,4198.461426,4171.153809,4176.282227000001,4185.384765999999,4172.179688
4186.922852000001,4199.615234000001,4199.615234000001,4195.384765999999,4193.974121,4197.563965,4197.563965,4209.487305,4198.717772999999,4197.436035,4170.384765999999,4180.641113000001,4190.897461,4181.410156
4186.922852000001,4200.641113000001,4199.102539,4196.153809,4196.922852000001,4184.871582,4189.615234000001,4201.153809,4197.05127,4189.743652,4163.205078,4178.974121,4193.846191,4182.179688
4186.922852000001,4201.410156,4197.307617,4195.897461,4201.282227000001,4191.410156,4198.077147999999,4194.487305,4196.410156,4189.871582,4166.794922,4180.0,4194.615234000001,4183.846191
4189.871582,4201.025879,4199.743652,4195.0,4198.461426,4203.589844,4206.538574,4208.974121,4203.717772999999,4200.769043,4176.922852000001,4185.897461,4199.102539,4192.563965
4197.307617,4202.179688,4204.358886999999,4196.666504,4195.897461,4192.05127,4189.615234000001,4231.922852000001,4215.769043,4209.871582,4186.794922,4187.436035,4206.025879,4200.769043
4198.846191,4202.692383,4202.05127,4195.256348,4197.307617,4180.769043,4172.05127,4224.102539,4207.692383,4202.820313,4186.153809,4178.077147999999,4203.589844,4197.307617
4185.897461,4197.307617,4189.358886999999,4185.384765999999,4189.871582,4193.077147999999,4181.410156,4203.717772999999,4186.538574,4187.307617,4171.410156,4162.820313,4191.794922,4184.615234000001
4176.025879,4192.179688,4179.102539,4180.384765999999,4187.05127,4207.692383,4192.692383,4191.794922,4182.179688,4181.794922,4162.94873,4155.256348,4188.461426,4176.538574
4175.512695,4187.179688,4173.205078,4177.692383,4193.589844,4203.333496,4192.436035,4187.563965,4186.025879,4179.871582,4163.461426,4152.820313,4190.128418,4171.538574
4174.102539,4182.820313,4172.94873,4173.205078,4189.230957,4197.820313,4197.179688,4217.94873,4198.205078,4182.94873,4164.743652,4150.512695,4186.282227000001,4169.358886999999
4172.436035,4183.589844,4175.128418,4171.538574,4180.512695,4202.563965,4196.282227000001,4228.717772999999,4204.615234000001,4188.077147999999,4166.282227000001,4150.256348,4182.692383,4168.846191
4169.102539,4178.974121,4168.077147999999,4168.589844,4180.897461,4199.358886999999,4184.871582,4180.769043,4182.820313,4177.307617,4161.794922,4148.205078,4177.307617,4160.769043
4167.307617,4175.128418,4165.128418,4166.922852000001,4184.102539,4185.641113000001,4175.641113000001,4161.153809,4175.0,4172.563965,4159.615234000001,4149.615234000001,4177.692383,4159.230957
4180.128418,4190.0,4180.384765999999,4174.871582,4186.666504,4184.743652,4174.230957,4191.282227000001,4200.512695,4191.666504,4174.358886999999,4162.692383,4191.922852000001,4174.230957
4198.077147999999,4204.615234000001,4196.666504,4190.769043,4191.538574,4195.256348,4187.436035,4213.846191,4218.333496,4205.641113000001,4190.128418,4174.102539,4201.922852000001,4186.025879
4195.897461,4197.94873,4194.615234000001,4194.487305,4191.410156,4196.538574,4199.615234000001,4209.871582,4208.974121,4196.666504,4183.974121,4170.128418,4195.897461,4180.512695
4186.410156,4189.358886999999,4185.769043,4183.333496,4187.307617,4186.538574,4184.615234000001,4186.025879,4191.666504,4182.563965,4173.205078,4162.692383,4190.641113000001,4175.384765999999
4196.410156,4199.871582,4190.641113000001,4183.846191,4191.538574,4184.871582,4176.025879,4182.820313,4194.102539,4186.922852000001,4186.410156,4168.333496,4199.102539,4187.820313
4206.666504,4206.666504,4200.128418,4195.384765999999,4195.384765999999,4193.846191,4197.05127,4213.077147999999,4209.487305,4199.487305,4202.179688,4180.128418,4210.384765999999,4198.461426
4201.666504,4199.102539,4197.94873,4196.153809,4194.487305,4199.871582,4208.846191,4218.077147999999,4209.358886999999,4201.666504,4199.743652,4179.487305,4218.974121,4190.769043
4197.05127,4195.0,4190.384765999999,4190.128418,4198.589844,4205.128418,4201.922852000001,4203.717772999999,4209.743652,4203.717772999999,4197.307617,4170.897461,4227.692383,4179.358886999999
4191.538574,4191.794922,4184.358886999999,4186.025879,4198.461426,4210.512695,4198.461426,4211.794922,4219.487305,4205.256348,4194.743652,4165.0,4228.205078,4173.974121
4182.179688,4185.769043,4177.05127,4180.384765999999,4191.410156,4209.871582,4197.307617,4205.0,4208.589844,4194.743652,4182.692383,4159.743652,4217.692383,4166.922852000001
4179.871582,4182.179688,4173.461426,4176.922852000001,4185.384765999999,4202.692383,4194.487305,4192.179688,4195.769043,4186.410156,4177.436035,4155.512695,4211.410156,4162.94873
4188.077147999999,4182.563965,4177.307617,4181.410156,4183.333496,4198.205078,4205.769043,4215.0,4205.256348,4188.717772999999,4185.256348,4162.692383,4221.153809,4169.487305
4197.307617,4191.282227000001,4185.897461,4191.538574,4189.230957,4198.974121,4215.769043,4225.384765999999,4208.717772999999,4192.94873,4193.077147999999,4174.871582,4236.922852000001,4178.846191
4201.025879,4202.307617,4190.384765999999,4196.153809,4199.871582,4194.358886999999,4199.487305,4199.358886999999,4198.846191,4196.282227000001,4193.589844,4173.717772999999,4231.922852000001,4180.384765999999
4203.589844,4206.922852000001,4192.436035,4195.0,4207.94873,4191.922852000001,4184.102539,4189.615234000001,4198.717772999999,4200.512695,4193.205078,4167.820313,4214.487305,4175.897461
4209.358886999999,4204.358886999999,4197.307617,4197.820313,4208.717772999999,4196.153809,4189.230957,4208.077147999999,4209.487305,4206.282227000001,4199.743652,4169.487305,4216.666504,4178.974121
4218.717772999999,4206.538574,4204.230957,4204.743652,4207.05127,4194.230957,4193.077147999999,4218.461426,4217.94873,4216.410156,4209.743652,4177.307617,4238.974121,4192.179688
4227.94873,4220.128418,4214.230957,4211.922852000001,4210.512695,4191.153809,4192.692383,4211.666504,4222.05127,4226.794922,4215.641113000001,4187.179688,4256.794922,4203.205078
4227.820313,4225.0,4214.871582,4212.436035,4210.128418,4200.0,4202.94873,4202.179688,4214.230957,4219.871582,4212.692383,4188.589844,4249.102539,4202.94873
4218.589844,4214.743652,4204.743652,4206.153809,4205.769043,4209.230957,4207.436035,4207.436035,4204.102539,4206.922852000001,4209.230957,4183.589844,4230.384765999999,4197.563965
4215.256348,4208.205078,4200.256348,4202.179688,4205.384765999999,4203.589844,4201.666504,4218.077147999999,4210.512695,4212.05127,4211.666504,4181.282227000001,4221.922852000001,4197.692383
4214.871582,4205.256348,4199.743652,4197.436035,4201.025879,4195.0,4204.230957,4222.692383,4223.333496,4219.871582,4208.974121,4179.871582,4216.666504,4195.769043
4206.025879,4197.820313,4193.333496,4192.179688,4192.179688,4201.282227000001,4212.436035,4241.410156,4227.563965,4213.461426,4198.461426,4174.102539,4205.641113000001,4185.256348
4196.794922,4192.307617,4186.153809,4190.769043,4191.410156,4209.871582,4210.897461,4241.666504,4218.974121,4202.307617,4192.563965,4172.05127,4200.128418,4178.077147999999
4195.641113000001,4189.743652,4186.922852000001,4190.512695,4197.94873,4199.487305,4209.871582,4208.461426,4208.717772999999,4201.153809,4192.563965,4172.179688,4202.436035,4178.717772999999
4194.615234000001,4183.461426,4188.717772999999,4187.820313,4199.615234000001,4186.410156,4211.025879,4205.0,4211.538574,4204.230957,4191.410156,4165.769043,4202.436035,4176.794922
4191.538574,4179.871582,4188.205078,4185.897461,4196.410156,4193.077147999999,4200.769043,4224.871582,4212.820313,4200.128418,4187.05127,4161.794922,4201.922852000001,4171.282227000001
4202.94873,4188.461426,4197.179688,4197.94873,4203.846191,4203.205078,4195.512695,4217.307617,4207.94873,4200.384765999999,4192.179688,4170.897461,4215.897461,4181.538574
4221.410156,4201.282227000001,4212.436035,4212.563965,4215.769043,4198.077147999999,4196.666504,4199.230957,4205.0,4207.692383,4206.538574,4186.153809,4235.128418,4202.179688
4226.922852000001,4207.820313,4217.94873,4214.358886999999,4218.205078,4195.128418,4193.205078,4190.256348,4193.589844,4205.512695,4211.922852000001,4193.589844,4243.589844,4207.05127
4230.897461,4215.0,4223.717772999999,4218.589844,4219.230957,4206.666504,4191.794922,4176.153809,4180.384765999999,4199.743652,4213.846191,4195.0,4249.230957,4209.102539
4241.025879,4220.897461,4235.256348,4228.333496,4222.820313,4207.436035,4187.94873,4175.128418,4186.025879,4206.410156,4224.230957,4201.282227000001,4261.666504,4222.94873
4245.384765999999,4223.461426,4236.794922,4229.487305,4223.077147999999,4193.589844,4183.846191,4194.358886999999,4205.897461,4219.743652,4233.974121,4207.94873,4266.794922,4230.0
4232.692383,4214.487305,4227.307617,4217.307617,4211.922852000001,4189.871582,4193.717772999999,4218.717772999999,4221.025879,4221.153809,4228.974121,4203.205078,4245.0,4217.692383
4213.077147999999,4194.871582,4213.974121,4201.794922,4200.256348,4200.512695,4213.717772999999,4241.153809,4228.333496,4217.05127,4215.897461,4189.743652,4225.0,4201.666504
4202.820313,4188.077147999999,4203.589844,4193.974121,4202.563965,4211.794922,4228.077147999999,4249.743652,4233.205078,4220.641113000001,4213.333496,4182.563965,4233.461426,4199.487305
4197.307617,4183.333496,4195.384765999999,4187.692383,4201.666504,4205.512695,4222.94873,4246.153809,4231.410156,4216.025879,4211.153809,4178.717772999999,4235.384765999999,4199.358886999999
4191.794922,4173.589844,4191.538574,4182.692383,4195.384765999999,4197.692383,4210.641113000001,4249.102539,4232.179688,4207.05127,4205.0,4174.615234000001,4228.205078,4192.179688
4196.025879,4177.563965,4200.641113000001,4189.358886999999,4205.512695,4210.384765999999,4216.666504,4249.743652,4237.307617,4216.282227000001,4211.666504,4178.333496,4242.94873,4191.922852000001
4203.846191,4186.153809,4211.410156,4197.563965,4217.05127,4221.794922,4226.922852000001,4228.717772999999,4230.0,4223.717772999999,4221.282227000001,4185.641113000001,4250.769043,4200.512695
4202.179688,4184.230957,4209.358886999999,4195.769043,4214.487305,4216.025879,4222.820313,4208.717772999999,4216.282227000001,4215.128418,4218.077147999999,4185.0,4237.692383,4201.538574
4203.974121,4187.436035,4205.897461,4196.922852000001,4212.563965,4206.794922,4207.436035,4205.897461,4209.615234000001,4211.025879,4216.922852000001,4181.666504,4245.256348,4197.692383
4218.589844,4201.794922,4218.461426,4209.230957,4217.436035,4206.153809,4194.871582,4202.307617,4206.922852000001,4217.563965,4225.897461,4188.205078,4264.358886999999,4205.512695
4229.615234000001,4207.179688,4234.615234000001,4217.436035,4224.743652,4207.692383,4196.025879,4196.538574,4203.846191,4220.769043,4232.692383,4198.077147999999,4260.256348,4217.307617
4229.743652,4204.871582,4235.641113000001,4215.897461,4227.307617,4202.94873,4203.205078,4196.922852000001,4195.897461,4216.794922,4232.563965,4197.692383,4247.05127,4221.922852000001
4228.461426,4203.589844,4233.077147999999,4215.641113000001,4222.05127,4201.666504,4207.692383,4203.974121,4187.436035,4215.0,4233.205078,4197.563965,4250.769043,4225.512695
4226.922852000001,4201.666504,4236.282227000001,4215.897461,4217.436035,4204.871582,4202.436035,4213.077147999999,4190.512695,4217.05127,4235.128418,4202.820313,4254.871582,4229.358886999999
4221.282227000001,4201.538574,4233.461426,4212.307617,4221.025879,4205.641113000001,4194.102539,4207.820313,4196.410156,4214.871582,4234.871582,4200.512695,4241.922852000001,4225.0
4214.102539,4197.436035,4222.563965,4208.333496,4225.128418,4207.179688,4198.974121,4196.922852000001,4198.974121,4208.461426,4231.794922,4190.256348,4237.179688,4215.128418
4206.538574,4186.153809,4214.358886999999,4201.410156,4217.692383,4213.077147999999,4214.615234000001,4209.487305,4210.897461,4208.333496,4225.512695,4182.436035,4246.666504,4207.307617
4205.897461,4183.717772999999,4215.512695,4200.384765999999,4214.102539,4223.589844,4225.769043,4229.615234000001,4235.897461,4227.94873,4226.922852000001,4183.333496,4254.743652,4206.666504
4209.743652,4188.205078,4214.487305,4203.717772999999,4217.436035,4224.871582,4222.05127,4219.743652,4246.410156,4240.897461,4227.820313,4187.179688,4253.333496,4207.179688
4205.0,4183.205078,4207.436035,4198.077147999999,4218.846191,4217.436035,4211.666504,4214.102539,4238.974121,4227.820313,4221.794922,4183.589844,4243.461426,4204.102539
4196.538574,4179.615234000001,4204.102539,4192.820313,4218.717772999999,4217.307617,4209.487305,4232.179688,4236.538574,4220.0,4220.128418,4176.538574,4242.436035,4202.820313
4192.307617,4179.230957,4201.666504,4190.897461,4211.410156,4216.025879,4215.384765999999,4222.94873,4226.410156,4219.102539,4216.153809,4173.333496,4245.384765999999,4195.769043
4195.256348,4182.94873,4205.384765999999,4192.94873,4210.384765999999,4210.512695,4217.179688,4212.94873,4216.282227000001,4214.615234000001,4213.846191,4178.589844,4248.717772999999,4193.974121
4204.871582,4197.692383,4219.871582,4205.0,4222.307617,4210.0,4203.717772999999,4228.717772999999,4221.025879,4221.153809,4225.256348,4190.128418,4261.410156,4207.94873
4215.769043,4208.333496,4228.974121,4215.641113000001,4230.128418,4213.333496,4190.512695,4219.743652,4220.897461,4229.102539,4235.128418,4198.846191,4271.666504,4217.563965
4222.563965,4210.897461,4229.487305,4217.436035,4230.256348,4216.794922,4204.102539,4211.922852000001,4220.384765999999,4226.666504,4230.128418,4198.846191,4264.487305,4215.256348
4222.307617,4212.563965,4228.846191,4215.897461,4231.794922,4214.743652,4217.94873,4242.563965,4231.410156,4221.922852000001,4223.077147999999,4196.025879,4248.077147999999,4213.333496
4225.384765999999,4214.871582,4231.282227000001,4221.410156,4236.153809,4213.077147999999,4200.897461,4253.846191,4236.922852000001,4222.94873,4225.512695,4197.307617,4239.871582,4215.0
4228.717772999999,4214.743652,4233.205078,4225.897461,4229.871582,4214.230957,4189.102539,4225.512695,4225.384765999999,4220.512695,4223.974121,4197.820313,4236.410156,4210.128418
4221.794922,4205.641113000001,4228.333496,4217.692383,4215.897461,4208.717772999999,4201.794922,4220.256348,4212.179688,4209.871582,4212.94873,4194.743652,4234.102539,4201.794922
4212.820313,4196.410156,4221.666504,4207.563965,4213.461426,4203.846191,4209.102539,4239.358886999999,4206.794922,4201.538574,4207.692383,4188.589844,4234.230957,4198.205078
4211.025879,4193.205078,4220.641113000001,4204.871582,4215.897461,4211.025879,4206.282227000001,4237.94873,4204.487305,4199.358886999999,4209.358886999999,4183.077147999999,4229.871582,4197.563965
4212.436035,4190.769043,4218.974121,4202.05127,4213.589844,4217.94873,4204.358886999999,4220.0,4199.871582,4197.179688,4206.794922,4183.461426,4224.743652,4198.205078
4207.94873,4190.384765999999,4212.563965,4199.358886999999,4215.384765999999,4216.666504,4202.436035,4205.128418,4190.769043,4194.230957,4204.743652,4183.461426,4223.589844,4197.436035
4200.512695,4192.05127,4208.205078,4196.410156,4218.717772999999,4217.179688,4207.563965,4204.102539,4186.153809,4194.487305,4201.025879,4176.922852000001,4222.179688,4191.538574
4200.128418,4192.436035,4210.384765999999,4192.05127,4217.692383,4218.846191,4215.128418,4219.358886999999,4191.794922,4198.333496,4200.384765999999,4175.384765999999,4225.0,4192.563965
4203.974121,4190.512695,4211.794922,4193.333496,4219.102539,4215.769043,4207.307617,4223.589844,4198.461426,4201.922852000001,4203.846191,4181.153809,4228.846191,4200.256348
4205.384765999999,4190.769043,4209.871582,4198.717772999999,4223.333496,4215.769043,4201.410156,4202.563965,4199.358886999999,4208.717772999999,4201.282227000001,4179.358886999999,4222.692383,4201.025879
4206.153809,4191.025879,4208.717772999999,4201.025879,4225.256348,4221.794922,4208.461426,4209.871582,4211.538574,4219.487305,4196.666504,4177.692383,4215.256348,4197.94873
4204.487305,4185.897461,4203.461426,4195.384765999999,4219.358886999999,4219.871582,4209.230957,4257.179688,4235.384765999999,4222.05127,4193.461426,4180.641113000001,4216.153809,4195.769043
4196.282227000001,4177.307617,4195.128418,4188.589844,4210.512695,4214.102539,4210.0,4260.512695,4235.641113000001,4210.384765999999,4185.897461,4174.615234000001,4216.410156,4191.025879
4191.153809,4173.717772999999,4196.538574,4188.461426,4206.794922,4212.94873,4211.153809,4219.615234000001,4210.0,4199.871582,4177.94873,4167.820313,4209.487305,4188.589844
4203.205078,4185.641113000001,4210.641113000001,4198.589844,4208.589844,4211.025879,4205.128418,4216.025879,4208.589844,4204.743652,4185.641113000001,4178.974121,4208.846191,4205.0
4220.0,4199.102539,4221.794922,4207.307617,4212.179688,4211.666504,4206.410156,4233.461426,4225.0,4211.282227000001,4200.128418,4192.436035,4223.461426,4225.769043
4216.282227000001,4193.205078,4216.153809,4201.922852000001,4208.717772999999,4207.94873,4209.230957,4215.897461,4207.692383,4201.538574,4197.179688,4188.846191,4232.94873,4222.05127
4208.077147999999,4184.871582,4207.820313,4197.05127,4198.589844,4198.205078,4205.256348,4197.05127,4184.487305,4192.05127,4188.846191,4185.0,4234.230957,4211.794922
4217.179688,4191.666504,4209.871582,4199.743652,4197.563965,4201.153809,4209.358886999999,4200.256348,4189.615234000001,4194.102539,4195.897461,4186.538574,4241.025879,4218.205078
4223.589844,4195.256348,4213.077147999999,4201.025879,4203.974121,4211.410156,4212.563965,4193.589844,4190.641113000001,4194.871582,4206.666504,4184.230957,4245.641113000001,4223.717772999999
4218.077147999999,4189.358886999999,4214.230957,4203.461426,4204.230957,4205.897461,4201.538574,4186.025879,4180.897461,4195.256348,4208.717772999999,4184.358886999999,4246.025879,4219.102539
4216.922852000001,4190.897461,4217.94873,4206.025879,4198.974121,4196.282227000001,4195.769043,4194.871582,4188.717772999999,4203.974121,4213.205078,4191.666504,4252.179688,4221.410156
4219.230957,4195.769043,4222.05127,4204.487305,4198.974121,4203.589844,4204.358886999999,4210.769043,4204.871582,4215.897461,4220.512695,4195.897461,4257.179688,4226.922852000001
4215.384765999999,4190.128418,4217.307617,4202.307617,4206.922852000001,4214.487305,4208.333496,4223.333496,4210.769043,4220.769043,4220.384765999999,4188.077147999999,4249.102539,4222.05127
4207.820313,4183.205078,4205.384765999999,4200.256348,4210.769043,4217.563965,4203.077147999999,4223.717772999999,4213.589844,4215.641113000001,4211.922852000001,4177.692383,4235.256348,4212.307617
4206.282227000001,4190.769043,4206.666504,4201.666504,4209.358886999999,4218.333496,4197.179688,4224.743652,4227.692383,4217.179688,4210.256348,4176.794922,4234.743652,4210.256348
4210.0,4198.461426,4213.846191,4206.025879,4206.922852000001,4213.974121,4189.487305,4233.974121,4242.692383,4225.0,4218.589844,4180.256348,4241.538574,4214.358886999999
4212.179688,4190.769043,4210.512695,4204.102539,4202.05127,4207.563965,4194.230957,4241.282227000001,4241.922852000001,4221.153809,4220.0,4180.641113000001,4238.589844,4214.358886999999
4208.589844,4184.615234000001,4208.461426,4201.025879,4201.153809,4208.717772999999,4213.589844,4236.538574,4230.384765999999,4209.743652,4215.769043,4179.102539,4232.692383,4212.307617
4201.538574,4182.692383,4207.179688,4197.94873,4202.94873,4207.179688,4212.307617,4214.871582,4212.820313,4199.230957,4211.922852000001,4177.05127,4229.871582,4209.871582
4206.282227000001,4183.333496,4205.128418,4196.153809,4203.717772999999,4202.692383,4199.102539,4202.563965,4201.794922,4195.897461,4212.563965,4178.461426,4228.461426,4212.05127
4219.102539,4190.0,4213.974121,4200.384765999999,4203.846191,4201.410156,4203.846191,4214.615234000001,4201.922852000001,4197.307617,4220.384765999999,4185.897461,4229.358886999999,4223.333496
4222.179688,4192.179688,4223.717772999999,4205.641113000001,4203.205078,4193.717772999999,4207.692383,4213.077147999999,4194.871582,4196.153809,4227.692383,4191.666504,4235.512695,4229.743652
4220.0,4192.94873,4220.384765999999,4207.94873,4204.487305,4189.615234000001,4195.0,4196.922852000001,4189.871582,4198.461426,4230.384765999999,4192.820313,4242.692383,4226.153809
4216.666504,4191.794922,4212.307617,4203.333496,4202.820313,4195.128418,4183.589844,4196.153809,4191.153809,4199.102539,4225.0,4192.05127,4235.769043,4217.436035
4212.179688,4186.410156,4210.128418,4197.692383,4199.743652,4196.538574,4186.025879,4198.846191,4193.333496,4196.666504,4218.077147999999,4190.128418,4222.692383,4209.230957
4206.794922,4181.282227000001,4206.538574,4191.410156,4196.666504,4189.230957,4191.410156,4196.538574,4199.230957,4197.94873,4212.307617,4182.307617,4216.153809,4200.512695
4205.512695,4181.282227000001,4200.769043,4185.897461,4194.743652,4189.230957,4187.692383,4203.077147999999,4206.538574,4199.358886999999,4208.589844,4174.743652,4212.307617,4192.563965
4213.077147999999,4187.563965,4205.897461,4194.230957,4200.641113000001,4206.153809,4188.846191,4217.05127,4217.05127,4205.641113000001,4217.05127,4180.128418,4221.410156,4196.794922
4219.230957,4187.05127,4212.05127,4201.153809,4204.230957,4213.974121,4203.461426,4222.820313,4226.794922,4215.128418,4225.384765999999,4186.666504,4233.589844,4205.0
4218.461426,4182.563965,4210.0,4194.358886999999,4203.461426,4206.153809,4211.410156,4226.282227000001,4228.717772999999,4216.538574,4223.333496,4185.641113000001,4229.358886999999,4206.025879
4220.641113000001,4190.0,4211.153809,4197.820313,4211.282227000001,4209.615234000001,4206.410156,4231.410156,4223.846191,4212.820313,4223.974121,4186.153809,4228.205078,4206.153809
4223.205078,4196.410156,4215.641113000001,4207.563965,4215.128418,4217.307617,4202.692383,4219.871582,4216.410156,4211.282227000001,4226.410156,4188.974121,4237.692383,4209.871582
4218.461426,4184.743652,4213.461426,4200.384765999999,4205.512695,4213.846191,4210.256348,4216.282227000001,4213.461426,4211.282227000001,4221.922852000001,4188.717772999999,4234.102539,4210.384765999999
4210.897461,4173.461426,4203.205078,4189.743652,4195.769043,4204.487305,4213.077147999999,4222.307617,4206.025879,4199.230957,4210.769043,4184.102539,4215.256348,4203.461426
4208.333496,4183.717772999999,4196.153809,4190.769043,4195.128418,4196.922852000001,4201.538574,4202.820313,4184.358886999999,4176.666504,4199.487305,4177.05127,4204.358886999999,4193.846191
4212.179688,4198.974121,4201.410156,4196.794922,4200.769043,4201.410156,4194.358886999999,4178.846191,4172.436035,4172.94873,4197.307617,4176.794922,4208.589844,4193.205078
4220.256348,4206.666504,4212.307617,4206.025879,4207.692383,4212.307617,4196.666504,4193.974121,4191.794922,4190.769043,4208.077147999999,4188.717772999999,4221.410156,4205.128418
4226.922852000001,4212.05127,4218.333496,4216.282227000001,4212.307617,4210.641113000001,4196.153809,4213.974121,4209.871582,4204.102539,4220.0,4195.0,4234.871582,4213.717772999999
4228.333496,4205.897461,4216.153809,4213.077147999999,4207.05127,4200.897461,4191.922852000001,4203.205078,4203.077147999999,4203.974121,4218.589844,4188.974121,4230.641113000001,4209.743652
4230.384765999999,4198.974121,4216.538574,4206.153809,4202.820313,4202.307617,4195.128418,4202.05127,4205.897461,4206.922852000001,4215.769043,4188.974121,4219.871582,4209.743652
4231.282227000001,4204.871582,4220.897461,4207.179688,4205.0,4203.205078,4200.0,4213.974121,4220.641113000001,4213.077147999999,4218.333496,4190.897461,4219.743652,4215.256348
4218.461426,4198.589844,4211.025879,4199.743652,4198.846191,4196.410156,4197.820313,4199.871582,4207.692383,4200.769043,4210.128418,4177.307617,4207.05127,4203.461426
4208.846191,4188.589844,4200.512695,4195.512695,4198.205078,4201.153809,4195.641113000001,4181.025879,4190.897461,4189.871582,4201.666504,4166.025879,4194.230957,4189.102539
4216.282227000001,4191.666504,4210.384765999999,4201.922852000001,4204.230957,4206.410156,4196.153809,4198.205078,4205.512695,4202.179688,4208.846191,4170.769043,4207.179688,4195.769043
4222.820313,4190.641113000001,4218.974121,4201.410156,4196.282227000001,4203.205078,4204.230957,4224.230957,4214.743652,4204.358886999999,4214.487305,4178.077147999999,4221.153809,4204.487305
4221.922852000001,4187.179688,4216.538574,4200.256348,4191.410156,4209.871582,4217.05127,4212.563965,4196.666504,4189.743652,4209.102539,4182.563965,4221.794922,4201.794922
4222.563965,4190.897461,4217.436035,4205.897461,4199.487305,4211.153809,4213.461426,4192.436035,4184.615234000001,4187.820313,4207.94873,4184.358886999999,4221.410156,4198.846191
4226.666504,4196.538574,4220.897461,4208.846191,4203.589844,4202.563965,4201.538574,4203.205078,4196.922852000001,4196.153809,4213.333496,4184.487305,4215.897461,4200.897461
4223.589844,4196.153809,4217.307617,4205.512695,4202.563965,4207.05127,4205.0,4210.0,4199.230957,4193.333496,4210.769043,4183.717772999999,4200.897461,4197.692383
4211.282227000001,4188.589844,4206.794922,4198.333496,4203.461426,4210.641113000001,4207.94873,4192.436035,4181.153809,4180.897461,4199.871582,4176.922852000001,4188.077147999999,4188.974121
4213.333496,4192.563965,4204.615234000001,4201.794922,4208.333496,4208.077147999999,4200.641113000001,4189.358886999999,4185.256348,4188.333496,4205.769043,4173.077147999999,4194.102539,4192.820313
4231.025879,4214.358886999999,4219.871582,4221.153809,4218.717772999999,4214.358886999999,4195.384765999999,4208.974121,4217.94873,4217.563965,4228.717772999999,4185.256348,4216.538574,4210.641113000001
4234.358886999999,4221.666504,4230.641113000001,4228.205078,4222.692383,4216.410156,4193.205078,4215.897461,4230.769043,4229.487305,4235.128418,4193.717772999999,4226.538574,4217.307617
4227.692383,4209.743652,4226.538574,4218.333496,4215.0,4207.94873,4194.102539,4206.794922,4216.025879,4219.871582,4227.307617,4186.538574,4222.05127,4211.282227000001
4231.153809,4207.307617,4226.025879,4218.461426,4204.743652,4201.410156,4198.333496,4214.358886999999,4210.769043,4218.077147999999,4228.974121,4187.179688,4223.974121,4213.461426
4232.05127,4210.512695,4230.128418,4222.563965,4200.897461,4196.922852000001,4197.436035,4226.025879,4211.794922,4215.384765999999,4231.025879,4195.0,4222.820313,4216.794922
4221.538574,4203.461426,4224.615234000001,4212.436035,4200.128418,4189.615234000001,4190.769043,4205.0,4195.512695,4198.589844,4221.153809,4192.436035,4210.641113000001,4206.025879
4212.692383,4191.153809,4214.743652,4199.102539,4193.974121,4193.205078,4201.538574,4176.282227000001,4173.205078,4183.589844,4209.230957,4184.615234000001,4201.025879,4193.717772999999
4209.487305,4181.025879,4207.820313,4193.846191,4190.641113000001,4201.025879,4217.179688,4181.922852000001,4162.820313,4175.128418,4203.717772999999,4179.102539,4192.94873,4192.179688
4205.128418,4175.0,4197.94873,4189.358886999999,4190.384765999999,4195.384765999999,4202.179688,4194.230957,4163.333496,4170.0,4199.487305,4175.897461,4182.94873,4190.384765999999
4206.666504,4180.384765999999,4194.230957,4193.717772999999,4191.410156,4197.563965,4185.256348,4196.538574,4177.05127,4179.615234000001,4203.333496,4177.94873,4187.307617,4189.487305
4212.05127,4189.615234000001,4199.487305,4205.897461,4198.717772999999,4204.487305,4192.94873,4210.384765999999,4194.615234000001,4195.0,4211.794922,4183.333496,4198.333496,4195.512695
4210.512695,4196.410156,4202.692383,4209.743652,4211.153809,4198.205078,4197.179688,4213.461426,4200.384765999999,4199.871582,4216.794922,4186.282227000001,4202.179688,4197.436035
4212.307617,4208.205078,4207.563965,4212.179688,4220.512695,4203.717772999999,4192.563965,4204.615234000001,4208.717772999999,4209.358886999999,4223.077147999999,4184.743652,4211.282227000001,4195.0
4219.358886999999,4215.0,4211.666504,4215.769043,4218.333496,4213.077147999999,4189.743652,4208.589844,4219.230957,4219.102539,4224.615234000001,4178.846191,4217.820313,4194.358886999999
4219.230957,4212.436035,4211.538574,4215.769043,4215.897461,4198.846191,4187.563965,4215.256348,4216.538574,4212.05127,4221.538574,4177.692383,4214.871582,4195.384765999999
4214.487305,4209.358886999999,4212.05127,4216.410156,4219.615234000001,4193.974121,4194.487305,4203.205078,4206.794922,4202.563965,4222.563965,4182.563965,4215.256348,4195.769043
4215.897461,4211.666504,4218.205078,4220.128418,4223.333496,4210.128418,4203.077147999999,4192.05127,4206.538574,4210.256348,4228.589844,4188.846191,4225.641113000001,4200.256348
4218.077147999999,4214.102539,4223.589844,4223.461426,4218.717772999999,4205.384765999999,4203.333496,4213.333496,4216.282227000001,4220.769043,4235.256348,4194.615234000001,4230.641113000001,4207.307617
4212.563965,4203.846191,4216.794922,4216.666504,4205.256348,4189.615234000001,4210.256348,4234.230957,4210.769043,4207.179688,4226.666504,4191.922852000001,4220.897461,4201.410156
4207.436035,4192.820313,4207.436035,4207.563965,4201.153809,4191.794922,4212.436035,4226.666504,4199.615234000001,4195.769043,4212.94873,4187.94873,4219.615234000001,4191.538574
4204.615234000001,4191.538574,4203.205078,4205.512695,4203.717772999999,4198.333496,4195.512695,4214.102539,4205.897461,4203.846191,4212.692383,4185.769043,4219.102539,4189.358886999999
4195.769043,4181.666504,4192.307617,4198.077147999999,4196.153809,4193.846191,4187.436035,4207.94873,4202.692383,4196.025879,4206.410156,4172.179688,4194.230957,4181.153809
4187.307617,4172.94873,4181.538574,4190.0,4189.487305,4193.205078,4196.410156,4208.461426,4191.922852000001,4182.179688,4193.974121,4160.769043,4182.436035,4169.743652
4190.128418,4181.666504,4183.717772999999,4192.692383,4196.666504,4198.589844,4191.922852000001,4205.769043,4202.179688,4193.077147999999,4198.077147999999,4167.05127,4208.589844,4176.025879
4198.461426,4192.179688,4192.179688,4197.436035,4206.794922,4200.128418,4182.94873,4196.666504,4212.179688,4206.666504,4206.922852000001,4175.0,4225.256348,4191.282227000001
4203.974121,4197.307617,4198.077147999999,4200.641113000001,4208.717772999999,4197.820313,4188.589844,4195.769043,4207.179688,4205.897461,4210.384765999999,4177.436035,4217.179688,4195.0
4204.743652,4198.846191,4199.743652,4204.230957,4204.615234000001,4196.538574,4187.05127,4196.025879,4202.563965,4202.563965,4212.692383,4182.436035,4213.717772999999,4195.384765999999
4210.897461,4205.769043,4205.256348,4214.230957,4212.820313,4204.487305,4181.666504,4193.461426,4210.384765999999,4211.538574,4218.461426,4193.461426,4223.333496,4208.846191
4219.358886999999,4215.384765999999,4214.487305,4222.94873,4223.333496,4202.436035,4185.128418,4196.538574,4213.205078,4222.307617,4226.538574,4205.384765999999,4228.717772999999,4221.153809
4220.641113000001,4212.820313,4215.769043,4220.769043,4215.256348,4186.922852000001,4189.102539,4192.820313,4196.922852000001,4213.333496,4228.717772999999,4205.512695,4218.461426,4215.512695
4222.179688,4208.077147999999,4217.94873,4221.153809,4215.512695,4190.384765999999,4190.897461,4184.358886999999,4188.461426,4202.692383,4226.153809,4198.333496,4213.077147999999,4212.563965
4220.769043,4207.436035,4222.820313,4222.179688,4218.717772999999,4197.692383,4190.0,4194.743652,4198.461426,4206.666504,4224.615234000001,4197.94873,4214.487305,4218.717772999999
4216.153809,4200.512695,4218.589844,4212.692383,4202.94873,4187.563965,4197.307617,4217.05127,4204.230957,4210.641113000001,4223.974121,4200.769043,4213.461426,4215.128418
4214.358886999999,4191.794922,4210.512695,4205.512695,4194.102539,4185.0,4207.307617,4218.205078,4198.461426,4203.846191,4218.461426,4194.487305,4211.666504,4204.743652
4204.615234000001,4188.717772999999,4201.922852000001,4204.230957,4202.436035,4199.743652,4204.871582,4202.307617,4191.153809,4191.025879,4202.94873,4179.487305,4198.974121,4192.820313
4180.897461,4182.436035,4185.128418,4193.461426,4202.692383,4204.358886999999,4209.102539,4206.025879,4187.05127,4178.846191,4182.307617,4167.436035,4176.282227000001,4177.563965
4168.333496,4175.0,4171.666504,4180.0,4198.205078,4199.871582,4210.769043,4218.717772999999,4191.794922,4176.153809,4172.05127,4161.794922,4169.230957,4169.230957
4181.025879,4183.717772999999,4177.179688,4185.769043,4209.358886999999,4206.922852000001,4194.487305,4206.538574,4204.102539,4186.794922,4176.538574,4163.205078,4186.666504,4179.615234000001
4196.538574,4202.05127,4189.615234000001,4203.846191,4218.974121,4213.461426,4193.461426,4190.384765999999,4209.487305,4198.077147999999,4185.897461,4174.487305,4203.589844,4195.128418
4202.692383,4207.692383,4195.0,4210.384765999999,4211.282227000001,4209.615234000001,4203.333496,4193.077147999999,4207.820313,4198.974121,4190.128418,4185.641113000001,4203.717772999999,4201.410156
4209.615234000001,4205.641113000001,4198.974121,4211.282227000001,4206.410156,4205.512695,4190.512695,4200.769043,4206.410156,4200.769043,4196.025879,4186.666504,4204.871582,4208.717772999999
4218.077147999999,4213.717772999999,4205.0,4218.974121,4210.384765999999,4199.487305,4180.897461,4195.512695,4200.512695,4205.769043,4203.461426,4183.077147999999,4213.974121,4218.974121
4218.589844,4218.077147999999,4208.974121,4221.538574,4208.589844,4190.641113000001,4195.897461,4191.794922,4193.589844,4204.743652,4202.94873,4186.153809,4214.102539,4224.230957
4217.436035,4209.615234000001,4209.743652,4213.717772999999,4203.205078,4191.282227000001,4196.538574,4202.563965,4193.205078,4201.153809,4202.94873,4191.794922,4209.358886999999,4227.179688
4221.666504,4204.743652,4208.846191,4209.743652,4202.94873,4196.025879,4190.0,4214.615234000001,4193.589844,4200.256348,4206.794922,4187.563965,4210.128418,4227.436035
4225.384765999999,4213.461426,4211.282227000001,4215.128418,4202.179688,4197.436035,4209.102539,4223.333496,4195.641113000001,4201.666504,4206.666504,4178.077147999999,4208.974121,4221.794922
4218.077147999999,4216.666504,4205.0,4213.333496,4198.717772999999,4198.846191,4219.358886999999,4213.717772999999,4195.769043,4199.358886999999,4198.974121,4168.974121,4201.282227000001,4211.282227000001
4203.974121,4209.230957,4191.538574,4205.0,4199.487305,4196.410156,4199.487305,4191.666504,4194.487305,4197.436035,4190.384765999999,4162.05127,4193.333496,4203.717772999999
4202.436035,4206.794922,4194.615234000001,4207.436035,4202.692383,4198.205078,4189.487305,4195.897461,4204.743652,4207.05127,4196.282227000001,4163.974121,4194.358886999999,4206.538574
4212.820313,4209.743652,4204.871582,4215.384765999999,4201.025879,4203.974121,4200.897461,4222.692383,4219.358886999999,4218.205078,4210.384765999999,4172.94873,4203.589844,4213.846191
4217.692383,4214.487305,4203.589844,4215.256348,4201.153809,4203.589844,4208.333496,4229.615234000001,4222.307617,4220.897461,4214.871582,4172.563965,4210.256348,4213.461426
4212.692383,4214.487305,4197.94873,4206.666504,4200.897461,4199.358886999999,4202.179688,4215.256348,4214.230957,4216.025879,4210.128418,4165.512695,4201.153809,4209.358886999999
4213.717772999999,4208.461426,4198.333496,4203.974121,4197.436035,4197.94873,4190.384765999999,4208.717772999999,4206.794922,4205.769043,4209.487305,4168.205078,4190.897461,4212.692383
4224.230957,4209.615234000001,4205.384765999999,4213.846191,4199.743652,4199.102539,4186.666504,4202.179688,4203.077147999999,4203.077147999999,4214.871582,4178.205078,4198.717772999999,4221.153809
4229.487305,4215.256348,4211.922852000001,4221.153809,4202.94873,4195.256348,4192.820313,4195.897461,4198.717772999999,4207.05127,4220.0,4183.461426,4209.358886999999,4227.05127
4226.153809,4215.384765999999,4211.410156,4217.94873,4202.94873,4196.410156,4195.256348,4197.05127,4193.205078,4203.461426,4221.282227000001,4179.615234000001,4207.94873,4228.974121
4218.077147999999,4208.333496,4205.769043,4211.538574,4202.692383,4195.384765999999,4193.333496,4202.94873,4187.436035,4195.769043,4214.358886999999,4172.563965,4197.563965,4221.666504
4218.205078,4203.589844,4205.641113000001,4213.461426,4201.666504,4186.025879,4196.153809,4206.922852000001,4187.563965,4195.769043,4211.410156,4178.333496,4197.820313,4213.974121
4225.512695,4210.641113000001,4210.641113000001,4219.615234000001,4203.077147999999,4190.256348,4202.307617,4209.871582,4201.025879,4205.512695,4221.922852000001,4189.102539,4215.897461,4221.153809
4217.563965,4214.102539,4206.922852000001,4212.94873,4206.922852000001,4200.512695,4201.922852000001,4209.615234000001,4210.256348,4211.410156,4221.922852000001,4183.846191,4220.769043,4223.077147999999
4205.128418,4207.05127,4200.512695,4207.563965,4209.230957,4210.256348,4208.077147999999,4207.05127,4210.897461,4211.794922,4215.897461,4177.820313,4208.077147999999,4211.538574
4213.333496,4204.487305,4205.897461,4217.307617,4212.307617,4227.94873,4226.025879,4218.205078,4221.410156,4216.410156,4223.846191,4187.820313,4208.589844,4216.025879
4225.641113000001,4205.128418,4211.666504,4220.512695,4211.025879,4229.615234000001,4226.666504,4231.666504,4231.666504,4222.692383,4229.358886999999,4193.846191,4213.461426,4230.769043
4224.102539,4204.615234000001,4213.205078,4216.666504,4206.538574,4213.589844,4211.922852000001,4232.179688,4229.230957,4225.384765999999,4226.666504,4190.512695,4210.256348,4230.128418
4225.128418,4211.410156,4219.871582,4223.205078,4206.794922,4212.05127,4212.307617,4226.282227000001,4223.205078,4223.846191,4231.153809,4193.846191,4212.563965,4227.307617
4235.769043,4219.743652,4231.153809,4233.205078,4209.615234000001,4222.179688,4229.615234000001,4230.897461,4223.077147999999,4223.205078,4239.615234000001,4203.077147999999,4217.692383,4239.230957
4240.512695,4218.461426,4237.05127,4231.794922,4211.282227000001,4217.436035,4230.0,4238.461426,4223.846191,4222.692383,4238.461426,4203.717772999999,4215.0,4243.717772999999
4235.384765999999,4215.256348,4229.487305,4222.05127,4208.333496,4199.487305,4201.410156,4217.692383,4211.025879,4214.871582,4230.128418,4197.820313,4208.077147999999,4231.025879
4233.077147999999,4216.922852000001,4222.05127,4218.846191,4210.256348,4197.436035,4188.717772999999,4204.871582,4201.282227000001,4208.333496,4228.717772999999,4197.820313,4208.589844,4225.769043
4229.487305,4212.563965,4217.94873,4218.333496,4216.153809,4216.538574,4210.769043,4228.461426,4205.256348,4203.846191,4225.0,4195.128418,4205.897461,4223.461426
4221.282227000001,4207.05127,4207.05127,4214.743652,4217.820313,4221.282227000001,4221.025879,4233.974121,4207.563965,4198.461426,4214.358886999999,4185.128418,4198.461426,4213.974121
4222.436035,4213.461426,4202.436035,4216.794922,4221.538574,4208.717772999999,4204.743652,4208.846191,4213.205078,4209.230957,4217.05127,4183.461426,4208.974121,4216.025879
4225.384765999999,4216.153809,4207.820313,4217.307617,4216.410156,4209.487305,4197.820313,4215.128418,4228.077147999999,4226.025879,4227.692383,4188.333496,4222.94873,4223.589844
4219.487305,4209.743652,4207.179688,4212.179688,4206.794922,4221.922852000001,4210.128418,4235.512695,4233.205078,4226.538574,4227.692383,4189.358886999999,4221.666504,4218.589844
4212.307617,4205.384765999999,4199.615234000001,4209.358886999999,4209.102539,4223.846191,4215.128418,4211.538574,4220.384765999999,4218.333496,4220.641113000001,4185.128418,4215.897461,4211.794922
4208.846191,4198.974121,4199.230957,4206.538574,4209.487305,4220.512695,4212.436035,4192.94873,4210.0,4213.974121,4215.897461,4181.538574,4213.205078,4214.743652
4214.358886999999,4202.563965,4210.384765999999,4211.025879,4205.0,4221.922852000001,4219.102539,4218.333496,4215.384765999999,4217.179688,4224.487305,4188.333496,4219.358886999999,4226.410156
4223.589844,4214.871582,4213.333496,4218.461426,4206.282227000001,4220.128418,4222.820313,4217.94873,4211.666504,4216.153809,4233.461426,4196.153809,4225.641113000001,4234.743652
4221.153809,4211.282227000001,4202.820313,4213.461426,4205.256348,4211.282227000001,4217.179688,4190.0,4193.077147999999,4204.102539,4226.153809,4189.358886999999,4216.666504,4230.384765999999
4217.436035,4206.153809,4202.563965,4210.769043,4201.025879,4203.846191,4208.717772999999,4190.0,4188.461426,4201.025879,4221.025879,4185.512695,4208.461426,4227.692383
4227.179688,4218.846191,4216.153809,4222.563965,4205.384765999999,4203.333496,4197.563965,4207.05127,4209.358886999999,4218.205078,4231.538574,4199.615234000001,4221.538574,4239.358886999999
4231.794922,4228.077147999999,4221.922852000001,4232.436035,4217.05127,4210.256348,4195.641113000001,4214.743652,4227.05127,4231.794922,4238.205078,4207.563965,4232.05127,4247.820313
4216.410156,4216.538574,4209.743652,4223.461426,4219.102539,4214.230957,4201.538574,4211.794922,4219.871582,4220.897461,4221.794922,4190.641113000001,4215.769043,4234.487305
4200.512695,4205.897461,4194.102539,4207.820313,4210.384765999999,4210.769043,4204.871582,4209.615234000001,4212.94873,4208.846191,4203.846191,4171.538574,4195.897461,4216.666504
4199.487305,4210.384765999999,4190.641113000001,4207.179688,4206.666504,4207.94873,4207.692383,4216.282227000001,4221.666504,4214.871582,4209.487305,4171.025879,4195.384765999999,4214.230957
4197.94873,4207.307617,4190.128418,4206.025879,4204.743652,4203.333496,4210.256348,4218.333496,4218.717772999999,4211.282227000001,4212.94873,4173.589844,4195.0,4212.436035
4193.077147999999,4195.512695,4185.512695,4196.025879,4197.307617,4203.717772999999,4219.743652,4219.230957,4202.820313,4193.205078,4202.05127,4167.179688,4186.282227000001,4203.846191
4199.487305,4192.436035,4187.94873,4194.358886999999,4191.282227000001,4208.974121,4222.692383,4209.871582,4191.922852000001,4184.102539,4197.692383,4167.307617,4184.230957,4204.230957
4212.307617,4201.666504,4200.897461,4205.0,4194.743652,4206.794922,4205.897461,4190.641113000001,4188.717772999999,4189.487305,4207.05127,4182.820313,4191.410156,4219.102539
4218.717772999999,4207.94873,4210.128418,4214.615234000001,4202.307617,4202.307617,4208.077147999999,4203.333496,4192.307617,4196.922852000001,4216.282227000001,4192.05127,4197.94873,4232.436035
4216.922852000001,4198.205078,4205.641113000001,4211.282227000001,4198.333496,4196.282227000001,4216.282227000001,4221.025879,4187.563965,4189.358886999999,4213.205078,4185.128418,4191.922852000001,4229.871582
4213.461426,4193.333496,4201.538574,4205.0,4195.641113000001,4191.410156,4187.563965,4193.589844,4177.692383,4177.436035,4206.282227000001,4182.436035,4185.0,4219.487305
4209.102539,4199.102539,4204.743652,4205.897461,4202.05127,4194.102539,4166.794922,4176.666504,4186.922852000001,4182.307617,4205.256348,4186.282227000001,4187.563965,4218.205078
4206.922852000001,4198.846191,4203.974121,4211.794922,4201.025879,4196.922852000001,4183.589844,4196.538574,4198.205078,4191.922852000001,4206.153809,4183.717772999999,4189.487305,4223.333496
4206.153809,4196.153809,4197.820313,4210.128418,4193.589844,4193.974121,4191.794922,4196.282227000001,4196.922852000001,4193.333496,4206.410156,4180.128418,4193.717772999999,4222.307617
4199.358886999999,4190.769043,4189.102539,4195.641113000001,4192.436035,4185.256348,4182.692383,4186.922852000001,4195.128418,4188.974121,4205.0,4181.410156,4197.05127,4216.410156
4197.692383,4188.077147999999,4187.179688,4191.666504,4200.256348,4187.820313,4188.333496,4203.846191,4200.769043,4191.538574,4206.025879,4183.461426,4199.487305,4220.256348
4203.077147999999,4194.230957,4193.589844,4203.589844,4202.563965,4205.641113000001,4203.974121,4221.666504,4211.538574,4202.692383,4211.153809,4185.512695,4203.846191,4226.025879
4201.794922,4198.077147999999,4195.0,4207.307617,4198.333496,4212.307617,4208.333496,4218.333496,4217.05127,4207.94873,4210.897461,4184.358886999999,4203.974121,4217.692383
4200.641113000001,4197.307617,4194.102539,4202.820313,4203.333496,4205.128418,4201.538574,4204.230957,4214.102539,4205.128418,4208.205078,4185.641113000001,4202.692383,4215.769043
4204.743652,4200.769043,4196.922852000001,4204.743652,4208.846191,4205.256348,4200.256348,4194.743652,4206.282227000001,4203.846191,4213.077147999999,4194.487305,4207.692383,4229.230957
4208.974121,4205.641113000001,4201.025879,4209.102539,4208.077147999999,4213.974121,4210.641113000001,4191.410156,4197.179688,4204.230957,4215.769043,4201.282227000001,4212.05127,4232.692383
4213.077147999999,4209.615234000001,4205.384765999999,4212.563965,4211.410156,4213.846191,4207.692383,4188.974121,4193.205078,4202.179688,4212.563965,4200.512695,4209.487305,4229.487305
4212.820313,4209.615234000001,4206.025879,4212.307617,4210.641113000001,4199.871582,4190.0,4183.077147999999,4188.205078,4198.205078,4212.307617,4199.487305,4206.922852000001,4231.922852000001
4202.94873,4199.743652,4202.307617,4208.589844,4201.922852000001,4193.461426,4190.769043,4182.820313,4181.794922,4193.205078,4209.871582,4198.333496,4200.641113000001,4226.153809
4194.487305,4188.205078,4199.487305,4203.589844,4198.205078,4203.589844,4203.077147999999,4198.974121,4188.717772999999,4190.384765999999,4200.256348,4196.666504,4190.769043,4212.563965
4204.102539,4192.307617,4203.974121,4202.692383,4200.128418,4214.230957,4208.589844,4220.769043,4209.871582,4200.0,4204.743652,4201.538574,4199.615234000001,4218.974121
4222.692383,4209.487305,4216.922852000001,4216.538574,4209.102539,4214.230957,4214.230957,4226.282227000001,4229.487305,4221.282227000001,4226.538574,4213.077147999999,4225.128418,4240.769043
4226.282227000001,4221.538574,4224.743652,4228.974121,4221.410156,4208.461426,4212.692383,4221.410156,4236.410156,4230.641113000001,4237.179688,4216.922852000001,4236.153809,4246.282227000001
4215.769043,4221.153809,4214.871582,4223.077147999999,4219.230957,4211.282227000001,4215.256348,4223.077147999999,4226.922852000001,4219.615234000001,4226.666504,4207.179688,4227.436035,4237.563965
4211.153809,4208.846191,4203.461426,4212.436035,4205.512695,4215.128418,4225.769043,4223.846191,4210.897461,4207.05127,4215.128418,4197.692383,4220.384765999999,4232.179688
4214.358886999999,4201.410156,4206.538574,4210.0,4199.102539,4207.307617,4209.871582,4208.717772999999,4205.0,4201.153809,4213.333496,4201.538574,4221.410156,4234.230957
4214.102539,4215.256348,4210.641113000001,4215.512695,4206.794922,4206.922852000001,4190.0,4197.05127,4208.846191,4201.794922,4215.128418,4207.692383,4224.743652,4239.102539
4210.897461,4227.692383,4206.794922,4221.025879,4215.0,4217.179688,4201.025879,4202.307617,4206.538574,4206.666504,4215.641113000001,4205.897461,4226.538574,4239.615234000001
4216.025879,4227.692383,4207.563965,4222.94873,4215.0,4216.153809,4205.769043,4203.205078,4202.05127,4210.384765999999,4217.05127,4201.794922,4230.897461,4240.0
4221.282227000001,4223.974121,4208.717772999999,4220.384765999999,4209.102539,4207.820313,4194.230957,4188.205078,4200.128418,4209.743652,4215.512695,4199.615234000001,4229.615234000001,4240.0
4212.436035,4213.717772999999,4202.179688,4215.897461,4203.461426,4208.717772999999,4202.820313,4189.102539,4200.641113000001,4205.256348,4206.410156,4197.179688,4216.922852000001,4233.461426
4210.256348,4211.794922,4206.153809,4218.717772999999,4209.615234000001,4209.743652,4210.128418,4215.128418,4208.461426,4209.743652,4207.563965,4201.153809,4217.820313,4234.487305
4224.615234000001,4226.153809,4218.846191,4227.179688,4215.769043,4207.05127,4197.692383,4219.615234000001,4213.846191,4219.230957,4217.436035,4210.256348,4231.282227000001,4247.820313
4233.205078,4232.05127,4221.794922,4233.205078,4214.743652,4214.743652,4204.102539,4211.666504,4217.307617,4221.410156,4218.205078,4213.461426,4233.974121,4254.615234000001
4224.487305,4224.615234000001,4218.077147999999,4228.077147999999,4216.666504,4218.717772999999,4219.358886999999,4216.922852000001,4222.692383,4221.282227000001,4216.922852000001,4208.077147999999,4231.538574,4248.717772999999
4211.794922,4218.461426,4213.461426,4215.641113000001,4216.794922,4209.871582,4210.512695,4211.666504,4217.179688,4216.410156,4213.974121,4201.153809,4230.128418,4240.769043
4213.974121,4218.205078,4214.487305,4215.897461,4215.897461,4215.384765999999,4209.615234000001,4209.743652,4210.769043,4214.102539,4213.846191,4200.512695,4230.769043,4239.743652
4222.436035,4220.128418,4221.025879,4223.589844,4218.333496,4223.717772999999,4212.436035,4215.641113000001,4211.410156,4217.563965,4216.922852000001,4203.846191,4231.538574,4242.307617
4221.410156,4218.077147999999,4223.333496,4221.538574,4222.05127,4210.897461,4195.897461,4206.410156,4206.794922,4213.589844,4210.512695,4202.179688,4228.846191,4238.461426
4210.897461,4210.769043,4217.436035,4214.230957,4222.436035,4207.692383,4199.102539,4205.769043,4199.487305,4200.897461,4196.538574,4197.692383,4221.282227000001,4230.512695
4200.0,4203.717772999999,4210.0,4210.641113000001,4215.128418,4216.922852000001,4218.077147999999,4228.205078,4199.487305,4192.307617,4188.205078,4197.692383,4209.230957,4228.333496
4200.128418,4203.589844,4207.307617,4213.077147999999,4213.205078,4211.666504,4213.333496,4220.256348,4196.282227000001,4189.358886999999,4184.487305,4198.974121,4201.922852000001,4231.410156
4207.820313,4210.128418,4208.589844,4217.179688,4219.230957,4210.0,4205.0,4186.025879,4190.128418,4187.692383,4178.333496,4197.820313,4203.846191,4233.974121
4211.025879,4216.410156,4212.692383,4217.179688,4219.743652,4222.179688,4212.820313,4193.205078,4201.282227000001,4195.384765999999,4179.743652,4201.025879,4212.692383,4237.179688
4209.871582,4217.692383,4215.128418,4215.512695,4212.436035,4222.436035,4210.641113000001,4230.641113000001,4221.666504,4209.871582,4189.102539,4203.846191,4221.153809,4240.384765999999
4208.846191,4212.692383,4207.307617,4212.94873,4207.05127,4210.128418,4196.794922,4240.384765999999,4225.512695,4212.179688,4190.384765999999,4201.666504,4216.666504,4239.871582
4210.897461,4213.333496,4202.820313,4211.666504,4209.487305,4213.717772999999,4203.846191,4223.974121,4222.179688,4211.538574,4187.05127,4200.128418,4213.077147999999,4241.538574
4217.179688,4218.846191,4210.0,4215.512695,4210.256348,4227.179688,4217.692383,4219.743652,4228.589844,4217.563965,4191.025879,4198.974121,4230.128418,4246.410156
4224.102539,4220.256348,4213.589844,4217.692383,4208.846191,4226.922852000001,4206.922852000001,4221.666504,4233.717772999999,4222.563965,4199.358886999999,4199.358886999999,4250.769043,4246.922852000001
4228.717772999999,4223.461426,4214.615234000001,4219.743652,4212.563965,4219.230957,4190.512695,4209.487305,4232.05127,4229.871582,4211.025879,4204.230957,4258.205078,4253.589844
4232.307617,4222.94873,4218.461426,4222.179688,4209.871582,4214.230957,4193.717772999999,4193.077147999999,4221.410156,4226.794922,4216.282227000001,4207.563965,4251.538574,4263.846191
4238.717772999999,4222.307617,4222.94873,4222.692383,4205.128418,4217.436035,4203.077147999999,4187.820313,4207.436035,4214.743652,4212.692383,4210.512695,4242.05127,4266.410156
4245.128418,4231.666504,4229.871582,4228.333496,4209.102539,4222.436035,4198.589844,4188.333496,4208.589844,4220.256348,4220.641113000001,4218.461426,4244.230957,4269.743652
4244.871582,4230.512695,4232.05127,4229.615234000001,4206.153809,4217.692383,4194.615234000001,4189.615234000001,4210.769043,4226.282227000001,4231.410156,4222.179688,4248.077147999999,4271.153809
4244.230957,4217.692383,4229.487305,4224.487305,4204.230957,4216.794922,4209.358886999999,4200.512695,4204.358886999999,4217.94873,4229.102539,4220.128418,4252.94873,4267.307617
4242.05127,4214.230957,4227.563965,4222.692383,4211.025879,4227.94873,4222.94873,4215.128418,4211.666504,4218.333496,4224.487305,4218.333496,4262.820313,4264.871582
4232.820313,4219.615234000001,4223.974121,4224.615234000001,4211.410156,4235.769043,4223.974121,4231.282227000001,4233.333496,4230.384765999999,4227.05127,4212.563965,4262.05127,4261.025879
4224.743652,4218.205078,4215.128418,4225.0,4208.974121,4234.230957,4228.333496,4250.769043,4252.94873,4236.410156,4226.025879,4202.563965,4249.230957,4249.487305
4224.102539,4213.589844,4202.94873,4222.692383,4212.179688,4235.0,4227.692383,4256.025879,4260.897461,4236.410156,4215.641113000001,4197.692383,4240.512695,4237.05127
4226.153809,4216.025879,4200.384765999999,4222.692383,4219.743652,4240.897461,4213.461426,4243.974121,4258.974121,4239.230957,4214.102539,4201.666504,4239.615234000001,4234.487305
4229.743652,4218.333496,4207.563965,4221.410156,4223.589844,4239.487305,4208.205078,4230.512695,4251.666504,4240.0,4224.615234000001,4205.384765999999,4243.205078,4240.897461
4228.717772999999,4214.743652,4205.512695,4217.94873,4220.512695,4234.487305,4213.717772999999,4223.205078,4235.256348,4229.487305,4228.974121,4200.512695,4247.179688,4242.94873
4225.769043,4214.615234000001,4201.025879,4219.871582,4221.025879,4234.102539,4203.077147999999,4217.563965,4216.538574,4219.102539,4224.743652,4198.333496,4245.897461,4242.179688
4241.794922,4230.384765999999,4220.0,4231.922852000001,4229.230957,4227.05127,4183.589844,4211.922852000001,4217.05127,4228.205078,4233.589844,4216.153809,4252.820313,4259.615234000001
4269.871582,4252.179688,4251.538574,4252.179688,4231.153809,4217.563965,4186.538574,4212.563965,4231.922852000001,4251.922852000001,4257.692383,4241.153809,4273.846191,4285.641113000001
4275.256348,4255.128418,4259.102539,4259.871582,4223.589844,4210.0,4202.436035,4221.410156,4229.743652,4256.282227000001,4266.153809,4244.615234000001,4278.974121,4289.230957
4259.358886999999,4242.692383,4243.846191,4248.717772999999,4217.94873,4199.743652,4203.333496,4217.563965,4210.256348,4233.717772999999,4251.794922,4230.0,4261.666504,4272.05127
4248.846191,4236.282227000001,4233.205078,4239.615234000001,4217.307617,4203.846191,4194.743652,4200.897461,4202.436035,4219.487305,4239.743652,4220.641113000001,4253.589844,4262.563965
4242.307617,4230.897461,4226.922852000001,4235.384765999999,4214.230957,4218.461426,4193.205078,4192.05127,4204.230957,4218.205078,4234.358886999999,4214.615234000001,4250.641113000001,4255.897461
4229.743652,4215.769043,4213.974121,4225.897461,4209.358886999999,4218.974121,4206.025879,4195.384765999999,4203.205078,4211.410156,4224.230957,4202.94873,4234.487305,4236.794922
4219.871582,4207.179688,4205.384765999999,4218.717772999999,4211.282227000001,4219.743652,4221.153809,4205.897461,4206.538574,4207.307617,4218.974121,4195.641113000001,4224.487305,4222.94873
4219.743652,4210.512695,4207.563965,4219.615234000001,4219.230957,4237.563965,4223.846191,4212.563965,4219.358886999999,4216.794922,4224.358886999999,4196.794922,4229.487305,4226.025879
4222.436035,4211.794922,4209.102539,4219.102539,4226.025879,4252.179688,4222.05127,4210.512695,4228.077147999999,4224.743652,4225.384765999999,4197.307617,4230.897461,4229.102539
4219.358886999999,4203.333496,4201.410156,4213.333496,4223.589844,4245.384765999999,4218.461426,4202.692383,4218.846191,4216.794922,4214.615234000001,4191.922852000001,4219.358886999999,4221.025879
4218.077147999999,4199.230957,4201.794922,4212.307617,4218.846191,4236.794922,4216.922852000001,4206.538574,4215.256348,4214.230957,4209.230957,4190.769043,4214.358886999999,4221.666504
4221.410156,4205.0,4211.410156,4214.487305,4218.974121,4242.05127,4220.641113000001,4222.820313,4225.512695,4218.077147999999,4213.974121,4197.436035,4217.436035,4229.615234000001
4221.922852000001,4209.487305,4214.743652,4215.897461,4221.282227000001,4246.410156,4218.974121,4218.077147999999,4219.871582,4214.358886999999,4214.615234000001,4200.384765999999,4216.666504,4230.256348
4233.077147999999,4220.641113000001,4224.102539,4226.410156,4224.487305,4234.615234000001,4213.205078,4212.692383,4216.025879,4222.05127,4221.922852000001,4207.436035,4227.563965,4239.487305
4255.256348,4234.487305,4244.871582,4242.436035,4221.922852000001,4215.384765999999,4204.487305,4234.230957,4232.94873,4240.256348,4241.025879,4224.871582,4247.94873,4257.436035
4264.230957,4241.153809,4258.846191,4250.256348,4222.179688,4214.743652,4197.307617,4243.846191,4242.94873,4245.512695,4253.461426,4236.282227000001,4259.230957,4266.666504
4255.0,4240.897461,4249.871582,4245.641113000001,4226.666504,4223.846191,4199.230957,4215.897461,4223.589844,4232.307617,4245.512695,4227.179688,4253.077147999999,4260.769043
4234.230957,4224.358886999999,4224.102539,4227.820313,4216.410156,4214.358886999999,4206.153809,4193.846191,4194.487305,4205.128418,4217.563965,4208.589844,4225.128418,4240.256348
4220.897461,4210.0,4212.563965,4218.974121,4207.179688,4211.025879,4217.179688,4208.589844,4200.384765999999,4194.487305,4204.871582,4205.769043,4207.179688,4226.153809
4220.641113000001,4212.436035,4212.692383,4222.692383,4213.846191,4230.128418,4226.922852000001,4216.153809,4223.589844,4211.922852000001,4216.153809,4210.641113000001,4214.615234000001,4228.461426
4215.384765999999,4208.333496,4200.769043,4215.384765999999,4215.256348,4239.743652,4227.94873,4207.563965,4225.512695,4221.282227000001,4214.743652,4203.589844,4218.717772999999,4228.333496
4208.461426,4197.563965,4192.820313,4206.282227000001,4212.179688,4240.512695,4227.436035,4222.436035,4226.153809,4217.179688,4206.538574,4197.179688,4215.512695,4223.717772999999
4207.692383,4195.128418,4197.563965,4207.307617,4214.615234000001,4247.563965,4229.358886999999,4237.820313,4236.282227000001,4219.102539,4212.307617,4197.563965,4214.871582,4221.025879
4211.410156,4197.179688,4199.871582,4209.358886999999,4214.358886999999,4248.461426,4224.743652,4231.410156,4238.846191,4223.205078,4218.974121,4197.307617,4217.05127,4221.794922
4212.692383,4199.487305,4198.205078,4210.641113000001,4212.563965,4243.205078,4214.487305,4223.717772999999,4226.025879,4216.153809,4212.179688,4191.794922,4218.205078,4223.205078
4209.487305,4201.922852000001,4197.692383,4208.205078,4211.025879,4240.512695,4213.717772999999,4216.025879,4208.333496,4201.025879,4200.256348,4186.666504,4213.205078,4218.974121
4218.589844,4209.615234000001,4207.94873,4212.179688,4211.282227000001,4237.307617,4215.512695,4206.666504,4207.179688,4203.205078,4205.641113000001,4195.897461,4215.256348,4222.94873
4237.692383,4220.512695,4222.563965,4225.256348,4208.974121,4223.205078,4197.692383,4213.974121,4221.794922,4218.077147999999,4223.974121,4211.666504,4231.410156,4237.179688
4244.102539,4224.871582,4225.256348,4233.077147999999,4207.563965,4213.846191,4182.94873,4235.641113000001,4231.410156,4221.794922,4231.410156,4213.589844,4241.538574,4241.538574
4235.641113000001,4221.538574,4219.487305,4232.436035,4210.769043,4218.717772999999,4199.615234000001,4235.128418,4227.307617,4216.922852000001,4225.256348,4204.230957,4235.0,4235.128418
4229.871582,4218.205078,4211.794922,4227.692383,4209.358886999999,4217.436035,4207.05127,4203.974121,4211.794922,4209.615234000001,4218.077147999999,4199.743652,4222.94873,4228.333496
4226.282227000001,4218.333496,4206.666504,4224.358886999999,4209.615234000001,4215.256348,4196.794922,4188.846191,4203.589844,4204.102539,4217.05127,4200.256348,4217.307617,4224.230957
4218.974121,4218.077147999999,4207.307617,4222.563965,4214.871582,4227.436035,4208.589844,4199.358886999999,4210.769043,4209.743652,4219.871582,4202.307617,4220.641113000001,4225.641113000001
4212.436035,4215.384765999999,4206.282227000001,4221.153809,4213.974121,4236.666504,4222.307617,4196.153809,4215.256348,4216.794922,4221.153809,4205.897461,4223.333496,4225.128418
4205.0,4208.077147999999,4195.384765999999,4214.487305,4207.307617,4233.333496,4212.94873,4194.743652,4214.358886999999,4212.307617,4215.256348,4198.077147999999,4215.128418,4213.461426
4199.615234000001,4198.846191,4183.846191,4202.692383,4210.0,4234.230957,4204.487305,4222.436035,4221.666504,4208.333496,4208.205078,4184.230957,4205.897461,4204.230957
4200.897461,4202.179688,4184.230957,4203.717772999999,4220.128418,4242.307617,4213.461426,4236.538574,4232.692383,4216.538574,4210.512695,4180.512695,4208.974121,4205.769043
4195.256348,4203.974121,4183.333496,4206.666504,4215.897461,4243.974121,4227.94873,4230.384765999999,4238.205078,4223.461426,4210.769043,4180.256348,4204.871582,4201.922852000001
4189.358886999999,4196.282227000001,4178.974121,4202.179688,4207.563965,4241.282227000001,4236.282227000001,4245.769043,4245.384765999999,4223.846191,4207.05127,4181.153809,4195.128418,4198.333496
4198.205078,4197.94873,4187.307617,4207.307617,4214.102539,4239.615234000001,4230.128418,4257.692383,4246.282227000001,4227.307617,4213.461426,4186.282227000001,4204.358886999999,4207.05127
4204.102539,4206.922852000001,4197.436035,4218.333496,4216.153809,4228.077147999999,4212.820313,4231.538574,4224.358886999999,4221.538574,4216.666504,4190.384765999999,4212.307617,4211.538574
4207.179688,4212.820313,4200.769043,4221.794922,4210.256348,4218.717772999999,4204.230957,4193.333496,4196.410156,4210.0,4214.358886999999,4194.871582,4207.307617,4213.717772999999
4222.820313,4220.641113000001,4211.922852000001,4227.563965,4216.410156,4225.512695,4206.794922,4182.436035,4193.333496,4217.820313,4223.974121,4207.307617,4215.512695,4230.769043
4232.436035,4228.461426,4222.94873,4238.205078,4225.641113000001,4228.846191,4210.512695,4196.794922,4206.794922,4230.641113000001,4234.871582,4218.717772999999,4231.282227000001,4247.692383
4228.974121,4232.179688,4226.025879,4242.179688,4229.102539,4226.153809,4212.05127,4212.179688,4216.025879,4232.307617,4238.461426,4222.436035,4238.589844,4250.641113000001
4224.358886999999,4232.05127,4222.307617,4237.179688,4229.743652,4232.179688,4211.538574,4220.897461,4225.256348,4233.205078,4236.922852000001,4219.615234000001,4234.871582,4243.205078
4210.641113000001,4220.512695,4205.512695,4225.128418,4225.512695,4246.153809,4219.743652,4223.846191,4230.897461,4228.974121,4223.846191,4208.077147999999,4219.615234000001,4225.641113000001
4195.128418,4205.512695,4190.384765999999,4213.717772999999,4221.666504,4253.846191,4226.922852000001,4221.153809,4233.461426,4224.102539,4215.641113000001,4201.666504,4213.974121,4211.025879
4191.153809,4196.410156,4191.666504,4208.077147999999,4215.384765999999,4244.487305,4226.538574,4236.794922,4242.820313,4230.641113000001,4222.820313,4206.922852000001,4222.436035,4213.205078
4190.128418,4190.384765999999,4192.179688,4203.205078,4202.563965,4233.974121,4241.410156,4273.461426,4252.94873,4233.461426,4221.153809,4204.743652,4222.307617,4212.563965
4186.282227000001,4190.256348,4184.102539,4200.897461,4199.102539,4232.307617,4243.589844,4265.0,4244.487305,4221.922852000001,4205.641113000001,4191.025879,4212.692383,4199.230957
4188.717772999999,4194.615234000001,4187.05127,4205.384765999999,4211.025879,4227.94873,4213.333496,4222.307617,4230.128418,4218.205078,4201.922852000001,4189.487305,4213.717772999999,4196.025879
4195.384765999999,4198.717772999999,4201.282227000001,4213.077147999999,4218.205078,4223.461426,4203.717772999999,4218.974121,4227.692383,4221.922852000001,4209.615234000001,4204.743652,4226.025879,4206.666504
4198.077147999999,4202.692383,4208.333496,4216.538574,4211.666504,4227.820313,4220.384765999999,4223.461426,4221.153809,4218.461426,4209.871582,4213.589844,4233.974121,4213.846191
4207.436035,4214.487305,4214.102539,4223.589844,4211.410156,4230.384765999999,4216.410156,4207.436035,4214.102539,4224.102539,4214.743652,4214.743652,4235.384765999999,4221.538574
4223.333496,4225.769043,4225.641113000001,4234.102539,4223.589844,4225.641113000001,4203.974121,4192.692383,4207.692383,4229.487305,4227.307617,4218.461426,4236.282227000001,4231.025879
4233.461426,4227.563965,4235.256348,4240.769043,4229.743652,4227.820313,4210.769043,4184.871582,4194.487305,4218.717772999999,4231.025879,4222.05127,4241.153809,4233.717772999999
4236.666504,4230.384765999999,4237.307617,4243.717772999999,4224.743652,4230.769043,4206.922852000001,4180.641113000001,4191.025879,4214.615234000001,4230.256348,4220.897461,4246.025879,4236.666504
4234.743652,4231.922852000001,4232.94873,4239.102539,4219.871582,4221.025879,4186.538574,4192.05127,4207.05127,4224.871582,4233.205078,4220.512695,4244.102539,4240.512695
4223.589844,4223.461426,4219.615234000001,4229.358886999999,4217.820313,4223.846191,4196.922852000001,4219.358886999999,4227.179688,4226.794922,4229.871582,4216.922852000001,4233.077147999999,4231.922852000001
4208.077147999999,4208.205078,4204.615234000001,4219.102539,4211.794922,4240.512695,4235.512695,4236.410156,4238.974121,4218.333496,4212.563965,4204.487305,4218.846191,4214.230957
4204.230957,4202.820313,4202.307617,4214.358886999999,4206.794922,4238.974121,4251.282227000001,4248.589844,4251.666504,4225.512695,4203.974121,4196.410156,4218.589844,4207.563965
4201.666504,4206.538574,4202.94873,4212.436035,4207.692383,4233.205078,4246.282227000001,4263.974121,4260.769043,4239.871582,4211.025879,4196.282227000001,4221.410156,4206.922852000001
4192.94873,4203.077147999999,4196.153809,4208.589844,4207.820313,4241.025879,4243.846191,4249.615234000001,4249.615234000001,4231.922852000001,4208.589844,4192.307617,4210.512695,4200.256348
4194.102539,4200.641113000001,4200.0,4214.743652,4213.589844,4240.384765999999,4232.436035,4220.897461,4233.974121,4218.846191,4202.563965,4190.384765999999,4206.922852000001,4202.436035
4204.615234000001,4203.974121,4213.461426,4222.94873,4220.256348,4224.743652,4215.641113000001,4218.461426,4226.666504,4217.436035,4205.641113000001,4201.153809,4215.128418,4213.333496
4212.692383,4210.0,4218.077147999999,4223.205078,4214.871582,4215.641113000001,4208.974121,4214.102539,4209.358886999999,4209.743652,4203.589844,4207.563965,4214.358886999999,4216.410156
4218.846191,4222.436035,4223.205078,4231.153809,4217.436035,4223.205078,4211.666504,4195.0,4195.256348,4205.128418,4201.922852000001,4205.384765999999,4221.153809,4218.589844
4220.128418,4226.922852000001,4226.794922,4238.589844,4227.563965,4224.102539,4209.487305,4189.743652,4193.333496,4207.307617,4201.794922,4208.589844,4233.205078,4221.922852000001
4219.487305,4221.410156,4221.153809,4235.769043,4225.0,4210.256348,4197.94873,4193.461426,4187.436035,4201.538574,4194.743652,4212.436035,4231.794922,4221.922852000001
4225.128418,4224.487305,4222.436035,4236.538574,4219.871582,4210.256348,4190.384765999999,4207.05127,4192.563965,4205.512695,4198.461426,4214.102539,4233.461426,4228.846191
4230.128418,4233.205078,4228.589844,4238.846191,4223.077147999999,4224.487305,4193.461426,4229.102539,4215.641113000001,4223.205078,4214.615234000001,4215.0,4241.794922,4240.897461
4225.384765999999,4232.307617,4221.410156,4234.230957,4225.512695,4230.897461,4201.666504,4227.05127,4227.179688,4231.410156,4215.512695,4211.153809,4244.230957,4238.589844
4209.615234000001,4214.487305,4202.307617,4219.487305,4212.436035,4232.820313,4216.025879,4214.358886999999,4216.410156,4216.025879,4195.384765999999,4198.846191,4231.410156,4216.410156
4198.717772999999,4199.102539,4195.128418,4206.410156,4201.025879,4236.922852000001,4232.94873,4230.641113000001,4221.538574,4204.743652,4185.0,4190.512695,4214.871582,4200.256348
4205.0,4204.871582,4201.282227000001,4211.025879,4208.717772999999,4232.563965,4230.641113000001,4242.179688,4238.333496,4216.538574,4192.692383,4193.846191,4215.641113000001,4206.410156
4208.974121,4208.205078,4197.820313,4215.384765999999,4212.307617,4224.230957,4214.102539,4214.615234000001,4223.205078,4217.563965,4192.436035,4193.846191,4218.717772999999,4211.025879
4203.461426,4198.846191,4191.410156,4209.743652,4202.436035,4228.974121,4216.153809,4198.846191,4204.102539,4203.205078,4185.0,4187.820313,4207.307617,4204.615234000001
4205.641113000001,4196.922852000001,4197.05127,4211.922852000001,4197.94873,4228.589844,4219.230957,4213.717772999999,4210.897461,4205.384765999999,4189.615234000001,4185.128418,4199.615234000001,4207.307617
4212.307617,4201.794922,4200.897461,4215.128418,4199.871582,4212.436035,4207.307617,4216.922852000001,4211.922852000001,4211.666504,4196.922852000001,4187.692383,4201.794922,4212.820313
4215.897461,4204.358886999999,4202.436035,4213.205078,4197.820313,4207.563965,4207.436035,4213.717772999999,4204.871582,4207.436035,4199.230957,4191.025879,4197.820313,4213.077147999999
4223.461426,4209.102539,4214.743652,4219.102539,4197.307617,4211.794922,4212.94873,4218.974121,4211.153809,4212.307617,4210.128418,4200.128418,4197.307617,4222.820313
4236.666504,4221.794922,4229.230957,4232.692383,4208.846191,4211.282227000001,4206.922852000001,4212.820313,4211.666504,4226.666504,4229.230957,4213.589844,4215.0,4241.922852000001
4241.794922,4231.025879,4228.205078,4237.692383,4216.025879,4212.436035,4203.333496,4197.307617,4198.846191,4227.307617,4234.743652,4216.538574,4227.05127,4249.743652
4234.102539,4227.563965,4217.94873,4233.589844,4210.512695,4218.717772999999,4200.641113000001,4186.025879,4193.205078,4216.538574,4224.487305,4208.974121,4221.153809,4240.256348
4229.487305,4228.589844,4216.282227000001,4236.282227000001,4215.384765999999,4225.384765999999,4198.205078,4187.436035,4203.205078,4219.615234000001,4223.205078,4200.384765999999,4218.589844,4231.538574
4227.05127,4232.94873,4214.230957,4237.563965,4225.641113000001,4227.436035,4211.410156,4207.692383,4214.615234000001,4224.358886999999,4223.077147999999,4192.436035,4212.563965,4226.538574
4217.692383,4224.358886999999,4205.641113000001,4230.512695,4218.974121,4233.077147999999,4226.153809,4230.897461,4221.922852000001,4216.410156,4212.307617,4187.436035,4200.384765999999,4218.333496
4208.205078,4214.358886999999,4203.461426,4225.0,4207.307617,4233.846191,4218.717772999999,4237.563965,4231.922852000001,4213.974121,4209.230957,4190.641113000001,4199.871582,4210.256348
4203.717772999999,4208.333496,4201.922852000001,4219.487305,4205.256348,4222.05127,4214.487305,4230.256348,4230.128418,4214.102539,4208.717772999999,4190.512695,4199.615234000001,4203.205078
4200.256348,4203.461426,4198.077147999999,4215.384765999999,4210.512695,4219.871582,4232.436035,4229.487305,4219.743652,4205.384765999999,4204.871582,4184.487305,4192.307617,4199.487305
4196.666504,4201.666504,4198.589844,4216.410156,4211.794922,4226.538574,4232.563965,4225.641113000001,4216.025879,4201.538574,4206.794922,4187.94873,4190.512695,4198.589844
4204.102539,4203.717772999999,4202.436035,4221.025879,4206.410156,4225.512695,4217.94873,4213.077147999999,4214.615234000001,4213.589844,4212.94873,4198.077147999999,4199.615234000001,4203.589844
4216.666504,4205.256348,4206.794922,4224.102539,4206.410156,4217.179688,4221.794922,4216.794922,4210.897461,4220.384765999999,4218.205078,4202.436035,4209.230957,4213.205078
4219.487305,4206.410156,4211.666504,4223.333496,4212.05127,4209.615234000001,4218.077147999999,4217.692383,4201.922852000001,4208.461426,4222.179688,4200.897461,4210.0,4216.666504
4224.358886999999,4215.641113000001,4218.717772999999,4227.179688,4215.384765999999,4210.641113000001,4205.384765999999,4193.717772999999,4190.641113000001,4200.512695,4228.077147999999,4205.769043,4212.563965,4219.743652
4231.666504,4224.358886999999,4222.94873,4235.641113000001,4215.0,4214.615234000001,4208.205078,4178.205078,4183.974121,4206.538574,4234.743652,4209.615234000001,4221.025879,4225.384765999999
4227.179688,4222.692383,4216.922852000001,4234.487305,4215.897461,4213.717772999999,4203.589844,4189.230957,4189.871582,4211.282227000001,4232.05127,4202.436035,4218.077147999999,4220.641113000001
4215.128418,4216.025879,4204.615234000001,4223.846191,4218.077147999999,4217.692383,4195.769043,4202.179688,4201.794922,4205.641113000001,4216.794922,4193.461426,4203.333496,4203.461426
4207.05127,4211.794922,4196.410156,4215.641113000001,4216.282227000001,4223.205078,4212.436035,4208.846191,4207.179688,4197.307617,4205.641113000001,4189.358886999999,4194.615234000001,4191.538574
4206.153809,4215.897461,4197.05127,4216.666504,4219.743652,4221.794922,4221.153809,4214.358886999999,4211.922852000001,4202.179688,4209.743652,4189.358886999999,4196.282227000001,4192.436035
4207.436035,4217.692383,4198.974121,4219.743652,4225.512695,4220.769043,4205.897461,4211.794922,4218.077147999999,4212.692383,4213.205078,4191.025879,4201.282227000001,4196.922852000001
4205.0,4208.205078,4196.922852000001,4214.358886999999,4219.743652,4222.94873,4208.846191,4208.205078,4213.846191,4208.205078,4204.615234000001,4190.128418,4198.974121,4194.615234000001
4205.897461,4204.615234000001,4197.179688,4211.282227000001,4217.05127,4221.410156,4221.794922,4207.820313,4209.102539,4204.871582,4200.512695,4188.717772999999,4195.256348,4191.410156
4209.871582,4208.846191,4200.641113000001,4213.974121,4220.897461,4211.410156,4213.846191,4215.0,4214.102539,4211.410156,4206.922852000001,4189.358886999999,4198.077147999999,4195.0
4209.230957,4206.025879,4203.717772999999,4212.307617,4211.538574,4204.358886999999,4214.743652,4230.512695,4217.436035,4210.512695,4211.025879,4193.589844,4199.615234000001,4198.974121
4216.025879,4208.974121,4210.384765999999,4215.128418,4204.487305,4211.025879,4226.922852000001,4233.077147999999,4217.563965,4212.563965,4215.0,4203.077147999999,4201.025879,4203.974121
4228.717772999999,4221.153809,4216.410156,4224.358886999999,4213.205078,4219.743652,4226.410156,4216.282227000001,4212.820313,4217.692383,4221.025879,4210.256348,4206.153809,4210.384765999999
4228.077147999999,4220.897461,4214.615234000001,4224.743652,4214.743652,4218.461426,4228.333496,4211.922852000001,4202.179688,4208.205078,4220.128418,4206.922852000001,4208.589844,4212.820313
4223.589844,4216.025879,4207.436035,4219.358886999999,4208.974121,4213.205078,4220.897461,4210.512695,4194.487305,4196.922852000001,4212.307617,4203.461426,4202.307617,4212.692383
4227.820313,4223.077147999999,4206.153809,4223.333496,4212.94873,4210.897461,4197.563965,4192.307617,4194.743652,4199.358886999999,4208.333496,4205.769043,4197.94873,4215.256348
4228.077147999999,4226.025879,4211.538574,4227.94873,4216.410156,4209.358886999999,4192.307617,4190.769043,4195.384765999999,4198.333496,4205.641113000001,4203.461426,4196.025879,4214.615234000001
4220.897461,4214.871582,4208.205078,4220.897461,4208.333496,4208.717772999999,4205.128418,4200.0,4186.666504,4181.153809,4197.820313,4194.230957,4184.615234000001,4204.743652
4222.307617,4215.897461,4199.743652,4216.922852000001,4210.256348,4205.256348,4204.743652,4192.820313,4183.205078,4177.563965,4198.974121,4190.769043,4183.077147999999,4199.743652
4227.563965,4223.461426,4201.922852000001,4220.512695,4217.179688,4197.692383,4196.025879,4181.794922,4190.512695,4194.743652,4208.974121,4194.615234000001,4195.769043,4204.487305
4225.384765999999,4220.641113000001,4206.153809,4220.769043,4210.128418,4199.102539,4206.153809,4190.897461,4195.384765999999,4203.205078,4212.05127,4200.641113000001,4198.333496,4208.077147999999
4222.179688,4225.384765999999,4204.743652,4221.410156,4210.769043,4207.692383,4222.05127,4206.666504,4196.282227000001,4201.153809,4213.077147999999,4206.410156,4196.922852000001,4212.820313
4226.153809,4236.666504,4210.128418,4228.974121,4225.769043,4213.846191,4224.358886999999,4207.692383,4204.871582,4211.794922,4224.743652,4210.769043,4213.461426,4225.256348
4236.666504,4240.128418,4225.128418,4235.512695,4233.846191,4224.102539,4232.692383,4216.153809,4222.436035,4229.743652,4242.820313,4218.333496,4235.0,4237.05127
4246.666504,4242.692383,4233.589844,4236.410156,4231.538574,4232.563965,4241.922852000001,4237.436035,4232.820313,4233.589844,4248.846191,4228.461426,4236.025879,4238.077147999999
4248.846191,4248.846191,4232.179688,4240.641113000001,4233.461426,4223.077147999999,4222.692383,4240.897461,4226.666504,4226.794922,4239.743652,4229.871582,4222.692383,4229.615234000001
4242.820313,4243.717772999999,4227.179688,4240.641113000001,4232.179688,4210.256348,4204.358886999999,4231.794922,4213.846191,4214.871582,4227.820313,4218.846191,4210.512695,4220.384765999999
4239.487305,4232.692383,4223.589844,4233.333496,4224.230957,4211.922852000001,4214.102539,4237.179688,4213.333496,4205.512695,4225.256348,4214.871582,4206.538574,4221.025879
4244.358886999999,4238.077147999999,4228.589844,4237.05127,4227.05127,4219.615234000001,4215.641113000001,4233.077147999999,4221.794922,4214.230957,4229.743652,4222.05127,4210.641113000001,4228.077147999999
4241.794922,4241.025879,4226.025879,4239.487305,4228.461426,4221.025879,4197.820313,4203.717772999999,4216.282227000001,4217.05127,4223.461426,4215.641113000001,4207.05127,4219.615234000001
4226.025879,4224.743652,4206.025879,4222.05127,4216.794922,4214.615234000001,4199.487305,4179.743652,4194.487305,4194.871582,4206.025879,4197.179688,4191.153809,4198.846191
4218.461426,4219.487305,4198.846191,4211.922852000001,4213.589844,4209.102539,4214.358886999999,4176.794922,4186.153809,4187.692383,4206.282227000001,4195.897461,4189.487305,4197.05127
4225.0,4232.179688,4213.333496,4221.282227000001,4222.563965,4209.615234000001,4208.717772999999,4184.487305,4196.794922,4205.897461,4223.077147999999,4209.230957,4208.846191,4210.384765999999
4229.487305,4233.461426,4221.538574,4227.692383,4225.0,4211.282227000001,4203.333496,4190.897461,4203.461426,4211.538574,4230.256348,4217.436035,4220.897461,4218.974121
4228.205078,4225.769043,4218.205078,4225.897461,4217.179688,4205.897461,4215.769043,4195.256348,4197.307617,4203.717772999999,4228.974121,4218.077147999999,4215.897461,4220.512695
4227.307617,4228.589844,4219.743652,4225.0,4216.922852000001,4199.871582,4217.436035,4210.128418,4194.230957,4205.897461,4229.487305,4219.358886999999,4214.487305,4220.256348
4231.794922,4241.410156,4229.102539,4233.717772999999,4230.897461,4208.846191,4208.846191,4229.358886999999,4208.974121,4221.410156,4234.743652,4226.538574,4227.820313,4223.205078
4234.871582,4245.0,4231.153809,4240.128418,4231.282227000001,4215.0,4215.128418,4230.384765999999,4218.974121,4223.974121,4234.102539,4230.256348,4225.512695,4218.974121
4234.230957,4237.692383,4228.077147999999,4234.358886999999,4220.769043,4206.922852000001,4217.307617,4226.153809,4215.512695,4210.512695,4226.538574,4223.717772999999,4206.666504,4208.717772999999
4237.05127,4240.641113000001,4232.05127,4232.307617,4233.333496,4206.153809,4203.333496,4223.846191,4215.897461,4209.230957,4225.256348,4219.743652,4208.589844,4210.512695
4235.0,4244.102539,4231.153809,4231.410156,4240.128418,4211.410156,4201.538574,4230.512695,4222.179688,4213.333496,4221.410156,4221.922852000001,4213.589844,4216.025879
4223.077147999999,4234.615234000001,4219.871582,4221.282227000001,4224.358886999999,4216.282227000001,4217.820313,4247.307617,4225.512695,4207.179688,4211.666504,4218.974121,4197.05127,4207.307617
4208.846191,4217.692383,4205.256348,4209.615234000001,4217.563965,4219.230957,4216.153809,4223.333496,4211.282227000001,4197.94873,4201.922852000001,4209.358886999999,4182.436035,4190.384765999999
4203.077147999999,4210.769043,4199.358886999999,4207.563965,4219.487305,4220.769043,4205.128418,4174.487305,4193.846191,4196.025879,4196.922852000001,4205.769043,4189.230957,4183.205078
4210.897461,4221.922852000001,4211.666504,4216.025879,4224.743652,4227.692383,4222.179688,4183.589844,4202.820313,4204.871582,4207.820313,4214.615234000001,4206.666504,4193.846191
4217.563965,4227.820313,4220.0,4220.512695,4232.307617,4227.563965,4232.692383,4217.307617,4215.0,4212.820313,4220.384765999999,4221.922852000001,4214.102539,4203.589844
4214.230957,4225.512695,4212.179688,4219.487305,4230.384765999999,4220.769043,4218.589844,4215.256348,4210.641113000001,4213.974121,4220.384765999999,4218.974121,4214.871582,4202.436035
4213.077147999999,4231.153809,4204.358886999999,4218.974121,4223.205078,4224.871582,4215.512695,4212.563965,4204.615234000001,4210.897461,4216.666504,4217.563965,4217.179688,4202.307617
4216.794922,4235.641113000001,4205.384765999999,4216.922852000001,4227.563965,4225.256348,4219.871582,4226.666504,4202.436035,4208.333496,4216.025879,4222.94873,4217.94873,4203.205078
4216.538574,4233.589844,4210.0,4218.589844,4237.179688,4211.025879,4214.358886999999,4233.077147999999,4204.743652,4213.589844,4217.179688,4225.512695,4220.769043,4203.077147999999
4212.94873,4231.153809,4210.128418,4221.794922,4227.563965,4202.05127,4209.487305,4217.820313,4202.94873,4212.436035,4211.922852000001,4220.641113000001,4218.461426,4203.974121
4219.871582,4235.512695,4212.307617,4224.487305,4217.563965,4206.538574,4210.384765999999,4211.922852000001,4202.179688,4206.794922,4208.077147999999,4219.358886999999,4211.922852000001,4209.487305
4229.230957,4236.282227000001,4218.846191,4226.666504,4220.512695,4206.666504,4210.384765999999,4228.589844,4207.820313,4204.487305,4209.102539,4220.0,4211.025879,4209.871582
4226.410156,4225.256348,4219.230957,4219.230957,4216.153809,4201.282227000001,4211.025879,4230.512695,4206.794922,4200.769043,4205.512695,4214.743652,4210.897461,4199.743652
4225.769043,4225.512695,4218.333496,4216.025879,4215.0,4209.358886999999,4208.589844,4222.307617,4217.820313,4210.897461,4210.897461,4215.0,4218.461426,4201.025879
4227.179688,4235.512695,4219.871582,4222.307617,4227.179688,4217.94873,4205.0,4225.512695,4237.820313,4223.846191,4219.743652,4220.128418,4223.589844,4213.589844
4213.974121,4222.563965,4210.641113000001,4216.410156,4228.974121,4218.205078,4211.794922,4225.0,4228.461426,4209.871582,4205.0,4212.05127,4205.0,4203.846191
4200.512695,4203.974121,4195.769043,4203.717772999999,4221.538574,4223.717772999999,4218.717772999999,4209.615234000001,4204.358886999999,4195.128418,4185.641113000001,4201.538574,4186.153809,4180.897461
4209.102539,4218.205078,4197.692383,4209.102539,4231.794922,4230.769043,4214.615234000001,4200.0,4209.615234000001,4211.025879,4194.102539,4208.205078,4199.615234000001,4186.410156
4223.846191,4241.410156,4212.563965,4225.384765999999,4246.025879,4231.410156,4214.102539,4194.743652,4222.563965,4229.358886999999,4212.436035,4218.717772999999,4226.794922,4208.077147999999
4224.743652,4239.487305,4218.461426,4231.794922,4237.179688,4224.871582,4213.846191,4196.794922,4215.512695,4225.384765999999,4216.794922,4218.974121,4236.538574,4211.025879
4217.94873,4229.615234000001,4213.205078,4229.102539,4230.0,4216.538574,4209.615234000001,4212.436035,4208.077147999999,4214.358886999999,4209.871582,4215.0,4226.025879,4203.974121
4211.538574,4228.077147999999,4207.05127,4222.692383,4239.358886999999,4217.563965,4215.769043,4211.282227000001,4201.666504,4203.974121,4195.384765999999,4207.436035,4210.769043,4198.333496
4212.05127,4231.282227000001,4205.769043,4218.717772999999,4238.205078,4224.615234000001,4216.153809,4196.025879,4196.410156,4200.128418,4189.102539,4203.846191,4209.358886999999,4197.820313
4217.436035,4231.153809,4208.717772999999,4220.769043,4224.615234000001,4217.94873,4207.179688,4201.153809,4201.538574,4203.974121,4194.102539,4211.794922,4215.128418,4204.743652
4213.205078,4222.692383,4206.794922,4215.897461,4217.179688,4200.128418,4213.333496,4221.410156,4205.897461,4202.692383,4190.512695,4216.153809,4206.410156,4205.769043
4207.94873,4220.769043,4202.436035,4210.0,4217.05127,4202.436035,4224.743652,4227.436035,4208.077147999999,4204.102539,4187.820313,4211.666504,4204.102539,4205.0
4214.230957,4223.717772999999,4205.0,4216.922852000001,4217.563965,4220.256348,4225.384765999999,4234.358886999999,4222.692383,4217.692383,4197.179688,4211.666504,4218.974121,4217.05127
4213.717772999999,4215.384765999999,4201.153809,4215.0,4209.871582,4219.230957,4227.820313,4244.615234000001,4231.794922,4220.128418,4194.615234000001,4209.743652,4211.666504,4217.307617
4207.820313,4209.743652,4195.641113000001,4205.384765999999,4203.205078,4213.205078,4238.461426,4230.0,4219.743652,4210.641113000001,4183.461426,4202.94873,4191.153809,4200.512695
4213.461426,4217.563965,4204.615234000001,4211.538574,4209.871582,4220.384765999999,4236.282227000001,4212.692383,4216.153809,4212.05127,4189.102539,4202.307617,4196.282227000001,4203.717772999999
4222.436035,4224.102539,4215.0,4220.0,4215.897461,4219.358886999999,4218.974121,4218.077147999999,4223.333496,4215.769043,4199.102539,4207.820313,4208.333496,4220.128418
4226.025879,4225.384765999999,4216.922852000001,4220.128418,4211.025879,4213.974121,4213.333496,4217.94873,4219.358886999999,4208.205078,4197.563965,4209.487305,4203.717772999999,4222.05127
4221.922852000001,4220.128418,4211.282227000001,4215.256348,4203.846191,4215.128418,4218.077147999999,4189.743652,4198.333496,4193.461426,4187.436035,4202.436035,4191.282227000001,4210.384765999999
4217.436035,4212.94873,4205.769043,4210.897461,4204.487305,4214.230957,4217.563965,4174.743652,4183.717772999999,4183.333496,4178.717772999999,4195.384765999999,4184.871582,4197.436035
4220.897461,4218.333496,4208.333496,4215.641113000001,4211.282227000001,4210.256348,4214.743652,4192.179688,4195.512695,4191.794922,4186.153809,4192.436035,4191.282227000001,4197.05127
4223.461426,4225.897461,4208.974121,4221.666504,4215.641113000001,4212.563965,4219.230957,4206.538574,4206.922852000001,4205.256348,4199.487305,4191.025879,4201.538574,4205.0
4218.205078,4220.897461,4203.205078,4217.94873,4214.230957,4221.666504,4228.077147999999,4206.153809,4201.922852000001,4207.563965,4200.256348,4196.666504,4203.717772999999,4204.871582
4218.333496,4216.538574,4203.461426,4213.333496,4210.897461,4222.563965,4226.025879,4209.615234000001,4203.846191,4206.153809,4199.743652,4206.794922,4205.512695,4204.615234000001
4231.538574,4225.512695,4216.025879,4221.794922,4215.0,4218.589844,4217.436035,4224.871582,4220.512695,4213.717772999999,4210.641113000001,4213.205078,4218.589844,4217.307617
4242.94873,4235.0,4230.769043,4233.077147999999,4222.307617,4225.384765999999,4221.282227000001,4232.94873,4229.871582,4228.205078,4223.717772999999,4216.282227000001,4231.025879,4227.94873
4244.102539,4230.128418,4237.179688,4230.641113000001,4217.179688,4224.230957,4222.436035,4231.410156,4227.179688,4232.692383,4227.692383,4221.282227000001,4232.307617,4228.717772999999
4243.846191,4225.512695,4236.794922,4225.769043,4210.897461,4212.436035,4216.538574,4238.717772999999,4228.205078,4228.589844,4230.769043,4226.025879,4233.717772999999,4235.512695
4241.794922,4227.179688,4237.307617,4226.538574,4216.666504,4214.102539,4215.0,4236.922852000001,4229.230957,4227.05127,4235.0,4225.256348,4235.641113000001,4240.641113000001
4233.077147999999,4223.077147999999,4232.563965,4224.487305,4220.512695,4213.205078,4211.922852000001,4211.922852000001,4218.974121,4219.358886999999,4229.230957,4219.615234000001,4228.077147999999,4230.0
4229.871582,4222.94873,4224.871582,4221.794922,4219.230957,4206.666504,4209.871582,4198.333496,4207.05127,4209.102539,4219.743652,4214.230957,4217.94873,4218.205078
4229.871582,4225.256348,4223.461426,4219.871582,4216.282227000001,4214.230957,4213.974121,4202.436035,4207.820313,4206.794922,4212.820313,4210.384765999999,4214.230957,4213.333496
4218.589844,4219.743652,4219.230957,4216.282227000001,4211.666504,4224.358886999999,4220.769043,4208.205078,4216.282227000001,4210.128418,4210.128418,4205.897461,4214.743652,4204.487305
4202.307617,4212.05127,4205.769043,4212.436035,4213.333496,4223.077147999999,4224.871582,4209.230957,4214.230957,4207.563965,4207.179688,4200.0,4208.717772999999,4192.820313
4195.641113000001,4208.461426,4194.230957,4208.846191,4214.230957,4221.025879,4223.589844,4201.410156,4205.769043,4200.769043,4201.025879,4197.307617,4200.0,4190.384765999999
4201.410156,4210.128418,4197.820313,4209.487305,4211.025879,4226.538574,4218.717772999999,4206.666504,4212.94873,4204.487305,4205.128418,4198.974121,4208.077147999999,4195.256348
4207.563965,4212.692383,4205.641113000001,4213.461426,4211.666504,4227.436035,4221.922852000001,4223.846191,4219.743652,4209.358886999999,4215.0,4200.256348,4217.307617,4196.794922
4216.666504,4222.94873,4213.205078,4220.0,4221.794922,4225.128418,4232.436035,4228.205078,4218.589844,4215.512695,4226.025879,4207.307617,4220.128418,4203.974121
4226.282227000001,4232.307617,4221.538574,4225.256348,4228.717772999999,4224.871582,4223.717772999999,4235.256348,4225.512695,4224.487305,4236.538574,4219.743652,4229.358886999999,4215.769043
4224.230957,4222.179688,4220.0,4218.077147999999,4215.641113000001,4218.333496,4209.358886999999,4234.358886999999,4218.077147999999,4214.230957,4229.102539,4218.717772999999,4226.153809,4212.820313
4223.205078,4215.384765999999,4217.94873,4212.436035,4204.743652,4204.487305,4211.538574,4202.820313,4190.256348,4195.256348,4210.897461,4208.846191,4209.871582,4203.461426
4228.974121,4221.410156,4222.820313,4218.589844,4210.641113000001,4197.05127,4206.410156,4182.820313,4179.871582,4193.461426,4209.102539,4209.871582,4206.025879,4204.871582
4234.615234000001,4223.205078,4227.05127,4224.871582,4215.256348,4205.0,4190.384765999999,4190.897461,4190.384765999999,4201.538574,4218.077147999999,4215.512695,4212.436035,4210.641113000001
4235.0,4219.615234000001,4227.05127,4224.487305,4209.358886999999,4206.794922,4194.743652,4193.589844,4194.871582,4200.897461,4214.743652,4212.05127,4216.282227000001,4210.256348
4224.487305,4213.077147999999,4220.0,4216.794922,4200.128418,4195.128418,4210.512695,4201.410156,4194.615234000001,4193.333496,4202.563965,4203.974121,4210.384765999999,4202.307617
4215.384765999999,4210.256348,4214.358886999999,4212.436035,4198.205078,4195.512695,4218.717772999999,4225.769043,4204.871582,4193.846191,4202.307617,4201.794922,4205.512695,4200.769043
4217.94873,4215.256348,4214.230957,4214.102539,4199.487305,4203.589844,4219.871582,4225.384765999999,4209.615234000001,4202.692383,4208.846191,4204.743652,4210.384765999999,4204.230957
4215.769043,4211.538574,4209.230957,4209.743652,4195.0,4201.153809,4212.692383,4205.384765999999,4204.743652,4202.94873,4204.358886999999,4198.717772999999,4212.307617,4197.307617
4208.461426,4204.743652,4202.05127,4204.358886999999,4193.846191,4204.743652,4211.025879,4198.717772999999,4206.153809,4200.897461,4198.717772999999,4190.641113000001,4206.922852000001,4189.615234000001
4214.358886999999,4214.102539,4202.436035,4209.871582,4204.487305,4218.333496,4215.641113000001,4204.102539,4208.974121,4208.717772999999,4208.589844,4196.282227000001,4207.94873,4195.897461
4221.153809,4224.743652,4203.846191,4217.820313,4216.153809,4224.230957,4214.230957,4222.820313,4213.846191,4218.077147999999,4223.333496,4205.128418,4217.436035,4203.846191
4215.512695,4220.769043,4199.615234000001,4216.282227000001,4216.410156,4219.743652,4214.102539,4228.846191,4220.0,4219.615234000001,4223.589844,4203.077147999999,4222.05127,4204.871582
4211.666504,4219.487305,4198.333496,4211.153809,4209.487305,4213.333496,4212.307617,4207.436035,4213.589844,4212.179688,4214.230957,4200.128418,4220.256348,4203.846191
4214.102539,4225.128418,4200.641113000001,4208.717772999999,4206.794922,4214.615234000001,4209.743652,4202.820313,4208.974121,4205.897461,4212.820313,4204.871582,4218.974121,4204.615234000001
4212.692383,4218.717772999999,4201.666504,4207.436035,4204.743652,4213.589844,4213.461426,4215.769043,4208.333496,4203.974121,4213.461426,4204.487305,4215.641113000001,4203.846191
4211.025879,4209.871582,4204.358886999999,4207.563965,4198.974121,4201.666504,4205.0,4201.410156,4196.538574,4200.128418,4207.436035,4194.358886999999,4211.282227000001,4197.94873
4211.666504,4210.384765999999,4207.820313,4206.538574,4194.615234000001,4196.153809,4190.128418,4184.102539,4188.461426,4192.563965,4201.922852000001,4190.512695,4207.563965,4194.487305
4208.077147999999,4206.922852000001,4207.436035,4204.230957,4197.307617,4201.153809,4204.358886999999,4204.871582,4197.05127,4188.205078,4201.025879,4197.692383,4200.512695,4194.743652
4207.692383,4206.922852000001,4206.922852000001,4208.461426,4205.256348,4210.512695,4227.563965,4226.025879,4208.333496,4196.538574,4204.230957,4203.974121,4199.615234000001,4194.487305
4212.820313,4211.666504,4208.077147999999,4213.589844,4207.563965,4213.333496,4216.538574,4212.94873,4212.563965,4207.436035,4210.512695,4204.743652,4209.230957,4197.436035
4218.333496,4211.922852000001,4213.846191,4214.358886999999,4207.436035,4209.230957,4202.307617,4200.512695,4219.871582,4215.641113000001,4217.563965,4208.077147999999,4217.05127,4208.974121
4219.358886999999,4215.512695,4219.487305,4215.384765999999,4208.589844,4211.282227000001,4211.153809,4218.333496,4226.666504,4219.102539,4222.436035,4210.512695,4216.282227000001,4216.282227000001
4213.589844,4223.461426,4210.769043,4212.179688,4206.153809,4215.897461,4212.05127,4224.102539,4218.717772999999,4209.487305,4216.666504,4206.666504,4208.333496,4202.820313
4209.230957,4229.102539,4199.230957,4209.487305,4212.179688,4213.205078,4200.128418,4209.230957,4211.153809,4203.974121,4210.769043,4200.256348,4204.102539,4189.230957
4207.179688,4228.333496,4198.461426,4210.256348,4219.230957,4209.871582,4197.307617,4215.128418,4215.897461,4209.102539,4211.794922,4191.538574,4203.077147999999,4188.974121
4203.589844,4225.769043,4200.0,4208.717772999999,4211.922852000001,4214.487305,4206.922852000001,4225.897461,4217.820313,4205.384765999999,4206.922852000001,4185.384765999999,4197.563965,4189.230957
4201.025879,4221.922852000001,4200.256348,4208.205078,4205.512695,4213.846191,4213.461426,4215.384765999999,4208.589844,4192.436035,4198.589844,4184.358886999999,4190.641113000001,4185.384765999999
4200.512695,4215.897461,4199.487305,4204.871582,4206.666504,4202.94873,4207.179688,4200.256348,4198.974121,4183.974121,4195.384765999999,4183.077147999999,4184.358886999999,4181.410156
4199.743652,4213.974121,4197.94873,4202.179688,4206.538574,4203.717772999999,4204.743652,4200.384765999999,4198.205078,4182.436035,4196.025879,4183.205078,4184.358886999999,4180.769043
4202.179688,4218.846191,4200.384765999999,4208.846191,4210.128418,4206.282227000001,4209.743652,4205.128418,4202.307617,4187.436035,4197.179688,4188.333496,4189.615234000001,4185.128418
4210.384765999999,4231.282227000001,4210.897461,4220.641113000001,4218.461426,4199.871582,4206.282227000001,4203.974121,4208.974121,4199.230957,4205.0,4192.94873,4198.077147999999,4191.922852000001
4213.077147999999,4237.94873,4219.487305,4226.538574,4216.666504,4203.205078,4203.717772999999,4208.333496,4213.205078,4207.692383,4216.153809,4195.0,4207.94873,4192.307617
4209.358886999999,4229.743652,4214.871582,4224.230957,4207.692383,4209.743652,4208.846191,4216.666504,4211.282227000001,4208.461426,4216.282227000001,4196.282227000001,4210.384765999999,4189.743652
4207.307617,4224.487305,4210.384765999999,4223.717772999999,4210.769043,4208.974121,4217.05127,4228.846191,4217.820313,4209.743652,4213.205078,4194.743652,4206.410156,4193.974121
4205.897461,4229.615234000001,4212.94873,4223.846191,4218.077147999999,4214.102539,4223.077147999999,4235.128418,4226.666504,4210.769043,4214.230957,4189.102539,4201.538574,4194.230957
4204.230957,4228.846191,4210.128418,4221.666504,4218.717772999999,4223.205078,4219.487305,4223.461426,4218.077147999999,4207.307617,4212.94873,4186.922852000001,4199.358886999999,4187.692383
4203.846191,4223.077147999999,4204.102539,4224.487305,4222.179688,4223.205078,4220.641113000001,4216.666504,4211.538574,4204.871582,4213.717772999999,4193.974121,4201.538574,4189.487305
4203.205078,4223.846191,4204.615234000001,4226.922852000001,4225.641113000001,4217.179688,4225.769043,4217.692383,4214.487305,4202.563965,4213.333496,4199.743652,4199.615234000001,4193.717772999999
4201.794922,4224.871582,4205.512695,4221.410156,4221.025879,4211.794922,4218.333496,4205.769043,4203.589844,4196.025879,4205.384765999999,4196.922852000001,4193.589844,4191.282227000001
4200.384765999999,4221.282227000001,4204.871582,4215.769043,4213.333496,4203.077147999999,4207.94873,4191.410156,4190.512695,4192.94873,4200.769043,4195.0,4194.615234000001,4191.282227000001
4202.692383,4221.410156,4211.538574,4219.102539,4212.307617,4195.0,4209.230957,4197.820313,4195.512695,4196.153809,4207.563965,4199.615234000001,4201.153809,4196.282227000001
4211.794922,4226.538574,4221.922852000001,4224.230957,4220.256348,4197.820313,4210.256348,4203.717772999999,4203.077147999999,4201.410156,4214.230957,4206.282227000001,4206.538574,4201.666504
4216.153809,4224.487305,4223.077147999999,4223.205078,4221.025879,4200.512695,4201.666504,4198.846191,4202.05127,4201.794922,4212.307617,4206.922852000001,4207.307617,4201.153809
4211.410156,4221.410156,4219.615234000001,4222.179688,4214.230957,4200.512695,4200.256348,4216.922852000001,4211.666504,4203.974121,4210.512695,4203.333496,4206.666504,4194.615234000001
4207.05127,4222.563965,4215.641113000001,4222.179688,4215.384765999999,4205.0,4210.256348,4233.205078,4222.94873,4208.589844,4208.077147999999,4199.230957,4204.743652,4189.358886999999
4203.077147999999,4220.897461,4208.077147999999,4217.94873,4218.717772999999,4207.692383,4213.333496,4216.153809,4215.897461,4204.102539,4201.666504,4195.641113000001,4200.641113000001,4186.538574
4204.102539,4225.769043,4209.743652,4219.102539,4220.897461,4211.410156,4207.307617,4205.384765999999,4214.615234000001,4201.794922,4202.563965,4196.922852000001,4203.589844,4185.0
4215.256348,4237.05127,4221.153809,4228.461426,4226.794922,4214.615234000001,4204.615234000001,4217.05127,4225.769043,4211.282227000001,4210.256348,4201.922852000001,4210.512695,4190.512695
4220.128418,4237.692383,4223.205078,4229.615234000001,4227.563965,4207.05127,4206.922852000001,4215.0,4222.179688,4213.589844,4212.05127,4201.410156,4208.461426,4199.487305
4214.102539,4230.384765999999,4218.974121,4220.897461,4219.743652,4199.358886999999,4211.025879,4200.256348,4205.0,4203.205078,4209.743652,4197.05127,4204.487305,4197.563965
4206.153809,4224.358886999999,4216.666504,4214.743652,4211.666504,4201.282227000001,4217.436035,4207.307617,4199.615234000001,4197.05127,4207.692383,4199.230957,4203.974121,4188.333496
4201.794922,4219.102539,4214.615234000001,4215.512695,4210.256348,4198.461426,4213.717772999999,4220.384765999999,4207.436035,4200.769043,4205.0,4202.94873,4200.128418,4184.102539
4200.0,4214.743652,4211.922852000001,4215.769043,4211.410156,4192.307617,4205.256348,4210.384765999999,4208.333496,4199.487305,4200.769043,4198.205078,4191.922852000001,4180.897461
4193.589844,4207.563965,4208.205078,4209.230957,4213.077147999999,4197.179688,4210.769043,4199.487305,4194.487305,4186.922852000001,4192.05127,4189.230957,4183.974121,4174.743652
4191.282227000001,4204.487305,4208.461426,4206.282227000001,4222.94873,4205.0,4213.717772999999,4205.256348,4189.230957,4187.820313,4192.436035,4191.410156,4186.025879,4177.94873
4201.153809,4212.179688,4213.461426,4213.846191,4229.230957,4206.794922,4196.922852000001,4212.436035,4205.897461,4200.897461,4200.641113000001,4198.461426,4196.153809,4188.717772999999
4209.102539,4217.307617,4216.153809,4220.769043,4225.641113000001,4207.05127,4192.307617,4212.820313,4212.820313,4198.974121,4197.05127,4194.102539,4197.307617,4190.256348
4208.205078,4219.102539,4214.871582,4220.641113000001,4225.641113000001,4209.487305,4207.179688,4209.102539,4201.794922,4191.410156,4188.846191,4187.307617,4195.256348,4188.205078
4213.717772999999,4227.05127,4216.666504,4222.436035,4228.974121,4213.589844,4206.922852000001,4197.179688,4201.025879,4197.94873,4191.410156,4193.461426,4205.641113000001,4197.436035
4221.666504,4231.922852000001,4222.692383,4227.94873,4230.641113000001,4215.897461,4192.820313,4190.256348,4207.179688,4209.102539,4195.641113000001,4199.615234000001,4215.641113000001,4207.179688
4216.025879,4221.538574,4220.256348,4221.410156,4224.102539,4208.717772999999,4192.94873,4205.769043,4205.769043,4208.974121,4191.922852000001,4197.436035,4208.333496,4206.666504
4212.307617,4211.410156,4214.230957,4210.128418,4211.025879,4206.282227000001,4211.282227000001,4222.436035,4210.256348,4208.974121,4193.461426,4198.333496,4202.820313,4207.94873
4217.307617,4215.256348,4214.230957,4212.05127,4202.563965,4216.410156,4223.077147999999,4218.077147999999,4214.743652,4212.436035,4197.563965,4196.410156,4206.666504,4211.666504
4212.436035,4212.820313,4209.743652,4209.102539,4195.512695,4206.025879,4213.846191,4204.487305,4200.897461,4200.897461,4185.384765999999,4182.563965,4195.897461,4204.230957
4205.0,4203.846191,4204.102539,4200.769043,4189.871582,4183.974121,4207.436035,4206.538574,4191.666504,4186.922852000001,4176.282227000001,4171.410156,4179.871582,4195.641113000001
4210.256348,4204.487305,4206.153809,4203.205078,4187.820313,4184.871582,4205.512695,4197.05127,4191.666504,4184.871582,4181.538574,4171.666504,4177.692383,4197.94873
4218.333496,4212.179688,4208.077147999999,4207.94873,4192.307617,4191.410156,4196.922852000001,4183.717772999999,4194.230957,4193.461426,4187.94873,4177.307617,4185.641113000001,4204.743652
4216.282227000001,4214.743652,4205.769043,4203.333496,4195.128418,4183.974121,4196.282227000001,4220.897461,4208.461426,4202.307617,4192.563965,4176.538574,4192.307617,4204.743652
4208.974121,4205.641113000001,4198.974121,4196.153809,4189.487305,4180.128418,4200.641113000001,4234.230957,4204.102539,4195.641113000001,4191.153809,4172.307617,4186.794922,4200.512695
4213.974121,4208.333496,4199.615234000001,4202.692383,4195.897461,4191.025879,4194.102539,4187.05127,4185.256348,4195.897461,4194.230957,4179.102539,4190.512695,4208.077147999999
4220.0,4215.128418,4203.846191,4206.410156,4202.05127,4193.461426,4185.512695,4175.769043,4189.102539,4205.897461,4202.563965,4184.102539,4203.717772999999,4212.692383
4212.94873,4204.230957,4198.205078,4194.871582,4188.589844,4192.820313,4187.692383,4199.487305,4193.461426,4195.641113000001,4198.205078,4172.94873,4194.743652,4200.769043
4213.333496,4202.307617,4195.512695,4195.384765999999,4189.358886999999,4203.461426,4196.666504,4193.717772999999,4187.179688,4189.615234000001,4197.307617,4172.563965,4190.384765999999,4202.307617
4221.666504,4213.589844,4202.307617,4207.05127,4202.563965,4202.692383,4200.641113000001,4188.461426,4195.0,4207.307617,4210.512695,4183.717772999999,4208.333496,4215.0
4221.282227000001,4205.512695,4208.077147999999,4202.05127,4192.436035,4195.769043,4212.307617,4215.128418,4211.153809,4215.128418,4215.256348,4180.641113000001,4210.128418,4212.436035
4214.615234000001,4188.205078,4206.153809,4191.794922,4179.230957,4203.974121,4231.666504,4226.282227000001,4207.692383,4198.974121,4203.717772999999,4169.358886999999,4189.230957,4202.692383
4211.025879,4197.820313,4200.641113000001,4202.94873,4188.846191,4206.794922,4228.589844,4203.589844,4191.794922,4185.256348,4195.769043,4167.307617,4182.94873,4199.358886999999
4210.512695,4215.512695,4201.666504,4215.897461,4197.05127,4195.256348,4216.153809,4202.563965,4200.128418,4190.256348,4198.974121,4172.05127,4189.615234000001,4198.205078
4203.846191,4207.563965,4202.307617,4202.563965,4192.307617,4193.205078,4225.512695,4230.384765999999,4219.102539,4196.410156,4198.589844,4170.512695,4180.769043,4190.897461
4196.538574,4200.384765999999,4199.358886999999,4192.05127,4193.846191,4200.897461,4228.846191,4217.820313,4216.538574,4195.512695,4196.282227000001,4168.077147999999,4179.743652,4188.205078
4204.871582,4215.0,4204.615234000001,4207.563965,4206.922852000001,4198.846191,4200.128418,4187.307617,4212.94873,4205.512695,4204.487305,4175.256348,4197.179688,4201.025879
4215.256348,4222.307617,4213.974121,4217.692383,4210.769043,4191.282227000001,4185.128418,4210.897461,4222.692383,4221.153809,4211.666504,4178.846191,4198.717772999999,4209.102539
4212.820313,4219.358886999999,4218.205078,4211.922852000001,4203.589844,4193.589844,4199.230957,4234.358886999999,4224.743652,4222.179688,4209.487305,4173.974121,4191.410156,4202.820313
4208.846191,4218.974121,4215.897461,4208.846191,4201.282227000001,4193.461426,4189.230957,4196.922852000001,4210.769043,4208.461426,4203.461426,4171.538574,4190.641113000001,4195.128418
4207.05127,4214.358886999999,4208.205078,4208.461426,4203.846191,4186.922852000001,4169.615234000001,4176.922852000001,4201.666504,4194.358886999999,4198.717772999999,4172.05127,4186.538574,4188.974121
4202.563965,4209.230957,4204.871582,4206.922852000001,4206.282227000001,4192.307617,4179.358886999999,4203.461426,4203.461426,4192.692383,4200.256348,4169.358886999999,4183.846191,4187.179688
4199.743652,4204.102539,4203.461426,4204.358886999999,4203.974121,4198.717772999999,4190.384765999999,4202.179688,4195.769043,4193.846191,4203.717772999999,4170.641113000001,4186.153809,4191.153809
4201.153809,4197.692383,4198.717772999999,4202.820313,4200.769043,4200.641113000001,4193.205078,4185.512695,4184.615234000001,4189.871582,4203.717772999999,4174.871582,4183.461426,4193.461426
4199.615234000001,4197.563965,4197.179688,4202.94873,4202.820313,4207.436035,4201.794922,4199.230957,4191.922852000001,4191.666504,4202.179688,4174.487305,4181.538574,4190.384765999999
4194.358886999999,4199.230957,4198.461426,4201.153809,4203.974121,4208.333496,4207.692383,4217.05127,4207.563965,4195.897461,4196.538574,4168.974121,4182.692383,4184.743652
4185.384765999999,4193.846191,4188.205078,4195.256348,4195.641113000001,4199.230957,4209.871582,4212.179688,4211.153809,4191.410156,4186.025879,4161.282227000001,4177.692383,4177.436035
4176.538574,4188.589844,4176.666504,4187.820313,4185.384765999999,4195.897461,4209.102539,4198.077147999999,4206.025879,4188.461426,4180.897461,4158.461426,4175.128418,4170.128418
4182.436035,4192.05127,4188.846191,4190.512695,4190.256348,4198.974121,4203.717772999999,4191.666504,4206.538574,4201.282227000001,4192.05127,4166.922852000001,4186.922852000001,4173.205078
4192.05127,4197.692383,4203.974121,4198.589844,4195.769043,4194.358886999999,4200.128418,4195.128418,4213.205078,4215.128418,4203.974121,4175.769043,4198.846191,4184.358886999999
4187.94873,4196.025879,4200.0,4197.563965,4187.307617,4187.820313,4203.333496,4216.794922,4219.487305,4213.461426,4198.589844,4173.461426,4196.153809,4184.743652
4191.922852000001,4199.615234000001,4201.410156,4200.0,4188.846191,4195.0,4208.205078,4231.538574,4219.487305,4210.128418,4195.256348,4171.922852000001,4192.563965,4182.307617
4208.846191,4213.974121,4217.94873,4212.820313,4204.102539,4199.487305,4201.410156,4212.307617,4211.666504,4214.615234000001,4207.820313,4180.256348,4201.794922,4191.922852000001
4212.179688,4220.0,4221.282227000001,4217.820313,4208.974121,4185.897461,4181.410156,4191.153809,4203.974121,4214.871582,4214.743652,4184.230957,4208.205078,4199.358886999999
4199.743652,4209.743652,4207.436035,4207.94873,4201.538574,4179.102539,4169.358886999999,4187.563965,4193.077147999999,4202.05127,4203.846191,4177.179688,4197.692383,4189.743652
4187.820313,4195.0,4195.641113000001,4193.717772999999,4193.846191,4188.974121,4176.538574,4187.179688,4176.794922,4182.563965,4186.922852000001,4165.897461,4177.692383,4171.282227000001
4178.461426,4191.410156,4188.974121,4188.974121,4198.846191,4198.589844,4182.94873,4180.512695,4172.307617,4175.512695,4177.94873,4158.333496,4167.94873,4162.820313
4165.512695,4188.846191,4179.743652,4186.025879,4202.563965,4196.153809,4180.641113000001,4171.538574,4179.743652,4178.717772999999,4176.025879,4153.846191,4169.743652,4163.205078
4159.230957,4181.922852000001,4177.05127,4181.538574,4193.717772999999,4199.358886999999,4193.333496,4180.384765999999,4194.487305,4182.307617,4180.256348,4155.384765999999,4173.077147999999,4167.820313
4162.820313,4182.820313,4182.692383,4183.205078,4191.794922,4213.974121,4214.230957,4207.05127,4212.179688,4191.025879,4188.205078,4160.256348,4175.769043,4172.179688
4163.333496,4186.153809,4184.102539,4183.974121,4195.384765999999,4210.512695,4212.692383,4204.743652,4214.230957,4202.692383,4191.794922,4163.077147999999,4177.307617,4170.769043
4163.846191,4189.615234000001,4188.077147999999,4183.717772999999,4193.333496,4196.025879,4208.333496,4187.307617,4213.974121,4212.692383,4197.05127,4167.436035,4184.230957,4171.794922
4169.743652,4193.205078,4199.230957,4188.333496,4196.666504,4198.974121,4215.641113000001,4202.94873,4226.410156,4217.05127,4205.769043,4170.769043,4193.589844,4180.641113000001
4176.410156,4197.179688,4207.94873,4197.692383,4206.282227000001,4208.974121,4211.922852000001,4221.666504,4230.512695,4220.512695,4210.769043,4174.743652,4198.333496,4192.179688
4181.153809,4203.077147999999,4215.897461,4207.692383,4207.820313,4198.974121,4208.205078,4230.512695,4226.538574,4226.282227000001,4213.717772999999,4184.487305,4203.333496,4196.794922
4180.769043,4206.794922,4223.333496,4209.743652,4208.205078,4184.102539,4207.307617,4236.666504,4221.794922,4222.820313,4214.743652,4192.563965,4207.307617,4195.897461
4176.025879,4205.641113000001,4223.077147999999,4207.436035,4212.179688,4190.641113000001,4195.384765999999,4221.666504,4210.897461,4212.94873,4215.256348,4191.922852000001,4207.179688,4197.563965
4173.077147999999,4197.436035,4213.717772999999,4205.256348,4204.615234000001,4197.179688,4191.794922,4203.589844,4198.077147999999,4201.282227000001,4211.410156,4183.717772999999,4201.025879,4196.538574
4168.589844,4191.025879,4200.384765999999,4199.102539,4196.794922,4187.307617,4187.05127,4182.563965,4179.743652,4185.641113000001,4198.077147999999,4172.692383,4190.128418,4184.871582
4159.743652,4192.179688,4191.666504,4191.153809,4200.256348,4188.717772999999,4170.0,4155.897461,4162.307617,4176.922852000001,4187.436035,4165.384765999999,4182.179688,4173.846191
4158.205078,4189.230957,4190.897461,4183.974121,4200.384765999999,4205.512695,4176.666504,4167.692383,4168.333496,4173.205078,4185.641113000001,4165.897461,4176.153809,4172.05127
4167.94873,4186.538574,4193.717772999999,4184.487305,4197.563965,4208.205078,4200.128418,4201.538574,4187.563965,4176.410156,4189.743652,4171.025879,4173.589844,4175.512695
4174.358886999999,4193.205078,4195.769043,4191.666504,4198.974121,4200.128418,4199.230957,4191.153809,4193.846191,4192.820313,4196.794922,4178.333496,4179.358886999999,4180.897461
4170.128418,4195.512695,4192.820313,4189.487305,4199.615234000001,4199.615234000001,4191.282227000001,4177.179688,4194.871582,4200.384765999999,4195.897461,4182.179688,4183.717772999999,4182.820313
4165.384765999999,4193.717772999999,4192.820313,4186.025879,4203.461426,4205.641113000001,4205.769043,4205.641113000001,4207.436035,4197.692383,4196.025879,4180.769043,4187.179688,4183.205078
4165.256348,4191.538574,4197.563965,4188.717772999999,4203.333496,4205.0,4227.436035,4233.717772999999,4217.563965,4202.563965,4202.563965,4183.974121,4189.358886999999,4185.256348
4169.102539,4188.461426,4202.436035,4188.974121,4199.358886999999,4200.512695,4235.641113000001,4238.077147999999,4216.025879,4207.307617,4205.128418,4190.769043,4190.897461,4189.358886999999
4172.94873,4195.0,4206.538574,4190.769043,4205.897461,4196.922852000001,4214.358886999999,4225.897461,4213.205078,4208.461426,4209.358886999999,4192.307617,4206.025879,4196.538574
4173.589844,4201.153809,4207.307617,4194.871582,4211.410156,4186.794922,4184.230957,4210.512695,4213.846191,4214.487305,4217.94873,4190.897461,4226.282227000001,4202.436035
4167.05127,4184.102539,4201.922852000001,4187.179688,4204.230957,4190.512695,4201.282227000001,4215.769043,4209.871582,4207.94873,4214.615234000001,4190.512695,4218.205078,4194.871582
4158.846191,4168.077147999999,4198.589844,4177.820313,4201.282227000001,4209.615234000001,4226.153809,4220.0,4197.05127,4190.897461,4202.307617,4188.333496,4196.025879,4183.589844
4165.512695,4185.897461,4208.846191,4190.769043,4215.0,4207.307617,4202.563965,4196.666504,4197.436035,4198.077147999999,4207.692383,4193.333496,4208.846191,4194.230957
4175.769043,4202.692383,4217.563965,4202.05127,4221.538574,4185.641113000001,4181.666504,4180.641113000001,4209.615234000001,4214.102539,4217.820313,4202.692383,4229.102539,4208.717772999999
4166.410156,4187.94873,4205.128418,4188.077147999999,4203.846191,4181.025879,4195.0,4186.538574,4202.94873,4203.846191,4205.641113000001,4194.615234000001,4208.974121,4194.743652
4161.025879,4182.05127,4195.769043,4181.153809,4195.641113000001,4194.358886999999,4204.102539,4193.077147999999,4196.922852000001,4195.384765999999,4197.820313,4185.897461,4190.641113000001,4185.512695
4172.820313,4194.358886999999,4202.179688,4191.153809,4206.666504,4194.102539,4197.820313,4203.205078,4211.153809,4208.461426,4209.871582,4196.794922,4203.589844,4202.179688
4171.794922,4190.128418,4203.461426,4187.563965,4204.615234000001,4189.615234000001,4202.436035,4226.922852000001,4220.256348,4217.94873,4213.974121,4201.666504,4211.666504,4204.230957
4158.589844,4176.922852000001,4200.128418,4177.563965,4195.897461,4200.769043,4214.615234000001,4238.589844,4219.102539,4217.307617,4204.615234000001,4189.743652,4205.128418,4188.205078
4158.205078,4176.282227000001,4197.820313,4179.358886999999,4200.897461,4207.179688,4216.794922,4215.128418,4215.128418,4210.641113000001,4199.102539,4179.358886999999,4199.487305,4181.538574
4158.461426,4175.769043,4189.102539,4176.666504,4205.512695,4201.538574,4224.230957,4203.717772999999,4207.563965,4198.077147999999,4190.384765999999,4172.94873,4189.102539,4177.94873
4148.077147999999,4170.256348,4181.025879,4166.922852000001,4201.025879,4199.615234000001,4225.0,4212.307617,4200.0,4190.512695,4175.256348,4164.743652,4176.410156,4167.179688
4139.102539,4169.487305,4178.461426,4165.769043,4195.512695,4197.692383,4203.461426,4192.307617,4194.358886999999,4191.025879,4171.410156,4162.179688,4172.820313,4160.641113000001
4142.436035,4176.153809,4178.333496,4174.358886999999,4200.128418,4198.077147999999,4196.794922,4175.0,4196.538574,4197.820313,4180.897461,4163.461426,4178.717772999999,4166.153809
4150.384765999999,4180.641113000001,4177.820313,4176.025879,4206.410156,4199.743652,4211.025879,4192.05127,4202.179688,4203.461426,4187.05127,4162.563965,4182.692383,4173.846191
4151.666504,4177.820313,4178.846191,4171.538574,4201.666504,4193.589844,4212.94873,4198.205078,4198.333496,4202.307617,4186.153809,4164.615234000001,4184.743652,4175.641113000001
4149.871582,4178.461426,4184.358886999999,4177.563965,4196.410156,4191.538574,4204.871582,4182.820313,4192.820313,4200.256348,4187.820313,4164.615234000001,4190.897461,4175.384765999999
4154.615234000001,4187.307617,4191.410156,4188.717772999999,4200.769043,4200.897461,4201.282227000001,4184.487305,4200.256348,4201.410156,4193.974121,4166.282227000001,4197.692383,4178.205078
4167.436035,4198.077147999999,4201.538574,4197.05127,4207.94873,4204.743652,4199.102539,4201.922852000001,4212.692383,4210.769043,4202.436035,4181.025879,4211.538574,4188.974121
4168.846191,4193.461426,4201.153809,4196.410156,4204.615234000001,4202.820313,4211.666504,4206.666504,4202.692383,4207.179688,4196.666504,4187.436035,4211.538574,4192.179688
4156.666504,4177.94873,4188.077147999999,4185.128418,4199.230957,4207.436035,4230.128418,4207.05127,4183.205078,4183.205078,4177.436035,4175.897461,4185.384765999999,4177.820313
4152.563965,4176.922852000001,4185.128418,4179.102539,4201.282227000001,4203.333496,4214.871582,4213.974121,4192.563965,4181.794922,4174.743652,4172.436035,4177.563965,4173.974121
4151.282227000001,4177.563965,4186.794922,4177.05127,4192.563965,4186.794922,4197.94873,4218.333496,4210.384765999999,4198.846191,4175.128418,4174.358886999999,4183.205078,4177.94873
4142.05127,4161.410156,4175.897461,4168.974121,4179.230957,4186.794922,4217.820313,4210.641113000001,4199.871582,4192.94873,4157.94873,4163.461426,4167.820313,4164.743652
4133.333496,4149.743652,4163.846191,4160.897461,4180.0,4196.794922,4226.025879,4186.410156,4180.769043,4176.794922,4144.487305,4151.922852000001,4153.717772999999,4149.102539
4140.512695,4165.897461,4167.05127,4168.717772999999,4188.333496,4196.410156,4210.769043,4191.922852000001,4193.589844,4185.256348,4152.563965,4157.692383,4166.666504,4156.538574
4156.538574,4182.563965,4175.0,4181.666504,4195.897461,4203.461426,4220.256348,4228.333496,4214.615234000001,4202.820313,4164.230957,4168.333496,4181.666504,4173.974121
4160.641113000001,4178.333496,4173.589844,4179.487305,4195.512695,4215.384765999999,4229.358886999999,4209.102539,4203.717772999999,4199.871582,4162.820313,4163.077147999999,4177.820313,4175.769043
4163.205078,4182.563965,4173.333496,4179.230957,4193.717772999999,4206.538574,4205.0,4163.974121,4196.666504,4196.794922,4166.025879,4153.589844,4180.256348,4174.102539
4175.256348,4194.871582,4180.769043,4190.0,4197.307617,4197.563965,4197.94873,4187.436035,4211.922852000001,4202.307617,4173.461426,4159.871582,4188.205078,4182.307617
4178.717772999999,4188.846191,4184.102539,4190.128418,4193.717772999999,4208.077147999999,4213.974121,4216.794922,4203.589844,4190.384765999999,4164.871582,4165.128418,4175.256348,4185.641113000001
4175.641113000001,4183.589844,4185.128418,4185.512695,4187.436035,4209.743652,4207.179688,4194.102539,4180.384765999999,4173.461426,4158.461426,4159.743652,4159.102539,4179.102539
4180.384765999999,4185.128418,4188.333496,4184.102539,4187.05127,4187.436035,4191.794922,4182.820313,4180.128418,4172.94873,4168.846191,4161.538574,4160.0,4177.307617
4185.128418,4182.436035,4190.512695,4183.717772999999,4185.769043,4180.641113000001,4193.077147999999,4189.102539,4188.077147999999,4180.897461,4177.563965,4171.538574,4168.205078,4186.025879
4185.384765999999,4191.666504,4193.077147999999,4191.538574,4188.461426,4201.025879,4189.743652,4180.769043,4188.077147999999,4191.282227000001,4179.230957,4173.205078,4177.05127,4191.794922
4183.461426,4203.333496,4191.153809,4197.563965,4199.230957,4209.230957,4182.307617,4175.128418,4187.307617,4197.307617,4179.615234000001,4166.538574,4182.692383,4181.538574
4170.769043,4191.794922,4179.102539,4186.538574,4198.974121,4203.461426,4199.358886999999,4181.282227000001,4186.410156,4189.743652,4169.102539,4155.897461,4169.743652,4161.922852000001
4158.717772999999,4180.256348,4169.743652,4175.128418,4188.077147999999,4204.487305,4217.436035,4190.512695,4191.153809,4186.538574,4156.922852000001,4149.487305,4149.615234000001,4154.358886999999
4164.230957,4188.333496,4174.743652,4178.205078,4193.589844,4210.641113000001,4211.538574,4197.692383,4202.05127,4200.0,4163.333496,4153.717772999999,4153.461426,4160.128418
4171.794922,4192.05127,4180.897461,4181.410156,4204.743652,4213.846191,4211.538574,4207.179688,4211.025879,4210.256348,4180.0,4161.666504,4173.717772999999,4166.794922
4171.666504,4191.282227000001,4181.025879,4179.615234000001,4203.461426,4216.666504,4220.897461,4215.0,4214.102539,4210.384765999999,4188.461426,4165.769043,4182.307617,4173.717772999999
4173.461426,4199.230957,4183.205078,4185.641113000001,4203.974121,4223.333496,4225.897461,4226.025879,4214.871582,4211.410156,4187.436035,4165.384765999999,4179.358886999999,4178.077147999999
4175.641113000001,4202.820313,4185.0,4191.538574,4205.128418,4218.205078,4221.282227000001,4233.974121,4214.487305,4210.512695,4188.205078,4166.538574,4180.256348,4178.846191
4178.461426,4205.384765999999,4187.436035,4193.461426,4203.077147999999,4206.538574,4212.563965,4217.563965,4211.922852000001,4210.512695,4197.94873,4172.436035,4187.436035,4185.641113000001
4183.589844,4214.102539,4192.94873,4197.179688,4208.077147999999,4207.179688,4206.538574,4185.897461,4205.897461,4215.128418,4204.743652,4177.563965,4189.743652,4189.358886999999
4186.282227000001,4214.102539,4196.025879,4197.05127,4210.897461,4205.0,4193.461426,4175.897461,4196.410156,4213.333496,4200.769043,4181.538574,4186.025879,4183.717772999999
4190.0,4210.256348,4202.179688,4199.358886999999,4203.846191,4195.641113000001,4179.358886999999,4181.794922,4186.538574,4207.307617,4200.512695,4186.410156,4188.974121,4186.794922
4191.025879,4208.846191,4207.563965,4205.128418,4200.512695,4197.820313,4175.0,4167.179688,4178.205078,4200.512695,4204.102539,4185.0,4190.897461,4191.153809
4177.179688,4198.461426,4196.410156,4197.436035,4198.589844,4198.846191,4177.05127,4161.282227000001,4176.282227000001,4190.384765999999,4193.589844,4173.205078,4176.922852000001,4176.282227000001
4158.589844,4185.641113000001,4180.897461,4182.307617,4189.230957,4193.205078,4193.205078,4192.436035,4186.025879,4185.384765999999,4178.077147999999,4163.077147999999,4158.846191,4155.128418
4147.179688,4178.717772999999,4172.563965,4176.666504,4183.589844,4200.0,4220.641113000001,4214.743652,4197.94873,4186.794922,4172.05127,4157.436035,4148.333496,4141.666504
4143.589844,4178.205078,4165.897461,4176.794922,4195.897461,4218.205078,4230.0,4204.102539,4201.282227000001,4193.077147999999,4173.333496,4153.974121,4149.358886999999,4137.692383
4150.256348,4183.846191,4166.666504,4178.077147999999,4209.743652,4224.230957,4220.512695,4207.820313,4206.025879,4204.358886999999,4178.974121,4157.05127,4161.666504,4145.384765999999
4163.333496,4189.871582,4181.025879,4186.410156,4205.641113000001,4212.820313,4226.538574,4248.461426,4227.436035,4216.538574,4189.615234000001,4171.410156,4174.230957,4161.538574
4174.230957,4200.256348,4193.205078,4196.153809,4201.922852000001,4207.692383,4234.487305,4250.256348,4233.333496,4221.666504,4199.230957,4182.179688,4180.769043,4171.410156
4176.025879,4206.666504,4191.153809,4196.538574,4204.743652,4212.563965,4220.0,4200.769043,4205.128418,4214.487305,4198.333496,4176.153809,4180.769043,4167.94873
4172.563965,4199.358886999999,4186.410156,4193.717772999999,4203.205078,4212.436035,4218.461426,4185.512695,4192.436035,4206.025879,4194.615234000001,4169.871582,4178.589844,4166.922852000001
4172.179688,4195.897461,4189.230957,4195.0,4203.589844,4209.615234000001,4232.820313,4202.94873,4204.615234000001,4207.94873,4196.794922,4175.897461,4181.153809,4173.846191
4177.94873,4203.461426,4195.769043,4197.94873,4206.538574,4210.769043,4224.871582,4197.563965,4204.615234000001,4214.871582,4204.487305,4183.333496,4191.025879,4179.358886999999
4192.307617,4214.487305,4207.179688,4207.05127,4212.820313,4212.179688,4206.794922,4192.436035,4205.384765999999,4224.102539,4217.94873,4187.436035,4206.153809,4189.871582
4198.974121,4216.666504,4211.410156,4211.025879,4212.94873,4206.538574,4212.179688,4196.666504,4209.102539,4222.05127,4217.820313,4187.05127,4206.153809,4196.282227000001
4193.717772999999,4212.179688,4203.589844,4204.615234000001,4206.410156,4204.743652,4223.717772999999,4197.692383,4203.589844,4212.563965,4206.410156,4183.589844,4194.615234000001,4189.487305
4199.615234000001,4215.256348,4204.358886999999,4205.128418,4208.461426,4213.333496,4212.563965,4206.666504,4208.717772999999,4219.743652,4212.05127,4184.743652,4200.256348,4191.153809
4204.487305,4213.077147999999,4203.589844,4203.461426,4212.179688,4217.307617,4200.128418,4205.769043,4213.461426,4223.974121,4213.717772999999,4184.230957,4203.333496,4193.461426
4191.025879,4203.077147999999,4191.922852000001,4193.974121,4208.333496,4212.05127,4211.794922,4209.487305,4211.025879,4213.333496,4200.769043,4178.846191,4186.538574,4180.256348
4182.179688,4198.717772999999,4185.512695,4190.256348,4202.94873,4210.897461,4229.615234000001,4236.282227000001,4218.205078,4211.922852000001,4199.615234000001,4179.743652,4177.563965,4176.538574
4184.871582,4197.436035,4187.05127,4190.384765999999,4202.307617,4218.333496,4239.487305,4238.333496,4219.487305,4213.974121,4202.94873,4180.897461,4183.589844,4183.077147999999
4179.871582,4191.410156,4185.769043,4187.692383,4202.563965,4225.512695,4243.077147999999,4210.512695,4205.512695,4206.025879,4196.153809,4177.179688,4180.256348,4177.692383
4177.436035,4188.974121,4185.769043,4186.666504,4202.307617,4218.333496,4227.94873,4196.922852000001,4199.743652,4201.922852000001,4194.358886999999,4177.563965,4173.589844,4174.615234000001
4190.384765999999,4196.538574,4194.487305,4191.666504,4205.512695,4205.641113000001,4210.0,4199.871582,4207.436035,4211.922852000001,4204.102539,4184.358886999999,4186.922852000001,4186.922852000001
4196.922852000001,4202.05127,4201.153809,4197.307617,4206.153809,4202.692383,4215.128418,4213.717772999999,4209.230957,4220.384765999999,4208.717772999999,4189.615234000001,4201.282227000001,4191.410156
4198.717772999999,4205.384765999999,4206.282227000001,4202.436035,4206.153809,4206.922852000001,4220.512695,4223.461426,4205.0,4221.666504,4209.358886999999,4189.358886999999,4201.538574,4191.025879
4211.153809,4213.077147999999,4215.641113000001,4210.256348,4214.358886999999,4210.384765999999,4216.666504,4203.589844,4208.077147999999,4225.128418,4218.974121,4189.487305,4206.153809,4201.538574
4214.871582,4213.589844,4213.589844,4209.615234000001,4217.692383,4205.384765999999,4208.077147999999,4187.307617,4212.307617,4223.846191,4223.205078,4191.025879,4210.384765999999,4203.717772999999
4209.230957,4210.128418,4207.179688,4207.307617,4213.589844,4204.615234000001,4204.230957,4204.743652,4214.358886999999,4220.641113000001,4222.692383,4193.333496,4206.410156,4197.307617
4212.436035,4212.820313,4209.743652,4211.282227000001,4216.922852000001,4210.641113000001,4204.871582,4211.538574,4220.128418,4225.512695,4223.077147999999,4190.897461,4205.512695,4198.077147999999
4204.743652,4203.077147999999,4201.666504,4202.820313,4214.615234000001,4206.922852000001,4201.410156,4196.025879,4214.615234000001,4218.333496,4209.615234000001,4182.94873,4193.077147999999,4189.871582
4187.94873,4189.102539,4188.589844,4190.0,4206.794922,4209.358886999999,4210.128418,4200.769043,4204.230957,4204.743652,4198.589844,4182.692383,4176.666504,4172.94873
4189.871582,4193.974121,4192.179688,4191.794922,4211.666504,4225.0,4219.615234000001,4208.846191,4210.769043,4210.128418,4207.692383,4187.05127,4182.563965,4172.820313
4195.512695,4197.692383,4192.307617,4194.615234000001,4217.692383,4223.974121,4214.230957,4198.589844,4215.897461,4216.025879,4211.153809,4182.307617,4190.0,4177.436035
4184.102539,4187.692383,4180.769043,4187.436035,4211.025879,4208.846191,4220.512695,4203.077147999999,4205.128418,4204.871582,4202.820313,4172.307617,4178.974121,4168.974121
4178.077147999999,4185.641113000001,4178.846191,4183.846191,4201.282227000001,4207.436035,4231.794922,4217.05127,4201.922852000001,4199.743652,4204.487305,4171.794922,4174.743652,4166.538574
4190.512695,4195.0,4188.333496,4192.307617,4204.615234000001,4212.436035,4221.410156,4214.487305,4211.153809,4208.717772999999,4211.794922,4180.512695,4189.358886999999,4177.436035
4195.641113000001,4196.922852000001,4190.512695,4196.666504,4212.820313,4202.692383,4208.205078,4199.871582,4203.974121,4208.461426,4208.333496,4183.205078,4195.512695,4178.333496
4184.358886999999,4194.487305,4184.358886999999,4191.410156,4212.307617,4195.256348,4210.641113000001,4188.205078,4185.897461,4197.820313,4198.205078,4173.974121,4185.512695,4168.589844
4184.102539,4199.487305,4187.179688,4195.256348,4213.974121,4212.563965,4221.025879,4193.974121,4191.922852000001,4197.820313,4198.974121,4171.538574,4184.871582,4173.846191
4197.563965,4200.384765999999,4196.666504,4204.615234000001,4216.410156,4227.563965,4227.179688,4203.461426,4210.128418,4203.717772999999,4207.307617,4182.179688,4191.025879,4183.846191
4200.512695,4197.179688,4201.282227000001,4203.205078,4211.666504,4216.410156,4222.692383,4217.436035,4221.282227000001,4210.384765999999,4210.769043,4189.230957,4194.487305,4183.846191
4199.230957,4202.05127,4203.717772999999,4201.794922,4208.717772999999,4203.461426,4208.461426,4234.743652,4227.692383,4220.384765999999,4216.922852000001,4192.94873,4205.512695,4187.436035
4206.410156,4210.256348,4207.05127,4207.05127,4215.641113000001,4207.94873,4201.538574,4222.94873,4227.820313,4224.743652,4227.179688,4200.641113000001,4219.230957,4197.692383
4205.897461,4207.307617,4203.205078,4203.205078,4220.256348,4212.179688,4218.333496,4197.563965,4219.871582,4221.282227000001,4226.922852000001,4197.820313,4216.410156,4196.410156
4193.974121,4194.615234000001,4193.589844,4192.692383,4211.794922,4204.358886999999,4233.974121,4196.922852000001,4208.717772999999,4212.563965,4212.94873,4186.922852000001,4199.743652,4180.0
4189.230957,4190.384765999999,4193.589844,4193.717772999999,4205.0,4204.230957,4225.769043,4203.717772999999,4202.307617,4203.717772999999,4203.589844,4185.384765999999,4192.436035,4173.205078
4189.102539,4193.205078,4199.487305,4200.128418,4206.794922,4214.358886999999,4219.230957,4198.205078,4203.333496,4202.436035,4205.384765999999,4187.179688,4192.05127,4177.307617
4188.846191,4196.025879,4199.102539,4199.358886999999,4209.102539,4216.794922,4224.230957,4199.230957,4208.589844,4207.307617,4210.897461,4189.358886999999,4193.077147999999,4180.384765999999
4187.179688,4195.897461,4194.743652,4195.128418,4209.743652,4207.692383,4216.922852000001,4201.666504,4201.922852000001,4204.487305,4209.230957,4193.461426,4194.487305,4180.641113000001
4178.461426,4187.179688,4188.717772999999,4188.461426,4206.410156,4197.307617,4205.256348,4192.820313,4185.641113000001,4192.179688,4196.282227000001,4185.897461,4184.230957,4171.410156
4175.897461,4182.05127,4185.128418,4186.538574,4203.974121,4199.102539,4208.205078,4193.205078,4190.256348,4190.128418,4193.461426,4174.358886999999,4179.487305,4158.846191
4176.025879,4183.846191,4182.692383,4189.871582,4209.615234000001,4209.615234000001,4211.666504,4193.461426,4200.897461,4193.205078,4195.256348,4171.153809,4184.743652,4153.974121
4170.0,4184.487305,4179.743652,4189.358886999999,4217.436035,4209.102539,4206.153809,4188.333496,4196.922852000001,4194.743652,4187.820313,4174.743652,4186.794922,4157.692383
4173.974121,4190.897461,4183.717772999999,4190.128418,4219.230957,4204.102539,4207.94873,4196.282227000001,4207.563965,4209.871582,4194.615234000001,4180.512695,4195.0,4170.512695
4182.820313,4196.794922,4190.384765999999,4190.256348,4212.05127,4206.666504,4218.205078,4212.692383,4228.205078,4224.743652,4208.717772999999,4183.333496,4208.717772999999,4181.153809
4180.897461,4190.641113000001,4191.666504,4187.563965,4205.256348,4209.487305,4224.358886999999,4221.794922,4228.461426,4220.0,4209.487305,4186.025879,4214.358886999999,4178.717772999999
4181.282227000001,4190.256348,4194.230957,4190.0,4210.256348,4206.410156,4225.0,4219.230957,4222.307617,4216.282227000001,4215.0,4195.641113000001,4219.358886999999,4178.974121
4184.615234000001,4195.256348,4197.307617,4192.179688,4211.922852000001,4198.461426,4226.794922,4201.153809,4213.461426,4216.922852000001,4214.871582,4198.333496,4220.256348,4182.05127
4183.846191,4193.205078,4198.077147999999,4190.897461,4207.307617,4195.512695,4231.410156,4191.153809,4201.922852000001,4206.922852000001,4203.589844,4196.666504,4211.282227000001,4178.589844
4181.922852000001,4191.153809,4198.333496,4189.615234000001,4205.897461,4197.179688,4227.820313,4201.794922,4200.641113000001,4197.307617,4204.358886999999,4205.384765999999,4205.256348,4181.538574
4176.666504,4189.358886999999,4197.179688,4186.922852000001,4203.461426,4195.256348,4223.717772999999,4212.94873,4201.794922,4197.307617,4199.487305,4210.769043,4202.307617,4183.846191
4178.846191,4190.512695,4199.487305,4190.128418,4204.615234000001,4196.153809,4222.94873,4215.256348,4201.666504,4203.333496,4185.897461,4202.820313,4202.94873,4177.820313
4185.897461,4195.641113000001,4203.461426,4196.025879,4211.153809,4201.794922,4206.282227000001,4202.563965,4198.846191,4205.0,4185.384765999999,4195.384765999999,4205.384765999999,4180.769043
4181.538574,4196.025879,4199.487305,4192.692383,4212.307617,4204.487305,4204.358886999999,4184.871582,4192.179688,4198.717772999999,4186.410156,4191.922852000001,4201.666504,4187.436035
4173.077147999999,4191.025879,4190.769043,4187.436035,4210.128418,4206.025879,4227.307617,4179.615234000001,4190.897461,4194.615234000001,4178.461426,4186.153809,4196.410156,4181.410156
4172.94873,4191.025879,4185.641113000001,4188.333496,4211.410156,4210.512695,4224.102539,4176.153809,4198.589844,4197.692383,4175.641113000001,4181.410156,4194.743652,4174.743652
4179.102539,4200.128418,4187.94873,4194.743652,4215.641113000001,4212.692383,4205.897461,4182.692383,4216.153809,4212.692383,4182.820313,4183.717772999999,4200.769043,4183.589844
4184.487305,4200.641113000001,4192.179688,4198.589844,4218.333496,4212.05127,4219.487305,4206.538574,4229.615234000001,4223.846191,4190.128418,4188.974121,4207.563965,4194.358886999999
4191.025879,4193.333496,4198.589844,4199.102539,4217.692383,4213.333496,4237.05127,4221.538574,4225.512695,4218.205078,4195.641113000001,4190.512695,4209.487305,4197.692383
4194.871582,4191.794922,4200.0,4197.692383,4209.230957,4208.205078,4223.461426,4213.717772999999,4209.615234000001,4208.717772999999,4195.897461,4187.692383,4204.358886999999,4198.846191
4195.897461,4192.820313,4196.922852000001,4195.0,4198.846191,4198.205078,4212.94873,4205.769043,4197.05127,4200.897461,4194.871582,4186.282227000001,4199.743652,4199.615234000001
4207.179688,4197.820313,4209.487305,4205.0,4202.05127,4196.794922,4222.307617,4208.589844,4201.153809,4201.922852000001,4205.641113000001,4191.282227000001,4209.230957,4206.410156
4218.461426,4204.358886999999,4221.922852000001,4213.974121,4202.307617,4193.846191,4226.282227000001,4208.974121,4204.487305,4207.692383,4214.102539,4199.615234000001,4216.025879,4215.897461
4217.436035,4203.974121,4213.461426,4204.615234000001,4192.563965,4190.384765999999,4224.615234000001,4201.282227000001,4191.025879,4205.512695,4210.512695,4200.897461,4211.666504,4216.922852000001
4212.05127,4200.769043,4207.179688,4197.179688,4192.563965,4203.333496,4227.820313,4199.102539,4185.512695,4199.487305,4207.179688,4196.922852000001,4215.384765999999,4213.846191
4211.794922,4200.384765999999,4210.512695,4200.641113000001,4201.025879,4213.333496,4225.384765999999,4211.922852000001,4198.846191,4199.743652,4208.077147999999,4195.512695,4223.205078,4212.94873
4208.974121,4198.717772999999,4204.487305,4199.871582,4203.846191,4209.230957,4216.153809,4214.871582,4207.94873,4205.384765999999,4206.410156,4192.563965,4216.153809,4205.512695
4204.615234000001,4197.820313,4197.563965,4197.05127,4201.922852000001,4208.461426,4215.641113000001,4192.179688,4208.589844,4206.922852000001,4203.846191,4186.922852000001,4207.179688,4192.94873
4208.846191,4207.692383,4200.384765999999,4202.307617,4212.307617,4218.333496,4220.0,4179.102539,4215.0,4213.589844,4208.333496,4190.0,4214.615234000001,4194.487305
4212.05127,4213.461426,4200.128418,4204.487305,4223.077147999999,4225.641113000001,4215.641113000001,4193.333496,4222.05127,4220.897461,4216.282227000001,4194.102539,4224.358886999999,4201.666504
4208.974121,4204.102539,4198.077147999999,4201.410156,4217.436035,4212.307617,4205.256348,4194.358886999999,4215.769043,4214.358886999999,4217.179688,4188.717772999999,4222.563965,4197.692383
4207.179688,4201.153809,4200.0,4203.717772999999,4210.769043,4198.077147999999,4209.102539,4184.230957,4206.282227000001,4207.94873,4214.615234000001,4186.410156,4214.358886999999,4195.384765999999
4207.820313,4207.436035,4202.307617,4205.897461,4211.666504,4204.743652,4225.128418,4199.230957,4206.153809,4208.205078,4216.666504,4192.820313,4207.307617,4197.692383
4211.794922,4209.615234000001,4209.102539,4206.666504,4214.487305,4209.358886999999,4229.358886999999,4212.820313,4207.307617,4206.922852000001,4218.205078,4198.717772999999,4207.05127,4200.128418
4215.512695,4211.666504,4219.358886999999,4213.974121,4218.974121,4202.94873,4222.94873,4216.538574,4211.153809,4212.563965,4221.025879,4206.666504,4217.436035,4208.461426
4215.256348,4213.974121,4220.641113000001,4216.025879,4218.717772999999,4201.794922,4226.282227000001,4222.05127,4212.436035,4216.410156,4225.384765999999,4212.05127,4218.846191,4212.692383
4216.794922,4212.05127,4219.230957,4209.487305,4210.512695,4207.94873,4240.384765999999,4216.410156,4205.128418,4202.436035,4223.077147999999,4208.461426,4204.871582,4205.897461
4222.436035,4216.153809,4227.05127,4212.436035,4211.025879,4212.94873,4244.743652,4216.025879,4209.102539,4201.153809,4224.358886999999,4206.282227000001,4206.794922,4207.307617
4224.871582,4224.487305,4232.692383,4220.512695,4214.487305,4212.692383,4234.102539,4223.077147999999,4221.922852000001,4219.487305,4230.384765999999,4209.102539,4220.384765999999,4216.922852000001
4219.230957,4217.563965,4226.153809,4218.589844,4211.666504,4209.230957,4230.384765999999,4207.94873,4218.974121,4219.871582,4226.025879,4203.077147999999,4214.871582,4214.487305
4205.384765999999,4199.102539,4209.871582,4207.820313,4208.461426,4209.615234000001,4235.512695,4190.256348,4203.205078,4203.333496,4211.282227000001,4189.487305,4200.0,4199.487305
4197.307617,4199.871582,4206.153809,4202.692383,4212.563965,4219.358886999999,4241.410156,4208.589844,4207.179688,4208.846191,4210.128418,4189.230957,4209.358886999999,4195.641113000001
4203.589844,4213.461426,4217.436035,4207.94873,4218.589844,4222.94873,4248.974121,4222.94873,4225.384765999999,4226.922852000001,4220.384765999999,4200.641113000001,4225.769043,4204.230957
4207.692383,4206.922852000001,4215.897461,4208.717772999999,4213.461426,4212.820313,4243.974121,4217.307617,4228.205078,4220.769043,4218.717772999999,4203.717772999999,4217.05127,4207.05127
4206.666504,4200.128418,4210.256348,4206.410156,4209.358886999999,4208.846191,4231.410156,4231.794922,4223.461426,4211.153809,4217.179688,4203.974121,4209.871582,4207.563965
4207.94873,4211.666504,4218.846191,4209.615234000001,4212.820313,4209.743652,4226.794922,4230.897461,4222.179688,4217.692383,4225.769043,4211.025879,4219.615234000001,4215.128418
4209.358886999999,4215.256348,4224.102539,4213.461426,4210.384765999999,4205.897461,4230.256348,4190.128418,4215.384765999999,4218.205078,4225.384765999999,4215.256348,4223.333496,4217.94873
4211.410156,4210.128418,4221.410156,4215.0,4207.94873,4207.436035,4235.641113000001,4183.333496,4207.563965,4210.0,4216.922852000001,4211.794922,4216.153809,4210.256348
4209.102539,4212.692383,4222.179688,4216.025879,4211.666504,4205.384765999999,4228.846191,4222.692383,4212.820313,4210.128418,4217.692383,4210.256348,4213.974121,4204.615234000001
4205.641113000001,4219.230957,4225.897461,4216.153809,4210.512695,4195.256348,4217.563965,4221.922852000001,4219.358886999999,4216.153809,4223.846191,4209.487305,4222.94873,4210.0
4209.743652,4221.922852000001,4228.846191,4214.871582,4208.205078,4197.94873,4222.94873,4192.436035,4217.563965,4220.512695,4225.769043,4205.128418,4229.871582,4217.436035
4211.025879,4218.589844,4224.358886999999,4213.589844,4211.282227000001,4208.333496,4232.179688,4198.205078,4218.589844,4222.436035,4223.077147999999,4198.974121,4225.641113000001,4214.487305
4202.436035,4211.410156,4208.205078,4207.436035,4209.230957,4209.615234000001,4229.871582,4208.077147999999,4221.794922,4217.563965,4215.128418,4194.358886999999,4217.820313,4207.307617
4197.436035,4207.179688,4199.743652,4201.282227000001,4201.538574,4212.05127,4230.256348,4205.512695,4223.461426,4211.282227000001,4207.94873,4192.05127,4209.615234000001,4204.358886999999
4203.589844,4210.128418,4205.384765999999,4207.179688,4203.205078,4218.461426,4230.897461,4215.256348,4227.179688,4215.384765999999,4209.743652,4193.077147999999,4191.666504,4202.436035
4204.871582,4210.641113000001,4205.256348,4213.333496,4211.153809,4219.102539,4229.358886999999,4222.179688,4226.410156,4221.153809,4213.846191,4193.974121,4182.692383,4199.615234000001
4194.358886999999,4207.563965,4198.846191,4208.461426,4211.153809,4219.743652,4234.871582,4217.94873,4220.0,4219.102539,4214.615234000001,4194.102539,4203.333496,4199.230957
4188.846191,4207.179688,4201.794922,4204.615234000001,4208.974121,4218.974121,4233.846191,4220.897461,4218.461426,4217.05127,4216.025879,4198.077147999999,4226.282227000001,4205.0
4192.563965,4203.205078,4206.410156,4200.512695,4205.256348,4207.563965,4225.128418,4216.410156,4212.94873,4210.641113000001,4213.846191,4201.922852000001,4225.0,4209.102539
4197.692383,4200.0,4210.128418,4200.769043,4202.307617,4196.666504,4221.794922,4206.922852000001,4201.794922,4198.717772999999,4210.769043,4203.205078,4229.358886999999,4210.897461
4200.641113000001,4205.384765999999,4215.897461,4211.666504,4203.333496,4195.384765999999,4219.230957,4214.358886999999,4194.871582,4191.282227000001,4213.589844,4203.846191,4251.666504,4214.230957
4200.769043,4209.743652,4215.512695,4213.205078,4201.153809,4195.384765999999,4213.846191,4210.897461,4189.102539,4188.333496,4213.846191,4200.384765999999,4249.743652,4212.436035
4201.025879,4212.692383,4214.743652,4210.897461,4199.871582,4194.743652,4212.436035,4191.410156,4195.384765999999,4197.692383,4215.512695,4198.077147999999,4236.282227000001,4209.230957
4201.153809,4216.025879,4213.589844,4215.0,4203.589844,4198.077147999999,4210.256348,4187.05127,4210.384765999999,4208.846191,4216.538574,4197.94873,4235.256348,4207.179688
4203.589844,4215.641113000001,4209.743652,4215.641113000001,4209.487305,4208.846191,4216.922852000001,4210.0,4220.641113000001,4208.077147999999,4214.615234000001,4197.179688,4232.692383,4205.384765999999
4208.333496,4216.153809,4212.94873,4215.897461,4214.230957,4218.077147999999,4231.922852000001,4230.128418,4228.846191,4213.077147999999,4219.102539,4199.487305,4233.333496,4208.205078
4202.05127,4215.256348,4213.205078,4216.666504,4213.461426,4211.410156,4233.974121,4214.487305,4229.358886999999,4220.384765999999,4222.307617,4198.846191,4232.94873,4206.794922
4192.820313,4215.128418,4206.922852000001,4215.512695,4215.128418,4213.589844,4234.358886999999,4196.666504,4224.102539,4218.974121,4221.153809,4192.563965,4229.615234000001,4199.487305
4193.461426,4214.487305,4200.0,4213.205078,4221.410156,4228.717772999999,4240.512695,4206.025879,4222.94873,4218.461426,4220.512695,4187.94873,4227.179688,4196.538574
4190.897461,4207.563965,4194.102539,4208.077147999999,4220.384765999999,4224.615234000001,4235.897461,4213.077147999999,4220.0,4216.794922,4214.358886999999,4187.05127,4223.077147999999,4196.794922
4185.0,4207.307617,4194.358886999999,4207.436035,4214.871582,4213.846191,4227.05127,4207.94873,4212.05127,4211.538574,4208.974121,4187.179688,4221.410156,4195.897461
4191.153809,4211.025879,4202.436035,4210.641113000001,4212.563965,4212.307617,4228.974121,4214.871582,4210.897461,4208.717772999999,4212.94873,4190.897461,4224.358886999999,4197.692383
4201.538574,4210.0,4212.436035,4213.333496,4215.641113000001,4213.333496,4232.820313,4230.641113000001,4218.589844,4213.077147999999,4219.358886999999,4196.794922,4224.743652,4201.282227000001
4200.897461,4211.794922,4212.94873,4215.641113000001,4214.871582,4207.820313,4218.333496,4222.05127,4216.666504,4216.025879,4220.0,4196.410156,4223.077147999999,4201.153809
4197.436035,4214.871582,4209.871582,4213.717772999999,4208.461426,4199.487305,4206.922852000001,4201.538574,4207.05127,4210.256348,4221.922852000001,4196.410156,4229.230957,4203.333496
4200.769043,4211.922852000001,4214.615234000001,4211.025879,4214.487305,4207.563965,4225.897461,4205.256348,4213.717772999999,4208.461426,4228.717772999999,4199.487305,4231.922852000001,4209.102539
4198.077147999999,4206.153809,4211.922852000001,4209.615234000001,4222.436035,4224.487305,4245.0,4219.230957,4223.205078,4212.05127,4220.512695,4191.922852000001,4216.410156,4201.282227000001
4189.743652,4208.077147999999,4198.589844,4208.077147999999,4217.179688,4228.589844,4246.922852000001,4222.94873,4222.179688,4211.922852000001,4205.256348,4182.692383,4203.333496,4187.179688
4193.717772999999,4216.153809,4200.897461,4211.538574,4214.615234000001,4219.743652,4243.077147999999,4227.179688,4225.384765999999,4213.974121,4208.461426,4189.615234000001,4209.358886999999,4192.307617
4204.871582,4223.846191,4212.307617,4218.846191,4218.333496,4214.615234000001,4228.717772999999,4216.153809,4228.333496,4219.102539,4218.846191,4200.897461,4218.461426,4207.563965
4204.615234000001,4223.333496,4208.461426,4218.974121,4216.794922,4218.589844,4225.769043,4202.692383,4221.410156,4218.461426,4217.179688,4199.743652,4213.846191,4206.282227000001
4192.179688,4208.333496,4196.794922,4206.794922,4212.436035,4215.128418,4240.256348,4220.897461,4215.769043,4209.230957,4204.871582,4188.077147999999,4199.358886999999,4192.692383
4183.974121,4198.589844,4191.153809,4197.307617,4210.384765999999,4206.666504,4238.205078,4232.820313,4216.282227000001,4202.94873,4197.179688,4176.538574,4193.717772999999,4186.282227000001
4186.666504,4203.589844,4193.205078,4200.0,4208.589844,4209.743652,4224.871582,4217.307617,4216.538574,4204.487305,4201.153809,4175.384765999999,4200.897461,4190.641113000001
4190.0,4207.05127,4196.025879,4207.307617,4210.897461,4213.461426,4222.436035,4207.05127,4214.230957,4209.615234000001,4207.563965,4181.282227000001,4206.282227000001,4196.153809
4190.641113000001,4208.974121,4201.410156,4211.666504,4216.410156,4208.077147999999,4219.871582,4210.128418,4212.436035,4216.538574,4210.512695,4185.128418,4207.563965,4198.846191
4191.025879,4211.410156,4202.820313,4208.461426,4213.205078,4204.230957,4208.333496,4201.025879,4206.922852000001,4210.641113000001,4206.794922,4181.666504,4206.794922,4197.05127
4192.94873,4211.922852000001,4197.05127,4206.538574,4209.487305,4208.077147999999,4208.717772999999,4186.025879,4204.230957,4204.102539,4204.871582,4176.282227000001,4207.563965,4195.512695
4194.487305,4210.256348,4198.333496,4210.384765999999,4213.717772999999,4210.128418,4222.692383,4194.487305,4214.487305,4216.666504,4213.333496,4179.615234000001,4212.436035,4201.922852000001
4186.538574,4205.512695,4200.641113000001,4207.436035,4214.487305,4204.487305,4222.179688,4216.794922,4224.230957,4225.641113000001,4218.205078,4184.871582,4212.436035,4205.0
4176.410156,4201.410156,4195.256348,4200.769043,4211.794922,4203.461426,4216.666504,4220.512695,4223.077147999999,4218.589844,4208.846191,4181.922852000001,4204.743652,4196.666504
4176.410156,4199.743652,4189.102539,4198.589844,4207.436035,4211.153809,4223.974121,4204.487305,4218.717772999999,4212.436035,4201.153809,4177.436035,4200.769043,4188.974121
4179.487305,4195.512695,4192.05127,4197.307617,4202.436035,4213.333496,4224.871582,4209.102539,4217.820313,4216.025879,4206.282227000001,4183.333496,4203.077147999999,4192.820313
4176.025879,4194.358886999999,4198.846191,4198.717772999999,4201.922852000001,4207.820313,4220.512695,4232.563965,4223.205078,4218.077147999999,4211.153809,4189.358886999999,4207.563965,4201.025879
4176.666504,4197.94873,4200.769043,4201.410156,4202.692383,4204.615234000001,4221.282227000001,4231.666504,4223.846191,4209.871582,4206.410156,4184.102539,4209.743652,4198.461426
4183.846191,4196.538574,4199.358886999999,4198.974121,4202.563965,4205.256348,4228.205078,4219.487305,4213.077147999999,4198.846191,4197.692383,4174.743652,4203.205078,4189.487305
4181.282227000001,4191.666504,4196.282227000001,4195.128418,4206.282227000001,4206.794922,4232.94873,4218.589844,4207.94873,4198.974121,4193.589844,4172.05127,4193.589844,4186.025879
4178.333496,4193.717772999999,4198.333496,4200.256348,4212.307617,4211.025879,4226.025879,4223.717772999999,4217.820313,4207.307617,4193.205078,4175.384765999999,4192.563965,4190.897461
4187.436035,4201.282227000001,4204.102539,4208.333496,4211.794922,4210.256348,4211.282227000001,4227.820313,4225.0,4210.769043,4191.282227000001,4174.615234000001,4194.871582,4196.410156
4188.974121,4201.282227000001,4202.436035,4204.743652,4202.820313,4198.589844,4198.077147999999,4209.358886999999,4211.282227000001,4200.256348,4182.05127,4171.153809,4187.94873,4194.102539
4182.563965,4198.205078,4194.615234000001,4196.410156,4199.487305,4197.820313,4194.743652,4175.384765999999,4195.512695,4187.307617,4170.384765999999,4169.230957,4181.410156,4189.230957
4183.846191,4201.282227000001,4189.358886999999,4198.077147999999,4201.794922,4207.820313,4196.282227000001,4169.487305,4202.563965,4192.05127,4169.102539,4167.94873,4185.897461,4193.717772999999
4186.282227000001,4196.153809,4185.256348,4198.717772999999,4192.692383,4203.461426,4202.436035,4198.077147999999,4214.743652,4199.615234000001,4171.282227000001,4164.615234000001,4183.974121,4199.102539
4182.436035,4186.410156,4182.307617,4191.410156,4184.358886999999,4195.897461,4212.563965,4220.897461,4213.461426,4194.615234000001,4169.358886999999,4158.461426,4178.589844,4197.436035
4183.333496,4183.461426,4183.333496,4187.94873,4181.025879,4196.794922,4213.077147999999,4211.666504,4203.205078,4188.461426,4169.615234000001,4155.641113000001,4181.538574,4196.922852000001
4189.615234000001,4181.410156,4187.563965,4189.871582,4173.077147999999,4196.025879,4206.922852000001,4198.589844,4199.487305,4186.922852000001,4175.897461,4158.333496,4182.179688,4199.615234000001
4193.589844,4182.179688,4191.794922,4189.487305,4173.717772999999,4197.692383,4212.94873,4217.307617,4209.358886999999,4192.307617,4181.025879,4159.743652,4182.436035,4203.077147999999
4193.974121,4184.615234000001,4188.333496,4185.641113000001,4178.461426,4199.615234000001,4225.256348,4229.487305,4210.384765999999,4195.384765999999,4178.461426,4156.538574,4182.94873,4201.282227000001
4196.922852000001,4187.94873,4187.436035,4187.94873,4183.717772999999,4200.512695,4221.922852000001,4215.641113000001,4209.102539,4197.436035,4182.307617,4160.128418,4185.897461,4200.512695
4202.94873,4192.563965,4196.282227000001,4194.743652,4192.179688,4206.153809,4210.512695,4221.282227000001,4226.025879,4209.487305,4195.897461,4168.077147999999,4193.333496,4206.794922
4200.641113000001,4191.410156,4195.641113000001,4191.538574,4187.436035,4207.307617,4213.589844,4219.487305,4226.025879,4212.307617,4196.025879,4165.769043,4189.871582,4205.256348
4190.128418,4185.128418,4187.436035,4184.871582,4179.615234000001,4202.692383,4222.05127,4183.717772999999,4200.256348,4197.820313,4183.846191,4159.743652,4177.94873,4193.333496
4188.974121,4186.153809,4190.769043,4188.333496,4186.922852000001,4201.794922,4213.846191,4174.358886999999,4198.461426,4197.820313,4186.538574,4164.230957,4182.820313,4193.461426
4202.179688,4198.333496,4203.589844,4199.230957,4194.102539,4207.05127,4200.641113000001,4198.974121,4220.384765999999,4217.179688,4204.358886999999,4175.256348,4201.794922,4209.230957
4205.641113000001,4199.487305,4202.307617,4201.153809,4187.179688,4205.0,4198.077147999999,4200.256348,4216.538574,4215.0,4204.358886999999,4173.717772999999,4200.0,4209.102539
4192.692383,4189.102539,4188.333496,4190.769043,4178.974121,4193.846191,4200.384765999999,4187.94873,4197.820313,4191.410156,4188.205078,4163.717772999999,4184.230957,4195.512695
4188.717772999999,4186.153809,4183.333496,4186.538574,4178.846191,4193.589844,4211.666504,4206.666504,4204.871582,4187.05127,4189.743652,4167.05127,4181.666504,4197.436035
4192.436035,4186.282227000001,4185.769043,4189.743652,4179.487305,4204.102539,4221.666504,4225.897461,4214.871582,4194.102539,4199.743652,4177.692383,4183.461426,4203.205078
4194.743652,4187.436035,4188.333496,4191.794922,4181.538574,4208.077147999999,4213.333496,4217.179688,4214.102539,4199.743652,4202.563965,4181.922852000001,4187.05127,4203.461426
4198.846191,4188.589844,4190.128418,4191.538574,4184.743652,4202.692383,4211.282227000001,4203.846191,4215.384765999999,4206.922852000001,4205.0,4175.769043,4192.05127,4204.230957
4198.974121,4183.589844,4188.846191,4187.94873,4184.615234000001,4199.487305,4226.666504,4208.589844,4214.615234000001,4207.307617,4205.256348,4169.230957,4191.794922,4206.794922
4203.205078,4188.205078,4195.641113000001,4192.94873,4187.94873,4206.025879,4227.820313,4220.641113000001,4219.743652,4212.436035,4212.436035,4179.358886999999,4202.94873,4218.974121
4212.692383,4199.871582,4205.0,4199.358886999999,4191.794922,4210.769043,4213.461426,4217.820313,4230.128418,4221.538574,4222.436035,4192.692383,4217.179688,4229.615234000001
4211.410156,4199.871582,4202.307617,4199.487305,4190.641113000001,4204.230957,4204.871582,4201.282227000001,4221.794922,4214.487305,4218.333496,4189.743652,4212.179688,4224.487305
4205.641113000001,4198.461426,4202.820313,4204.743652,4188.333496,4199.358886999999,4201.922852000001,4190.0,4206.538574,4206.153809,4214.487305,4186.025879,4206.794922,4221.538574
4207.94873,4202.820313,4209.871582,4208.589844,4188.205078,4202.820313,4203.077147999999,4195.0,4208.205078,4208.589844,4221.410156,4189.230957,4212.563965,4226.153809
4209.487305,4200.769043,4205.256348,4200.256348,4189.871582,4208.461426,4213.974121,4203.205078,4211.282227000001,4206.025879,4218.205078,4179.230957,4210.128418,4214.615234000001
4200.897461,4193.333496,4193.717772999999,4191.538574,4191.282227000001,4212.692383,4216.922852000001,4199.743652,4203.974121,4197.05127,4203.846191,4166.025879,4197.436035,4197.436035
4194.615234000001,4192.94873,4191.282227000001,4195.512695,4193.205078,4211.794922,4209.487305,4200.769043,4207.179688,4199.743652,4203.717772999999,4173.333496,4194.230957,4202.307617
4194.487305,4196.794922,4193.589844,4200.0,4193.589844,4209.615234000001,4210.0,4214.230957,4219.743652,4207.05127,4212.436035,4180.128418,4199.487305,4213.205078
4193.974121,4191.922852000001,4188.205078,4192.94873,4186.794922,4210.0,4215.256348,4216.922852000001,4217.563965,4200.641113000001,4206.282227000001,4169.102539,4194.358886999999,4206.666504
4202.692383,4194.102539,4189.615234000001,4194.358886999999,4187.307617,4211.538574,4217.820313,4199.487305,4207.307617,4195.384765999999,4200.897461,4166.410156,4194.230957,4204.615234000001
4215.0,4206.666504,4201.666504,4204.358886999999,4192.692383,4207.94873,4213.717772999999,4192.307617,4209.102539,4204.358886999999,4212.05127,4181.282227000001,4210.512695,4220.0
4218.717772999999,4207.563965,4207.05127,4207.179688,4186.153809,4198.205078,4202.307617,4221.282227000001,4223.205078,4217.307617,4223.974121,4191.922852000001,4218.333496,4230.384765999999
4219.358886999999,4206.282227000001,4204.102539,4207.307617,4184.615234000001,4190.769043,4194.230957,4238.205078,4230.769043,4224.102539,4227.692383,4193.589844,4216.025879,4228.846191
4214.102539,4206.538574,4196.666504,4201.538574,4184.743652,4186.922852000001,4193.974121,4200.512695,4210.641113000001,4211.794922,4217.179688,4186.410156,4211.538574,4222.05127
4202.307617,4196.153809,4191.538574,4187.05127,4172.692383,4188.717772999999,4198.589844,4173.974121,4191.153809,4193.333496,4200.897461,4175.384765999999,4197.94873,4212.94873
4197.820313,4187.179688,4192.179688,4180.256348,4167.563965,4191.666504,4200.128418,4185.641113000001,4193.846191,4190.384765999999,4198.589844,4171.025879,4179.871582,4207.436035
4199.102539,4189.487305,4189.615234000001,4183.205078,4173.589844,4185.512695,4190.512695,4186.153809,4195.897461,4192.563965,4200.256348,4170.384765999999,4175.897461,4206.282227000001
4200.256348,4190.256348,4186.025879,4186.666504,4179.102539,4184.487305,4186.282227000001,4184.487305,4194.615234000001,4191.410156,4198.589844,4170.641113000001,4182.94873,4209.487305
4200.897461,4183.077147999999,4187.436035,4184.871582,4181.153809,4196.794922,4200.256348,4196.025879,4194.487305,4187.692383,4195.641113000001,4170.384765999999,4177.179688,4209.487305
4196.153809,4180.641113000001,4187.179688,4180.769043,4180.256348,4200.512695,4212.94873,4198.461426,4196.153809,4184.358886999999,4186.538574,4168.974121,4167.179688,4203.077147999999
4193.846191,4184.871582,4184.358886999999,4182.820313,4177.307617,4194.358886999999,4212.307617,4197.05127,4204.102539,4189.743652,4182.05127,4169.487305,4171.794922,4198.717772999999
4197.692383,4185.128418,4183.205078,4187.307617,4176.794922,4193.717772999999,4206.538574,4192.307617,4205.897461,4195.0,4185.769043,4171.922852000001,4177.436035,4196.794922
4197.307617,4181.410156,4180.897461,4184.615234000001,4174.102539,4192.563965,4210.0,4185.128418,4198.077147999999,4189.487305,4183.974121,4174.871582,4173.077147999999,4195.384765999999
4200.897461,4189.487305,4186.153809,4185.128418,4172.307617,4184.102539,4211.025879,4193.077147999999,4204.615234000001,4193.974121,4188.461426,4186.025879,4176.410156,4202.05127
4213.589844,4204.743652,4198.461426,4196.282227000001,4178.589844,4186.410156,4204.230957,4204.230957,4220.769043,4211.153809,4207.05127,4200.0,4188.333496,4211.794922
4213.333496,4201.282227000001,4198.974121,4198.077147999999,4180.256348,4193.461426,4205.512695,4220.0,4221.666504,4211.282227000001,4212.436035,4199.871582,4189.487305,4212.94873
4202.563965,4190.897461,4192.307617,4188.589844,4171.538574,4179.871582,4201.922852000001,4230.897461,4212.307617,4197.820313,4204.743652,4197.436035,4187.307617,4213.717772999999
4206.153809,4196.410156,4196.794922,4190.128418,4171.410156,4168.333496,4180.769043,4199.487305,4202.436035,4194.615234000001,4207.436035,4201.538574,4193.846191,4221.922852000001
4211.410156,4199.230957,4200.384765999999,4195.384765999999,4180.0,4174.615234000001,4166.153809,4151.794922,4186.922852000001,4193.205078,4207.307617,4197.307617,4193.717772999999,4220.769043
4202.05127,4190.512695,4192.307617,4192.94873,4178.589844,4176.153809,4181.922852000001,4145.128418,4175.897461,4184.102539,4198.205078,4188.461426,4186.282227000001,4210.512695
4195.0,4189.487305,4187.563965,4190.769043,4174.743652,4175.128418,4200.897461,4161.794922,4180.0,4179.358886999999,4195.512695,4187.05127,4186.538574,4207.307617
4197.307617,4194.230957,4187.05127,4189.871582,4183.205078,4185.769043,4193.205078,4161.410156,4186.922852000001,4181.410156,4192.94873,4185.128418,4186.410156,4204.743652
4196.025879,4193.333496,4183.333496,4188.589844,4189.358886999999,4194.615234000001,4194.102539,4165.897461,4193.589844,4185.384765999999,4185.512695,4173.717772999999,4179.102539,4196.922852000001
4192.820313,4193.461426,4181.410156,4189.615234000001,4180.769043,4191.922852000001,4213.717772999999,4198.333496,4208.205078,4192.563965,4186.538574,4168.717772999999,4180.897461,4196.410156
4194.487305,4196.410156,4182.436035,4186.794922,4176.282227000001,4191.794922,4215.769043,4214.615234000001,4211.666504,4193.333496,4192.692383,4176.153809,4190.512695,4202.179688
4195.769043,4195.128418,4184.102539,4181.538574,4183.077147999999,4193.974121,4205.128418,4198.205078,4201.410156,4189.102539,4192.179688,4183.205078,4190.769043,4204.615234000001
4191.922852000001,4188.333496,4184.871582,4179.743652,4175.128418,4183.461426,4208.333496,4212.307617,4205.769043,4189.358886999999,4190.641113000001,4186.153809,4184.358886999999,4205.0
4199.102539,4195.897461,4190.384765999999,4189.230957,4172.05127,4176.794922,4208.205078,4245.256348,4222.179688,4199.615234000001,4203.717772999999,4192.436035,4199.871582,4210.128418
4220.0,4218.974121,4203.461426,4208.205078,4193.205078,4186.666504,4193.717772999999,4216.538574,4219.615234000001,4212.179688,4220.512695,4200.769043,4225.897461,4220.769043
4231.153809,4229.230957,4216.153809,4215.128418,4199.871582,4190.512695,4187.179688,4180.897461,4206.153809,4212.563965,4218.589844,4203.077147999999,4225.0,4227.820313
4227.94873,4223.846191,4219.102539,4210.256348,4188.717772999999,4189.871582,4187.563965,4193.717772999999,4203.333496,4205.769043,4208.974121,4201.282227000001,4217.307617,4223.077147999999
4219.743652,4214.102539,4210.0,4203.846191,4184.743652,4192.05127,4180.897461,4183.077147999999,4192.94873,4193.461426,4199.615234000001,4196.025879,4216.538574,4213.846191
4211.922852000001,4206.538574,4201.538574,4198.077147999999,4184.102539,4191.666504,4180.256348,4155.0,4180.512695,4180.512695,4187.05127,4189.615234000001,4201.666504,4209.871582
4205.512695,4201.922852000001,4196.538574,4195.128418,4182.307617,4195.512695,4202.05127,4167.820313,4182.05127,4175.256348,4177.94873,4186.794922,4184.487305,4202.94873
4201.282227000001,4196.538574,4188.974121,4195.0,4183.589844,4200.0,4212.692383,4175.769043,4183.205078,4174.743652,4176.282227000001,4182.94873,4186.025879,4192.94873
4204.358886999999,4202.05127,4188.974121,4197.307617,4192.692383,4201.025879,4194.102539,4168.717772999999,4191.153809,4184.487305,4183.589844,4183.717772999999,4200.0,4198.717772999999
4209.358886999999,4212.05127,4195.256348,4196.025879,4197.563965,4201.794922,4197.05127,4197.05127,4210.256348,4198.717772999999,4193.205078,4190.0,4211.538574,4211.153809
4216.282227000001,4214.615234000001,4197.820313,4198.974121,4196.794922,4206.025879,4224.102539,4234.230957,4226.410156,4209.487305,4200.384765999999,4194.871582,4225.512695,4218.461426
4227.05127,4223.077147999999,4203.717772999999,4211.922852000001,4204.615234000001,4213.205078,4220.641113000001,4229.871582,4235.769043,4222.820313,4211.153809,4201.666504,4246.282227000001,4230.512695
4232.563965,4230.0,4210.897461,4217.563965,4211.666504,4211.410156,4202.179688,4217.179688,4236.922852000001,4232.05127,4219.871582,4210.897461,4252.820313,4240.0
4230.641113000001,4223.589844,4214.230957,4214.743652,4204.871582,4208.974121,4218.974121,4232.05127,4233.846191,4228.333496,4220.128418,4213.846191,4243.461426,4237.94873
4232.94873,4224.487305,4222.307617,4222.563965,4204.871582,4211.794922,4225.641113000001,4228.846191,4232.436035,4221.794922,4220.769043,4209.358886999999,4240.512695,4236.666504
4235.128418,4229.487305,4225.256348,4228.205078,4212.820313,4212.436035,4201.538574,4192.820313,4219.230957,4213.974121,4218.333496,4207.94873,4235.512695,4236.922852000001
4232.436035,4224.487305,4218.461426,4220.512695,4208.461426,4211.538574,4197.820313,4182.563965,4205.256348,4207.05127,4212.307617,4212.563965,4222.05127,4235.384765999999
4234.230957,4224.615234000001,4220.384765999999,4221.153809,4201.794922,4210.641113000001,4196.922852000001,4197.563965,4213.077147999999,4212.05127,4215.897461,4218.974121,4223.077147999999,4239.743652
4234.871582,4226.666504,4228.205078,4227.307617,4203.974121,4210.256348,4197.563965,4218.846191,4230.0,4221.666504,4219.871582,4220.769043,4227.692383,4242.563965
4225.641113000001,4217.307617,4223.717772999999,4221.025879,4200.897461,4210.512695,4219.358886999999,4236.410156,4230.256348,4217.94873,4211.410156,4210.512695,4213.205078,4234.743652
4217.563965,4213.461426,4214.487305,4213.077147999999,4200.128418,4208.974121,4212.179688,4206.282227000001,4215.0,4210.128418,4203.589844,4200.128418,4205.769043,4225.512695
4216.794922,4223.077147999999,4212.563965,4216.410156,4211.282227000001,4213.461426,4188.717772999999,4166.794922,4211.410156,4215.641113000001,4205.641113000001,4199.102539,4216.410156,4222.692383
4210.384765999999,4217.563965,4202.692383,4212.05127,4212.692383,4222.692383,4206.282227000001,4178.205078,4217.436035,4216.410156,4198.589844,4195.641113000001,4207.94873,4215.512695
4204.358886999999,4205.897461,4193.589844,4203.077147999999,4210.128418,4223.717772999999,4225.384765999999,4204.230957,4223.461426,4213.461426,4189.615234000001,4191.538574,4193.846191,4210.384765999999
4210.0,4210.256348,4201.025879,4210.769043,4217.436035,4225.384765999999,4220.897461,4214.358886999999,4233.717772999999,4220.641113000001,4195.512695,4201.410156,4205.256348,4216.794922
4215.256348,4214.102539,4205.897461,4217.05127,4215.897461,4227.94873,4220.256348,4218.461426,4232.436035,4219.230957,4197.820313,4213.333496,4213.974121,4220.769043
4214.743652,4209.230957,4205.897461,4213.077147999999,4208.717772999999,4220.128418,4223.461426,4229.358886999999,4222.820313,4208.077147999999,4188.974121,4213.846191,4202.563965,4220.897461
4211.794922,4202.436035,4207.692383,4208.717772999999,4206.922852000001,4208.846191,4221.794922,4237.820313,4216.025879,4199.487305,4180.0,4209.871582,4193.589844,4219.230957
4212.820313,4201.025879,4207.563965,4210.256348,4205.384765999999,4206.666504,4215.0,4218.589844,4205.897461,4194.743652,4177.563965,4210.0,4201.153809,4216.922852000001
4222.307617,4210.769043,4213.717772999999,4218.717772999999,4210.0,4210.384765999999,4203.846191,4200.512695,4202.94873,4200.256348,4186.282227000001,4215.641113000001,4216.025879,4224.615234000001
4229.615234000001,4218.589844,4222.820313,4221.794922,4217.05127,4209.230957,4198.974121,4217.820313,4212.307617,4207.307617,4195.128418,4220.897461,4221.922852000001,4235.384765999999
4229.871582,4214.871582,4221.922852000001,4217.179688,4214.102539,4212.436035,4209.230957,4213.077147999999,4212.05127,4204.487305,4198.974121,4219.615234000001,4222.307617,4235.897461
4225.512695,4206.666504,4212.820313,4209.102539,4210.0,4220.256348,4212.94873,4177.179688,4203.717772999999,4203.333496,4200.128418,4209.358886999999,4221.025879,4230.128418
4213.717772999999,4198.846191,4202.179688,4199.487305,4207.563965,4216.282227000001,4208.077147999999,4184.615234000001,4208.717772999999,4203.333496,4193.205078,4198.589844,4212.05127,4220.897461
4203.846191,4195.769043,4196.282227000001,4198.589844,4202.05127,4211.410156,4218.205078,4217.563965,4222.307617,4204.615234000001,4186.538574,4198.077147999999,4207.692383,4212.436035
4210.897461,4200.769043,4196.666504,4204.230957,4200.769043,4221.538574,4232.307617,4213.846191,4228.461426,4213.846191,4190.641113000001,4200.384765999999,4215.256348,4215.128418
4225.641113000001,4208.461426,4200.128418,4208.333496,4211.922852000001,4227.179688,4226.794922,4202.436035,4236.282227000001,4225.0,4201.153809,4200.256348,4227.05127,4226.538574
4227.563965,4207.692383,4199.487305,4209.358886999999,4218.974121,4219.230957,4206.922852000001,4210.512695,4238.846191,4223.205078,4203.077147999999,4200.769043,4227.05127,4226.922852000001
4215.769043,4193.974121,4192.563965,4201.666504,4206.666504,4216.282227000001,4204.102539,4213.333496,4220.512695,4208.846191,4194.358886999999,4197.94873,4213.717772999999,4216.410156
4215.641113000001,4192.307617,4196.025879,4198.846191,4196.666504,4219.230957,4218.077147999999,4214.102539,4215.384765999999,4208.205078,4200.256348,4200.769043,4218.333496,4221.153809
4227.94873,4204.358886999999,4207.94873,4208.333496,4198.974121,4215.0,4221.153809,4215.641113000001,4227.692383,4220.512695,4216.794922,4208.717772999999,4232.820313,4234.487305
4237.563965,4209.615234000001,4211.922852000001,4212.94873,4204.102539,4208.333496,4210.128418,4207.307617,4223.974121,4223.846191,4218.077147999999,4208.461426,4226.410156,4235.0
4242.563965,4210.512695,4214.615234000001,4215.384765999999,4206.794922,4209.487305,4202.563965,4206.410156,4213.974121,4217.692383,4214.358886999999,4211.922852000001,4217.179688,4238.461426
4241.282227000001,4210.512695,4220.384765999999,4221.282227000001,4201.153809,4210.128418,4209.230957,4208.461426,4210.384765999999,4209.230957,4218.974121,4221.153809,4220.512695,4249.358886999999
4236.153809,4208.589844,4219.743652,4218.974121,4197.563965,4209.487305,4213.077147999999,4197.05127,4204.358886999999,4203.717772999999,4218.333496,4217.05127,4224.487305,4245.897461
4231.794922,4205.512695,4211.025879,4207.436035,4201.922852000001,4209.102539,4205.128418,4198.333496,4208.205078,4205.641113000001,4213.333496,4207.820313,4228.205078,4235.512695
4222.436035,4199.743652,4203.461426,4201.794922,4199.102539,4209.743652,4207.307617,4217.563965,4223.589844,4211.666504,4213.846191,4206.666504,4231.922852000001,4231.282227000001
4210.897461,4191.025879,4197.820313,4202.94873,4193.205078,4213.333496,4223.589844,4231.794922,4226.794922,4212.563965,4211.153809,4198.205078,4224.487305,4220.384765999999
4206.666504,4188.333496,4192.05127,4199.487305,4195.512695,4212.436035,4225.897461,4230.128418,4220.0,4211.025879,4204.230957,4184.230957,4216.025879,4206.538574
4206.410156,4191.922852000001,4192.307617,4196.538574,4196.282227000001,4208.461426,4213.333496,4225.641113000001,4223.589844,4213.846191,4203.974121,4183.077147999999,4218.461426,4207.436035
4205.384765999999,4190.384765999999,4196.538574,4198.846191,4192.820313,4207.820313,4207.436035,4225.641113000001,4230.641113000001,4212.820313,4204.487305,4189.615234000001,4218.589844,4215.384765999999
4208.589844,4187.94873,4197.307617,4198.589844,4197.436035,4213.846191,4209.615234000001,4224.102539,4228.589844,4208.461426,4202.820313,4193.205078,4213.077147999999,4216.538574
4211.922852000001,4192.05127,4200.512695,4199.102539,4202.307617,4213.717772999999,4210.128418,4214.487305,4221.025879,4210.256348,4207.563965,4193.846191,4216.410156,4218.846191
4218.077147999999,4198.205078,4210.769043,4206.538574,4197.820313,4200.256348,4204.615234000001,4203.205078,4216.282227000001,4213.846191,4213.846191,4196.794922,4224.743652,4224.487305
4225.897461,4201.794922,4217.436035,4212.563965,4195.897461,4196.794922,4200.897461,4202.307617,4213.717772999999,4213.589844,4217.692383,4201.153809,4228.205078,4230.128418
4217.436035,4198.717772999999,4212.563965,4207.05127,4195.384765999999,4202.94873,4198.077147999999,4193.589844,4203.205078,4205.384765999999,4215.769043,4198.461426,4227.307617,4228.077147999999
4204.102539,4192.820313,4209.487305,4203.077147999999,4192.563965,4201.922852000001,4196.282227000001,4183.846191,4188.333496,4194.871582,4211.666504,4195.0,4227.820313,4222.692383
4205.384765999999,4196.538574,4215.769043,4207.94873,4201.922852000001,4204.358886999999,4205.769043,4196.922852000001,4188.974121,4196.922852000001,4216.282227000001,4199.230957,4233.846191,4230.128418
4205.641113000001,4202.05127,4213.846191,4208.461426,4210.0,4209.487305,4210.769043,4202.307617,4197.179688,4203.589844,4218.717772999999,4201.538574,4235.512695,4235.256348
4199.487305,4200.0,4206.410156,4206.410156,4207.692383,4210.897461,4208.205078,4209.358886999999,4206.666504,4206.153809,4215.641113000001,4200.512695,4232.563965,4229.615234000001
4198.589844,4196.666504,4209.487305,4207.05127,4206.794922,4220.0,4227.563965,4246.538574,4223.846191,4212.436035,4218.205078,4201.666504,4232.820313,4225.128418
4199.358886999999,4193.589844,4211.538574,4204.230957,4206.282227000001,4228.205078,4243.461426,4263.717772999999,4233.205078,4217.563965,4217.307617,4198.717772999999,4228.846191,4220.512695
4196.410156,4196.153809,4205.0,4200.897461,4204.871582,4217.94873,4225.384765999999,4258.333496,4238.205078,4222.05127,4212.05127,4195.256348,4225.128418,4214.871582
4186.794922,4193.974121,4192.179688,4193.846191,4196.666504,4205.128418,4203.461426,4256.410156,4238.333496,4220.256348,4204.743652,4190.897461,4218.846191,4208.974121
4174.871582,4179.871582,4181.538574,4186.922852000001,4185.384765999999,4207.05127,4199.871582,4221.922852000001,4216.922852000001,4203.717772999999,4192.692383,4177.692383,4205.769043,4203.461426
4180.128418,4180.641113000001,4186.410156,4192.307617,4189.102539,4214.743652,4202.179688,4181.282227000001,4206.025879,4202.05127,4194.487305,4172.179688,4209.487305,4206.538574
4197.436035,4193.717772999999,4198.077147999999,4196.666504,4199.615234000001,4211.794922,4200.256348,4194.102539,4222.05127,4217.05127,4208.077147999999,4181.794922,4224.487305,4218.589844
4207.436035,4195.641113000001,4198.333496,4193.846191,4199.871582,4201.153809,4202.05127,4211.282227000001,4220.128418,4214.871582,4209.487305,4187.563965,4224.743652,4223.205078
4207.05127,4189.358886999999,4196.025879,4194.871582,4192.436035,4195.769043,4203.333496,4192.307617,4194.358886999999,4198.333496,4201.153809,4184.743652,4214.871582,4219.230957
4204.743652,4186.794922,4204.743652,4198.589844,4192.179688,4204.230957,4196.538574,4187.307617,4187.563965,4190.769043,4201.794922,4191.794922,4213.333496,4223.205078
4204.102539,4190.897461,4211.666504,4201.538574,4200.128418,4210.769043,4187.94873,4192.05127,4191.794922,4193.717772999999,4209.615234000001,4204.230957,4217.307617,4232.692383
4196.410156,4193.333496,4205.512695,4199.615234000001,4196.794922,4193.974121,4188.717772999999,4192.436035,4187.436035,4195.0,4210.128418,4202.179688,4214.487305,4229.743652
4190.384765999999,4197.05127,4200.641113000001,4199.102539,4187.436035,4186.922852000001,4196.410156,4211.025879,4196.666504,4200.128418,4209.487305,4196.153809,4212.692383,4219.102539
4189.487305,4201.282227000001,4200.769043,4203.333496,4191.794922,4206.410156,4201.538574,4221.538574,4211.538574,4205.769043,4208.461426,4193.077147999999,4212.05127,4213.077147999999
4178.461426,4196.025879,4193.461426,4199.871582,4197.94873,4214.230957,4208.205078,4211.922852000001,4210.512695,4199.871582,4196.025879,4183.461426,4198.077147999999,4202.307617
4168.077147999999,4192.05127,4186.666504,4195.0,4199.743652,4208.717772999999,4210.641113000001,4208.461426,4211.282227000001,4197.820313,4190.128418,4176.025879,4188.205078,4190.512695
4171.666504,4196.538574,4190.128418,4194.230957,4202.692383,4211.794922,4203.589844,4215.256348,4223.205078,4208.974121,4199.102539,4183.717772999999,4199.102539,4193.974121
4178.077147999999,4198.205078,4195.128418,4191.794922,4200.512695,4216.153809,4207.436035,4229.230957,4233.077147999999,4217.05127,4205.0,4192.05127,4209.358886999999,4203.846191
4181.922852000001,4191.153809,4195.256348,4191.153809,4194.743652,4216.025879,4219.102539,4241.282227000001,4234.358886999999,4215.641113000001,4207.179688,4191.282227000001,4210.128418,4205.897461
4187.692383,4185.512695,4194.743652,4193.077147999999,4194.871582,4213.205078,4218.589844,4228.461426,4222.692383,4212.307617,4209.615234000001,4190.897461,4214.230957,4204.871582
4198.333496,4188.205078,4198.205078,4193.077147999999,4197.307617,4206.538574,4213.461426,4216.666504,4212.05127,4212.307617,4209.102539,4190.641113000001,4221.025879,4207.94873
4216.666504,4198.717772999999,4205.256348,4199.230957,4202.436035,4207.563965,4199.615234000001,4216.410156,4211.410156,4214.743652,4212.05127,4195.256348,4229.743652,4214.743652
4234.743652,4215.769043,4220.128418,4217.05127,4213.589844,4215.769043,4184.358886999999,4207.563965,4214.230957,4221.538574,4226.666504,4209.871582,4242.05127,4228.205078
4239.358886999999,4220.256348,4232.05127,4224.871582,4212.94873,4205.512695,4193.717772999999,4210.384765999999,4215.128418,4226.794922,4238.589844,4219.871582,4248.205078,4240.256348
4238.205078,4213.333496,4231.922852000001,4220.512695,4197.94873,4191.282227000001,4203.205078,4214.358886999999,4209.743652,4224.358886999999,4236.538574,4219.743652,4255.641113000001,4243.974121
4241.025879,4219.615234000001,4231.025879,4224.743652,4199.871582,4207.05127,4195.128418,4203.333496,4211.538574,4224.615234000001,4236.153809,4220.641113000001,4266.282227000001,4244.871582
4230.641113000001,4221.410156,4222.307617,4222.436035,4212.179688,4222.94873,4198.461426,4206.153809,4218.205078,4219.743652,4230.0,4213.077147999999,4241.922852000001,4231.410156
4210.256348,4203.974121,4203.333496,4206.282227000001,4209.102539,4211.538574,4210.897461,4217.820313,4211.666504,4203.461426,4208.846191,4193.205078,4193.205078,4206.153809
4205.0,4193.846191,4198.077147999999,4200.256348,4203.846191,4208.461426,4214.615234000001,4217.820313,4205.897461,4198.589844,4199.487305,4189.743652,4177.179688,4202.563965
4209.743652,4195.769043,4204.615234000001,4203.974121,4208.333496,4224.230957,4224.615234000001,4226.282227000001,4215.256348,4208.461426,4206.666504,4197.94873,4179.871582,4209.230957
4212.692383,4196.794922,4206.282227000001,4206.666504,4212.94873,4228.333496,4236.794922,4240.769043,4223.205078,4214.230957,4206.794922,4193.589844,4172.94873,4203.461426
4209.871582,4196.410156,4204.230957,4205.897461,4206.794922,4222.05127,4227.94873,4240.256348,4221.410156,4206.666504,4198.461426,4185.256348,4163.974121,4200.512695
4211.538574,4199.743652,4208.205078,4209.358886999999,4206.153809,4228.717772999999,4217.179688,4226.025879,4222.436035,4205.384765999999,4202.436035,4185.512695,4166.922852000001,4209.615234000001
4219.743652,4207.563965,4216.153809,4220.384765999999,4219.102539,4236.538574,4220.256348,4215.256348,4223.461426,4218.974121,4215.256348,4191.922852000001,4185.512695,4220.512695
4216.410156,4208.717772999999,4213.077147999999,4221.538574,4218.846191,4217.179688,4204.871582,4223.846191,4219.743652,4223.717772999999,4215.256348,4197.692383,4204.358886999999,4218.974121
4211.794922,4202.307617,4207.820313,4212.692383,4207.94873,4197.820313,4183.589844,4228.717772999999,4216.025879,4216.282227000001,4208.974121,4198.974121,4217.179688,4211.666504
4217.692383,4204.230957,4212.307617,4213.077147999999,4210.0,4205.897461,4185.512695,4199.487305,4208.205078,4214.743652,4213.846191,4200.0,4227.820313,4216.025879
4218.589844,4213.717772999999,4217.179688,4217.820313,4213.589844,4212.179688,4192.307617,4179.358886999999,4203.717772999999,4216.794922,4221.666504,4201.153809,4230.256348,4226.922852000001
4211.922852000001,4209.743652,4212.820313,4213.205078,4205.769043,4204.102539,4197.307617,4193.974121,4205.897461,4211.538574,4218.077147999999,4193.717772999999,4222.179688,4224.743652
4209.230957,4196.153809,4203.333496,4205.897461,4197.692383,4204.615234000001,4204.743652,4198.461426,4199.871582,4203.333496,4208.205078,4182.692383,4218.974121,4212.563965
4206.153809,4198.461426,4198.974121,4205.384765999999,4202.307617,4216.666504,4211.153809,4195.641113000001,4196.538574,4205.384765999999,4205.512695,4180.256348,4228.333496,4207.05127
4197.820313,4203.974121,4198.205078,4204.743652,4214.358886999999,4219.871582,4214.743652,4211.410156,4206.666504,4209.871582,4204.487305,4173.846191,4229.743652,4203.205078
4194.615234000001,4194.615234000001,4193.974121,4196.666504,4212.820313,4215.256348,4218.461426,4235.512695,4218.461426,4207.179688,4197.436035,4167.307617,4214.743652,4195.384765999999
4197.692383,4188.974121,4194.102539,4194.871582,4204.487305,4221.153809,4223.461426,4246.538574,4226.538574,4210.384765999999,4197.05127,4177.820313,4211.666504,4193.461426
4199.743652,4192.179688,4202.307617,4203.461426,4204.230957,4221.922852000001,4221.410156,4230.897461,4220.256348,4218.205078,4205.384765999999,4186.153809,4225.384765999999,4199.487305
4201.666504,4196.025879,4204.871582,4206.794922,4205.256348,4204.615234000001,4211.666504,4222.05127,4212.94873,4219.487305,4209.871582,4185.897461,4230.128418,4203.846191
4212.05127,4209.358886999999,4208.974121,4211.538574,4205.128418,4193.333496,4197.563965,4227.436035,4221.666504,4224.358886999999,4212.563965,4194.615234000001,4230.384765999999,4211.538574
4224.102539,4220.384765999999,4217.179688,4219.487305,4205.641113000001,4198.717772999999,4185.769043,4199.871582,4213.717772999999,4222.436035,4215.0,4203.461426,4235.0,4220.384765999999
4224.102539,4216.410156,4217.563965,4218.077147999999,4207.820313,4206.666504,4184.102539,4168.589844,4191.282227000001,4214.487305,4213.589844,4203.333496,4238.717772999999,4220.512695
4217.307617,4208.846191,4212.692383,4210.0,4212.307617,4199.615234000001,4180.256348,4177.563965,4190.897461,4215.897461,4211.025879,4203.077147999999,4239.230957,4216.922852000001
4211.025879,4200.128418,4207.563965,4202.05127,4214.358886999999,4192.179688,4174.743652,4193.077147999999,4197.820313,4210.512695,4200.512695,4196.410156,4226.666504,4209.871582
4201.153809,4189.871582,4198.717772999999,4195.0,4212.436035,4207.94873,4185.256348,4198.077147999999,4189.743652,4191.282227000001,4177.94873,4178.077147999999,4203.846191,4193.461426
4192.307617,4186.538574,4187.94873,4191.410156,4211.538574,4218.333496,4197.436035,4198.205078,4182.436035,4179.615234000001,4160.897461,4169.102539,4199.871582,4180.128418
4196.794922,4193.333496,4190.512695,4196.794922,4210.256348,4211.282227000001,4202.94873,4192.307617,4192.436035,4189.230957,4166.922852000001,4178.589844,4221.794922,4191.025879
4206.922852000001,4202.820313,4201.153809,4202.692383,4203.974121,4214.487305,4213.717772999999,4203.717772999999,4214.358886999999,4206.282227000001,4183.077147999999,4189.743652,4238.974121,4211.153809
4208.846191,4207.179688,4203.974121,4203.205078,4199.230957,4228.077147999999,4223.077147999999,4233.077147999999,4228.461426,4212.563965,4186.666504,4195.641113000001,4249.743652,4217.05127
4206.410156,4207.307617,4200.897461,4204.102539,4201.538574,4227.179688,4220.0,4239.743652,4226.153809,4215.256348,4185.256348,4197.692383,4266.025879,4217.179688
4203.974121,4206.794922,4200.0,4203.717772999999,4204.487305,4217.307617,4213.846191,4218.846191,4222.820313,4223.205078,4187.307617,4194.230957,4260.128418,4217.692383
4206.410156,4209.615234000001,4208.717772999999,4205.897461,4211.922852000001,4220.512695,4218.846191,4232.820313,4238.205078,4232.94873,4189.615234000001,4193.205078,4235.256348,4217.05127
4215.128418,4207.94873,4214.615234000001,4206.410156,4218.846191,4225.0,4225.384765999999,4271.282227000001,4253.717772999999,4234.743652,4188.589844,4199.615234000001,4228.333496,4217.94873
4219.102539,4204.487305,4210.256348,4205.256348,4216.025879,4218.077147999999,4212.94873,4247.05127,4240.0,4228.974121,4186.794922,4202.94873,4236.794922,4220.128418
4220.128418,4216.794922,4213.461426,4216.794922,4219.358886999999,4215.256348,4191.538574,4189.102539,4219.871582,4225.512695,4191.410156,4200.128418,4241.666504,4222.563965
4225.897461,4228.461426,4223.461426,4224.230957,4225.256348,4215.128418,4191.153809,4184.358886999999,4213.333496,4221.153809,4194.487305,4198.589844,4237.307617,4222.179688
4225.897461,4216.922852000001,4218.717772999999,4211.794922,4218.461426,4208.461426,4206.282227000001,4201.922852000001,4205.897461,4208.717772999999,4188.589844,4198.589844,4225.256348,4213.846191
4217.179688,4204.358886999999,4206.794922,4202.820313,4211.794922,4214.615234000001,4212.692383,4197.692383,4199.230957,4200.897461,4183.461426,4196.922852000001,4217.05127,4204.230957
4213.589844,4203.717772999999,4203.589844,4204.487305,4209.615234000001,4231.666504,4216.922852000001,4197.94873,4201.410156,4204.487305,4183.846191,4192.692383,4216.410156,4202.436035
4216.282227000001,4201.794922,4202.307617,4200.897461,4203.333496,4228.846191,4225.769043,4210.641113000001,4208.333496,4211.410156,4189.230957,4187.692383,4218.333496,4203.205078
4212.307617,4195.128418,4197.94873,4195.512695,4200.0,4211.410156,4224.743652,4218.846191,4215.641113000001,4218.077147999999,4197.307617,4193.717772999999,4222.05127,4204.358886999999
4210.641113000001,4193.717772999999,4197.436035,4196.794922,4204.743652,4213.974121,4218.974121,4227.563965,4223.333496,4222.94873,4202.179688,4204.358886999999,4225.0,4210.512695
4215.384765999999,4195.769043,4198.205078,4198.846191,4209.487305,4225.512695,4223.333496,4233.333496,4226.282227000001,4219.743652,4199.871582,4201.282227000001,4220.641113000001,4209.743652
4212.692383,4192.307617,4192.436035,4196.666504,4208.589844,4215.769043,4222.563965,4233.846191,4227.692383,4213.589844,4196.153809,4192.307617,4215.897461,4198.846191
4211.922852000001,4198.974121,4194.487305,4200.128418,4212.436035,4209.230957,4211.538574,4236.282227000001,4234.358886999999,4218.717772999999,4202.820313,4193.461426,4224.230957,4202.436035
4220.769043,4207.05127,4203.333496,4204.358886999999,4213.461426,4220.897461,4215.512695,4246.282227000001,4237.436035,4219.615234000001,4207.820313,4197.563965,4228.589844,4214.743652
4226.666504,4201.025879,4199.871582,4201.666504,4207.820313,4217.820313,4226.282227000001,4243.974121,4222.94873,4206.666504,4199.871582,4192.692383,4216.794922,4211.922852000001
4228.077147999999,4203.077147999999,4199.230957,4206.410156,4215.128418,4202.94873,4209.615234000001,4207.94873,4205.384765999999,4205.641113000001,4198.589844,4189.487305,4218.974121,4211.794922
4231.410156,4215.0,4211.153809,4213.077147999999,4223.461426,4201.922852000001,4183.205078,4183.077147999999,4205.897461,4217.179688,4208.846191,4194.487305,4237.692383,4222.179688
4238.717772999999,4218.205078,4220.128418,4212.820313,4216.538574,4204.615234000001,4190.0,4213.205078,4217.307617,4223.333496,4216.410156,4202.179688,4246.538574,4225.256348
4238.717772999999,4211.153809,4214.615234000001,4212.563965,4208.205078,4198.846191,4206.922852000001,4221.025879,4208.589844,4215.897461,4212.05127,4198.846191,4236.410156,4215.641113000001
4220.256348,4200.641113000001,4197.179688,4205.512695,4202.563965,4193.205078,4201.538574,4172.307617,4179.743652,4194.743652,4196.538574,4183.846191,4217.563965,4198.974121
4204.230957,4189.743652,4186.922852000001,4194.743652,4197.307617,4195.256348,4200.128418,4159.102539,4170.128418,4181.282227000001,4187.179688,4180.256348,4206.153809,4191.922852000001
4206.666504,4181.666504,4189.102539,4189.358886999999,4195.256348,4203.589844,4214.743652,4187.179688,4180.128418,4179.358886999999,4187.05127,4188.077147999999,4199.743652,4194.102539
4210.512695,4179.743652,4193.333496,4188.846191,4199.871582,4214.487305,4224.230957,4200.512695,4191.153809,4181.410156,4189.358886999999,4191.025879,4197.05127,4194.487305
4211.153809,4185.128418,4194.871582,4190.769043,4205.897461,4219.871582,4221.153809,4217.179688,4206.922852000001,4194.230957,4195.897461,4192.307617,4203.333496,4197.179688
4215.0,4190.0,4196.538574,4193.846191,4208.461426,4215.384765999999,4219.743652,4234.615234000001,4219.102539,4208.717772999999,4199.743652,4193.205078,4205.897461,4202.307617
4220.641113000001,4192.563965,4200.128418,4197.179688,4213.589844,4217.94873,4229.358886999999,4230.256348,4222.820313,4216.025879,4198.589844,4191.153809,4205.641113000001,4201.410156
4225.512695,4202.94873,4206.025879,4203.333496,4224.230957,4228.077147999999,4223.205078,4229.230957,4226.410156,4223.974121,4204.102539,4193.717772999999,4216.282227000001,4198.589844
4232.563965,4217.436035,4214.615234000001,4214.358886999999,4232.05127,4227.307617,4202.563965,4237.179688,4230.0,4231.410156,4213.333496,4206.153809,4227.94873,4204.230957
4237.94873,4222.820313,4219.230957,4221.282227000001,4230.512695,4214.102539,4204.487305,4224.487305,4223.717772999999,4228.333496,4216.410156,4211.794922,4228.974121,4212.179688
4239.102539,4219.615234000001,4219.615234000001,4221.794922,4225.0,4197.05127,4208.589844,4212.94873,4213.717772999999,4220.769043,4215.897461,4208.461426,4231.410156,4216.153809
4241.282227000001,4221.025879,4225.641113000001,4224.615234000001,4225.512695,4189.615234000001,4189.230957,4218.589844,4206.410156,4215.512695,4213.974121,4206.282227000001,4236.410156,4217.307617
4239.871582,4222.692383,4227.307617,4224.615234000001,4223.974121,4194.615234000001,4176.025879,4199.102539,4189.743652,4200.128418,4205.128418,4198.589844,4228.077147999999,4211.922852000001
4230.384765999999,4213.974121,4213.717772999999,4216.922852000001,4216.025879,4198.846191,4186.410156,4165.128418,4174.615234000001,4184.871582,4198.333496,4188.461426,4219.743652,4207.563965
4216.794922,4197.94873,4198.205078,4205.512695,4210.256348,4198.333496,4207.692383,4171.794922,4179.358886999999,4187.307617,4197.692383,4182.563965,4221.538574,4206.794922
4206.282227000001,4188.333496,4190.512695,4193.974121,4208.205078,4202.94873,4222.820313,4200.384765999999,4193.846191,4197.307617,4196.282227000001,4179.487305,4217.820313,4201.025879
4206.922852000001,4196.538574,4190.512695,4193.974121,4210.641113000001,4218.717772999999,4224.871582,4208.589844,4206.922852000001,4211.794922,4203.589844,4182.94873,4218.589844,4197.436035
4209.487305,4204.871582,4194.102539,4200.897461,4216.153809,4224.358886999999,4213.461426,4212.436035,4218.846191,4230.641113000001,4216.153809,4189.871582,4233.717772999999,4203.333496
4207.692383,4202.563965,4194.487305,4199.615234000001,4218.205078,4215.256348,4209.102539,4224.615234000001,4228.589844,4237.179688,4217.820313,4191.153809,4243.717772999999,4210.641113000001
4211.025879,4203.333496,4195.256348,4199.871582,4218.333496,4218.333496,4225.0,4231.282227000001,4231.153809,4228.846191,4212.307617,4185.769043,4239.358886999999,4210.128418
4217.94873,4207.563965,4201.922852000001,4206.666504,4221.922852000001,4226.410156,4222.307617,4228.974121,4226.922852000001,4221.922852000001,4211.794922,4186.153809,4234.615234000001,4204.358886999999
4217.563965,4210.897461,4203.846191,4208.589844,4227.692383,4221.153809,4196.282227000001,4218.205078,4218.974121,4218.974121,4212.05127,4190.384765999999,4233.205078,4199.487305
4212.692383,4208.974121,4193.974121,4202.563965,4229.230957,4215.128418,4195.897461,4202.05127,4203.846191,4202.179688,4196.410156,4181.538574,4219.102539,4188.717772999999
4215.512695,4206.794922,4192.692383,4203.205078,4225.512695,4213.077147999999,4207.436035,4192.179688,4195.0,4188.461426,4183.077147999999,4173.077147999999,4210.512695,4180.0
4231.282227000001,4221.922852000001,4210.897461,4216.922852000001,4228.974121,4208.205078,4193.205078,4207.563965,4212.307617,4211.538574,4202.05127,4186.666504,4232.563965,4197.05127
4235.641113000001,4232.05127,4217.820313,4221.153809,4234.358886999999,4202.692383,4183.333496,4221.794922,4220.641113000001,4224.871582,4218.333496,4195.512695,4243.846191,4217.94873
4225.769043,4218.461426,4209.487305,4213.333496,4230.128418,4206.410156,4197.05127,4196.410156,4192.820313,4198.846191,4207.820313,4186.794922,4227.179688,4214.487305
4231.538574,4215.641113000001,4218.589844,4217.563965,4226.153809,4209.743652,4198.589844,4171.282227000001,4183.846191,4196.538574,4213.846191,4193.846191,4234.743652,4217.05127
4241.410156,4225.512695,4230.128418,4221.922852000001,4223.974121,4203.205078,4186.666504,4177.179688,4203.077147999999,4220.769043,4231.282227000001,4208.077147999999,4252.179688,4229.487305
4231.538574,4219.230957,4222.820313,4213.846191,4222.94873,4206.153809,4195.897461,4193.974121,4209.743652,4221.025879,4226.666504,4200.512695,4238.205078,4222.179688
4217.94873,4206.282227000001,4210.769043,4206.410156,4217.563965,4218.077147999999,4219.230957,4217.05127,4210.256348,4208.589844,4214.743652,4188.077147999999,4222.179688,4205.128418
4215.512695,4206.282227000001,4204.230957,4202.436035,4213.333496,4216.410156,4221.025879,4226.922852000001,4215.0,4210.512695,4211.922852000001,4183.717772999999,4224.358886999999,4197.692383
4215.641113000001,4211.025879,4201.922852000001,4201.538574,4220.641113000001,4210.897461,4211.794922,4219.615234000001,4220.0,4219.102539,4214.615234000001,4181.025879,4226.282227000001,4197.692383
4209.358886999999,4205.128418,4196.794922,4200.0,4218.589844,4217.820313,4218.333496,4224.102539,4222.94873,4215.641113000001,4210.0,4176.153809,4216.153809,4194.358886999999
4204.102539,4198.333496,4192.307617,4196.922852000001,4213.974121,4228.589844,4227.179688,4227.179688,4222.05127,4204.102539,4199.743652,4173.461426,4203.589844,4186.538574
4209.230957,4208.205078,4198.077147999999,4199.487305,4225.897461,4229.102539,4215.512695,4202.436035,4218.589844,4210.512695,4201.153809,4176.666504,4206.794922,4184.615234000001
4221.153809,4215.769043,4208.333496,4207.692383,4228.846191,4215.384765999999,4197.94873,4187.307617,4219.487305,4224.871582,4211.922852000001,4182.563965,4222.563965,4192.307617
4223.974121,4211.410156,4211.794922,4212.563965,4220.512695,4205.128418,4192.94873,4198.077147999999,4223.589844,4222.436035,4215.128418,4185.384765999999,4226.666504,4199.871582
4214.230957,4209.487305,4204.615234000001,4207.692383,4224.487305,4213.974121,4193.717772999999,4192.05127,4213.589844,4209.743652,4207.94873,4185.128418,4212.820313,4196.153809
4210.512695,4210.769043,4198.974121,4204.743652,4229.615234000001,4224.487305,4197.179688,4187.436035,4203.461426,4205.769043,4206.410156,4186.794922,4209.743652,4193.205078
4215.512695,4209.615234000001,4203.333496,4208.589844,4225.512695,4222.179688,4202.307617,4199.102539,4209.358886999999,4213.974121,4214.743652,4188.846191,4221.410156,4199.871582
4220.641113000001,4212.179688,4208.846191,4213.333496,4223.846191,4215.384765999999,4203.205078,4204.615234000001,4218.846191,4223.589844,4223.333496,4194.102539,4227.563965,4204.102539
4226.025879,4218.589844,4214.615234000001,4218.333496,4224.743652,4213.333496,4206.922852000001,4222.307617,4229.230957,4228.717772999999,4227.179688,4200.0,4229.871582,4203.461426
4222.436035,4211.153809,4215.769043,4212.94873,4219.230957,4212.563965,4215.256348,4239.743652,4231.538574,4222.820313,4221.153809,4193.717772999999,4225.769043,4201.025879
4208.589844,4196.666504,4204.358886999999,4198.461426,4212.563965,4213.077147999999,4220.128418,4221.538574,4219.615234000001,4209.358886999999,4208.205078,4183.077147999999,4210.256348,4197.307617
4199.615234000001,4191.153809,4190.641113000001,4192.563965,4211.666504,4213.846191,4212.94873,4192.94873,4210.256348,4197.94873,4196.410156,4179.230957,4198.461426,4189.487305
4198.974121,4190.897461,4186.922852000001,4193.717772999999,4211.538574,4209.615234000001,4205.897461,4192.563965,4211.794922,4192.692383,4190.897461,4175.897461,4197.179688,4179.487305
4199.615234000001,4194.358886999999,4190.641113000001,4194.743652,4213.589844,4210.384765999999,4210.769043,4212.94873,4217.820313,4199.871582,4193.846191,4171.410156,4200.256348,4176.794922
4198.205078,4195.769043,4188.589844,4193.974121,4217.436035,4214.615234000001,4214.102539,4209.871582,4209.230957,4202.05127,4193.077147999999,4170.0,4203.717772999999,4177.94873
4199.743652,4199.358886999999,4188.846191,4196.153809,4221.666504,4213.333496,4215.897461,4182.307617,4196.922852000001,4197.820313,4192.05127,4172.563965,4207.820313,4179.615234000001
4215.256348,4213.333496,4203.589844,4211.153809,4228.205078,4210.897461,4215.897461,4192.179688,4215.897461,4215.897461,4208.974121,4186.153809,4220.641113000001,4189.871582
4228.589844,4223.974121,4215.128418,4223.974121,4230.0,4207.692383,4200.641113000001,4215.897461,4234.487305,4235.897461,4222.692383,4200.128418,4236.025879,4203.846191
4223.846191,4224.615234000001,4213.205078,4218.077147999999,4226.282227000001,4205.512695,4187.307617,4191.538574,4213.846191,4227.179688,4215.128418,4198.589844,4240.769043,4204.743652
4222.05127,4225.128418,4214.487305,4207.692383,4225.256348,4200.0,4189.358886999999,4181.666504,4204.230957,4220.128418,4212.820313,4196.538574,4233.846191,4201.282227000001
4229.743652,4223.717772999999,4219.230957,4205.769043,4224.230957,4198.589844,4194.487305,4211.794922,4225.384765999999,4226.025879,4216.538574,4201.538574,4225.128418,4200.256348
4223.205078,4212.94873,4212.179688,4202.179688,4214.102539,4207.94873,4210.384765999999,4216.794922,4228.077147999999,4215.512695,4207.05127,4200.0,4219.871582,4195.641113000001
4208.461426,4200.897461,4202.307617,4192.820313,4209.487305,4214.102539,4227.307617,4209.743652,4217.820313,4202.307617,4198.333496,4192.820313,4211.922852000001,4191.538574
4208.717772999999,4201.922852000001,4205.512695,4192.436035,4222.307617,4214.230957,4226.153809,4221.666504,4221.666504,4208.589844,4201.922852000001,4192.692383,4209.230957,4190.512695
4209.871582,4206.794922,4208.077147999999,4195.384765999999,4226.922852000001,4212.563965,4217.307617,4216.538574,4220.128418,4209.615234000001,4199.358886999999,4191.282227000001,4209.102539,4186.666504
4198.077147999999,4198.717772999999,4195.512695,4186.025879,4217.94873,4205.512695,4208.205078,4199.871582,4206.922852000001,4194.230957,4182.820313,4178.333496,4199.230957,4179.615234000001
4192.436035,4193.077147999999,4188.461426,4180.384765999999,4220.128418,4203.589844,4203.846191,4197.436035,4203.333496,4190.512695,4175.256348,4170.384765999999,4194.487305,4180.256348
4201.538574,4200.897461,4195.897461,4188.461426,4223.461426,4211.410156,4201.538574,4197.94873,4208.717772999999,4199.358886999999,4181.410156,4178.589844,4199.615234000001,4188.333496
4212.307617,4209.230957,4202.307617,4197.307617,4221.794922,4220.256348,4197.05127,4195.769043,4208.974121,4208.077147999999,4187.436035,4192.307617,4205.641113000001,4198.205078
4215.641113000001,4208.846191,4200.897461,4197.563965,4224.230957,4220.0,4193.077147999999,4189.487305,4204.358886999999,4214.871582,4187.563965,4195.256348,4211.794922,4205.641113000001
4220.641113000001,4208.205078,4203.717772999999,4198.333496,4218.589844,4208.333496,4191.538574,4195.641113000001,4208.333496,4218.717772999999,4188.846191,4193.077147999999,4218.461426,4211.025879
4231.153809,4216.922852000001,4214.358886999999,4207.307617,4209.871582,4203.077147999999,4195.128418,4211.538574,4220.641113000001,4223.205078,4198.717772999999,4196.153809,4221.025879,4216.922852000001
4223.589844,4217.307617,4209.871582,4204.230957,4205.897461,4203.974121,4198.333496,4206.410156,4216.666504,4218.461426,4196.538574,4189.487305,4213.077147999999,4211.282227000001
4205.512695,4202.436035,4193.589844,4188.205078,4198.589844,4202.436035,4206.922852000001,4196.410156,4206.666504,4205.641113000001,4180.384765999999,4173.717772999999,4202.307617,4197.820313
4211.282227000001,4198.333496,4192.05127,4188.077147999999,4194.615234000001,4210.0,4213.205078,4200.384765999999,4214.487305,4200.641113000001,4177.820313,4172.692383,4199.871582,4198.589844
4224.487305,4203.333496,4198.974121,4195.256348,4198.589844,4216.666504,4203.717772999999,4197.05127,4217.179688,4199.102539,4183.846191,4177.436035,4198.461426,4205.641113000001
4219.871582,4200.384765999999,4197.563965,4190.512695,4204.615234000001,4211.794922,4195.128418,4193.461426,4210.128418,4199.230957,4184.102539,4171.666504,4197.563965,4201.538574
4216.666504,4198.846191,4196.666504,4190.512695,4205.384765999999,4212.563965,4206.153809,4205.256348,4214.230957,4205.512695,4188.717772999999,4171.794922,4204.102539,4198.846191
4226.153809,4205.641113000001,4203.461426,4200.256348,4203.974121,4221.538574,4220.512695,4211.410156,4223.205078,4213.333496,4201.666504,4181.153809,4214.102539,4206.410156
4229.230957,4209.230957,4205.384765999999,4201.794922,4206.922852000001,4217.05127,4217.436035,4205.256348,4220.641113000001,4214.743652,4207.563965,4183.205078,4219.230957,4210.769043
4225.897461,4209.230957,4203.589844,4199.487305,4210.769043,4206.410156,4201.538574,4197.179688,4212.563965,4216.410156,4209.102539,4183.077147999999,4221.922852000001,4211.922852000001
4231.922852000001,4211.282227000001,4210.0,4203.589844,4206.538574,4207.307617,4195.512695,4198.974121,4216.538574,4221.538574,4216.794922,4188.974121,4226.794922,4220.384765999999
4235.641113000001,4206.666504,4213.205078,4202.692383,4199.487305,4203.077147999999,4202.692383,4211.153809,4217.692383,4215.0,4219.615234000001,4189.358886999999,4227.307617,4223.846191
4227.179688,4196.538574,4203.461426,4195.897461,4197.179688,4190.897461,4201.153809,4210.641113000001,4205.641113000001,4201.282227000001,4211.025879,4183.589844,4217.563965,4214.615234000001
4221.922852000001,4195.897461,4198.974121,4196.410156,4200.0,4198.589844,4198.974121,4195.769043,4201.794922,4197.436035,4203.589844,4182.05127,4212.05127,4208.461426
4221.794922,4201.282227000001,4202.307617,4197.820313,4204.743652,4210.384765999999,4208.077147999999,4185.641113000001,4203.846191,4195.897461,4199.230957,4180.384765999999,4213.461426,4205.897461
4223.846191,4207.307617,4206.282227000001,4201.922852000001,4210.256348,4199.871582,4206.922852000001,4190.512695,4208.846191,4202.436035,4201.153809,4181.025879,4215.897461,4205.128418
4232.307617,4215.128418,4213.077147999999,4212.692383,4212.820313,4194.358886999999,4196.538574,4194.230957,4221.538574,4221.666504,4213.333496,4185.512695,4223.717772999999,4212.436035
4233.717772999999,4216.282227000001,4214.743652,4212.692383,4213.077147999999,4214.358886999999,4205.128418,4200.384765999999,4227.05127,4223.589844,4218.846191,4189.743652,4225.0,4217.436035
4231.153809,4215.897461,4214.358886999999,4207.820313,4222.94873,4227.179688,4220.0,4216.153809,4224.743652,4215.512695,4217.307617,4194.230957,4224.230957,4219.743652
4238.333496,4221.025879,4219.102539,4213.205078,4227.692383,4214.230957,4208.461426,4198.333496,4216.538574,4216.025879,4219.743652,4199.871582,4237.820313,4227.05127
4244.487305,4223.846191,4225.512695,4220.0,4216.538574,4204.743652,4197.94873,4170.769043,4206.538574,4212.05127,4221.922852000001,4204.615234000001,4248.717772999999,4231.538574
4238.461426,4221.538574,4227.563965,4216.922852000001,4210.384765999999,4209.230957,4211.794922,4189.358886999999,4210.384765999999,4206.666504,4223.333496,4206.025879,4246.666504,4227.307617
4234.102539,4220.641113000001,4225.0,4212.692383,4217.05127,4211.922852000001,4216.794922,4210.641113000001,4219.358886999999,4211.538574,4227.179688,4207.563965,4243.333496,4224.102539
4240.0,4226.025879,4224.487305,4217.436035,4226.666504,4218.461426,4209.102539,4205.384765999999,4218.974121,4219.358886999999,4231.153809,4209.615234000001,4238.205078,4225.641113000001
4241.666504,4222.436035,4225.641113000001,4217.179688,4218.461426,4219.102539,4212.692383,4215.128418,4220.641113000001,4219.358886999999,4226.538574,4209.230957,4226.538574,4219.615234000001
4235.512695,4212.94873,4221.666504,4210.641113000001,4203.974121,4204.615234000001,4213.974121,4227.563965,4225.512695,4213.974121,4217.94873,4203.974121,4225.256348,4210.256348
4230.769043,4214.230957,4216.922852000001,4212.05127,4206.538574,4203.205078,4204.615234000001,4200.384765999999,4214.615234000001,4208.077147999999,4214.230957,4199.358886999999,4231.538574,4207.94873
4225.641113000001,4214.230957,4214.615234000001,4210.641113000001,4214.871582,4214.871582,4199.102539,4170.0,4197.563965,4201.922852000001,4210.897461,4197.563965,4225.256348,4207.179688
4221.025879,4206.922852000001,4214.230957,4203.589844,4213.846191,4215.256348,4199.358886999999,4173.846191,4199.358886999999,4202.820313,4209.615234000001,4194.615234000001,4221.666504,4207.179688
4217.05127,4199.743652,4213.333496,4202.05127,4209.871582,4208.589844,4205.512695,4187.820313,4206.794922,4205.128418,4209.743652,4194.615234000001,4222.179688,4204.615234000001
4215.384765999999,4198.589844,4211.410156,4200.0,4210.769043,4207.563965,4217.05127,4198.589844,4209.102539,4203.205078,4207.436035,4197.436035,4219.871582,4200.897461
4221.794922,4204.230957,4216.410156,4200.384765999999,4211.410156,4211.025879,4220.0,4203.846191,4218.461426,4208.846191,4212.692383,4200.256348,4226.666504,4207.820313
4229.743652,4209.102539,4224.230957,4205.512695,4207.563965,4207.94873,4208.333496,4197.820313,4226.922852000001,4218.205078,4220.256348,4206.666504,4229.871582,4216.794922
4233.333496,4213.717772999999,4229.743652,4210.769043,4208.717772999999,4207.436035,4208.461426,4198.717772999999,4227.94873,4222.563965,4223.333496,4213.205078,4228.461426,4219.871582
4231.922852000001,4218.461426,4233.589844,4213.205078,4214.871582,4217.820313,4222.820313,4207.05127,4228.461426,4222.05127,4226.410156,4213.077147999999,4234.230957,4225.512695
4225.0,4214.871582,4227.05127,4207.307617,4212.94873,4218.589844,4220.512695,4199.358886999999,4220.897461,4211.666504,4222.307617,4206.282227000001,4232.94873,4223.077147999999
4220.897461,4211.794922,4221.410156,4204.871582,4211.794922,4208.589844,4205.769043,4190.897461,4210.769043,4206.666504,4215.384765999999,4199.743652,4223.077147999999,4213.077147999999
4224.230957,4215.0,4225.0,4211.282227000001,4214.743652,4209.487305,4202.436035,4196.794922,4211.282227000001,4211.666504,4213.974121,4195.384765999999,4220.128418,4211.538574
4221.794922,4209.102539,4221.153809,4209.615234000001,4210.512695,4216.282227000001,4203.974121,4200.384765999999,4211.153809,4207.05127,4205.384765999999,4189.615234000001,4218.333496,4204.615234000001
4212.05127,4201.794922,4212.820313,4203.077147999999,4208.333496,4212.179688,4196.282227000001,4199.102539,4205.512695,4194.230957,4192.307617,4182.307617,4210.769043,4191.538574
4216.153809,4206.666504,4217.692383,4206.410156,4211.282227000001,4204.230957,4201.538574,4201.025879,4207.692383,4195.128418,4193.589844,4180.641113000001,4210.128418,4195.128418
4231.794922,4213.205078,4228.589844,4212.692383,4211.666504,4209.102539,4219.230957,4205.384765999999,4216.794922,4204.871582,4204.487305,4188.846191,4220.256348,4209.615234000001
4233.846191,4209.487305,4228.589844,4209.871582,4206.794922,4219.358886999999,4224.102539,4214.230957,4219.743652,4204.102539,4206.794922,4192.05127,4226.410156,4211.153809
4226.666504,4209.102539,4227.436035,4208.589844,4210.128418,4222.563965,4224.743652,4216.153809,4217.563965,4202.563965,4211.538574,4187.307617,4226.666504,4208.461426
4234.615234000001,4222.05127,4236.410156,4216.538574,4222.307617,4220.769043,4226.025879,4210.641113000001,4222.436035,4217.563965,4229.743652,4196.282227000001,4236.794922,4217.94873
4248.077147999999,4228.846191,4243.333496,4222.436035,4224.871582,4222.179688,4221.794922,4209.230957,4229.487305,4230.128418,4240.512695,4213.717772999999,4249.230957,4230.384765999999
4247.436035,4224.615234000001,4242.307617,4222.820313,4221.794922,4224.358886999999,4222.179688,4217.692383,4229.358886999999,4226.794922,4239.102539,4216.794922,4249.358886999999,4234.102539
4236.794922,4219.102539,4231.666504,4214.615234000001,4218.846191,4216.922852000001,4219.230957,4215.769043,4220.128418,4216.666504,4231.282227000001,4203.717772999999,4240.0,4223.333496
4229.230957,4215.384765999999,4220.384765999999,4206.538574,4216.282227000001,4216.282227000001,4210.256348,4194.615234000001,4213.077147999999,4211.025879,4222.692383,4197.179688,4222.307617,4210.512695
4228.589844,4216.410156,4223.077147999999,4210.897461,4220.0,4227.94873,4212.94873,4188.205078,4222.307617,4214.230957,4222.692383,4202.179688,4209.358886999999,4211.410156
4224.102539,4218.077147999999,4227.820313,4211.025879,4225.384765999999,4226.153809,4211.666504,4201.538574,4231.410156,4216.666504,4223.077147999999,4202.436035,4210.769043,4214.102539
4222.563965,4222.179688,4226.922852000001,4208.077147999999,4228.974121,4217.563965,4203.589844,4210.512695,4232.94873,4214.615234000001,4221.410156,4200.128418,4220.128418,4210.512695
4229.871582,4224.615234000001,4227.94873,4215.256348,4229.615234000001,4221.153809,4211.666504,4214.743652,4235.128418,4217.436035,4224.487305,4202.692383,4223.846191,4207.179688
4232.94873,4218.717772999999,4226.666504,4218.333496,4222.436035,4225.512695,4220.128418,4212.94873,4230.384765999999,4223.077147999999,4226.538574,4203.333496,4223.205078,4206.025879
4228.846191,4213.717772999999,4219.487305,4211.153809,4219.102539,4220.128418,4214.743652,4199.230957,4218.077147999999,4222.820313,4223.461426,4199.230957,4226.538574,4204.230957
4224.871582,4215.641113000001,4215.897461,4206.794922,4223.717772999999,4212.94873,4214.230957,4194.743652,4213.077147999999,4218.846191,4221.025879,4193.077147999999,4225.0,4202.436035
4222.179688,4216.794922,4216.025879,4207.94873,4224.102539,4218.717772999999,4224.358886999999,4207.05127,4219.615234000001,4222.307617,4220.897461,4189.230957,4219.871582,4200.512695
4217.05127,4210.0,4210.769043,4204.743652,4218.205078,4231.538574,4226.666504,4198.333496,4221.538574,4223.846191,4219.871582,4191.025879,4217.05127,4198.974121
4215.0,4201.153809,4208.077147999999,4197.307617,4212.563965,4226.666504,4220.384765999999,4194.871582,4225.641113000001,4217.94873,4220.384765999999,4197.05127,4216.922852000001,4200.384765999999
4222.820313,4204.487305,4218.077147999999,4197.05127,4213.077147999999,4217.820313,4219.358886999999,4223.461426,4242.05127,4223.846191,4227.179688,4203.461426,4226.282227000001,4206.922852000001
4231.153809,4215.0,4226.410156,4204.871582,4216.282227000001,4223.846191,4220.769043,4224.743652,4246.153809,4232.179688,4232.820313,4206.410156,4236.153809,4213.205078
4231.025879,4218.717772999999,4226.410156,4208.333496,4217.94873,4228.077147999999,4221.410156,4204.743652,4234.358886999999,4221.153809,4228.333496,4205.0,4231.794922,4213.974121
4223.589844,4214.102539,4224.743652,4207.820313,4218.461426,4221.666504,4215.256348,4204.487305,4223.589844,4205.128418,4217.692383,4196.410156,4215.641113000001,4205.769043
4213.846191,4207.563965,4220.384765999999,4208.717772999999,4217.820313,4215.128418,4199.615234000001,4190.512695,4214.230957,4196.282227000001,4204.358886999999,4187.179688,4199.615234000001,4191.922852000001
4208.846191,4209.230957,4218.205078,4210.769043,4220.384765999999,4222.820313,4201.410156,4180.641113000001,4217.692383,4198.589844,4201.666504,4186.025879,4198.461426,4187.179688
4203.077147999999,4209.358886999999,4212.94873,4205.769043,4218.846191,4228.205078,4217.307617,4203.205078,4226.025879,4208.077147999999,4208.846191,4184.743652,4204.102539,4188.077147999999
4198.717772999999,4203.846191,4204.487305,4200.128418,4215.897461,4218.974121,4218.717772999999,4210.897461,4221.410156,4217.820313,4215.897461,4183.333496,4209.615234000001,4188.974121
4206.538574,4209.102539,4211.666504,4208.717772999999,4224.743652,4218.717772999999,4213.589844,4206.282227000001,4228.333496,4233.717772999999,4228.717772999999,4193.589844,4228.717772999999,4200.0
4211.666504,4215.384765999999,4218.974121,4214.487305,4228.974121,4223.717772999999,4212.94873,4213.077147999999,4238.717772999999,4243.717772999999,4235.256348,4200.897461,4240.769043,4206.153809
4207.436035,4215.512695,4215.0,4211.794922,4224.743652,4218.974121,4215.256348,4203.589844,4224.743652,4236.794922,4227.563965,4194.487305,4231.410156,4197.94873
4212.820313,4222.179688,4222.307617,4219.230957,4226.666504,4218.974121,4216.794922,4195.384765999999,4216.538574,4229.743652,4226.410156,4195.128418,4229.230957,4201.666504
4219.358886999999,4225.384765999999,4231.922852000001,4224.487305,4226.410156,4225.384765999999,4210.256348,4210.769043,4226.922852000001,4226.922852000001,4233.974121,4199.102539,4238.077147999999,4214.230957
4211.922852000001,4212.692383,4224.487305,4212.820313,4218.846191,4223.461426,4207.94873,4211.282227000001,4226.922852000001,4220.897461,4230.897461,4195.641113000001,4237.436035,4209.230957
4203.205078,4204.358886999999,4214.743652,4201.410156,4213.461426,4216.666504,4215.769043,4194.487305,4218.077147999999,4211.282227000001,4217.563965,4190.512695,4227.05127,4195.641113000001
4202.692383,4210.0,4212.692383,4204.743652,4210.897461,4213.589844,4216.794922,4191.922852000001,4216.410156,4201.666504,4205.128418,4180.769043,4215.769043,4186.922852000001
4201.666504,4212.05127,4209.615234000001,4207.563965,4206.410156,4213.461426,4209.358886999999,4203.717772999999,4223.589844,4201.025879,4195.512695,4170.512695,4206.025879,4180.0
4200.0,4208.461426,4208.974121,4204.230957,4206.282227000001,4211.025879,4207.179688,4211.922852000001,4230.641113000001,4206.794922,4192.179688,4174.358886999999,4198.974121,4175.384765999999
4203.589844,4209.358886999999,4212.563965,4206.666504,4214.743652,4205.256348,4209.743652,4210.769043,4228.333496,4205.897461,4192.692383,4184.102539,4194.102539,4180.128418
4204.230957,4207.307617,4210.641113000001,4206.538574,4216.794922,4203.077147999999,4205.512695,4202.563965,4217.436035,4196.410156,4187.05127,4180.0,4191.410156,4184.615234000001
4197.820313,4201.025879,4205.512695,4199.102539,4209.871582,4207.436035,4201.922852000001,4198.461426,4206.922852000001,4186.025879,4177.94873,4171.922852000001,4192.436035,4180.128418
4196.282227000001,4197.436035,4206.282227000001,4195.384765999999,4209.871582,4209.230957,4204.615234000001,4197.563965,4198.461426,4177.179688,4175.897461,4173.589844,4193.077147999999,4180.256348
4202.436035,4195.769043,4209.230957,4196.282227000001,4213.205078,4211.025879,4201.794922,4186.794922,4189.871582,4173.333496,4178.205078,4180.897461,4192.179688,4189.358886999999
4212.692383,4204.743652,4216.922852000001,4205.256348,4208.333496,4218.205078,4203.717772999999,4186.410156,4191.666504,4183.077147999999,4185.897461,4188.077147999999,4199.358886999999,4200.128418
4225.0,4222.563965,4230.256348,4220.384765999999,4206.153809,4217.436035,4209.487305,4196.153809,4203.461426,4204.615234000001,4202.05127,4195.128418,4217.05127,4210.512695
4233.846191,4232.563965,4237.563965,4227.436035,4212.820313,4208.846191,4204.102539,4200.0,4216.282227000001,4225.128418,4215.512695,4201.410156,4232.436035,4221.282227000001
4228.717772999999,4226.666504,4231.153809,4221.282227000001,4208.205078,4208.333496,4210.256348,4208.717772999999,4223.077147999999,4226.794922,4212.436035,4197.820313,4227.563965,4220.256348
4215.384765999999,4217.307617,4221.794922,4216.410156,4201.922852000001,4213.461426,4223.589844,4210.641113000001,4223.589844,4213.205078,4201.282227000001,4189.358886999999,4210.897461,4207.820313
4212.692383,4216.410156,4218.461426,4217.436035,4214.615234000001,4215.384765999999,4214.230957,4202.94873,4234.358886999999,4213.717772999999,4198.717772999999,4188.333496,4209.230957,4203.974121
4212.94873,4211.410156,4209.615234000001,4208.077147999999,4217.436035,4210.512695,4200.897461,4207.05127,4243.717772999999,4219.358886999999,4198.717772999999,4186.153809,4210.384765999999,4201.025879
4205.384765999999,4199.230957,4196.922852000001,4193.974121,4198.717772999999,4204.743652,4207.436035,4217.563965,4233.589844,4206.794922,4191.922852000001,4175.128418,4194.102539,4190.256348
4201.666504,4196.922852000001,4195.769043,4193.333496,4192.820313,4208.461426,4215.0,4217.05127,4222.94873,4196.025879,4187.05127,4170.128418,4181.153809,4185.512695
4205.128418,4200.128418,4198.333496,4198.589844,4196.922852000001,4210.769043,4213.333496,4210.128418,4219.358886999999,4195.384765999999,4184.487305,4177.436035,4180.384765999999,4187.820313
4211.794922,4200.512695,4196.922852000001,4199.743652,4192.692383,4208.077147999999,4216.794922,4211.025879,4213.205078,4192.436035,4183.717772999999,4182.692383,4179.615234000001,4191.025879
4219.487305,4205.641113000001,4201.538574,4202.436035,4195.769043,4210.0,4212.436035,4208.333496,4204.358886999999,4187.307617,4189.487305,4180.897461,4180.128418,4195.384765999999
4221.666504,4208.717772999999,4209.230957,4205.128418,4198.461426,4210.256348,4215.256348,4200.256348,4194.743652,4182.94873,4194.358886999999,4181.666504,4185.384765999999,4199.871582
4222.94873,4206.025879,4213.461426,4206.794922,4194.230957,4204.102539,4230.512695,4198.461426,4186.794922,4181.282227000001,4199.102539,4187.436035,4191.922852000001,4205.897461
4233.717772999999,4213.461426,4219.487305,4214.487305,4197.563965,4193.333496,4226.922852000001,4212.820313,4189.615234000001,4181.025879,4208.077147999999,4194.743652,4198.333496,4217.94873
4251.153809,4237.436035,4230.769043,4229.871582,4206.922852000001,4188.205078,4214.487305,4219.615234000001,4201.410156,4193.333496,4221.538574,4207.05127,4212.94873,4233.461426
4244.029297,4232.94873,4225.878906,4226.080566,4204.816895,4193.095215,4215.073242,4219.963379,4205.402832,4194.743652,4217.820313,4202.289551,4207.856934,4225.750977000001
4236.904785,4228.461426,4220.98877,4222.289551,4202.710449,4197.985352000001,4215.65918,4220.311522999999,4209.395508,4196.153809,4214.102539,4197.527344,4202.765625,4218.040527
4229.780272999999,4223.974121,4216.099121,4218.498047,4200.604492,4202.875488000001,4216.245605,4220.65918,4213.388184,4197.563965,4210.384765999999,4192.765625,4197.673828,4210.32959
4222.655761999999,4219.487305,4211.208984000001,4214.707031,4198.498047,4207.765625,4216.831543,4221.007324,4217.380859000001,4198.974121,4206.666504,4188.003906,4192.58252,4202.619140999999
4215.53125,4215.0,4206.318848,4210.915527,4196.39209,4212.655761999999,4217.41748,4221.355469,4221.373535,4200.384765999999,4202.94873,4183.241699,4187.490723,4194.908203
4208.406738000001,4210.512695,4201.428711,4207.124511999999,4194.285645,4217.545897999999,4218.003906,4221.703125,4225.366211,4201.794922,4199.230957,4178.47998,4182.399414,4187.197754
4201.282227000001,4206.025879,4196.538574,4203.333496,4192.179688,4222.436035,4218.589844,4222.05127,4229.358886999999,4203.205078,4195.512695,4173.717772999999,4177.307617,4179.487305
4204.871582,4205.512695,4199.871582,4204.358886999999,4189.102539,4223.205078,4235.641113000001,4227.307617,4222.436035,4193.846191,4186.922852000001,4171.922852000001,4174.102539,4182.94873
4210.512695,4216.153809,4203.589844,4212.307617,4194.487305,4219.615234000001,4233.333496,4219.615234000001,4215.0,4192.820313,4191.922852000001,4171.410156,4184.230957,4185.128418
4213.461426,4226.666504,4203.333496,4213.846191,4200.769043,4216.282227000001,4217.563965,4212.179688,4212.563965,4191.922852000001,4196.282227000001,4169.230957,4192.05127,4182.563965
4218.077147999999,4226.666504,4208.589844,4215.769043,4203.077147999999,4213.461426,4224.487305,4217.179688,4211.922852000001,4190.128418,4199.871582,4171.538574,4191.282227000001,4186.922852000001
4224.871582,4225.897461,4213.333496,4221.410156,4203.846191,4205.0,4227.307617,4214.102539,4200.0,4193.077147999999,4207.307617,4179.615234000001,4192.563965,4197.307617
4237.307617,4240.256348,4222.05127,4229.615234000001,4212.05127,4204.487305,4197.94873,4182.307617,4191.922852000001,4207.179688,4219.871582,4193.205078,4212.692383,4210.384765999999
4249.102539,4251.538574,4235.641113000001,4235.641113000001,4216.922852000001,4209.871582,4178.205078,4159.743652,4196.666504,4218.461426,4231.025879,4203.461426,4229.871582,4220.512695
4250.512695,4244.102539,4238.077147999999,4233.205078,4211.153809,4195.769043,4175.128418,4172.436035,4196.794922,4214.615234000001,4232.692383,4207.94873,4224.615234000001,4222.05127
4251.410156,4241.025879,4237.05127,4234.743652,4206.794922,4177.692383,4167.94873,4192.436035,4200.769043,4215.384765999999,4234.358886999999,4214.743652,4222.94873,4224.871582
4256.922852000001,4245.128418,4243.846191,4242.307617,4205.897461,4183.333496,4168.589844,4195.0,4212.692383,4227.05127,4240.256348,4218.974121,4227.436035,4229.230957
4251.025879,4239.615234000001,4246.282227000001,4236.794922,4200.256348,4189.615234000001,4185.769043,4209.615234000001,4221.025879,4228.461426,4236.922852000001,4213.205078,4217.820313,4226.794922
4236.922852000001,4228.205078,4241.025879,4221.666504,4187.820313,4177.05127,4201.410156,4238.077147999999,4229.230957,4223.077147999999,4227.94873,4204.358886999999,4208.717772999999,4218.974121
4233.589844,4225.512695,4237.436035,4218.077147999999,4183.461426,4173.205078,4205.128418,4229.358886999999,4234.102539,4223.974121,4223.589844,4200.512695,4211.922852000001,4210.641113000001
4236.922852000001,4229.743652,4235.897461,4224.871582,4195.128418,4189.358886999999,4205.0,4227.436035,4243.461426,4234.102539,4226.153809,4202.692383,4215.641113000001,4207.820313
4229.743652,4225.0,4228.974121,4221.794922,4202.436035,4202.563965,4217.307617,4258.974121,4252.692383,4236.922852000001,4226.025879,4203.333496,4208.205078,4205.384765999999
4221.153809,4218.333496,4217.692383,4212.179688,4200.256348,4203.846191,4221.666504,4250.641113000001,4245.384765999999,4228.077147999999,4221.538574,4199.230957,4197.563965,4200.897461
4216.922852000001,4220.128418,4206.666504,4210.0,4203.077147999999,4202.563965,4199.615234000001,4208.717772999999,4227.94873,4221.410156,4213.717772999999,4192.563965,4197.436035,4196.025879
4208.205078,4218.974121,4197.436035,4207.692383,4203.846191,4205.512695,4195.512695,4195.512695,4213.717772999999,4214.743652,4200.769043,4184.230957,4193.589844,4184.615234000001
4206.153809,4216.794922,4197.692383,4208.077147999999,4200.641113000001,4208.974121,4212.436035,4200.0,4211.538574,4210.641113000001,4197.563965,4182.692383,4186.410156,4178.846191
4220.769043,4220.641113000001,4207.692383,4216.153809,4205.128418,4206.282227000001,4196.794922,4191.282227000001,4216.282227000001,4215.256348,4209.871582,4192.05127,4195.641113000001,4190.512695
4237.820313,4230.512695,4217.94873,4227.179688,4214.358886999999,4202.94873,4172.94873,4182.94873,4217.179688,4224.871582,4223.717772999999,4202.94873,4216.153809,4207.94873
4247.179688,4246.153809,4228.589844,4238.461426,4220.384765999999,4205.897461,4178.717772999999,4182.436035,4214.743652,4235.384765999999,4234.871582,4209.743652,4230.769043,4217.436035
4249.487305,4256.282227000001,4237.307617,4243.461426,4218.461426,4206.666504,4176.538574,4192.307617,4220.0,4242.179688,4244.102539,4215.128418,4238.205078,4225.128418
4249.743652,4252.307617,4237.563965,4239.487305,4214.871582,4209.358886999999,4173.974121,4213.717772999999,4232.563965,4238.589844,4243.974121,4217.179688,4234.615234000001,4228.846191
4246.410156,4237.05127,4230.128418,4230.128418,4211.025879,4213.589844,4198.846191,4230.128418,4235.256348,4223.846191,4228.846191,4211.410156,4213.974121,4221.153809
4236.025879,4217.179688,4223.461426,4218.333496,4199.871582,4207.307617,4214.487305,4230.897461,4227.563965,4211.153809,4211.153809,4199.871582,4192.563965,4208.077147999999
4218.589844,4201.794922,4213.077147999999,4207.820313,4192.563965,4205.769043,4216.666504,4214.615234000001,4215.256348,4200.897461,4198.205078,4185.897461,4183.717772999999,4194.487305
4203.846191,4197.179688,4198.461426,4202.436035,4195.641113000001,4208.589844,4211.794922,4197.05127,4200.384765999999,4188.205078,4187.307617,4177.436035,4175.897461,4183.974121
4206.794922,4206.666504,4198.589844,4206.153809,4201.025879,4205.769043,4197.179688,4195.897461,4197.820313,4190.641113000001,4189.358886999999,4180.256348,4173.717772999999,4185.897461
4222.692383,4219.615234000001,4212.563965,4216.922852000001,4209.871582,4209.358886999999,4187.820313,4194.102539,4206.153809,4206.922852000001,4206.666504,4187.307617,4189.743652,4197.307617
4229.487305,4224.358886999999,4219.487305,4224.102539,4215.0,4213.333496,4190.641113000001,4193.461426,4203.333496,4212.820313,4219.615234000001,4194.871582,4207.820313,4204.743652
4227.436035,4225.897461,4221.025879,4224.871582,4209.230957,4207.05127,4192.820313,4192.05127,4193.974121,4211.666504,4223.077147999999,4199.487305,4215.384765999999,4208.846191
4228.333496,4229.615234000001,4223.461426,4224.102539,4206.794922,4201.538574,4181.410156,4171.538574,4195.0,4216.282227000001,4225.0,4199.102539,4217.436035,4212.563965
4231.410156,4235.128418,4226.025879,4227.179688,4219.743652,4211.282227000001,4177.820313,4167.179688,4207.436035,4223.461426,4227.820313,4203.333496,4221.282227000001,4211.153809
4233.589844,4237.692383,4229.743652,4232.820313,4227.820313,4222.692383,4186.794922,4192.179688,4220.256348,4230.256348,4232.94873,4211.025879,4228.205078,4210.256348
4236.410156,4236.153809,4230.256348,4231.282227000001,4221.666504,4217.563965,4180.0,4197.307617,4221.282227000001,4229.102539,4233.846191,4210.769043,4224.871582,4211.794922
4231.794922,4229.743652,4222.05127,4221.666504,4217.692383,4211.410156,4182.179688,4191.538574,4217.692383,4216.153809,4221.922852000001,4202.692383,4206.282227000001,4204.615234000001
4211.410156,4210.128418,4205.128418,4206.538574,4208.333496,4217.692383,4217.820313,4201.282227000001,4213.717772999999,4196.282227000001,4199.871582,4190.641113000001,4183.205078,4184.871582
4197.563965,4192.820313,4196.025879,4197.692383,4199.615234000001,4222.307617,4233.461426,4214.230957,4211.794922,4189.871582,4190.897461,4185.256348,4173.077147999999,4174.102539
4202.563965,4193.846191,4199.871582,4200.384765999999,4204.487305,4212.820313,4208.461426,4222.692383,4218.461426,4199.871582,4198.205078,4192.692383,4180.512695,4179.358886999999
4208.461426,4199.743652,4200.769043,4204.871582,4205.384765999999,4202.307617,4194.743652,4212.563965,4222.563965,4205.128418,4202.179688,4198.333496,4190.897461,4183.974121
4211.153809,4205.897461,4203.717772999999,4210.897461,4203.461426,4206.410156,4203.589844,4191.282227000001,4219.487305,4211.666504,4207.563965,4201.025879,4200.128418,4191.282227000001
4210.0,4208.333496,4207.692383,4211.282227000001,4208.461426,4211.153809,4202.692383,4192.820313,4216.282227000001,4216.410156,4211.922852000001,4200.0,4197.692383,4196.025879
4203.717772999999,4197.05127,4199.615234000001,4203.589844,4209.230957,4210.512695,4192.820313,4197.436035,4203.846191,4197.307617,4201.282227000001,4190.512695,4178.974121,4186.025879
4207.563965,4195.128418,4200.256348,4206.025879,4208.974121,4210.256348,4190.512695,4178.846191,4189.102539,4182.05127,4196.282227000001,4190.897461,4171.153809,4183.717772999999
4217.94873,4210.0,4216.538574,4215.384765999999,4213.717772999999,4206.922852000001,4195.128418,4169.615234000001,4190.128418,4194.102539,4205.897461,4201.410156,4185.512695,4194.615234000001
4217.436035,4211.538574,4219.358886999999,4215.769043,4213.077147999999,4205.384765999999,4200.512695,4188.846191,4196.922852000001,4200.897461,4203.974121,4201.794922,4193.461426,4194.871582
4216.794922,4207.820313,4214.615234000001,4216.794922,4214.871582,4206.153809,4193.333496,4201.794922,4196.538574,4195.128418,4198.077147999999,4201.153809,4191.282227000001,4194.230957
4222.307617,4215.256348,4217.05127,4221.025879,4222.94873,4202.436035,4181.153809,4186.025879,4190.897461,4198.461426,4202.820313,4204.102539,4195.512695,4199.487305
4218.589844,4216.794922,4212.94873,4217.436035,4224.230957,4201.922852000001,4168.333496,4167.94873,4187.94873,4201.282227000001,4203.461426,4199.102539,4198.205078,4194.487305
4207.94873,4206.922852000001,4202.94873,4209.358886999999,4216.666504,4207.563965,4168.077147999999,4186.410156,4199.102539,4200.256348,4197.05127,4195.641113000001,4191.538574,4184.230957
4203.974121,4198.846191,4200.641113000001,4203.974121,4210.897461,4210.769043,4197.820313,4221.922852000001,4219.615234000001,4207.94873,4193.717772999999,4197.179688,4184.871582,4181.153809
4200.384765999999,4192.179688,4198.589844,4196.538574,4208.589844,4206.025879,4215.769043,4219.615234000001,4222.563965,4211.410156,4188.461426,4193.205078,4179.102539,4178.333496
4194.743652,4187.307617,4191.666504,4190.897461,4202.692383,4201.922852000001,4205.128418,4199.871582,4211.025879,4200.512695,4181.794922,4191.794922,4174.487305,4175.769043
4204.358886999999,4198.333496,4201.282227000001,4201.025879,4206.666504,4212.436035,4205.641113000001,4222.05127,4222.307617,4207.563965,4192.179688,4201.153809,4182.307617,4187.820313
4215.0,4207.05127,4215.512695,4207.820313,4209.871582,4213.333496,4210.897461,4238.846191,4234.102539,4221.410156,4201.794922,4207.179688,4192.307617,4200.769043
4208.333496,4197.820313,4211.025879,4202.436035,4201.666504,4195.897461,4203.589844,4205.641113000001,4211.922852000001,4208.077147999999,4193.974121,4201.153809,4190.641113000001,4196.666504
4203.717772999999,4195.0,4205.384765999999,4203.717772999999,4203.717772999999,4199.871582,4210.641113000001,4181.794922,4188.974121,4191.666504,4185.0,4193.846191,4186.538574,4189.358886999999
4209.743652,4204.615234000001,4213.077147999999,4209.358886999999,4217.820313,4216.153809,4213.333496,4184.102539,4184.743652,4189.487305,4178.846191,4194.230957,4192.692383,4188.974121
4216.794922,4211.666504,4219.487305,4213.461426,4221.282227000001,4208.974121,4191.025879,4179.102539,4180.128418,4186.282227000001,4172.307617,4196.794922,4207.94873,4194.487305
4220.128418,4213.846191,4214.102539,4218.333496,4215.384765999999,4193.461426,4174.871582,4166.025879,4170.641113000001,4180.512695,4170.0,4193.974121,4211.282227000001,4200.256348
4223.589844,4216.666504,4212.692383,4221.025879,4219.871582,4195.256348,4172.94873,4171.410156,4175.769043,4189.615234000001,4176.282227000001,4194.487305,4209.487305,4206.922852000001
4228.461426,4215.769043,4218.205078,4218.846191,4222.563965,4206.538574,4176.666504,4198.077147999999,4192.05127,4205.256348,4183.846191,4200.0,4217.692383,4214.487305
4224.871582,4210.128418,4212.563965,4210.384765999999,4212.307617,4211.666504,4186.025879,4201.410156,4194.743652,4204.102539,4182.179688,4197.692383,4217.94873,4215.641113000001
4214.102539,4205.641113000001,4198.205078,4202.94873,4207.692383,4212.436035,4196.410156,4178.077147999999,4191.410156,4198.077147999999,4174.102539,4189.615234000001,4204.615234000001,4209.487305
4210.0,4197.94873,4191.410156,4199.871582,4208.205078,4212.94873,4201.410156,4174.871582,4197.05127,4200.512695,4170.769043,4186.922852000001,4195.769043,4204.615234000001
4212.94873,4193.974121,4193.589844,4198.205078,4200.641113000001,4216.025879,4207.05127,4198.589844,4208.846191,4205.256348,4174.102539,4185.769043,4199.487305,4203.717772999999
4212.436035,4203.717772999999,4199.871582,4205.128418,4198.461426,4215.384765999999,4212.436035,4217.94873,4222.307617,4206.153809,4174.358886999999,4182.692383,4200.897461,4204.358886999999
4209.358886999999,4207.692383,4200.384765999999,4210.897461,4204.358886999999,4205.0,4207.563965,4217.05127,4221.410156,4200.897461,4168.333496,4181.153809,4192.820313,4204.358886999999
4206.025879,4197.05127,4195.897461,4203.461426,4200.0,4204.102539,4203.589844,4211.410156,4209.743652,4195.384765999999,4165.641113000001,4183.974121,4195.256348,4204.102539
4202.05127,4191.153809,4194.743652,4198.461426,4190.897461,4213.589844,4210.0,4204.230957,4202.307617,4191.666504,4167.820313,4186.538574,4206.025879,4202.94873
4200.0,4194.615234000001,4193.333496,4200.769043,4190.512695,4206.025879,4203.077147999999,4182.94873,4193.205078,4185.0,4165.384765999999,4182.692383,4201.538574,4196.025879
4208.846191,4201.538574,4194.743652,4207.179688,4200.897461,4196.538574,4179.743652,4164.102539,4188.461426,4188.589844,4172.563965,4183.589844,4200.0,4196.794922
4223.461426,4208.974121,4204.358886999999,4215.897461,4206.794922,4207.820313,4176.153809,4174.487305,4196.794922,4203.205078,4188.974121,4195.0,4217.94873,4208.974121
4227.692383,4213.974121,4209.743652,4219.358886999999,4205.769043,4215.512695,4190.0,4183.974121,4191.025879,4204.615234000001,4194.743652,4200.384765999999,4225.384765999999,4214.615234000001
4226.282227000001,4217.307617,4207.94873,4217.563965,4211.538574,4206.922852000001,4192.820313,4166.922852000001,4173.077147999999,4198.974121,4195.512695,4197.179688,4217.94873,4215.641113000001
4229.871582,4212.820313,4210.512695,4216.025879,4214.743652,4205.384765999999,4196.666504,4162.692383,4176.666504,4201.922852000001,4198.333496,4201.922852000001,4214.871582,4219.615234000001
4233.846191,4204.615234000001,4215.897461,4212.436035,4211.153809,4220.0,4216.666504,4192.436035,4193.333496,4205.897461,4200.128418,4209.743652,4218.205078,4217.179688
4225.384765999999,4196.410156,4209.230957,4204.487305,4205.897461,4226.282227000001,4219.743652,4222.307617,4202.820313,4202.692383,4196.666504,4202.436035,4212.563965,4204.615234000001
4212.179688,4190.256348,4198.461426,4199.102539,4200.897461,4212.94873,4199.358886999999,4220.512695,4212.563965,4203.205078,4191.282227000001,4188.461426,4197.563965,4195.256348
4208.205078,4190.256348,4196.666504,4199.358886999999,4199.358886999999,4203.717772999999,4199.743652,4205.256348,4221.410156,4210.641113000001,4191.025879,4183.589844,4195.256348,4193.846191
4206.410156,4186.282227000001,4198.589844,4197.820313,4199.358886999999,4211.538574,4216.666504,4212.820313,4222.820313,4209.487305,4189.487305,4182.94873,4200.512695,4194.230957
4201.666504,4182.05127,4198.333496,4193.205078,4197.563965,4213.461426,4214.743652,4230.128418,4223.205078,4201.538574,4183.589844,4182.05127,4199.487305,4194.743652
4196.666504,4182.563965,4193.846191,4190.512695,4190.256348,4202.05127,4201.666504,4225.128418,4216.666504,4197.563965,4177.692383,4182.05127,4196.153809,4193.205078
4198.589844,4183.717772999999,4189.871582,4193.589844,4186.153809,4204.230957,4201.410156,4200.769043,4200.512695,4196.025879,4179.487305,4182.436035,4200.512695,4195.641113000001
4206.025879,4188.077147999999,4192.692383,4200.512695,4194.487305,4216.794922,4206.922852000001,4187.307617,4192.94873,4194.871582,4186.794922,4186.922852000001,4208.461426,4201.025879
4212.563965,4195.256348,4195.769043,4202.179688,4199.230957,4206.282227000001,4204.871582,4195.0,4191.794922,4189.871582,4190.769043,4193.717772999999,4207.692383,4205.128418
4221.666504,4204.487305,4202.692383,4208.077147999999,4198.205078,4198.461426,4205.512695,4200.384765999999,4191.410156,4193.846191,4199.871582,4198.205078,4214.487305,4216.410156
4229.230957,4212.307617,4212.94873,4218.333496,4207.820313,4214.102539,4204.615234000001,4186.282227000001,4191.538574,4207.94873,4211.794922,4203.077147999999,4227.692383,4225.897461
4229.871582,4213.846191,4211.025879,4217.820313,4217.307617,4218.717772999999,4194.615234000001,4175.128418,4189.102539,4211.282227000001,4209.487305,4206.153809,4227.436035,4221.538574
4227.179688,4212.05127,4203.717772999999,4213.461426,4211.666504,4209.358886999999,4195.769043,4190.769043,4194.102539,4207.179688,4200.0,4199.487305,4221.922852000001,4213.461426
4217.563965,4208.077147999999,4197.563965,4209.743652,4201.282227000001,4211.153809,4207.563965,4202.436035,4198.205078,4201.922852000001,4190.641113000001,4185.384765999999,4212.820313,4202.94873
4207.179688,4203.974121,4189.743652,4208.205078,4203.077147999999,4216.794922,4207.94873,4197.05127,4195.256348,4197.307617,4184.871582,4180.897461,4199.358886999999,4192.820313
4205.128418,4204.102539,4186.794922,4206.538574,4208.589844,4209.487305,4198.974121,4198.717772999999,4197.692383,4196.922852000001,4186.282227000001,4190.0,4196.922852000001,4193.717772999999
4207.436035,4200.128418,4189.358886999999,4203.333496,4201.794922,4199.358886999999,4198.077147999999,4207.307617,4202.563965,4195.512695,4187.436035,4198.846191,4204.358886999999,4198.717772999999
4210.512695,4196.666504,4189.871582,4203.589844,4196.282227000001,4205.384765999999,4208.077147999999,4210.769043,4204.615234000001,4197.820313,4190.897461,4203.846191,4216.410156,4203.333496
4210.384765999999,4202.179688,4187.307617,4202.94873,4200.512695,4213.205078,4211.538574,4212.563965,4208.205078,4206.922852000001,4198.717772999999,4202.307617,4228.461426,4206.922852000001
4208.333496,4206.794922,4190.256348,4204.358886999999,4204.871582,4210.769043,4207.05127,4222.820313,4217.307617,4214.615234000001,4200.256348,4199.102539,4230.641113000001,4203.461426
4210.769043,4207.05127,4194.871582,4207.563965,4204.871582,4213.205078,4202.94873,4217.05127,4216.794922,4217.94873,4193.974121,4198.589844,4222.05127,4197.307617
4217.179688,4210.512695,4195.641113000001,4208.205078,4203.461426,4218.333496,4195.769043,4188.077147999999,4203.589844,4214.358886999999,4189.102539,4201.666504,4215.641113000001,4197.436035
4224.102539,4218.589844,4201.538574,4214.230957,4207.820313,4218.974121,4195.512695,4177.94873,4196.025879,4206.282227000001,4193.205078,4211.282227000001,4219.871582,4205.0
4225.384765999999,4218.846191,4208.077147999999,4222.05127,4213.077147999999,4219.743652,4202.94873,4183.205078,4193.333496,4199.871582,4196.025879,4220.512695,4222.05127,4212.436035
4225.897461,4214.358886999999,4207.179688,4221.282227000001,4212.692383,4216.666504,4196.922852000001,4173.077147999999,4186.666504,4197.179688,4195.0,4222.05127,4221.794922,4215.384765999999
4227.692383,4212.820313,4208.077147999999,4219.230957,4208.589844,4209.102539,4192.94873,4177.820313,4190.384765999999,4198.461426,4196.025879,4213.974121,4221.538574,4211.666504
4216.153809,4202.94873,4201.153809,4211.153809,4205.0,4208.846191,4212.307617,4195.897461,4194.358886999999,4194.230957,4186.538574,4200.512695,4205.769043,4194.487305
4199.871582,4191.538574,4183.974121,4199.102539,4204.871582,4216.153809,4222.692383,4188.461426,4191.922852000001,4191.282227000001,4173.461426,4191.666504,4191.282227000001,4179.871582
4204.487305,4193.461426,4183.974121,4201.666504,4203.333496,4217.307617,4210.641113000001,4219.230957,4217.179688,4206.410156,4181.025879,4197.179688,4205.641113000001,4186.410156
4219.102539,4206.410156,4196.410156,4213.333496,4202.436035,4217.94873,4209.230957,4273.589844,4244.102539,4222.563965,4197.563965,4211.794922,4222.94873,4201.922852000001
4224.871582,4218.205078,4200.641113000001,4220.128418,4210.384765999999,4218.461426,4216.538574,4238.333496,4226.282227000001,4220.128418,4201.666504,4220.769043,4220.769043,4212.307617
4230.641113000001,4221.410156,4202.436035,4224.230957,4217.692383,4215.641113000001,4208.205078,4172.692383,4206.922852000001,4217.563965,4204.871582,4222.820313,4223.846191,4220.384765999999
4234.487305,4219.230957,4203.589844,4223.333496,4218.077147999999,4223.077147999999,4201.153809,4188.461426,4216.922852000001,4222.563965,4209.230957,4221.153809,4231.922852000001,4218.461426
4226.922852000001,4216.153809,4198.717772999999,4217.179688,4217.05127,4225.897461,4209.615234000001,4216.025879,4218.077147999999,4217.692383,4201.538574,4216.538574,4223.205078,4204.743652
4221.282227000001,4216.025879,4197.94873,4216.666504,4215.0,4213.077147999999,4209.230957,4197.179688,4209.230957,4212.179688,4195.512695,4213.717772999999,4216.922852000001,4197.692383
4226.538574,4221.153809,4203.589844,4220.512695,4216.666504,4213.205078,4203.333496,4192.692383,4213.333496,4220.256348,4201.538574,4216.153809,4232.692383,4203.589844
4228.205078,4220.128418,4201.025879,4217.436035,4216.922852000001,4226.153809,4211.410156,4198.333496,4204.871582,4217.820313,4199.615234000001,4216.922852000001,4236.410156,4206.538574
4225.0,4211.538574,4200.769043,4216.794922,4210.512695,4224.487305,4217.692383,4197.820313,4195.512695,4207.05127,4192.436035,4218.077147999999,4221.025879,4206.922852000001
4225.897461,4210.897461,4207.820313,4224.743652,4209.871582,4218.205078,4209.102539,4201.282227000001,4202.94873,4207.820313,4195.769043,4222.307617,4219.487305,4208.974121
4218.974121,4208.077147999999,4203.333496,4220.512695,4208.333496,4217.692383,4218.461426,4201.410156,4204.358886999999,4205.512695,4194.871582,4215.128418,4222.820313,4203.589844
4206.666504,4196.538574,4193.974121,4209.487305,4201.538574,4218.333496,4240.128418,4216.666504,4216.410156,4208.205078,4194.487305,4209.615234000001,4222.563965,4198.333496
4205.384765999999,4198.205078,4195.128418,4212.179688,4206.410156,4219.487305,4223.974121,4237.692383,4242.563965,4230.0,4206.153809,4220.769043,4229.102539,4203.461426
4210.897461,4211.025879,4202.820313,4217.179688,4213.974121,4217.820313,4210.512695,4251.922852000001,4251.794922,4244.102539,4212.05127,4225.769043,4234.230957,4206.922852000001
4211.666504,4212.179688,4203.717772999999,4212.692383,4212.307617,4216.410156,4226.410156,4240.128418,4237.94873,4236.410156,4203.974121,4216.282227000001,4223.717772999999,4202.179688
4207.307617,4203.974121,4197.436035,4206.153809,4206.410156,4219.615234000001,4216.538574,4210.641113000001,4224.615234000001,4220.641113000001,4190.512695,4210.897461,4204.102539,4196.153809
4205.512695,4203.205078,4196.538574,4204.358886999999,4205.384765999999,4220.897461,4196.794922,4205.512695,4219.871582,4207.436035,4180.256348,4212.692383,4190.128418,4194.487305
4205.897461,4203.589844,4198.333496,4204.487305,4204.871582,4213.077147999999,4198.974121,4200.0,4199.743652,4190.384765999999,4173.205078,4212.05127,4183.461426,4194.615234000001
4210.769043,4208.077147999999,4202.307617,4209.871582,4204.102539,4207.820313,4200.897461,4175.256348,4177.05127,4182.05127,4178.205078,4216.794922,4193.205078,4200.641113000001
4216.410156,4214.358886999999,4207.179688,4214.871582,4203.846191,4214.487305,4202.820313,4184.487305,4182.563965,4192.179688,4192.436035,4222.179688,4213.974121,4210.128418
4210.512695,4203.846191,4202.563965,4209.487305,4201.282227000001,4216.922852000001,4212.05127,4212.94873,4195.128418,4198.846191,4192.436035,4213.333496,4219.743652,4206.922852000001
4201.282227000001,4192.563965,4192.05127,4202.436035,4199.615234000001,4207.94873,4208.717772999999,4205.128418,4191.922852000001,4194.230957,4180.897461,4201.410156,4209.487305,4192.94873
4201.025879,4198.846191,4188.077147999999,4199.743652,4197.179688,4200.256348,4196.282227000001,4198.205078,4201.922852000001,4200.512695,4179.743652,4200.128418,4205.897461,4188.205078
4204.871582,4203.205078,4189.102539,4197.436035,4199.871582,4202.05127,4196.410156,4206.153809,4219.102539,4211.282227000001,4184.487305,4204.743652,4212.179688,4191.538574
4204.615234000001,4200.512695,4190.0,4200.512695,4206.666504,4210.0,4204.230957,4192.436035,4213.974121,4206.922852000001,4183.589844,4204.230957,4212.563965,4190.897461
4196.666504,4195.128418,4186.025879,4198.717772999999,4200.641113000001,4208.974121,4209.871582,4192.05127,4207.820313,4197.820313,4179.615234000001,4197.05127,4204.358886999999,4184.230957
4188.717772999999,4187.563965,4181.025879,4191.153809,4195.0,4202.436035,4211.922852000001,4214.358886999999,4213.461426,4194.102539,4176.666504,4190.512695,4201.794922,4179.871582
4194.615234000001,4190.897461,4187.436035,4197.94873,4205.0,4204.871582,4202.820313,4213.974121,4213.205078,4195.897461,4178.461426,4193.717772999999,4209.102539,4185.897461
4202.563965,4199.871582,4192.563965,4205.897461,4212.94873,4206.538574,4184.615234000001,4189.358886999999,4195.769043,4193.077147999999,4178.461426,4198.333496,4208.461426,4191.410156
4199.358886999999,4197.307617,4191.153809,4200.769043,4205.897461,4201.922852000001,4189.871582,4178.461426,4181.282227000001,4184.358886999999,4174.487305,4197.94873,4198.333496,4191.794922
4197.563965,4189.871582,4194.102539,4196.538574,4197.05127,4199.102539,4207.94873,4193.205078,4186.922852000001,4182.94873,4176.153809,4204.230957,4184.615234000001,4194.487305
4202.436035,4193.461426,4198.205078,4200.384765999999,4197.94873,4195.512695,4191.538574,4197.692383,4188.717772999999,4186.794922,4181.282227000001,4212.692383,4170.641113000001,4198.461426
4207.563965,4203.205078,4202.94873,4203.846191,4204.615234000001,4189.615234000001,4175.512695,4191.025879,4181.153809,4192.307617,4183.077147999999,4215.641113000001,4169.615234000001,4202.94873
4209.871582,4203.205078,4207.436035,4203.717772999999,4202.94873,4190.256348,4197.94873,4196.538574,4184.230957,4198.589844,4184.102539,4213.589844,4172.307617,4207.05127
4211.922852000001,4204.358886999999,4204.615234000001,4207.436035,4205.641113000001,4205.256348,4210.512695,4196.922852000001,4196.666504,4208.077147999999,4190.897461,4210.897461,4171.410156,4209.743652
4215.128418,4212.563965,4198.461426,4212.179688,4221.666504,4217.436035,4194.487305,4192.179688,4211.538574,4223.589844,4198.461426,4211.153809,4177.307617,4210.769043
4216.153809,4217.563965,4197.179688,4212.563965,4226.922852000001,4215.128418,4196.025879,4208.205078,4235.256348,4239.615234000001,4197.94873,4212.94873,4186.410156,4210.256348
4207.307617,4211.794922,4191.794922,4206.025879,4217.94873,4214.871582,4220.512695,4235.641113000001,4252.179688,4236.794922,4186.025879,4208.461426,4181.922852000001,4200.512695
4191.282227000001,4199.358886999999,4182.436035,4197.05127,4210.897461,4218.077147999999,4220.897461,4232.307617,4239.871582,4213.974121,4167.179688,4196.666504,4164.487305,4182.94873
4185.0,4194.102539,4182.94873,4195.769043,4208.589844,4213.589844,4211.282227000001,4217.05127,4222.692383,4198.077147999999,4156.410156,4189.487305,4153.077147999999,4178.333496
4189.230957,4195.384765999999,4186.922852000001,4196.666504,4205.769043,4205.384765999999,4222.692383,4214.230957,4210.256348,4185.897461,4153.205078,4192.436035,4154.615234000001,4187.179688
4196.538574,4196.410156,4190.128418,4195.769043,4204.743652,4203.205078,4221.282227000001,4210.0,4193.077147999999,4173.205078,4153.461426,4200.512695,4160.512695,4196.153809
4205.641113000001,4200.512695,4199.230957,4203.205078,4205.384765999999,4203.333496,4195.128418,4206.410156,4186.282227000001,4176.538574,4162.307617,4205.0,4167.179688,4206.794922
4208.589844,4200.512695,4200.641113000001,4207.307617,4197.436035,4194.358886999999,4182.563965,4191.282227000001,4176.410156,4176.794922,4166.410156,4205.128418,4182.563965,4210.641113000001
4203.974121,4192.179688,4190.641113000001,4198.461426,4188.974121,4186.922852000001,4191.538574,4166.538574,4158.589844,4167.436035,4157.820313,4201.794922,4200.512695,4199.487305
4200.0,4187.179688,4185.897461,4195.897461,4190.769043,4191.153809,4192.94873,4165.256348,4161.922852000001,4173.717772999999,4154.102539,4190.512695,4205.256348,4190.384765999999
4205.384765999999,4194.743652,4187.563965,4203.461426,4198.717772999999,4198.974121,4191.282227000001,4193.333496,4189.102539,4197.179688,4164.358886999999,4185.256348,4208.717772999999,4198.077147999999
4215.641113000001,4206.153809,4189.743652,4212.94873,4209.230957,4212.820313,4207.307617,4210.384765999999,4215.769043,4220.769043,4183.461426,4196.153809,4226.025879,4210.897461
4215.256348,4204.615234000001,4189.102539,4213.974121,4207.692383,4224.102539,4219.743652,4204.102539,4225.897461,4227.436035,4192.307617,4201.153809,4233.589844,4211.410156
4214.230957,4197.179688,4185.897461,4202.820313,4195.0,4216.794922,4218.974121,4213.333496,4232.179688,4223.717772999999,4189.358886999999,4195.128418,4228.461426,4207.179688
4222.692383,4200.256348,4186.153809,4196.025879,4192.563965,4207.05127,4222.563965,4237.179688,4244.743652,4225.384765999999,4192.05127,4197.94873,4232.820313,4207.692383
4223.717772999999,4202.94873,4190.384765999999,4201.025879,4198.077147999999,4212.94873,4234.487305,4250.0,4253.333496,4223.205078,4193.717772999999,4201.922852000001,4232.05127,4204.102539
4213.077147999999,4196.282227000001,4194.487305,4204.871582,4196.025879,4216.282227000001,4237.436035,4249.487305,4247.307617,4212.179688,4186.794922,4196.153809,4221.282227000001,4194.871582
4208.974121,4194.743652,4194.230957,4201.282227000001,4192.692383,4201.025879,4216.025879,4226.666504,4229.102539,4203.589844,4183.974121,4193.333496,4221.282227000001,4193.974121
4217.05127,4203.589844,4196.538574,4205.641113000001,4198.717772999999,4194.230957,4201.282227000001,4197.563965,4217.05127,4202.307617,4185.897461,4199.487305,4228.589844,4206.538574
4223.846191,4207.94873,4202.179688,4211.794922,4202.307617,4201.922852000001,4211.922852000001,4194.358886999999,4211.794922,4201.538574,4187.307617,4201.666504,4229.102539,4216.153809
4222.05127,4203.205078,4200.897461,4207.94873,4200.128418,4197.179688,4211.282227000001,4189.358886999999,4195.769043,4195.769043,4187.820313,4197.563965,4226.282227000001,4213.846191
4222.05127,4206.153809,4199.358886999999,4211.153809,4204.615234000001,4190.769043,4203.077147999999,4186.666504,4190.128418,4195.769043,4188.717772999999,4201.025879,4226.794922,4211.922852000001
4227.563965,4215.641113000001,4204.102539,4218.589844,4207.820313,4197.05127,4208.589844,4211.666504,4201.282227000001,4203.717772999999,4191.538574,4206.538574,4226.666504,4212.94873
4229.358886999999,4219.230957,4204.487305,4213.846191,4206.794922,4201.153809,4202.436035,4206.153809,4194.487305,4204.230957,4193.589844,4205.641113000001,4225.384765999999,4212.05127
4228.077147999999,4222.563965,4203.461426,4210.256348,4216.025879,4205.384765999999,4192.05127,4169.102539,4184.102539,4207.179688,4199.358886999999,4207.94873,4232.692383,4217.563965
4223.974121,4220.769043,4201.666504,4212.307617,4219.615234000001,4216.153809,4200.769043,4178.077147999999,4195.897461,4213.205078,4204.102539,4210.641113000001,4240.641113000001,4220.897461
4219.358886999999,4212.179688,4198.589844,4209.358886999999,4206.794922,4218.333496,4212.307617,4216.025879,4205.128418,4209.102539,4202.692383,4204.871582,4239.487305,4213.974121
4215.512695,4205.0,4196.282227000001,4202.307617,4196.794922,4213.717772999999,4218.205078,4215.897461,4199.230957,4200.128418,4198.589844,4196.922852000001,4232.820313,4207.820313
4202.563965,4195.0,4186.153809,4193.077147999999,4196.922852000001,4212.563965,4218.077147999999,4196.153809,4191.025879,4188.589844,4191.538574,4191.025879,4222.05127,4199.615234000001
4194.230957,4190.769043,4181.025879,4190.641113000001,4203.846191,4212.820313,4210.641113000001,4203.461426,4196.922852000001,4187.05127,4190.256348,4188.205078,4217.692383,4191.282227000001
4200.384765999999,4196.538574,4187.692383,4195.641113000001,4202.563965,4205.641113000001,4212.307617,4225.641113000001,4213.974121,4197.307617,4193.205078,4188.589844,4218.461426,4191.410156
4201.538574,4198.717772999999,4187.05127,4193.589844,4192.436035,4195.512695,4220.0,4227.820313,4214.743652,4193.717772999999,4187.820313,4184.487305,4212.94873,4191.282227000001
4193.333496,4193.077147999999,4175.128418,4185.384765999999,4190.512695,4193.077147999999,4215.769043,4204.871582,4194.615234000001,4174.615234000001,4176.153809,4176.282227000001,4207.05127,4184.102539
4192.05127,4193.205078,4171.794922,4184.743652,4195.769043,4193.974121,4207.179688,4192.820313,4187.307617,4171.025879,4172.820313,4176.410156,4211.025879,4181.282227000001
4203.717772999999,4205.0,4185.128418,4197.563965,4203.077147999999,4195.384765999999,4201.282227000001,4211.410156,4203.717772999999,4191.794922,4184.102539,4184.487305,4223.077147999999,4191.153809
4214.230957,4212.563965,4194.743652,4206.538574,4206.025879,4195.897461,4190.897461,4210.256348,4206.025879,4199.487305,4186.922852000001,4185.0,4226.282227000001,4197.94873
4216.666504,4213.077147999999,4193.205078,4203.077147999999,4202.692383,4198.205078,4196.538574,4183.974121,4198.333496,4190.256348,4180.641113000001,4182.820313,4221.538574,4199.102539
4213.717772999999,4211.922852000001,4190.769043,4198.333496,4202.05127,4205.512695,4214.743652,4193.077147999999,4209.871582,4193.846191,4183.846191,4184.743652,4210.0,4202.820313
4205.128418,4205.128418,4185.512695,4193.077147999999,4204.615234000001,4208.077147999999,4208.205078,4224.743652,4217.563965,4201.922852000001,4187.94873,4185.512695,4188.717772999999,4202.94873
4205.384765999999,4202.820313,4184.487305,4194.230957,4207.05127,4207.05127,4201.153809,4219.358886999999,4211.538574,4203.589844,4190.128418,4193.589844,4186.282227000001,4205.256348
4216.666504,4211.794922,4196.666504,4204.230957,4207.179688,4206.538574,4219.871582,4203.333496,4216.410156,4210.0,4202.307617,4212.05127,4204.487305,4217.94873
4221.794922,4216.666504,4206.282227000001,4207.94873,4205.256348,4206.794922,4233.077147999999,4221.025879,4228.461426,4220.128418,4215.256348,4221.282227000001,4204.230957,4222.563965
4218.846191,4214.230957,4206.410156,4208.974121,4208.589844,4214.230957,4233.589844,4232.05127,4227.820313,4224.743652,4216.538574,4215.256348,4190.256348,4213.846191
4216.538574,4210.897461,4205.512695,4212.05127,4214.102539,4221.538574,4235.0,4212.563965,4219.230957,4219.871582,4208.846191,4210.256348,4182.563965,4208.205078
4212.563965,4207.307617,4202.563965,4207.563965,4211.922852000001,4212.436035,4225.384765999999,4198.205078,4210.512695,4208.717772999999,4197.94873,4205.384765999999,4175.128418,4204.358886999999
4205.384765999999,4205.0,4198.205078,4200.512695,4206.410156,4195.256348,4209.102539,4197.05127,4197.820313,4197.820313,4188.589844,4194.230957,4181.153809,4200.128418
4206.025879,4203.333496,4198.717772999999,4199.743652,4201.666504,4193.717772999999,4209.230957,4192.05127,4184.615234000001,4191.666504,4184.615234000001,4188.717772999999,4202.820313,4198.717772999999
4208.333496,4199.102539,4197.05127,4197.820313,4198.333496,4202.692383,4210.641113000001,4188.589844,4183.846191,4185.769043,4181.282227000001,4188.589844,4211.538574,4193.077147999999
4203.589844,4195.512695,4190.512695,4192.179688,4198.333496,4199.871582,4205.512695,4201.666504,4199.358886999999,4186.282227000001,4181.538574,4184.102539,4208.974121,4188.333496
4211.410156,4208.589844,4197.94873,4201.794922,4204.102539,4198.846191,4210.0,4226.153809,4225.641113000001,4207.820313,4196.922852000001,4189.230957,4214.871582,4200.641113000001
4234.615234000001,4227.179688,4214.743652,4221.025879,4213.846191,4212.307617,4214.358886999999,4236.922852000001,4244.102539,4229.871582,4215.641113000001,4206.922852000001,4213.589844,4217.307617
4237.307617,4223.846191,4215.256348,4219.871582,4215.128418,4217.692383,4220.0,4235.512695,4239.230957,4223.333496,4215.641113000001,4207.179688,4193.077147999999,4213.589844
4216.282227000001,4208.333496,4202.94873,4203.589844,4208.589844,4213.077147999999,4228.974121,4236.282227000001,4219.102539,4203.205078,4201.794922,4191.410156,4177.820313,4197.179688
4208.717772999999,4201.025879,4197.05127,4196.922852000001,4204.743652,4210.641113000001,4219.102539,4219.743652,4196.282227000001,4192.307617,4191.794922,4191.538574,4179.871582,4191.922852000001
4218.333496,4206.025879,4206.410156,4206.410156,4208.717772999999,4209.487305,4206.025879,4202.563965,4193.589844,4198.461426,4200.0,4204.102539,4202.820313,4205.769043
4224.871582,4214.230957,4216.794922,4214.358886999999,4210.384765999999,4206.025879,4214.743652,4217.692383,4211.025879,4210.128418,4217.692383,4205.512695,4232.436035,4220.769043
4223.461426,4216.025879,4213.077147999999,4209.871582,4204.102539,4201.922852000001,4223.717772999999,4222.05127,4212.820313,4206.666504,4218.077147999999,4200.512695,4235.128418,4218.461426
4225.384765999999,4216.025879,4210.384765999999,4208.461426,4204.102539,4204.102539,4222.436035,4200.384765999999,4195.128418,4195.512695,4207.436035,4202.307617,4221.282227000001,4209.743652
4228.717772999999,4218.974121,4216.538574,4214.871582,4207.563965,4205.0,4213.461426,4190.512695,4187.94873,4195.897461,4207.94873,4202.179688,4221.538574,4209.102539
4228.461426,4223.589844,4220.0,4220.384765999999,4211.666504,4202.436035,4201.282227000001,4194.871582,4199.871582,4204.871582,4218.077147999999,4199.230957,4236.538574,4216.922852000001
4230.0,4229.230957,4221.922852000001,4221.922852000001,4217.563965,4206.153809,4205.769043,4202.820313,4212.820313,4210.897461,4223.461426,4206.025879,4245.384765999999,4224.230957
4231.922852000001,4230.769043,4221.410156,4219.230957,4216.282227000001,4212.436035,4213.717772999999,4206.410156,4211.282227000001,4212.05127,4221.282227000001,4214.102539,4237.563965,4222.436035
4232.820313,4226.538574,4218.717772999999,4217.820313,4214.743652,4216.410156,4212.820313,4212.179688,4211.666504,4218.205078,4223.717772999999,4215.128418,4234.487305,4220.897461
4228.846191,4223.333496,4220.256348,4219.487305,4220.512695,4214.102539,4218.589844,4224.487305,4220.512695,4225.641113000001,4228.333496,4215.256348,4242.820313,4222.05127
4219.230957,4219.487305,4216.410156,4216.538574,4217.436035,4205.512695,4222.820313,4234.615234000001,4218.974121,4217.563965,4223.461426,4214.615234000001,4236.282227000001,4211.410156
4207.436035,4208.077147999999,4199.487305,4203.974121,4204.615234000001,4206.666504,4216.282227000001,4238.333496,4210.128418,4201.153809,4208.333496,4206.025879,4211.666504,4191.538574
4197.05127,4195.128418,4187.307617,4192.436035,4200.512695,4211.538574,4209.487305,4222.692383,4203.333496,4193.461426,4193.333496,4195.512695,4196.538574,4179.358886999999
4200.0,4197.820313,4196.794922,4196.922852000001,4205.0,4207.179688,4213.461426,4205.128418,4201.538574,4199.102539,4195.512695,4202.94873,4205.128418,4185.769043
4211.922852000001,4211.282227000001,4211.410156,4208.205078,4208.974121,4208.589844,4222.94873,4212.94873,4204.358886999999,4209.487305,4212.94873,4217.820313,4212.692383,4198.974121
4216.410156,4212.307617,4213.077147999999,4207.563965,4209.102539,4211.922852000001,4224.871582,4222.563965,4200.641113000001,4207.692383,4217.307617,4219.743652,4202.179688,4203.461426
4212.05127,4205.128418,4208.461426,4199.358886999999,4204.871582,4198.205078,4217.179688,4200.641113000001,4189.358886999999,4200.641113000001,4207.820313,4215.384765999999,4199.743652,4203.333496
4207.563965,4203.077147999999,4204.487305,4194.615234000001,4196.666504,4181.794922,4208.077147999999,4175.0,4180.256348,4198.589844,4206.538574,4216.922852000001,4216.282227000001,4204.102539
4208.589844,4208.717772999999,4208.333496,4201.282227000001,4198.333496,4192.179688,4203.589844,4184.871582,4187.436035,4203.974121,4215.641113000001,4222.307617,4230.384765999999,4207.307617
4212.692383,4214.615234000001,4214.230957,4210.897461,4207.307617,4208.717772999999,4204.102539,4203.333496,4205.128418,4211.666504,4222.563965,4224.871582,4225.0,4212.436035
4211.410156,4211.025879,4207.94873,4208.974121,4206.538574,4201.922852000001,4204.871582,4202.692383,4212.820313,4214.358886999999,4219.871582,4221.666504,4205.128418,4213.974121
4204.358886999999,4208.717772999999,4200.0,4204.615234000001,4204.358886999999,4194.487305,4209.871582,4226.538574,4221.153809,4216.282227000001,4216.282227000001,4217.179688,4189.358886999999,4210.384765999999
4198.589844,4209.230957,4199.871582,4202.94873,4206.282227000001,4200.512695,4217.94873,4270.128418,4230.128418,4216.538574,4211.922852000001,4213.077147999999,4183.077147999999,4201.794922
4191.794922,4204.230957,4193.974121,4197.436035,4207.436035,4205.384765999999,4214.871582,4241.410156,4215.384765999999,4207.820313,4201.794922,4202.820313,4182.692383,4192.436035
4184.743652,4201.666504,4186.538574,4195.897461,4206.538574,4204.743652,4207.05127,4177.94873,4195.128418,4195.128418,4195.256348,4194.230957,4185.128418,4188.846191
4186.794922,4199.487305,4193.077147999999,4201.025879,4203.077147999999,4203.717772999999,4208.974121,4190.256348,4195.897461,4190.769043,4192.563965,4195.769043,4184.230957,4189.743652
4193.717772999999,4199.615234000001,4204.230957,4204.230957,4202.05127,4202.436035,4211.025879,4223.589844,4197.820313,4194.615234000001,4196.538574,4199.615234000001,4175.256348,4192.179688
4196.282227000001,4205.256348,4208.461426,4207.692383,4206.025879,4193.589844,4196.282227000001,4196.666504,4185.128418,4194.358886999999,4203.205078,4203.333496,4174.102539,4197.692383
4198.717772999999,4207.179688,4206.794922,4209.487305,4201.794922,4182.563965,4192.436035,4182.692383,4179.487305,4186.153809,4203.589844,4210.0,4189.358886999999,4203.461426
4207.436035,4206.794922,4209.102539,4210.0,4197.436035,4187.05127,4215.0,4211.922852000001,4190.512695,4188.846191,4207.563965,4218.974121,4210.641113000001,4208.846191
4209.743652,4209.743652,4212.563965,4211.153809,4205.256348,4199.102539,4216.666504,4201.922852000001,4192.820313,4197.436035,4211.153809,4220.641113000001,4221.410156,4210.897461
4204.102539,4213.461426,4208.846191,4211.538574,4217.692383,4200.256348,4200.641113000001,4171.794922,4185.897461,4195.512695,4202.307617,4213.846191,4219.358886999999,4207.563965
4202.179688,4214.230957,4202.692383,4213.717772999999,4220.769043,4201.282227000001,4208.846191,4189.358886999999,4194.102539,4196.410156,4194.871582,4211.794922,4217.692383,4205.512695
4201.282227000001,4211.922852000001,4200.897461,4212.179688,4213.717772999999,4206.282227000001,4225.897461,4223.077147999999,4210.897461,4203.077147999999,4199.102539,4216.025879,4221.666504,4206.410156
4202.692383,4211.153809,4203.974121,4210.769043,4214.230957,4208.846191,4224.358886999999,4228.846191,4220.256348,4210.512695,4204.487305,4217.307617,4232.05127,4210.128418
4202.692383,4210.512695,4202.820313,4212.307617,4219.871582,4209.615234000001,4216.538574,4226.410156,4221.794922,4216.025879,4201.794922,4215.769043,4233.205078,4209.743652
4196.922852000001,4209.615234000001,4199.487305,4210.256348,4216.922852000001,4210.128418,4215.641113000001,4235.384765999999,4217.05127,4212.94873,4195.512695,4215.256348,4224.487305,4201.410156
4194.358886999999,4207.820313,4200.0,4203.717772999999,4206.025879,4205.897461,4210.384765999999,4237.179688,4212.05127,4207.94873,4190.256348,4210.384765999999,4223.077147999999,4196.538574
4194.230957,4199.871582,4199.487305,4197.179688,4190.512695,4197.692383,4205.128418,4216.282227000001,4200.256348,4200.256348,4183.077147999999,4197.820313,4217.692383,4199.102539
4192.94873,4196.282227000001,4199.615234000001,4198.589844,4187.820313,4200.256348,4212.307617,4197.820313,4179.743652,4183.974121,4177.179688,4189.230957,4210.256348,4199.487305
4195.0,4205.384765999999,4202.692383,4203.717772999999,4199.230957,4208.846191,4217.436035,4196.922852000001,4173.846191,4175.512695,4178.589844,4190.128418,4210.641113000001,4195.897461
4203.974121,4213.717772999999,4206.922852000001,4207.563965,4204.102539,4208.205078,4211.410156,4191.153809,4184.615234000001,4191.282227000001,4186.153809,4194.102539,4206.794922,4202.563965
4206.538574,4207.94873,4207.436035,4205.0,4194.230957,4200.0,4207.05127,4196.794922,4195.897461,4204.230957,4194.743652,4196.153809,4192.179688,4211.922852000001
4205.128418,4196.794922,4201.538574,4199.230957,4186.666504,4194.230957,4204.102539,4226.666504,4206.410156,4197.692383,4201.922852000001,4196.794922,4182.692383,4210.897461
4210.384765999999,4197.436035,4197.436035,4201.153809,4192.692383,4193.717772999999,4200.512695,4226.410156,4211.794922,4199.615234000001,4208.974121,4199.102539,4196.794922,4210.769043
4210.769043,4205.384765999999,4196.922852000001,4201.666504,4193.846191,4190.769043,4203.205078,4192.436035,4207.307617,4209.743652,4210.641113000001,4199.615234000001,4221.025879,4213.846191
4206.282227000001,4208.717772999999,4198.461426,4197.179688,4187.94873,4191.410156,4206.410156,4197.692383,4213.589844,4212.820313,4211.666504,4196.538574,4234.871582,4214.358886999999
4201.410156,4201.538574,4196.794922,4196.025879,4189.102539,4196.282227000001,4210.512695,4221.153809,4223.333496,4210.897461,4213.077147999999,4189.615234000001,4227.820313,4209.487305
4192.05127,4189.871582,4189.358886999999,4192.436035,4192.179688,4196.153809,4216.794922,4203.077147999999,4209.102539,4200.256348,4204.871582,4182.307617,4213.461426,4199.102539
4193.589844,4195.512695,4193.589844,4195.256348,4194.487305,4199.871582,4219.102539,4187.436035,4199.615234000001,4196.666504,4203.974121,4186.794922,4219.102539,4197.436035
4204.102539,4205.769043,4205.384765999999,4202.05127,4197.820313,4204.487305,4221.153809,4202.94873,4204.615234000001,4200.769043,4209.871582,4192.307617,4225.769043,4203.974121
4203.846191,4198.717772999999,4203.205078,4199.102539,4195.897461,4199.102539,4220.128418,4209.743652,4197.820313,4195.128418,4204.487305,4190.512695,4214.102539,4203.717772999999
4198.846191,4193.077147999999,4197.820313,4196.282227000001,4191.538574,4194.230957,4217.436035,4205.128418,4190.897461,4191.666504,4202.179688,4192.179688,4208.846191,4200.0
4199.230957,4195.128418,4198.846191,4197.05127,4191.666504,4198.077147999999,4221.153809,4196.794922,4185.512695,4191.410156,4206.025879,4196.410156,4214.102539,4198.205078
4199.871582,4195.256348,4199.358886999999,4197.436035,4193.717772999999,4199.230957,4219.615234000001,4186.153809,4178.077147999999,4189.102539,4206.666504,4196.153809,4216.025879,4199.358886999999
4203.461426,4199.230957,4199.871582,4203.205078,4191.666504,4188.589844,4206.025879,4194.743652,4186.922852000001,4194.358886999999,4211.922852000001,4197.179688,4218.333496,4206.153809
4211.538574,4205.128418,4204.358886999999,4206.025879,4191.538574,4180.641113000001,4197.94873,4208.461426,4205.256348,4204.487305,4218.846191,4203.846191,4224.743652,4212.05127
4212.307617,4205.384765999999,4203.846191,4198.077147999999,4200.897461,4188.974121,4201.922852000001,4200.641113000001,4211.153809,4210.128418,4220.256348,4202.94873,4228.974121,4213.205078
4199.743652,4198.205078,4188.333496,4189.358886999999,4199.358886999999,4190.128418,4207.563965,4195.0,4208.589844,4210.512695,4218.846191,4191.794922,4226.025879,4207.436035
4188.846191,4191.666504,4174.487305,4186.282227000001,4185.512695,4178.846191,4210.769043,4211.922852000001,4217.307617,4211.794922,4216.025879,4184.358886999999,4215.256348,4193.333496
4189.358886999999,4196.282227000001,4178.974121,4188.077147999999,4187.692383,4187.05127,4209.615234000001,4219.487305,4227.05127,4214.230957,4214.487305,4186.025879,4209.487305,4186.025879
4188.846191,4197.179688,4186.922852000001,4191.538574,4196.025879,4203.205078,4212.563965,4209.615234000001,4218.974121,4211.410156,4213.461426,4188.589844,4209.230957,4191.025879
4182.563965,4185.512695,4187.563965,4191.025879,4188.461426,4194.871582,4226.794922,4228.717772999999,4212.692383,4202.05127,4209.230957,4185.512695,4194.230957,4191.922852000001
4183.077147999999,4182.563965,4184.871582,4185.769043,4181.410156,4183.205078,4227.307617,4243.461426,4211.922852000001,4195.0,4207.436035,4184.487305,4169.102539,4189.102539
4188.205078,4195.512695,4183.077147999999,4187.94873,4195.512695,4196.666504,4213.461426,4201.666504,4192.692383,4195.256348,4208.589844,4188.589844,4162.436035,4190.0
4185.769043,4199.102539,4183.333496,4196.282227000001,4207.692383,4208.333496,4214.487305,4169.230957,4169.487305,4189.102539,4201.666504,4187.820313,4168.589844,4187.94873
4184.487305,4191.794922,4187.179688,4194.871582,4198.461426,4189.102539,4220.897461,4188.974121,4168.589844,4179.358886999999,4197.05127,4188.846191,4173.077147999999,4184.487305
4200.384765999999,4200.897461,4199.871582,4198.717772999999,4195.384765999999,4180.897461,4219.230957,4200.769043,4179.102539,4188.974121,4212.94873,4199.487305,4193.205078,4197.436035
4212.436035,4215.256348,4208.333496,4211.538574,4203.974121,4199.358886999999,4218.461426,4185.641113000001,4180.512695,4205.641113000001,4228.077147999999,4206.410156,4218.333496,4216.410156
4209.102539,4214.487305,4206.153809,4215.0,4204.102539,4201.025879,4217.692383,4191.025879,4184.871582,4209.358886999999,4226.666504,4203.717772999999,4221.922852000001,4223.205078
4212.820313,4213.974121,4208.077147999999,4214.487305,4201.153809,4196.025879,4211.282227000001,4213.974121,4206.794922,4216.666504,4229.230957,4205.897461,4220.256348,4225.384765999999
4214.487305,4213.717772999999,4207.820313,4211.666504,4203.333496,4208.717772999999,4212.05127,4223.333496,4224.743652,4227.05127,4234.102539,4205.512695,4222.563965,4220.769043
4199.230957,4200.897461,4192.94873,4199.871582,4201.666504,4210.641113000001,4225.769043,4220.256348,4220.384765999999,4221.025879,4226.282227000001,4192.563965,4221.025879,4208.974121
4187.179688,4189.487305,4180.512695,4191.922852000001,4190.256348,4195.641113000001,4232.94873,4219.743652,4214.230957,4210.641113000001,4214.230957,4185.512695,4215.256348,4201.538574
4187.179688,4192.94873,4183.461426,4195.128418,4182.436035,4196.794922,4232.05127,4236.410156,4220.897461,4208.461426,4207.94873,4189.102539,4202.94873,4198.077147999999
4185.769043,4196.538574,4189.230957,4196.922852000001,4186.666504,4204.230957,4229.102539,4236.410156,4215.512695,4205.769043,4204.487305,4187.179688,4195.256348,4191.282227000001
4185.897461,4193.461426,4189.230957,4193.333496,4190.128418,4192.307617,4219.871582,4201.410156,4196.410156,4197.692383,4202.820313,4182.563965,4197.05127,4188.205078
4193.717772999999,4197.436035,4190.769043,4197.436035,4189.230957,4189.358886999999,4224.230957,4184.615234000001,4191.666504,4193.205078,4207.563965,4188.846191,4193.077147999999,4196.282227000001
4197.563965,4204.871582,4194.102539,4205.384765999999,4191.922852000001,4199.871582,4232.179688,4195.256348,4193.077147999999,4193.333496,4214.615234000001,4198.717772999999,4188.205078,4202.436035
4192.307617,4204.615234000001,4193.205078,4205.897461,4194.230957,4193.717772999999,4213.205078,4186.794922,4179.743652,4187.692383,4211.794922,4199.743652,4189.743652,4200.641113000001
4190.512695,4204.102539,4191.025879,4204.102539,4193.974121,4187.692383,4202.94873,4173.333496,4167.94873,4184.230957,4208.077147999999,4197.692383,4186.666504,4198.589844
4193.205078,4204.358886999999,4193.717772999999,4201.538574,4195.128418,4191.410156,4211.153809,4181.538574,4172.692383,4188.717772999999,4214.358886999999,4199.102539,4189.230957,4200.512695
4193.077147999999,4199.358886999999,4196.666504,4198.717772999999,4197.436035,4193.461426,4208.205078,4185.769043,4177.436035,4192.05127,4219.102539,4204.102539,4204.743652,4205.0
4187.820313,4190.384765999999,4196.025879,4198.589844,4197.563965,4197.179688,4209.743652,4190.641113000001,4177.692383,4190.384765999999,4217.563965,4208.974121,4209.487305,4205.512695
4181.666504,4187.692383,4194.358886999999,4198.077147999999,4193.333496,4198.717772999999,4217.05127,4207.307617,4183.205078,4190.256348,4217.820313,4210.897461,4205.512695,4202.436035
4178.077147999999,4193.846191,4192.05127,4199.358886999999,4196.410156,4197.05127,4210.769043,4205.256348,4187.05127,4190.641113000001,4217.692383,4204.487305,4210.384765999999,4198.333496
4171.922852000001,4191.410156,4184.358886999999,4197.436035,4198.333496,4194.358886999999,4207.94873,4180.0,4172.94873,4174.102539,4203.589844,4188.846191,4198.461426,4185.769043
4168.589844,4187.692383,4178.717772999999,4192.179688,4191.410156,4190.128418,4212.94873,4169.487305,4160.256348,4159.615234000001,4189.743652,4180.641113000001,4174.871582,4174.102539
4180.641113000001,4202.179688,4186.538574,4197.820313,4196.282227000001,4188.974121,4210.641113000001,4191.666504,4180.512695,4177.820313,4200.641113000001,4191.666504,4181.794922,4185.256348
4189.358886999999,4212.436035,4192.436035,4205.384765999999,4203.846191,4190.769043,4211.282227000001,4214.615234000001,4204.871582,4202.563965,4217.563965,4205.256348,4200.512695,4199.358886999999
4177.692383,4206.153809,4184.102539,4201.025879,4198.846191,4190.128418,4217.820313,4220.256348,4204.871582,4203.589844,4216.410156,4203.589844,4200.897461,4192.307617
4170.0,4203.846191,4177.436035,4197.436035,4197.179688,4191.538574,4214.615234000001,4219.487305,4202.307617,4198.077147999999,4209.743652,4195.384765999999,4200.0,4184.871582
4177.692383,4205.128418,4178.846191,4198.589844,4199.358886999999,4199.615234000001,4212.692383,4203.333496,4200.769043,4196.922852000001,4208.974121,4190.0,4204.871582,4185.384765999999
4182.94873,4205.512695,4182.94873,4200.897461,4203.205078,4203.461426,4218.333496,4186.538574,4192.94873,4196.282227000001,4208.461426,4190.897461,4206.153809,4187.563965
4181.153809,4206.410156,4186.666504,4205.0,4211.794922,4198.077147999999,4210.769043,4198.333496,4193.589844,4193.205078,4205.384765999999,4195.0,4200.128418,4191.922852000001
4181.666504,4208.974121,4189.358886999999,4207.307617,4217.563965,4202.05127,4209.102539,4206.025879,4198.974121,4191.922852000001,4206.794922,4197.05127,4194.871582,4195.128418
4186.538574,4216.282227000001,4194.871582,4211.282227000001,4218.974121,4217.05127,4227.692383,4195.769043,4196.410156,4202.179688,4216.153809,4199.358886999999,4198.846191,4198.077147999999
4186.538574,4215.128418,4200.0,4213.589844,4215.384765999999,4212.820313,4232.436035,4199.615234000001,4191.794922,4206.922852000001,4218.717772999999,4203.077147999999,4197.563965,4199.102539
4184.102539,4206.025879,4202.820313,4209.743652,4210.256348,4200.384765999999,4225.384765999999,4206.153809,4186.794922,4193.717772999999,4212.05127,4203.333496,4188.461426,4196.153809
4186.538574,4206.922852000001,4205.384765999999,4209.871582,4212.179688,4203.205078,4225.384765999999,4195.897461,4179.102539,4186.410156,4210.897461,4200.641113000001,4191.922852000001,4196.794922
4191.666504,4213.333496,4206.666504,4215.384765999999,4215.128418,4204.102539,4221.794922,4195.512695,4182.820313,4196.922852000001,4216.153809,4200.769043,4206.666504,4202.820313
4191.666504,4213.974121,4204.102539,4214.102539,4213.077147999999,4198.589844,4215.897461,4207.563965,4195.0,4208.205078,4220.0,4200.128418,4213.717772999999,4203.205078
4188.846191,4214.743652,4201.282227000001,4212.563965,4215.769043,4201.666504,4217.436035,4206.666504,4197.692383,4208.846191,4221.922852000001,4197.820313,4213.846191,4200.769043
4191.025879,4219.871582,4204.230957,4220.256348,4222.563965,4206.794922,4222.820313,4212.05127,4203.717772999999,4212.94873,4226.922852000001,4198.717772999999,4217.820313,4203.205078
4193.333496,4221.410156,4206.538574,4223.077147999999,4219.615234000001,4204.871582,4227.179688,4222.94873,4215.641113000001,4217.692383,4230.0,4197.307617,4218.974121,4203.333496
4193.846191,4220.897461,4204.871582,4220.384765999999,4219.487305,4209.102539,4223.461426,4218.974121,4216.153809,4216.410156,4230.897461,4192.307617,4219.743652,4201.025879
4193.717772999999,4220.512695,4205.512695,4221.794922,4224.358886999999,4212.05127,4213.589844,4209.487305,4208.846191,4214.615234000001,4231.794922,4193.205078,4223.717772999999,4202.05127
4190.897461,4215.769043,4205.512695,4219.615234000001,4216.922852000001,4200.256348,4215.128418,4194.358886999999,4199.230957,4208.846191,4222.94873,4197.307617,4215.641113000001,4200.0
4188.589844,4212.179688,4205.641113000001,4217.307617,4210.769043,4195.256348,4225.128418,4188.846191,4194.102539,4199.230957,4212.563965,4197.563965,4201.410156,4195.512695
4181.410156,4208.077147999999,4201.410156,4211.282227000001,4210.0,4199.358886999999,4222.692383,4197.179688,4186.282227000001,4186.282227000001,4207.436035,4192.94873,4191.666504,4192.307617
4175.641113000001,4201.666504,4194.358886999999,4201.410156,4204.358886999999,4193.205078,4210.384765999999,4187.05127,4171.282227000001,4176.153809,4203.846191,4189.102539,4182.05127,4191.922852000001
4188.333496,4207.05127,4201.922852000001,4207.692383,4205.897461,4188.077147999999,4208.077147999999,4178.205078,4178.205078,4188.717772999999,4215.512695,4198.589844,4189.487305,4203.717772999999
4201.922852000001,4216.410156,4217.820313,4222.307617,4211.410156,4194.743652,4212.179688,4193.333496,4193.461426,4205.897461,4229.743652,4210.256348,4203.589844,4216.794922
4200.384765999999,4215.384765999999,4222.307617,4223.205078,4208.974121,4196.666504,4212.692383,4198.205078,4188.589844,4205.0,4225.897461,4208.461426,4197.436035,4217.563965
4195.128418,4211.410156,4216.153809,4216.666504,4209.102539,4191.666504,4213.077147999999,4186.153809,4184.487305,4199.743652,4216.538574,4201.666504,4189.487305,4211.666504
4189.230957,4208.205078,4207.820313,4210.769043,4211.153809,4194.102539,4215.897461,4192.692383,4199.230957,4204.743652,4214.871582,4200.384765999999,4195.897461,4206.282227000001
4183.974121,4208.333496,4204.102539,4208.077147999999,4213.846191,4199.871582,4217.307617,4212.436035,4213.205078,4214.871582,4216.538574,4200.769043,4201.153809,4206.025879
4178.846191,4208.333496,4196.922852000001,4206.282227000001,4217.436035,4197.820313,4212.820313,4209.615234000001,4207.436035,4211.794922,4209.871582,4195.897461,4195.512695,4202.563965
4172.563965,4201.794922,4187.307617,4199.871582,4213.077147999999,4197.436035,4210.769043,4198.974121,4195.128418,4197.94873,4198.846191,4187.436035,4190.256348,4192.820313
4168.589844,4196.153809,4185.512695,4193.717772999999,4206.410156,4202.05127,4217.94873,4203.846191,4189.871582,4189.230957,4192.05127,4181.410156,4186.282227000001,4188.077147999999
4170.128418,4195.128418,4188.461426,4195.897461,4208.461426,4200.769043,4224.487305,4200.769043,4184.615234000001,4188.717772999999,4189.487305,4183.205078,4181.794922,4193.205078
4179.871582,4198.846191,4195.897461,4205.512695,4211.025879,4202.820313,4230.769043,4195.0,4183.333496,4192.94873,4190.897461,4188.974121,4187.05127,4201.794922
4191.538574,4204.871582,4206.922852000001,4210.384765999999,4207.05127,4203.205078,4231.538574,4211.922852000001,4189.871582,4197.563965,4193.589844,4191.282227000001,4192.94873,4208.205078
4197.307617,4209.871582,4216.922852000001,4210.641113000001,4207.436035,4189.871582,4218.717772999999,4224.615234000001,4193.333496,4200.769043,4196.282227000001,4192.307617,4193.077147999999,4213.717772999999
4200.128418,4212.179688,4218.077147999999,4214.615234000001,4207.820313,4188.077147999999,4208.589844,4210.256348,4191.794922,4201.282227000001,4201.025879,4192.94873,4199.102539,4221.794922
4203.717772999999,4211.538574,4212.94873,4214.871582,4199.615234000001,4195.769043,4212.436035,4191.153809,4189.871582,4198.846191,4205.641113000001,4191.794922,4206.666504,4226.538574
4209.102539,4213.717772999999,4214.230957,4213.205078,4200.384765999999,4193.589844,4218.717772999999,4183.974121,4188.974121,4200.0,4208.077147999999,4193.461426,4208.461426,4226.538574
4211.153809,4215.897461,4215.128418,4216.025879,4207.307617,4194.871582,4216.282227000001,4184.487305,4190.384765999999,4206.538574,4206.410156,4194.358886999999,4210.256348,4225.897461
4204.871582,4215.512695,4207.436035,4216.794922,4208.077147999999,4205.128418,4222.179688,4194.743652,4199.358886999999,4212.179688,4205.256348,4190.897461,4212.05127,4223.717772999999
4196.025879,4211.153809,4200.0,4213.589844,4209.358886999999,4211.666504,4239.230957,4205.0,4208.077147999999,4213.333496,4211.025879,4188.333496,4212.436035,4217.94873
4192.563965,4200.897461,4194.358886999999,4207.307617,4206.538574,4212.563965,4237.179688,4198.205078,4202.05127,4206.538574,4212.05127,4184.230957,4209.230957,4210.897461
4197.179688,4201.410156,4192.436035,4205.384765999999,4203.589844,4216.025879,4226.153809,4200.641113000001,4200.128418,4203.974121,4211.410156,4181.410156,4208.846191,4213.461426
4202.179688,4206.922852000001,4197.05127,4211.282227000001,4204.615234000001,4213.589844,4227.307617,4206.794922,4202.563965,4209.102539,4217.820313,4182.563965,4210.512695,4218.717772999999
4199.102539,4201.794922,4200.256348,4217.436035,4205.256348,4207.05127,4229.743652,4203.974121,4196.794922,4204.230957,4219.487305,4182.436035,4207.179688,4217.692383
4198.974121,4206.153809,4206.153809,4220.769043,4210.128418,4211.666504,4226.666504,4209.230957,4196.538574,4203.589844,4219.871582,4186.025879,4212.692383,4222.94873
4209.615234000001,4218.974121,4218.077147999999,4222.436035,4212.563965,4210.128418,4226.282227000001,4214.871582,4201.282227000001,4211.025879,4227.563965,4197.563965,4225.512695,4231.666504
4218.974121,4220.0,4224.871582,4224.487305,4202.94873,4196.410156,4227.692383,4212.692383,4201.794922,4209.615234000001,4233.077147999999,4207.05127,4228.589844,4233.461426
4220.256348,4216.794922,4223.974121,4226.282227000001,4197.563965,4192.05127,4218.205078,4209.871582,4204.102539,4209.487305,4235.0,4206.922852000001,4223.717772999999,4231.282227000001
4219.743652,4218.077147999999,4222.307617,4222.94873,4205.128418,4200.0,4210.769043,4206.282227000001,4204.487305,4211.666504,4235.256348,4204.102539,4221.922852000001,4227.692383
4219.230957,4216.666504,4223.077147999999,4219.102539,4207.436035,4201.153809,4215.384765999999,4199.487305,4196.794922,4208.077147999999,4230.769043,4203.717772999999,4222.692383,4223.461426
4214.743652,4210.256348,4221.153809,4218.077147999999,4200.769043,4193.974121,4221.282227000001,4204.743652,4196.025879,4205.384765999999,4228.717772999999,4202.692383,4218.461426,4221.666504
4213.589844,4208.717772999999,4215.769043,4217.94873,4200.641113000001,4198.846191,4226.025879,4216.538574,4205.641113000001,4209.871582,4234.487305,4200.256348,4218.717772999999,4224.102539
4218.205078,4212.563965,4214.615234000001,4215.641113000001,4207.436035,4207.563965,4223.589844,4210.384765999999,4209.102539,4212.307617,4235.897461,4197.563965,4222.820313,4225.512695
4215.0,4208.717772999999,4210.256348,4211.025879,4206.025879,4203.205078,4209.871582,4186.025879,4195.641113000001,4202.05127,4228.077147999999,4191.025879,4216.922852000001,4217.94873
4206.922852000001,4201.538574,4199.102539,4206.282227000001,4199.230957,4201.538574,4209.487305,4175.897461,4182.94873,4189.871582,4223.205078,4182.692383,4209.102539,4211.282227000001
4206.025879,4199.615234000001,4196.410156,4202.179688,4198.974121,4206.666504,4227.05127,4196.025879,4187.820313,4190.384765999999,4221.794922,4183.717772999999,4210.769043,4216.025879
4210.256348,4199.743652,4205.256348,4201.410156,4198.846191,4201.025879,4224.615234000001,4199.615234000001,4192.563965,4197.307617,4220.641113000001,4189.487305,4211.025879,4218.589844
4211.922852000001,4202.563965,4210.512695,4207.179688,4200.256348,4199.743652,4211.666504,4184.871582,4190.256348,4197.94873,4226.025879,4187.563965,4207.563965,4213.333496
4216.153809,4211.922852000001,4214.358886999999,4216.410156,4203.589844,4209.102539,4219.230957,4200.384765999999,4201.922852000001,4205.512695,4237.563965,4189.102539,4218.461426,4217.436035
4224.102539,4218.589844,4225.897461,4225.256348,4203.589844,4200.384765999999,4227.436035,4232.179688,4222.820313,4227.94873,4250.769043,4202.307617,4237.307617,4229.487305
4224.743652,4216.538574,4230.128418,4224.487305,4199.358886999999,4185.256348,4218.717772999999,4233.846191,4223.333496,4233.077147999999,4254.871582,4211.410156,4235.512695,4232.05127
4218.077147999999,4213.205078,4219.102539,4212.563965,4198.333496,4188.077147999999,4206.538574,4215.897461,4205.512695,4211.025879,4246.282227000001,4205.641113000001,4219.871582,4223.205078
4211.025879,4209.230957,4208.461426,4205.384765999999,4201.153809,4193.846191,4208.333496,4222.179688,4203.205078,4198.461426,4237.563965,4196.922852000001,4216.538574,4210.512695
4207.94873,4209.358886999999,4209.743652,4210.384765999999,4202.820313,4192.94873,4217.820313,4234.487305,4210.897461,4209.230957,4237.563965,4194.743652,4224.487305,4205.256348
4209.102539,4217.307617,4215.384765999999,4218.077147999999,4207.436035,4199.358886999999,4223.205078,4205.256348,4200.128418,4214.230957,4237.05127,4190.128418,4225.641113000001,4210.0
4211.282227000001,4222.436035,4214.743652,4217.94873,4208.717772999999,4206.282227000001,4222.05127,4178.589844,4190.512695,4206.282227000001,4230.384765999999,4182.179688,4219.871582,4210.128418
4212.692383,4219.871582,4211.025879,4213.077147999999,4204.487305,4203.461426,4221.153809,4198.077147999999,4198.974121,4203.846191,4228.333496,4186.025879,4218.846191,4206.410156
4218.717772999999,4224.871582,4216.794922,4219.615234000001,4207.94873,4202.94873,4222.94873,4197.563965,4198.461426,4212.436035,4238.205078,4199.487305,4229.615234000001,4218.589844
4229.743652,4232.820313,4224.358886999999,4227.179688,4208.974121,4202.436035,4217.563965,4163.974121,4186.410156,4218.974121,4248.461426,4204.102539,4238.846191,4235.256348
4231.410156,4227.179688,4224.102539,4220.0,4201.410156,4203.589844,4217.94873,4184.358886999999,4192.307617,4217.05127,4246.794922,4202.563965,4230.512695,4233.974121
4216.666504,4214.743652,4219.230957,4208.589844,4199.102539,4206.153809,4228.974121,4220.897461,4202.563965,4212.307617,4236.922852000001,4199.871582,4215.897461,4222.820313
4199.487305,4202.820313,4208.077147999999,4200.256348,4200.512695,4201.025879,4223.077147999999,4199.102539,4194.871582,4205.0,4225.897461,4190.256348,4207.692383,4210.0
4202.692383,4201.666504,4205.512695,4200.769043,4202.307617,4199.743652,4212.94873,4186.666504,4199.871582,4206.282227000001,4226.794922,4186.666504,4210.0,4206.794922
4209.871582,4208.846191,4212.179688,4205.897461,4202.05127,4200.256348,4220.769043,4209.743652,4213.846191,4212.307617,4234.230957,4191.794922,4210.769043,4214.102539
4203.333496,4210.384765999999,4209.871582,4206.538574,4200.897461,4194.487305,4221.025879,4223.205078,4216.025879,4209.358886999999,4232.436035,4193.974121,4203.717772999999,4215.128418
4199.230957,4207.692383,4205.256348,4205.384765999999,4205.512695,4193.205078,4207.692383,4223.461426,4216.922852000001,4209.871582,4229.871582,4192.563965,4204.487305,4209.743652
4198.333496,4205.769043,4205.897461,4206.538574,4205.897461,4197.179688,4214.615234000001,4214.743652,4211.153809,4212.94873,4231.025879,4190.128418,4208.717772999999,4206.025879
4190.512695,4200.641113000001,4203.717772999999,4203.077147999999,4200.641113000001,4204.358886999999,4236.410156,4209.230957,4199.871582,4206.153809,4229.615234000001,4183.077147999999,4205.0,4202.179688
4187.94873,4193.717772999999,4198.461426,4195.897461,4201.153809,4212.820313,4229.230957,4213.461426,4195.512695,4197.820313,4225.769043,4179.743652,4199.102539,4198.461426
4193.974121,4194.487305,4200.384765999999,4195.512695,4201.025879,4208.717772999999,4211.538574,4207.436035,4195.256348,4197.820313,4225.128418,4185.769043,4199.871582,4199.487305
4191.922852000001,4199.230957,4200.128418,4197.692383,4196.153809,4203.461426,4222.692383,4191.538574,4186.153809,4193.461426,4223.589844,4188.205078,4197.307617,4196.666504
4187.179688,4201.410156,4196.538574,4199.871582,4195.897461,4207.692383,4231.282227000001,4189.358886999999,4175.641113000001,4187.05127,4220.384765999999,4187.820313,4192.307617,4192.563965
4196.666504,4209.102539,4205.0,4207.692383,4200.641113000001,4203.846191,4217.05127,4193.846191,4178.333496,4197.307617,4229.230957,4197.563965,4203.974121,4202.307617
4207.179688,4216.922852000001,4213.717772999999,4211.025879,4205.512695,4195.0,4201.153809,4182.05127,4182.94873,4208.333496,4240.384765999999,4208.205078,4213.846191,4215.256348
4208.461426,4217.436035,4212.692383,4209.102539,4208.974121,4197.179688,4199.230957,4171.025879,4181.025879,4206.666504,4238.077147999999,4207.820313,4207.820313,4215.641113000001
4215.128418,4223.461426,4218.589844,4218.974121,4213.333496,4204.230957,4215.256348,4196.153809,4196.410156,4213.974121,4240.128418,4208.205078,4212.05127,4216.282227000001
4223.974121,4229.102539,4226.538574,4225.769043,4210.641113000001,4200.512695,4223.717772999999,4229.487305,4224.102539,4227.820313,4253.077147999999,4215.256348,4224.743652,4225.256348
4220.384765999999,4221.025879,4220.769043,4215.256348,4203.077147999999,4194.871582,4205.769043,4225.256348,4228.461426,4229.615234000001,4256.666504,4217.05127,4225.384765999999,4229.358886999999
4209.230957,4207.820313,4213.461426,4210.128418,4201.282227000001,4194.487305,4191.538574,4210.897461,4219.871582,4221.410156,4247.94873,4208.077147999999,4218.589844,4218.717772999999
4199.743652,4199.487305,4210.0,4208.205078,4195.0,4191.025879,4199.487305,4215.0,4218.333496,4210.512695,4234.615234000001,4194.102539,4207.307617,4200.512695
4199.102539,4201.538574,4209.487305,4204.487305,4187.436035,4196.025879,4212.179688,4216.538574,4217.307617,4207.05127,4229.743652,4188.205078,4200.384765999999,4196.922852000001
4197.307617,4201.666504,4207.05127,4201.922852000001,4187.436035,4207.436035,4223.846191,4213.846191,4211.538574,4207.179688,4230.0,4185.897461,4200.256348,4200.769043
4185.384765999999,4192.94873,4194.358886999999,4195.256348,4189.102539,4207.820313,4236.025879,4212.820313,4197.692383,4199.487305,4226.666504,4185.384765999999,4195.769043,4193.333496
4180.641113000001,4190.384765999999,4186.025879,4190.384765999999,4189.743652,4200.256348,4234.358886999999,4214.487305,4186.794922,4195.769043,4225.897461,4191.410156,4196.538574,4191.025879
4195.512695,4202.563965,4197.692383,4200.769043,4197.563965,4202.179688,4223.974121,4222.94873,4186.922852000001,4203.205078,4234.102539,4196.922852000001,4210.256348,4203.846191
4214.487305,4219.871582,4216.153809,4217.05127,4212.820313,4218.077147999999,4223.974121,4218.333496,4183.461426,4210.641113000001,4244.487305,4203.205078,4219.230957,4214.743652
4213.589844,4220.256348,4217.692383,4216.282227000001,4216.666504,4222.563965,4222.563965,4191.282227000001,4166.666504,4199.871582,4239.102539,4207.563965,4210.256348,4210.769043
4205.0,4212.179688,4212.563965,4209.102539,4207.179688,4210.128418,4208.461426,4168.717772999999,4157.436035,4186.282227000001,4229.615234000001,4205.128418,4204.102539,4207.94873
4211.282227000001,4217.94873,4219.871582,4216.153809,4203.461426,4204.743652,4196.666504,4178.077147999999,4171.922852000001,4199.615234000001,4239.358886999999,4203.974121,4216.025879,4219.230957
4219.615234000001,4226.025879,4225.769043,4221.282227000001,4210.512695,4202.179688,4195.128418,4199.102539,4190.0,4215.897461,4248.589844,4207.307617,4221.025879,4227.179688
4217.307617,4228.461426,4222.820313,4217.820313,4213.974121,4195.0,4198.333496,4208.846191,4202.820313,4219.487305,4247.179688,4207.692383,4219.230957,4226.410156
4207.307617,4221.282227000001,4214.743652,4212.179688,4204.358886999999,4199.358886999999,4205.512695,4217.307617,4218.589844,4229.743652,4248.974121,4200.128418,4221.794922,4222.820313
4192.820313,4202.692383,4202.05127,4202.436035,4197.563965,4209.615234000001,4211.922852000001,4232.94873,4230.769043,4235.256348,4244.743652,4191.025879,4214.230957,4213.461426
4183.461426,4191.025879,4191.666504,4197.436035,4202.692383,4208.077147999999,4217.563965,4246.538574,4236.538574,4229.871582,4232.692383,4186.025879,4201.538574,4202.692383
4178.846191,4186.282227000001,4187.05127,4192.436035,4198.589844,4208.717772999999,4234.871582,4247.563965,4235.384765999999,4225.512695,4224.743652,4180.384765999999,4193.846191,4194.615234000001
4174.615234000001,4182.307617,4186.025879,4183.205078,4192.179688,4216.538574,4248.205078,4243.461426,4226.794922,4216.025879,4217.05127,4170.641113000001,4185.0,4186.538574
4178.846191,4187.692383,4189.487305,4187.820313,4203.974121,4215.512695,4230.0,4219.102539,4212.820313,4204.487305,4213.717772999999,4167.436035,4181.025879,4183.589844
4190.256348,4198.205078,4197.179688,4201.794922,4213.974121,4217.307617,4203.974121,4187.563965,4202.436035,4207.692383,4225.512695,4174.230957,4195.769043,4196.282227000001
4199.230957,4205.384765999999,4206.282227000001,4207.05127,4210.128418,4221.794922,4208.974121,4193.846191,4200.256348,4211.922852000001,4234.358886999999,4181.410156,4210.512695,4211.794922
4210.897461,4216.666504,4217.94873,4211.794922,4208.589844,4205.769043,4216.025879,4203.846191,4193.205078,4207.563965,4233.717772999999,4189.743652,4212.436035,4216.410156
4224.871582,4227.94873,4228.846191,4223.461426,4213.846191,4193.333496,4203.974121,4175.641113000001,4178.717772999999,4210.0,4242.05127,4196.922852000001,4220.641113000001,4223.205078
4231.410156,4233.974121,4233.589844,4231.153809,4220.256348,4206.153809,4198.333496,4155.256348,4176.410156,4220.769043,4255.128418,4200.512695,4239.615234000001,4237.307617
4230.897461,4236.922852000001,4229.871582,4232.307617,4224.487305,4212.05127,4197.692383,4176.282227000001,4190.769043,4225.769043,4254.615234000001,4199.487305,4243.846191,4240.897461
4223.461426,4227.179688,4223.077147999999,4224.102539,4216.282227000001,4201.025879,4201.410156,4203.461426,4200.512695,4219.743652,4243.077147999999,4191.025879,4224.102539,4226.538574
4216.025879,4214.358886999999,4220.897461,4212.307617,4205.641113000001,4195.641113000001,4205.897461,4219.230957,4203.717772999999,4218.205078,4236.282227000001,4187.692383,4210.641113000001,4218.077147999999
4212.179688,4209.230957,4216.922852000001,4207.179688,4209.102539,4203.589844,4205.641113000001,4239.358886999999,4221.025879,4230.641113000001,4234.230957,4190.128418,4213.974121,4217.05127
4200.128418,4202.05127,4205.256348,4201.025879,4211.922852000001,4214.102539,4214.615234000001,4261.153809,4241.410156,4237.179688,4226.666504,4186.538574,4209.871582,4206.922852000001
4182.692383,4190.0,4192.179688,4188.461426,4204.102539,4210.512695,4219.487305,4252.820313,4232.563965,4221.666504,4210.769043,4176.666504,4192.307617,4192.05127
4172.563965,4178.846191,4180.384765999999,4177.563965,4202.692383,4211.025879,4219.743652,4228.077147999999,4207.692383,4202.05127,4188.717772999999,4160.641113000001,4179.743652,4179.358886999999
4167.05127,4171.538574,4170.384765999999,4171.025879,4202.563965,4225.256348,4231.410156,4227.94873,4199.358886999999,4189.743652,4170.384765999999,4146.538574,4177.05127,4171.666504
4172.692383,4177.692383,4174.102539,4172.692383,4196.153809,4219.358886999999,4230.0,4228.717772999999,4203.333496,4187.94873,4174.102539,4155.897461,4187.05127,4180.384765999999
4189.871582,4193.077147999999,4187.436035,4184.487305,4199.358886999999,4203.846191,4212.05127,4205.0,4199.743652,4198.461426,4192.692383,4177.692383,4202.94873,4201.666504
4198.589844,4192.563965,4190.256348,4189.615234000001,4201.410156,4213.461426,4216.410156,4190.128418,4181.794922,4197.692383,4193.589844,4180.897461,4202.05127,4210.641113000001
4205.897461,4193.974121,4197.307617,4194.487305,4196.922852000001,4223.974121,4224.743652,4201.538574,4177.94873,4196.666504,4197.820313,4182.94873,4207.307617,4220.128418
4219.615234000001,4208.846191,4211.794922,4206.410156,4199.358886999999,4209.743652,4200.897461,4203.077147999999,4192.307617,4210.512695,4219.871582,4197.179688,4227.820313,4237.05127
4225.128418,4212.05127,4213.846191,4210.384765999999,4204.358886999999,4198.717772999999,4177.436035,4195.512695,4192.436035,4213.461426,4224.871582,4200.897461,4227.94873,4240.641113000001
4233.974121,4218.333496,4217.563965,4216.922852000001,4210.256348,4203.461426,4182.820313,4204.871582,4188.846191,4211.282227000001,4221.922852000001,4198.974121,4224.487305,4245.897461
4244.615234000001,4228.974121,4227.179688,4222.179688,4212.563965,4204.871582,4194.102539,4206.666504,4194.230957,4215.769043,4229.358886999999,4202.307617,4229.743652,4255.0
4234.102539,4220.128418,4219.358886999999,4211.538574,4204.358886999999,4197.563965,4190.769043,4195.256348,4194.230957,4211.922852000001,4226.410156,4199.871582,4219.230957,4246.282227000001
4216.153809,4202.94873,4202.436035,4199.615234000001,4193.205078,4195.128418,4181.922852000001,4191.794922,4190.641113000001,4202.563965,4213.717772999999,4191.025879,4204.102539,4227.692383
4209.871582,4193.717772999999,4193.461426,4193.974121,4186.666504,4206.538574,4194.615234000001,4199.358886999999,4189.743652,4198.589844,4205.512695,4182.05127,4199.487305,4217.563965
4208.717772999999,4188.205078,4191.153809,4188.333496,4188.333496,4217.179688,4218.589844,4210.897461,4192.179688,4198.333496,4203.717772999999,4177.692383,4194.102539,4212.307617
4207.307617,4185.384765999999,4187.307617,4184.615234000001,4193.717772999999,4210.128418,4208.717772999999,4210.512695,4196.538574,4199.358886999999,4202.563965,4177.307617,4187.94873,4206.794922
4207.820313,4184.871582,4184.871582,4187.179688,4190.769043,4201.538574,4193.717772999999,4203.077147999999,4196.410156,4198.205078,4199.487305,4176.282227000001,4188.717772999999,4203.717772999999
4205.384765999999,4182.307617,4187.179688,4188.333496,4186.666504,4216.794922,4213.461426,4203.589844,4192.94873,4194.102539,4199.743652,4175.769043,4188.846191,4201.538574
4199.102539,4183.461426,4186.794922,4183.846191,4190.256348,4224.358886999999,4219.230957,4201.538574,4194.487305,4192.179688,4202.563965,4181.666504,4187.05127,4200.897461
4202.05127,4193.717772999999,4189.615234000001,4188.205078,4193.974121,4204.358886999999,4199.743652,4193.077147999999,4194.743652,4195.384765999999,4209.230957,4190.897461,4193.974121,4208.717772999999
4211.282227000001,4200.641113000001,4199.102539,4197.820313,4190.384765999999,4193.461426,4199.743652,4198.205078,4192.692383,4199.487305,4220.769043,4195.512695,4203.974121,4221.153809
4218.974121,4203.077147999999,4210.128418,4202.179688,4193.077147999999,4203.205078,4213.589844,4212.05127,4199.743652,4204.102539,4229.743652,4199.743652,4208.333496,4230.512695
4224.358886999999,4207.692383,4216.410156,4205.256348,4207.179688,4206.922852000001,4212.563965,4211.410156,4203.205078,4209.487305,4228.589844,4205.512695,4210.0,4236.153809
4226.922852000001,4209.871582,4214.615234000001,4207.05127,4209.615234000001,4198.717772999999,4197.94873,4199.871582,4190.769043,4207.05127,4226.410156,4204.487305,4213.461426,4239.487305
4232.05127,4211.666504,4218.461426,4208.717772999999,4204.358886999999,4198.846191,4183.205078,4199.102539,4191.794922,4207.820313,4236.025879,4204.230957,4221.410156,4243.846191
4236.153809,4213.333496,4227.179688,4212.820313,4205.384765999999,4202.94873,4184.871582,4214.358886999999,4211.794922,4222.179688,4243.846191,4212.692383,4229.358886999999,4246.538574
4225.512695,4205.512695,4217.563965,4209.743652,4206.538574,4199.743652,4202.05127,4225.256348,4215.641113000001,4222.820313,4233.974121,4207.820313,4221.153809,4234.102539
4207.692383,4194.358886999999,4197.94873,4197.307617,4200.128418,4202.563965,4209.230957,4219.102539,4204.358886999999,4208.717772999999,4220.0,4189.487305,4202.307617,4213.974121
4202.563965,4189.743652,4196.282227000001,4188.205078,4193.077147999999,4206.282227000001,4207.179688,4220.384765999999,4207.94873,4208.077147999999,4219.743652,4187.307617,4197.307617,4207.307617
4203.974121,4186.410156,4201.282227000001,4185.769043,4194.743652,4207.436035,4218.974121,4233.077147999999,4218.846191,4211.666504,4223.461426,4195.256348,4203.077147999999,4208.717772999999
4198.974121,4182.94873,4195.897461,4184.102539,4200.128418,4213.717772999999,4223.205078,4226.282227000001,4209.230957,4202.179688,4218.461426,4188.846191,4201.410156,4206.794922
4194.487305,4185.128418,4191.153809,4183.717772999999,4201.538574,4214.487305,4203.846191,4203.846191,4194.230957,4195.256348,4210.256348,4183.717772999999,4198.077147999999,4208.205078
4201.282227000001,4192.05127,4196.025879,4188.974121,4200.897461,4211.025879,4200.128418,4203.589844,4200.256348,4200.128418,4213.974121,4195.641113000001,4206.410156,4214.358886999999
4207.436035,4192.563965,4201.794922,4191.794922,4201.794922,4210.769043,4216.025879,4214.230957,4203.846191,4198.846191,4220.512695,4202.307617,4212.05127,4212.820313
4204.615234000001,4192.563965,4203.717772999999,4189.743652,4203.717772999999,4209.871582,4213.333496,4203.717772999999,4189.358886999999,4191.410156,4215.256348,4198.846191,4206.922852000001,4207.820313
4213.205078,4204.871582,4215.384765999999,4197.820313,4207.820313,4207.05127,4199.487305,4204.487305,4192.692383,4198.205078,4220.0,4204.615234000001,4208.846191,4217.94873
4226.666504,4215.0,4229.102539,4209.230957,4207.307617,4203.717772999999,4196.282227000001,4224.230957,4210.256348,4211.794922,4233.461426,4215.256348,4216.153809,4234.743652
4225.0,4215.256348,4227.563965,4209.743652,4203.589844,4202.179688,4193.846191,4221.282227000001,4209.358886999999,4217.436035,4233.589844,4216.153809,4217.307617,4236.282227000001
4220.256348,4213.077147999999,4219.743652,4206.538574,4206.410156,4203.974121,4193.077147999999,4221.025879,4206.922852000001,4217.179688,4228.205078,4213.461426,4213.205078,4227.820313
4222.563965,4213.077147999999,4218.205078,4208.589844,4211.666504,4212.692383,4202.563965,4237.179688,4218.205078,4216.666504,4228.461426,4212.307617,4208.974121,4224.487305
4213.974121,4206.922852000001,4214.102539,4202.820313,4204.358886999999,4211.153809,4212.05127,4233.974121,4223.205078,4211.153809,4221.666504,4201.153809,4201.025879,4217.179688
4195.0,4187.563965,4201.922852000001,4184.871582,4185.384765999999,4194.230957,4215.384765999999,4221.282227000001,4210.512695,4197.436035,4206.794922,4186.538574,4186.025879,4201.410156
4189.358886999999,4176.282227000001,4196.794922,4179.102539,4184.230957,4193.461426,4216.282227000001,4218.846191,4197.436035,4189.871582,4199.487305,4184.615234000001,4178.589844,4196.922852000001
4191.025879,4179.743652,4196.666504,4185.0,4194.487305,4205.897461,4215.256348,4205.0,4190.512695,4188.846191,4200.0,4186.153809,4181.282227000001,4199.615234000001
4189.230957,4180.897461,4193.333496,4186.153809,4192.307617,4209.487305,4210.769043,4194.102539,4194.102539,4190.641113000001,4204.487305,4179.102539,4181.794922,4194.102539
4183.205078,4172.820313,4187.820313,4181.410156,4187.436035,4206.025879,4210.512695,4202.94873,4197.179688,4188.589844,4201.410156,4172.179688,4176.922852000001,4185.0
4178.333496,4171.922852000001,4182.692383,4177.436035,4189.743652,4198.461426,4207.436035,4199.102539,4180.512695,4175.897461,4190.256348,4173.589844,4170.0,4180.384765999999
4196.025879,4190.128418,4195.0,4190.0,4199.102539,4195.128418,4198.461426,4204.487305,4184.358886999999,4183.589844,4203.846191,4186.153809,4183.974121,4195.641113000001
4222.05127,4207.179688,4215.897461,4210.384765999999,4205.769043,4199.102539,4191.153809,4226.282227000001,4212.307617,4210.256348,4232.307617,4199.743652,4215.128418,4222.436035
4223.461426,4207.94873,4222.436035,4211.666504,4199.102539,4196.410156,4182.05127,4210.769043,4206.025879,4210.769043,4234.102539,4201.666504,4222.307617,4225.769043
4211.410156,4200.641113000001,4219.487305,4202.436035,4192.692383,4197.307617,4178.461426,4183.205078,4179.487305,4190.256348,4220.641113000001,4196.538574,4205.384765999999,4213.205078
4206.922852000001,4189.102539,4212.179688,4196.538574,4191.538574,4203.461426,4181.794922,4189.230957,4176.922852000001,4177.563965,4211.794922,4190.897461,4193.333496,4209.871582
4206.666504,4182.179688,4204.102539,4193.205078,4186.666504,4194.615234000001,4185.641113000001,4198.974121,4185.897461,4177.94873,4205.769043,4187.307617,4190.769043,4207.692383
4206.922852000001,4188.205078,4203.846191,4194.230957,4187.179688,4188.589844,4193.333496,4190.128418,4188.205078,4185.384765999999,4208.717772999999,4185.769043,4192.179688,4202.820313
4204.230957,4187.563965,4204.102539,4194.230957,4191.410156,4201.153809,4204.487305,4194.358886999999,4194.615234000001,4189.615234000001,4212.436035,4184.487305,4192.692383,4201.922852000001
4195.128418,4173.333496,4197.179688,4188.717772999999,4190.641113000001,4205.256348,4211.282227000001,4218.717772999999,4205.256348,4191.410156,4210.641113000001,4181.025879,4191.922852000001,4200.512695
4190.0,4172.692383,4196.153809,4186.794922,4190.256348,4200.641113000001,4216.666504,4230.641113000001,4209.615234000001,4195.769043,4213.589844,4181.794922,4193.205078,4200.256348
4197.692383,4192.05127,4206.282227000001,4198.589844,4197.563965,4207.436035,4230.384765999999,4231.666504,4210.769043,4203.461426,4226.538574,4191.538574,4202.820313,4208.461426
4209.358886999999,4205.384765999999,4215.0,4211.153809,4207.05127,4213.589844,4230.769043,4232.05127,4214.230957,4214.358886999999,4238.077147999999,4200.128418,4215.769043,4215.0
4210.769043,4200.256348,4213.333496,4207.820313,4210.384765999999,4211.922852000001,4208.333496,4217.436035,4209.102539,4217.692383,4235.128418,4198.717772999999,4219.871582,4209.487305
4206.538574,4195.641113000001,4211.538574,4201.794922,4207.94873,4211.282227000001,4200.769043,4217.563965,4203.974121,4212.307617,4227.307617,4196.922852000001,4217.307617,4206.922852000001
4210.769043,4202.307617,4217.820313,4207.179688,4202.436035,4205.384765999999,4207.563965,4238.846191,4208.846191,4210.384765999999,4228.717772999999,4202.563965,4217.05127,4215.897461
4214.871582,4204.102539,4219.102539,4208.077147999999,4201.922852000001,4198.974121,4201.025879,4220.384765999999,4195.128418,4201.282227000001,4228.974121,4204.487305,4212.436035,4216.410156
4216.282227000001,4202.820313,4217.94873,4206.153809,4212.94873,4201.282227000001,4193.077147999999,4175.384765999999,4169.871582,4185.769043,4225.256348,4198.846191,4208.974121,4212.820313
4227.307617,4212.179688,4227.692383,4216.922852000001,4217.05127,4199.743652,4191.538574,4174.230957,4178.974121,4195.128418,4231.282227000001,4199.871582,4222.179688,4222.436035
4236.410156,4217.307617,4235.641113000001,4222.820313,4202.692383,4200.897461,4193.717772999999,4209.743652,4210.256348,4220.641113000001,4240.384765999999,4205.384765999999,4233.717772999999,4230.512695
4216.922852000001,4201.282227000001,4222.307617,4207.436035,4189.743652,4212.307617,4207.307617,4223.589844,4215.0,4217.436035,4228.589844,4199.102539,4219.487305,4217.820313
4189.230957,4183.589844,4201.410156,4189.743652,4197.307617,4219.615234000001,4215.769043,4212.563965,4206.410156,4200.641113000001,4208.205078,4188.333496,4201.153809,4200.256348
4192.820313,4186.922852000001,4202.94873,4192.436035,4209.743652,4220.256348,4207.692383,4209.102539,4215.128418,4210.641113000001,4213.717772999999,4190.641113000001,4209.230957,4199.871582
4206.666504,4199.358886999999,4217.05127,4204.615234000001,4206.794922,4215.128418,4207.692383,4224.743652,4225.0,4227.179688,4227.94873,4195.641113000001,4220.128418,4206.282227000001
4200.256348,4205.641113000001,4215.256348,4206.538574,4203.974121,4208.589844,4217.436035,4242.563965,4220.641113000001,4218.333496,4221.410156,4189.487305,4212.05127,4205.0
4188.461426,4200.769043,4203.205078,4198.205078,4208.077147999999,4208.205078,4213.717772999999,4233.717772999999,4207.436035,4202.436035,4206.153809,4180.769043,4198.717772999999,4197.179688
4187.307617,4189.487305,4200.769043,4192.94873,4203.974121,4207.820313,4206.666504,4212.05127,4195.641113000001,4197.692383,4201.153809,4179.871582,4192.179688,4192.05127
4194.487305,4188.974121,4209.230957,4200.769043,4199.615234000001,4206.025879,4212.436035,4208.589844,4194.358886999999,4200.0,4205.769043,4184.358886999999,4198.717772999999,4196.282227000001
4202.563965,4197.307617,4218.333496,4207.307617,4200.0,4198.717772999999,4212.307617,4221.282227000001,4195.128418,4200.769043,4207.563965,4192.94873,4205.641113000001,4203.846191
4209.487305,4202.692383,4227.820313,4208.205078,4201.410156,4188.717772999999,4199.871582,4217.179688,4188.333496,4200.897461,4210.769043,4202.692383,4208.717772999999,4212.05127
4216.666504,4210.897461,4238.461426,4215.384765999999,4207.563965,4193.077147999999,4194.358886999999,4194.743652,4186.666504,4208.333496,4220.384765999999,4208.589844,4219.487305,4220.128418
4223.333496,4222.692383,4243.205078,4224.743652,4215.641113000001,4202.692383,4194.230957,4178.846191,4193.205078,4217.692383,4226.666504,4213.461426,4230.512695,4223.974121
4222.179688,4222.820313,4241.410156,4225.512695,4216.025879,4205.512695,4193.077147999999,4174.615234000001,4194.871582,4219.487305,4224.358886999999,4215.641113000001,4228.846191,4221.794922
4209.743652,4206.922852000001,4232.94873,4215.0,4211.922852000001,4211.153809,4203.846191,4193.205078,4195.128418,4212.563965,4218.974121,4203.461426,4217.820313,4212.563965
4199.358886999999,4193.974121,4223.461426,4206.794922,4212.563965,4219.743652,4216.666504,4216.666504,4205.512695,4210.0,4216.153809,4190.769043,4213.077147999999,4204.487305
4200.641113000001,4197.436035,4218.077147999999,4208.077147999999,4219.487305,4219.358886999999,4203.846191,4202.692383,4212.179688,4215.384765999999,4212.436035,4192.179688,4214.871582,4202.820313
4199.230957,4196.538574,4212.05127,4204.615234000001,4215.897461,4214.230957,4193.205078,4188.205078,4201.025879,4209.102539,4199.871582,4189.615234000001,4205.512695,4191.922852000001
4193.205078,4188.205078,4211.282227000001,4199.615234000001,4208.077147999999,4219.230957,4217.307617,4220.897461,4200.384765999999,4199.743652,4190.0,4180.769043,4190.0,4178.717772999999
4189.102539,4189.358886999999,4212.436035,4198.974121,4210.769043,4222.05127,4222.179688,4234.230957,4208.717772999999,4201.153809,4191.538574,4178.205078,4187.94873,4179.230957
4188.205078,4191.794922,4208.333496,4197.692383,4213.461426,4215.384765999999,4197.94873,4201.153809,4202.307617,4205.0,4192.179688,4178.333496,4192.179688,4183.717772999999
4193.846191,4193.461426,4212.820313,4203.717772999999,4214.102539,4216.410156,4205.897461,4201.666504,4201.025879,4206.025879,4191.922852000001,4182.05127,4195.128418,4188.461426
4198.077147999999,4195.897461,4218.205078,4207.563965,4214.487305,4217.820313,4222.692383,4213.717772999999,4199.102539,4199.615234000001,4190.0,4189.230957,4193.205078,4196.025879
4198.717772999999,4198.974121,4216.153809,4202.692383,4212.94873,4203.077147999999,4207.05127,4195.769043,4186.025879,4194.871582,4184.743652,4193.461426,4195.256348,4204.487305
4203.461426,4200.769043,4220.769043,4206.025879,4210.641113000001,4193.333496,4197.563965,4179.615234000001,4176.922852000001,4197.820313,4184.743652,4196.538574,4201.922852000001,4212.692383
4206.538574,4197.179688,4226.922852000001,4212.436035,4209.102539,4208.461426,4206.666504,4168.974121,4172.692383,4196.410156,4182.692383,4195.128418,4200.641113000001,4214.102539
4205.641113000001,4199.871582,4225.641113000001,4212.307617,4213.333496,4222.307617,4199.743652,4168.205078,4177.820313,4197.692383,4179.230957,4191.282227000001,4201.025879,4210.769043
4207.179688,4203.589844,4223.077147999999,4211.153809,4214.102539,4217.307617,4189.230957,4187.563965,4198.205078,4210.128418,4182.820313,4191.410156,4206.666504,4213.717772999999
4203.205078,4196.666504,4220.128418,4207.563965,4205.512695,4215.0,4202.94873,4215.641113000001,4217.94873,4219.102539,4186.282227000001,4191.025879,4202.692383,4214.487305
4195.384765999999,4193.461426,4214.487305,4202.05127,4203.077147999999,4222.436035,4215.769043,4240.897461,4231.666504,4222.94873,4186.538574,4186.153809,4195.384765999999,4206.666504
4196.153809,4198.974121,4210.128418,4201.153809,4209.230957,4220.897461,4206.666504,4233.717772999999,4232.179688,4222.05127,4185.769043,4182.307617,4196.153809,4204.615234000001
4197.436035,4200.384765999999,4209.615234000001,4202.436035,4210.512695,4217.05127,4206.922852000001,4203.717772999999,4215.769043,4211.410156,4185.256348,4181.922852000001,4195.256348,4210.384765999999
4196.666504,4198.589844,4211.666504,4202.307617,4206.922852000001,4214.743652,4220.0,4207.692383,4206.153809,4206.410156,4187.94873,4181.025879,4189.743652,4212.820313
4205.512695,4205.0,4217.94873,4207.307617,4207.436035,4206.153809,4210.641113000001,4228.333496,4210.256348,4211.410156,4194.487305,4180.384765999999,4196.794922,4213.974121
4212.179688,4206.282227000001,4224.102539,4211.666504,4208.077147999999,4199.743652,4194.230957,4216.538574,4202.179688,4207.820313,4195.769043,4178.589844,4205.512695,4216.922852000001
4207.05127,4195.769043,4223.077147999999,4207.820313,4202.307617,4202.179688,4204.743652,4202.05127,4181.538574,4193.333496,4191.410156,4176.794922,4197.94873,4214.871582
4213.461426,4198.461426,4227.436035,4212.179688,4208.333496,4209.487305,4218.717772999999,4208.846191,4182.436035,4194.615234000001,4198.717772999999,4182.436035,4198.589844,4219.230957
4229.615234000001,4215.0,4241.025879,4226.410156,4216.922852000001,4205.512695,4202.820313,4211.025879,4204.615234000001,4213.333496,4215.256348,4191.410156,4217.94873,4232.820313
4232.94873,4218.205078,4242.692383,4225.897461,4205.256348,4195.641113000001,4185.512695,4201.922852000001,4209.871582,4220.897461,4220.641113000001,4192.820313,4216.025879,4237.05127
4227.692383,4209.615234000001,4232.563965,4214.871582,4202.563965,4204.743652,4189.743652,4196.538574,4199.358886999999,4216.282227000001,4217.05127,4188.077147999999,4196.794922,4236.794922
4220.512695,4204.743652,4228.077147999999,4210.0,4215.641113000001,4215.0,4191.922852000001,4207.179688,4205.512695,4217.820313,4215.384765999999,4189.230957,4194.230957,4240.128418
4208.333496,4201.282227000001,4222.05127,4206.282227000001,4211.794922,4208.461426,4196.794922,4225.384765999999,4222.563965,4221.025879,4212.179688,4187.05127,4190.512695,4232.820313
4196.794922,4196.538574,4207.05127,4198.846191,4200.384765999999,4209.743652,4212.436035,4224.487305,4219.615234000001,4213.974121,4202.94873,4174.871582,4173.589844,4213.589844
4192.179688,4196.153809,4200.512695,4194.615234000001,4207.05127,4222.179688,4217.179688,4222.820313,4214.615234000001,4210.512695,4199.743652,4168.717772999999,4170.512695,4205.384765999999
4190.769043,4195.384765999999,4205.641113000001,4195.769043,4214.743652,4221.922852000001,4208.846191,4229.358886999999,4221.666504,4216.025879,4201.922852000001,4171.538574,4175.897461,4207.436035
4189.871582,4193.333496,4206.794922,4196.794922,4211.025879,4211.153809,4208.333496,4215.897461,4215.128418,4210.256348,4196.666504,4171.794922,4165.256348,4204.487305
4199.615234000001,4202.820313,4211.666504,4203.974121,4210.897461,4205.769043,4218.333496,4206.794922,4201.794922,4200.641113000001,4199.102539,4175.128418,4165.384765999999,4205.769043
4213.589844,4210.256348,4220.384765999999,4212.307617,4210.384765999999,4204.615234000001,4219.102539,4210.128418,4195.769043,4200.897461,4211.282227000001,4182.692383,4181.153809,4213.589844
4207.692383,4198.974121,4215.769043,4203.461426,4200.512695,4200.512695,4203.205078,4202.436035,4185.0,4196.794922,4207.820313,4178.846191,4182.179688,4210.128418
4199.487305,4195.641113000001,4211.666504,4196.922852000001,4202.179688,4197.563965,4190.641113000001,4205.128418,4179.358886999999,4193.205078,4202.307617,4173.461426,4191.666504,4206.153809
4208.461426,4202.692383,4219.487305,4206.153809,4212.94873,4189.230957,4179.487305,4204.871582,4182.436035,4199.743652,4212.436035,4178.333496,4222.179688,4215.0
4217.307617,4205.769043,4222.307617,4210.641113000001,4210.512695,4182.307617,4169.615234000001,4181.153809,4183.461426,4206.794922,4220.897461,4187.307617,4238.077147999999,4223.077147999999
4211.282227000001,4206.538574,4214.615234000001,4202.179688,4207.179688,4193.717772999999,4186.666504,4176.538574,4186.282227000001,4204.358886999999,4213.589844,4189.615234000001,4229.102539,4219.871582
4201.922852000001,4203.846191,4207.820313,4197.05127,4213.717772999999,4203.846191,4202.179688,4196.153809,4195.769043,4197.94873,4204.743652,4183.205078,4221.282227000001,4211.794922
4204.358886999999,4203.589844,4208.846191,4203.974121,4217.820313,4198.846191,4192.307617,4214.358886999999,4217.05127,4209.230957,4211.666504,4185.128418,4226.282227000001,4210.256348
4203.333496,4202.563965,4207.820313,4202.692383,4211.282227000001,4195.384765999999,4194.615234000001,4228.333496,4231.666504,4220.0,4214.615234000001,4189.743652,4223.461426,4208.077147999999
4189.230957,4193.333496,4200.128418,4191.153809,4207.05127,4205.0,4205.0,4222.563965,4219.102539,4205.384765999999,4198.205078,4179.230957,4209.102539,4197.563965
4180.384765999999,4190.641113000001,4195.897461,4188.461426,4211.794922,4213.205078,4196.794922,4210.641113000001,4202.692383,4193.077147999999,4188.077147999999,4170.0,4203.589844,4189.358886999999
4187.307617,4198.333496,4198.589844,4194.615234000001,4213.077147999999,4204.358886999999,4200.384765999999,4224.230957,4204.743652,4199.615234000001,4194.871582,4177.94873,4208.205078,4191.538574
4198.333496,4198.846191,4203.589844,4202.05127,4211.153809,4197.563965,4217.307617,4231.538574,4207.820313,4206.538574,4201.025879,4185.641113000001,4212.307617,4199.230957
4200.256348,4194.871582,4208.077147999999,4205.897461,4210.897461,4206.794922,4213.846191,4215.128418,4202.692383,4205.769043,4201.666504,4182.692383,4215.769043,4207.307617
4196.538574,4197.692383,4210.512695,4204.615234000001,4208.717772999999,4208.333496,4205.897461,4216.666504,4196.794922,4201.666504,4199.358886999999,4180.256348,4213.846191,4209.102539
4197.94873,4203.974121,4214.102539,4204.743652,4205.256348,4195.769043,4205.256348,4223.461426,4190.769043,4197.94873,4198.846191,4180.769043,4211.025879,4204.102539
4207.307617,4209.358886999999,4218.846191,4212.563965,4208.589844,4194.871582,4196.282227000001,4199.230957,4184.358886999999,4195.897461,4205.256348,4186.922852000001,4218.333496,4206.922852000001
4215.256348,4213.974121,4223.846191,4221.538574,4217.436035,4207.820313,4192.436035,4187.307617,4185.897461,4199.358886999999,4211.282227000001,4195.769043,4228.974121,4221.538574
4217.563965,4216.282227000001,4226.922852000001,4222.05127,4222.05127,4208.974121,4192.436035,4215.897461,4199.487305,4208.589844,4213.974121,4198.589844,4232.436035,4227.820313
4215.256348,4211.282227000001,4223.077147999999,4214.358886999999,4219.743652,4202.436035,4187.307617,4221.410156,4206.282227000001,4208.846191,4213.846191,4194.743652,4228.077147999999,4219.487305
4209.487305,4204.487305,4215.769043,4209.615234000001,4216.410156,4203.717772999999,4191.025879,4194.102539,4199.358886999999,4198.205078,4207.05127,4187.692383,4218.974121,4212.692383
4203.461426,4203.333496,4211.922852000001,4208.205078,4215.512695,4204.230957,4196.282227000001,4191.922852000001,4195.641113000001,4190.897461,4198.846191,4179.615234000001,4208.205078,4211.153809
4202.820313,4209.230957,4213.077147999999,4207.307617,4217.94873,4202.05127,4197.179688,4212.307617,4201.666504,4191.025879,4198.846191,4174.615234000001,4206.153809,4209.102539
4202.563965,4208.717772999999,4210.384765999999,4205.641113000001,4214.615234000001,4204.487305,4207.179688,4224.743652,4206.794922,4193.717772999999,4200.641113000001,4170.128418,4210.769043,4204.230957
4196.025879,4197.820313,4203.974121,4197.820313,4205.641113000001,4207.563965,4211.410156,4227.05127,4205.128418,4193.717772999999,4193.846191,4166.025879,4206.666504,4198.974121
4194.487305,4201.794922,4208.461426,4197.563965,4209.615234000001,4208.846191,4204.743652,4233.205078,4206.410156,4195.256348,4193.589844,4169.230957,4204.102539,4202.307617
4201.666504,4216.025879,4215.897461,4204.487305,4217.563965,4207.307617,4210.897461,4230.384765999999,4206.025879,4197.179688,4201.410156,4175.128418,4208.077147999999,4206.538574
4205.512695,4217.05127,4214.358886999999,4204.102539,4212.94873,4204.102539,4221.922852000001,4209.230957,4196.794922,4195.512695,4204.102539,4173.846191,4211.794922,4206.282227000001
4211.794922,4219.615234000001,4217.307617,4208.333496,4212.179688,4205.256348,4210.641113000001,4198.077147999999,4196.025879,4202.179688,4212.436035,4175.641113000001,4224.615234000001,4215.897461
4226.794922,4233.974121,4227.563965,4222.307617,4222.05127,4206.666504,4185.128418,4198.589844,4205.256348,4216.538574,4227.94873,4187.563965,4243.589844,4231.282227000001
4234.230957,4241.922852000001,4232.563965,4227.692383,4229.871582,4203.461426,4182.05127,4196.666504,4205.769043,4219.487305,4233.717772999999,4196.538574,4246.410156,4235.256348
4230.0,4234.615234000001,4232.563965,4222.563965,4221.794922,4197.692383,4200.0,4216.410156,4202.436035,4209.230957,4226.282227000001,4195.641113000001,4233.077147999999,4231.794922
4231.410156,4226.025879,4233.077147999999,4221.794922,4211.282227000001,4191.666504,4195.512695,4233.846191,4202.179688,4207.05127,4223.589844,4195.0,4226.153809,4233.333496
4229.358886999999,4227.307617,4230.256348,4221.025879,4215.512695,4192.05127,4178.333496,4198.333496,4194.487305,4212.563965,4226.025879,4193.717772999999,4230.641113000001,4230.128418
4216.666504,4224.615234000001,4222.563965,4213.077147999999,4218.846191,4193.974121,4184.230957,4168.846191,4185.897461,4203.333496,4219.102539,4186.410156,4228.461426,4215.384765999999
4208.717772999999,4212.692383,4216.538574,4207.692383,4211.922852000001,4192.05127,4199.487305,4196.410156,4195.0,4193.333496,4209.615234000001,4179.743652,4218.589844,4205.256348
4193.589844,4196.538574,4202.94873,4200.512695,4204.615234000001,4194.487305,4198.846191,4211.153809,4199.358886999999,4191.538574,4200.128418,4173.077147999999,4203.333496,4194.871582
4173.846191,4183.461426,4185.641113000001,4188.589844,4204.358886999999,4204.871582,4200.0,4201.794922,4191.410156,4186.025879,4189.743652,4165.256348,4187.692383,4180.256348
4177.94873,4183.846191,4187.820313,4187.692383,4209.102539,4214.230957,4212.692383,4218.717772999999,4201.153809,4189.615234000001,4192.563965,4167.94873,4190.512695,4181.410156
4190.897461,4194.102539,4200.0,4195.641113000001,4207.94873,4210.0,4212.05127,4231.282227000001,4217.05127,4203.717772999999,4204.487305,4176.666504,4205.0,4196.282227000001
4192.563965,4202.436035,4203.333496,4200.897461,4205.128418,4206.410156,4206.538574,4219.358886999999,4216.282227000001,4208.077147999999,4208.333496,4177.563965,4210.769043,4202.94873
4194.871582,4204.230957,4206.282227000001,4208.333496,4214.871582,4215.641113000001,4207.05127,4205.769043,4207.820313,4203.846191,4206.538574,4175.897461,4210.256348,4200.769043
4200.897461,4208.333496,4211.538574,4213.717772999999,4227.179688,4216.538574,4204.743652,4199.743652,4201.666504,4201.666504,4208.974121,4180.512695,4214.102539,4202.563965
4205.512695,4217.820313,4215.0,4214.487305,4226.538574,4210.384765999999,4206.794922,4203.077147999999,4198.205078,4201.794922,4210.897461,4184.102539,4220.641113000001,4207.820313
4214.358886999999,4228.333496,4223.846191,4220.512695,4220.769043,4207.94873,4207.05127,4202.179688,4198.077147999999,4207.436035,4215.897461,4185.641113000001,4226.794922,4216.538574
4224.487305,4235.256348,4237.307617,4230.256348,4219.358886999999,4200.641113000001,4192.307617,4200.641113000001,4199.871582,4216.794922,4227.692383,4193.589844,4238.846191,4226.153809
4223.333496,4230.384765999999,4238.717772999999,4230.256348,4223.717772999999,4191.794922,4177.05127,4196.922852000001,4197.692383,4212.307617,4229.871582,4196.538574,4242.692383,4226.282227000001
4212.563965,4218.461426,4227.307617,4218.974121,4222.05127,4189.358886999999,4175.128418,4188.717772999999,4193.974121,4200.0,4217.820313,4189.487305,4231.282227000001,4218.589844
4206.025879,4212.05127,4221.282227000001,4211.282227000001,4211.025879,4190.769043,4188.974121,4205.0,4202.94873,4203.461426,4214.358886999999,4189.230957,4225.384765999999,4215.0
4203.205078,4209.230957,4219.743652,4207.820313,4208.333496,4189.102539,4197.94873,4230.512695,4217.436035,4213.461426,4217.05127,4190.0,4225.128418,4212.179688
4196.922852000001,4201.410156,4211.025879,4200.512695,4212.307617,4193.717772999999,4192.307617,4215.0,4215.256348,4211.794922,4206.794922,4177.563965,4215.897461,4201.666504
4191.153809,4197.05127,4201.666504,4195.897461,4212.179688,4208.077147999999,4200.0,4198.333496,4208.205078,4205.897461,4196.666504,4171.410156,4207.563965,4194.102539
4187.05127,4196.922852000001,4198.461426,4194.230957,4211.282227000001,4211.666504,4209.871582,4221.282227000001,4213.205078,4202.94873,4196.153809,4178.717772999999,4204.743652,4194.743652
4187.307617,4202.692383,4202.05127,4200.641113000001,4216.666504,4207.94873,4202.692383,4230.256348,4223.333496,4207.179688,4201.922852000001,4184.615234000001,4209.102539,4200.769043
4197.820313,4212.436035,4210.512695,4212.05127,4221.794922,4215.128418,4195.897461,4216.410156,4227.436035,4218.077147999999,4211.153809,4188.974121,4223.205078,4212.820313
4208.205078,4213.717772999999,4216.025879,4213.846191,4224.871582,4224.871582,4200.641113000001,4205.256348,4218.077147999999,4217.436035,4210.256348,4192.820313,4228.205078,4216.410156
4207.05127,4209.615234000001,4215.641113000001,4212.692383,4228.974121,4220.897461,4206.153809,4192.563965,4198.333496,4200.512695,4197.307617,4191.794922,4214.230957,4208.205078
4207.05127,4210.256348,4219.487305,4218.589844,4229.743652,4211.282227000001,4204.871582,4200.512695,4191.153809,4193.974121,4194.743652,4197.307617,4206.666504,4210.384765999999
4218.846191,4218.461426,4234.615234000001,4226.153809,4231.922852000001,4209.871582,4193.461426,4211.794922,4200.769043,4207.436035,4208.846191,4212.179688,4222.820313,4226.538574
4223.461426,4220.128418,4241.025879,4225.0,4228.846191,4205.384765999999,4177.307617,4180.0,4195.0,4210.897461,4209.102539,4214.871582,4231.666504,4228.461426
4214.487305,4211.153809,4229.230957,4217.692383,4215.256348,4195.641113000001,4183.717772999999,4164.487305,4179.871582,4193.846191,4191.410156,4202.436035,4217.820313,4216.794922
4210.897461,4211.410156,4224.487305,4214.615234000001,4210.897461,4195.256348,4196.922852000001,4204.487305,4192.820313,4193.974121,4188.974121,4197.307617,4214.615234000001,4222.94873
4212.692383,4215.512695,4228.974121,4215.256348,4216.410156,4201.794922,4191.538574,4219.358886999999,4212.94873,4214.615234000001,4199.871582,4202.179688,4225.384765999999,4234.615234000001
4208.717772999999,4208.717772999999,4222.94873,4209.487305,4215.256348,4204.871582,4191.282227000001,4212.692383,4214.743652,4218.717772999999,4195.512695,4194.230957,4222.307617,4223.589844
4200.897461,4200.512695,4210.641113000001,4197.563965,4208.333496,4206.922852000001,4203.205078,4232.05127,4218.205078,4207.05127,4181.410156,4171.025879,4208.589844,4205.0
4199.230957,4199.102539,4203.846191,4194.358886999999,4201.794922,4208.589844,4204.358886999999,4230.897461,4222.94873,4201.153809,4175.512695,4161.282227000001,4201.153809,4202.436035
4202.472656,4200.641113000001,4208.021973,4197.856934,4201.135742,4206.465332,4202.05127,4225.622559,4217.655761999999,4199.633789,4179.230957,4164.926758,4202.838867,4206.263672
4205.714355,4202.179688,4212.197754,4201.355469,4200.476074,4204.34082,4199.743652,4220.348145,4212.362793,4198.11377,4182.94873,4168.571289,4204.523926,4210.091797
4208.956055,4203.717772999999,4216.373535,4204.853515999999,4199.816895,4202.216309,4197.436035,4215.073242,4207.069824,4196.593261999999,4186.666504,4172.216309,4206.208984000001,4213.919434
4212.197754,4205.256348,4220.549316,4208.351563,4199.157715,4200.091797,4195.128418,4209.79834,4201.776367,4195.073242,4190.384765999999,4175.86084,4207.893555,4217.74707
4215.439453,4206.794922,4224.725098,4211.849609000001,4198.498047,4197.966797,4192.820313,4204.523926,4196.483397999999,4193.553223,4194.102539,4179.505371,4209.578613000001,4221.575195
4218.681152,4208.333496,4228.900879,4215.348145,4197.838867,4195.842285,4190.512695,4199.249022999999,4191.19043,4192.033203,4197.820313,4183.150390999999,4211.263672,4225.402832
4221.922852000001,4209.871582,4233.077147999999,4218.846191,4197.179688,4193.717772999999,4188.205078,4193.974121,4185.897461,4190.512695,4201.538574,4186.794922,4212.94873,4229.230957
4220.897461,4205.512695,4226.025879,4213.077147999999,4196.794922,4191.922852000001,4178.717772999999,4188.077147999999,4183.974121,4190.897461,4202.94873,4188.974121,4211.794922,4226.282227000001
4222.94873,4204.230957,4223.717772999999,4210.641113000001,4202.179688,4188.333496,4169.230957,4192.05127,4193.589844,4201.538574,4207.692383,4190.769043,4213.974121,4227.820313
4225.769043,4210.641113000001,4230.641113000001,4217.179688,4201.153809,4194.102539,4185.897461,4220.641113000001,4214.615234000001,4217.307617,4218.846191,4196.794922,4223.589844,4235.769043
4226.410156,4212.436035,4230.897461,4216.410156,4200.512695,4203.846191,4198.589844,4226.410156,4221.794922,4219.871582,4222.692383,4198.974121,4227.05127,4238.461426
4223.205078,4206.794922,4221.538574,4210.256348,4208.077147999999,4211.538574,4198.077147999999,4207.179688,4217.563965,4217.436035,4219.230957,4192.563965,4221.666504,4230.641113000001
4214.615234000001,4206.794922,4211.025879,4210.641113000001,4213.846191,4220.128418,4204.743652,4207.692383,4220.897461,4218.333496,4214.871582,4181.025879,4216.153809,4219.230957
4206.794922,4210.128418,4205.128418,4208.974121,4215.128418,4226.922852000001,4208.589844,4212.563965,4221.025879,4214.358886999999,4207.820313,4174.487305,4215.384765999999,4213.205078
4204.358886999999,4198.974121,4203.461426,4197.179688,4208.461426,4221.794922,4206.282227000001,4205.897461,4209.230957,4205.256348,4200.128418,4178.974121,4210.256348,4211.410156
4201.922852000001,4187.563965,4204.871582,4190.384765999999,4200.641113000001,4213.717772999999,4212.05127,4216.794922,4203.461426,4197.179688,4196.410156,4183.589844,4198.077147999999,4206.794922
4202.94873,4193.974121,4208.077147999999,4198.077147999999,4202.436035,4209.358886999999,4207.94873,4220.512695,4199.358886999999,4190.769043,4197.692383,4180.897461,4193.974121,4203.205078
4208.077147999999,4199.615234000001,4212.179688,4204.615234000001,4200.256348,4200.0,4190.512695,4188.077147999999,4182.94873,4184.230957,4195.641113000001,4179.487305,4198.846191,4202.692383
4211.794922,4198.846191,4219.743652,4207.179688,4193.589844,4194.102539,4199.871582,4186.922852000001,4182.563965,4187.179688,4198.333496,4185.769043,4202.94873,4208.846191
4213.333496,4198.846191,4224.487305,4210.641113000001,4193.974121,4193.846191,4216.922852000001,4223.589844,4191.794922,4191.025879,4205.769043,4187.436035,4202.94873,4219.102539
4210.0,4202.05127,4222.05127,4211.282227000001,4198.717772999999,4190.769043,4193.717772999999,4201.282227000001,4174.487305,4180.769043,4203.461426,4182.436035,4201.666504,4220.641113000001
4208.717772999999,4208.333496,4216.153809,4210.641113000001,4202.820313,4191.282227000001,4164.871582,4145.384765999999,4159.743652,4178.205078,4199.871582,4181.025879,4204.358886999999,4216.025879
4210.0,4206.666504,4211.666504,4210.641113000001,4204.871582,4192.179688,4166.922852000001,4152.94873,4177.436035,4192.820313,4205.512695,4181.410156,4211.282227000001,4214.487305
4207.563965,4203.077147999999,4211.922852000001,4209.743652,4205.769043,4196.282227000001,4181.153809,4192.820313,4198.589844,4203.717772999999,4211.153809,4181.538574,4219.871582,4214.871582
4205.769043,4203.205078,4212.94873,4210.769043,4207.179688,4211.794922,4191.410156,4199.615234000001,4204.615234000001,4207.05127,4209.743652,4182.563965,4222.94873,4212.563965
4208.333496,4201.153809,4208.461426,4213.717772999999,4207.436035,4216.282227000001,4196.794922,4202.436035,4216.410156,4213.846191,4211.410156,4182.94873,4218.077147999999,4207.563965
4204.615234000001,4198.846191,4202.692383,4209.102539,4205.384765999999,4200.256348,4193.717772999999,4218.846191,4232.05127,4219.615234000001,4213.589844,4178.333496,4216.025879,4199.230957
4190.128418,4189.743652,4196.922852000001,4196.282227000001,4198.461426,4199.102539,4200.256348,4221.538574,4222.820313,4207.563965,4197.820313,4165.897461,4208.589844,4184.615234000001
4180.256348,4177.307617,4189.487305,4191.025879,4193.974121,4214.871582,4218.205078,4215.769043,4203.974121,4189.487305,4178.333496,4153.205078,4193.974121,4175.0
4178.461426,4178.077147999999,4187.179688,4193.461426,4194.487305,4207.820313,4205.641113000001,4207.179688,4201.410156,4185.128418,4178.205078,4153.205078,4191.282227000001,4178.205078
4181.666504,4187.436035,4192.820313,4193.846191,4192.692383,4188.077147999999,4183.717772999999,4195.512695,4200.384765999999,4187.436035,4183.589844,4164.615234000001,4193.461426,4186.025879
4187.436035,4189.102539,4200.256348,4195.0,4192.94873,4195.128418,4201.153809,4187.179688,4186.538574,4183.333496,4181.153809,4173.077147999999,4192.563965,4190.256348
4190.256348,4188.846191,4202.05127,4198.589844,4196.282227000001,4204.871582,4205.0,4178.846191,4177.563965,4178.333496,4181.922852000001,4175.512695,4200.128418,4193.589844
4201.153809,4200.128418,4209.487305,4206.282227000001,4201.282227000001,4192.692383,4176.922852000001,4188.461426,4187.692383,4188.461426,4194.358886999999,4183.077147999999,4210.0,4204.230957
4216.025879,4214.743652,4222.692383,4218.333496,4208.974121,4188.333496,4177.692383,4204.743652,4198.717772999999,4203.333496,4210.0,4195.128418,4214.743652,4219.358886999999
4218.589844,4216.153809,4225.256348,4223.717772999999,4213.205078,4201.025879,4192.94873,4186.025879,4196.410156,4207.563965,4217.820313,4202.179688,4222.94873,4225.0
4214.487305,4212.563965,4221.538574,4219.102539,4213.333496,4205.512695,4185.128418,4168.077147999999,4198.974121,4209.615234000001,4222.05127,4201.282227000001,4230.0,4220.128418
4207.179688,4213.333496,4217.692383,4212.692383,4210.384765999999,4203.205078,4182.05127,4194.871582,4213.846191,4216.794922,4219.358886999999,4195.769043,4223.846191,4215.256348
4197.179688,4210.0,4214.615234000001,4210.256348,4209.487305,4209.487305,4198.077147999999,4220.769043,4225.256348,4221.025879,4212.820313,4191.538574,4222.179688,4212.179688
4188.589844,4198.846191,4208.205078,4204.358886999999,4207.436035,4213.077147999999,4208.205078,4219.102539,4222.436035,4216.410156,4208.205078,4185.384765999999,4222.307617,4200.769043
4176.922852000001,4186.666504,4195.641113000001,4190.641113000001,4201.153809,4203.205078,4210.512695,4222.563965,4214.358886999999,4208.846191,4200.384765999999,4173.974121,4205.641113000001,4184.358886999999
4168.974121,4181.025879,4188.333496,4186.538574,4198.461426,4198.205078,4220.0,4231.666504,4211.666504,4206.153809,4193.077147999999,4166.794922,4191.538574,4178.974121
4173.077147999999,4183.333496,4191.794922,4193.333496,4200.0,4204.743652,4224.487305,4221.025879,4210.0,4203.589844,4191.666504,4170.512695,4193.461426,4182.563965
4179.230957,4188.205078,4198.077147999999,4197.94873,4200.512695,4206.025879,4220.0,4212.692383,4206.794922,4197.692383,4194.487305,4180.384765999999,4199.102539,4184.230957
4184.743652,4191.666504,4202.307617,4200.897461,4202.94873,4199.358886999999,4214.743652,4216.025879,4200.769043,4193.717772999999,4198.461426,4182.307617,4201.153809,4185.769043
4195.128418,4196.794922,4205.769043,4206.922852000001,4207.05127,4192.436035,4199.615234000001,4197.692383,4190.641113000001,4190.641113000001,4200.897461,4179.358886999999,4202.307617,4192.436035
4208.205078,4210.128418,4216.794922,4216.025879,4208.205078,4192.436035,4189.487305,4185.256348,4191.410156,4198.589844,4208.589844,4188.205078,4212.94873,4205.256348
4218.717772999999,4219.487305,4231.282227000001,4221.794922,4209.358886999999,4194.487305,4198.205078,4203.077147999999,4199.871582,4212.94873,4223.846191,4199.871582,4227.820313,4217.05127
4219.358886999999,4215.641113000001,4229.615234000001,4218.461426,4211.410156,4190.512695,4196.282227000001,4206.025879,4200.0,4210.897461,4229.102539,4195.897461,4228.846191,4219.487305
4213.333496,4212.179688,4219.230957,4215.384765999999,4210.897461,4191.410156,4177.94873,4192.436035,4202.692383,4206.410156,4219.615234000001,4186.410156,4224.102539,4215.897461
4207.94873,4210.769043,4214.102539,4211.538574,4207.820313,4196.282227000001,4171.282227000001,4205.641113000001,4214.871582,4213.589844,4213.974121,4185.512695,4224.743652,4206.538574
4200.384765999999,4202.05127,4208.717772999999,4204.871582,4201.153809,4195.128418,4183.846191,4244.230957,4230.384765999999,4219.487305,4215.512695,4185.256348,4224.102539,4198.333496
4184.230957,4186.666504,4197.179688,4197.820313,4192.563965,4191.410156,4196.410156,4251.025879,4229.102539,4206.666504,4206.282227000001,4172.563965,4210.0,4192.05127
4168.077147999999,4176.153809,4183.589844,4186.666504,4188.333496,4194.871582,4197.05127,4217.436035,4203.333496,4185.641113000001,4184.615234000001,4157.692383,4186.410156,4178.717772999999
4164.102539,4175.128418,4179.102539,4178.077147999999,4190.769043,4203.589844,4199.230957,4199.230957,4190.512695,4179.743652,4175.512695,4159.871582,4176.538574,4169.871582
4170.128418,4176.666504,4185.641113000001,4180.384765999999,4189.358886999999,4205.897461,4217.436035,4221.025879,4206.410156,4185.384765999999,4182.820313,4172.94873,4179.230957,4175.769043
4184.102539,4184.358886999999,4198.077147999999,4192.307617,4191.794922,4203.077147999999,4224.358886999999,4231.666504,4214.871582,4193.333496,4193.717772999999,4184.230957,4186.794922,4188.717772999999
4196.922852000001,4196.282227000001,4207.692383,4204.102539,4200.0,4195.641113000001,4205.0,4200.256348,4199.743652,4198.974121,4201.538574,4193.333496,4201.025879,4198.846191
4201.153809,4201.282227000001,4210.256348,4206.794922,4198.333496,4185.512695,4194.615234000001,4181.794922,4191.794922,4197.307617,4208.333496,4199.615234000001,4212.820313,4204.487305
4209.615234000001,4207.94873,4216.922852000001,4210.256348,4199.358886999999,4186.538574,4200.769043,4198.974121,4203.205078,4203.846191,4221.922852000001,4204.487305,4223.589844,4215.256348
4222.692383,4214.743652,4227.179688,4218.333496,4205.769043,4189.358886999999,4195.384765999999,4208.589844,4206.282227000001,4218.461426,4232.94873,4209.487305,4232.692383,4227.179688
4222.563965,4212.692383,4228.333496,4221.153809,4206.538574,4179.615234000001,4183.077147999999,4197.820313,4198.846191,4217.692383,4227.436035,4207.05127,4232.436035,4223.333496
4204.743652,4210.0,4216.666504,4215.769043,4205.769043,4178.717772999999,4177.307617,4192.307617,4202.563965,4207.94873,4217.307617,4195.256348,4225.897461,4205.769043
4182.94873,4202.563965,4203.205078,4207.692383,4201.538574,4186.410156,4173.077147999999,4209.615234000001,4216.153809,4207.692383,4210.897461,4185.512695,4215.384765999999,4192.05127
4171.410156,4188.077147999999,4199.871582,4201.922852000001,4198.077147999999,4189.102539,4183.589844,4228.717772999999,4221.025879,4208.205078,4201.153809,4183.589844,4201.410156,4185.769043
4171.666504,4184.743652,4197.563965,4201.282227000001,4200.769043,4191.538574,4198.077147999999,4221.410156,4215.769043,4199.743652,4190.384765999999,4180.256348,4192.692383,4181.025879
4174.230957,4197.692383,4191.666504,4204.871582,4203.461426,4193.077147999999,4190.769043,4197.94873,4209.743652,4194.230957,4188.717772999999,4173.717772999999,4196.282227000001,4178.077147999999
4175.897461,4205.512695,4190.384765999999,4208.077147999999,4203.461426,4194.487305,4187.820313,4200.769043,4209.487305,4198.077147999999,4190.0,4173.333496,4194.358886999999,4175.769043
4176.410156,4198.461426,4192.179688,4202.563965,4198.974121,4192.692383,4205.128418,4232.179688,4209.102539,4196.410156,4184.871582,4176.922852000001,4182.692383,4173.846191
4182.94873,4199.487305,4198.717772999999,4204.743652,4196.922852000001,4187.05127,4208.846191,4237.179688,4201.794922,4193.717772999999,4188.205078,4182.436035,4188.333496,4181.410156
4195.641113000001,4212.563965,4208.205078,4215.641113000001,4201.025879,4183.717772999999,4195.256348,4202.179688,4194.102539,4200.256348,4201.025879,4191.410156,4208.077147999999,4196.666504
4202.820313,4218.077147999999,4213.461426,4214.358886999999,4201.282227000001,4189.871582,4197.563965,4186.794922,4196.794922,4203.461426,4203.461426,4196.794922,4215.0,4203.205078
4198.205078,4213.717772999999,4211.922852000001,4209.230957,4197.692383,4192.179688,4206.922852000001,4206.025879,4199.743652,4196.666504,4197.94873,4194.230957,4208.077147999999,4196.794922
4192.05127,4211.153809,4209.230957,4211.666504,4202.94873,4179.358886999999,4197.692383,4207.94873,4188.077147999999,4193.333496,4194.615234000001,4195.512695,4204.102539,4189.487305
4198.461426,4215.897461,4212.820313,4216.666504,4214.230957,4174.743652,4184.615234000001,4191.025879,4186.282227000001,4199.615234000001,4196.153809,4203.077147999999,4212.563965,4191.153809
4199.230957,4217.179688,4213.589844,4217.179688,4214.871582,4186.282227000001,4184.615234000001,4198.461426,4204.358886999999,4203.974121,4195.897461,4197.563965,4217.179688,4192.692383
4180.897461,4207.436035,4200.256348,4209.358886999999,4207.179688,4193.333496,4182.820313,4198.333496,4203.846191,4192.179688,4180.128418,4175.384765999999,4197.179688,4181.410156
4170.769043,4199.615234000001,4189.102539,4202.436035,4203.205078,4189.743652,4176.025879,4182.05127,4191.153809,4181.153809,4161.025879,4162.436035,4179.487305,4171.410156
4176.538574,4197.307617,4190.256348,4199.230957,4194.743652,4187.436035,4184.743652,4193.461426,4193.077147999999,4183.717772999999,4157.307617,4163.717772999999,4181.282227000001,4172.179688
4178.205078,4198.205078,4190.897461,4195.769043,4187.05127,4191.922852000001,4200.0,4212.436035,4197.820313,4188.461426,4162.563965,4166.282227000001,4180.641113000001,4178.461426
4179.102539,4202.692383,4191.922852000001,4193.077147999999,4188.589844,4192.307617,4201.025879,4211.282227000001,4201.666504,4194.743652,4169.102539,4172.692383,4178.974121,4185.897461
4190.128418,4202.820313,4195.641113000001,4194.230957,4187.05127,4184.358886999999,4201.282227000001,4209.615234000001,4205.512695,4200.641113000001,4177.436035,4181.794922,4183.205078,4189.487305
4199.487305,4203.205078,4197.307617,4200.0,4185.897461,4186.538574,4216.666504,4226.922852000001,4207.05127,4201.410156,4182.563965,4186.410156,4186.794922,4192.94873
4204.358886999999,4209.871582,4202.692383,4205.897461,4191.153809,4198.589844,4227.692383,4246.922852000001,4212.692383,4203.461426,4186.025879,4190.384765999999,4191.282227000001,4203.077147999999
4214.230957,4215.256348,4211.666504,4211.538574,4193.461426,4197.692383,4224.743652,4238.461426,4213.205078,4211.666504,4197.307617,4194.871582,4202.692383,4214.358886999999
4221.410156,4217.307617,4216.025879,4216.410156,4193.333496,4191.538574,4219.358886999999,4216.794922,4205.512695,4211.538574,4204.487305,4192.94873,4206.153809,4215.641113000001
4214.102539,4213.717772999999,4209.230957,4210.512695,4190.384765999999,4188.461426,4202.692383,4206.794922,4195.769043,4192.692383,4191.794922,4181.410156,4190.256348,4209.230957
4207.94873,4207.05127,4202.179688,4202.563965,4183.974121,4184.358886999999,4188.846191,4198.461426,4188.461426,4183.846191,4183.333496,4170.769043,4179.358886999999,4205.769043
4214.615234000001,4212.05127,4206.666504,4209.871582,4190.384765999999,4185.897461,4189.102539,4187.179688,4193.077147999999,4196.410156,4195.641113000001,4171.794922,4191.025879,4205.769043
4212.436035,4217.820313,4207.179688,4215.128418,4201.153809,4198.077147999999,4189.358886999999,4194.102539,4207.563965,4205.384765999999,4203.461426,4177.05127,4203.589844,4201.666504
4196.538574,4204.743652,4192.94873,4201.666504,4194.871582,4207.179688,4191.794922,4209.230957,4212.05127,4202.179688,4194.102539,4172.692383,4196.538574,4191.922852000001
4188.846191,4190.0,4180.641113000001,4190.769043,4183.333496,4201.282227000001,4196.538574,4206.282227000001,4203.077147999999,4196.922852000001,4186.538574,4166.025879,4181.153809,4181.282227000001
4193.974121,4194.743652,4186.538574,4198.589844,4188.589844,4197.820313,4201.153809,4204.743652,4205.384765999999,4198.589844,4192.307617,4169.743652,4182.563965,4181.025879
4201.538574,4203.589844,4198.077147999999,4207.692383,4199.615234000001,4205.0,4212.05127,4223.717772999999,4222.94873,4209.358886999999,4202.820313,4179.615234000001,4197.94873,4193.077147999999
4203.333496,4198.589844,4198.205078,4202.179688,4189.615234000001,4203.717772999999,4219.743652,4242.307617,4226.922852000001,4214.102539,4206.538574,4182.94873,4198.077147999999,4200.384765999999
4206.410156,4202.179688,4204.358886999999,4202.179688,4182.692383,4198.205078,4218.846191,4244.102539,4214.230957,4206.794922,4208.077147999999,4181.410156,4194.487305,4200.384765999999
4220.0,4219.487305,4221.025879,4215.769043,4197.692383,4202.05127,4217.307617,4231.282227000001,4210.256348,4207.94873,4216.153809,4186.153809,4209.871582,4208.846191
4232.307617,4224.230957,4226.538574,4219.358886999999,4209.358886999999,4204.487305,4214.358886999999,4223.846191,4217.94873,4222.05127,4228.846191,4193.974121,4220.769043,4222.563965
4229.615234000001,4216.282227000001,4221.153809,4211.538574,4205.641113000001,4194.743652,4201.282227000001,4216.666504,4212.05127,4226.666504,4233.205078,4191.153809,4214.230957,4225.128418
4220.641113000001,4209.487305,4218.974121,4209.871582,4193.974121,4185.641113000001,4187.94873,4200.769043,4197.05127,4216.153809,4224.102539,4180.897461,4207.563965,4215.256348
4213.333496,4203.333496,4217.94873,4209.230957,4186.410156,4191.538574,4192.179688,4199.102539,4198.589844,4208.461426,4214.615234000001,4172.436035,4202.05127,4205.0
4200.128418,4192.05127,4205.641113000001,4197.692383,4185.512695,4201.282227000001,4199.615234000001,4200.641113000001,4202.692383,4202.563965,4205.256348,4158.846191,4186.410156,4193.205078
4191.153809,4186.922852000001,4193.333496,4190.897461,4188.205078,4196.922852000001,4188.077147999999,4189.615234000001,4199.102539,4197.563965,4195.512695,4147.94873,4181.025879,4181.025879
4193.974121,4194.615234000001,4191.794922,4198.846191,4190.128418,4196.153809,4180.256348,4194.230957,4210.897461,4205.769043,4198.077147999999,4151.538574,4193.077147999999,4181.538574
4193.461426,4199.358886999999,4191.025879,4200.0,4196.282227000001,4213.077147999999,4195.128418,4213.846191,4225.128418,4211.794922,4203.846191,4156.538574,4193.205078,4186.794922
4189.743652,4197.692383,4191.153809,4194.615234000001,4204.871582,4220.512695,4210.769043,4223.077147999999,4218.974121,4207.94873,4203.846191,4154.358886999999,4183.974121,4184.102539
4193.846191,4196.282227000001,4197.307617,4196.153809,4196.922852000001,4203.077147999999,4208.717772999999,4220.0,4207.179688,4206.794922,4207.820313,4161.153809,4188.333496,4187.436035
4203.205078,4198.717772999999,4201.666504,4195.641113000001,4182.94873,4195.128418,4210.128418,4228.846191,4211.410156,4208.974121,4215.769043,4175.0,4198.461426,4200.128418
4212.563965,4205.384765999999,4205.512695,4193.974121,4189.871582,4206.538574,4221.153809,4250.0,4226.153809,4215.897461,4221.025879,4179.743652,4202.94873,4203.846191
4216.153809,4209.871582,4212.05127,4201.410156,4199.102539,4198.589844,4211.922852000001,4244.615234000001,4223.717772999999,4219.743652,4217.94873,4177.94873,4202.563965,4197.436035
4211.666504,4211.538574,4216.410156,4209.230957,4194.743652,4182.307617,4205.256348,4222.179688,4210.256348,4217.94873,4213.205078,4182.436035,4204.102539,4197.563965
4209.487305,4210.256348,4219.487305,4207.820313,4190.641113000001,4188.333496,4216.282227000001,4221.538574,4208.333496,4218.846191,4217.563965,4190.769043,4208.589844,4202.563965
4214.358886999999,4210.0,4223.717772999999,4206.410156,4188.589844,4195.641113000001,4199.487305,4212.179688,4203.589844,4212.179688,4220.0,4192.436035,4209.615234000001,4201.922852000001
4213.333496,4212.692383,4220.897461,4208.589844,4191.282227000001,4189.102539,4167.05127,4183.846191,4190.256348,4198.077147999999,4212.307617,4188.717772999999,4207.692383,4198.589844
4199.358886999999,4204.743652,4208.205078,4201.025879,4190.769043,4185.256348,4171.282227000001,4185.128418,4185.641113000001,4192.05127,4201.922852000001,4178.846191,4202.436035,4193.333496
4193.205078,4194.487305,4201.282227000001,4193.974121,4183.974121,4195.897461,4192.436035,4205.769043,4194.615234000001,4197.820313,4199.358886999999,4171.025879,4196.025879,4188.974121
4198.205078,4200.256348,4200.769043,4196.666504,4184.358886999999,4206.922852000001,4197.563965,4197.820313,4203.205078,4202.94873,4201.794922,4176.153809,4189.871582,4191.922852000001
4193.589844,4206.282227000001,4195.897461,4196.282227000001,4192.820313,4205.256348,4199.743652,4182.820313,4202.94873,4198.974121,4199.871582,4177.692383,4184.102539,4195.0
4191.794922,4203.717772999999,4198.205078,4196.410156,4199.871582,4203.333496,4203.077147999999,4202.563965,4206.666504,4200.256348,4202.179688,4171.410156,4188.461426,4197.436035
4203.974121,4206.538574,4208.205078,4201.153809,4202.307617,4206.922852000001,4199.871582,4229.358886999999,4218.333496,4212.692383,4212.563965,4174.102539,4200.128418,4204.230957
4211.153809,4211.282227000001,4209.487305,4201.410156,4199.615234000001,4207.692383,4203.846191,4224.487305,4223.077147999999,4218.974121,4218.846191,4180.384765999999,4203.205078,4208.717772999999
4204.102539,4201.922852000001,4202.94873,4195.512695,4191.666504,4206.025879,4215.769043,4208.205078,4214.743652,4211.153809,4213.846191,4176.538574,4193.205078,4205.128418
4197.563965,4193.333496,4201.153809,4190.256348,4184.358886999999,4199.487305,4212.436035,4217.436035,4208.205078,4203.205078,4205.769043,4172.05127,4182.94873,4198.846191
4199.615234000001,4204.487305,4203.461426,4195.0,4181.538574,4187.692383,4191.153809,4228.461426,4211.666504,4205.512695,4204.487305,4172.820313,4183.589844,4198.717772999999
4200.769043,4215.384765999999,4201.794922,4202.820313,4181.282227000001,4183.846191,4178.974121,4202.179688,4206.538574,4204.230957,4203.077147999999,4170.769043,4189.358886999999,4197.820313
4199.358886999999,4211.922852000001,4198.846191,4204.743652,4186.410156,4192.179688,4186.922852000001,4174.743652,4192.307617,4198.333496,4198.461426,4165.897461,4191.410156,4190.897461
4198.974121,4210.256348,4202.05127,4203.461426,4190.0,4196.538574,4196.410156,4181.922852000001,4187.179688,4196.410156,4197.563965,4161.538574,4187.179688,4186.410156
4199.615234000001,4210.0,4202.436035,4199.487305,4186.794922,4191.538574,4191.538574,4183.205078,4188.846191,4194.487305,4198.846191,4162.179688,4175.128418,4187.692383
4205.769043,4208.333496,4199.358886999999,4198.846191,4190.897461,4194.743652,4182.563965,4170.256348,4195.128418,4198.846191,4202.692383,4168.974121,4170.641113000001,4191.922852000001
4208.077147999999,4207.820313,4195.384765999999,4196.666504,4194.230957,4198.461426,4180.0,4183.333496,4205.897461,4206.666504,4207.307617,4171.153809,4176.025879,4192.436035
4200.512695,4204.358886999999,4192.307617,4189.871582,4180.0,4188.205078,4186.153809,4208.974121,4211.538574,4205.256348,4209.743652,4170.512695,4172.05127,4192.563965
4200.256348,4204.102539,4194.615234000001,4193.589844,4178.846191,4186.794922,4196.666504,4216.794922,4213.333496,4203.717772999999,4211.666504,4176.794922,4171.922852000001,4196.794922
4204.487305,4209.230957,4193.717772999999,4199.102539,4194.615234000001,4203.077147999999,4200.0,4214.487305,4211.794922,4206.666504,4211.282227000001,4183.589844,4185.384765999999,4195.897461
4203.589844,4213.205078,4192.820313,4194.743652,4197.94873,4212.563965,4202.436035,4204.487305,4204.615234000001,4207.307617,4209.230957,4188.717772999999,4194.102539,4194.615234000001
4203.717772999999,4210.512695,4197.179688,4194.743652,4198.333496,4206.794922,4206.922852000001,4204.358886999999,4206.153809,4206.538574,4207.179688,4190.641113000001,4192.179688,4198.205078
4198.205078,4199.358886999999,4196.538574,4194.358886999999,4200.256348,4197.436035,4206.282227000001,4237.563965,4212.563965,4197.94873,4201.153809,4182.307617,4183.717772999999,4192.05127
4192.179688,4193.717772999999,4194.615234000001,4187.179688,4193.461426,4196.153809,4200.641113000001,4233.333496,4200.128418,4187.05127,4194.102539,4177.692383,4177.692383,4182.179688
4200.256348,4203.589844,4204.487305,4193.717772999999,4188.846191,4199.743652,4190.769043,4173.717772999999,4189.230957,4195.512695,4194.615234000001,4184.743652,4184.230957,4186.025879
4207.179688,4210.384765999999,4212.692383,4205.512695,4193.205078,4201.282227000001,4190.0,4165.897461,4198.974121,4203.461426,4195.769043,4183.205078,4189.871582,4188.461426
4193.717772999999,4197.692383,4199.871582,4195.384765999999,4189.358886999999,4197.692383,4200.769043,4198.205078,4198.205078,4187.820313,4186.794922,4170.256348,4178.077147999999,4175.0
4179.615234000001,4188.077147999999,4183.205078,4181.538574,4179.743652,4192.563965,4194.615234000001,4180.256348,4182.05127,4177.820313,4177.179688,4164.487305,4167.820313,4163.077147999999
4183.717772999999,4196.922852000001,4184.358886999999,4188.077147999999,4188.333496,4199.230957,4183.077147999999,4167.05127,4188.205078,4190.384765999999,4182.563965,4171.794922,4173.846191,4170.128418
4190.256348,4201.538574,4190.128418,4193.974121,4198.974121,4204.230957,4187.307617,4193.846191,4197.436035,4192.94873,4191.538574,4180.0,4176.410156,4180.128418
4189.871582,4195.0,4189.358886999999,4186.153809,4192.05127,4194.102539,4194.871582,4199.487305,4184.102539,4181.666504,4191.922852000001,4184.871582,4176.538574,4181.153809
4194.102539,4198.205078,4196.922852000001,4184.358886999999,4186.025879,4188.077147999999,4202.179688,4204.487305,4187.563965,4188.461426,4198.717772999999,4190.512695,4190.769043,4186.922852000001
4207.436035,4211.153809,4212.05127,4197.563965,4195.769043,4189.743652,4199.358886999999,4216.153809,4202.563965,4203.974121,4212.05127,4200.897461,4206.538574,4201.666504
4221.153809,4227.820313,4221.922852000001,4218.846191,4216.794922,4195.769043,4179.487305,4198.333496,4204.102539,4215.128418,4222.436035,4212.179688,4215.0,4213.333496
4216.922852000001,4230.769043,4221.922852000001,4224.230957,4226.794922,4200.769043,4174.871582,4194.358886999999,4209.743652,4224.871582,4223.205078,4212.179688,4213.205078,4211.666504
4196.922852000001,4210.641113000001,4210.0,4207.820313,4212.436035,4198.461426,4201.538574,4230.512695,4223.333496,4221.794922,4212.820313,4201.538574,4197.563965,4197.820313
4190.641113000001,4204.230957,4203.717772999999,4204.743652,4202.436035,4197.307617,4201.666504,4235.897461,4225.0,4216.153809,4207.436035,4196.025879,4192.436035,4190.384765999999
4198.333496,4210.512695,4205.512695,4210.897461,4206.282227000001,4204.102539,4172.05127,4200.897461,4211.025879,4215.0,4206.922852000001,4199.102539,4201.025879,4191.666504
4192.94873,4195.384765999999,4198.974121,4196.666504,4195.512695,4210.0,4187.179688,4209.102539,4207.179688,4204.615234000001,4198.974121,4195.641113000001,4195.641113000001,4185.128418
4186.025879,4186.153809,4195.256348,4187.307617,4186.153809,4202.94873,4214.743652,4232.179688,4210.641113000001,4193.846191,4193.846191,4190.256348,4185.641113000001,4179.102539
4192.179688,4201.410156,4201.153809,4199.358886999999,4202.179688,4197.820313,4191.410156,4197.436035,4202.05127,4200.641113000001,4198.846191,4192.94873,4194.615234000001,4187.436035
4191.153809,4205.256348,4200.256348,4199.102539,4211.538574,4204.871582,4180.769043,4163.333496,4191.538574,4205.897461,4200.512695,4192.05127,4202.692383,4195.384765999999
4180.641113000001,4190.128418,4193.077147999999,4184.230957,4199.230957,4202.436035,4213.846191,4197.820313,4196.538574,4196.153809,4194.102539,4188.077147999999,4192.94873,4195.384765999999
4183.205078,4189.358886999999,4195.128418,4186.025879,4199.615234000001,4193.717772999999,4215.128418,4226.153809,4205.512695,4197.436035,4191.666504,4194.230957,4193.974121,4199.102539
4195.128418,4199.871582,4202.94873,4196.153809,4211.025879,4200.897461,4186.282227000001,4198.846191,4200.897461,4210.641113000001,4195.384765999999,4201.153809,4201.538574,4204.615234000001
4200.0,4202.307617,4208.077147999999,4198.717772999999,4207.820313,4206.282227000001,4190.512695,4183.717772999999,4198.333496,4211.025879,4196.666504,4200.0,4185.641113000001,4210.0
4201.794922,4204.487305,4214.230957,4202.820313,4204.615234000001,4197.179688,4209.230957,4196.410156,4206.153809,4208.205078,4195.641113000001,4201.282227000001,4170.769043,4218.077147999999
4202.179688,4206.410156,4217.307617,4203.589844,4205.769043,4195.512695,4197.820313,4192.179688,4209.615234000001,4210.256348,4193.589844,4199.743652,4167.563965,4217.692383
4201.025879,4202.436035,4213.717772999999,4197.563965,4201.025879,4202.94873,4178.846191,4181.282227000001,4209.743652,4211.538574,4191.410156,4191.410156,4160.256348,4211.538574
4202.307617,4202.179688,4211.025879,4198.974121,4199.871582,4200.897461,4187.94873,4198.333496,4218.077147999999,4215.512695,4193.974121,4189.230957,4169.358886999999,4209.358886999999
4201.282227000001,4202.820313,4205.384765999999,4199.615234000001,4200.641113000001,4194.487305,4199.871582,4212.436035,4223.333496,4216.794922,4189.487305,4187.563965,4191.025879,4204.743652
4194.102539,4196.922852000001,4193.846191,4188.717772999999,4191.922852000001,4201.282227000001,4201.538574,4211.922852000001,4217.179688,4206.410156,4177.436035,4174.487305,4190.384765999999,4195.256348
4184.358886999999,4187.94873,4182.05127,4179.230957,4181.794922,4208.846191,4211.282227000001,4218.589844,4212.05127,4195.0,4172.05127,4161.025879,4175.0,4187.563965
4176.410156,4182.436035,4176.922852000001,4177.436035,4184.615234000001,4204.487305,4218.974121,4212.692383,4207.94873,4193.333496,4171.538574,4158.717772999999,4176.666504,4184.230957
4177.436035,4183.205078,4179.487305,4177.307617,4191.153809,4204.871582,4213.333496,4203.077147999999,4206.153809,4195.641113000001,4176.794922,4166.538574,4193.077147999999,4190.256348
4194.615234000001,4193.589844,4189.358886999999,4183.974121,4194.230957,4213.589844,4207.05127,4205.897461,4205.769043,4198.461426,4193.205078,4177.94873,4205.897461,4205.512695
4211.025879,4205.641113000001,4200.384765999999,4196.794922,4198.974121,4208.077147999999,4203.205078,4197.94873,4196.666504,4201.282227000001,4206.282227000001,4185.128418,4210.641113000001,4215.897461
4209.743652,4207.179688,4207.94873,4202.05127,4198.205078,4187.820313,4194.230957,4181.666504,4187.307617,4197.436035,4203.974121,4190.256348,4215.256348,4216.153809
4207.307617,4204.615234000001,4213.717772999999,4199.230957,4190.897461,4179.487305,4181.153809,4178.974121,4188.077147999999,4195.769043,4202.563965,4195.512695,4223.846191,4215.384765999999
4209.871582,4203.333496,4213.589844,4198.461426,4188.333496,4183.333496,4174.230957,4177.307617,4192.05127,4201.666504,4206.666504,4191.538574,4225.641113000001,4216.282227000001
4204.615234000001,4193.846191,4204.358886999999,4196.410156,4185.128418,4182.436035,4174.743652,4175.256348,4193.205078,4196.410156,4200.256348,4182.692383,4216.922852000001,4207.820313
4201.410156,4188.333496,4200.512695,4194.358886999999,4184.487305,4183.333496,4180.384765999999,4197.94873,4204.102539,4192.563965,4196.922852000001,4185.256348,4216.025879,4201.410156
4207.563965,4194.358886999999,4204.230957,4192.94873,4194.743652,4193.846191,4186.922852000001,4217.563965,4220.897461,4209.358886999999,4208.974121,4192.05127,4224.358886999999,4211.282227000001
4203.205078,4190.512695,4197.563965,4185.256348,4195.256348,4199.358886999999,4193.974121,4210.512695,4222.436035,4214.487305,4209.871582,4187.179688,4219.615234000001,4213.205078
4188.205078,4177.179688,4184.102539,4175.641113000001,4186.538574,4204.102539,4204.358886999999,4207.05127,4214.871582,4200.769043,4195.769043,4180.128418,4202.563965,4196.282227000001
4182.307617,4172.94873,4179.102539,4172.820313,4185.384765999999,4213.077147999999,4209.871582,4204.102539,4208.974121,4193.974121,4190.769043,4177.94873,4193.333496,4184.487305
4191.538574,4183.077147999999,4185.128418,4179.615234000001,4190.0,4214.487305,4207.820313,4196.794922,4206.538574,4193.589844,4194.615234000001,4179.487305,4193.589844,4190.256348
4200.256348,4192.692383,4192.179688,4187.692383,4188.205078,4208.205078,4204.487305,4195.769043,4201.538574,4187.179688,4191.666504,4182.307617,4191.538574,4198.077147999999
4194.615234000001,4189.871582,4189.615234000001,4186.153809,4181.410156,4195.769043,4197.692383,4190.256348,4188.205078,4176.538574,4186.282227000001,4183.589844,4186.410156,4194.358886999999
4199.871582,4195.641113000001,4195.641113000001,4191.410156,4188.974121,4186.794922,4189.102539,4190.769043,4188.589844,4181.410156,4200.0,4193.589844,4200.128418,4200.0
4220.512695,4214.102539,4212.820313,4207.820313,4201.922852000001,4185.512695,4187.563965,4199.102539,4200.384765999999,4200.897461,4222.05127,4211.794922,4222.692383,4221.153809
4221.666504,4217.436035,4215.384765999999,4211.666504,4198.205078,4179.743652,4187.307617,4184.871582,4191.025879,4203.717772999999,4223.846191,4218.205078,4221.410156,4227.179688
4212.563965,4208.333496,4209.743652,4205.641113000001,4189.743652,4175.256348,4178.077147999999,4162.820313,4172.94873,4189.871582,4216.282227000001,4211.922852000001,4212.563965,4217.563965
4220.0,4212.307617,4216.538574,4208.333496,4196.922852000001,4177.94873,4170.256348,4167.436035,4176.538574,4191.282227000001,4224.871582,4213.461426,4222.436035,4221.282227000001
4228.974121,4220.0,4224.871582,4214.487305,4204.102539,4177.94873,4171.153809,4180.256348,4192.179688,4205.256348,4235.256348,4220.384765999999,4233.077147999999,4228.589844
4216.922852000001,4207.94873,4213.077147999999,4206.153809,4197.05127,4173.846191,4171.922852000001,4184.615234000001,4197.307617,4205.0,4221.794922,4212.179688,4220.128418,4212.820313
4198.461426,4190.769043,4192.94873,4191.922852000001,4192.820313,4179.102539,4179.102539,4191.538574,4203.461426,4199.871582,4206.025879,4195.769043,4203.461426,4193.077147999999
4192.692383,4187.05127,4188.974121,4190.0,4193.205078,4191.538574,4195.641113000001,4201.025879,4220.0,4209.871582,4207.94873,4192.307617,4203.974121,4194.102539
4187.820313,4179.230957,4186.410156,4183.589844,4183.077147999999,4198.589844,4199.615234000001,4206.282227000001,4221.538574,4210.641113000001,4201.410156,4189.743652,4201.794922,4191.666504
4178.077147999999,4170.769043,4175.512695,4171.666504,4177.436035,4198.846191,4190.641113000001,4207.05127,4209.102539,4197.436035,4183.205078,4175.769043,4189.615234000001,4174.871582
4175.384765999999,4177.563965,4173.461426,4174.743652,4184.358886999999,4193.589844,4194.102539,4204.487305,4207.563965,4192.820313,4180.641113000001,4166.922852000001,4182.94873,4169.615234000001
4178.717772999999,4177.563965,4180.897461,4181.282227000001,4180.256348,4192.179688,4205.512695,4201.025879,4206.025879,4189.871582,4183.589844,4173.589844,4182.692383,4175.512695
4183.333496,4174.743652,4184.615234000001,4181.666504,4174.102539,4200.769043,4202.05127,4198.717772999999,4197.179688,4186.282227000001,4182.692383,4180.512695,4187.94873,4180.769043
4188.717772999999,4190.384765999999,4185.128418,4188.205078,4188.461426,4202.820313,4181.538574,4189.871582,4191.282227000001,4189.487305,4189.743652,4180.769043,4196.538574,4188.461426
4193.589844,4207.179688,4192.179688,4200.512695,4203.974121,4195.384765999999,4168.205078,4175.769043,4186.410156,4192.307617,4198.333496,4184.102539,4203.589844,4196.282227000001
4201.025879,4210.769043,4201.922852000001,4207.94873,4199.487305,4191.538574,4173.205078,4168.974121,4179.743652,4189.487305,4202.05127,4192.307617,4208.846191,4201.153809
4217.563965,4218.974121,4214.230957,4215.256348,4195.769043,4188.077147999999,4178.846191,4170.0,4181.794922,4194.358886999999,4213.589844,4207.692383,4219.487305,4215.256348
4235.384765999999,4234.230957,4231.282227000001,4228.205078,4208.846191,4186.410156,4180.641113000001,4192.692383,4200.256348,4212.563965,4232.820313,4228.589844,4236.538574,4236.538574
4235.769043,4233.717772999999,4235.0,4232.05127,4211.922852000001,4185.769043,4181.025879,4230.256348,4221.282227000001,4218.077147999999,4236.410156,4228.974121,4237.692383,4238.461426
4223.589844,4219.487305,4222.820313,4221.282227000001,4203.077147999999,4182.563965,4185.0,4235.897461,4224.871582,4208.205078,4223.846191,4205.384765999999,4219.358886999999,4221.282227000001
4206.153809,4202.179688,4206.666504,4205.384765999999,4198.974121,4195.897461,4196.153809,4201.282227000001,4212.563965,4204.102539,4208.333496,4185.0,4202.563965,4204.230957
4182.820313,4181.153809,4186.282227000001,4185.384765999999,4190.641113000001,4212.820313,4205.641113000001,4181.153809,4203.077147999999,4196.794922,4188.974121,4172.307617,4183.846191,4185.384765999999
4170.0,4172.820313,4171.282227000001,4177.05127,4182.820313,4209.871582,4217.307617,4209.487305,4215.641113000001,4192.05127,4182.692383,4164.487305,4170.641113000001,4168.846191
4170.641113000001,4179.102539,4170.897461,4182.692383,4186.025879,4206.538574,4223.589844,4229.615234000001,4230.128418,4200.769043,4189.487305,4166.922852000001,4176.153809,4166.025879
4167.436035,4178.461426,4169.487305,4181.666504,4184.615234000001,4213.717772999999,4220.641113000001,4219.102539,4220.769043,4199.487305,4184.743652,4166.922852000001,4176.410156,4167.436035
4161.153809,4174.487305,4163.205078,4176.153809,4180.256348,4210.128418,4216.282227000001,4216.410156,4206.922852000001,4183.846191,4173.589844,4160.384765999999,4161.794922,4163.333496
4166.153809,4183.333496,4166.922852000001,4181.025879,4191.410156,4195.641113000001,4199.230957,4202.820313,4198.205078,4178.589844,4175.512695,4162.179688,4161.538574,4167.179688
4179.230957,4199.871582,4178.077147999999,4192.179688,4206.282227000001,4191.922852000001,4179.615234000001,4171.025879,4187.307617,4183.077147999999,4184.487305,4170.769043,4177.692383,4179.358886999999
4185.512695,4207.05127,4183.717772999999,4195.512695,4206.025879,4197.307617,4182.436035,4161.282227000001,4177.05127,4178.589844,4185.0,4172.692383,4174.230957,4180.641113000001
4189.358886999999,4206.794922,4186.538574,4195.256348,4203.333496,4198.333496,4185.641113000001,4168.077147999999,4171.538574,4170.128418,4180.512695,4174.615234000001,4153.846191,4178.846191
4203.333496,4217.05127,4197.563965,4207.436035,4210.641113000001,4193.205078,4173.589844,4160.641113000001,4169.230957,4175.641113000001,4187.94873,4184.102539,4152.820313,4193.333496
4217.94873,4231.282227000001,4210.769043,4222.179688,4210.0,4185.128418,4175.256348,4161.922852000001,4170.897461,4187.563965,4203.077147999999,4192.94873,4161.922852000001,4207.436035
4219.743652,4230.128418,4214.487305,4222.307617,4203.589844,4183.589844,4185.512695,4178.846191,4180.512695,4198.333496,4213.974121,4195.384765999999,4169.102539,4208.205078
4213.077147999999,4220.384765999999,4214.102539,4217.692383,4207.94873,4185.512695,4181.666504,4196.922852000001,4195.897461,4207.820313,4218.333496,4194.358886999999,4184.615234000001,4208.205078
4204.358886999999,4212.307617,4208.461426,4213.717772999999,4205.0,4182.436035,4187.307617,4215.256348,4210.512695,4209.102539,4213.717772999999,4192.692383,4188.461426,4201.410156
4192.05127,4201.794922,4193.717772999999,4203.717772999999,4191.922852000001,4187.05127,4207.820313,4217.307617,4221.282227000001,4206.282227000001,4203.205078,4186.794922,4168.461426,4185.0
4183.846191,4195.128418,4186.153809,4196.922852000001,4191.666504,4196.153809,4202.179688,4221.025879,4236.410156,4215.256348,4202.94873,4182.820313,4158.077147999999,4179.358886999999
4189.358886999999,4205.897461,4192.94873,4206.410156,4203.077147999999,4196.922852000001,4181.922852000001,4244.358886999999,4251.282227000001,4233.974121,4216.410156,4185.384765999999,4168.205078,4186.922852000001
4188.461426,4213.461426,4190.256348,4208.846191,4208.333496,4197.563965,4182.307617,4225.256348,4237.563965,4228.205078,4211.153809,4176.794922,4166.410156,4181.410156
4170.897461,4199.487305,4172.692383,4190.256348,4202.436035,4204.230957,4181.538574,4173.974121,4206.153809,4198.974121,4182.692383,4161.922852000001,4150.897461,4162.692383
4166.538574,4195.384765999999,4171.282227000001,4185.769043,4200.769043,4209.487305,4176.922852000001,4181.282227000001,4204.871582,4192.307617,4176.153809,4163.846191,4153.974121,4163.717772999999
4176.282227000001,4203.846191,4181.153809,4195.641113000001,4202.307617,4203.974121,4186.922852000001,4211.153809,4214.871582,4201.538574,4188.205078,4171.410156,4164.230957,4174.230957
4178.589844,4201.794922,4180.128418,4197.820313,4201.666504,4196.794922,4193.589844,4191.666504,4194.358886999999,4191.922852000001,4183.974121,4171.153809,4161.282227000001,4173.077147999999
4185.128418,4207.05127,4184.102539,4204.615234000001,4207.692383,4196.282227000001,4185.128418,4178.077147999999,4177.307617,4179.358886999999,4180.128418,4177.94873,4169.358886999999,4179.358886999999
4198.589844,4224.230957,4199.487305,4218.077147999999,4214.358886999999,4195.897461,4182.179688,4185.769043,4178.717772999999,4184.871582,4193.461426,4188.077147999999,4189.615234000001,4195.256348
4204.871582,4229.358886999999,4210.256348,4223.589844,4209.358886999999,4190.769043,4186.282227000001,4165.897461,4165.128418,4189.615234000001,4200.897461,4191.922852000001,4194.358886999999,4198.461426
4202.05127,4227.692383,4211.410156,4218.205078,4196.922852000001,4175.0,4176.922852000001,4145.512695,4143.974121,4179.615234000001,4196.922852000001,4192.307617,4187.179688,4192.436035
4198.974121,4228.717772999999,4210.128418,4212.179688,4193.333496,4162.94873,4164.487305,4148.717772999999,4145.256348,4173.077147999999,4198.333496,4193.461426,4191.153809,4195.769043
4203.461426,4228.974121,4215.641113000001,4216.282227000001,4199.358886999999,4170.0,4167.307617,4161.025879,4168.461426,4191.538574,4211.025879,4200.769043,4206.410156,4207.436035
4211.410156,4232.307617,4223.461426,4225.128418,4202.179688,4175.512695,4175.897461,4183.589844,4196.410156,4215.769043,4222.05127,4209.615234000001,4215.641113000001,4214.871582
4206.153809,4232.563965,4216.410156,4221.538574,4204.230957,4176.025879,4187.692383,4208.461426,4215.128418,4214.358886999999,4215.769043,4203.974121,4207.179688,4207.436035
4190.128418,4221.666504,4197.563965,4208.589844,4204.102539,4193.205078,4202.179688,4212.05127,4218.461426,4204.871582,4198.846191,4191.025879,4191.794922,4190.512695
4186.794922,4217.436035,4190.0,4206.410156,4203.461426,4210.897461,4206.153809,4217.179688,4227.436035,4212.692383,4192.692383,4188.974121,4192.179688,4181.538574
4191.922852000001,4228.205078,4193.846191,4212.563965,4213.205078,4214.102539,4206.025879,4238.974121,4244.230957,4222.692383,4198.077147999999,4189.102539,4198.461426,4181.538574
4177.94873,4220.641113000001,4182.563965,4204.743652,4215.128418,4210.641113000001,4211.538574,4230.897461,4230.897461,4210.512695,4185.769043,4178.846191,4183.589844,4173.333496
4160.769043,4197.436035,4167.94873,4191.666504,4203.333496,4208.589844,4217.436035,4205.384765999999,4206.025879,4192.179688,4162.820313,4172.179688,4166.410156,4161.666504
4166.410156,4197.179688,4173.974121,4194.230957,4203.333496,4210.641113000001,4219.871582,4218.974121,4216.282227000001,4196.282227000001,4163.589844,4178.846191,4171.922852000001,4165.769043
4177.307617,4211.410156,4186.538574,4198.717772999999,4206.410156,4206.410156,4211.794922,4236.410156,4228.333496,4206.025879,4175.256348,4186.666504,4181.282227000001,4178.205078
4183.333496,4220.128418,4195.0,4204.871582,4204.358886999999,4199.102539,4192.05127,4200.256348,4208.461426,4205.641113000001,4179.871582,4191.410156,4190.0,4192.307617
4193.846191,4224.102539,4202.692383,4218.846191,4210.128418,4195.769043,4174.230957,4157.820313,4189.487305,4203.717772999999,4184.230957,4197.05127,4202.563965,4204.871582
4203.333496,4228.589844,4209.102539,4226.282227000001,4214.230957,4191.666504,4175.641113000001,4177.820313,4197.436035,4206.282227000001,4190.256348,4197.05127,4212.94873,4208.589844
4200.256348,4223.846191,4206.922852000001,4219.358886999999,4206.538574,4189.102539,4186.922852000001,4197.94873,4199.358886999999,4203.205078,4185.128418,4187.820313,4210.384765999999,4199.230957
4191.794922,4211.282227000001,4197.563965,4208.589844,4195.512695,4187.692383,4187.563965,4175.641113000001,4185.769043,4190.256348,4173.205078,4177.307617,4194.871582,4190.641113000001
4201.153809,4212.307617,4200.0,4204.871582,4188.333496,4188.333496,4197.05127,4193.846191,4200.769043,4194.615234000001,4179.358886999999,4178.461426,4194.871582,4200.256348
4219.487305,4221.025879,4211.666504,4207.94873,4188.589844,4192.94873,4216.410156,4243.589844,4226.410156,4211.794922,4196.153809,4186.794922,4208.333496,4215.128418
4218.974121,4216.922852000001,4212.307617,4212.179688,4192.563965,4196.794922,4217.179688,4236.538574,4219.358886999999,4208.974121,4196.410156,4183.333496,4204.743652,4214.102539
4206.025879,4210.512695,4201.538574,4211.538574,4192.179688,4195.897461,4208.461426,4202.94873,4202.05127,4196.153809,4184.743652,4169.358886999999,4192.179688,4201.538574
4199.487305,4209.615234000001,4190.384765999999,4202.563965,4187.05127,4198.077147999999,4211.794922,4193.974121,4192.94873,4187.563965,4174.487305,4158.461426,4183.717772999999,4193.333496
4194.871582,4202.692383,4183.205078,4195.512695,4184.358886999999,4204.358886999999,4218.333496,4198.717772999999,4189.743652,4182.563965,4167.307617,4153.974121,4171.666504,4191.282227000001
4190.384765999999,4195.512695,4185.256348,4199.615234000001,4186.666504,4204.102539,4209.487305,4207.307617,4202.307617,4189.487305,4171.538574,4159.102539,4173.717772999999,4191.025879
4194.358886999999,4199.358886999999,4193.077147999999,4205.897461,4192.436035,4200.897461,4190.769043,4208.205078,4215.0,4204.102539,4183.461426,4166.922852000001,4195.512695,4194.871582
4201.153809,4203.717772999999,4196.538574,4206.794922,4196.794922,4206.025879,4190.512695,4198.717772999999,4206.922852000001,4209.358886999999,4195.384765999999,4171.666504,4209.743652,4205.0
4201.282227000001,4202.820313,4197.820313,4204.871582,4195.128418,4210.897461,4208.205078,4184.358886999999,4195.512695,4206.410156,4206.922852000001,4177.820313,4216.666504,4212.05127
4202.307617,4205.897461,4205.641113000001,4205.256348,4198.077147999999,4206.025879,4208.333496,4174.743652,4191.922852000001,4204.230957,4213.205078,4184.230957,4226.666504,4212.05127
4211.282227000001,4211.922852000001,4213.974121,4212.179688,4207.307617,4199.358886999999,4188.974121,4185.769043,4196.282227000001,4207.05127,4215.256348,4189.230957,4231.666504,4218.333496
4218.077147999999,4211.282227000001,4213.717772999999,4215.641113000001,4206.410156,4200.641113000001,4189.230957,4208.077147999999,4209.102539,4216.153809,4220.384765999999,4198.077147999999,4230.384765999999,4227.820313
4218.333496,4213.717772999999,4214.871582,4213.205078,4202.692383,4206.153809,4209.102539,4226.794922,4225.0,4226.794922,4231.538574,4206.410156,4233.846191,4232.820313
4219.487305,4217.179688,4219.871582,4210.512695,4201.794922,4202.692383,4215.641113000001,4233.205078,4233.846191,4229.230957,4235.384765999999,4202.692383,4235.769043,4234.230957
4220.128418,4211.025879,4217.94873,4209.358886999999,4195.512695,4192.436035,4207.179688,4223.333496,4231.794922,4224.102539,4225.128418,4198.846191,4227.94873,4230.128418
4211.666504,4202.307617,4208.717772999999,4205.641113000001,4187.436035,4190.512695,4208.717772999999,4208.974121,4220.897461,4215.256348,4212.307617,4195.769043,4213.077147999999,4219.358886999999
4195.0,4191.153809,4197.436035,4194.102539,4178.974121,4195.897461,4222.820313,4212.94873,4211.153809,4201.282227000001,4201.922852000001,4183.077147999999,4195.641113000001,4206.282227000001
4186.538574,4180.512695,4192.820313,4189.743652,4176.538574,4203.717772999999,4235.384765999999,4228.846191,4213.077147999999,4196.153809,4199.871582,4177.94873,4193.589844,4204.871582
4189.487305,4181.538574,4196.410156,4195.641113000001,4188.205078,4210.512695,4232.436035,4218.077147999999,4212.05127,4204.871582,4205.128418,4186.794922,4207.05127,4212.820313
4191.538574,4192.436035,4199.615234000001,4197.94873,4198.205078,4205.256348,4216.282227000001,4188.589844,4202.820313,4206.282227000001,4209.230957,4191.666504,4214.743652,4214.871582
4192.179688,4195.384765999999,4200.769043,4196.282227000001,4193.077147999999,4194.487305,4210.0,4194.615234000001,4203.974121,4201.025879,4208.846191,4188.589844,4211.153809,4208.461426
4193.589844,4189.871582,4201.666504,4196.410156,4194.102539,4198.205078,4213.077147999999,4212.436035,4210.641113000001,4204.487305,4207.820313,4189.871582,4209.102539,4205.897461
4196.538574,4198.333496,4208.589844,4205.128418,4212.94873,4215.384765999999,4214.743652,4200.128418,4213.205078,4214.230957,4215.128418,4197.05127,4217.820313,4213.461426
4199.615234000001,4209.615234000001,4214.743652,4212.05127,4224.358886999999,4220.256348,4213.461426,4196.794922,4216.922852000001,4216.666504,4222.563965,4202.307617,4226.153809,4219.743652
4204.358886999999,4210.897461,4212.05127,4212.05127,4220.769043,4212.94873,4204.871582,4210.128418,4224.871582,4217.820313,4221.922852000001,4203.717772999999,4229.102539,4220.0
4216.666504,4219.871582,4217.563965,4219.743652,4224.487305,4217.692383,4202.05127,4213.846191,4242.179688,4235.128418,4230.512695,4210.256348,4239.358886999999,4227.820313
4222.307617,4229.615234000001,4227.307617,4227.436035,4227.436035,4220.128418,4205.769043,4223.333496,4255.512695,4248.205078,4243.333496,4219.102539,4249.615234000001,4236.153809
4212.692383,4218.461426,4218.589844,4217.436035,4215.897461,4205.897461,4208.589844,4229.358886999999,4244.615234000001,4236.666504,4234.871582,4211.153809,4240.384765999999,4226.025879
4196.922852000001,4196.025879,4200.897461,4199.615234000001,4201.025879,4195.512695,4223.589844,4216.666504,4228.205078,4221.922852000001,4215.128418,4191.410156,4221.025879,4206.922852000001
4186.666504,4179.743652,4192.436035,4190.384765999999,4187.94873,4197.436035,4244.230957,4215.641113000001,4226.025879,4217.05127,4205.512695,4180.512695,4215.0,4197.307617
4182.05127,4169.230957,4187.820313,4183.717772999999,4179.230957,4199.871582,4247.820313,4222.307617,4218.205078,4211.410156,4202.307617,4172.436035,4218.589844,4192.307617
4176.025879,4163.333496,4181.666504,4176.282227000001,4180.0,4199.358886999999,4236.922852000001,4200.0,4199.358886999999,4198.717772999999,4196.666504,4160.512695,4212.563965,4184.615234000001
4172.563965,4165.769043,4180.512695,4179.102539,4193.974121,4204.358886999999,4229.230957,4178.077147999999,4196.025879,4194.615234000001,4195.384765999999,4161.666504,4210.384765999999,4182.94873
4178.974121,4171.794922,4185.0,4189.487305,4207.436035,4210.128418,4223.205078,4181.922852000001,4206.538574,4203.846191,4202.05127,4173.846191,4223.974121,4190.384765999999
4186.410156,4172.94873,4187.94873,4192.820313,4204.743652,4208.974121,4209.615234000001,4196.410156,4214.358886999999,4212.692383,4207.820313,4175.128418,4224.743652,4195.128418
4182.307617,4174.871582,4186.794922,4188.205078,4198.589844,4207.05127,4201.538574,4210.128418,4222.05127,4216.794922,4210.0,4172.436035,4208.589844,4193.077147999999
4178.205078,4179.615234000001,4183.333496,4186.025879,4204.102539,4210.384765999999,4202.179688,4203.205078,4220.256348,4214.230957,4208.461426,4176.538574,4202.179688,4191.538574
4193.205078,4191.282227000001,4189.743652,4196.025879,4220.512695,4217.436035,4192.563965,4186.153809,4217.563965,4217.436035,4213.846191,4184.230957,4214.743652,4200.256348
4214.230957,4213.205078,4207.820313,4213.974121,4227.820313,4215.0,4181.410156,4197.307617,4232.563965,4234.230957,4234.230957,4193.333496,4235.128418,4216.025879
4218.461426,4223.717772999999,4214.230957,4220.641113000001,4218.333496,4199.871582,4190.769043,4217.179688,4237.179688,4236.153809,4245.384765999999,4198.333496,4247.94873,4222.692383
4215.512695,4221.794922,4213.077147999999,4220.897461,4220.512695,4202.05127,4204.102539,4210.128418,4222.692383,4224.615234000001,4242.179688,4198.589844,4254.102539,4225.128418
4217.05127,4222.94873,4218.974121,4225.128418,4227.820313,4213.333496,4205.128418,4199.743652,4219.230957,4224.615234000001,4243.461426,4202.179688,4259.358886999999,4232.563965
4211.794922,4215.256348,4220.0,4219.615234000001,4213.846191,4204.358886999999,4218.846191,4202.179688,4218.846191,4226.025879,4243.589844,4203.077147999999,4252.05127,4228.333496
4202.307617,4203.461426,4215.128418,4212.05127,4207.94873,4197.94873,4237.94873,4210.641113000001,4219.871582,4223.461426,4236.794922,4198.077147999999,4241.666504,4213.974121
4200.0,4205.641113000001,4213.205078,4213.846191,4222.692383,4210.384765999999,4229.487305,4225.384765999999,4240.0,4236.666504,4239.615234000001,4200.641113000001,4250.512695,4214.743652
4198.333496,4209.871582,4211.922852000001,4214.487305,4226.025879,4223.333496,4220.0,4225.897461,4253.333496,4253.846191,4251.538574,4205.0,4265.897461,4226.153809
4189.230957,4194.743652,4201.922852000001,4204.358886999999,4214.615234000001,4223.717772999999,4231.282227000001,4210.128418,4236.794922,4245.128418,4244.615234000001,4194.615234000001,4252.563965,4215.384765999999
4180.0,4178.589844,4187.94873,4191.666504,4209.230957,4211.025879,4228.077147999999,4207.820313,4219.230957,4220.769043,4221.410156,4182.94873,4221.666504,4192.307617
4186.282227000001,4188.205078,4192.563965,4198.205078,4218.461426,4201.153809,4205.769043,4220.769043,4229.102539,4219.743652,4220.641113000001,4187.563965,4223.205078,4196.794922
4201.666504,4204.487305,4208.974121,4214.871582,4223.077147999999,4207.563965,4207.692383,4230.0,4245.256348,4235.769043,4237.307617,4195.641113000001,4242.820313,4217.179688
4206.666504,4205.512695,4215.512695,4218.205078,4218.589844,4214.102539,4231.025879,4237.820313,4243.974121,4238.589844,4239.615234000001,4195.512695,4243.846191,4219.102539
4202.436035,4202.05127,4213.589844,4213.589844,4221.794922,4215.0,4230.769043,4230.384765999999,4226.666504,4229.358886999999,4232.307617,4198.589844,4240.641113000001,4213.333496
4200.256348,4203.974121,4211.794922,4212.179688,4227.307617,4219.230957,4211.666504,4205.897461,4209.871582,4219.871582,4229.358886999999,4199.615234000001,4240.512695,4217.436035
4198.333496,4202.692383,4209.487305,4211.794922,4224.487305,4221.410156,4207.563965,4205.512695,4209.102539,4209.487305,4224.743652,4191.666504,4231.538574,4216.794922
4195.897461,4195.512695,4211.282227000001,4209.102539,4215.897461,4210.384765999999,4212.94873,4213.461426,4207.436035,4201.410156,4218.846191,4190.512695,4220.256348,4211.153809
4203.205078,4197.563965,4223.974121,4211.025879,4211.666504,4199.358886999999,4221.025879,4209.615234000001,4199.743652,4207.436035,4224.102539,4200.384765999999,4223.974121,4214.871582
4212.94873,4207.94873,4232.692383,4219.615234000001,4216.794922,4203.077147999999,4231.025879,4218.461426,4208.077147999999,4218.974121,4233.717772999999,4206.922852000001,4234.743652,4221.153809
4209.358886999999,4211.410156,4225.641113000001,4223.077147999999,4220.512695,4211.025879,4230.128418,4226.410156,4222.307617,4220.384765999999,4236.794922,4207.94873,4239.102539,4218.461426
4200.641113000001,4202.179688,4215.256348,4213.589844,4219.487305,4215.0,4220.512695,4218.077147999999,4221.666504,4215.256348,4232.179688,4206.666504,4237.05127,4212.820313
4196.025879,4188.846191,4210.256348,4205.897461,4215.641113000001,4211.922852000001,4210.256348,4214.102539,4213.974121,4209.615234000001,4223.077147999999,4200.128418,4229.871582,4208.333496
4195.897461,4191.282227000001,4210.384765999999,4210.384765999999,4213.846191,4212.179688,4208.717772999999,4218.717772999999,4219.615234000001,4216.153809,4223.717772999999,4198.974121,4227.307617,4208.717772999999
4202.179688,4208.974121,4213.589844,4216.282227000001,4217.436035,4221.410156,4214.871582,4236.025879,4247.436035,4240.128418,4237.179688,4206.410156,4237.05127,4218.077147999999
4208.205078,4213.205078,4213.205078,4215.0,4220.0,4223.077147999999,4209.743652,4249.102539,4266.153809,4251.538574,4241.282227000001,4207.692383,4241.794922,4222.179688
4207.05127,4207.436035,4208.461426,4213.717772999999,4219.358886999999,4216.410156,4200.0,4228.205078,4247.563965,4237.307617,4232.05127,4205.0,4230.512695,4217.94873
4201.410156,4208.717772999999,4208.333496,4213.461426,4220.0,4213.589844,4203.717772999999,4208.846191,4224.615234000001,4223.205078,4227.563965,4203.717772999999,4221.538574,4217.307617
4195.769043,4204.615234000001,4212.820313,4211.282227000001,4217.563965,4212.179688,4213.333496,4215.512695,4219.871582,4216.922852000001,4225.512695,4202.563965,4219.230957,4221.794922
4193.333496,4198.589844,4213.846191,4209.102539,4209.230957,4206.538574,4211.794922,4205.128418,4204.487305,4204.230957,4214.743652,4197.436035,4206.282227000001,4219.743652
4191.922852000001,4198.077147999999,4208.846191,4205.128418,4203.333496,4202.94873,4206.025879,4183.333496,4175.0,4181.794922,4201.025879,4187.563965,4185.128418,4206.282227000001
4189.615234000001,4193.205078,4203.589844,4202.820313,4203.589844,4206.025879,4209.615234000001,4185.897461,4166.410156,4168.589844,4195.128418,4180.897461,4176.538574,4198.205078
4183.846191,4181.794922,4201.282227000001,4198.077147999999,4202.94873,4206.538574,4219.743652,4201.282227000001,4179.102539,4173.974121,4193.717772999999,4178.461426,4178.205078,4200.256348
4178.333496,4177.179688,4197.820313,4188.717772999999,4205.128418,4206.025879,4218.205078,4216.538574,4190.512695,4182.94873,4191.153809,4180.256348,4177.692383,4197.692383
4188.589844,4196.666504,4201.922852000001,4197.692383,4218.589844,4216.666504,4206.794922,4223.846191,4207.563965,4201.538574,4203.589844,4193.717772999999,4192.05127,4200.897461
4201.794922,4215.641113000001,4213.333496,4213.461426,4229.743652,4223.461426,4196.794922,4212.820313,4229.871582,4230.384765999999,4225.512695,4205.256348,4218.461426,4217.05127
4202.179688,4210.0,4216.153809,4211.794922,4227.820313,4218.205078,4192.94873,4214.743652,4246.153809,4247.307617,4234.358886999999,4206.410156,4231.666504,4225.641113000001
4200.384765999999,4205.128418,4211.410156,4209.871582,4221.282227000001,4217.05127,4203.205078,4230.128418,4246.025879,4243.205078,4226.410156,4203.846191,4224.743652,4220.641113000001
4200.897461,4213.717772999999,4206.282227000001,4213.846191,4216.922852000001,4218.333496,4213.205078,4223.589844,4230.897461,4227.820313,4206.794922,4191.410156,4206.794922,4211.538574
4199.487305,4219.615234000001,4203.077147999999,4215.641113000001,4217.820313,4219.615234000001,4207.820313,4208.717772999999,4219.358886999999,4213.974121,4188.717772999999,4173.974121,4192.179688,4204.871582
4197.94873,4218.077147999999,4202.307617,4216.025879,4218.077147999999,4216.538574,4204.358886999999,4202.692383,4208.974121,4202.436035,4177.563965,4172.307617,4179.871582,4201.410156
4195.897461,4214.230957,4201.538574,4212.05127,4209.487305,4207.563965,4214.230957,4199.743652,4191.922852000001,4191.794922,4171.153809,4177.436035,4167.820313,4197.692383
4195.256348,4211.922852000001,4202.692383,4209.487305,4203.461426,4208.333496,4219.358886999999,4198.461426,4182.179688,4185.384765999999,4174.358886999999,4172.692383,4168.205078,4201.794922
4201.666504,4215.769043,4208.077147999999,4215.256348,4208.077147999999,4213.717772999999,4210.0,4190.641113000001,4182.307617,4183.589844,4180.897461,4171.282227000001,4177.179688,4212.563965
4205.0,4214.871582,4211.153809,4214.358886999999,4208.077147999999,4210.256348,4210.384765999999,4198.205078,4185.897461,4181.666504,4179.871582,4177.563965,4176.794922,4213.974121
4199.743652,4205.384765999999,4204.102539,4201.794922,4200.256348,4208.717772999999,4216.666504,4223.205078,4195.0,4184.102539,4179.358886999999,4181.153809,4173.846191,4208.717772999999
4204.102539,4208.974121,4199.487305,4203.461426,4203.205078,4214.358886999999,4212.307617,4227.692383,4209.358886999999,4201.794922,4189.871582,4182.179688,4182.307617,4211.794922
4219.615234000001,4223.717772999999,4208.333496,4221.666504,4215.384765999999,4215.384765999999,4209.615234000001,4223.846191,4222.05127,4223.461426,4202.563965,4185.641113000001,4194.487305,4220.512695
4220.769043,4227.563965,4212.05127,4224.615234000001,4222.436035,4216.666504,4209.743652,4226.025879,4224.358886999999,4225.897461,4205.641113000001,4183.974121,4198.205078,4219.102539
4216.153809,4226.153809,4211.025879,4216.922852000001,4226.282227000001,4228.589844,4203.846191,4218.461426,4228.077147999999,4225.0,4210.897461,4181.153809,4203.717772999999,4220.384765999999
4223.461426,4225.641113000001,4214.615234000001,4218.077147999999,4225.0,4228.974121,4195.641113000001,4212.179688,4240.128418,4235.128418,4220.512695,4186.282227000001,4213.974121,4226.922852000001
4222.563965,4216.410156,4210.384765999999,4214.230957,4212.436035,4210.641113000001,4196.538574,4210.384765999999,4234.743652,4231.538574,4217.05127,4183.717772999999,4208.974121,4220.128418
4212.05127,4206.922852000001,4202.563965,4203.205078,4205.256348,4202.94873,4207.820313,4201.538574,4214.487305,4215.0,4202.94873,4171.538574,4194.230957,4209.487305
4211.025879,4205.128418,4203.205078,4201.410156,4203.333496,4211.794922,4211.025879,4194.102539,4204.102539,4202.05127,4194.487305,4169.743652,4187.820313,4208.846191
4212.820313,4207.307617,4206.666504,4206.025879,4199.230957,4216.794922,4212.692383,4202.179688,4204.487305,4198.077147999999,4194.743652,4174.487305,4188.846191,4208.589844
4207.820313,4212.563965,4207.563965,4206.153809,4206.153809,4217.820313,4225.128418,4216.282227000001,4207.563965,4201.282227000001,4198.717772999999,4176.794922,4191.410156,4205.897461
4207.820313,4213.974121,4206.794922,4204.230957,4214.358886999999,4225.256348,4226.922852000001,4215.641113000001,4208.589844,4200.512695,4200.512695,4180.256348,4197.563965,4209.743652
4213.846191,4211.794922,4206.410156,4206.666504,4208.846191,4226.922852000001,4217.436035,4207.05127,4207.436035,4200.256348,4204.615234000001,4185.256348,4207.563965,4216.666504
4216.282227000001,4213.205078,4209.358886999999,4207.436035,4204.102539,4211.153809,4216.153809,4214.102539,4208.717772999999,4207.692383,4210.512695,4189.102539,4213.846191,4219.871582
4221.666504,4218.333496,4215.512695,4210.128418,4214.358886999999,4201.153809,4217.05127,4230.384765999999,4219.487305,4216.410156,4217.692383,4196.025879,4222.05127,4224.615234000001
4232.820313,4226.153809,4223.205078,4221.025879,4226.025879,4218.589844,4213.589844,4233.461426,4235.384765999999,4226.410156,4229.871582,4203.461426,4235.769043,4233.974121
4237.307617,4232.436035,4225.384765999999,4226.538574,4229.743652,4230.641113000001,4208.077147999999,4221.794922,4238.077147999999,4234.871582,4236.025879,4201.410156,4241.410156,4238.717772999999
4233.077147999999,4232.563965,4222.05127,4225.769043,4233.974121,4216.410156,4201.666504,4222.307617,4235.512695,4234.743652,4231.794922,4195.128418,4237.307617,4235.384765999999
4230.769043,4230.641113000001,4224.102539,4224.358886999999,4227.179688,4208.333496,4203.461426,4229.871582,4232.94873,4229.487305,4229.743652,4194.358886999999,4233.589844,4231.922852000001
4230.512695,4230.897461,4226.666504,4219.102539,4215.512695,4216.025879,4210.512695,4218.974121,4221.538574,4227.05127,4230.641113000001,4202.307617,4233.333496,4232.05127
4227.820313,4228.974121,4224.358886999999,4217.94873,4218.461426,4216.922852000001,4211.666504,4212.05127,4214.743652,4227.05127,4229.358886999999,4207.05127,4232.05127,4231.538574
4217.94873,4214.743652,4216.410156,4216.153809,4217.179688,4206.282227000001,4213.077147999999,4208.205078,4207.05127,4211.282227000001,4218.461426,4195.897461,4217.563965,4220.897461
4209.102539,4204.230957,4209.743652,4208.974121,4207.692383,4209.615234000001,4216.410156,4188.205078,4190.769043,4190.128418,4205.0,4182.94873,4205.384765999999,4209.358886999999
4213.077147999999,4209.871582,4211.538574,4207.436035,4214.615234000001,4222.692383,4208.846191,4181.282227000001,4188.333496,4193.461426,4202.94873,4181.282227000001,4217.307617,4211.666504
4219.487305,4213.461426,4214.358886999999,4211.025879,4225.769043,4218.974121,4204.871582,4201.410156,4203.717772999999,4209.230957,4209.743652,4184.487305,4228.846191,4220.641113000001
4216.922852000001,4214.230957,4211.153809,4210.769043,4222.820313,4215.384765999999,4220.0,4210.128418,4211.153809,4214.615234000001,4217.05127,4187.307617,4224.230957,4221.794922
4214.102539,4218.461426,4207.179688,4211.025879,4220.256348,4226.282227000001,4225.897461,4206.538574,4212.179688,4214.871582,4219.743652,4188.846191,4220.384765999999,4219.743652
4218.717772999999,4224.102539,4212.563965,4218.333496,4224.615234000001,4228.846191,4210.769043,4221.025879,4226.538574,4222.820313,4221.153809,4188.974121,4228.333496,4225.256348
4220.897461,4228.333496,4217.692383,4221.794922,4227.05127,4215.128418,4198.846191,4230.769043,4235.897461,4230.384765999999,4225.769043,4188.333496,4237.05127,4226.922852000001
4214.487305,4225.384765999999,4213.974121,4220.128418,4223.717772999999,4208.333496,4200.641113000001,4223.333496,4230.384765999999,4229.230957,4225.897461,4188.461426,4235.128418,4221.666504
4214.871582,4223.077147999999,4215.897461,4223.717772999999,4220.641113000001,4214.615234000001,4206.282227000001,4221.153809,4230.769043,4229.615234000001,4225.641113000001,4192.436035,4233.461426,4225.641113000001
4225.128418,4231.538574,4224.487305,4229.487305,4220.384765999999,4210.897461,4204.871582,4228.717772999999,4235.384765999999,4231.153809,4228.461426,4197.307617,4238.589844,4234.871582
4225.0,4233.333496,4225.641113000001,4226.153809,4220.641113000001,4201.538574,4200.512695,4225.769043,4225.512695,4224.743652,4223.077147999999,4193.846191,4232.94873,4230.128418
4211.025879,4216.922852000001,4213.461426,4213.589844,4216.025879,4206.153809,4203.846191,4199.230957,4205.641113000001,4210.897461,4209.358886999999,4183.717772999999,4215.897461,4216.922852000001
4202.05127,4206.282227000001,4202.692383,4204.743652,4208.077147999999,4210.384765999999,4212.307617,4178.717772999999,4188.846191,4196.794922,4199.615234000001,4180.256348,4210.256348,4210.512695
4209.743652,4215.0,4207.563965,4213.077147999999,4209.230957,4204.743652,4211.153809,4175.897461,4179.615234000001,4190.512695,4198.461426,4184.743652,4214.743652,4214.358886999999
4213.333496,4217.307617,4210.769043,4220.897461,4207.436035,4203.717772999999,4205.256348,4172.563965,4179.615234000001,4187.307617,4196.666504,4183.205078,4210.897461,4216.153809
4205.512695,4206.410156,4201.025879,4210.0,4199.230957,4209.102539,4215.384765999999,4178.717772999999,4185.769043,4185.897461,4192.307617,4173.974121,4204.358886999999,4203.589844
4206.410156,4205.128418,4200.384765999999,4205.512695,4205.0,4213.717772999999,4225.641113000001,4197.692383,4197.820313,4197.307617,4197.692383,4170.769043,4210.256348,4197.563965
4216.410156,4211.666504,4210.512695,4215.512695,4216.025879,4213.461426,4212.05127,4210.512695,4213.461426,4216.922852000001,4211.666504,4179.487305,4221.538574,4212.692383
4220.769043,4219.615234000001,4213.205078,4223.205078,4218.589844,4216.410156,4197.436035,4222.563965,4226.282227000001,4229.358886999999,4224.487305,4192.692383,4233.077147999999,4228.461426
4217.05127,4225.512695,4212.820313,4226.666504,4220.384765999999,4223.333496,4202.179688,4232.05127,4227.307617,4230.256348,4227.179688,4197.94873,4238.077147999999,4229.230957
4220.897461,4229.743652,4220.769043,4235.897461,4228.333496,4224.102539,4205.0,4235.256348,4228.974121,4229.487305,4228.717772999999,4198.589844,4236.282227000001,4230.384765999999
4228.333496,4237.179688,4229.358886999999,4243.461426,4236.794922,4220.769043,4199.487305,4245.128418,4239.615234000001,4236.282227000001,4236.922852000001,4202.05127,4243.717772999999,4238.077147999999
4221.922852000001,4237.692383,4225.384765999999,4239.358886999999,4235.641113000001,4220.0,4198.205078,4236.153809,4230.769043,4236.794922,4236.794922,4203.333496,4245.256348,4232.692383
4216.025879,4231.410156,4222.05127,4234.358886999999,4231.410156,4222.692383,4203.077147999999,4207.05127,4208.205078,4224.102539,4228.205078,4202.179688,4229.487305,4222.563965
4218.717772999999,4225.769043,4225.897461,4231.922852000001,4229.615234000001,4217.307617,4207.563965,4205.769043,4202.563965,4210.769043,4220.512695,4200.641113000001,4215.769043,4217.692383
4214.487305,4219.102539,4221.025879,4224.230957,4221.153809,4211.025879,4213.461426,4215.128418,4201.666504,4203.333496,4213.333496,4195.512695,4212.563965,4208.077147999999
4202.05127,4209.743652,4208.846191,4214.358886999999,4209.615234000001,4215.641113000001,4220.384765999999,4194.102539,4188.974121,4201.153809,4206.666504,4185.384765999999,4208.461426,4196.922852000001
4198.717772999999,4203.974121,4204.230957,4211.153809,4206.794922,4219.102539,4215.128418,4183.333496,4189.871582,4204.487305,4205.0,4179.102539,4204.358886999999,4195.384765999999
4204.358886999999,4209.102539,4208.846191,4214.743652,4209.743652,4218.077147999999,4214.743652,4216.282227000001,4214.358886999999,4215.384765999999,4210.128418,4185.256348,4208.589844,4200.769043
4205.256348,4216.282227000001,4210.384765999999,4218.717772999999,4214.230957,4217.179688,4221.794922,4230.769043,4226.922852000001,4224.615234000001,4216.153809,4191.410156,4213.333496,4203.077147999999
4201.025879,4215.897461,4206.025879,4218.205078,4219.615234000001,4214.487305,4208.974121,4206.666504,4221.153809,4223.205078,4216.922852000001,4190.384765999999,4214.743652,4203.717772999999
4203.205078,4217.563965,4205.641113000001,4217.820313,4221.538574,4217.692383,4200.641113000001,4208.846191,4221.025879,4221.153809,4215.641113000001,4192.307617,4220.128418,4209.102539
4210.769043,4225.384765999999,4209.487305,4221.538574,4222.436035,4228.077147999999,4208.333496,4232.692383,4225.769043,4225.256348,4221.282227000001,4201.410156,4227.436035,4218.333496
4216.025879,4228.974121,4217.436035,4226.282227000001,4227.94873,4230.897461,4199.102539,4227.05127,4222.94873,4226.538574,4225.384765999999,4207.94873,4229.487305,4224.230957
4218.717772999999,4225.384765999999,4228.205078,4228.846191,4231.410156,4220.256348,4194.102539,4217.05127,4218.589844,4218.461426,4219.230957,4202.94873,4226.922852000001,4221.410156
4224.871582,4225.0,4236.282227000001,4231.153809,4225.769043,4210.384765999999,4211.666504,4230.256348,4218.333496,4213.846191,4218.077147999999,4203.077147999999,4227.563965,4221.410156
4230.897461,4230.0,4237.436035,4233.205078,4223.461426,4215.0,4216.666504,4223.589844,4210.512695,4214.102539,4223.461426,4212.436035,4229.615234000001,4227.692383
4221.282227000001,4222.179688,4229.487305,4226.410156,4224.358886999999,4222.94873,4213.205078,4190.641113000001,4195.512695,4203.974121,4214.615234000001,4205.384765999999,4216.282227000001,4222.05127
4202.94873,4205.384765999999,4218.974121,4214.358886999999,4217.94873,4213.717772999999,4220.256348,4190.128418,4192.820313,4192.94873,4202.436035,4189.487305,4199.871582,4206.282227000001
4198.974121,4203.974121,4218.717772999999,4214.358886999999,4213.589844,4208.461426,4221.410156,4225.641113000001,4210.0,4202.692383,4208.974121,4194.487305,4208.846191,4205.128418
4202.94873,4211.538574,4219.487305,4216.025879,4214.230957,4222.05127,4217.436035,4226.153809,4217.692383,4214.358886999999,4211.410156,4200.769043,4216.538574,4210.128418
4202.05127,4211.666504,4213.846191,4212.94873,4216.666504,4228.846191,4220.512695,4193.333496,4212.307617,4213.205078,4202.179688,4189.358886999999,4208.589844,4206.794922
4203.077147999999,4209.615234000001,4210.897461,4213.846191,4221.794922,4224.615234000001,4225.128418,4201.666504,4221.922852000001,4217.692383,4204.358886999999,4188.589844,4210.0,4206.666504
4207.820313,4210.256348,4211.410156,4213.461426,4224.615234000001,4228.333496,4222.820313,4227.692383,4236.410156,4227.05127,4213.717772999999,4195.256348,4217.692383,4211.025879
4210.897461,4214.871582,4213.461426,4213.974121,4228.205078,4236.666504,4214.615234000001,4219.230957,4241.538574,4234.615234000001,4220.0,4191.794922,4223.589844,4214.871582
4207.307617,4217.307617,4211.794922,4216.922852000001,4229.102539,4229.871582,4205.897461,4207.179688,4239.358886999999,4233.589844,4220.128418,4188.077147999999,4224.487305,4212.307617
4205.769043,4220.256348,4211.025879,4220.256348,4231.282227000001,4221.538574,4206.922852000001,4212.563965,4232.94873,4225.256348,4217.692383,4188.205078,4218.717772999999,4205.897461
4213.589844,4225.897461,4218.974121,4222.94873,4235.769043,4224.487305,4206.794922,4221.794922,4231.153809,4225.769043,4220.256348,4194.230957,4215.512695,4209.487305
4212.05127,4219.871582,4220.384765999999,4217.563965,4227.436035,4217.692383,4204.487305,4227.179688,4224.743652,4224.615234000001,4219.871582,4199.102539,4216.538574,4213.589844
4199.102539,4208.333496,4212.436035,4210.256348,4219.230957,4209.230957,4210.897461,4215.512695,4204.487305,4209.358886999999,4209.230957,4191.538574,4212.563965,4203.461426
4196.666504,4206.666504,4209.743652,4208.846191,4218.589844,4209.358886999999,4208.333496,4190.897461,4184.102539,4194.230957,4197.820313,4181.794922,4199.743652,4193.974121
4198.589844,4205.641113000001,4208.717772999999,4209.102539,4215.641113000001,4209.871582,4197.436035,4181.025879,4180.897461,4193.205078,4195.256348,4185.0,4192.820313,4196.922852000001
4189.487305,4198.717772999999,4198.205078,4203.077147999999,4216.410156,4209.487305,4196.794922,4184.743652,4188.333496,4197.692383,4195.256348,4188.077147999999,4192.820313,4195.769043
4181.153809,4194.743652,4190.769043,4199.230957,4223.205078,4211.410156,4207.179688,4187.436035,4196.153809,4200.641113000001,4190.256348,4185.256348,4190.0,4187.179688
4186.794922,4195.0,4196.025879,4202.563965,4219.615234000001,4215.641113000001,4221.410156,4205.769043,4212.692383,4209.871582,4187.692383,4186.282227000001,4189.358886999999,4186.794922
4191.025879,4194.871582,4197.179688,4199.230957,4209.743652,4217.692383,4221.025879,4229.743652,4232.307617,4221.025879,4189.487305,4184.358886999999,4196.922852000001,4191.410156
4189.871582,4198.461426,4195.128418,4196.538574,4215.384765999999,4219.230957,4213.077147999999,4229.358886999999,4237.820313,4226.282227000001,4190.641113000001,4184.102539,4206.666504,4197.692383
4192.05127,4205.384765999999,4199.743652,4204.871582,4221.282227000001,4220.769043,4215.641113000001,4224.871582,4238.205078,4230.128418,4193.461426,4189.615234000001,4213.589844,4208.846191
4195.0,4204.358886999999,4202.436035,4208.077147999999,4214.615234000001,4225.384765999999,4216.666504,4239.230957,4240.384765999999,4230.0,4192.436035,4188.846191,4212.05127,4212.436035
4198.717772999999,4203.077147999999,4200.384765999999,4204.230957,4214.743652,4235.769043,4209.230957,4235.641113000001,4230.128418,4221.666504,4185.128418,4183.077147999999,4203.846191,4207.179688
4202.179688,4209.615234000001,4197.436035,4204.615234000001,4218.333496,4234.487305,4202.692383,4204.743652,4210.897461,4209.743652,4180.256348,4183.846191,4198.077147999999,4207.179688
4205.641113000001,4210.256348,4200.256348,4206.538574,4210.384765999999,4216.538574,4200.897461,4198.461426,4205.0,4203.589844,4183.205078,4190.769043,4197.692383,4216.410156
4215.897461,4209.743652,4214.230957,4212.692383,4209.871582,4208.077147999999,4209.230957,4213.974121,4209.871582,4207.179688,4193.846191,4200.256348,4203.205078,4227.692383
4220.769043,4210.641113000001,4217.179688,4213.461426,4213.333496,4210.128418,4212.179688,4204.743652,4197.692383,4200.0,4192.436035,4201.282227000001,4201.538574,4229.358886999999
4215.897461,4208.974121,4205.512695,4208.205078,4206.282227000001,4205.897461,4201.538574,4190.384765999999,4182.563965,4186.410156,4180.641113000001,4193.077147999999,4192.563965,4223.717772999999
4214.487305,4208.333496,4202.307617,4209.743652,4205.0,4202.94873,4198.077147999999,4187.94873,4184.102539,4191.025879,4180.769043,4188.974121,4192.05127,4219.230957
4218.846191,4209.230957,4208.333496,4213.333496,4209.615234000001,4207.05127,4201.666504,4185.512695,4193.205078,4203.717772999999,4189.358886999999,4192.179688,4202.05127,4219.743652
4225.512695,4211.025879,4213.205078,4213.974121,4211.025879,4211.922852000001,4207.94873,4200.384765999999,4209.102539,4210.769043,4202.05127,4199.615234000001,4214.871582,4227.436035
4229.102539,4210.128418,4212.820313,4215.128418,4209.871582,4212.307617,4214.743652,4217.307617,4223.461426,4217.563965,4212.179688,4203.589844,4219.102539,4231.666504
4219.615234000001,4204.871582,4203.846191,4212.179688,4208.205078,4215.769043,4213.974121,4211.153809,4228.846191,4224.615234000001,4207.179688,4198.333496,4212.692383,4220.0
4206.025879,4194.743652,4195.641113000001,4203.333496,4206.666504,4225.641113000001,4221.794922,4230.128418,4233.333496,4222.820313,4196.410156,4191.666504,4200.0,4205.641113000001
4202.179688,4189.230957,4193.974121,4200.128418,4204.230957,4228.333496,4234.615234000001,4266.153809,4238.717772999999,4219.358886999999,4197.563965,4192.436035,4192.563965,4203.077147999999
4203.589844,4195.769043,4195.0,4207.05127,4203.717772999999,4223.846191,4227.179688,4252.436035,4236.794922,4228.333496,4206.538574,4195.769043,4200.641113000001,4208.333496
4206.794922,4200.384765999999,4198.461426,4211.922852000001,4207.692383,4221.794922,4218.974121,4223.461426,4231.794922,4231.025879,4207.436035,4197.05127,4213.205078,4213.205078
4210.641113000001,4199.871582,4201.410156,4213.974121,4211.794922,4223.205078,4227.05127,4226.794922,4225.384765999999,4220.256348,4206.153809,4199.102539,4215.128418,4212.05127
4215.384765999999,4204.102539,4202.94873,4218.205078,4209.102539,4221.410156,4222.692383,4233.846191,4217.179688,4216.410156,4211.282227000001,4200.384765999999,4211.153809,4212.692383
4225.769043,4211.794922,4208.589844,4222.179688,4208.974121,4211.794922,4206.538574,4225.641113000001,4208.077147999999,4217.307617,4215.769043,4205.897461,4213.333496,4224.487305
4239.871582,4220.769043,4219.871582,4229.871582,4215.897461,4200.897461,4204.615234000001,4206.922852000001,4195.641113000001,4212.436035,4219.102539,4216.922852000001,4223.077147999999,4237.94873
4248.461426,4230.897461,4231.025879,4241.794922,4220.256348,4201.538574,4200.256348,4185.128418,4183.589844,4212.179688,4225.256348,4220.0,4228.333496,4244.102539
4252.94873,4235.512695,4236.538574,4248.974121,4221.410156,4204.230957,4187.94873,4184.487305,4183.846191,4216.282227000001,4230.0,4216.025879,4226.538574,4248.974121
4256.282227000001,4236.153809,4237.692383,4249.487305,4222.820313,4195.128418,4189.358886999999,4208.974121,4199.230957,4221.538574,4232.820313,4215.512695,4230.256348,4252.179688
4246.410156,4224.102539,4230.769043,4238.974121,4213.974121,4192.05127,4195.128418,4219.230957,4214.743652,4230.0,4233.589844,4213.589844,4226.538574,4241.410156
4228.205078,4200.769043,4221.025879,4223.974121,4205.256348,4207.820313,4205.641113000001,4225.897461,4221.922852000001,4230.256348,4226.794922,4200.897461,4210.769043,4225.384765999999
4214.615234000001,4193.077147999999,4209.615234000001,4214.871582,4209.487305,4217.692383,4215.641113000001,4229.230957,4215.769043,4216.282227000001,4213.205078,4185.897461,4204.871582,4214.102539
4207.05127,4197.820313,4194.102539,4208.846191,4208.846191,4214.230957,4216.025879,4206.410156,4201.538574,4202.820313,4198.205078,4175.769043,4201.282227000001,4201.538574
4203.589844,4196.794922,4184.615234000001,4207.179688,4203.333496,4215.769043,4221.666504,4199.102539,4204.871582,4202.05127,4190.0,4169.358886999999,4188.205078,4191.538574
4201.410156,4197.179688,4184.102539,4209.102539,4210.0,4218.077147999999,4220.769043,4212.179688,4213.077147999999,4202.820313,4189.871582,4169.615234000001,4177.436035,4190.384765999999
4201.282227000001,4203.974121,4184.743652,4209.871582,4216.025879,4225.0,4210.641113000001,4209.743652,4207.820313,4201.282227000001,4190.256348,4171.922852000001,4177.94873,4191.025879
4203.333496,4206.794922,4186.282227000001,4211.153809,4208.717772999999,4235.128418,4218.333496,4214.230957,4207.94873,4203.461426,4192.436035,4168.717772999999,4184.358886999999,4191.794922
4209.230957,4214.743652,4195.384765999999,4216.538574,4208.205078,4224.230957,4227.436035,4230.128418,4214.487305,4207.563965,4202.692383,4172.05127,4191.922852000001,4201.282227000001
4223.974121,4236.282227000001,4210.769043,4229.615234000001,4223.333496,4210.641113000001,4212.692383,4214.743652,4208.589844,4214.102539,4216.282227000001,4190.256348,4205.256348,4220.128418
4242.307617,4251.922852000001,4226.794922,4246.538574,4230.128418,4214.615234000001,4202.820313,4185.897461,4198.461426,4220.128418,4224.615234000001,4204.615234000001,4221.666504,4238.846191
4252.436035,4251.282227000001,4237.05127,4255.256348,4222.436035,4213.333496,4206.538574,4193.717772999999,4198.077147999999,4217.820313,4228.846191,4206.922852000001,4227.05127,4250.256348
4251.410156,4247.179688,4238.461426,4253.589844,4218.205078,4199.358886999999,4192.94873,4206.538574,4193.205078,4209.871582,4228.846191,4211.538574,4222.692383,4253.589844
4250.128418,4252.692383,4238.974121,4251.153809,4223.461426,4191.410156,4175.769043,4190.128418,4181.794922,4208.205078,4225.641113000001,4217.307617,4222.820313,4255.256348
4247.563965,4253.205078,4234.230957,4250.384765999999,4225.769043,4189.487305,4181.922852000001,4175.0,4182.820313,4208.077147999999,4221.025879,4212.436035,4218.589844,4251.666504
4230.512695,4229.743652,4214.358886999999,4237.692383,4212.563965,4183.717772999999,4190.897461,4178.461426,4185.128418,4195.256348,4208.205078,4196.538574,4197.436035,4233.589844
4216.153809,4213.205078,4197.307617,4217.436035,4201.922852000001,4180.641113000001,4187.05127,4192.05127,4185.769043,4185.0,4198.461426,4185.769043,4182.94873,4218.717772999999
4221.794922,4225.641113000001,4204.102539,4216.538574,4214.743652,4196.794922,4195.769043,4214.358886999999,4207.436035,4200.128418,4206.538574,4189.743652,4191.282227000001,4221.922852000001
4222.692383,4226.794922,4210.128418,4225.384765999999,4218.974121,4215.769043,4216.538574,4232.563965,4232.05127,4218.717772999999,4211.153809,4190.384765999999,4196.666504,4219.230957
4209.871582,4208.717772999999,4199.230957,4219.615234000001,4205.512695,4213.589844,4228.461426,4236.282227000001,4231.922852000001,4217.94873,4200.897461,4183.461426,4189.230957,4206.025879
4205.384765999999,4204.615234000001,4193.589844,4208.974121,4205.128418,4207.179688,4228.205078,4234.871582,4224.102539,4213.589844,4198.846191,4184.871582,4186.282227000001,4203.717772999999
4215.512695,4208.205078,4200.384765999999,4212.179688,4212.563965,4218.589844,4223.717772999999,4236.410156,4226.025879,4215.512695,4206.282227000001,4188.846191,4190.0,4212.05127
4225.256348,4206.282227000001,4207.05127,4223.461426,4212.820313,4227.436035,4221.410156,4229.358886999999,4222.94873,4216.538574,4210.641113000001,4188.077147999999,4194.487305,4216.025879
4227.94873,4211.922852000001,4208.717772999999,4226.922852000001,4211.282227000001,4216.282227000001,4220.769043,4222.179688,4213.077147999999,4215.641113000001,4215.0,4192.692383,4200.641113000001,4216.922852000001
4229.358886999999,4225.769043,4213.333496,4227.05127,4217.563965,4212.820313,4215.641113000001,4229.743652,4215.384765999999,4220.0,4222.563965,4202.307617,4208.717772999999,4225.0
4232.563965,4230.512695,4216.666504,4230.512695,4225.897461,4222.436035,4205.256348,4216.025879,4219.230957,4220.769043,4224.358886999999,4200.384765999999,4211.153809,4232.307617
4230.641113000001,4224.615234000001,4209.230957,4228.974121,4219.871582,4212.94873,4197.307617,4176.410156,4202.692383,4210.0,4211.922852000001,4190.128418,4200.512695,4220.128418
4221.922852000001,4219.871582,4201.794922,4221.922852000001,4204.487305,4195.384765999999,4194.102539,4168.589844,4186.794922,4200.769043,4199.230957,4184.102539,4187.436035,4203.717772999999
4218.333496,4219.487305,4201.153809,4220.641113000001,4202.307617,4195.128418,4193.461426,4192.563965,4192.179688,4195.256348,4198.077147999999,4183.205078,4181.282227000001,4204.743652
4224.102539,4221.666504,4204.358886999999,4227.436035,4213.974121,4203.717772999999,4201.666504,4203.717772999999,4201.410156,4193.205078,4202.307617,4186.538574,4182.563965,4212.436035
4224.615234000001,4218.974121,4203.974121,4227.436035,4214.871582,4201.922852000001,4208.717772999999,4206.538574,4200.641113000001,4195.769043,4203.717772999999,4187.05127,4180.128418,4209.102539
4211.025879,4208.846191,4196.794922,4215.512695,4203.205078,4193.205078,4201.922852000001,4215.128418,4201.025879,4193.461426,4197.820313,4179.102539,4170.384765999999,4199.615234000001
4204.102539,4207.820313,4195.256348,4212.563965,4206.025879,4200.256348,4203.461426,4223.846191,4213.461426,4197.179688,4198.589844,4175.0,4172.563965,4200.897461
4205.256348,4209.615234000001,4193.589844,4214.487305,4217.307617,4216.153809,4215.256348,4225.512695,4219.615234000001,4204.487305,4200.384765999999,4173.589844,4176.922852000001,4201.794922
4196.922852000001,4205.128418,4183.974121,4206.794922,4215.512695,4216.922852000001,4214.102539,4219.487305,4212.436035,4199.871582,4191.538574,4167.692383,4168.205078,4190.128418
4193.974121,4207.94873,4182.179688,4206.282227000001,4208.461426,4211.666504,4213.205078,4219.230957,4214.615234000001,4201.666504,4189.871582,4166.538574,4169.230957,4187.563965
4205.897461,4218.461426,4194.743652,4218.589844,4211.538574,4211.922852000001,4219.358886999999,4220.384765999999,4221.153809,4212.563965,4204.358886999999,4176.410156,4185.256348,4204.358886999999
4224.230957,4232.94873,4209.871582,4231.538574,4224.615234000001,4211.538574,4207.179688,4216.282227000001,4218.333496,4216.153809,4222.94873,4190.641113000001,4203.461426,4222.94873
4235.641113000001,4247.563965,4217.692383,4238.205078,4230.641113000001,4210.512695,4182.436035,4206.538574,4212.179688,4219.230957,4231.025879,4201.666504,4218.589844,4229.615234000001
4229.230957,4244.743652,4213.333496,4233.974121,4225.897461,4218.461426,4188.717772999999,4190.641113000001,4206.538574,4218.974121,4222.436035,4201.538574,4216.282227000001,4223.077147999999
4217.179688,4230.512695,4205.256348,4225.512695,4224.230957,4224.743652,4212.820313,4190.256348,4207.05127,4210.256348,4209.487305,4193.846191,4199.615234000001,4211.922852000001
4211.025879,4220.641113000001,4202.307617,4219.615234000001,4216.410156,4214.358886999999,4213.846191,4207.692383,4211.153809,4206.282227000001,4203.461426,4189.102539,4191.025879,4205.256348
4200.256348,4211.666504,4194.615234000001,4209.358886999999,4201.922852000001,4205.512695,4215.641113000001,4218.974121,4209.358886999999,4204.487305,4197.820313,4182.692383,4182.692383,4196.282227000001
4183.461426,4199.102539,4180.256348,4195.769043,4197.94873,4211.922852000001,4225.0,4210.641113000001,4201.282227000001,4192.436035,4186.153809,4172.436035,4165.384765999999,4181.666504
4179.743652,4192.563965,4174.615234000001,4192.563965,4201.794922,4215.384765999999,4216.282227000001,4203.974121,4202.563965,4187.436035,4181.922852000001,4169.487305,4160.512695,4174.871582
4189.487305,4198.974121,4181.153809,4199.230957,4201.025879,4211.025879,4209.102539,4219.102539,4217.179688,4201.410156,4189.358886999999,4174.230957,4174.230957,4182.436035
4193.717772999999,4207.692383,4185.128418,4203.333496,4201.025879,4209.487305,4214.871582,4226.794922,4221.538574,4205.641113000001,4193.077147999999,4179.358886999999,4177.563965,4191.538574
4192.94873,4211.153809,4184.871582,4206.922852000001,4213.717772999999,4213.974121,4211.538574,4212.94873,4217.820313,4200.897461,4193.589844,4182.179688,4174.102539,4192.05127
4196.666504,4213.077147999999,4190.128418,4210.897461,4222.820313,4212.820313,4202.436035,4210.512695,4223.333496,4208.205078,4199.102539,4184.358886999999,4182.94873,4191.410156
4202.820313,4216.410156,4196.282227000001,4210.769043,4208.846191,4196.410156,4201.666504,4207.436035,4218.717772999999,4208.717772999999,4201.922852000001,4188.717772999999,4190.512695,4195.512695
4212.692383,4228.077147999999,4210.384765999999,4219.230957,4197.05127,4186.794922,4202.05127,4189.487305,4206.025879,4206.025879,4209.487305,4202.692383,4197.94873,4209.358886999999
4226.025879,4242.179688,4229.871582,4234.487305,4208.205078,4193.077147999999,4193.461426,4190.256348,4208.077147999999,4216.794922,4225.512695,4216.538574,4212.05127,4227.820313
4234.615234000001,4248.846191,4235.0,4243.077147999999,4225.897461,4203.333496,4181.025879,4192.820313,4206.153809,4223.974121,4230.769043,4219.871582,4220.641113000001,4235.641113000001
4225.0,4236.153809,4222.563965,4237.179688,4224.102539,4210.256348,4191.538574,4176.025879,4185.0,4207.563965,4215.384765999999,4213.846191,4208.205078,4221.922852000001
4206.794922,4216.282227000001,4207.179688,4219.871582,4207.05127,4207.820313,4212.307617,4172.05127,4175.512695,4189.102539,4197.94873,4204.358886999999,4190.384765999999,4203.077147999999
4203.333496,4216.282227000001,4208.205078,4214.615234000001,4207.436035,4210.384765999999,4212.563965,4183.333496,4196.794922,4200.128418,4203.846191,4204.487305,4196.794922,4209.230957
4204.230957,4220.641113000001,4217.05127,4222.436035,4223.461426,4221.794922,4211.538574,4192.820313,4220.512695,4221.410156,4218.461426,4212.179688,4210.256348,4220.769043
4195.0,4213.077147999999,4210.0,4219.358886999999,4219.487305,4218.461426,4216.666504,4207.563965,4225.512695,4220.512695,4211.794922,4209.743652,4204.230957,4207.436035
4186.794922,4208.717772999999,4194.230957,4209.871582,4205.256348,4206.153809,4213.205078,4222.436035,4223.333496,4205.897461,4194.230957,4198.717772999999,4189.102539,4188.461426
4187.179688,4212.436035,4191.922852000001,4210.641113000001,4211.538574,4215.897461,4215.769043,4227.94873,4223.077147999999,4201.666504,4188.205078,4196.153809,4185.384765999999,4185.0
4193.717772999999,4216.025879,4199.487305,4217.563965,4223.974121,4231.282227000001,4233.205078,4232.436035,4222.307617,4203.974121,4189.487305,4203.461426,4189.487305,4189.358886999999
4201.666504,4217.436035,4202.436035,4220.512695,4218.717772999999,4217.436035,4227.820313,4222.307617,4213.333496,4199.230957,4184.102539,4205.641113000001,4185.641113000001,4192.94873
4205.128418,4218.333496,4202.820313,4219.230957,4211.025879,4197.692383,4206.922852000001,4199.615234000001,4197.563965,4191.153809,4177.692383,4199.743652,4181.922852000001,4198.974121
4212.05127,4225.641113000001,4211.410156,4226.794922,4216.025879,4200.769043,4208.077147999999,4191.666504,4191.410156,4192.94873,4183.461426,4201.153809,4197.05127,4211.666504
4226.666504,4239.230957,4225.512695,4239.743652,4223.205078,4209.102539,4201.538574,4192.05127,4196.538574,4200.512695,4192.436035,4213.717772999999,4213.974121,4226.666504
4237.307617,4249.230957,4234.871582,4246.025879,4226.025879,4214.358886999999,4176.538574,4185.769043,4194.358886999999,4199.743652,4193.077147999999,4218.205078,4210.641113000001,4234.871582
4236.025879,4252.563965,4232.05127,4245.384765999999,4223.717772999999,4215.128418,4181.666504,4173.205078,4176.410156,4188.461426,4185.897461,4205.897461,4196.025879,4231.025879
4227.563965,4248.589844,4222.307617,4241.282227000001,4216.153809,4208.333496,4204.871582,4168.846191,4167.692383,4178.717772999999,4178.333496,4197.820313,4182.307617,4222.179688
4218.589844,4243.974121,4214.358886999999,4236.922852000001,4215.256348,4213.333496,4207.05127,4177.563965,4180.897461,4181.282227000001,4175.897461,4199.230957,4177.179688,4213.717772999999
4208.077147999999,4237.436035,4200.897461,4226.538574,4215.0,4227.05127,4203.077147999999,4183.717772999999,4185.0,4182.179688,4169.615234000001,4189.743652,4174.743652,4202.692383
4194.358886999999,4220.769043,4183.333496,4210.256348,4202.94873,4221.794922,4214.871582,4186.410156,4177.307617,4171.922852000001,4158.077147999999,4173.205078,4160.641113000001,4190.384765999999
4190.256348,4213.333496,4179.102539,4207.692383,4195.512695,4210.512695,4221.922852000001,4195.256348,4193.461426,4176.282227000001,4161.025879,4171.153809,4156.153809,4186.922852000001
4202.05127,4227.94873,4190.512695,4220.897461,4208.205078,4216.666504,4213.205078,4213.333496,4226.794922,4202.820313,4181.025879,4183.717772999999,4177.179688,4197.179688
4211.794922,4238.717772999999,4199.230957,4227.692383,4219.487305,4226.410156,4220.256348,4231.666504,4232.820313,4216.025879,4193.461426,4190.897461,4190.128418,4205.0
4206.025879,4226.794922,4192.307617,4218.589844,4209.743652,4225.769043,4235.256348,4229.230957,4211.538574,4198.974121,4185.384765999999,4184.230957,4172.820313,4194.102539
4198.589844,4215.769043,4186.153809,4213.077147999999,4200.769043,4219.358886999999,4221.922852000001,4207.179688,4198.717772999999,4184.615234000001,4178.205078,4181.666504,4160.769043,4182.436035
4209.102539,4230.0,4199.615234000001,4224.102539,4209.487305,4211.282227000001,4199.487305,4195.641113000001,4201.153809,4193.589844,4190.512695,4192.820313,4176.025879,4198.974121
4226.025879,4241.794922,4214.230957,4234.102539,4211.666504,4202.436035,4193.974121,4195.641113000001,4195.128418,4197.436035,4202.179688,4198.077147999999,4185.897461,4219.743652
4232.05127,4240.512695,4218.077147999999,4237.692383,4209.358886999999,4198.461426,4186.282227000001,4177.820313,4176.153809,4185.384765999999,4202.05127,4193.974121,4181.666504,4219.358886999999
4234.102539,4250.384765999999,4225.256348,4246.153809,4219.102539,4198.205078,4170.384765999999,4155.641113000001,4166.153809,4180.256348,4205.256348,4197.94873,4185.769043,4219.230957
4233.461426,4257.820313,4227.563965,4251.410156,4219.743652,4197.307617,4176.538574,4157.94873,4167.307617,4180.0,4204.615234000001,4200.256348,4190.256348,4222.179688
4224.487305,4249.102539,4215.641113000001,4244.230957,4211.538574,4203.589844,4196.922852000001,4178.205078,4172.307617,4180.0,4197.820313,4191.410156,4190.0,4215.897461
4208.333496,4236.153809,4200.769043,4229.230957,4211.025879,4206.538574,4202.820313,4184.102539,4173.717772999999,4179.102539,4192.05127,4180.0,4183.333496,4201.666504
4199.230957,4222.94873,4193.589844,4218.333496,4213.461426,4208.974121,4209.487305,4182.563965,4178.461426,4175.384765999999,4183.205078,4172.563965,4165.0,4190.0
4201.410156,4211.282227000001,4192.179688,4214.358886999999,4213.077147999999,4224.487305,4230.512695,4210.256348,4199.871582,4179.743652,4178.846191,4175.256348,4157.307617,4188.717772999999
4199.102539,4206.538574,4187.05127,4208.589844,4208.717772999999,4234.230957,4243.205078,4241.538574,4222.05127,4196.922852000001,4189.743652,4184.102539,4172.436035,4192.94873
4192.179688,4203.077147999999,4181.794922,4201.025879,4208.717772999999,4234.743652,4238.205078,4236.153809,4227.563965,4206.410156,4200.512695,4186.025879,4185.256348,4194.615234000001
4191.538574,4193.205078,4185.128418,4199.871582,4215.512695,4235.641113000001,4225.641113000001,4213.974121,4220.641113000001,4198.333496,4199.743652,4187.436035,4190.897461,4195.0
4195.897461,4189.871582,4195.128418,4202.436035,4219.230957,4228.461426,4217.820313,4197.692383,4209.102539,4198.077147999999,4205.897461,4197.94873,4201.794922,4199.743652
4199.230957,4194.102539,4198.333496,4200.0,4213.205078,4216.153809,4219.487305,4188.974121,4198.846191,4205.0,4219.102539,4203.846191,4206.666504,4204.230957
4205.128418,4198.205078,4198.717772999999,4201.794922,4212.179688,4213.846191,4213.846191,4186.666504,4193.589844,4198.717772999999,4221.410156,4201.666504,4206.666504,4210.384765999999
4218.846191,4206.922852000001,4211.922852000001,4215.512695,4223.077147999999,4214.358886999999,4194.615234000001,4189.102539,4191.922852000001,4196.922852000001,4222.94873,4207.692383,4221.282227000001,4225.769043
4227.94873,4209.871582,4221.153809,4221.794922,4221.666504,4206.025879,4188.717772999999,4187.692383,4188.333496,4202.94873,4228.846191,4217.05127,4231.282227000001,4232.05127
4221.538574,4203.974121,4211.410156,4213.461426,4205.897461,4203.846191,4210.512695,4190.384765999999,4186.410156,4198.974121,4223.205078,4213.205078,4219.615234000001,4220.769043
4216.025879,4207.820313,4206.666504,4215.512695,4207.307617,4211.538574,4216.282227000001,4197.179688,4194.615234000001,4201.282227000001,4217.94873,4206.666504,4213.205078,4213.461426
4221.282227000001,4216.153809,4211.282227000001,4224.102539,4222.05127,4215.384765999999,4189.743652,4187.820313,4202.307617,4213.205078,4222.94873,4208.205078,4218.333496,4215.128418
4220.384765999999,4216.153809,4210.384765999999,4220.0,4226.153809,4220.256348,4188.974121,4187.692383,4203.205078,4213.846191,4221.153809,4207.307617,4222.307617,4214.102539
4206.922852000001,4206.538574,4204.743652,4211.282227000001,4212.692383,4224.615234000001,4223.846191,4210.384765999999,4200.128418,4202.05127,4210.128418,4198.461426,4217.94873,4203.333496
4197.436035,4193.846191,4197.563965,4203.461426,4201.153809,4215.897461,4233.974121,4215.512695,4196.153809,4189.102539,4201.153809,4188.846191,4202.307617,4189.871582
4196.282227000001,4188.717772999999,4190.769043,4196.282227000001,4204.871582,4211.153809,4229.102539,4211.153809,4202.307617,4188.333496,4199.102539,4189.615234000001,4188.589844,4189.102539
4192.436035,4188.077147999999,4186.794922,4192.307617,4206.153809,4221.153809,4239.487305,4224.743652,4211.153809,4195.769043,4201.153809,4195.256348,4190.384765999999,4194.743652
4190.641113000001,4186.282227000001,4189.743652,4191.922852000001,4203.077147999999,4227.307617,4240.512695,4234.871582,4215.897461,4203.846191,4207.692383,4199.230957,4202.563965,4196.410156
4193.205078,4183.717772999999,4194.487305,4191.282227000001,4208.974121,4227.05127,4227.692383,4220.0,4218.205078,4211.410156,4214.615234000001,4206.794922,4212.436035,4201.794922
4197.563965,4185.641113000001,4198.077147999999,4191.410156,4218.205078,4227.436035,4222.307617,4209.102539,4220.641113000001,4219.871582,4224.102539,4214.743652,4224.487305,4214.358886999999
4203.974121,4192.436035,4204.615234000001,4198.077147999999,4219.487305,4227.436035,4230.256348,4218.974121,4226.153809,4228.974121,4239.230957,4219.743652,4240.641113000001,4225.256348
4210.384765999999,4196.410156,4210.256348,4203.974121,4216.794922,4227.820313,4236.538574,4223.077147999999,4225.0,4231.922852000001,4247.563965,4227.05127,4247.692383,4235.897461
4215.256348,4196.025879,4215.512695,4207.307617,4217.563965,4225.897461,4225.512695,4213.974121,4217.436035,4228.205078,4248.717772999999,4231.282227000001,4248.461426,4241.410156
4215.512695,4198.205078,4219.615234000001,4212.820313,4220.0,4210.512695,4203.717772999999,4205.384765999999,4210.384765999999,4221.282227000001,4246.794922,4224.102539,4249.230957,4233.333496
4215.641113000001,4207.05127,4222.563965,4218.974121,4219.358886999999,4200.897461,4205.0,4212.05127,4208.333496,4220.769043,4242.94873,4219.743652,4247.436035,4228.589844
4218.846191,4211.025879,4225.384765999999,4219.743652,4218.333496,4216.666504,4227.94873,4222.563965,4209.102539,4220.128418,4241.025879,4222.692383,4241.410156,4232.563965
4212.179688,4198.461426,4220.256348,4209.230957,4220.897461,4223.717772999999,4231.538574,4213.333496,4201.794922,4204.615234000001,4232.94873,4212.05127,4227.563965,4223.846191
4204.230957,4189.487305,4213.077147999999,4204.230957,4218.717772999999,4218.717772999999,4228.846191,4211.410156,4199.743652,4198.589844,4227.436035,4201.410156,4220.256348,4212.179688
4203.589844,4192.307617,4212.307617,4208.974121,4211.922852000001,4225.256348,4238.461426,4225.384765999999,4207.179688,4208.846191,4234.358886999999,4206.282227000001,4224.615234000001,4215.0
4196.666504,4183.333496,4206.538574,4199.743652,4205.769043,4225.769043,4236.410156,4217.820313,4197.563965,4200.128418,4230.897461,4205.512695,4215.384765999999,4211.410156
4187.692383,4175.641113000001,4200.641113000001,4188.205078,4207.307617,4220.256348,4227.179688,4211.922852000001,4191.922852000001,4191.666504,4226.153809,4197.179688,4208.461426,4204.358886999999
4190.256348,4184.230957,4207.179688,4195.512695,4215.641113000001,4229.743652,4232.820313,4241.922852000001,4221.538574,4220.256348,4241.794922,4200.256348,4221.410156,4210.641113000001
4193.974121,4182.436035,4208.589844,4200.769043,4222.820313,4243.205078,4240.256348,4249.615234000001,4239.743652,4241.153809,4249.743652,4206.666504,4225.0,4213.717772999999
4189.615234000001,4175.512695,4201.794922,4193.077147999999,4224.230957,4243.974121,4235.769043,4213.461426,4227.820313,4230.256348,4237.436035,4199.487305,4218.333496,4208.205078
4191.922852000001,4183.846191,4204.487305,4193.846191,4219.358886999999,4233.333496,4223.846191,4207.94873,4232.307617,4230.384765999999,4236.153809,4197.94873,4222.05127,4207.307617
4205.641113000001,4195.0,4214.358886999999,4206.025879,4221.794922,4224.102539,4214.230957,4240.128418,4249.487305,4244.615234000001,4250.641113000001,4209.615234000001,4231.282227000001,4213.974121
4210.384765999999,4195.769043,4220.769043,4211.794922,4229.102539,4222.692383,4213.717772999999,4238.461426,4242.05127,4242.307617,4254.358886999999,4215.256348,4235.769043,4218.461426
4206.025879,4197.94873,4225.256348,4214.230957,4227.307617,4217.94873,4217.94873,4209.230957,4221.025879,4228.717772999999,4249.615234000001,4218.205078,4238.846191,4221.025879
4210.384765999999,4207.820313,4229.358886999999,4224.743652,4225.512695,4209.230957,4220.512695,4202.307617,4209.615234000001,4218.461426,4250.256348,4221.025879,4237.563965,4222.563965
4219.743652,4212.563965,4233.077147999999,4228.717772999999,4228.077147999999,4210.384765999999,4217.179688,4212.436035,4206.794922,4214.743652,4253.846191,4219.358886999999,4233.461426,4222.563965
4217.692383,4206.538574,4235.128418,4219.102539,4226.666504,4216.153809,4220.0,4220.128418,4209.743652,4221.922852000001,4257.563965,4219.102539,4235.384765999999,4226.538574
4205.512695,4191.153809,4222.94873,4209.102539,4216.538574,4213.205078,4227.820313,4214.743652,4204.358886999999,4217.563965,4250.512695,4214.871582,4227.692383,4223.461426
4194.230957,4179.487305,4204.230957,4201.794922,4211.538574,4217.563965,4227.94873,4203.846191,4197.436035,4200.0,4234.230957,4204.615234000001,4211.153809,4209.743652
4190.128418,4180.641113000001,4198.974121,4196.410156,4221.153809,4240.128418,4232.05127,4216.153809,4215.512695,4207.436035,4231.153809,4200.897461,4207.436035,4202.307617
4179.358886999999,4172.94873,4192.179688,4188.077147999999,4220.0,4250.0,4240.384765999999,4232.179688,4229.615234000001,4217.563965,4230.641113000001,4192.436035,4202.05127,4193.846191
4170.641113000001,4164.615234000001,4181.794922,4184.230957,4210.897461,4239.487305,4232.563965,4230.256348,4225.769043,4212.307617,4226.282227000001,4181.410156,4199.743652,4184.743652
4187.436035,4185.384765999999,4190.641113000001,4198.077147999999,4222.94873,4238.333496,4225.769043,4241.794922,4238.974121,4228.205078,4239.615234000001,4192.692383,4221.282227000001,4196.794922
4204.615234000001,4207.563965,4208.974121,4213.077147999999,4234.487305,4240.0,4233.717772999999,4262.692383,4260.769043,4250.512695,4256.153809,4208.589844,4239.871582,4213.461426
4200.384765999999,4202.563965,4214.487305,4212.94873,4226.922852000001,4229.743652,4230.0,4246.666504,4252.436035,4242.179688,4250.641113000001,4205.769043,4236.153809,4209.102539
4194.230957,4197.563965,4211.666504,4207.436035,4220.769043,4217.05127,4209.230957,4218.846191,4225.384765999999,4223.461426,4238.461426,4199.358886999999,4229.871582,4202.820313
4203.461426,4209.743652,4217.692383,4217.307617,4223.077147999999,4212.05127,4195.897461,4215.897461,4215.128418,4219.615234000001,4241.025879,4203.846191,4232.692383,4215.897461
4219.102539,4222.436035,4235.128418,4239.102539,4226.922852000001,4212.436035,4196.282227000001,4218.461426,4220.128418,4226.025879,4254.102539,4213.846191,4241.153809,4232.05127
4226.794922,4222.05127,4247.692383,4245.897461,4229.487305,4206.794922,4203.461426,4221.794922,4216.153809,4228.077147999999,4263.974121,4220.384765999999,4245.384765999999,4235.256348
4224.102539,4214.615234000001,4244.615234000001,4234.487305,4227.05127,4202.820313,4216.794922,4212.692383,4195.641113000001,4218.205078,4261.794922,4218.846191,4240.641113000001,4230.769043
4216.410156,4209.358886999999,4233.589844,4228.333496,4224.487305,4216.538574,4221.794922,4182.307617,4185.769043,4210.384765999999,4253.333496,4213.589844,4236.153809,4227.05127
4208.461426,4203.589844,4224.230957,4226.794922,4223.846191,4227.820313,4215.512695,4177.307617,4203.077147999999,4217.563965,4248.333496,4210.384765999999,4233.589844,4222.179688
4197.179688,4191.410156,4216.282227000001,4213.717772999999,4219.487305,4221.666504,4220.641113000001,4215.0,4227.179688,4226.410156,4245.641113000001,4206.666504,4226.025879,4212.436035
4183.205078,4177.307617,4202.436035,4196.922852000001,4212.05127,4224.358886999999,4233.717772999999,4230.0,4231.025879,4221.153809,4233.461426,4198.205078,4215.256348,4197.307617
4178.077147999999,4175.897461,4192.05127,4196.410156,4217.05127,4242.307617,4232.436035,4217.563965,4232.692383,4220.128418,4224.230957,4191.666504,4213.846191,4188.461426
4185.128418,4186.025879,4198.461426,4203.717772999999,4226.538574,4241.538574,4226.025879,4238.333496,4254.358886999999,4238.846191,4235.769043,4200.256348,4223.846191,4196.922852000001
4186.153809,4186.153809,4202.820313,4201.538574,4223.589844,4228.974121,4240.128418,4270.641113000001,4260.769043,4244.487305,4239.487305,4206.666504,4224.487305,4201.794922
4186.666504,4184.230957,4204.102539,4204.358886999999,4222.692383,4232.307617,4248.974121,4271.666504,4246.153809,4232.820313,4230.384765999999,4203.717772999999,4223.589844,4196.666504
4196.922852000001,4193.846191,4214.615234000001,4215.769043,4228.205078,4231.922852000001,4230.128418,4245.769043,4233.846191,4225.512695,4232.692383,4207.179688,4232.05127,4203.333496
4205.128418,4202.05127,4224.102539,4218.846191,4228.846191,4218.717772999999,4215.384765999999,4221.922852000001,4219.358886999999,4220.128418,4238.589844,4213.205078,4233.461426,4217.05127
4214.230957,4207.307617,4231.153809,4219.871582,4223.077147999999,4211.025879,4219.615234000001,4220.128418,4203.589844,4215.0,4239.615234000001,4218.974121,4230.769043,4224.871582
4231.025879,4215.256348,4241.794922,4229.615234000001,4219.102539,4203.589844,4223.717772999999,4237.307617,4204.743652,4217.05127,4242.820313,4231.922852000001,4238.846191,4234.358886999999
4240.256348,4217.94873,4246.538574,4238.205078,4220.0,4196.922852000001,4223.589844,4238.461426,4208.333496,4219.615234000001,4246.922852000001,4237.179688,4246.666504,4244.358886999999
4237.692383,4217.820313,4243.717772999999,4236.538574,4221.922852000001,4204.871582,4219.743652,4204.743652,4195.769043,4217.436035,4247.307617,4229.743652,4244.487305,4245.128418
4239.615234000001,4220.128418,4243.077147999999,4232.692383,4221.025879,4214.743652,4213.974121,4192.05127,4195.128418,4221.538574,4246.025879,4228.589844,4244.358886999999,4245.641113000001
4238.205078,4214.743652,4234.102539,4227.05127,4217.179688,4215.0,4214.487305,4212.307617,4205.256348,4223.846191,4238.717772999999,4225.769043,4244.230957,4244.230957
4226.410156,4202.692383,4218.717772999999,4219.487305,4218.077147999999,4216.794922,4215.256348,4214.743652,4202.692383,4212.436035,4228.461426,4210.512695,4232.436035,4233.717772999999
4224.358886999999,4203.205078,4218.461426,4220.256348,4221.282227000001,4225.769043,4217.94873,4214.871582,4211.153809,4211.794922,4230.256348,4206.538574,4226.538574,4230.0
4233.333496,4206.794922,4224.615234000001,4221.666504,4220.512695,4231.794922,4221.153809,4230.0,4229.102539,4225.512695,4235.0,4211.282227000001,4232.436035,4232.563965
4232.563965,4199.487305,4218.974121,4212.563965,4218.846191,4230.128418,4224.230957,4225.256348,4220.769043,4225.641113000001,4229.615234000001,4205.769043,4229.743652,4227.179688
4220.512695,4192.692383,4209.487305,4205.256348,4216.410156,4226.922852000001,4235.256348,4221.538574,4209.743652,4213.461426,4224.230957,4197.307617,4219.358886999999,4221.538574
4219.230957,4193.461426,4209.871582,4207.307617,4210.256348,4225.384765999999,4237.05127,4242.179688,4224.358886999999,4211.538574,4227.820313,4199.871582,4219.487305,4223.717772999999
4237.179688,4204.615234000001,4224.487305,4216.025879,4212.692383,4227.692383,4233.077147999999,4254.487305,4242.179688,4228.974121,4241.922852000001,4212.05127,4235.512695,4236.410156
4246.410156,4209.102539,4235.512695,4218.077147999999,4216.666504,4225.128418,4240.384765999999,4250.769043,4243.461426,4244.487305,4255.512695,4219.487305,4247.05127,4249.615234000001
4238.077147999999,4204.230957,4232.05127,4212.820313,4208.077147999999,4217.563965,4241.410156,4256.538574,4239.102539,4241.794922,4259.102539,4217.692383,4244.102539,4250.128418
4242.436035,4214.358886999999,4233.333496,4221.282227000001,4211.794922,4217.436035,4220.512695,4251.922852000001,4239.102539,4243.077147999999,4265.256348,4222.692383,4249.487305,4251.538574
4250.641113000001,4225.384765999999,4241.025879,4232.563965,4223.333496,4218.077147999999,4205.128418,4228.333496,4236.538574,4249.615234000001,4272.307617,4230.128418,4260.769043,4259.230957
4234.230957,4213.717772999999,4232.820313,4221.794922,4215.0,4221.666504,4218.461426,4221.922852000001,4225.0,4235.512695,4261.794922,4218.461426,4253.717772999999,4249.871582
4214.102539,4196.153809,4215.0,4206.025879,4203.589844,4231.794922,4228.974121,4212.307617,4202.94873,4210.128418,4240.256348,4198.205078,4228.461426,4228.461426
4219.230957,4193.846191,4214.615234000001,4211.794922,4209.487305,4228.846191,4216.922852000001,4191.666504,4194.871582,4205.897461,4233.717772999999,4198.077147999999,4210.897461,4225.897461
4227.179688,4195.641113000001,4222.563965,4215.769043,4212.94873,4213.846191,4212.563965,4202.05127,4211.282227000001,4214.487305,4236.794922,4205.769043,4208.077147999999,4231.922852000001
4210.256348,4183.077147999999,4208.974121,4193.589844,4197.692383,4212.436035,4228.205078,4214.230957,4210.0,4203.717772999999,4227.307617,4197.307617,4200.128418,4217.692383
4193.077147999999,4170.512695,4193.717772999999,4178.589844,4193.077147999999,4222.820313,4237.692383,4206.794922,4197.692383,4192.307617,4220.256348,4189.743652,4195.128418,4204.358886999999
4204.230957,4180.0,4205.641113000001,4191.794922,4208.077147999999,4226.922852000001,4229.615234000001,4224.358886999999,4219.230957,4210.384765999999,4233.589844,4197.436035,4211.025879,4216.410156
4220.256348,4194.615234000001,4218.717772999999,4200.512695,4209.871582,4222.05127,4225.512695,4257.563965,4251.410156,4231.666504,4244.102539,4204.743652,4223.846191,4229.102539
4215.256348,4190.384765999999,4214.487305,4191.922852000001,4197.05127,4219.358886999999,4237.05127,4264.358886999999,4251.794922,4232.05127,4242.563965,4204.358886999999,4217.692383,4223.846191
4206.025879,4179.487305,4207.820313,4188.333496,4191.922852000001,4221.538574,4239.358886999999,4247.307617,4233.461426,4224.743652,4238.205078,4199.230957,4211.025879,4215.641113000001
4211.025879,4186.153809,4210.0,4196.282227000001,4198.333496,4222.179688,4218.717772999999,4238.333496,4232.436035,4227.692383,4236.025879,4195.641113000001,4213.717772999999,4216.794922
4220.384765999999,4200.512695,4221.538574,4206.410156,4206.153809,4221.538574,4201.922852000001,4249.743652,4245.0,4237.307617,4240.641113000001,4198.717772999999,4220.897461,4224.615234000001
4219.358886999999,4198.461426,4225.128418,4208.717772999999,4208.461426,4219.743652,4202.179688,4229.871582,4230.897461,4229.358886999999,4241.666504,4202.05127,4222.05127,4224.743652
4214.487305,4190.769043,4217.692383,4207.563965,4210.897461,4220.897461,4212.436035,4185.0,4200.897461,4213.077147999999,4234.871582,4199.102539,4215.769043,4215.769043
4210.384765999999,4190.897461,4212.94873,4206.666504,4212.436035,4222.179688,4225.256348,4188.974121,4197.820313,4208.077147999999,4230.128418,4196.410156,4211.794922,4211.025879
4211.410156,4192.436035,4216.922852000001,4203.077147999999,4207.436035,4219.615234000001,4231.666504,4223.333496,4214.230957,4211.666504,4233.461426,4198.974121,4217.563965,4215.512695
4214.871582,4188.333496,4218.974121,4201.282227000001,4202.436035,4220.641113000001,4231.538574,4230.512695,4222.436035,4217.820313,4236.282227000001,4201.922852000001,4224.358886999999,4218.846191
4207.436035,4178.205078,4207.820313,4196.025879,4198.717772999999,4220.0,4227.307617,4227.94873,4221.538574,4217.94873,4225.128418,4196.666504,4217.436035,4211.538574
4202.436035,4177.820313,4201.538574,4192.179688,4200.897461,4221.538574,4227.179688,4239.871582,4225.384765999999,4215.512695,4214.358886999999,4190.512695,4212.436035,4205.641113000001
4208.846191,4187.179688,4208.717772999999,4197.94873,4207.820313,4225.256348,4232.94873,4250.256348,4232.179688,4218.974121,4217.820313,4196.282227000001,4221.153809,4211.922852000001
4207.94873,4183.846191,4207.307617,4199.358886999999,4204.487305,4217.563965,4229.871582,4247.179688,4228.077147999999,4223.205078,4217.820313,4200.384765999999,4221.922852000001,4213.333496
4198.974121,4175.256348,4196.410156,4192.94873,4197.820313,4215.769043,4226.410156,4235.512695,4220.128418,4219.871582,4208.077147999999,4192.563965,4212.307617,4204.358886999999
4201.794922,4179.230957,4197.820313,4193.974121,4200.512695,4227.179688,4230.769043,4237.820313,4226.922852000001,4217.692383,4205.128418,4188.717772999999,4215.128418,4202.820313
4208.974121,4186.538574,4206.794922,4204.871582,4206.282227000001,4230.0,4223.846191,4243.974121,4233.333496,4222.179688,4205.897461,4190.384765999999,4223.077147999999,4205.512695
4209.230957,4188.589844,4208.589844,4206.410156,4210.256348,4223.461426,4210.769043,4225.641113000001,4224.487305,4223.974121,4202.94873,4187.94873,4219.358886999999,4204.102539
4211.025879,4187.820313,4206.922852000001,4197.94873,4211.794922,4227.436035,4214.230957,4208.974121,4217.94873,4219.615234000001,4203.077147999999,4189.743652,4216.794922,4208.205078
4213.461426,4191.282227000001,4211.794922,4200.0,4213.461426,4237.05127,4228.077147999999,4219.230957,4223.461426,4220.769043,4206.282227000001,4198.205078,4225.641113000001,4216.538574
4216.282227000001,4199.358886999999,4220.897461,4210.0,4212.94873,4232.692383,4234.358886999999,4228.974121,4223.846191,4228.333496,4207.307617,4202.563965,4230.384765999999,4219.615234000001
4224.358886999999,4202.436035,4226.025879,4212.05127,4210.256348,4223.333496,4233.077147999999,4226.282227000001,4217.820313,4228.717772999999,4210.256348,4204.615234000001,4228.589844,4223.205078
4226.922852000001,4195.769043,4224.615234000001,4207.179688,4207.179688,4222.436035,4226.922852000001,4240.512695,4222.179688,4224.358886999999,4212.94873,4205.384765999999,4233.333496,4230.769043
4218.846191,4189.487305,4220.769043,4202.94873,4206.794922,4225.384765999999,4222.307617,4252.820313,4225.769043,4218.077147999999,4207.94873,4204.358886999999,4233.077147999999,4232.179688
4220.384765999999,4192.436035,4222.307617,4206.410156,4212.692383,4231.025879,4228.461426,4243.461426,4221.666504,4211.794922,4204.487305,4208.589844,4224.615234000001,4229.871582
4229.487305,4198.077147999999,4224.743652,4213.974121,4218.974121,4238.461426,4236.025879,4240.256348,4224.487305,4216.282227000001,4207.05127,4213.077147999999,4221.025879,4229.615234000001
4228.333496,4204.102539,4225.128418,4215.769043,4222.820313,4240.256348,4231.538574,4243.461426,4230.256348,4227.307617,4208.461426,4213.077147999999,4223.205078,4234.102539
4228.205078,4212.820313,4228.333496,4218.461426,4228.589844,4238.333496,4226.666504,4241.922852000001,4232.563965,4232.436035,4211.538574,4215.641113000001,4230.0,4242.307617
4231.794922,4216.282227000001,4232.820313,4224.615234000001,4227.692383,4240.512695,4234.615234000001,4238.846191,4231.153809,4233.333496,4215.256348,4217.94873,4235.512695,4242.692383
4228.589844,4214.615234000001,4234.358886999999,4225.128418,4223.205078,4245.512695,4242.05127,4234.743652,4231.153809,4236.666504,4215.128418,4215.512695,4235.769043,4234.871582
4219.102539,4209.230957,4227.179688,4217.692383,4222.692383,4241.666504,4231.538574,4223.717772999999,4227.179688,4232.436035,4208.077147999999,4205.769043,4225.641113000001,4224.102539
4209.358886999999,4198.077147999999,4214.615234000001,4208.846191,4217.94873,4225.769043,4220.512695,4216.666504,4217.563965,4219.871582,4193.333496,4192.436035,4210.384765999999,4210.641113000001
4206.794922,4193.846191,4211.153809,4206.282227000001,4210.641113000001,4218.333496,4230.0,4222.179688,4214.102539,4216.410156,4185.641113000001,4190.128418,4205.384765999999,4206.025879
4212.05127,4200.256348,4217.179688,4208.846191,4208.333496,4222.94873,4232.94873,4225.641113000001,4218.461426,4222.05127,4191.666504,4201.153809,4211.538574,4214.102539
4222.436035,4209.487305,4221.153809,4215.512695,4211.538574,4217.94873,4220.512695,4231.794922,4222.692383,4226.153809,4203.333496,4210.641113000001,4220.384765999999,4221.666504
4232.563965,4214.358886999999,4225.641113000001,4224.358886999999,4215.897461,4205.0,4218.333496,4247.05127,4224.743652,4227.820313,4210.641113000001,4213.461426,4226.153809,4226.794922
4228.333496,4208.846191,4226.025879,4220.641113000001,4211.410156,4207.820313,4221.410156,4247.563965,4218.205078,4221.025879,4205.641113000001,4210.512695,4226.666504,4229.743652
4214.615234000001,4199.871582,4219.358886999999,4209.871582,4206.794922,4223.717772999999,4223.333496,4238.846191,4209.871582,4210.641113000001,4197.05127,4204.230957,4224.102539,4225.769043
4209.487305,4197.820313,4216.538574,4208.205078,4213.589844,4226.538574,4221.922852000001,4240.0,4208.974121,4208.461426,4195.384765999999,4202.820313,4219.615234000001,4218.974121
4210.512695,4199.358886999999,4215.512695,4214.102539,4218.589844,4221.282227000001,4220.641113000001,4228.846191,4205.512695,4210.641113000001,4192.307617,4203.717772999999,4212.563965,4215.384765999999
4200.384765999999,4192.563965,4205.769043,4212.820313,4212.692383,4225.128418,4229.487305,4194.487305,4189.871582,4200.384765999999,4176.025879,4194.743652,4198.846191,4206.666504
4190.641113000001,4186.922852000001,4193.077147999999,4205.128418,4209.871582,4225.512695,4227.307617,4171.282227000001,4180.128418,4184.358886999999,4161.922852000001,4183.589844,4185.897461,4196.282227000001
4203.846191,4197.179688,4200.512695,4210.256348,4216.410156,4215.769043,4205.0,4185.128418,4198.333496,4198.077147999999,4173.974121,4188.589844,4195.897461,4202.436035
4218.717772999999,4207.179688,4216.538574,4221.282227000001,4218.077147999999,4210.769043,4204.615234000001,4210.128418,4221.538574,4227.307617,4195.641113000001,4201.794922,4217.692383,4216.922852000001
4213.589844,4202.307617,4215.769043,4219.230957,4213.717772999999,4211.410156,4224.230957,4225.384765999999,4225.128418,4232.436035,4197.05127,4205.128418,4219.230957,4219.743652
4207.563965,4195.384765999999,4208.077147999999,4212.563965,4210.256348,4206.410156,4216.025879,4238.717772999999,4222.05127,4223.205078,4187.94873,4205.769043,4208.461426,4213.461426
4207.94873,4191.025879,4205.897461,4208.846191,4203.205078,4198.077147999999,4200.0,4244.615234000001,4218.205078,4218.717772999999,4184.230957,4208.077147999999,4205.384765999999,4208.974121
4206.025879,4187.179688,4207.179688,4207.307617,4198.974121,4200.256348,4212.94873,4246.410156,4216.666504,4216.666504,4184.743652,4204.743652,4208.717772999999,4209.743652
4200.0,4186.025879,4202.307617,4200.769043,4201.153809,4204.743652,4220.384765999999,4236.538574,4210.897461,4207.692383,4179.615234000001,4196.153809,4203.461426,4207.307617
4192.692383,4185.256348,4195.512695,4193.077147999999,4203.077147999999,4206.666504,4213.333496,4207.307617,4192.05127,4196.025879,4169.743652,4191.794922,4193.077147999999,4199.743652
4194.871582,4189.743652,4200.641113000001,4198.974121,4210.256348,4216.538574,4214.358886999999,4202.563965,4190.769043,4196.538574,4170.0,4197.179688,4198.846191,4199.743652
4207.820313,4197.692383,4211.794922,4212.307617,4221.538574,4218.333496,4210.641113000001,4224.615234000001,4210.769043,4204.230957,4176.410156,4204.743652,4213.077147999999,4206.025879
4214.230957,4201.153809,4216.025879,4217.179688,4222.820313,4211.794922,4211.922852000001,4214.487305,4210.641113000001,4206.922852000001,4176.410156,4207.94873,4214.358886999999,4209.871582
4208.461426,4202.563965,4214.743652,4215.0,4219.102539,4215.384765999999,4223.333496,4182.692383,4195.0,4204.615234000001,4172.179688,4205.897461,4205.641113000001,4209.871582
4201.538574,4202.05127,4208.717772999999,4212.307617,4220.256348,4221.538574,4214.615234000001,4182.94873,4197.94873,4201.922852000001,4167.307617,4197.179688,4196.153809,4203.717772999999
4198.846191,4202.563965,4201.538574,4211.922852000001,4222.94873,4219.615234000001,4204.615234000001,4204.743652,4212.820313,4207.563965,4166.153809,4192.692383,4195.897461,4200.128418
4198.846191,4204.743652,4204.230957,4213.205078,4221.282227000001,4211.666504,4214.487305,4218.974121,4220.128418,4217.820313,4168.717772999999,4200.128418,4201.025879,4202.94873
4204.743652,4206.153809,4213.077147999999,4215.769043,4219.230957,4203.205078,4213.974121,4227.820313,4220.641113000001,4221.282227000001,4169.743652,4206.025879,4203.461426,4204.615234000001
4211.282227000001,4205.128418,4215.128418,4217.563965,4219.358886999999,4202.94873,4207.436035,4231.025879,4214.358886999999,4216.282227000001,4166.410156,4201.922852000001,4206.538574,4203.077147999999
4206.922852000001,4203.717772999999,4210.769043,4214.102539,4219.358886999999,4210.384765999999,4219.871582,4236.666504,4213.077147999999,4210.384765999999,4161.153809,4201.153809,4206.538574,4200.769043
4197.307617,4203.717772999999,4206.666504,4211.025879,4220.512695,4210.641113000001,4228.333496,4251.538574,4226.922852000001,4211.922852000001,4157.436035,4201.666504,4200.0,4198.461426
4188.846191,4194.487305,4200.641113000001,4207.179688,4216.025879,4205.128418,4223.974121,4256.666504,4227.307617,4212.820313,4151.922852000001,4191.153809,4195.128418,4193.717772999999
4181.794922,4181.666504,4193.077147999999,4201.410156,4209.358886999999,4207.692383,4220.0,4230.128418,4203.846191,4200.641113000001,4144.487305,4184.615234000001,4197.05127,4190.128418
4179.743652,4183.589844,4191.794922,4200.512695,4208.846191,4215.512695,4212.436035,4197.179688,4190.769043,4190.384765999999,4138.717772999999,4187.436035,4198.589844,4191.794922
4186.025879,4191.666504,4194.743652,4200.897461,4206.025879,4213.333496,4213.846191,4202.179688,4197.179688,4192.307617,4134.487305,4186.666504,4196.153809,4194.230957
4190.512695,4191.922852000001,4196.410156,4199.358886999999,4205.256348,4208.589844,4222.563965,4208.974121,4199.487305,4191.025879,4130.512695,4181.025879,4196.153809,4195.128418
4188.846191,4190.0,4193.333496,4198.717772999999,4210.0,4215.384765999999,4210.128418,4187.05127,4194.871582,4185.256348,4126.410156,4180.384765999999,4195.256348,4197.179688
4194.230957,4195.0,4196.282227000001,4206.538574,4211.794922,4221.794922,4200.512695,4187.307617,4201.794922,4194.487305,4130.897461,4186.794922,4198.589844,4203.846191
4205.512695,4204.102539,4210.0,4214.358886999999,4209.871582,4213.589844,4209.743652,4210.128418,4212.05127,4208.974121,4140.897461,4189.230957,4205.897461,4211.153809
4212.692383,4207.820313,4217.436035,4212.179688,4205.641113000001,4201.666504,4201.410156,4212.692383,4210.769043,4207.94873,4143.205078,4189.615234000001,4204.487305,4214.615234000001
4219.487305,4206.282227000001,4219.487305,4213.461426,4205.256348,4206.666504,4194.230957,4223.077147999999,4213.974121,4210.128418,4148.205078,4198.205078,4203.846191,4218.461426
4222.692383,4201.922852000001,4219.871582,4217.563965,4204.487305,4218.717772999999,4222.94873,4247.179688,4220.641113000001,4217.692383,4157.436035,4203.846191,4207.94873,4218.717772999999
4217.563965,4199.230957,4214.358886999999,4212.436035,4201.666504,4217.307617,4241.794922,4246.794922,4218.717772999999,4212.307617,4158.077147999999,4197.307617,4207.05127,4216.410156
4215.384765999999,4203.717772999999,4212.307617,4206.922852000001,4200.897461,4213.333496,4228.846191,4246.538574,4222.692383,4212.436035,4161.666504,4196.025879,4211.922852000001,4222.179688
4212.692383,4201.666504,4209.358886999999,4205.256348,4198.846191,4213.333496,4227.820313,4246.922852000001,4222.05127,4217.05127,4165.641113000001,4197.05127,4216.538574,4220.641113000001
4207.179688,4194.358886999999,4202.563965,4200.897461,4201.153809,4212.563965,4240.0,4232.307617,4210.128418,4208.717772999999,4160.641113000001,4188.461426,4207.563965,4208.717772999999
4211.794922,4197.820313,4203.589844,4199.358886999999,4206.025879,4213.205078,4234.358886999999,4231.666504,4209.358886999999,4204.230957,4160.256348,4183.589844,4203.333496,4209.743652
4221.282227000001,4203.974121,4211.153809,4203.461426,4201.282227000001,4210.384765999999,4219.615234000001,4237.94873,4213.589844,4210.384765999999,4167.94873,4187.179688,4212.307617,4219.871582
4226.538574,4209.358886999999,4214.487305,4210.512695,4198.461426,4205.641113000001,4212.692383,4223.461426,4210.769043,4213.205078,4175.128418,4189.230957,4221.922852000001,4225.769043
4228.461426,4219.230957,4213.333496,4216.922852000001,4209.487305,4209.230957,4198.974121,4198.717772999999,4209.230957,4211.666504,4176.794922,4186.025879,4224.230957,4227.436035
4229.102539,4226.153809,4212.563965,4218.077147999999,4215.384765999999,4215.128418,4187.05127,4197.94873,4210.256348,4212.94873,4172.563965,4182.436035,4220.0,4226.666504
4228.974121,4224.871582,4213.717772999999,4219.358886999999,4207.820313,4211.282227000001,4194.743652,4209.102539,4212.05127,4215.641113000001,4170.897461,4182.820313,4216.538574,4226.153809
4231.794922,4222.05127,4216.025879,4218.846191,4200.512695,4199.487305,4195.0,4202.94873,4214.358886999999,4215.384765999999,4174.487305,4187.307617,4217.820313,4227.820313
4236.538574,4219.743652,4216.794922,4213.846191,4201.538574,4194.615234000001,4190.128418,4201.410156,4211.153809,4211.153809,4173.205078,4188.974121,4213.333496,4225.512695
4233.205078,4212.94873,4212.692383,4209.487305,4201.794922,4194.230957,4196.025879,4222.307617,4204.487305,4205.0,4165.0,4186.794922,4202.179688,4216.666504
4226.282227000001,4207.692383,4210.128418,4207.436035,4194.230957,4195.769043,4207.307617,4237.179688,4205.0,4203.333496,4162.179688,4184.615234000001,4201.025879,4210.641113000001
4227.179688,4207.436035,4212.94873,4208.461426,4193.589844,4205.256348,4215.384765999999,4228.589844,4204.743652,4201.922852000001,4165.128418,4183.461426,4207.179688,4211.794922
4230.0,4205.641113000001,4214.230957,4207.436035,4201.794922,4212.179688,4215.0,4223.846191,4199.871582,4198.077147999999,4165.641113000001,4185.128418,4205.897461,4213.461426
4229.102539,4205.769043,4215.897461,4206.666504,4205.897461,4209.743652,4210.769043,4226.410156,4201.922852000001,4202.436035,4167.94873,4189.871582,4206.410156,4212.436035
4229.230957,4209.743652,4219.615234000001,4207.820313,4202.179688,4207.436035,4207.436035,4214.102539,4204.230957,4206.282227000001,4172.692383,4193.717772999999,4211.410156,4213.589844
4234.102539,4216.153809,4222.563965,4211.794922,4201.922852000001,4215.256348,4208.717772999999,4204.743652,4205.256348,4206.666504,4176.666504,4197.436035,4215.0,4221.025879
4241.666504,4222.820313,4225.897461,4218.205078,4211.666504,4223.077147999999,4206.153809,4216.282227000001,4217.179688,4215.769043,4182.563965,4201.153809,4220.384765999999,4227.307617
4240.769043,4219.615234000001,4223.846191,4217.179688,4213.333496,4213.077147999999,4194.615234000001,4222.307617,4224.871582,4218.077147999999,4180.512695,4197.307617,4216.922852000001,4221.282227000001
4237.563965,4217.820313,4222.94873,4215.897461,4207.436035,4202.307617,4187.05127,4218.461426,4222.563965,4212.436035,4176.025879,4196.538574,4213.077147999999,4216.153809
4240.384765999999,4221.666504,4229.871582,4220.641113000001,4207.563965,4202.94873,4185.128418,4221.794922,4222.05127,4218.846191,4182.05127,4202.307617,4223.333496,4221.282227000001
4234.230957,4215.0,4228.461426,4218.461426,4208.205078,4200.641113000001,4180.897461,4218.077147999999,4216.153809,4220.769043,4179.358886999999,4200.897461,4223.333496,4220.512695
4223.846191,4204.871582,4219.615234000001,4211.538574,4205.512695,4197.563965,4191.025879,4217.692383,4211.666504,4209.230957,4169.358886999999,4198.974121,4213.461426,4216.538574
4221.666504,4199.358886999999,4215.897461,4207.05127,4196.153809,4200.384765999999,4214.230957,4225.897461,4211.410156,4202.692383,4168.717772999999,4196.922852000001,4212.179688,4217.179688
4220.0,4196.538574,4215.512695,4204.102539,4190.897461,4206.922852000001,4222.820313,4217.436035,4206.025879,4203.846191,4170.0,4190.512695,4213.333496,4215.0
4218.205078,4202.692383,4217.179688,4202.820313,4200.256348,4213.205078,4221.410156,4210.256348,4209.102539,4208.846191,4171.410156,4190.769043,4214.358886999999,4212.820313
4218.717772999999,4206.666504,4218.974121,4203.077147999999,4201.922852000001,4212.05127,4221.282227000001,4217.05127,4211.922852000001,4210.0,4172.307617,4196.922852000001,4214.230957,4217.563965
4219.615234000001,4201.922852000001,4220.128418,4204.871582,4196.666504,4212.94873,4216.025879,4212.563965,4203.077147999999,4208.077147999999,4168.846191,4197.05127,4211.922852000001,4220.897461
4221.153809,4201.538574,4220.897461,4208.974121,4203.461426,4220.641113000001,4211.025879,4202.94873,4202.179688,4206.538574,4166.153809,4196.794922,4211.025879,4218.461426
4225.641113000001,4205.256348,4220.256348,4210.512695,4207.563965,4217.94873,4213.333496,4204.230957,4208.333496,4204.102539,4167.692383,4201.666504,4209.615234000001,4217.820313
4229.358886999999,4210.512695,4221.153809,4213.333496,4204.871582,4211.153809,4208.974121,4206.282227000001,4212.436035,4208.589844,4171.794922,4208.077147999999,4212.94873,4223.589844
4233.461426,4218.846191,4226.922852000001,4220.384765999999,4209.615234000001,4212.436035,4198.077147999999,4213.589844,4220.128418,4219.102539,4179.615234000001,4214.487305,4221.666504,4231.538574
4240.128418,4223.461426,4232.692383,4224.230957,4214.615234000001,4211.153809,4194.230957,4227.820313,4227.94873,4225.512695,4188.717772999999,4216.282227000001,4228.077147999999,4233.205078
4237.692383,4219.102539,4231.922852000001,4219.743652,4208.717772999999,4203.717772999999,4193.717772999999,4222.563965,4219.871582,4219.102539,4187.820313,4208.717772999999,4223.589844,4228.077147999999
4229.102539,4212.179688,4228.461426,4212.179688,4200.256348,4206.282227000001,4197.307617,4216.282227000001,4214.102539,4214.230957,4182.436035,4204.871582,4217.179688,4225.128418
4224.487305,4206.538574,4225.769043,4211.282227000001,4195.641113000001,4212.94873,4210.769043,4239.871582,4225.0,4219.871582,4184.230957,4211.025879,4217.307617,4226.538574
4216.666504,4197.563965,4215.512695,4208.974121,4192.94873,4207.94873,4215.256348,4243.205078,4221.538574,4213.461426,4180.384765999999,4207.692383,4210.769043,4218.974121
4209.487305,4192.436035,4204.487305,4201.538574,4195.897461,4207.692383,4207.05127,4211.282227000001,4205.769043,4199.487305,4171.666504,4192.820313,4201.538574,4207.05127
4213.077147999999,4198.717772999999,4206.538574,4201.410156,4201.025879,4219.358886999999,4213.205078,4200.897461,4206.410156,4202.436035,4175.384765999999,4190.897461,4204.487305,4208.717772999999
4218.717772999999,4202.94873,4215.0,4206.410156,4202.436035,4220.641113000001,4222.436035,4221.153809,4220.641113000001,4217.179688,4186.666504,4201.794922,4215.897461,4218.333496
4217.563965,4199.743652,4215.0,4207.307617,4206.282227000001,4215.641113000001,4211.922852000001,4225.641113000001,4221.538574,4219.487305,4187.563965,4201.922852000001,4217.94873,4217.436035
4217.820313,4201.922852000001,4209.102539,4206.025879,4209.615234000001,4215.512695,4196.666504,4197.563965,4206.025879,4207.820313,4177.94873,4196.282227000001,4211.410156,4211.025879
4224.230957,4213.205078,4211.922852000001,4208.461426,4211.025879,4215.256348,4196.794922,4182.436035,4205.0,4205.256348,4179.743652,4200.897461,4216.025879,4217.179688
4227.563965,4217.179688,4218.589844,4209.871582,4212.436035,4210.769043,4197.307617,4199.871582,4217.692383,4215.384765999999,4188.333496,4205.512695,4222.05127,4221.025879
4220.384765999999,4206.153809,4211.666504,4204.871582,4206.666504,4203.205078,4188.077147999999,4208.846191,4211.666504,4212.307617,4179.102539,4201.922852000001,4208.077147999999,4204.743652
4214.615234000001,4201.410156,4203.461426,4203.717772999999,4200.769043,4201.153809,4181.922852000001,4199.487305,4200.769043,4201.282227000001,4170.384765999999,4199.230957,4195.512695,4195.512695
4218.205078,4207.563965,4208.461426,4208.205078,4204.743652,4208.846191,4180.512695,4209.102539,4215.128418,4208.846191,4183.205078,4200.512695,4205.384765999999,4205.128418
4217.94873,4208.589844,4212.05127,4208.717772999999,4210.769043,4216.410156,4190.769043,4230.0,4225.128418,4218.205078,4192.436035,4201.410156,4211.794922,4208.333496
4212.179688,4201.282227000001,4205.384765999999,4202.563965,4206.922852000001,4212.179688,4206.538574,4227.05127,4210.769043,4207.436035,4182.05127,4199.358886999999,4198.333496,4198.461426
4210.769043,4196.282227000001,4200.641113000001,4200.128418,4199.743652,4206.410156,4207.820313,4214.358886999999,4201.794922,4196.922852000001,4174.615234000001,4195.641113000001,4191.794922,4191.282227000001
4210.641113000001,4199.358886999999,4201.666504,4205.384765999999,4198.589844,4209.743652,4204.102539,4208.205078,4198.974121,4199.358886999999,4177.307617,4190.0,4199.102539,4192.436035
4206.282227000001,4198.461426,4200.256348,4203.461426,4197.563965,4205.641113000001,4206.025879,4201.538574,4188.974121,4198.846191,4178.333496,4186.666504,4200.769043,4194.230957
4199.615234000001,4191.025879,4195.769043,4193.077147999999,4194.743652,4200.512695,4206.282227000001,4204.487305,4185.384765999999,4189.487305,4172.436035,4187.307617,4189.487305,4187.179688
4195.256348,4187.94873,4194.487305,4189.230957,4195.769043,4210.897461,4204.743652,4214.871582,4192.05127,4187.179688,4166.922852000001,4191.666504,4181.025879,4179.871582
4198.974121,4194.487305,4198.077147999999,4195.384765999999,4199.871582,4215.128418,4201.922852000001,4207.05127,4201.922852000001,4198.846191,4173.589844,4197.563965,4188.333496,4187.05127
4207.94873,4203.846191,4204.487305,4204.615234000001,4205.384765999999,4207.563965,4202.307617,4194.102539,4214.743652,4213.974121,4187.179688,4199.615234000001,4203.717772999999,4197.94873
4210.897461,4203.077147999999,4206.410156,4205.256348,4211.282227000001,4210.897461,4202.563965,4201.538574,4220.641113000001,4216.538574,4187.05127,4196.025879,4207.05127,4196.282227000001
4210.384765999999,4198.717772999999,4205.128418,4202.563965,4212.820313,4217.820313,4188.205078,4215.897461,4215.641113000001,4211.153809,4178.333496,4197.563965,4204.230957,4192.820313
4211.922852000001,4203.974121,4208.205078,4208.717772999999,4211.282227000001,4208.205078,4177.436035,4213.077147999999,4210.128418,4210.512695,4181.410156,4208.589844,4208.589844,4198.461426
4205.384765999999,4204.615234000001,4206.538574,4206.153809,4203.717772999999,4190.512695,4180.384765999999,4190.897461,4199.230957,4204.102539,4180.128418,4207.94873,4206.153809,4199.743652
4198.846191,4196.922852000001,4200.641113000001,4196.410156,4198.333496,4193.461426,4183.461426,4178.461426,4192.179688,4194.871582,4173.333496,4197.563965,4200.256348,4198.461426
4200.769043,4198.333496,4202.05127,4198.717772999999,4206.922852000001,4213.717772999999,4189.358886999999,4200.128418,4203.077147999999,4202.563965,4177.179688,4197.179688,4205.128418,4203.717772999999
4200.512695,4197.563965,4202.05127,4197.820313,4209.102539,4213.077147999999,4199.743652,4224.230957,4210.641113000001,4210.0,4180.256348,4199.615234000001,4205.641113000001,4202.692383
4197.436035,4188.717772999999,4198.205078,4190.384765999999,4198.077147999999,4196.025879,4200.0,4211.282227000001,4200.256348,4201.922852000001,4177.436035,4197.05127,4200.512695,4197.820313
4201.538574,4192.179688,4202.94873,4194.487305,4195.512695,4197.307617,4198.589844,4203.077147999999,4195.769043,4198.205078,4180.769043,4201.410156,4203.846191,4209.358886999999
4207.179688,4199.230957,4208.974121,4201.282227000001,4204.358886999999,4213.077147999999,4208.333496,4222.563965,4205.769043,4208.589844,4187.05127,4209.102539,4210.512695,4221.922852000001
4200.512695,4187.820313,4200.128418,4193.846191,4200.641113000001,4210.0,4204.102539,4215.641113000001,4206.153809,4207.179688,4178.974121,4198.717772999999,4203.589844,4208.333496
4192.307617,4180.512695,4191.282227000001,4184.230957,4192.94873,4195.512695,4185.769043,4185.256348,4195.0,4194.230957,4168.461426,4185.512695,4194.871582,4191.410156
4202.94873,4197.820313,4199.230957,4191.025879,4200.897461,4198.333496,4189.871582,4190.384765999999,4201.410156,4198.461426,4176.538574,4192.692383,4203.461426,4201.410156
4213.717772999999,4203.461426,4203.974121,4198.717772999999,4201.025879,4202.436035,4200.0,4212.94873,4214.230957,4207.436035,4182.94873,4200.897461,4209.743652,4211.025879
4203.846191,4189.871582,4197.05127,4195.384765999999,4191.922852000001,4190.256348,4187.692383,4205.512695,4207.94873,4202.94873,4175.769043,4192.179688,4200.512695,4200.897461
4194.871582,4189.487305,4195.769043,4192.94873,4195.897461,4186.282227000001,4182.94873,4194.102539,4200.512695,4200.641113000001,4175.0,4181.666504,4199.615234000001,4196.666504
4196.153809,4195.384765999999,4198.717772999999,4192.820313,4199.871582,4198.205078,4195.641113000001,4204.743652,4203.461426,4202.692383,4176.410156,4183.974121,4206.794922,4202.563965
4195.128418,4191.282227000001,4197.692383,4191.153809,4196.410156,4201.666504,4201.282227000001,4218.333496,4205.897461,4202.436035,4169.487305,4188.846191,4204.102539,4203.974121
4192.563965,4182.563965,4192.563965,4187.563965,4197.563965,4193.589844,4194.230957,4217.94873,4201.794922,4199.102539,4162.94873,4185.128418,4196.025879,4200.256348
4192.307617,4177.436035,4186.282227000001,4181.025879,4196.666504,4196.025879,4197.179688,4211.410156,4195.384765999999,4197.307617,4158.077147999999,4174.743652,4193.974121,4198.077147999999
4192.820313,4182.820313,4184.487305,4177.05127,4194.358886999999,4211.922852000001,4212.94873,4217.563965,4199.358886999999,4203.205078,4158.205078,4172.436035,4197.307617,4203.717772999999
4195.256348,4192.563965,4184.358886999999,4182.820313,4198.077147999999,4215.769043,4204.743652,4215.897461,4202.820313,4205.384765999999,4160.641113000001,4176.794922,4199.358886999999,4211.666504
4200.384765999999,4196.025879,4185.384765999999,4191.666504,4198.589844,4205.256348,4183.974121,4195.641113000001,4200.256348,4201.410156,4160.641113000001,4177.563965,4200.128418,4212.179688
4202.692383,4192.820313,4187.692383,4190.769043,4191.666504,4205.128418,4191.153809,4197.820313,4203.333496,4205.256348,4163.333496,4172.692383,4200.641113000001,4208.077147999999
4209.102539,4196.794922,4187.94873,4191.153809,4190.769043,4209.871582,4195.0,4213.461426,4210.769043,4215.128418,4171.025879,4172.436035,4206.794922,4210.256348
4221.666504,4210.128418,4191.794922,4200.384765999999,4198.461426,4202.563965,4171.538574,4206.666504,4216.410156,4220.769043,4180.128418,4184.230957,4220.256348,4218.333496
4223.974121,4212.692383,4197.692383,4203.717772999999,4195.0,4198.589844,4174.871582,4202.179688,4217.94873,4215.128418,4183.205078,4189.358886999999,4219.487305,4221.025879
4216.922852000001,4199.743652,4197.563965,4198.846191,4183.461426,4204.871582,4199.230957,4214.615234000001,4210.384765999999,4201.538574,4178.589844,4178.589844,4207.563965,4218.205078
4213.717772999999,4191.410156,4191.538574,4195.128418,4183.717772999999,4198.717772999999,4185.256348,4210.641113000001,4201.794922,4197.307617,4176.666504,4171.538574,4205.641113000001,4216.794922
4211.410156,4190.512695,4183.205078,4189.358886999999,4186.538574,4185.769043,4168.205078,4194.871582,4200.384765999999,4197.307617,4176.666504,4169.487305,4201.922852000001,4213.589844
4209.358886999999,4190.384765999999,4182.307617,4186.410156,4182.179688,4194.743652,4188.205078,4205.769043,4203.205078,4193.974121,4175.256348,4164.102539,4194.743652,4208.333496
4210.512695,4188.974121,4186.794922,4188.205078,4181.538574,4212.179688,4208.846191,4227.307617,4208.077147999999,4197.94873,4179.871582,4164.230957,4197.820313,4208.717772999999
4211.410156,4190.769043,4188.717772999999,4190.769043,4189.615234000001,4214.871582,4210.384765999999,4228.846191,4213.205078,4210.0,4188.717772999999,4174.743652,4201.282227000001,4215.512695
4214.487305,4196.410156,4191.282227000001,4196.538574,4194.615234000001,4210.897461,4210.128418,4221.153809,4211.794922,4214.615234000001,4191.794922,4180.256348,4199.358886999999,4222.179688
4218.461426,4200.0,4194.487305,4200.0,4191.282227000001,4209.743652,4198.461426,4220.384765999999,4205.897461,4207.307617,4189.743652,4179.615234000001,4199.743652,4223.461426
4217.307617,4202.179688,4195.0,4200.256348,4188.077147999999,4206.794922,4184.487305,4218.333496,4202.179688,4201.922852000001,4189.487305,4179.358886999999,4201.025879,4222.820313
4222.307617,4207.05127,4199.487305,4207.436035,4191.025879,4200.641113000001,4191.153809,4208.717772999999,4207.307617,4205.769043,4195.128418,4183.846191,4203.333496,4227.05127
4235.641113000001,4218.205078,4207.307617,4216.410156,4200.128418,4200.256348,4192.436035,4197.94873,4217.820313,4213.589844,4203.717772999999,4192.307617,4207.820313,4235.0
4235.384765999999,4225.897461,4207.179688,4218.589844,4209.102539,4209.102539,4182.820313,4185.384765999999,4215.897461,4213.974121,4206.282227000001,4191.025879,4205.769043,4235.897461
4221.282227000001,4219.615234000001,4198.846191,4213.461426,4207.692383,4210.512695,4186.025879,4191.794922,4211.282227000001,4211.153809,4200.0,4179.358886999999,4195.512695,4224.358886999999
4220.128418,4214.230957,4196.025879,4208.974121,4204.230957,4206.410156,4195.384765999999,4229.615234000001,4229.102539,4221.922852000001,4199.871582,4179.358886999999,4193.205078,4217.692383
4227.94873,4217.179688,4200.512695,4211.922852000001,4208.461426,4211.282227000001,4196.282227000001,4247.820313,4246.153809,4238.461426,4212.563965,4195.128418,4205.512695,4227.436035
4226.922852000001,4212.820313,4201.666504,4214.615234000001,4208.077147999999,4217.436035,4198.589844,4227.307617,4235.769043,4236.794922,4218.205078,4200.384765999999,4211.922852000001,4232.94873
4221.538574,4203.333496,4197.692383,4209.102539,4203.205078,4221.922852000001,4203.461426,4212.307617,4220.512695,4220.641113000001,4207.563965,4189.230957,4200.0,4221.282227000001
4219.743652,4205.256348,4195.256348,4203.974121,4204.358886999999,4224.358886999999,4199.102539,4211.538574,4214.615234000001,4213.846191,4198.974121,4183.974121,4191.666504,4214.358886999999
4219.230957,4208.333496,4197.307617,4206.410156,4208.461426,4221.538574,4202.692383,4214.358886999999,4212.307617,4213.589844,4202.820313,4188.589844,4198.077147999999,4220.512695
4217.692383,4203.974121,4197.436035,4207.94873,4205.769043,4215.769043,4208.205078,4217.05127,4208.461426,4206.794922,4203.846191,4192.436035,4199.358886999999,4220.128418
4217.05127,4200.512695,4193.461426,4203.717772999999,4202.94873,4209.230957,4199.871582,4208.717772999999,4198.589844,4201.025879,4198.589844,4192.692383,4198.846191,4214.230957
4222.179688,4206.794922,4198.205078,4205.384765999999,4211.282227000001,4208.846191,4200.256348,4205.641113000001,4201.538574,4210.897461,4203.077147999999,4194.487305,4211.794922,4220.256348
4223.589844,4210.897461,4203.846191,4205.769043,4211.282227000001,4203.205078,4200.256348,4210.128418,4213.589844,4217.307617,4207.692383,4195.384765999999,4217.05127,4221.922852000001
4219.615234000001,4205.769043,4200.0,4201.538574,4201.922852000001,4191.410156,4185.897461,4218.974121,4222.307617,4215.512695,4204.358886999999,4193.846191,4210.384765999999,4211.153809
4218.974121,4202.307617,4195.897461,4203.589844,4202.692383,4195.897461,4184.871582,4234.743652,4230.128418,4221.794922,4203.461426,4190.512695,4209.615234000001,4208.077147999999
4212.179688,4197.436035,4191.410156,4202.307617,4203.077147999999,4208.717772999999,4195.897461,4233.077147999999,4225.256348,4215.384765999999,4198.333496,4184.615234000001,4205.128418,4207.179688
4202.307617,4195.256348,4190.128418,4198.205078,4198.974121,4207.94873,4196.025879,4221.666504,4220.641113000001,4207.436035,4196.922852000001,4185.0,4202.307617,4203.461426
4203.846191,4201.410156,4195.769043,4200.256348,4196.153809,4201.410156,4196.282227000001,4234.615234000001,4231.410156,4218.974121,4204.743652,4191.153809,4208.717772999999,4206.538574
4209.615234000001,4205.256348,4197.179688,4202.307617,4193.077147999999,4204.102539,4204.230957,4253.974121,4237.820313,4225.641113000001,4205.128418,4190.769043,4209.358886999999,4210.769043
4207.94873,4201.794922,4191.922852000001,4197.94873,4192.05127,4206.282227000001,4200.897461,4241.410156,4226.538574,4216.153809,4200.897461,4186.025879,4205.256348,4207.820313
4205.256348,4201.666504,4192.05127,4194.487305,4196.922852000001,4203.974121,4190.128418,4210.897461,4212.94873,4211.666504,4203.589844,4185.897461,4208.205078,4206.538574
4210.512695,4210.897461,4198.077147999999,4202.563965,4205.897461,4208.077147999999,4192.179688,4203.846191,4209.615234000001,4218.461426,4208.461426,4190.256348,4214.487305,4212.307617
4207.94873,4210.641113000001,4193.846191,4204.871582,4207.820313,4210.897461,4198.717772999999,4211.282227000001,4202.692383,4211.922852000001,4201.282227000001,4187.692383,4207.436035,4206.282227000001
4196.538574,4201.922852000001,4185.641113000001,4194.358886999999,4202.692383,4207.563965,4203.461426,4206.666504,4187.436035,4196.794922,4189.743652,4182.820313,4193.461426,4192.05127
4199.102539,4202.692383,4191.538574,4194.743652,4201.538574,4206.153809,4204.102539,4200.769043,4183.461426,4192.94873,4190.128418,4187.563965,4193.333496,4196.794922
4213.846191,4211.153809,4202.307617,4204.743652,4203.205078,4206.666504,4197.94873,4210.384765999999,4193.589844,4199.102539,4196.410156,4192.05127,4201.922852000001,4212.563965
4218.461426,4217.94873,4203.846191,4207.563965,4202.94873,4206.410156,4193.974121,4217.820313,4202.179688,4206.153809,4199.615234000001,4190.128418,4206.794922,4214.871582
4210.384765999999,4214.487305,4200.256348,4204.871582,4197.179688,4197.05127,4190.128418,4218.333496,4209.358886999999,4209.743652,4199.230957,4189.487305,4208.077147999999,4206.666504
4203.846191,4202.179688,4193.717772999999,4202.05127,4187.05127,4189.871582,4188.589844,4225.897461,4215.769043,4210.512695,4198.077147999999,4191.410156,4202.820313,4200.769043
4204.615234000001,4198.077147999999,4189.102539,4201.282227000001,4186.794922,4204.230957,4197.179688,4220.641113000001,4213.077147999999,4207.94873,4199.358886999999,4191.410156,4198.461426,4200.897461
4207.307617,4201.153809,4191.538574,4201.410156,4194.230957,4215.0,4201.538574,4222.179688,4212.563965,4205.769043,4200.512695,4188.974121,4199.615234000001,4206.794922
4207.820313,4195.897461,4193.077147999999,4200.128418,4197.820313,4207.307617,4198.717772999999,4236.538574,4216.025879,4208.077147999999,4199.615234000001,4186.666504,4199.487305,4209.230957
4206.538574,4195.641113000001,4191.410156,4201.410156,4199.230957,4208.717772999999,4200.897461,4219.487305,4209.358886999999,4212.563965,4202.179688,4184.743652,4203.846191,4205.769043
4203.461426,4204.230957,4190.512695,4203.461426,4199.102539,4217.563965,4201.666504,4194.615234000001,4201.153809,4210.256348,4205.897461,4185.0,4212.820313,4204.230957
4200.897461,4201.410156,4190.384765999999,4199.102539,4196.282227000001,4208.077147999999,4193.589844,4202.179688,4198.846191,4205.384765999999,4202.436035,4184.102539,4213.461426,4203.461426
4199.358886999999,4194.102539,4188.846191,4196.410156,4193.974121,4193.205078,4183.974121,4203.589844,4191.538574,4205.384765999999,4200.384765999999,4181.666504,4210.0,4199.743652
4202.436035,4203.589844,4195.512695,4203.974121,4198.461426,4199.871582,4183.461426,4193.846191,4189.743652,4204.871582,4207.307617,4184.871582,4217.179688,4201.025879
4209.487305,4214.743652,4205.769043,4210.769043,4207.05127,4211.025879,4194.743652,4214.358886999999,4202.436035,4205.256348,4216.410156,4193.974121,4224.358886999999,4207.563965
4211.025879,4210.384765999999,4204.102539,4208.077147999999,4208.077147999999,4201.666504,4192.179688,4219.102539,4203.333496,4207.563965,4217.05127,4198.333496,4218.717772999999,4209.487305
4205.641113000001,4205.769043,4198.461426,4203.974121,4202.94873,4192.05127,4180.769043,4204.230957,4197.436035,4206.922852000001,4213.717772999999,4193.333496,4212.307617,4209.487305
4201.153809,4206.538574,4198.077147999999,4202.94873,4201.666504,4199.358886999999,4188.077147999999,4215.769043,4204.358886999999,4203.205078,4211.025879,4187.05127,4211.538574,4211.410156
4204.487305,4206.922852000001,4200.512695,4207.05127,4202.94873,4207.563965,4196.410156,4218.205078,4208.333496,4203.333496,4208.333496,4185.128418,4211.025879,4210.128418
4210.256348,4208.589844,4203.205078,4211.666504,4202.179688,4208.077147999999,4190.0,4203.846191,4208.333496,4209.102539,4208.589844,4183.974121,4212.307617,4207.179688
4206.410156,4206.410156,4201.666504,4207.436035,4200.256348,4204.230957,4182.307617,4210.897461,4217.05127,4214.230957,4209.871582,4178.717772999999,4212.563965,4204.230957
4195.128418,4200.641113000001,4193.846191,4200.897461,4199.358886999999,4204.871582,4194.102539,4232.563965,4224.230957,4212.820313,4206.025879,4171.538574,4206.282227000001,4196.794922
4185.641113000001,4198.717772999999,4181.538574,4197.05127,4198.589844,4212.307617,4207.179688,4219.615234000001,4209.358886999999,4199.871582,4192.94873,4165.769043,4192.563965,4183.846191
4185.128418,4201.794922,4175.128418,4191.538574,4196.025879,4211.025879,4190.256348,4187.820313,4190.897461,4186.410156,4184.487305,4166.538574,4182.820313,4182.179688
4192.692383,4207.94873,4182.820313,4193.717772999999,4194.487305,4201.794922,4169.871582,4191.282227000001,4193.333496,4188.077147999999,4192.820313,4177.436035,4191.794922,4198.461426
4197.692383,4209.743652,4190.512695,4200.897461,4194.871582,4194.487305,4170.384765999999,4195.512695,4184.743652,4185.641113000001,4195.512695,4183.974121,4196.666504,4202.436035
4195.256348,4208.333496,4186.922852000001,4200.897461,4198.077147999999,4188.461426,4171.666504,4171.410156,4159.743652,4174.230957,4187.820313,4180.512695,4188.846191,4194.102539
4196.666504,4217.05127,4189.615234000001,4202.563965,4203.205078,4187.179688,4166.922852000001,4163.717772999999,4162.436035,4178.974121,4192.307617,4180.0,4195.128418,4202.05127
4201.666504,4223.717772999999,4195.256348,4206.538574,4201.922852000001,4189.615234000001,4170.128418,4175.128418,4183.205078,4189.615234000001,4199.487305,4183.589844,4204.230957,4209.615234000001
4201.153809,4221.153809,4192.179688,4205.256348,4198.717772999999,4193.333496,4184.615234000001,4191.410156,4193.461426,4190.897461,4196.025879,4183.589844,4198.205078,4202.307617
4196.794922,4223.974121,4189.743652,4204.615234000001,4199.743652,4195.641113000001,4197.94873,4222.05127,4205.512695,4191.666504,4193.461426,4180.641113000001,4191.410156,4198.077147999999
4195.512695,4226.153809,4189.615234000001,4208.077147999999,4197.820313,4193.717772999999,4194.871582,4225.256348,4214.102539,4192.94873,4192.179688,4174.615234000001,4190.769043,4195.384765999999
4199.615234000001,4222.563965,4189.102539,4210.128418,4195.512695,4190.384765999999,4169.487305,4184.487305,4202.179688,4191.794922,4187.436035,4168.589844,4186.025879,4190.384765999999
4201.282227000001,4220.641113000001,4189.615234000001,4206.538574,4198.589844,4190.384765999999,4159.230957,4168.461426,4189.230957,4189.230957,4185.0,4170.384765999999,4181.153809,4191.538574
4196.025879,4216.794922,4189.615234000001,4198.589844,4198.589844,4193.717772999999,4187.94873,4200.0,4192.179688,4186.410156,4186.538574,4172.563965,4180.0,4191.282227000001
4188.846191,4204.871582,4183.589844,4190.0,4192.436035,4190.512695,4200.641113000001,4207.94873,4188.205078,4182.05127,4182.563965,4167.563965,4171.153809,4182.307617
4183.077147999999,4200.512695,4176.794922,4189.487305,4191.794922,4184.487305,4170.641113000001,4177.307617,4173.461426,4177.436035,4175.641113000001,4161.538574,4163.974121,4177.307617
4178.461426,4205.769043,4175.641113000001,4191.794922,4192.94873,4182.820313,4157.820313,4175.512695,4173.077147999999,4174.230957,4175.512695,4160.128418,4167.692383,4180.641113000001
4179.487305,4203.717772999999,4174.487305,4188.077147999999,4181.794922,4178.077147999999,4182.94873,4196.794922,4176.025879,4167.94873,4175.384765999999,4162.563965,4166.410156,4182.563965
4190.384765999999,4208.077147999999,4178.333496,4194.358886999999,4180.256348,4174.358886999999,4183.205078,4182.307617,4165.128418,4164.743652,4174.871582,4162.563965,4166.794922,4184.102539
4201.025879,4220.128418,4189.743652,4209.615234000001,4198.846191,4181.922852000001,4161.666504,4162.563965,4161.410156,4169.230957,4179.871582,4160.512695,4178.589844,4192.307617
4201.025879,4221.410156,4195.256348,4210.769043,4205.512695,4193.205078,4179.230957,4186.538574,4178.589844,4177.692383,4183.589844,4163.589844,4183.077147999999,4199.615234000001
4198.717772999999,4221.153809,4192.820313,4206.794922,4199.487305,4191.538574,4191.538574,4192.05127,4191.282227000001,4187.563965,4181.794922,4168.589844,4180.769043,4198.333496
4196.410156,4218.717772999999,4188.205078,4207.307617,4197.94873,4179.615234000001,4157.820313,4164.358886999999,4186.538574,4186.025879,4172.307617,4161.025879,4178.589844,4189.615234000001
4189.871582,4211.538574,4181.666504,4201.794922,4198.461426,4179.230957,4140.512695,4171.410156,4191.153809,4180.128418,4162.179688,4152.05127,4172.692383,4183.589844
4181.025879,4205.897461,4172.692383,4193.205078,4192.179688,4194.358886999999,4165.512695,4187.179688,4198.846191,4182.436035,4160.769043,4154.871582,4169.871582,4181.794922
4172.820313,4200.769043,4166.666504,4188.974121,4185.256348,4202.820313,4184.230957,4170.641113000001,4185.256348,4178.461426,4158.589844,4152.94873,4169.743652,4175.641113000001
4166.922852000001,4192.820313,4161.410156,4185.0,4183.333496,4197.436035,4186.025879,4166.153809,4172.307617,4166.282227000001,4148.333496,4144.871582,4159.743652,4169.102539
4165.128418,4184.102539,4151.794922,4178.846191,4176.666504,4190.256348,4187.05127,4192.307617,4179.358886999999,4161.410156,4139.615234000001,4141.794922,4147.692383,4167.436035
4171.538574,4187.307617,4153.589844,4181.410156,4171.794922,4188.717772999999,4185.512695,4201.538574,4183.974121,4165.641113000001,4144.615234000001,4141.922852000001,4154.102539,4174.102539
4180.897461,4197.563965,4166.922852000001,4190.512695,4177.563965,4196.153809,4183.974121,4170.128418,4169.358886999999,4168.205078,4155.0,4143.974121,4168.974121,4182.307617
4186.025879,4202.179688,4177.563965,4197.436035,4184.743652,4197.179688,4184.102539,4149.615234000001,4161.794922,4169.102539,4163.205078,4150.769043,4174.358886999999,4188.333496
4190.769043,4200.512695,4182.692383,4199.871582,4178.333496,4182.692383,4183.846191,4184.358886999999,4179.230957,4173.461426,4173.333496,4157.692383,4177.307617,4197.436035
4195.641113000001,4201.410156,4180.897461,4195.897461,4166.410156,4170.769043,4175.0,4188.589844,4177.94873,4174.102539,4174.615234000001,4160.512695,4179.615234000001,4202.563965
4202.436035,4209.743652,4182.436035,4199.871582,4173.589844,4173.846191,4159.743652,4131.666504,4156.153809,4172.05127,4173.333496,4163.589844,4181.666504,4203.205078
4209.102539,4212.307617,4193.205078,4210.897461,4186.153809,4177.563965,4159.358886999999,4138.461426,4169.871582,4176.282227000001,4180.512695,4165.769043,4186.794922,4204.743652
4205.769043,4204.487305,4191.794922,4202.05127,4181.666504,4173.846191,4163.333496,4184.358886999999,4194.358886999999,4180.641113000001,4182.307617,4163.846191,4187.179688,4201.410156
4202.436035,4204.230957,4182.692383,4191.666504,4181.025879,4180.769043,4160.256348,4187.307617,4196.794922,4189.871582,4184.358886999999,4163.974121,4191.153809,4199.743652
4203.717772999999,4210.128418,4187.436035,4197.820313,4188.333496,4193.333496,4170.641113000001,4204.487305,4205.769043,4202.820313,4194.230957,4165.128418,4200.0,4203.846191
4198.974121,4201.666504,4188.589844,4196.153809,4180.512695,4191.538574,4183.333496,4221.666504,4212.692383,4201.538574,4193.589844,4162.05127,4194.358886999999,4198.717772999999
4195.256348,4193.717772999999,4177.563965,4187.307617,4175.256348,4190.128418,4181.025879,4178.974121,4195.256348,4190.641113000001,4187.692383,4159.230957,4181.922852000001,4188.461426
4195.512695,4193.205078,4173.974121,4185.512695,4180.769043,4203.974121,4186.794922,4155.769043,4184.743652,4182.307617,4189.102539,4160.512695,4178.846191,4187.563965
4198.077147999999,4192.820313,4184.230957,4187.436035,4180.0,4209.102539,4200.641113000001,4186.153809,4189.871582,4182.05127,4188.589844,4164.743652,4184.871582,4193.974121
4200.769043,4195.0,4190.256348,4189.230957,4175.256348,4192.179688,4193.461426,4188.333496,4181.794922,4182.436035,4187.692383,4167.05127,4186.282227000001,4198.077147999999
4200.256348,4194.358886999999,4185.641113000001,4188.461426,4173.846191,4175.512695,4172.179688,4167.05127,4167.05127,4174.487305,4188.333496,4167.05127,4183.077147999999,4195.897461
4200.0,4199.102539,4186.922852000001,4193.717772999999,4177.307617,4171.794922,4169.487305,4167.436035,4164.743652,4170.641113000001,4187.307617,4169.358886999999,4187.05127,4193.589844
4203.205078,4202.307617,4192.179688,4200.641113000001,4180.641113000001,4169.358886999999,4178.077147999999,4178.717772999999,4166.794922,4173.333496,4188.205078,4170.641113000001,4191.794922,4195.769043
4203.589844,4196.025879,4188.589844,4197.436035,4179.615234000001,4169.487305,4176.538574,4171.922852000001,4165.384765999999,4172.179688,4190.769043,4168.333496,4192.05127,4195.128418
4202.820313,4197.94873,4182.692383,4192.563965,4182.307617,4177.563965,4170.512695,4162.692383,4174.871582,4177.436035,4195.256348,4167.436035,4195.512695,4194.102539
4207.05127,4201.922852000001,4182.179688,4191.922852000001,4184.358886999999,4184.358886999999,4177.179688,4191.153809,4197.820313,4191.153809,4198.846191,4168.333496,4199.871582,4198.077147999999
4205.897461,4196.153809,4180.128418,4191.025879,4181.794922,4189.743652,4184.230957,4210.641113000001,4206.922852000001,4192.820313,4198.846191,4168.461426,4195.384765999999,4198.846191
4197.94873,4192.94873,4174.487305,4189.487305,4177.692383,4186.282227000001,4172.307617,4177.436035,4196.538574,4185.0,4194.743652,4166.410156,4185.769043,4190.641113000001
4189.743652,4189.871582,4166.410156,4186.282227000001,4179.743652,4179.358886999999,4166.666504,4156.025879,4190.128418,4180.641113000001,4186.282227000001,4160.128418,4176.282227000001,4178.205078
4182.692383,4178.333496,4160.0,4180.256348,4187.692383,4187.563965,4184.615234000001,4179.358886999999,4193.717772999999,4176.922852000001,4180.0,4152.820313,4172.820313,4173.205078
4182.05127,4175.512695,4165.641113000001,4178.461426,4184.102539,4197.436035,4197.563965,4197.692383,4195.769043,4176.282227000001,4183.974121,4158.589844,4180.512695,4181.282227000001
4191.153809,4184.871582,4180.128418,4187.05127,4173.846191,4191.922852000001,4197.05127,4195.0,4194.230957,4184.102539,4196.025879,4170.512695,4190.384765999999,4193.717772999999
4197.307617,4185.769043,4185.897461,4193.205078,4175.897461,4186.153809,4193.974121,4182.307617,4180.384765999999,4181.410156,4200.256348,4171.794922,4191.794922,4199.102539
4197.563965,4187.179688,4188.077147999999,4194.487305,4188.077147999999,4192.820313,4190.0,4179.230957,4168.974121,4170.256348,4193.846191,4171.282227000001,4190.128418,4200.0
4204.102539,4199.358886999999,4198.846191,4198.589844,4191.922852000001,4190.897461,4186.794922,4186.282227000001,4171.922852000001,4171.282227000001,4192.05127,4178.974121,4194.743652,4202.436035
4205.769043,4206.410156,4202.05127,4201.282227000001,4186.666504,4176.922852000001,4173.717772999999,4161.794922,4163.589844,4171.922852000001,4193.589844,4182.94873,4195.641113000001,4201.410156
4197.436035,4200.897461,4195.512695,4198.589844,4185.897461,4179.743652,4167.563965,4145.641113000001,4159.230957,4169.615234000001,4193.589844,4177.94873,4188.461426,4200.0
4189.615234000001,4191.666504,4188.461426,4190.769043,4185.0,4188.077147999999,4174.230957,4175.897461,4176.538574,4175.0,4187.436035,4171.153809,4179.615234000001,4195.384765999999
4182.820313,4188.589844,4179.871582,4186.153809,4182.94873,4180.128418,4163.974121,4184.230957,4184.615234000001,4177.692383,4181.922852000001,4167.307617,4176.794922,4186.025879
4184.871582,4195.0,4180.384765999999,4192.436035,4185.512695,4179.487305,4158.846191,4177.179688,4193.846191,4185.769043,4189.615234000001,4167.436035,4188.461426,4190.897461
4192.436035,4197.05127,4186.410156,4195.384765999999,4185.512695,4190.897461,4180.128418,4203.717772999999,4216.282227000001,4197.692383,4196.922852000001,4166.538574,4195.256348,4200.128418
4190.641113000001,4187.563965,4182.94873,4185.384765999999,4182.307617,4188.461426,4188.077147999999,4211.666504,4214.743652,4190.897461,4188.589844,4159.615234000001,4182.820313,4189.487305
4180.512695,4173.846191,4175.384765999999,4172.307617,4175.256348,4177.820313,4174.102539,4190.512695,4192.563965,4171.025879,4174.615234000001,4153.717772999999,4169.615234000001,4173.205078
4174.743652,4163.333496,4172.820313,4164.743652,4163.205078,4181.538574,4180.512695,4189.358886999999,4178.461426,4156.922852000001,4168.333496,4154.615234000001,4160.256348,4171.282227000001
4180.256348,4164.230957,4175.256348,4166.153809,4164.487305,4192.179688,4191.538574,4183.461426,4168.974121,4152.820313,4170.384765999999,4161.025879,4157.307617,4177.307617
4190.256348,4174.615234000001,4181.153809,4172.692383,4175.0,4188.333496,4177.820313,4161.794922,4162.05127,4153.846191,4174.358886999999,4165.512695,4166.282227000001,4178.846191
4194.871582,4187.05127,4189.230957,4183.589844,4179.743652,4185.384765999999,4174.102539,4164.102539,4164.358886999999,4158.205078,4179.871582,4169.102539,4176.153809,4180.384765999999
4196.025879,4194.871582,4195.0,4195.256348,4183.333496,4193.717772999999,4184.487305,4176.153809,4166.794922,4162.436035,4188.205078,4173.589844,4178.333496,4188.589844
4201.666504,4197.436035,4197.05127,4195.256348,4184.358886999999,4190.0,4180.897461,4170.128418,4164.358886999999,4161.410156,4192.307617,4172.563965,4182.820313,4193.846191
4208.205078,4204.102539,4200.384765999999,4195.384765999999,4190.256348,4182.94873,4173.333496,4169.615234000001,4171.794922,4166.410156,4195.512695,4173.077147999999,4196.025879,4196.794922
4207.307617,4211.282227000001,4204.358886999999,4204.487305,4202.307617,4192.563965,4171.922852000001,4177.563965,4188.205078,4182.179688,4204.358886999999,4178.589844,4204.615234000001,4203.077147999999
4201.666504,4211.153809,4202.94873,4205.512695,4202.436035,4199.230957,4172.179688,4182.179688,4201.922852000001,4193.974121,4211.410156,4176.666504,4208.589844,4203.461426
4192.692383,4200.769043,4193.974121,4193.974121,4192.436035,4189.743652,4177.179688,4191.794922,4211.538574,4197.436035,4208.717772999999,4167.94873,4211.794922,4196.794922
4181.153809,4184.358886999999,4183.461426,4183.717772999999,4186.922852000001,4181.025879,4183.077147999999,4200.0,4213.205078,4194.871582,4196.922852000001,4161.794922,4201.666504,4188.974121
4173.846191,4177.179688,4179.743652,4180.384765999999,4185.128418,4192.307617,4197.820313,4205.769043,4210.384765999999,4187.436035,4189.102539,4155.512695,4186.025879,4180.512695
4170.256348,4180.512695,4179.230957,4179.615234000001,4185.897461,4208.846191,4213.589844,4212.820313,4205.897461,4181.025879,4187.05127,4148.717772999999,4181.666504,4171.922852000001
4166.666504,4179.615234000001,4177.179688,4178.077147999999,4190.512695,4213.333496,4213.461426,4202.05127,4194.487305,4176.410156,4181.666504,4148.589844,4181.410156,4169.743652
4167.820313,4175.384765999999,4178.461426,4177.307617,4189.615234000001,4209.871582,4209.871582,4195.128418,4187.94873,4170.256348,4180.0,4150.769043,4176.666504,4174.230957
4177.307617,4176.666504,4184.487305,4180.384765999999,4185.0,4202.563965,4212.436035,4221.794922,4194.358886999999,4169.615234000001,4187.692383,4155.897461,4180.0,4180.641113000001
4189.871582,4186.282227000001,4197.307617,4191.410156,4189.871582,4202.563965,4212.563965,4218.333496,4194.871582,4180.0,4197.692383,4166.666504,4193.461426,4189.358886999999
4196.025879,4197.94873,4208.589844,4202.94873,4199.487305,4205.256348,4204.487305,4162.05127,4181.666504,4184.615234000001,4204.871582,4173.205078,4202.307617,4198.077147999999
4198.205078,4203.846191,4210.641113000001,4207.436035,4201.410156,4197.436035,4191.153809,4141.922852000001,4175.769043,4182.692383,4212.307617,4178.589844,4209.487305,4208.974121
4205.641113000001,4210.256348,4213.461426,4212.307617,4204.615234000001,4197.436035,4187.563965,4179.230957,4187.179688,4190.897461,4221.025879,4188.205078,4216.538574,4217.179688
4204.871582,4212.436035,4213.077147999999,4212.436035,4210.512695,4213.461426,4195.641113000001,4198.205078,4195.641113000001,4194.743652,4218.333496,4187.307617,4208.461426,4209.102539
4195.512695,4205.641113000001,4207.436035,4205.897461,4210.512695,4214.871582,4196.410156,4192.307617,4198.717772999999,4188.846191,4209.358886999999,4176.922852000001,4200.641113000001,4197.05127
4197.179688,4207.179688,4206.410156,4205.0,4207.563965,4198.846191,4187.94873,4197.179688,4208.846191,4196.025879,4210.641113000001,4179.102539,4210.256348,4200.0
4196.794922,4209.358886999999,4200.384765999999,4201.666504,4203.846191,4191.025879,4197.820313,4208.589844,4218.589844,4203.077147999999,4206.794922,4182.179688,4207.563965,4202.563965
4177.820313,4195.641113000001,4185.256348,4188.461426,4197.563965,4193.846191,4220.641113000001,4222.436035,4218.589844,4190.0,4187.820313,4169.871582,4185.897461,4188.589844
4159.358886999999,4181.025879,4173.077147999999,4179.230957,4190.641113000001,4196.153809,4215.897461,4206.282227000001,4204.230957,4175.769043,4172.94873,4157.692383,4168.846191,4173.077147999999
4159.230957,4178.846191,4168.205078,4177.179688,4186.410156,4194.102539,4193.717772999999,4180.641113000001,4192.563965,4175.769043,4172.307617,4155.384765999999,4161.666504,4169.871582
4165.897461,4179.615234000001,4170.512695,4174.102539,4183.974121,4193.846191,4197.179688,4197.307617,4198.205078,4180.512695,4175.0,4154.358886999999,4163.205078,4171.538574
4166.025879,4177.563965,4171.153809,4171.922852000001,4182.179688,4193.205078,4210.256348,4195.512695,4189.102539,4171.538574,4172.05127,4152.692383,4165.641113000001,4170.897461
4167.94873,4185.384765999999,4170.256348,4178.846191,4186.538574,4187.307617,4198.333496,4157.05127,4169.487305,4163.846191,4176.410156,4158.589844,4173.589844,4175.0
4173.461426,4191.410156,4178.974121,4187.436035,4189.487305,4185.641113000001,4182.179688,4150.256348,4168.717772999999,4170.641113000001,4189.615234000001,4167.05127,4186.794922,4186.538574
4178.333496,4192.05127,4192.563965,4191.922852000001,4191.153809,4196.025879,4177.436035,4167.692383,4172.307617,4177.94873,4200.897461,4177.820313,4198.333496,4198.717772999999
4192.307617,4211.794922,4205.384765999999,4207.05127,4205.897461,4197.179688,4172.94873,4160.641113000001,4168.205078,4190.128418,4215.128418,4193.077147999999,4216.666504,4213.846191
4212.820313,4235.512695,4221.282227000001,4227.436035,4216.538574,4180.128418,4169.230957,4154.102539,4174.743652,4208.846191,4231.922852000001,4203.461426,4236.794922,4232.179688
4222.820313,4242.820313,4235.769043,4237.05127,4214.743652,4178.461426,4175.128418,4182.563965,4194.230957,4221.153809,4242.05127,4210.641113000001,4243.077147999999,4244.871582
4217.563965,4247.179688,4234.871582,4236.025879,4216.410156,4184.743652,4183.461426,4200.256348,4196.025879,4216.794922,4237.820313,4210.897461,4235.769043,4241.538574
4205.384765999999,4246.794922,4222.179688,4229.615234000001,4213.077147999999,4174.358886999999,4187.05127,4183.846191,4183.461426,4204.871582,4219.743652,4194.230957,4216.282227000001,4220.512695
4191.794922,4231.153809,4206.666504,4218.589844,4205.384765999999,4178.077147999999,4196.794922,4191.666504,4193.717772999999,4194.230957,4200.128418,4171.666504,4186.538574,4194.358886999999
4175.897461,4213.333496,4188.077147999999,4204.615234000001,4208.846191,4199.871582,4210.256348,4227.436035,4216.025879,4189.230957,4185.384765999999,4161.538574,4165.384765999999,4176.538574
4161.282227000001,4204.358886999999,4172.692383,4195.128418,4211.922852000001,4206.410156,4212.692383,4214.102539,4207.05127,4188.589844,4170.128418,4157.179688,4158.717772999999,4165.641113000001
4155.256348,4192.179688,4166.410156,4188.077147999999,4206.153809,4210.641113000001,4211.025879,4172.563965,4183.333496,4178.589844,4154.615234000001,4151.794922,4146.538574,4154.358886999999
4162.179688,4189.230957,4168.846191,4186.666504,4209.230957,4222.179688,4215.0,4185.384765999999,4193.461426,4174.743652,4153.589844,4153.461426,4142.436035,4155.769043
4172.692383,4202.05127,4176.794922,4194.615234000001,4212.563965,4216.922852000001,4214.230957,4211.153809,4210.512695,4187.307617,4164.871582,4162.94873,4159.358886999999,4174.230957
4180.384765999999,4206.025879,4185.641113000001,4202.692383,4202.563965,4202.563965,4202.820313,4194.871582,4198.589844,4193.333496,4171.922852000001,4174.871582,4170.897461,4190.128418
4189.871582,4201.538574,4194.615234000001,4205.384765999999,4198.846191,4206.282227000001,4199.358886999999,4183.205078,4186.025879,4188.589844,4174.871582,4182.692383,4169.487305,4194.871582
4200.641113000001,4211.025879,4203.077147999999,4208.846191,4204.102539,4209.871582,4198.077147999999,4184.615234000001,4183.717772999999,4187.05127,4181.666504,4185.769043,4174.102539,4200.384765999999
4211.153809,4228.589844,4211.794922,4217.563965,4201.922852000001,4199.230957,4188.205078,4180.256348,4181.410156,4190.897461,4190.641113000001,4192.05127,4183.077147999999,4214.743652
4221.282227000001,4236.794922,4219.358886999999,4227.179688,4203.589844,4197.820313,4186.410156,4187.307617,4188.461426,4198.205078,4199.871582,4196.410156,4191.025879,4227.179688
4222.05127,4238.333496,4216.025879,4227.692383,4214.487305,4202.179688,4188.205078,4181.922852000001,4187.179688,4200.641113000001,4201.153809,4189.743652,4197.820313,4224.871582
4221.538574,4240.0,4212.179688,4225.0,4215.0,4196.025879,4187.179688,4160.128418,4175.384765999999,4193.589844,4195.641113000001,4185.256348,4198.461426,4222.179688
4226.794922,4239.615234000001,4217.436035,4230.0,4207.436035,4194.102539,4197.563965,4176.922852000001,4187.436035,4196.538574,4197.436035,4190.384765999999,4195.512695,4228.333496
4224.230957,4236.794922,4217.436035,4231.410156,4207.563965,4201.282227000001,4209.102539,4221.538574,4210.0,4208.589844,4202.179688,4192.820313,4193.461426,4225.641113000001
4219.487305,4233.077147999999,4210.897461,4225.512695,4213.717772999999,4210.128418,4214.230957,4221.282227000001,4211.666504,4211.794922,4202.179688,4189.871582,4192.05127,4215.384765999999
4213.846191,4222.820313,4200.128418,4214.487305,4209.615234000001,4211.153809,4217.563965,4190.641113000001,4199.102539,4201.922852000001,4196.410156,4182.692383,4184.743652,4204.358886999999
4199.871582,4206.410156,4186.025879,4200.769043,4195.641113000001,4204.615234000001,4218.846191,4192.307617,4195.384765999999,4189.487305,4186.922852000001,4175.512695,4172.179688,4191.794922
4196.538574,4203.974121,4188.717772999999,4201.666504,4192.94873,4206.410156,4222.307617,4223.205078,4217.179688,4196.794922,4189.358886999999,4180.897461,4172.692383,4193.717772999999
4201.922852000001,4209.230957,4198.205078,4207.692383,4196.538574,4212.820313,4228.077147999999,4230.897461,4228.974121,4206.666504,4195.128418,4185.256348,4173.974121,4195.769043
4196.794922,4204.871582,4190.384765999999,4201.922852000001,4194.102539,4210.512695,4230.256348,4211.538574,4208.461426,4197.179688,4190.384765999999,4179.230957,4167.179688,4184.743652
4197.94873,4205.256348,4189.743652,4200.897461,4192.563965,4206.922852000001,4223.333496,4209.230957,4202.94873,4193.077147999999,4194.743652,4185.256348,4177.94873,4190.897461
4216.538574,4219.230957,4210.512695,4215.0,4202.436035,4212.692383,4212.436035,4215.384765999999,4217.94873,4207.820313,4217.820313,4201.410156,4205.512695,4216.153809
4226.153809,4232.563965,4223.077147999999,4227.05127,4216.794922,4221.538574,4211.153809,4204.615234000001,4210.897461,4216.538574,4231.666504,4205.512695,4218.846191,4225.897461
4222.436035,4235.512695,4217.307617,4225.897461,4214.871582,4217.436035,4206.153809,4180.256348,4188.333496,4203.461426,4221.666504,4199.487305,4210.0,4218.205078
4223.846191,4236.153809,4214.615234000001,4225.256348,4211.153809,4208.589844,4188.461426,4159.871582,4184.230957,4194.743652,4215.256348,4196.410156,4205.256348,4220.897461
4229.358886999999,4242.820313,4223.333496,4233.333496,4225.512695,4213.077147999999,4186.538574,4157.05127,4194.487305,4206.538574,4226.538574,4199.615234000001,4222.563965,4233.205078
4232.05127,4253.077147999999,4228.461426,4242.563965,4236.153809,4221.922852000001,4207.307617,4177.05127,4203.205078,4220.512695,4236.794922,4207.307617,4241.282227000001,4238.333496
4227.563965,4250.641113000001,4220.384765999999,4242.563965,4229.615234000001,4221.666504,4213.077147999999,4203.077147999999,4207.692383,4218.205078,4230.128418,4206.282227000001,4226.153809,4228.589844
4215.512695,4231.922852000001,4207.692383,4229.615234000001,4221.153809,4214.358886999999,4198.205078,4203.333496,4205.897461,4207.820313,4214.102539,4192.307617,4199.102539,4211.794922
4209.871582,4226.538574,4207.94873,4222.307617,4216.666504,4206.410156,4204.230957,4197.436035,4210.769043,4214.743652,4213.461426,4188.846191,4211.794922,4207.307617
4212.820313,4228.077147999999,4214.487305,4223.461426,4207.563965,4201.922852000001,4228.333496,4221.410156,4226.538574,4227.307617,4225.512695,4195.641113000001,4231.282227000001,4210.384765999999
4207.820313,4211.410156,4207.94873,4216.410156,4196.922852000001,4200.512695,4232.563965,4243.205078,4229.871582,4218.077147999999,4222.179688,4191.538574,4213.205078,4205.128418
4205.256348,4204.487305,4201.666504,4213.589844,4199.615234000001,4200.641113000001,4220.769043,4223.974121,4220.256348,4208.461426,4211.794922,4185.384765999999,4199.743652,4199.487305
4214.102539,4216.025879,4209.487305,4221.666504,4211.282227000001,4204.615234000001,4219.230957,4206.538574,4220.0,4213.461426,4213.717772999999,4188.846191,4209.102539,4202.692383
4215.384765999999,4218.077147999999,4212.307617,4219.102539,4212.692383,4209.230957,4226.282227000001,4212.05127,4215.256348,4204.615234000001,4210.384765999999,4190.512695,4200.384765999999,4203.333496
4212.94873,4219.358886999999,4204.743652,4212.563965,4206.538574,4203.846191,4216.025879,4201.922852000001,4198.846191,4188.205078,4200.897461,4190.128418,4187.05127,4204.743652
4225.0,4230.897461,4206.282227000001,4220.384765999999,4211.538574,4200.128418,4194.230957,4186.922852000001,4195.641113000001,4194.743652,4206.410156,4196.282227000001,4202.563965,4215.641113000001
4236.922852000001,4234.102539,4215.384765999999,4227.05127,4228.589844,4215.512695,4194.102539,4199.230957,4208.846191,4213.205078,4222.692383,4200.897461,4224.487305,4222.436035
4229.615234000001,4230.0,4211.794922,4223.461426,4237.307617,4233.077147999999,4204.230957,4200.641113000001,4207.692383,4220.512695,4231.410156,4196.794922,4231.153809,4218.589844
4220.641113000001,4234.871582,4206.666504,4224.102539,4235.128418,4231.794922,4193.974121,4177.820313,4197.179688,4218.846191,4229.743652,4194.743652,4234.487305,4216.153809
4227.179688,4242.307617,4216.410156,4232.563965,4235.897461,4227.307617,4190.128418,4186.922852000001,4204.615234000001,4225.512695,4232.692383,4203.077147999999,4241.410156,4224.358886999999
4229.487305,4232.563965,4216.282227000001,4229.871582,4229.871582,4223.461426,4204.358886999999,4206.153809,4205.128418,4227.179688,4234.615234000001,4204.615234000001,4238.974121,4226.410156
4214.358886999999,4210.641113000001,4202.436035,4213.717772999999,4214.358886999999,4211.410156,4214.230957,4193.846191,4189.358886999999,4211.410156,4220.384765999999,4191.153809,4226.153809,4212.436035
4200.641113000001,4201.153809,4198.589844,4206.025879,4206.282227000001,4203.717772999999,4226.410156,4198.846191,4194.743652,4204.487305,4207.563965,4182.820313,4216.153809,4200.256348
4197.563965,4198.717772999999,4199.487305,4206.538574,4203.974121,4201.025879,4240.769043,4238.589844,4218.333496,4214.358886999999,4209.871582,4186.794922,4207.563965,4197.692383
4195.256348,4192.692383,4195.897461,4204.358886999999,4202.179688,4196.153809,4241.410156,4248.333496,4224.102539,4221.666504,4214.102539,4189.102539,4207.436035,4197.94873
4196.410156,4190.897461,4194.615234000001,4201.538574,4202.05127,4197.179688,4229.743652,4225.512695,4221.922852000001,4221.666504,4213.846191,4187.05127,4216.538574,4200.897461
4203.717772999999,4197.820313,4199.230957,4206.410156,4207.563965,4212.05127,4228.846191,4226.666504,4235.0,4224.871582,4217.179688,4186.922852000001,4220.128418,4209.743652
4207.307617,4205.128418,4201.282227000001,4213.461426,4220.641113000001,4228.846191,4233.077147999999,4238.205078,4245.641113000001,4228.589844,4217.692383,4187.94873,4212.94873,4215.897461
4208.974121,4213.461426,4201.410156,4217.05127,4232.563965,4236.538574,4219.230957,4221.666504,4241.282227000001,4229.487305,4216.794922,4191.922852000001,4210.0,4212.05127
4218.077147999999,4225.769043,4208.589844,4225.128418,4235.897461,4238.205078,4206.282227000001,4210.128418,4239.102539,4234.102539,4224.615234000001,4200.256348,4222.179688,4211.153809
4218.205078,4222.94873,4211.794922,4227.436035,4227.307617,4230.0,4206.538574,4217.820313,4234.743652,4230.0,4226.666504,4200.256348,4228.077147999999,4215.641113000001
4206.794922,4213.461426,4203.846191,4217.692383,4221.153809,4216.794922,4198.589844,4201.153809,4211.538574,4212.692383,4218.333496,4191.538574,4221.410156,4214.615234000001
4202.692383,4216.282227000001,4199.871582,4213.461426,4226.538574,4207.692383,4182.179688,4172.692383,4186.410156,4200.384765999999,4217.563965,4191.794922,4220.0,4212.563965
4198.077147999999,4204.230957,4198.589844,4209.487305,4217.05127,4205.256348,4191.538574,4165.512695,4166.794922,4188.974121,4215.256348,4192.94873,4217.692383,4208.717772999999
4188.589844,4181.153809,4194.102539,4197.436035,4198.205078,4207.05127,4214.615234000001,4170.256348,4152.563965,4175.641113000001,4206.666504,4185.769043,4213.205078,4201.282227000001
4192.05127,4183.461426,4199.615234000001,4194.743652,4198.333496,4200.384765999999,4209.871582,4188.333496,4161.922852000001,4180.897461,4210.128418,4188.333496,4217.563965,4199.743652
4204.358886999999,4198.717772999999,4215.0,4206.025879,4204.102539,4187.563965,4203.205078,4215.384765999999,4186.282227000001,4197.820313,4219.358886999999,4200.128418,4220.769043,4203.717772999999
4206.538574,4197.692383,4217.436035,4208.077147999999,4200.769043,4186.538574,4224.102539,4221.666504,4195.256348,4199.615234000001,4215.0,4197.436035,4213.333496,4198.846191
4197.563965,4187.820313,4204.102539,4195.384765999999,4200.897461,4194.230957,4232.692383,4207.307617,4189.743652,4188.717772999999,4203.846191,4185.128418,4206.794922,4190.641113000001
4197.179688,4191.153809,4199.743652,4195.256348,4213.077147999999,4208.077147999999,4219.615234000001,4209.871582,4202.820313,4198.205078,4212.179688,4186.538574,4215.384765999999,4199.615234000001
4200.897461,4198.461426,4203.333496,4205.512695,4221.922852000001,4221.153809,4225.769043,4225.897461,4227.05127,4219.871582,4230.512695,4193.974121,4230.0,4211.025879
4194.487305,4192.307617,4195.641113000001,4202.436035,4218.589844,4216.410156,4232.94873,4231.538574,4235.128418,4225.0,4232.436035,4189.871582,4232.05127,4204.743652
4192.05127,4190.897461,4191.282227000001,4202.307617,4218.589844,4213.974121,4220.0,4233.461426,4239.487305,4229.615234000001,4231.538574,4186.410156,4228.717772999999,4199.230957
4194.230957,4199.743652,4196.025879,4213.077147999999,4222.94873,4227.436035,4211.922852000001,4226.025879,4245.0,4233.205078,4232.436035,4190.512695,4224.615234000001,4201.410156
4189.743652,4196.794922,4193.333496,4211.538574,4221.153809,4228.461426,4205.128418,4207.563965,4234.871582,4222.692383,4223.974121,4191.538574,4219.358886999999,4197.692383
4191.025879,4190.0,4195.128418,4204.871582,4218.717772999999,4212.94873,4192.05127,4197.820313,4218.333496,4213.717772999999,4218.589844,4190.0,4219.102539,4194.871582
4199.102539,4192.563965,4203.461426,4206.153809,4216.538574,4204.487305,4192.563965,4200.256348,4209.743652,4208.461426,4218.846191,4190.769043,4216.282227000001,4194.871582
4191.153809,4186.153809,4198.589844,4203.333496,4207.436035,4203.461426,4195.256348,4195.0,4190.769043,4189.871582,4205.0,4185.0,4198.589844,4185.897461
4177.692383,4172.436035,4192.05127,4194.230957,4200.256348,4189.615234000001,4180.769043,4178.205078,4166.025879,4169.358886999999,4191.666504,4181.282227000001,4182.05127,4179.615234000001
4183.974121,4175.897461,4197.307617,4192.563965,4203.205078,4173.589844,4180.384765999999,4169.102539,4162.179688,4171.666504,4199.230957,4192.820313,4191.410156,4189.743652
4192.05127,4182.05127,4200.256348,4195.897461,4202.179688,4177.820313,4202.563965,4174.871582,4168.461426,4181.666504,4205.512695,4201.282227000001,4207.436035,4198.333496
4186.410156,4175.256348,4196.153809,4195.0,4196.410156,4191.153809,4208.846191,4191.025879,4169.743652,4179.743652,4202.179688,4197.436035,4206.666504,4193.205078
4185.0,4175.256348,4196.025879,4196.538574,4202.563965,4199.487305,4204.102539,4206.025879,4179.743652,4180.769043,4205.897461,4197.05127,4206.410156,4188.717772999999
4188.461426,4179.743652,4193.077147999999,4198.333496,4208.974121,4206.025879,4211.153809,4207.820313,4195.512695,4191.025879,4210.769043,4198.461426,4210.769043,4191.666504
4182.692383,4174.102539,4185.0,4194.230957,4204.230957,4212.307617,4217.563965,4215.512695,4209.487305,4197.436035,4209.487305,4192.563965,4207.05127,4193.846191
4178.846191,4173.589844,4186.153809,4195.769043,4208.333496,4214.230957,4208.846191,4231.153809,4224.102539,4205.641113000001,4216.538574,4191.922852000001,4212.436035,4194.871582
4180.512695,4180.384765999999,4190.128418,4197.94873,4212.436035,4205.256348,4198.333496,4227.94873,4226.153809,4216.538574,4221.538574,4198.205078,4219.871582,4195.641113000001
4175.641113000001,4174.615234000001,4186.666504,4188.974121,4204.743652,4202.94873,4207.05127,4210.769043,4212.563965,4210.256348,4211.153809,4194.102539,4204.743652,4190.384765999999
4172.436035,4164.871582,4184.871582,4182.820313,4205.512695,4210.769043,4212.94873,4205.256348,4199.743652,4192.820313,4199.230957,4187.820313,4193.077147999999,4183.589844
4181.794922,4173.461426,4195.0,4192.94873,4211.410156,4204.487305,4206.666504,4216.153809,4200.897461,4195.128418,4205.256348,4200.769043,4213.205078,4194.615234000001
4195.769043,4192.179688,4210.769043,4206.794922,4207.820313,4193.205078,4206.794922,4215.897461,4206.666504,4210.0,4223.461426,4223.077147999999,4240.256348,4219.871582
4202.692383,4201.410156,4218.077147999999,4212.307617,4209.615234000001,4188.974121,4194.102539,4183.974121,4193.461426,4205.769043,4226.666504,4228.717772999999,4243.717772999999,4232.307617
4209.358886999999,4205.897461,4220.641113000001,4215.769043,4221.025879,4180.384765999999,4171.538574,4162.436035,4180.769043,4195.897461,4222.05127,4222.436035,4243.077147999999,4231.025879
4216.922852000001,4206.538574,4224.230957,4216.794922,4220.256348,4177.179688,4178.205078,4197.820313,4197.563965,4206.153809,4228.717772999999,4221.153809,4252.692383,4231.153809
4211.153809,4195.256348,4217.820313,4209.358886999999,4207.563965,4186.410156,4199.230957,4229.743652,4206.410156,4212.820313,4226.410156,4218.077147999999,4248.333496,4223.717772999999
4192.307617,4184.102539,4199.102539,4198.333496,4201.666504,4195.769043,4205.769043,4197.820313,4182.05127,4194.615234000001,4203.974121,4204.358886999999,4226.153809,4202.820313
4178.974121,4175.897461,4182.820313,4188.333496,4201.666504,4199.743652,4207.436035,4169.102539,4171.025879,4182.179688,4188.589844,4195.897461,4211.794922,4190.256348
4176.025879,4164.230957,4178.077147999999,4178.717772999999,4198.717772999999,4205.384765999999,4217.563965,4193.077147999999,4187.179688,4189.615234000001,4186.410156,4199.615234000001,4206.666504,4191.282227000001
4170.641113000001,4155.256348,4178.717772999999,4172.563965,4191.666504,4212.05127,4230.897461,4216.025879,4196.153809,4193.717772999999,4179.102539,4198.333496,4197.692383,4187.307617
4167.436035,4154.358886999999,4177.179688,4173.077147999999,4185.384765999999,4209.871582,4224.743652,4212.820313,4192.436035,4191.922852000001,4173.461426,4195.256348,4193.077147999999,4182.179688
4175.897461,4160.512695,4181.666504,4177.563965,4187.692383,4199.230957,4205.769043,4214.615234000001,4201.922852000001,4202.692383,4183.846191,4198.077147999999,4203.077147999999,4191.922852000001
4189.743652,4169.743652,4194.230957,4179.230957,4194.102539,4197.563965,4200.256348,4211.794922,4220.0,4217.436035,4197.05127,4194.743652,4216.538574,4204.871582
4204.615234000001,4185.897461,4205.769043,4189.230957,4203.717772999999,4211.538574,4193.974121,4193.974121,4226.153809,4221.794922,4202.563965,4193.974121,4228.717772999999,4215.512695
4220.384765999999,4206.282227000001,4216.153809,4207.436035,4213.205078,4207.05127,4182.05127,4197.692383,4226.922852000001,4226.794922,4214.871582,4204.487305,4238.974121,4233.461426
4231.025879,4213.589844,4226.410156,4213.717772999999,4206.282227000001,4185.128418,4188.205078,4207.94873,4221.922852000001,4229.615234000001,4228.846191,4210.256348,4240.897461,4245.641113000001
4234.743652,4210.641113000001,4232.94873,4212.179688,4198.077147999999,4187.820313,4201.410156,4188.461426,4207.820313,4222.563965,4230.512695,4209.615234000001,4238.077147999999,4246.410156
4231.922852000001,4209.358886999999,4228.333496,4214.102539,4205.0,4197.179688,4191.538574,4165.641113000001,4190.641113000001,4210.256348,4222.94873,4206.538574,4233.717772999999,4242.436035
4222.94873,4203.846191,4212.94873,4209.743652,4204.615234000001,4181.922852000001,4181.922852000001,4165.128418,4174.358886999999,4197.94873,4210.256348,4195.256348,4221.666504,4232.820313
4212.820313,4189.487305,4201.282227000001,4196.794922,4187.436035,4175.641113000001,4201.922852000001,4172.563965,4168.461426,4188.077147999999,4200.769043,4185.256348,4210.512695,4221.025879
4200.0,4173.846191,4194.358886999999,4182.05127,4172.820313,4188.974121,4222.563965,4182.05127,4172.436035,4181.794922,4200.256348,4187.179688,4206.282227000001,4212.563965
4186.666504,4167.05127,4185.769043,4172.05127,4170.641113000001,4189.871582,4218.077147999999,4197.436035,4181.025879,4188.461426,4207.05127,4192.307617,4206.794922,4207.94873
4186.794922,4171.410156,4183.077147999999,4171.922852000001,4175.512695,4185.256348,4210.384765999999,4205.256348,4198.205078,4205.0,4217.563965,4194.871582,4210.897461,4207.436035
4195.512695,4176.153809,4186.794922,4177.820313,4179.743652,4196.153809,4216.282227000001,4203.205078,4218.717772999999,4212.307617,4223.077147999999,4193.589844,4215.512695,4209.615234000001
4200.256348,4180.128418,4189.358886999999,4183.974121,4181.538574,4210.512695,4224.230957,4209.743652,4227.307617,4212.179688,4221.153809,4190.769043,4218.077147999999,4213.205078
4201.153809,4185.256348,4191.538574,4186.282227000001,4185.769043,4207.179688,4217.179688,4214.743652,4226.794922,4215.769043,4219.487305,4192.94873,4219.230957,4216.538574
4208.461426,4191.538574,4201.025879,4189.871582,4197.820313,4199.358886999999,4199.743652,4208.461426,4235.128418,4223.333496,4225.512695,4200.0,4223.846191,4222.820313
4222.436035,4200.512695,4214.487305,4200.384765999999,4206.025879,4204.615234000001,4195.512695,4209.487305,4243.589844,4231.410156,4234.102539,4207.820313,4232.692383,4233.077147999999
4228.589844,4209.615234000001,4221.538574,4206.025879,4208.461426,4213.205078,4203.974121,4208.461426,4237.307617,4231.025879,4237.05127,4214.230957,4234.358886999999,4240.512695
4229.102539,4220.769043,4225.897461,4210.641113000001,4217.307617,4212.179688,4200.769043,4196.153809,4228.205078,4227.436035,4240.384765999999,4218.589844,4237.05127,4242.820313
4225.897461,4221.282227000001,4226.282227000001,4216.666504,4219.230957,4199.743652,4196.922852000001,4187.436035,4218.717772999999,4223.333496,4238.205078,4213.846191,4240.897461,4237.563965
4217.563965,4212.436035,4220.256348,4215.0,4207.307617,4191.538574,4204.358886999999,4181.153809,4205.256348,4214.743652,4230.897461,4203.461426,4235.641113000001,4231.025879
4214.871582,4215.641113000001,4215.128418,4210.641113000001,4204.358886999999,4196.666504,4202.563965,4176.282227000001,4198.974121,4212.692383,4230.641113000001,4199.487305,4230.512695,4233.717772999999
4217.05127,4219.102539,4211.025879,4211.666504,4207.820313,4201.025879,4193.589844,4183.077147999999,4202.436035,4213.461426,4228.589844,4201.282227000001,4228.846191,4233.846191
4214.102539,4207.05127,4209.102539,4211.282227000001,4206.025879,4202.563965,4199.230957,4196.794922,4206.538574,4209.871582,4224.102539,4206.025879,4226.153809,4226.410156
4204.230957,4194.487305,4206.153809,4201.153809,4203.974121,4210.256348,4205.769043,4198.333496,4202.563965,4205.641113000001,4223.717772999999,4206.794922,4220.512695,4219.487305
4196.410156,4194.358886999999,4202.179688,4192.692383,4205.384765999999,4208.846191,4203.974121,4201.282227000001,4199.230957,4204.358886999999,4222.563965,4203.717772999999,4215.897461,4216.153809
4191.538574,4189.487305,4198.077147999999,4190.128418,4202.436035,4198.461426,4208.205078,4206.666504,4204.487305,4201.666504,4214.615234000001,4201.282227000001,4208.461426,4210.897461
4188.589844,4182.179688,4192.436035,4186.666504,4198.974121,4200.769043,4204.615234000001,4192.563965,4208.589844,4199.743652,4206.538574,4198.077147999999,4199.230957,4204.615234000001
4198.846191,4190.512695,4196.538574,4193.333496,4205.641113000001,4211.410156,4194.487305,4194.871582,4216.538574,4210.256348,4212.692383,4198.846191,4205.0,4209.102539
4206.794922,4196.666504,4203.205078,4201.153809,4207.820313,4211.794922,4197.05127,4220.512695,4228.333496,4220.641113000001,4221.282227000001,4205.256348,4213.846191,4216.153809
4197.692383,4184.487305,4194.487305,4190.256348,4197.179688,4206.922852000001,4202.05127,4225.897461,4230.128418,4217.692383,4212.94873,4202.307617,4208.461426,4211.794922
4186.538574,4177.05127,4181.666504,4179.487305,4195.641113000001,4207.436035,4199.743652,4212.820313,4224.743652,4214.487305,4200.769043,4188.974121,4200.897461,4201.666504
4183.333496,4182.179688,4180.0,4182.692383,4199.102539,4210.769043,4202.179688,4203.974121,4217.563965,4211.922852000001,4199.230957,4181.794922,4197.94873,4194.487305
4188.846191,4188.205078,4188.846191,4190.641113000001,4199.487305,4220.0,4218.846191,4202.94873,4216.794922,4213.077147999999,4204.102539,4185.256348,4201.794922,4195.384765999999
4197.820313,4191.794922,4198.846191,4197.436035,4206.025879,4222.563965,4226.153809,4215.641113000001,4226.410156,4221.282227000001,4206.282227000001,4188.333496,4209.230957,4205.0
4199.487305,4190.128418,4200.641113000001,4196.282227000001,4207.05127,4210.384765999999,4217.563965,4230.384765999999,4228.974121,4218.205078,4204.102539,4183.974121,4206.538574,4208.205078
4199.743652,4195.128418,4199.871582,4198.077147999999,4201.922852000001,4201.794922,4213.205078,4219.230957,4217.563965,4208.846191,4205.256348,4179.615234000001,4201.025879,4201.025879
4210.769043,4207.05127,4206.922852000001,4209.102539,4206.922852000001,4196.538574,4211.666504,4200.384765999999,4206.794922,4209.230957,4210.0,4181.282227000001,4203.589844,4201.666504
4223.077147999999,4210.897461,4215.512695,4215.641113000001,4212.563965,4184.743652,4202.05127,4198.077147999999,4199.615234000001,4208.589844,4208.717772999999,4187.05127,4207.05127,4212.179688
4227.436035,4214.358886999999,4222.307617,4214.487305,4207.05127,4180.769043,4193.205078,4195.512695,4194.871582,4206.025879,4211.666504,4196.282227000001,4212.563965,4223.333496
4227.436035,4220.128418,4227.436035,4215.256348,4201.922852000001,4188.974121,4188.333496,4182.94873,4190.0,4206.153809,4222.94873,4203.717772999999,4222.94873,4228.717772999999
4223.205078,4215.769043,4225.384765999999,4216.025879,4201.538574,4188.589844,4185.0,4176.666504,4185.641113000001,4204.102539,4225.256348,4203.717772999999,4224.102539,4228.461426
4217.179688,4205.0,4217.05127,4208.846191,4197.307617,4186.922852000001,4194.615234000001,4186.025879,4190.897461,4203.205078,4218.461426,4203.461426,4213.589844,4224.743652
4207.820313,4194.871582,4204.487305,4195.384765999999,4191.538574,4198.974121,4213.589844,4209.615234000001,4200.641113000001,4201.794922,4211.794922,4199.743652,4199.358886999999,4211.410156
4193.974121,4185.641113000001,4190.384765999999,4185.0,4190.641113000001,4208.077147999999,4222.94873,4220.769043,4201.025879,4196.538574,4206.538574,4183.717772999999,4189.102539,4197.692383
4179.358886999999,4175.384765999999,4176.666504,4178.077147999999,4188.589844,4204.358886999999,4219.358886999999,4194.871582,4188.974121,4189.230957,4197.820313,4166.025879,4178.974121,4189.358886999999
4168.974121,4166.538574,4164.743652,4170.384765999999,4188.717772999999,4208.974121,4220.384765999999,4182.820313,4188.205078,4185.897461,4188.717772999999,4160.0,4171.410156,4179.358886999999
4167.94873,4168.461426,4161.922852000001,4171.282227000001,4198.974121,4217.820313,4229.487305,4211.538574,4205.769043,4197.05127,4191.410156,4164.230957,4178.461426,4175.897461
4180.512695,4183.589844,4174.487305,4187.05127,4208.846191,4217.179688,4227.05127,4233.205078,4222.05127,4218.205078,4206.410156,4178.077147999999,4194.743652,4189.487305
4184.304199,4185.036621,4179.121094,4188.900879,4207.710449,4214.285645,4225.348145,4229.084473,4218.443359000001,4215.366211,4207.05127,4180.53125,4194.065918,4192.454102000001
4188.095215,4186.483397999999,4183.754395,4190.750977000001,4206.575195,4211.39209,4223.644531,4224.963379,4214.834961,4212.527344,4207.692383,4182.985352000001,4193.388184,4195.421386999999
4191.88623,4187.930176,4188.388184,4192.600586,4205.439453,4208.498047,4221.941406,4220.842285,4211.227051,4209.688477000001,4208.333496,4185.439453,4192.710449,4198.388184
4195.677734000001,4189.377441,4193.021973,4194.450684,4204.304199,4205.604492,4220.238281,4216.72168,4207.619140999999,4206.849609000001,4208.974121,4187.893555,4192.033203,4201.355469
4199.46875,4190.824219,4197.655761999999,4196.300293,4203.168457,4202.710449,4218.534668,4212.600586,4204.01123,4204.01123,4209.615234000001,4190.348145,4191.355469,4204.322265999999
4203.260254,4192.270996,4202.289551,4198.150390999999,4202.033203,4199.816895,4216.831543,4208.47998,4200.402832,4201.172363000001,4210.256348,4192.802246,4190.677734000001,4207.289551
4207.05127,4193.717772999999,4206.922852000001,4200.0,4200.897461,4196.922852000001,4215.128418,4204.358886999999,4196.794922,4198.333496,4210.897461,4195.256348,4190.0,4210.256348
4189.230957,4178.974121,4186.153809,4185.256348,4204.615234000001,4214.102539,4218.846191,4219.230957,4202.692383,4185.897461,4194.358886999999,4177.563965,4175.512695,4189.615234000001
4171.794922,4173.205078,4174.230957,4175.0,4204.743652,4220.512695,4226.538574,4241.153809,4215.641113000001,4187.820313,4193.846191,4170.128418,4169.743652,4180.384765999999
4165.769043,4168.077147999999,4171.538574,4177.179688,4200.641113000001,4217.692383,4233.589844,4252.820313,4229.615234000001,4200.256348,4195.256348,4172.94873,4169.487305,4179.230957
4173.333496,4171.794922,4170.897461,4183.461426,4209.487305,4217.307617,4220.897461,4231.153809,4230.769043,4209.102539,4192.05127,4177.179688,4176.538574,4179.487305
4179.230957,4186.025879,4174.230957,4185.641113000001,4217.692383,4217.94873,4209.102539,4219.102539,4230.128418,4217.05127,4197.05127,4178.846191,4186.282227000001,4181.410156
4177.436035,4192.436035,4180.641113000001,4187.820313,4210.769043,4214.871582,4216.794922,4235.897461,4234.743652,4224.358886999999,4205.897461,4184.230957,4191.922852000001,4185.897461
4179.358886999999,4188.333496,4183.589844,4191.794922,4208.461426,4206.153809,4212.563965,4224.358886999999,4226.538574,4222.820313,4205.641113000001,4193.717772999999,4194.743652,4188.461426
4191.538574,4196.153809,4190.128418,4195.897461,4217.94873,4201.282227000001,4189.487305,4183.333496,4208.974121,4219.615234000001,4206.153809,4196.922852000001,4199.743652,4193.333496
4212.179688,4217.692383,4210.512695,4208.589844,4222.820313,4205.0,4186.410156,4181.282227000001,4210.256348,4228.589844,4222.05127,4202.307617,4214.871582,4214.102539
4229.743652,4226.538574,4227.436035,4222.692383,4219.487305,4200.897461,4195.128418,4205.128418,4219.487305,4236.025879,4237.307617,4214.487305,4228.589844,4233.077147999999
4223.461426,4212.307617,4223.077147999999,4216.538574,4211.538574,4189.487305,4196.794922,4202.436035,4212.179688,4225.897461,4228.846191,4215.897461,4219.743652,4225.897461
4206.410156,4201.025879,4213.846191,4202.820313,4207.820313,4194.487305,4207.307617,4205.641113000001,4210.897461,4218.205078,4217.179688,4208.077147999999,4206.794922,4214.615234000001
4197.436035,4197.307617,4209.487305,4197.94873,4209.743652,4205.256348,4217.179688,4233.974121,4224.871582,4226.794922,4221.153809,4205.897461,4208.846191,4213.589844
4184.743652,4187.05127,4201.282227000001,4191.410156,4209.487305,4202.94873,4224.871582,4250.128418,4234.358886999999,4232.436035,4220.0,4201.282227000001,4206.538574,4205.128418
4170.0,4179.230957,4187.692383,4181.025879,4207.692383,4202.436035,4231.922852000001,4248.589844,4237.820313,4226.153809,4206.538574,4188.589844,4193.461426,4190.384765999999
4166.025879,4179.743652,4175.0,4176.666504,4205.897461,4212.94873,4222.563965,4246.666504,4240.897461,4222.179688,4198.717772999999,4178.589844,4187.436035,4183.974121
4165.256348,4182.692383,4168.717772999999,4179.743652,4207.307617,4219.230957,4212.307617,4236.410156,4236.153809,4221.794922,4198.717772999999,4175.641113000001,4189.615234000001,4181.922852000001
4162.436035,4182.05127,4167.820313,4181.410156,4209.743652,4208.846191,4209.615234000001,4213.461426,4219.230957,4211.922852000001,4190.897461,4175.128418,4185.512695,4174.871582
4172.563965,4186.922852000001,4175.256348,4187.692383,4209.871582,4203.846191,4208.461426,4200.512695,4207.307617,4203.461426,4186.282227000001,4180.128418,4185.384765999999,4176.538574
4188.333496,4198.461426,4190.256348,4199.871582,4211.794922,4217.563965,4214.615234000001,4194.487305,4199.871582,4206.282227000001,4189.743652,4190.384765999999,4193.461426,4190.0
4196.538574,4207.05127,4201.282227000001,4208.589844,4218.589844,4215.897461,4207.179688,4182.307617,4190.256348,4206.666504,4192.94873,4203.205078,4199.743652,4202.05127
4211.794922,4220.512695,4213.717772999999,4222.820313,4228.205078,4203.333496,4177.179688,4186.410156,4198.974121,4216.410156,4210.384765999999,4219.743652,4218.077147999999,4218.846191
4227.692383,4231.153809,4228.333496,4234.615234000001,4227.820313,4205.897461,4166.025879,4204.743652,4209.230957,4231.410156,4227.820313,4229.871582,4236.282227000001,4233.846191
4229.102539,4227.692383,4231.538574,4229.743652,4221.410156,4205.0,4177.436035,4204.487305,4200.256348,4227.436035,4221.794922,4225.641113000001,4233.205078,4233.846191
4222.692383,4222.436035,4227.05127,4222.05127,4221.538574,4196.153809,4178.974121,4195.512695,4202.820313,4225.512695,4215.256348,4218.077147999999,4225.641113000001,4230.384765999999
4211.666504,4210.256348,4217.307617,4217.563965,4214.358886999999,4202.436035,4185.897461,4200.769043,4218.205078,4230.512695,4210.897461,4208.589844,4216.025879,4221.922852000001
4192.179688,4188.589844,4196.410156,4203.974121,4197.692383,4212.94873,4204.615234000001,4213.846191,4217.436035,4216.922852000001,4189.871582,4189.487305,4191.922852000001,4200.0
4172.05127,4170.897461,4173.974121,4182.692383,4187.692383,4206.410156,4213.974121,4222.436035,4211.153809,4195.256348,4167.307617,4170.897461,4166.794922,4178.589844
4167.563965,4167.692383,4167.179688,4175.897461,4186.538574,4200.384765999999,4217.307617,4222.436035,4215.384765999999,4192.307617,4165.641113000001,4166.410156,4163.589844,4177.563965
4175.384765999999,4174.102539,4172.820313,4185.641113000001,4187.436035,4212.05127,4224.743652,4225.0,4222.05127,4204.743652,4178.077147999999,4172.563965,4176.153809,4190.384765999999
4188.589844,4181.410156,4181.666504,4192.820313,4191.025879,4224.230957,4230.384765999999,4236.282227000001,4228.333496,4216.282227000001,4191.025879,4181.666504,4187.179688,4200.641113000001
4202.94873,4187.692383,4193.717772999999,4197.179688,4195.641113000001,4218.205078,4226.538574,4235.0,4228.333496,4220.641113000001,4196.794922,4187.692383,4192.94873,4205.256348
4211.153809,4191.538574,4198.589844,4203.717772999999,4195.384765999999,4208.205078,4214.358886999999,4211.282227000001,4218.846191,4214.615234000001,4195.256348,4188.333496,4195.769043,4208.589844
4221.794922,4200.256348,4204.230957,4211.794922,4198.205078,4210.512695,4209.487305,4210.641113000001,4214.358886999999,4214.358886999999,4206.538574,4193.717772999999,4205.641113000001,4220.769043
4239.487305,4211.410156,4223.717772999999,4223.333496,4206.025879,4211.153809,4211.153809,4230.769043,4216.666504,4227.179688,4229.615234000001,4208.205078,4220.897461,4240.512695
4245.256348,4212.820313,4234.102539,4231.153809,4208.589844,4203.974121,4201.025879,4211.538574,4202.179688,4223.846191,4232.820313,4216.282227000001,4220.769043,4249.615234000001
4240.641113000001,4212.94873,4229.102539,4230.0,4210.256348,4202.436035,4193.461426,4177.436035,4176.410156,4206.666504,4225.0,4214.615234000001,4212.94873,4246.282227000001
4239.615234000001,4213.589844,4226.410156,4221.794922,4204.743652,4201.410156,4197.563965,4182.692383,4168.205078,4202.436035,4226.410156,4209.615234000001,4216.666504,4241.282227000001
4233.717772999999,4205.256348,4222.436035,4212.307617,4191.794922,4194.871582,4193.717772999999,4206.025879,4177.820313,4205.512695,4226.282227000001,4204.487305,4216.025879,4233.974121
4226.922852000001,4200.769043,4217.94873,4212.94873,4198.205078,4199.230957,4192.307617,4211.666504,4194.871582,4212.179688,4225.384765999999,4204.487305,4212.692383,4230.512695
4225.512695,4204.358886999999,4215.384765999999,4212.94873,4208.077147999999,4203.077147999999,4202.94873,4203.205078,4207.179688,4220.897461,4225.769043,4202.05127,4213.846191,4230.897461
4220.769043,4197.307617,4207.179688,4201.410156,4198.333496,4200.128418,4213.333496,4212.436035,4219.743652,4225.0,4219.230957,4192.94873,4207.820313,4221.538574
4214.743652,4186.666504,4199.615234000001,4194.358886999999,4195.512695,4211.538574,4219.743652,4241.282227000001,4243.589844,4231.410156,4219.871582,4188.589844,4203.974121,4212.436035
4208.205078,4184.102539,4195.512695,4192.94873,4202.563965,4223.333496,4221.538574,4244.487305,4251.025879,4237.307617,4223.974121,4189.230957,4205.512695,4210.128418
4200.897461,4180.897461,4190.512695,4188.461426,4199.230957,4220.0,4226.922852000001,4240.769043,4244.230957,4233.717772999999,4214.743652,4185.256348,4198.333496,4203.205078
4199.743652,4180.256348,4192.05127,4187.94873,4196.794922,4220.384765999999,4236.922852000001,4259.743652,4246.794922,4227.436035,4209.358886999999,4181.410156,4189.102539,4196.794922
4206.153809,4188.846191,4200.0,4193.717772999999,4204.230957,4230.769043,4233.974121,4254.102539,4248.333496,4229.102539,4220.769043,4186.922852000001,4197.94873,4201.025879
4218.461426,4200.897461,4208.846191,4202.563965,4210.256348,4232.820313,4221.282227000001,4229.230957,4243.461426,4235.512695,4234.102539,4196.794922,4217.436035,4212.05127
4228.717772999999,4210.256348,4218.077147999999,4211.410156,4211.922852000001,4222.563965,4218.589844,4228.077147999999,4236.282227000001,4233.077147999999,4234.358886999999,4200.0,4223.205078,4217.563965
4233.077147999999,4219.487305,4225.0,4218.846191,4215.641113000001,4219.487305,4222.179688,4228.461426,4222.94873,4221.538574,4228.974121,4201.025879,4219.487305,4217.94873
4240.384765999999,4225.384765999999,4232.436035,4228.846191,4219.102539,4218.589844,4215.384765999999,4218.589844,4209.615234000001,4216.922852000001,4228.589844,4206.025879,4220.897461,4223.077147999999
4247.307617,4226.153809,4238.077147999999,4235.256348,4220.641113000001,4207.692383,4205.0,4216.666504,4203.717772999999,4216.666504,4232.05127,4208.205078,4224.487305,4229.487305
4245.897461,4228.333496,4236.025879,4231.794922,4222.436035,4202.820313,4207.05127,4213.846191,4197.05127,4209.487305,4232.307617,4204.743652,4223.589844,4230.128418
4241.282227000001,4226.153809,4229.230957,4227.436035,4220.384765999999,4200.128418,4205.0,4210.0,4190.769043,4201.153809,4227.436035,4205.641113000001,4221.410156,4228.333496
4237.563965,4220.128418,4222.820313,4224.743652,4219.487305,4195.641113000001,4193.717772999999,4213.974121,4196.794922,4201.410156,4226.794922,4208.717772999999,4221.282227000001,4228.461426
4220.256348,4206.922852000001,4210.641113000001,4211.153809,4215.512695,4204.230957,4195.256348,4218.717772999999,4205.0,4201.025879,4225.512695,4200.384765999999,4210.769043,4221.922852000001
4200.641113000001,4189.487305,4196.922852000001,4194.871582,4205.0,4210.256348,4206.666504,4226.538574,4209.871582,4199.871582,4218.333496,4189.358886999999,4196.666504,4208.717772999999
4198.846191,4187.179688,4195.897461,4193.974121,4202.563965,4201.666504,4211.282227000001,4236.410156,4223.717772999999,4210.384765999999,4217.179688,4189.358886999999,4198.846191,4201.410156
4203.333496,4191.410156,4198.205078,4197.94873,4204.102539,4203.077147999999,4213.461426,4228.846191,4235.256348,4221.794922,4218.589844,4191.538574,4203.333496,4195.897461
4206.282227000001,4189.871582,4195.384765999999,4197.692383,4200.769043,4216.153809,4219.615234000001,4208.846191,4230.641113000001,4224.487305,4215.256348,4187.692383,4200.769043,4191.410156
4203.846191,4185.512695,4188.974121,4193.077147999999,4195.512695,4212.563965,4218.461426,4199.615234000001,4220.128418,4220.384765999999,4210.384765999999,4184.743652,4198.717772999999,4189.102539
4203.461426,4187.307617,4190.384765999999,4191.153809,4193.717772999999,4205.256348,4211.794922,4206.025879,4220.128418,4216.153809,4213.333496,4188.333496,4202.436035,4191.922852000001
4219.871582,4202.436035,4206.410156,4205.897461,4205.0,4213.717772999999,4213.846191,4217.94873,4231.282227000001,4222.692383,4227.94873,4200.0,4214.743652,4206.666504
4238.333496,4215.0,4216.666504,4220.256348,4216.282227000001,4214.358886999999,4213.077147999999,4215.641113000001,4232.179688,4228.846191,4237.94873,4212.563965,4223.846191,4218.333496
4242.820313,4215.256348,4215.0,4218.205078,4212.05127,4206.538574,4201.538574,4213.589844,4220.769043,4222.692383,4232.179688,4213.077147999999,4222.05127,4220.641113000001
4245.256348,4222.05127,4221.538574,4222.05127,4212.563965,4207.820313,4195.0,4218.205078,4215.0,4218.589844,4230.641113000001,4211.410156,4223.589844,4225.769043
4257.692383,4238.974121,4235.769043,4239.230957,4226.794922,4202.94873,4192.436035,4211.922852000001,4219.102539,4226.794922,4241.025879,4218.461426,4235.128418,4234.871582
4262.820313,4244.230957,4238.589844,4244.358886999999,4228.589844,4195.384765999999,4190.769043,4212.307617,4224.871582,4232.05127,4247.179688,4222.820313,4239.358886999999,4239.615234000001
4250.128418,4232.94873,4231.025879,4232.563965,4219.102539,4208.205078,4204.487305,4226.794922,4227.179688,4225.384765999999,4243.974121,4217.179688,4230.512695,4237.179688
4233.077147999999,4217.94873,4223.077147999999,4218.205078,4215.769043,4222.05127,4225.769043,4227.820313,4220.641113000001,4214.871582,4236.666504,4209.230957,4218.589844,4225.641113000001
4221.025879,4205.384765999999,4213.846191,4207.692383,4212.05127,4217.94873,4225.641113000001,4218.077147999999,4210.256348,4211.538574,4228.974121,4203.717772999999,4210.641113000001,4212.820313
4210.384765999999,4195.256348,4204.487305,4200.384765999999,4201.153809,4210.512695,4217.563965,4226.794922,4211.282227000001,4214.871582,4223.461426,4196.025879,4205.641113000001,4206.666504
4204.358886999999,4188.589844,4199.487305,4194.615234000001,4196.025879,4210.256348,4234.102539,4235.256348,4214.871582,4211.794922,4218.205078,4189.615234000001,4202.563965,4198.589844
4202.05127,4186.794922,4194.871582,4189.358886999999,4199.230957,4212.820313,4246.410156,4222.692383,4206.538574,4200.769043,4210.897461,4187.307617,4199.615234000001,4189.871582
4202.05127,4190.769043,4191.794922,4192.307617,4201.922852000001,4213.333496,4231.025879,4218.077147999999,4202.05127,4201.025879,4209.230957,4190.128418,4199.102539,4194.487305
4212.692383,4201.538574,4201.922852000001,4204.871582,4203.589844,4209.487305,4219.230957,4224.615234000001,4210.897461,4214.230957,4219.358886999999,4193.589844,4210.256348,4205.384765999999
4227.820313,4214.871582,4216.922852000001,4214.487305,4208.589844,4204.871582,4216.666504,4215.256348,4212.94873,4216.794922,4229.230957,4197.307617,4224.230957,4210.512695
4237.307617,4225.641113000001,4225.512695,4223.717772999999,4219.358886999999,4204.230957,4204.230957,4198.717772999999,4203.333496,4211.666504,4233.717772999999,4205.256348,4227.563965,4215.641113000001
4246.282227000001,4231.794922,4228.846191,4232.692383,4222.820313,4206.282227000001,4194.615234000001,4196.282227000001,4198.077147999999,4216.410156,4240.128418,4214.102539,4231.538574,4227.307617
4250.897461,4231.922852000001,4229.743652,4230.512695,4219.615234000001,4208.589844,4200.641113000001,4200.641113000001,4206.666504,4227.820313,4248.717772999999,4220.769043,4242.179688,4234.743652
4246.282227000001,4226.666504,4231.666504,4225.641113000001,4223.589844,4207.94873,4204.743652,4219.743652,4226.153809,4236.666504,4250.769043,4220.128418,4242.94873,4228.589844
4231.025879,4213.589844,4224.871582,4218.717772999999,4217.94873,4203.717772999999,4201.025879,4237.820313,4229.487305,4229.487305,4235.128418,4208.589844,4221.153809,4209.615234000001
4216.666504,4198.589844,4209.487305,4209.230957,4210.0,4209.358886999999,4200.897461,4225.128418,4216.794922,4212.436035,4213.846191,4195.897461,4197.307617,4193.461426
4217.179688,4200.0,4208.333496,4210.384765999999,4218.974121,4217.05127,4205.769043,4213.077147999999,4220.384765999999,4217.436035,4216.025879,4196.282227000001,4200.897461,4195.384765999999
4212.94873,4205.384765999999,4209.615234000001,4209.358886999999,4216.282227000001,4205.0,4203.461426,4215.769043,4224.615234000001,4228.589844,4225.384765999999,4197.94873,4209.358886999999,4198.077147999999
4195.0,4194.487305,4196.025879,4194.743652,4196.410156,4195.128418,4207.692383,4217.563965,4212.820313,4216.794922,4212.820313,4189.615234000001,4198.077147999999,4187.820313
4184.102539,4177.05127,4183.333496,4183.333496,4187.820313,4200.0,4223.461426,4216.666504,4197.692383,4194.358886999999,4192.436035,4180.512695,4179.487305,4176.025879
4188.077147999999,4175.256348,4183.205078,4186.153809,4192.05127,4201.538574,4217.307617,4204.487305,4183.717772999999,4183.077147999999,4188.589844,4176.282227000001,4173.846191,4173.461426
4196.538574,4188.205078,4188.077147999999,4194.487305,4198.077147999999,4200.641113000001,4201.153809,4189.230957,4179.871582,4189.743652,4197.436035,4179.102539,4187.94873,4183.461426
4205.0,4196.410156,4192.563965,4199.358886999999,4203.717772999999,4204.615234000001,4214.102539,4200.128418,4188.077147999999,4199.102539,4207.692383,4188.974121,4205.128418,4195.769043
4219.743652,4205.769043,4203.974121,4207.94873,4213.077147999999,4209.871582,4226.538574,4217.820313,4194.871582,4206.410156,4220.384765999999,4201.410156,4217.94873,4208.846191
4233.077147999999,4214.743652,4217.436035,4217.692383,4217.94873,4201.794922,4204.358886999999,4214.615234000001,4194.358886999999,4213.205078,4228.333496,4208.333496,4223.205078,4218.333496
4238.717772999999,4216.538574,4225.769043,4222.179688,4211.922852000001,4188.846191,4183.589844,4216.922852000001,4202.179688,4219.871582,4232.436035,4210.384765999999,4228.717772999999,4222.820313
4244.230957,4226.538574,4232.94873,4229.615234000001,4211.025879,4194.230957,4191.282227000001,4230.512695,4220.897461,4233.333496,4245.256348,4217.94873,4242.179688,4234.230957
4243.589844,4232.692383,4232.94873,4230.0,4214.230957,4201.025879,4200.897461,4222.436035,4225.512695,4239.358886999999,4249.615234000001,4218.974121,4243.205078,4239.358886999999
4229.230957,4221.922852000001,4222.307617,4217.820313,4208.077147999999,4194.358886999999,4203.333496,4205.128418,4214.871582,4228.205078,4234.102539,4205.769043,4227.692383,4222.94873
4212.563965,4208.333496,4209.743652,4207.307617,4200.256348,4190.256348,4202.692383,4212.307617,4208.589844,4210.769043,4215.512695,4192.563965,4209.230957,4202.436035
4201.410156,4199.487305,4197.179688,4199.487305,4197.94873,4191.666504,4196.666504,4216.153809,4205.384765999999,4198.974121,4201.153809,4185.0,4193.846191,4191.153809
4187.820313,4189.743652,4183.589844,4189.102539,4194.102539,4188.333496,4192.436035,4193.717772999999,4195.512695,4188.205078,4188.077147999999,4175.0,4179.358886999999,4179.871582
4177.179688,4182.820313,4178.717772999999,4182.179688,4191.410156,4188.846191,4193.589844,4176.410156,4182.820313,4178.333496,4178.717772999999,4168.717772999999,4169.230957,4172.179688
4180.384765999999,4183.974121,4182.307617,4183.846191,4196.153809,4200.0,4204.743652,4189.358886999999,4183.333496,4179.358886999999,4177.05127,4171.794922,4167.563965,4174.358886999999
4188.974121,4186.025879,4183.589844,4185.897461,4202.307617,4202.820313,4217.94873,4203.333496,4189.487305,4185.384765999999,4180.897461,4173.717772999999,4174.358886999999,4177.179688
4194.358886999999,4196.025879,4183.461426,4188.717772999999,4209.871582,4200.384765999999,4219.615234000001,4194.615234000001,4191.666504,4192.563965,4187.179688,4178.974121,4188.589844,4184.871582
4204.615234000001,4214.358886999999,4196.025879,4198.333496,4217.820313,4210.897461,4220.897461,4196.410156,4198.846191,4203.461426,4196.025879,4193.205078,4204.743652,4202.563965
4221.025879,4225.769043,4211.410156,4209.615234000001,4220.128418,4213.589844,4219.230957,4198.974121,4195.769043,4207.05127,4200.384765999999,4200.641113000001,4213.461426,4214.743652
4234.358886999999,4232.563965,4219.743652,4219.487305,4224.615234000001,4206.025879,4215.512695,4188.205078,4186.538574,4209.358886999999,4204.358886999999,4206.153809,4219.743652,4220.641113000001
4240.897461,4239.743652,4227.179688,4227.436035,4232.307617,4216.922852000001,4209.230957,4194.487305,4202.307617,4222.692383,4216.282227000001,4217.692383,4231.922852000001,4229.871582
4239.743652,4237.05127,4228.846191,4228.846191,4227.692383,4224.743652,4189.358886999999,4218.589844,4223.333496,4229.230957,4223.077147999999,4219.871582,4236.794922,4236.025879
4236.410156,4231.282227000001,4227.05127,4225.128418,4219.230957,4212.563965,4183.077147999999,4232.436035,4230.512695,4228.461426,4219.358886999999,4211.153809,4232.94873,4236.410156
4231.282227000001,4227.94873,4226.794922,4219.487305,4214.358886999999,4212.307617,4204.230957,4243.974121,4243.717772999999,4235.512695,4217.179688,4206.410156,4228.589844,4231.025879
4219.358886999999,4216.922852000001,4224.743652,4215.384765999999,4203.717772999999,4221.282227000001,4216.410156,4257.05127,4247.94873,4230.897461,4213.717772999999,4202.436035,4218.974121,4218.846191
4209.487305,4207.563965,4216.538574,4211.410156,4196.666504,4207.820313,4207.563965,4241.153809,4224.743652,4211.153809,4203.461426,4190.128418,4209.358886999999,4209.615234000001
4206.025879,4199.230957,4201.410156,4195.384765999999,4188.589844,4186.410156,4215.769043,4213.205078,4201.538574,4195.384765999999,4189.102539,4178.717772999999,4199.102539,4201.794922
4205.0,4190.128418,4194.487305,4183.846191,4176.282227000001,4187.179688,4239.871582,4211.025879,4196.410156,4193.461426,4188.461426,4180.641113000001,4196.282227000001,4194.487305
4203.589844,4189.743652,4195.897461,4187.692383,4176.666504,4194.102539,4239.871582,4216.922852000001,4197.436035,4199.230957,4198.077147999999,4186.153809,4199.743652,4194.230957
4197.94873,4188.205078,4189.871582,4183.205078,4182.94873,4192.692383,4228.974121,4213.717772999999,4191.794922,4196.538574,4190.897461,4179.871582,4187.179688,4192.05127
4196.538574,4185.512695,4182.692383,4180.128418,4185.384765999999,4199.102539,4231.794922,4201.922852000001,4184.615234000001,4186.538574,4176.794922,4171.538574,4173.589844,4186.538574
4202.94873,4193.333496,4185.0,4190.128418,4188.461426,4203.333496,4219.871582,4183.589844,4184.615234000001,4186.410156,4178.461426,4172.436035,4181.410156,4186.794922
4208.846191,4201.922852000001,4190.769043,4197.94873,4199.358886999999,4201.025879,4196.153809,4196.153809,4203.717772999999,4207.307617,4189.487305,4179.743652,4194.615234000001,4191.282227000001
4211.025879,4201.538574,4192.05127,4200.512695,4205.512695,4209.230957,4195.256348,4228.205078,4223.974121,4222.563965,4198.461426,4186.794922,4200.641113000001,4195.384765999999
4210.256348,4199.615234000001,4190.256348,4200.512695,4197.94873,4218.077147999999,4194.871582,4224.102539,4217.436035,4211.922852000001,4202.692383,4186.025879,4205.512695,4198.333496
4208.333496,4202.94873,4191.666504,4202.307617,4201.410156,4216.410156,4181.794922,4205.897461,4207.179688,4207.563965,4209.615234000001,4185.256348,4214.230957,4202.179688
4209.230957,4207.307617,4194.615234000001,4204.743652,4216.922852000001,4213.333496,4177.563965,4209.871582,4214.871582,4220.641113000001,4219.615234000001,4194.615234000001,4222.563965,4207.820313
4212.436035,4207.179688,4193.461426,4202.820313,4213.461426,4210.0,4181.153809,4212.05127,4221.666504,4225.256348,4224.615234000001,4205.384765999999,4224.871582,4213.461426
4210.128418,4200.641113000001,4192.692383,4198.589844,4198.077147999999,4203.974121,4189.871582,4208.077147999999,4216.153809,4214.743652,4219.487305,4203.974121,4215.512695,4208.974121
4206.025879,4195.641113000001,4193.717772999999,4197.563965,4197.692383,4195.256348,4199.102539,4222.563965,4212.179688,4203.333496,4209.102539,4195.384765999999,4207.820313,4198.589844
4210.641113000001,4200.256348,4198.077147999999,4199.871582,4196.282227000001,4189.358886999999,4210.256348,4236.666504,4213.205078,4201.666504,4209.102539,4195.769043,4214.487305,4199.615234000001
4218.846191,4205.256348,4206.666504,4203.846191,4187.179688,4194.743652,4220.641113000001,4230.897461,4210.256348,4208.589844,4216.922852000001,4201.794922,4219.743652,4207.692383
4223.974121,4207.94873,4209.102539,4208.717772999999,4195.512695,4200.512695,4220.128418,4207.820313,4202.307617,4205.384765999999,4216.794922,4198.077147999999,4216.025879,4212.307617
4224.487305,4214.871582,4202.563965,4209.743652,4209.358886999999,4195.256348,4205.256348,4185.128418,4192.563965,4190.512695,4209.871582,4187.692383,4212.05127,4209.871582
4221.282227000001,4218.717772999999,4198.589844,4208.974121,4205.0,4192.179688,4191.666504,4180.641113000001,4183.461426,4187.307617,4206.538574,4183.974121,4211.666504,4203.077147999999
4218.717772999999,4217.94873,4199.615234000001,4210.384765999999,4201.025879,4201.794922,4191.538574,4183.205078,4182.692383,4196.538574,4208.974121,4187.436035,4211.538574,4201.282227000001
4217.179688,4214.615234000001,4198.974121,4211.282227000001,4208.846191,4211.153809,4196.922852000001,4196.410156,4196.922852000001,4199.743652,4211.025879,4187.179688,4208.205078,4203.717772999999
4215.641113000001,4207.94873,4194.871582,4205.512695,4208.205078,4215.512695,4204.487305,4215.641113000001,4204.230957,4196.410156,4208.846191,4185.128418,4200.641113000001,4200.769043
4217.05127,4206.282227000001,4193.077147999999,4200.897461,4205.256348,4221.794922,4203.333496,4211.922852000001,4198.077147999999,4199.871582,4209.487305,4185.384765999999,4202.179688,4196.410156
4216.794922,4205.512695,4195.512695,4202.307617,4210.769043,4217.436035,4189.871582,4186.922852000001,4195.256348,4204.871582,4213.717772999999,4185.0,4211.922852000001,4195.641113000001
4212.307617,4198.077147999999,4198.205078,4203.717772999999,4211.025879,4211.794922,4199.102539,4210.384765999999,4213.205078,4211.282227000001,4216.025879,4188.205078,4211.666504,4194.871582
4212.179688,4195.384765999999,4201.025879,4201.153809,4206.922852000001,4220.128418,4220.897461,4261.282227000001,4237.307617,4222.436035,4219.102539,4197.05127,4209.743652,4199.358886999999
4213.974121,4198.205078,4204.487305,4200.0,4207.94873,4214.487305,4218.077147999999,4242.692383,4231.153809,4219.871582,4222.563965,4198.077147999999,4211.538574,4203.589844
4213.333496,4199.102539,4207.820313,4206.153809,4205.256348,4196.025879,4211.025879,4203.974121,4212.179688,4207.820313,4218.461426,4189.358886999999,4210.384765999999,4201.153809
4213.974121,4195.897461,4210.256348,4206.538574,4193.717772999999,4196.666504,4218.077147999999,4211.538574,4208.077147999999,4199.102539,4204.615234000001,4183.077147999999,4201.410156,4195.512695
4214.871582,4193.974121,4209.230957,4201.282227000001,4192.692383,4206.282227000001,4218.717772999999,4224.102539,4207.436035,4191.538574,4191.025879,4176.153809,4187.563965,4188.333496
4210.512695,4197.05127,4203.974121,4205.384765999999,4202.820313,4202.307617,4214.230957,4208.974121,4192.436035,4180.769043,4183.461426,4167.94873,4177.563965,4181.794922
4202.563965,4195.897461,4197.307617,4207.307617,4200.641113000001,4200.128418,4219.358886999999,4200.256348,4181.666504,4171.025879,4177.692383,4166.538574,4172.307617,4177.563965
4200.384765999999,4190.641113000001,4196.282227000001,4199.615234000001,4197.692383,4208.077147999999,4222.94873,4216.025879,4187.692383,4169.487305,4175.512695,4167.436035,4174.230957,4177.307617
4203.717772999999,4191.410156,4198.717772999999,4195.897461,4205.384765999999,4208.205078,4212.94873,4203.589844,4179.102539,4169.871582,4178.077147999999,4167.820313,4178.205078,4183.077147999999
4205.128418,4194.102539,4195.769043,4194.871582,4206.025879,4207.179688,4196.410156,4165.897461,4157.05127,4165.769043,4180.897461,4173.717772999999,4179.743652,4189.487305
4198.077147999999,4186.922852000001,4188.846191,4189.102539,4197.307617,4211.153809,4192.436035,4157.563965,4155.384765999999,4168.717772999999,4182.436035,4176.282227000001,4184.102539,4186.153809
4191.410156,4180.769043,4184.871582,4186.794922,4192.05127,4201.538574,4197.94873,4176.025879,4180.0,4186.666504,4192.436035,4175.384765999999,4193.974121,4184.615234000001
4196.025879,4188.589844,4190.512695,4191.538574,4195.384765999999,4195.256348,4201.153809,4201.538574,4212.436035,4208.077147999999,4212.179688,4182.94873,4207.436035,4198.461426
4197.179688,4188.077147999999,4193.205078,4190.128418,4195.897461,4203.974121,4211.410156,4227.94873,4224.358886999999,4208.846191,4216.282227000001,4186.410156,4208.717772999999,4203.846191
4193.974121,4174.743652,4190.641113000001,4182.436035,4193.333496,4199.871582,4215.641113000001,4229.487305,4212.307617,4198.589844,4206.666504,4182.692383,4204.743652,4193.205078
4201.666504,4175.769043,4193.974121,4183.333496,4193.205078,4191.282227000001,4212.05127,4221.666504,4212.820313,4203.846191,4212.436035,4187.563965,4208.461426,4192.179688
4204.743652,4180.769043,4194.743652,4184.358886999999,4185.256348,4194.871582,4215.769043,4231.666504,4223.589844,4205.256348,4215.256348,4190.512695,4203.974121,4194.615234000001
4202.436035,4182.05127,4195.384765999999,4186.922852000001,4183.333496,4194.230957,4212.692383,4228.974121,4216.538574,4197.436035,4206.666504,4186.025879,4200.384765999999,4192.820313
4211.025879,4190.256348,4199.615234000001,4197.179688,4194.743652,4189.743652,4204.743652,4216.410156,4207.94873,4198.205078,4206.922852000001,4186.922852000001,4206.666504,4197.179688
4213.846191,4194.487305,4198.717772999999,4199.230957,4201.025879,4195.128418,4206.153809,4219.615234000001,4205.256348,4196.794922,4206.282227000001,4189.358886999999,4204.871582,4198.205078
4212.820313,4198.333496,4200.641113000001,4200.0,4205.0,4199.487305,4202.563965,4208.461426,4194.487305,4192.436035,4206.025879,4186.666504,4203.717772999999,4198.717772999999
4218.589844,4204.487305,4208.717772999999,4207.179688,4207.692383,4194.102539,4188.589844,4185.641113000001,4182.436035,4192.820313,4214.358886999999,4188.205078,4212.563965,4202.179688
4212.05127,4196.794922,4204.358886999999,4201.922852000001,4199.230957,4194.743652,4188.717772999999,4177.692383,4168.589844,4184.102539,4211.025879,4187.05127,4210.0,4194.102539
4197.05127,4178.846191,4191.153809,4185.384765999999,4190.897461,4204.230957,4198.974121,4174.487305,4152.820313,4168.717772999999,4196.410156,4178.846191,4197.436035,4184.743652
4193.846191,4175.512695,4186.025879,4183.974121,4194.615234000001,4206.025879,4196.538574,4181.794922,4161.922852000001,4172.820313,4196.025879,4177.563965,4196.538574,4189.615234000001
4191.794922,4181.666504,4185.0,4189.615234000001,4196.922852000001,4204.615234000001,4197.563965,4200.0,4189.230957,4185.512695,4200.641113000001,4183.461426,4198.461426,4190.128418
4181.282227000001,4175.641113000001,4182.179688,4179.487305,4191.666504,4212.563965,4220.897461,4202.820313,4199.615234000001,4187.179688,4196.410156,4183.589844,4191.922852000001,4177.436035
4175.641113000001,4165.384765999999,4180.0,4169.871582,4190.0,4219.487305,4239.615234000001,4192.307617,4196.922852000001,4182.94873,4191.922852000001,4176.025879,4185.128418,4170.897461
4180.256348,4170.769043,4183.205078,4176.025879,4192.94873,4211.282227000001,4223.846191,4202.05127,4208.333496,4187.692383,4193.717772999999,4176.794922,4187.94873,4177.820313
4189.487305,4186.538574,4191.666504,4188.974121,4195.512695,4205.0,4202.563965,4224.487305,4227.436035,4205.0,4203.205078,4191.666504,4199.615234000001,4188.717772999999
4199.743652,4196.410156,4202.563965,4200.769043,4201.794922,4208.974121,4209.871582,4225.128418,4230.256348,4219.487305,4215.384765999999,4205.128418,4207.05127,4195.384765999999
4209.871582,4202.563965,4211.666504,4208.846191,4211.410156,4204.102539,4213.589844,4208.461426,4215.256348,4215.128418,4218.974121,4203.461426,4206.666504,4197.307617
4220.512695,4212.436035,4216.025879,4211.025879,4215.512695,4197.179688,4199.487305,4204.743652,4206.025879,4204.743652,4217.563965,4197.692383,4209.102539,4200.897461
4223.333496,4217.436035,4218.205078,4213.333496,4216.282227000001,4201.922852000001,4198.589844,4218.205078,4210.384765999999,4209.230957,4222.179688,4201.410156,4218.461426,4205.641113000001
4213.974121,4208.333496,4214.871582,4213.589844,4213.589844,4198.077147999999,4205.256348,4218.974121,4203.077147999999,4209.743652,4222.05127,4203.077147999999,4219.615234000001,4204.615234000001
4201.666504,4197.820313,4205.256348,4205.897461,4207.820313,4191.794922,4198.717772999999,4198.846191,4180.897461,4190.384765999999,4208.846191,4193.589844,4207.179688,4196.538574
4189.743652,4190.641113000001,4193.333496,4190.384765999999,4202.307617,4200.897461,4193.077147999999,4178.717772999999,4165.128418,4173.077147999999,4192.307617,4179.487305,4192.436035,4182.179688
4182.563965,4180.384765999999,4185.641113000001,4180.128418,4197.436035,4205.769043,4212.820313,4183.974121,4165.0,4173.846191,4187.563965,4173.717772999999,4188.589844,4175.128418
4184.871582,4180.384765999999,4186.922852000001,4186.410156,4202.692383,4203.846191,4231.538574,4196.153809,4172.05127,4183.589844,4196.794922,4180.384765999999,4200.0,4184.871582
4187.05127,4191.410156,4190.256348,4192.307617,4217.436035,4208.077147999999,4212.307617,4185.0,4173.589844,4186.922852000001,4201.666504,4184.358886999999,4210.769043,4192.563965
4191.538574,4199.102539,4197.436035,4192.820313,4222.179688,4214.102539,4200.897461,4191.153809,4180.384765999999,4189.230957,4203.077147999999,4184.487305,4213.589844,4191.922852000001
4202.307617,4200.512695,4207.820313,4198.205078,4211.282227000001,4213.205078,4222.692383,4215.384765999999,4189.871582,4192.307617,4208.717772999999,4191.282227000001,4212.436035,4193.589844
4210.641113000001,4205.769043,4211.922852000001,4205.512695,4204.487305,4204.230957,4221.666504,4206.282227000001,4185.256348,4190.641113000001,4211.538574,4199.358886999999,4211.025879,4200.256348
4214.358886999999,4213.333496,4213.077147999999,4212.436035,4209.358886999999,4198.077147999999,4195.769043,4192.179688,4180.256348,4192.436035,4211.410156,4199.102539,4213.717772999999,4204.358886999999
4213.333496,4210.384765999999,4210.897461,4213.333496,4205.769043,4197.692383,4197.94873,4204.487305,4183.333496,4192.692383,4206.538574,4196.922852000001,4210.0,4202.179688
4213.589844,4206.794922,4211.538574,4210.128418,4200.0,4200.384765999999,4216.282227000001,4217.05127,4188.333496,4187.179688,4201.025879,4199.230957,4203.717772999999,4203.974121
4217.179688,4211.153809,4215.384765999999,4210.256348,4211.538574,4194.358886999999,4206.410156,4219.487305,4198.717772999999,4192.05127,4203.589844,4199.743652,4208.589844,4208.589844
4209.358886999999,4206.666504,4206.025879,4205.769043,4215.512695,4186.410156,4191.538574,4220.512695,4207.563965,4200.769043,4203.205078,4195.769043,4209.871582,4199.743652
4192.436035,4193.461426,4192.820313,4195.897461,4207.307617,4199.230957,4211.410156,4235.128418,4215.0,4205.897461,4196.025879,4190.256348,4204.743652,4188.205078
4183.846191,4188.589844,4187.692383,4189.358886999999,4207.820313,4214.358886999999,4231.666504,4250.0,4220.0,4207.94873,4188.717772999999,4183.589844,4200.769043,4186.666504
4181.153809,4187.820313,4180.897461,4183.333496,4210.256348,4211.538574,4216.666504,4220.641113000001,4209.230957,4201.666504,4178.717772999999,4173.846191,4194.743652,4180.897461
4179.743652,4186.282227000001,4178.461426,4179.615234000001,4206.025879,4211.666504,4202.05127,4178.974121,4192.307617,4192.94873,4175.384765999999,4172.179688,4191.794922,4178.077147999999
4185.641113000001,4184.615234000001,4188.461426,4183.333496,4199.487305,4221.410156,4218.205078,4191.025879,4187.436035,4186.538574,4180.512695,4182.563965,4193.077147999999,4192.05127
4197.179688,4188.205078,4199.615234000001,4190.128418,4198.974121,4219.743652,4230.769043,4213.846191,4187.436035,4183.461426,4182.94873,4191.282227000001,4199.230957,4206.153809
4212.307617,4200.384765999999,4207.563965,4197.94873,4203.846191,4207.820313,4210.512695,4190.897461,4187.307617,4187.307617,4187.179688,4194.871582,4211.922852000001,4214.615234000001
4225.256348,4209.871582,4215.128418,4205.384765999999,4202.179688,4204.102539,4192.94873,4174.487305,4190.384765999999,4192.179688,4197.05127,4198.974121,4221.025879,4223.333496
4229.487305,4210.512695,4220.128418,4205.384765999999,4193.846191,4206.666504,4203.333496,4198.846191,4194.871582,4194.358886999999,4205.256348,4202.692383,4221.153809,4225.512695
4231.922852000001,4208.717772999999,4221.666504,4202.820313,4192.307617,4206.025879,4208.717772999999,4221.410156,4201.025879,4200.897461,4209.230957,4204.358886999999,4222.563965,4223.461426
4235.897461,4207.179688,4220.512695,4205.0,4197.563965,4199.871582,4206.538574,4227.820313,4209.358886999999,4211.410156,4213.974121,4205.641113000001,4227.436035,4225.384765999999
4236.025879,4206.282227000001,4217.692383,4206.025879,4195.897461,4191.153809,4209.102539,4227.820313,4211.538574,4215.128418,4216.025879,4200.897461,4225.512695,4221.922852000001
4232.307617,4213.717772999999,4221.410156,4207.563965,4198.333496,4190.128418,4204.615234000001,4224.358886999999,4213.077147999999,4219.102539,4214.743652,4195.0,4222.692383,4216.410156
4227.563965,4217.307617,4226.410156,4211.282227000001,4207.436035,4202.179688,4205.384765999999,4230.897461,4225.769043,4227.94873,4216.922852000001,4194.358886999999,4224.102539,4218.205078
4217.563965,4201.794922,4212.94873,4205.384765999999,4203.077147999999,4207.307617,4214.743652,4226.153809,4223.974121,4221.922852000001,4211.538574,4187.436035,4216.922852000001,4210.769043
4212.179688,4197.179688,4198.077147999999,4197.820313,4197.436035,4203.461426,4211.538574,4204.230957,4208.077147999999,4209.230957,4200.512695,4180.512695,4206.666504,4199.487305
4213.846191,4210.512695,4202.692383,4202.563965,4202.563965,4209.358886999999,4208.589844,4210.641113000001,4212.436035,4212.436035,4202.563965,4183.333496,4207.05127,4202.307617
4209.615234000001,4207.436035,4206.025879,4204.487305,4198.205078,4217.94873,4216.025879,4226.538574,4218.974121,4211.922852000001,4208.205078,4186.666504,4207.05127,4204.615234000001
4207.820313,4198.717772999999,4197.436035,4198.974121,4191.666504,4222.179688,4210.384765999999,4198.974121,4204.743652,4201.922852000001,4205.128418,4186.538574,4205.0,4199.743652
4213.205078,4205.384765999999,4195.128418,4197.05127,4197.692383,4219.230957,4195.128418,4177.307617,4199.871582,4202.179688,4203.846191,4187.94873,4209.102539,4199.487305
4218.461426,4211.666504,4206.282227000001,4204.102539,4206.538574,4210.256348,4197.692383,4207.179688,4219.871582,4213.333496,4209.871582,4188.077147999999,4213.589844,4205.128418
4218.589844,4212.563965,4213.974121,4212.436035,4207.05127,4211.410156,4210.769043,4224.615234000001,4229.615234000001,4219.230957,4211.794922,4184.487305,4214.487305,4207.307617
4218.717772999999,4215.769043,4214.743652,4213.333496,4201.410156,4219.743652,4206.538574,4207.692383,4222.307617,4221.666504,4212.820313,4186.025879,4217.563965,4207.820313
4226.153809,4220.384765999999,4221.282227000001,4215.897461,4204.358886999999,4217.692383,4197.692383,4216.794922,4233.717772999999,4235.0,4227.179688,4198.589844,4231.410156,4216.410156
4230.641113000001,4226.025879,4228.589844,4220.512695,4211.794922,4205.256348,4203.077147999999,4238.974121,4249.615234000001,4247.307617,4239.102539,4209.615234000001,4239.743652,4225.256348
4223.077147999999,4227.436035,4221.538574,4217.307617,4211.538574,4199.230957,4204.487305,4223.974121,4232.563965,4235.128418,4228.846191,4204.358886999999,4225.769043,4219.871582
4213.717772999999,4217.563965,4208.589844,4206.153809,4205.897461,4203.077147999999,4202.94873,4199.230957,4202.179688,4207.307617,4207.563965,4185.384765999999,4204.871582,4202.820313
4207.820313,4205.512695,4201.025879,4196.538574,4201.282227000001,4210.512695,4210.512695,4191.153809,4194.358886999999,4195.641113000001,4195.0,4170.512695,4194.358886999999,4188.077147999999
4205.641113000001,4205.641113000001,4198.461426,4200.512695,4202.692383,4215.384765999999,4213.717772999999,4178.461426,4199.871582,4200.384765999999,4193.846191,4167.692383,4192.94873,4182.436035
4205.769043,4205.256348,4195.897461,4203.589844,4205.128418,4214.102539,4208.205078,4172.692383,4195.128418,4195.512695,4191.282227000001,4170.256348,4187.179688,4177.820313
4201.922852000001,4203.974121,4195.256348,4196.410156,4209.102539,4218.717772999999,4206.666504,4191.153809,4195.256348,4192.563965,4191.153809,4170.256348,4185.128418,4174.615234000001
4195.0,4209.358886999999,4200.128418,4196.025879,4215.384765999999,4233.461426,4213.717772999999,4213.717772999999,4219.743652,4212.179688,4205.512695,4172.179688,4199.358886999999,4180.384765999999
4188.717772999999,4201.922852000001,4195.0,4196.410156,4207.436035,4235.641113000001,4218.717772999999,4224.230957,4234.615234000001,4221.794922,4211.794922,4175.641113000001,4208.974121,4181.922852000001
4188.333496,4190.128418,4185.384765999999,4188.717772999999,4198.589844,4223.205078,4211.794922,4223.205078,4223.717772999999,4209.358886999999,4200.641113000001,4173.461426,4201.282227000001,4173.461426
4192.436035,4194.230957,4188.205078,4187.820313,4205.256348,4217.436035,4198.333496,4213.846191,4220.256348,4208.333496,4195.769043,4170.128418,4193.333496,4173.589844
4195.384765999999,4198.974121,4194.102539,4194.871582,4203.077147999999,4215.897461,4201.025879,4217.436035,4233.077147999999,4217.436035,4201.666504,4174.743652,4196.538574,4183.333496
4200.128418,4198.333496,4195.0,4198.589844,4192.307617,4209.358886999999,4211.282227000001,4232.307617,4237.179688,4218.077147999999,4208.077147999999,4182.307617,4204.615234000001,4191.922852000001
4205.0,4201.538574,4200.128418,4198.846191,4195.0,4201.410156,4204.230957,4224.102539,4227.05127,4214.743652,4210.512695,4183.717772999999,4202.94873,4194.871582
4208.974121,4205.0,4212.05127,4201.153809,4203.077147999999,4199.487305,4195.0,4193.589844,4214.230957,4214.230957,4211.410156,4183.846191,4198.717772999999,4197.563965
4214.743652,4212.820313,4216.410156,4211.153809,4205.384765999999,4206.794922,4193.461426,4172.436035,4198.205078,4211.282227000001,4216.282227000001,4188.846191,4210.641113000001,4204.871582
4219.230957,4222.179688,4214.102539,4217.820313,4207.179688,4207.94873,4193.974121,4162.94873,4180.641113000001,4199.615234000001,4211.794922,4188.333496,4218.333496,4205.384765999999
4219.358886999999,4221.153809,4216.025879,4213.974121,4212.436035,4203.974121,4202.692383,4170.128418,4189.743652,4196.282227000001,4200.512695,4182.307617,4208.077147999999,4200.128418
4215.128418,4215.384765999999,4217.307617,4212.94873,4219.102539,4209.102539,4201.410156,4194.743652,4217.94873,4209.102539,4201.922852000001,4178.974121,4204.615234000001,4197.05127
4203.077147999999,4209.615234000001,4206.282227000001,4209.487305,4216.282227000001,4222.436035,4195.641113000001,4200.641113000001,4220.641113000001,4212.94873,4201.025879,4171.922852000001,4207.436035,4188.717772999999
4186.538574,4200.641113000001,4190.512695,4196.282227000001,4208.974121,4229.871582,4211.153809,4197.05127,4215.512695,4205.897461,4190.256348,4161.538574,4198.589844,4175.384765999999
4171.922852000001,4189.871582,4180.256348,4184.743652,4207.179688,4225.0,4222.05127,4216.282227000001,4230.0,4202.436035,4185.256348,4156.794922,4183.589844,4165.128418
4164.743652,4184.615234000001,4171.410156,4185.256348,4204.487305,4224.358886999999,4219.615234000001,4234.871582,4232.307617,4200.512695,4186.410156,4157.820313,4179.743652,4159.102539
4170.256348,4190.0,4171.666504,4190.0,4202.563965,4231.538574,4222.05127,4217.692383,4212.563965,4199.487305,4190.0,4160.897461,4184.743652,4164.358886999999
4187.692383,4200.641113000001,4187.94873,4197.179688,4207.563965,4235.128418,4226.025879,4215.256348,4219.871582,4211.794922,4205.128418,4174.102539,4190.769043,4181.410156
4197.307617,4199.358886999999,4202.820313,4203.333496,4203.589844,4228.333496,4231.153809,4261.025879,4244.358886999999,4220.384765999999,4217.05127,4190.128418,4196.794922,4193.333496
4199.615234000001,4191.922852000001,4203.589844,4201.153809,4195.512695,4212.820313,4218.717772999999,4249.230957,4219.615234000001,4204.615234000001,4210.0,4188.717772999999,4201.025879,4196.410156
4217.307617,4210.897461,4215.384765999999,4211.025879,4207.94873,4207.436035,4187.05127,4173.589844,4178.589844,4198.333496,4215.256348,4189.743652,4214.615234000001,4208.077147999999
4238.846191,4237.05127,4236.666504,4230.641113000001,4224.358886999999,4212.307617,4171.153809,4147.692383,4171.538574,4207.820313,4231.922852000001,4205.0,4227.563965,4225.256348
4236.153809,4234.358886999999,4235.897461,4231.794922,4219.487305,4203.589844,4171.153809,4156.410156,4161.025879,4196.538574,4226.410156,4205.769043,4218.974121,4223.717772999999
4223.461426,4222.820313,4223.846191,4222.692383,4213.974121,4191.794922,4171.794922,4146.282227000001,4140.769043,4180.128418,4213.077147999999,4188.974121,4209.230957,4209.743652
4215.384765999999,4217.692383,4214.358886999999,4216.410156,4213.461426,4201.794922,4187.307617,4150.769043,4155.0,4189.230957,4209.615234000001,4179.871582,4207.820313,4200.512695
4198.205078,4203.589844,4196.282227000001,4203.333496,4207.563965,4222.179688,4210.512695,4173.589844,4193.205078,4205.641113000001,4203.461426,4175.641113000001,4201.410156,4186.666504
4172.94873,4184.102539,4174.358886999999,4185.256348,4203.589844,4227.820313,4213.717772999999,4182.179688,4211.922852000001,4210.0,4195.512695,4162.692383,4192.436035,4167.820313
4153.589844,4166.538574,4157.307617,4170.0,4197.692383,4215.128418,4218.846191,4206.538574,4221.153809,4210.256348,4194.615234000001,4151.410156,4185.897461,4155.897461
4139.358886999999,4149.743652,4146.153809,4157.692383,4186.922852000001,4210.256348,4236.025879,4232.94873,4231.794922,4209.230957,4191.794922,4145.384765999999,4178.846191,4147.94873
4135.128418,4145.641113000001,4146.794922,4154.230957,4188.974121,4228.333496,4225.256348,4208.974121,4221.794922,4196.666504,4185.641113000001,4142.692383,4173.717772999999,4142.436035
4155.641113000001,4166.666504,4166.410156,4168.717772999999,4206.410156,4242.94873,4200.384765999999,4188.846191,4213.205078,4192.436035,4194.487305,4155.769043,4180.128418,4157.05127
4185.0,4190.256348,4194.615234000001,4189.230957,4212.05127,4229.487305,4208.333496,4215.641113000001,4232.436035,4215.128418,4216.794922,4177.820313,4198.205078,4183.461426
4198.461426,4196.794922,4211.538574,4200.769043,4200.512695,4209.230957,4221.666504,4238.205078,4241.922852000001,4228.461426,4226.666504,4188.974121,4211.666504,4198.077147999999
4210.0,4208.077147999999,4222.05127,4211.922852000001,4206.666504,4212.94873,4211.410156,4238.461426,4226.282227000001,4219.102539,4229.871582,4195.384765999999,4217.05127,4210.769043
4226.922852000001,4224.615234000001,4235.769043,4223.717772999999,4223.589844,4220.256348,4206.025879,4220.897461,4207.179688,4214.743652,4240.128418,4206.794922,4224.358886999999,4226.153809
4232.94873,4227.05127,4241.410156,4227.563965,4221.282227000001,4207.307617,4200.128418,4186.025879,4187.563965,4211.282227000001,4241.282227000001,4207.179688,4230.641113000001,4230.384765999999
4230.0,4223.461426,4237.820313,4228.589844,4211.153809,4193.205078,4181.794922,4167.563965,4170.256348,4196.025879,4230.641113000001,4197.05127,4224.871582,4225.256348
4230.512695,4225.641113000001,4236.922852000001,4230.128418,4210.769043,4199.487305,4185.384765999999,4172.307617,4165.256348,4190.512695,4225.0,4194.615234000001,4218.589844,4223.461426
4228.077147999999,4223.846191,4237.692383,4224.358886999999,4211.922852000001,4208.077147999999,4208.461426,4186.410156,4170.512695,4197.820313,4223.461426,4198.461426,4218.333496,4222.563965
4210.897461,4207.692383,4222.563965,4208.461426,4203.974121,4198.589844,4206.410156,4196.025879,4174.615234000001,4189.615234000001,4211.025879,4190.897461,4203.846191,4210.641113000001
4186.153809,4189.743652,4201.282227000001,4193.717772999999,4194.871582,4191.666504,4196.025879,4192.307617,4176.538574,4176.410156,4195.512695,4176.666504,4182.436035,4192.436035
4172.179688,4186.794922,4192.563965,4190.769043,4199.358886999999,4203.589844,4203.205078,4184.871582,4183.205078,4184.230957,4191.794922,4169.615234000001,4180.256348,4183.077147999999
4172.307617,4187.05127,4188.974121,4190.128418,4205.897461,4207.820313,4196.922852000001,4203.589844,4203.461426,4200.0,4195.512695,4170.641113000001,4192.692383,4182.94873
4172.94873,4178.717772999999,4184.871582,4184.743652,4198.846191,4196.666504,4188.589844,4223.974121,4219.358886999999,4204.743652,4197.94873,4174.358886999999,4197.436035,4180.128418
4165.897461,4172.563965,4185.769043,4181.794922,4191.794922,4193.974121,4199.358886999999,4208.589844,4211.794922,4204.358886999999,4196.410156,4178.077147999999,4195.641113000001,4173.717772999999
4165.256348,4176.410156,4190.0,4186.282227000001,4197.05127,4202.436035,4194.871582,4195.769043,4202.94873,4207.563965,4197.179688,4180.897461,4200.641113000001,4176.538574
4182.94873,4187.820313,4197.179688,4198.205078,4207.179688,4210.512695,4183.717772999999,4212.94873,4213.589844,4216.153809,4209.487305,4185.384765999999,4212.05127,4189.743652
4189.615234000001,4189.743652,4200.256348,4197.692383,4207.179688,4209.615234000001,4192.179688,4226.666504,4218.974121,4213.717772999999,4214.487305,4186.794922,4212.179688,4192.436035
4171.922852000001,4180.256348,4191.922852000001,4184.230957,4206.025879,4212.05127,4192.692383,4196.922852000001,4196.153809,4198.974121,4201.025879,4180.512695,4200.641113000001,4181.410156
4170.769043,4184.358886999999,4191.922852000001,4189.358886999999,4218.333496,4227.307617,4183.077147999999,4169.102539,4186.153809,4204.871582,4199.230957,4179.230957,4207.563965,4185.256348
4187.563965,4196.794922,4203.717772999999,4205.0,4225.897461,4229.102539,4195.0,4191.025879,4207.94873,4221.666504,4211.282227000001,4187.307617,4222.692383,4198.205078
4186.153809,4198.205078,4203.205078,4204.871582,4220.897461,4217.692383,4207.563965,4201.282227000001,4208.461426,4212.94873,4204.487305,4186.153809,4214.230957,4195.128418
4178.077147999999,4192.692383,4194.871582,4199.230957,4217.563965,4214.358886999999,4188.974121,4174.487305,4185.128418,4197.179688,4187.692383,4177.436035,4200.0,4187.563965
4182.05127,4189.102539,4196.153809,4201.025879,4215.0,4210.769043,4171.538574,4169.743652,4179.871582,4196.794922,4184.871582,4174.230957,4202.05127,4189.358886999999
4184.358886999999,4189.102539,4203.205078,4201.025879,4204.358886999999,4197.179688,4184.102539,4213.717772999999,4193.461426,4196.922852000001,4185.512695,4179.871582,4204.230957,4191.410156
4180.769043,4185.512695,4200.384765999999,4195.769043,4189.230957,4189.871582,4197.179688,4237.179688,4193.974121,4184.871582,4176.794922,4181.922852000001,4190.897461,4189.743652
4182.179688,4181.025879,4194.358886999999,4192.05127,4184.615234000001,4196.410156,4189.871582,4209.358886999999,4182.05127,4178.846191,4174.102539,4174.102539,4182.563965,4190.897461
4183.717772999999,4175.384765999999,4195.128418,4186.794922,4186.410156,4196.410156,4190.512695,4195.897461,4177.436035,4185.128418,4177.179688,4170.512695,4184.871582,4191.922852000001
4176.794922,4166.410156,4192.307617,4180.384765999999,4181.794922,4190.384765999999,4209.358886999999,4216.794922,4182.94873,4187.307617,4174.487305,4173.589844,4182.563965,4189.102539
4176.538574,4169.358886999999,4188.077147999999,4185.897461,4182.179688,4198.846191,4211.153809,4220.769043,4195.0,4189.358886999999,4177.05127,4176.282227000001,4185.0,4192.820313
4188.205078,4180.512695,4188.974121,4192.179688,4190.512695,4213.589844,4190.0,4200.897461,4197.94873,4193.589844,4186.282227000001,4180.0,4191.025879,4200.512695
4196.922852000001,4182.94873,4190.897461,4191.025879,4196.025879,4212.563965,4185.769043,4193.077147999999,4193.717772999999,4192.94873,4190.641113000001,4184.230957,4191.282227000001,4205.0
4191.410156,4181.794922,4189.102539,4188.205078,4199.358886999999,4202.94873,4195.128418,4183.333496,4190.641113000001,4190.769043,4190.769043,4182.692383,4190.384765999999,4204.230957
4186.794922,4185.641113000001,4186.153809,4187.563965,4207.05127,4206.794922,4181.794922,4162.820313,4191.282227000001,4195.512695,4195.0,4183.974121,4198.461426,4200.897461
4189.487305,4183.846191,4187.692383,4189.230957,4210.512695,4223.205078,4181.538574,4172.94873,4200.128418,4204.230957,4201.538574,4188.589844,4206.538574,4198.974121
4184.102539,4172.179688,4187.307617,4186.410156,4200.641113000001,4225.0,4205.384765999999,4206.922852000001,4207.563965,4204.358886999999,4199.102539,4182.563965,4196.538574,4194.102539
4181.666504,4172.94873,4185.512695,4183.974121,4196.410156,4207.179688,4201.025879,4221.922852000001,4215.897461,4207.179688,4198.205078,4179.230957,4192.692383,4192.179688
4187.563965,4181.922852000001,4190.256348,4185.256348,4198.461426,4200.0,4188.974121,4214.871582,4221.025879,4213.205078,4207.692383,4183.589844,4209.743652,4198.077147999999
4184.615234000001,4176.794922,4194.871582,4184.871582,4193.077147999999,4208.333496,4207.563965,4204.230957,4209.871582,4206.666504,4207.94873,4183.846191,4213.589844,4200.0
4183.077147999999,4173.333496,4195.128418,4187.563965,4193.717772999999,4212.692383,4219.230957,4211.666504,4207.436035,4204.871582,4204.487305,4186.153809,4206.025879,4198.846191
4189.358886999999,4179.871582,4195.897461,4193.333496,4199.871582,4206.794922,4204.102539,4225.512695,4216.282227000001,4211.025879,4213.205078,4190.641113000001,4212.179688,4202.820313
4191.153809,4180.128418,4199.871582,4194.615234000001,4196.025879,4199.230957,4197.05127,4214.487305,4209.871582,4205.641113000001,4217.436035,4188.846191,4214.871582,4206.153809
4194.615234000001,4182.436035,4207.692383,4195.897461,4190.384765999999,4198.077147999999,4198.205078,4203.589844,4206.025879,4204.871582,4215.769043,4189.615234000001,4211.282227000001,4208.333496
4199.615234000001,4187.307617,4210.897461,4195.641113000001,4188.974121,4202.436035,4201.282227000001,4221.538574,4219.743652,4219.615234000001,4222.820313,4196.153809,4218.461426,4213.333496
4191.538574,4179.230957,4203.717772999999,4188.589844,4186.282227000001,4208.846191,4215.0,4230.512695,4224.358886999999,4221.922852000001,4224.743652,4195.641113000001,4218.077147999999,4213.589844
4183.333496,4172.820313,4195.512695,4186.025879,4188.717772999999,4208.589844,4210.897461,4208.717772999999,4213.461426,4211.538574,4217.692383,4193.717772999999,4208.077147999999,4210.256348
4188.717772999999,4180.384765999999,4198.205078,4187.94873,4195.897461,4206.025879,4196.666504,4202.179688,4212.94873,4215.641113000001,4218.333496,4202.05127,4211.666504,4213.205078
4190.128418,4179.102539,4200.0,4185.512695,4201.794922,4214.102539,4206.666504,4219.487305,4221.922852000001,4221.282227000001,4221.410156,4205.256348,4218.077147999999,4212.820313
4182.05127,4173.717772999999,4192.563965,4181.282227000001,4205.897461,4215.897461,4212.179688,4216.282227000001,4220.512695,4213.974121,4213.717772999999,4193.077147999999,4207.692383,4201.922852000001
4184.358886999999,4187.563965,4196.410156,4189.615234000001,4206.282227000001,4211.153809,4203.205078,4210.897461,4224.487305,4221.538574,4214.487305,4189.358886999999,4207.94873,4202.307617
4190.128418,4197.820313,4203.717772999999,4200.769043,4204.871582,4216.794922,4210.384765999999,4221.794922,4232.179688,4233.974121,4223.333496,4196.538574,4218.974121,4210.641113000001
4185.512695,4189.615234000001,4197.820313,4198.846191,4203.461426,4215.256348,4216.922852000001,4221.538574,4223.077147999999,4220.769043,4215.384765999999,4193.205078,4214.743652,4204.358886999999
4186.794922,4188.205078,4198.717772999999,4198.717772999999,4206.922852000001,4200.0,4201.153809,4212.179688,4210.769043,4209.487305,4209.615234000001,4189.615234000001,4213.974121,4197.307617
4196.410156,4195.0,4208.461426,4204.230957,4210.384765999999,4192.563965,4188.846191,4202.179688,4205.256348,4212.94873,4215.641113000001,4197.692383,4221.410156,4203.846191
4204.615234000001,4200.256348,4213.717772999999,4209.871582,4210.384765999999,4197.820313,4187.307617,4194.743652,4203.717772999999,4210.512695,4217.563965,4205.0,4220.384765999999,4211.282227000001
4209.102539,4207.94873,4215.256348,4217.820313,4213.974121,4204.358886999999,4177.94873,4196.794922,4206.410156,4205.641113000001,4217.05127,4201.922852000001,4219.743652,4211.282227000001
4205.897461,4208.461426,4212.563965,4217.179688,4218.717772999999,4208.333496,4176.922852000001,4200.256348,4208.333496,4204.102539,4215.641113000001,4196.410156,4221.410156,4208.589844
4200.512695,4198.077147999999,4208.077147999999,4206.410156,4215.384765999999,4207.820313,4199.487305,4210.641113000001,4211.922852000001,4202.820313,4211.153809,4195.384765999999,4215.384765999999,4207.692383
4197.05127,4186.025879,4205.128418,4197.179688,4200.641113000001,4206.538574,4224.102539,4231.666504,4221.025879,4203.205078,4207.820313,4197.307617,4204.102539,4207.307617
4184.358886999999,4174.871582,4196.538574,4189.487305,4193.589844,4216.410156,4228.717772999999,4229.871582,4219.743652,4201.282227000001,4202.05127,4192.307617,4195.0,4200.512695
4172.94873,4173.589844,4185.769043,4185.769043,4199.615234000001,4223.846191,4211.794922,4207.94873,4209.487305,4197.307617,4191.410156,4179.743652,4189.615234000001,4191.922852000001
4185.256348,4186.922852000001,4190.641113000001,4195.897461,4200.128418,4214.102539,4201.538574,4207.179688,4214.743652,4204.743652,4195.384765999999,4182.307617,4197.05127,4195.512695
4201.282227000001,4198.589844,4204.615234000001,4208.717772999999,4200.128418,4206.282227000001,4220.128418,4213.717772999999,4222.179688,4215.897461,4210.256348,4192.436035,4205.897461,4207.179688
4197.179688,4199.615234000001,4206.538574,4207.436035,4204.871582,4213.333496,4229.743652,4202.307617,4211.282227000001,4208.205078,4207.179688,4187.179688,4199.615234000001,4208.846191
4200.0,4206.153809,4210.256348,4207.436035,4210.128418,4218.974121,4207.05127,4203.333496,4205.641113000001,4201.538574,4203.717772999999,4188.205078,4201.025879,4209.358886999999
4226.922852000001,4232.05127,4231.410156,4227.94873,4222.692383,4211.666504,4189.102539,4218.205078,4218.974121,4220.897461,4224.615234000001,4207.563965,4224.743652,4227.692383
4249.871582,4256.794922,4252.436035,4252.05127,4233.974121,4197.820313,4188.974121,4211.794922,4221.922852000001,4238.205078,4246.666504,4221.282227000001,4244.230957,4248.205078
4252.179688,4259.102539,4257.307617,4256.922852000001,4230.512695,4193.205078,4192.563965,4192.94873,4205.769043,4228.205078,4247.436035,4221.794922,4242.94873,4251.282227000001
4240.769043,4241.666504,4245.897461,4242.94873,4217.307617,4196.410156,4194.871582,4180.128418,4191.922852000001,4209.615234000001,4234.230957,4217.179688,4229.487305,4240.0
4225.384765999999,4222.179688,4227.820313,4224.230957,4207.05127,4199.615234000001,4192.820313,4187.05127,4199.743652,4203.333496,4222.563965,4207.692383,4216.666504,4229.743652
4213.077147999999,4210.0,4214.871582,4213.077147999999,4202.692383,4205.0,4191.282227000001,4211.410156,4222.563965,4209.743652,4219.871582,4198.205078,4211.282227000001,4225.128418
4197.179688,4198.205078,4201.282227000001,4204.102539,4201.794922,4210.897461,4194.871582,4211.153809,4224.615234000001,4207.94873,4211.410156,4189.487305,4200.384765999999,4209.487305
4182.05127,4189.102539,4187.307617,4193.077147999999,4203.077147999999,4217.563965,4205.897461,4200.128418,4212.05127,4196.666504,4198.077147999999,4181.410156,4184.487305,4192.179688
4178.589844,4186.538574,4185.0,4184.871582,4198.205078,4217.179688,4217.820313,4222.179688,4219.358886999999,4196.025879,4196.666504,4180.641113000001,4180.512695,4191.153809
4181.794922,4187.94873,4186.153809,4184.487305,4192.94873,4211.410156,4220.384765999999,4236.666504,4228.077147999999,4199.615234000001,4199.487305,4180.256348,4185.897461,4191.410156
4183.846191,4192.179688,4185.897461,4188.333496,4200.128418,4213.205078,4218.205078,4220.384765999999,4220.384765999999,4195.641113000001,4195.512695,4177.820313,4188.461426,4184.871582
4181.153809,4189.487305,4184.871582,4184.871582,4205.256348,4210.0,4213.846191,4210.384765999999,4207.436035,4187.94873,4189.487305,4175.384765999999,4182.820313,4182.05127
4182.94873,4187.179688,4184.743652,4183.077147999999,4201.922852000001,4201.153809,4209.358886999999,4208.974121,4201.410156,4190.256348,4193.717772999999,4180.897461,4184.487305,4189.871582
4196.666504,4201.025879,4194.230957,4196.153809,4209.743652,4205.641113000001,4207.05127,4206.922852000001,4208.846191,4206.410156,4209.871582,4195.897461,4204.871582,4202.436035
4214.230957,4218.333496,4212.563965,4212.692383,4224.230957,4215.128418,4198.589844,4209.230957,4212.563965,4215.769043,4223.846191,4205.0,4224.743652,4215.769043
4232.307617,4232.563965,4231.922852000001,4226.538574,4225.769043,4209.615234000001,4186.794922,4203.974121,4201.025879,4216.282227000001,4236.153809,4212.820313,4235.641113000001,4235.0
4245.384765999999,4241.282227000001,4243.589844,4232.820313,4215.641113000001,4193.333496,4184.743652,4188.205078,4191.153809,4217.436035,4244.743652,4227.563965,4242.692383,4249.487305
4243.974121,4236.666504,4245.769043,4227.692383,4210.897461,4191.666504,4197.563965,4190.128418,4193.717772999999,4210.897461,4240.769043,4235.0,4239.230957,4248.974121
4236.794922,4232.05127,4244.871582,4227.307617,4219.358886999999,4207.692383,4212.179688,4209.358886999999,4206.666504,4209.102539,4235.128418,4227.94873,4231.922852000001,4242.94873
4233.333496,4233.846191,4245.769043,4233.974121,4221.410156,4205.641113000001,4210.641113000001,4215.0,4219.871582,4223.461426,4236.922852000001,4220.128418,4231.153809,4242.436035
4228.205078,4232.05127,4241.666504,4230.128418,4211.922852000001,4186.666504,4199.615234000001,4209.743652,4225.128418,4229.743652,4236.282227000001,4219.743652,4227.563965,4238.846191
4218.077147999999,4221.794922,4230.256348,4217.436035,4205.512695,4184.615234000001,4197.94873,4213.589844,4226.666504,4218.717772999999,4226.538574,4218.077147999999,4214.871582,4227.820313
4204.871582,4209.230957,4217.436035,4207.436035,4200.256348,4188.205078,4204.358886999999,4216.666504,4226.538574,4213.461426,4218.461426,4211.922852000001,4204.230957,4216.025879
4189.487305,4199.871582,4202.307617,4195.897461,4193.717772999999,4192.05127,4211.410156,4211.025879,4215.897461,4208.077147999999,4210.384765999999,4198.846191,4194.102539,4201.282227000001
4176.666504,4192.436035,4183.589844,4183.717772999999,4195.897461,4207.820313,4210.897461,4210.256348,4203.974121,4192.820313,4194.487305,4184.615234000001,4179.871582,4185.0
4173.205078,4191.794922,4176.922852000001,4185.0,4206.538574,4215.512695,4206.282227000001,4219.743652,4213.589844,4197.05127,4188.205078,4181.153809,4180.512695,4180.0
4172.179688,4192.820313,4181.666504,4188.461426,4209.102539,4213.077147999999,4211.282227000001,4223.846191,4223.077147999999,4212.05127,4195.512695,4183.717772999999,4187.307617,4183.717772999999
4170.0,4190.512695,4181.538574,4185.256348,4207.692383,4221.666504,4210.0,4210.769043,4207.563965,4205.384765999999,4198.333496,4184.615234000001,4184.871582,4185.128418
4181.666504,4199.102539,4190.641113000001,4195.512695,4216.025879,4227.179688,4190.128418,4196.410156,4197.436035,4201.410156,4204.487305,4189.871582,4195.128418,4193.717772999999
4198.974121,4215.897461,4210.256348,4211.025879,4219.743652,4211.153809,4177.436035,4197.94873,4200.128418,4208.717772999999,4215.897461,4201.025879,4211.922852000001,4205.128418
4199.487305,4219.358886999999,4216.025879,4210.641113000001,4211.794922,4201.282227000001,4184.230957,4204.358886999999,4186.153809,4197.05127,4209.358886999999,4203.333496,4202.436035,4200.641113000001
4192.179688,4212.05127,4212.692383,4207.179688,4210.128418,4210.128418,4188.974121,4192.563965,4161.282227000001,4176.922852000001,4192.563965,4196.666504,4183.974121,4195.384765999999
4193.589844,4210.256348,4214.871582,4210.512695,4212.820313,4207.307617,4184.871582,4177.94873,4158.717772999999,4175.512695,4190.512695,4195.128418,4184.487305,4198.461426
4198.333496,4209.743652,4216.282227000001,4210.256348,4208.974121,4195.256348,4189.487305,4189.487305,4179.102539,4183.461426,4195.0,4198.846191,4192.05127,4196.666504
4200.128418,4207.436035,4212.179688,4208.846191,4202.436035,4195.897461,4205.128418,4204.358886999999,4194.487305,4189.615234000001,4192.05127,4199.230957,4193.077147999999,4193.589844
4198.974121,4210.0,4209.102539,4211.922852000001,4203.333496,4205.128418,4220.897461,4207.563965,4197.94873,4193.846191,4191.410156,4197.820313,4191.794922,4196.538574
4191.025879,4205.128418,4203.205078,4205.769043,4206.922852000001,4205.897461,4230.128418,4213.589844,4199.487305,4193.077147999999,4192.692383,4197.436035,4186.538574,4192.563965
4185.0,4190.128418,4192.05127,4189.358886999999,4199.102539,4199.871582,4232.563965,4232.307617,4210.769043,4195.512695,4185.641113000001,4193.846191,4177.307617,4183.589844
4189.102539,4189.871582,4188.974121,4186.794922,4192.179688,4204.487305,4242.563965,4256.794922,4229.871582,4210.897461,4184.871582,4194.615234000001,4182.94873,4189.615234000001
4188.846191,4195.897461,4190.0,4191.282227000001,4195.897461,4215.256348,4253.333496,4252.05127,4229.358886999999,4217.692383,4189.358886999999,4198.461426,4191.025879,4196.282227000001
4184.743652,4191.153809,4184.487305,4186.922852000001,4201.153809,4213.846191,4237.94873,4214.230957,4206.153809,4205.769043,4182.436035,4194.487305,4181.666504,4189.743652
4189.487305,4196.025879,4183.205078,4190.384765999999,4207.05127,4206.538574,4208.333496,4194.743652,4195.897461,4200.769043,4176.538574,4191.153809,4180.384765999999,4192.563965
4198.205078,4210.256348,4192.179688,4200.769043,4209.743652,4209.487305,4195.256348,4200.512695,4198.717772999999,4203.846191,4177.563965,4191.538574,4189.743652,4202.05127
4201.282227000001,4211.282227000001,4196.282227000001,4203.077147999999,4206.794922,4214.358886999999,4200.256348,4186.282227000001,4186.025879,4191.410156,4168.717772999999,4183.461426,4186.282227000001,4201.410156
4201.153809,4205.641113000001,4195.0,4202.179688,4203.077147999999,4204.487305,4198.589844,4162.436035,4166.025879,4171.410156,4156.922852000001,4174.743652,4174.102539,4200.128418
4204.871582,4208.077147999999,4204.615234000001,4205.384765999999,4199.358886999999,4190.769043,4187.692383,4172.94873,4162.307617,4161.666504,4156.025879,4174.230957,4168.333496,4202.563965
4209.743652,4211.666504,4214.743652,4206.922852000001,4194.102539,4192.307617,4191.922852000001,4192.563965,4171.922852000001,4160.128418,4159.487305,4174.615234000001,4167.307617,4201.794922
4211.794922,4208.333496,4210.0,4202.179688,4190.0,4194.743652,4204.615234000001,4184.230957,4176.410156,4159.102539,4160.897461,4174.615234000001,4166.666504,4199.230957
4209.615234000001,4204.871582,4203.205078,4197.94873,4193.077147999999,4189.871582,4213.974121,4180.641113000001,4180.0,4164.743652,4166.025879,4174.102539,4169.102539,4199.487305
4205.512695,4201.666504,4202.563965,4197.179688,4195.769043,4195.0,4220.256348,4201.410156,4191.282227000001,4176.410156,4174.487305,4174.230957,4172.563965,4198.846191
4203.974121,4196.666504,4200.384765999999,4194.358886999999,4191.922852000001,4207.05127,4224.871582,4215.769043,4203.461426,4185.641113000001,4182.307617,4182.179688,4176.794922,4201.153809
4203.205078,4195.769043,4197.692383,4190.128418,4187.94873,4208.205078,4231.794922,4228.717772999999,4214.615234000001,4195.128418,4190.128418,4190.128418,4183.205078,4204.487305
4193.717772999999,4191.794922,4189.230957,4181.666504,4184.743652,4202.94873,4235.769043,4236.538574,4212.05127,4192.692383,4187.05127,4182.05127,4179.102539,4194.358886999999
4184.230957,4186.153809,4178.846191,4178.333496,4185.0,4209.615234000001,4231.282227000001,4204.871582,4193.461426,4179.358886999999,4178.205078,4169.358886999999,4170.512695,4183.461426
4190.0,4194.102539,4185.0,4190.128418,4192.692383,4218.333496,4217.179688,4174.871582,4190.0,4183.077147999999,4183.461426,4169.615234000001,4179.358886999999,4190.641113000001
4200.128418,4205.641113000001,4194.487305,4197.179688,4198.205078,4210.256348,4209.102539,4184.615234000001,4197.179688,4191.794922,4187.820313,4172.307617,4188.974121,4198.717772999999
4208.077147999999,4211.410156,4198.205078,4198.077147999999,4198.974121,4201.922852000001,4214.615234000001,4190.769043,4195.512695,4191.538574,4186.922852000001,4174.230957,4188.333496,4201.794922
4211.666504,4213.333496,4200.897461,4205.256348,4198.717772999999,4201.538574,4211.153809,4171.538574,4187.563965,4187.563965,4188.846191,4175.512695,4184.487305,4204.102539
4209.615234000001,4213.205078,4200.256348,4209.743652,4196.794922,4203.589844,4206.282227000001,4164.358886999999,4180.512695,4181.666504,4185.512695,4175.897461,4178.846191,4201.922852000001
4207.820313,4211.538574,4199.487305,4206.666504,4195.128418,4203.974121,4218.333496,4189.358886999999,4183.077147999999,4180.384765999999,4181.153809,4178.205078,4178.077147999999,4201.538574
4208.974121,4208.974121,4200.897461,4204.230957,4196.794922,4200.0,4229.487305,4213.974121,4191.410156,4185.128418,4187.307617,4179.743652,4182.436035,4208.077147999999
4214.743652,4213.333496,4207.307617,4207.307617,4203.077147999999,4203.461426,4231.922852000001,4213.974121,4196.666504,4196.666504,4203.589844,4180.641113000001,4193.846191,4214.487305
4216.153809,4220.897461,4210.128418,4208.461426,4206.794922,4213.077147999999,4239.743652,4203.077147999999,4197.563965,4205.384765999999,4215.384765999999,4183.717772999999,4205.641113000001,4218.461426
4212.692383,4218.974121,4207.179688,4208.205078,4207.692383,4220.0,4242.436035,4213.589844,4207.563965,4210.897461,4220.128418,4188.205078,4210.512695,4219.358886999999
4210.0,4214.102539,4205.769043,4210.128418,4208.846191,4222.94873,4236.153809,4240.0,4225.128418,4218.974121,4223.589844,4188.205078,4210.384765999999,4212.05127
4202.94873,4209.102539,4205.128418,4205.384765999999,4203.333496,4220.256348,4240.897461,4248.333496,4227.307617,4215.512695,4216.922852000001,4182.179688,4201.794922,4202.436035
4196.666504,4205.384765999999,4205.384765999999,4200.897461,4201.153809,4220.0,4246.922852000001,4234.871582,4218.333496,4205.897461,4207.563965,4177.692383,4193.333496,4201.922852000001
4202.307617,4209.487305,4208.461426,4209.615234000001,4205.641113000001,4222.692383,4231.153809,4211.538574,4215.512695,4206.153809,4210.0,4177.563965,4193.589844,4203.717772999999
4207.436035,4214.358886999999,4213.846191,4217.820313,4203.974121,4216.922852000001,4216.282227000001,4196.794922,4215.641113000001,4207.436035,4211.153809,4181.153809,4194.871582,4201.794922
4205.512695,4212.179688,4215.641113000001,4212.05127,4201.666504,4210.512695,4223.461426,4196.666504,4205.641113000001,4197.94873,4201.282227000001,4180.769043,4190.128418,4201.922852000001
4206.666504,4208.205078,4213.846191,4206.538574,4203.846191,4209.487305,4228.846191,4187.692383,4190.897461,4185.897461,4193.974121,4177.692383,4187.563965,4202.307617
4208.717772999999,4211.794922,4215.0,4211.666504,4206.538574,4209.358886999999,4225.641113000001,4171.538574,4183.974121,4182.820313,4195.641113000001,4176.922852000001,4190.0,4200.769043
4211.538574,4217.436035,4217.94873,4219.358886999999,4208.974121,4217.94873,4234.743652,4171.410156,4182.307617,4186.666504,4197.05127,4179.487305,4192.436035,4203.077147999999
4213.461426,4216.153809,4215.897461,4217.436035,4209.102539,4225.769043,4241.666504,4185.384765999999,4179.102539,4189.358886999999,4197.05127,4181.922852000001,4194.358886999999,4206.025879
4216.282227000001,4213.846191,4219.230957,4214.615234000001,4210.641113000001,4219.358886999999,4241.666504,4212.436035,4190.384765999999,4195.512695,4206.922852000001,4187.436035,4198.589844,4212.05127
4226.025879,4216.794922,4233.205078,4221.025879,4213.205078,4214.230957,4247.05127,4241.666504,4215.512695,4211.410156,4222.820313,4199.230957,4208.077147999999,4227.307617
4228.589844,4221.666504,4238.205078,4226.410156,4210.512695,4221.538574,4250.512695,4249.871582,4227.05127,4221.025879,4225.128418,4205.0,4211.794922,4235.384765999999
4213.333496,4218.717772999999,4230.641113000001,4221.410156,4209.615234000001,4226.410156,4249.615234000001,4253.461426,4225.897461,4216.922852000001,4214.615234000001,4197.307617,4203.333496,4225.256348
4201.153809,4212.820313,4222.436035,4214.487305,4212.563965,4212.692383,4236.666504,4247.179688,4221.410156,4208.589844,4207.563965,4188.461426,4192.692383,4212.820313
4210.512695,4217.05127,4225.256348,4218.589844,4213.589844,4200.641113000001,4226.922852000001,4224.230957,4219.871582,4207.563965,4210.641113000001,4193.461426,4194.487305,4213.974121
4216.666504,4218.077147999999,4232.436035,4222.563965,4207.307617,4206.538574,4232.436035,4216.922852000001,4218.333496,4207.94873,4213.461426,4200.0,4199.230957,4219.358886999999
4208.974121,4208.205078,4229.102539,4216.025879,4197.692383,4212.820313,4232.820313,4219.230957,4204.102539,4196.153809,4206.025879,4193.589844,4190.384765999999,4215.512695
4208.717772999999,4207.05127,4225.0,4214.487305,4199.615234000001,4210.128418,4225.512695,4197.94873,4192.179688,4186.282227000001,4197.179688,4187.692383,4181.922852000001,4210.384765999999
4211.282227000001,4209.615234000001,4224.102539,4214.743652,4204.743652,4210.256348,4230.384765999999,4173.974121,4191.666504,4186.794922,4194.102539,4187.05127,4183.077147999999,4208.589844
4204.487305,4201.922852000001,4218.717772999999,4208.846191,4200.897461,4218.717772999999,4242.436035,4172.692383,4188.333496,4187.563965,4194.487305,4183.461426,4186.153809,4206.666504
4200.512695,4197.436035,4213.974121,4203.717772999999,4201.153809,4222.05127,4240.641113000001,4180.897461,4185.256348,4186.410156,4198.974121,4180.384765999999,4187.692383,4207.692383
4208.205078,4203.589844,4215.512695,4205.897461,4205.897461,4213.846191,4236.922852000001,4204.230957,4197.692383,4194.230957,4207.563965,4186.666504,4193.717772999999,4217.179688
4216.666504,4210.384765999999,4219.358886999999,4210.128418,4204.743652,4209.102539,4242.307617,4230.769043,4208.077147999999,4205.128418,4215.0,4194.358886999999,4202.94873,4226.922852000001
4213.974121,4208.846191,4221.282227000001,4209.487305,4206.025879,4213.333496,4244.230957,4229.615234000001,4199.871582,4204.230957,4213.589844,4191.666504,4201.025879,4222.05127
4205.641113000001,4205.769043,4221.153809,4209.230957,4211.153809,4208.077147999999,4231.794922,4225.384765999999,4201.538574,4202.820313,4210.128418,4187.05127,4196.538574,4212.05127
4201.538574,4205.897461,4218.333496,4211.153809,4205.769043,4195.128418,4221.410156,4238.333496,4216.410156,4205.256348,4212.563965,4190.0,4197.94873,4212.94873
4205.128418,4205.256348,4220.128418,4212.307617,4201.025879,4194.743652,4226.282227000001,4238.333496,4218.717772999999,4202.436035,4214.358886999999,4194.487305,4196.794922,4215.769043
4214.743652,4210.897461,4229.743652,4218.589844,4210.128418,4199.615234000001,4220.384765999999,4216.025879,4212.05127,4202.94873,4215.897461,4195.0,4199.487305,4216.538574
4220.769043,4220.897461,4232.94873,4224.230957,4217.563965,4199.615234000001,4203.717772999999,4202.307617,4209.615234000001,4207.179688,4219.615234000001,4195.0,4207.05127,4221.153809
4218.846191,4222.94873,4228.974121,4222.94873,4217.179688,4203.974121,4211.282227000001,4212.307617,4214.230957,4206.794922,4221.666504,4194.615234000001,4207.436035,4223.974121
4212.820313,4217.179688,4228.333496,4217.94873,4215.769043,4206.282227000001,4233.461426,4213.717772999999,4213.589844,4202.563965,4217.563965,4190.256348,4204.743652,4219.615234000001
4204.871582,4209.358886999999,4223.077147999999,4212.179688,4209.102539,4200.641113000001,4231.538574,4180.128418,4195.769043,4197.307617,4210.256348,4186.025879,4206.410156,4212.179688
4201.153809,4207.307617,4215.128418,4209.871582,4204.230957,4210.128418,4223.461426,4155.512695,4183.333496,4201.282227000001,4213.717772999999,4190.256348,4210.128418,4212.179688
4196.538574,4203.077147999999,4210.769043,4205.769043,4201.922852000001,4220.512695,4237.179688,4174.615234000001,4193.077147999999,4206.410156,4216.666504,4193.333496,4206.282227000001,4209.615234000001
4183.205078,4191.153809,4201.025879,4194.743652,4197.179688,4210.641113000001,4250.769043,4192.307617,4198.461426,4188.974121,4201.794922,4181.538574,4190.512695,4193.077147999999
4176.410156,4190.384765999999,4191.282227000001,4191.410156,4198.589844,4206.922852000001,4239.230957,4185.256348,4191.666504,4173.333496,4192.820313,4172.307617,4178.589844,4184.358886999999
4181.922852000001,4197.179688,4192.692383,4197.05127,4200.512695,4212.820313,4219.230957,4183.589844,4193.333496,4182.820313,4196.025879,4178.589844,4177.94873,4187.436035
4185.128418,4199.358886999999,4198.846191,4199.358886999999,4201.025879,4207.179688,4218.717772999999,4198.205078,4202.179688,4193.974121,4196.025879,4183.589844,4183.205078,4187.307617
4188.974121,4207.05127,4205.897461,4204.358886999999,4206.922852000001,4194.230957,4223.205078,4211.922852000001,4209.615234000001,4197.94873,4199.358886999999,4183.589844,4195.256348,4188.974121
4197.179688,4217.307617,4214.871582,4214.230957,4209.615234000001,4192.563965,4217.692383,4212.179688,4211.538574,4204.871582,4208.974121,4188.589844,4206.282227000001,4197.05127
4197.436035,4216.410156,4219.487305,4219.871582,4208.846191,4203.333496,4213.717772999999,4211.794922,4209.230957,4206.794922,4214.102539,4191.922852000001,4209.615234000001,4202.307617
4190.256348,4211.666504,4218.589844,4218.974121,4210.512695,4203.333496,4208.974121,4226.794922,4211.538574,4203.205078,4214.358886999999,4188.461426,4209.102539,4205.128418
4192.563965,4214.487305,4219.615234000001,4217.436035,4214.743652,4192.307617,4204.358886999999,4229.871582,4214.871582,4205.256348,4217.179688,4188.846191,4208.333496,4207.94873
4197.179688,4213.974121,4217.179688,4213.717772999999,4215.0,4192.692383,4206.922852000001,4194.615234000001,4199.487305,4200.0,4214.615234000001,4191.025879,4201.282227000001,4202.563965
4193.461426,4211.410156,4215.0,4210.256348,4213.205078,4207.436035,4218.205078,4165.897461,4182.820313,4193.333496,4210.384765999999,4191.538574,4196.410156,4197.05127
4189.487305,4212.820313,4216.794922,4208.846191,4211.794922,4215.641113000001,4233.846191,4182.692383,4194.487305,4203.461426,4214.230957,4192.820313,4205.512695,4198.205078
4183.077147999999,4204.102539,4206.538574,4199.871582,4207.436035,4210.641113000001,4236.922852000001,4201.153809,4207.692383,4207.307617,4211.538574,4187.820313,4208.461426,4193.205078
4173.717772999999,4199.230957,4191.282227000001,4192.307617,4209.743652,4213.974121,4235.384765999999,4206.153809,4206.538574,4202.820313,4202.563965,4180.384765999999,4199.743652,4186.794922
4168.589844,4207.05127,4190.0,4194.743652,4214.871582,4225.512695,4245.0,4210.512695,4206.153809,4203.461426,4198.589844,4178.205078,4192.692383,4184.102539
4172.692383,4206.922852000001,4194.230957,4196.666504,4214.743652,4224.358886999999,4244.615234000001,4206.922852000001,4211.025879,4203.589844,4198.461426,4181.538574,4189.487305,4180.769043
4183.333496,4206.922852000001,4201.922852000001,4200.0,4220.0,4219.871582,4231.153809,4212.179688,4226.922852000001,4213.077147999999,4205.384765999999,4188.717772999999,4197.05127,4186.794922
4186.153809,4211.025879,4209.615234000001,4202.307617,4220.128418,4215.897461,4232.436035,4229.871582,4233.846191,4219.487305,4208.205078,4188.461426,4200.128418,4192.692383
4184.743652,4208.077147999999,4211.282227000001,4200.256348,4208.461426,4204.487305,4239.230957,4226.794922,4217.563965,4203.846191,4197.692383,4181.282227000001,4187.692383,4184.743652
4194.743652,4210.641113000001,4218.846191,4205.897461,4212.436035,4201.153809,4228.846191,4211.666504,4213.205078,4200.128418,4195.897461,4184.230957,4189.487305,4184.615234000001
4206.025879,4219.743652,4228.205078,4216.794922,4221.922852000001,4205.641113000001,4212.820313,4211.153809,4223.589844,4214.102539,4206.282227000001,4193.205078,4205.769043,4197.820313
4199.230957,4216.025879,4221.794922,4212.179688,4212.436035,4204.743652,4212.179688,4200.769043,4204.487305,4207.563965,4201.794922,4187.94873,4200.769043,4196.538574
4186.410156,4203.974121,4208.205078,4197.05127,4201.666504,4201.282227000001,4225.769043,4176.025879,4173.974121,4184.743652,4182.307617,4174.487305,4183.717772999999,4183.974121
4188.846191,4204.743652,4207.692383,4197.307617,4206.794922,4202.307617,4230.641113000001,4178.589844,4184.230957,4185.641113000001,4178.205078,4173.846191,4190.384765999999,4187.94873
4197.436035,4208.333496,4208.974121,4205.128418,4211.538574,4207.436035,4223.974121,4201.666504,4208.974121,4202.820313,4186.538574,4178.589844,4202.94873,4196.410156
4195.0,4200.128418,4199.743652,4196.666504,4203.974121,4212.820313,4223.205078,4205.384765999999,4205.128418,4201.538574,4181.410156,4172.307617,4199.230957,4191.410156
4188.205078,4195.512695,4196.153809,4186.922852000001,4201.282227000001,4221.538574,4234.230957,4204.615234000001,4201.794922,4195.256348,4176.025879,4166.666504,4199.871582,4191.282227000001
4185.128418,4195.512695,4198.589844,4187.563965,4205.384765999999,4227.820313,4241.922852000001,4218.846191,4213.974121,4199.743652,4180.897461,4167.307617,4202.307617,4198.333496
4183.333496,4189.102539,4194.358886999999,4185.0,4197.563965,4217.436035,4231.922852000001,4226.794922,4212.05127,4194.615234000001,4177.436035,4164.102539,4190.897461,4194.230957
4188.461426,4190.897461,4196.410156,4184.743652,4187.307617,4202.436035,4222.94873,4231.922852000001,4207.820313,4186.922852000001,4172.563965,4163.333496,4189.102539,4189.615234000001
4200.897461,4206.410156,4210.512695,4196.410156,4191.922852000001,4204.615234000001,4226.666504,4236.025879,4221.153809,4198.461426,4182.05127,4168.333496,4200.641113000001,4198.589844
4210.897461,4216.538574,4220.897461,4206.282227000001,4201.282227000001,4216.666504,4220.384765999999,4232.94873,4231.538574,4210.897461,4195.128418,4176.282227000001,4202.436035,4207.692383
4213.717772999999,4213.974121,4220.256348,4205.384765999999,4195.256348,4210.512695,4203.589844,4232.179688,4221.025879,4202.179688,4196.794922,4180.0,4197.436035,4206.153809
4212.179688,4209.230957,4213.333496,4200.769043,4184.487305,4192.563965,4201.025879,4212.563965,4194.102539,4186.153809,4188.333496,4174.487305,4193.974121,4204.615234000001
4219.358886999999,4212.692383,4215.769043,4205.897461,4191.153809,4200.897461,4201.794922,4168.461426,4176.025879,4184.871582,4189.358886999999,4173.846191,4197.563965,4211.410156
4229.615234000001,4220.769043,4224.871582,4213.333496,4203.589844,4220.512695,4188.461426,4149.358886999999,4178.461426,4192.94873,4200.641113000001,4183.717772999999,4207.692383,4217.307617
4229.743652,4223.333496,4222.05127,4212.563965,4203.461426,4216.025879,4191.794922,4179.358886999999,4195.256348,4203.461426,4206.794922,4189.358886999999,4216.153809,4220.128418
4224.871582,4221.666504,4216.538574,4208.589844,4200.641113000001,4211.922852000001,4216.025879,4213.077147999999,4214.615234000001,4218.461426,4211.153809,4188.589844,4220.641113000001,4224.358886999999
4221.282227000001,4215.256348,4215.769043,4200.256348,4198.461426,4222.179688,4221.794922,4223.461426,4225.128418,4219.102539,4213.717772999999,4190.641113000001,4216.922852000001,4221.794922
4215.512695,4205.769043,4212.179688,4191.025879,4192.05127,4220.769043,4223.589844,4235.769043,4229.230957,4205.641113000001,4206.025879,4190.256348,4205.897461,4209.743652
4207.820313,4203.589844,4206.153809,4189.871582,4186.282227000001,4208.333496,4230.0,4244.743652,4226.410156,4200.384765999999,4194.615234000001,4183.846191,4195.256348,4199.743652
4207.179688,4209.358886999999,4208.333496,4197.436035,4191.922852000001,4211.538574,4224.358886999999,4241.153809,4223.461426,4202.94873,4195.512695,4180.769043,4195.256348,4200.0
4213.205078,4217.820313,4217.179688,4205.897461,4201.538574,4221.922852000001,4230.256348,4242.436035,4228.589844,4207.179688,4205.384765999999,4186.794922,4203.205078,4207.94873
4218.589844,4226.666504,4221.922852000001,4211.666504,4202.94873,4219.230957,4233.717772999999,4240.128418,4230.384765999999,4212.563965,4213.461426,4198.461426,4210.641113000001,4212.820313
4224.743652,4235.769043,4223.077147999999,4217.820313,4209.615234000001,4214.230957,4208.846191,4218.717772999999,4221.538574,4217.307617,4219.487305,4202.563965,4216.794922,4213.077147999999
4229.487305,4236.025879,4223.589844,4218.589844,4216.538574,4210.256348,4187.820313,4187.179688,4204.102539,4215.0,4219.487305,4198.205078,4217.436035,4213.077147999999
4231.282227000001,4233.077147999999,4226.153809,4217.05127,4208.461426,4207.563965,4191.025879,4174.487305,4191.794922,4206.666504,4216.666504,4198.461426,4214.615234000001,4214.615234000001
4233.974121,4240.128418,4232.820313,4222.307617,4206.666504,4212.179688,4191.922852000001,4184.358886999999,4193.589844,4203.846191,4220.128418,4204.230957,4217.179688,4220.256348
4235.0,4242.05127,4233.846191,4223.846191,4214.871582,4208.077147999999,4181.282227000001,4185.256348,4197.692383,4205.641113000001,4223.461426,4204.871582,4217.94873,4223.589844
4229.615234000001,4233.333496,4228.589844,4219.487305,4213.205078,4200.256348,4187.307617,4185.641113000001,4205.384765999999,4206.410156,4220.897461,4200.256348,4214.358886999999,4221.025879
4218.846191,4226.410156,4222.179688,4216.794922,4206.794922,4211.922852000001,4208.974121,4215.0,4221.282227000001,4206.922852000001,4216.153809,4194.487305,4208.461426,4213.077147999999
4210.512695,4218.974121,4218.205078,4209.230957,4207.692383,4222.692383,4221.538574,4232.05127,4226.666504,4207.307617,4210.897461,4187.563965,4200.897461,4202.179688
4207.436035,4213.333496,4215.641113000001,4201.025879,4213.077147999999,4218.846191,4224.871582,4215.0,4224.102539,4209.487305,4211.282227000001,4185.512695,4199.743652,4198.974121
4201.153809,4211.410156,4208.717772999999,4198.461426,4207.563965,4216.538574,4227.820313,4217.563965,4228.205078,4207.307617,4213.461426,4188.333496,4198.461426,4200.384765999999
4197.94873,4206.410156,4207.820313,4194.743652,4191.922852000001,4214.487305,4229.615234000001,4240.256348,4230.384765999999,4202.05127,4208.717772999999,4190.0,4192.563965,4201.153809
4206.410156,4210.256348,4216.538574,4197.820313,4191.538574,4213.077147999999,4220.384765999999,4227.436035,4222.692383,4206.282227000001,4209.743652,4193.461426,4198.589844,4206.794922
4213.717772999999,4224.615234000001,4222.692383,4211.410156,4209.358886999999,4215.256348,4206.666504,4209.871582,4220.128418,4212.820313,4216.153809,4199.102539,4209.615234000001,4213.077147999999
4215.641113000001,4230.512695,4226.410156,4219.743652,4220.641113000001,4212.94873,4194.615234000001,4220.769043,4223.717772999999,4215.0,4217.307617,4202.307617,4208.846191,4217.05127
4223.333496,4230.897461,4231.282227000001,4220.769043,4215.0,4202.179688,4177.820313,4203.974121,4214.102539,4218.333496,4218.333496,4201.922852000001,4214.102539,4225.384765999999
4236.666504,4245.128418,4237.05127,4230.769043,4212.307617,4201.153809,4175.641113000001,4177.307617,4203.589844,4226.282227000001,4228.461426,4208.461426,4235.641113000001,4232.820313
4242.692383,4260.128418,4244.102539,4241.666504,4219.487305,4209.487305,4194.487305,4190.384765999999,4207.05127,4232.05127,4237.94873,4219.871582,4248.077147999999,4234.102539
4229.871582,4243.717772999999,4237.307617,4229.615234000001,4212.05127,4203.077147999999,4193.846191,4188.077147999999,4192.307617,4214.743652,4226.153809,4212.05127,4233.205078,4226.410156
4218.333496,4216.922852000001,4223.717772999999,4214.487305,4197.05127,4192.94873,4175.128418,4168.333496,4174.102539,4193.205078,4213.974121,4197.563965,4218.717772999999,4217.563965
4220.641113000001,4209.871582,4226.922852000001,4215.128418,4194.615234000001,4202.307617,4186.538574,4192.94873,4194.230957,4197.692383,4218.717772999999,4201.282227000001,4219.871582,4214.743652
4209.358886999999,4206.410156,4224.743652,4212.307617,4196.025879,4210.897461,4198.717772999999,4210.512695,4208.205078,4202.179688,4211.538574,4199.358886999999,4209.487305,4206.410156
4190.256348,4196.794922,4206.282227000001,4201.153809,4196.538574,4200.128418,4179.743652,4195.128418,4200.641113000001,4194.615234000001,4195.897461,4184.615234000001,4194.743652,4196.282227000001
4188.717772999999,4190.0,4198.589844,4192.05127,4191.282227000001,4193.717772999999,4181.282227000001,4211.538574,4212.307617,4197.692383,4196.538574,4184.230957,4194.487305,4197.179688
4190.512695,4190.897461,4204.871582,4191.410156,4182.692383,4205.128418,4207.692383,4239.487305,4227.820313,4207.307617,4204.230957,4194.230957,4197.563965,4200.897461
4183.974121,4194.102539,4205.897461,4192.94873,4186.282227000001,4209.358886999999,4209.871582,4233.717772999999,4223.461426,4205.256348,4203.205078,4191.666504,4195.128418,4196.794922
4183.077147999999,4192.692383,4199.487305,4189.102539,4192.436035,4198.461426,4190.384765999999,4208.333496,4207.94873,4196.282227000001,4195.641113000001,4182.94873,4190.897461,4192.692383
4190.384765999999,4193.974121,4199.102539,4189.743652,4191.666504,4195.384765999999,4182.436035,4188.461426,4197.820313,4191.538574,4193.333496,4181.922852000001,4192.436035,4196.922852000001
4200.769043,4205.769043,4208.974121,4201.794922,4198.077147999999,4198.589844,4179.230957,4186.666504,4201.025879,4195.0,4203.333496,4190.0,4198.077147999999,4209.743652
4216.538574,4220.897461,4221.794922,4215.512695,4207.179688,4191.538574,4174.102539,4197.179688,4209.102539,4208.589844,4219.615234000001,4201.922852000001,4208.589844,4225.641113000001
4221.666504,4220.641113000001,4223.461426,4216.025879,4202.307617,4187.692383,4180.384765999999,4196.025879,4203.461426,4210.384765999999,4222.436035,4205.256348,4215.512695,4227.94873
4212.436035,4208.846191,4218.717772999999,4205.384765999999,4196.666504,4191.153809,4190.769043,4184.615234000001,4187.94873,4196.794922,4216.922852000001,4203.846191,4214.615234000001,4221.666504
4213.461426,4208.333496,4224.871582,4205.769043,4199.743652,4181.922852000001,4189.102539,4186.794922,4185.256348,4196.666504,4221.794922,4206.666504,4217.692383,4225.256348
4221.538574,4211.153809,4232.820313,4215.128418,4200.256348,4168.717772999999,4177.692383,4202.820313,4196.282227000001,4208.333496,4228.717772999999,4209.102539,4225.641113000001,4231.153809
4215.384765999999,4201.025879,4225.128418,4208.333496,4196.410156,4177.05127,4180.256348,4222.820313,4208.717772999999,4207.307617,4223.077147999999,4205.128418,4227.436035,4221.153809
4198.717772999999,4186.153809,4208.589844,4193.333496,4194.358886999999,4192.05127,4195.256348,4235.0,4215.769043,4201.410156,4215.769043,4195.512695,4220.256348,4207.94873
4186.410156,4178.846191,4196.538574,4188.974121,4190.256348,4197.307617,4204.615234000001,4235.256348,4218.461426,4206.025879,4212.436035,4189.871582,4210.512695,4203.205078
4182.692383,4178.077147999999,4192.179688,4189.743652,4192.436035,4208.077147999999,4210.641113000001,4240.256348,4223.974121,4209.871582,4206.666504,4188.974121,4205.512695,4199.230957
4183.333496,4176.538574,4190.897461,4185.897461,4199.615234000001,4214.102539,4207.692383,4242.307617,4228.717772999999,4206.666504,4202.820313,4187.692383,4205.512695,4195.256348
4183.717772999999,4174.743652,4187.436035,4184.102539,4201.666504,4211.025879,4200.384765999999,4223.077147999999,4220.769043,4203.589844,4203.077147999999,4185.384765999999,4202.94873,4193.846191
4183.974121,4180.256348,4186.410156,4189.102539,4207.563965,4220.256348,4196.666504,4213.205078,4212.436035,4201.538574,4201.410156,4183.589844,4198.846191,4193.846191
4183.974121,4186.922852000001,4188.333496,4193.333496,4216.410156,4226.153809,4191.922852000001,4218.589844,4212.692383,4200.0,4199.102539,4181.666504,4198.461426,4190.641113000001
4182.820313,4187.179688,4189.487305,4194.358886999999,4220.256348,4214.358886999999,4187.307617,4204.615234000001,4214.615234000001,4205.641113000001,4204.871582,4181.922852000001,4203.205078,4188.717772999999
4181.282227000001,4187.94873,4188.717772999999,4195.0,4217.692383,4207.94873,4190.256348,4186.922852000001,4212.692383,4214.358886999999,4210.641113000001,4186.410156,4208.205078,4189.743652
4178.205078,4184.743652,4183.077147999999,4192.179688,4209.358886999999,4209.743652,4195.897461,4194.230957,4205.128418,4210.512695,4200.897461,4181.410156,4201.794922,4184.102539
4172.307617,4178.077147999999,4181.153809,4186.538574,4204.230957,4204.871582,4194.743652,4214.743652,4201.282227000001,4201.153809,4191.025879,4170.769043,4191.410156,4176.410156
4171.410156,4181.794922,4189.615234000001,4187.563965,4207.563965,4198.333496,4192.692383,4227.94873,4208.846191,4202.563965,4196.410156,4175.512695,4193.974121,4177.436035
4184.487305,4196.666504,4203.974121,4200.256348,4212.820313,4204.615234000001,4203.333496,4233.717772999999,4220.256348,4218.077147999999,4210.641113000001,4189.871582,4212.179688,4189.743652
4196.666504,4204.102539,4211.538574,4208.974121,4210.512695,4206.538574,4215.0,4232.692383,4219.358886999999,4227.307617,4217.179688,4194.871582,4222.692383,4202.436035
4193.717772999999,4203.717772999999,4211.282227000001,4205.641113000001,4205.897461,4197.05127,4211.794922,4232.820313,4212.05127,4218.077147999999,4214.871582,4194.358886999999,4217.307617,4203.333496
4195.769043,4210.0,4217.179688,4208.717772999999,4210.256348,4201.666504,4204.743652,4230.384765999999,4214.102539,4212.05127,4219.230957,4197.692383,4216.282227000001,4200.128418
4208.846191,4213.205078,4225.384765999999,4215.769043,4216.922852000001,4209.230957,4195.769043,4215.512695,4215.384765999999,4217.307617,4225.769043,4199.102539,4220.641113000001,4207.307617
4211.666504,4212.94873,4224.615234000001,4215.641113000001,4217.94873,4206.025879,4188.717772999999,4208.205078,4211.538574,4220.128418,4225.384765999999,4200.128418,4223.974121,4215.0
4203.333496,4212.820313,4218.077147999999,4210.897461,4215.0,4211.922852000001,4199.871582,4207.692383,4211.538574,4218.974121,4221.922852000001,4198.589844,4228.205078,4208.717772999999
4191.410156,4200.384765999999,4208.333496,4200.512695,4211.282227000001,4218.846191,4208.333496,4208.205078,4214.487305,4219.102539,4215.256348,4185.769043,4223.077147999999,4196.410156
4177.436035,4184.871582,4196.922852000001,4189.743652,4211.025879,4207.563965,4201.282227000001,4213.589844,4214.102539,4215.128418,4203.077147999999,4171.538574,4202.563965,4184.743652
4171.922852000001,4181.282227000001,4190.512695,4184.230957,4209.102539,4200.256348,4200.256348,4213.717772999999,4211.922852000001,4207.692383,4192.179688,4167.563965,4191.538574,4178.461426
4178.205078,4182.307617,4193.717772999999,4183.205078,4206.538574,4210.128418,4203.846191,4212.436035,4213.589844,4207.563965,4193.077147999999,4173.846191,4202.05127,4186.410156
4181.794922,4181.794922,4200.0,4186.025879,4211.666504,4214.487305,4197.563965,4217.820313,4213.205078,4207.820313,4198.717772999999,4182.692383,4208.077147999999,4196.538574
4185.256348,4188.589844,4204.743652,4192.307617,4216.282227000001,4205.769043,4190.128418,4209.743652,4205.0,4201.153809,4199.358886999999,4189.487305,4204.615234000001,4198.589844
4202.436035,4203.205078,4216.025879,4204.615234000001,4215.512695,4198.846191,4192.179688,4195.384765999999,4201.666504,4201.922852000001,4202.563965,4198.589844,4210.897461,4207.94873
4219.743652,4213.589844,4228.333496,4217.05127,4215.0,4193.589844,4191.794922,4201.025879,4202.179688,4208.077147999999,4210.512695,4210.641113000001,4220.641113000001,4221.538574
4220.641113000001,4213.589844,4231.153809,4217.179688,4212.179688,4188.333496,4186.794922,4201.538574,4194.358886999999,4204.871582,4210.256348,4216.538574,4218.461426,4224.615234000001
4211.666504,4207.692383,4225.128418,4208.589844,4204.102539,4194.615234000001,4192.692383,4184.871582,4184.487305,4195.384765999999,4198.846191,4207.692383,4210.128418,4218.589844
4205.384765999999,4204.615234000001,4216.410156,4205.128418,4199.487305,4205.384765999999,4195.256348,4178.846191,4182.436035,4188.589844,4189.743652,4195.128418,4203.333496,4211.282227000001
4202.436035,4205.769043,4210.256348,4206.666504,4203.589844,4207.692383,4186.282227000001,4188.717772999999,4192.692383,4192.820313,4187.436035,4189.358886999999,4200.512695,4207.94873
4186.282227000001,4197.436035,4198.846191,4197.307617,4201.410156,4202.179688,4182.94873,4204.102539,4207.179688,4202.436035,4180.384765999999,4179.358886999999,4193.461426,4197.820313
4167.307617,4184.871582,4183.846191,4181.666504,4193.077147999999,4205.128418,4193.077147999999,4220.897461,4218.333496,4203.589844,4172.436035,4166.538574,4183.461426,4182.563965
4170.641113000001,4186.922852000001,4183.589844,4183.717772999999,4200.0,4221.922852000001,4199.230957,4223.846191,4225.256348,4208.333496,4176.794922,4164.615234000001,4188.077147999999,4183.077147999999
4181.410156,4187.307617,4191.025879,4193.717772999999,4207.436035,4223.461426,4190.641113000001,4210.256348,4225.0,4218.077147999999,4183.077147999999,4168.589844,4194.743652,4190.512695
4183.974121,4183.205078,4192.820313,4194.743652,4202.436035,4211.922852000001,4187.563965,4216.538574,4225.384765999999,4218.589844,4185.0,4172.05127,4190.769043,4190.384765999999
4194.615234000001,4196.282227000001,4197.436035,4198.846191,4202.307617,4214.102539,4196.666504,4230.641113000001,4223.717772999999,4214.358886999999,4193.333496,4181.410156,4195.384765999999,4197.692383
4217.820313,4214.358886999999,4210.769043,4210.128418,4206.538574,4213.077147999999,4189.615234000001,4212.307617,4209.871582,4209.743652,4205.769043,4196.153809,4212.436035,4216.025879
4234.743652,4220.641113000001,4222.436035,4219.615234000001,4207.563965,4199.871582,4176.922852000001,4186.282227000001,4191.538574,4204.743652,4213.461426,4206.794922,4221.538574,4227.307617
4236.410156,4221.538574,4223.846191,4220.641113000001,4205.897461,4196.538574,4185.897461,4183.846191,4179.230957,4197.05127,4212.692383,4206.794922,4216.538574,4226.538574
4233.974121,4219.230957,4221.666504,4218.333496,4198.974121,4190.769043,4187.820313,4192.820313,4176.538574,4192.94873,4211.666504,4204.615234000001,4215.769043,4224.102539
4234.358886999999,4214.358886999999,4223.205078,4218.589844,4192.820313,4173.589844,4167.436035,4192.563965,4184.743652,4198.974121,4215.128418,4208.077147999999,4222.179688,4224.487305
4230.0,4208.205078,4218.461426,4215.512695,4190.897461,4175.641113000001,4162.05127,4178.717772999999,4191.666504,4202.179688,4212.436035,4199.615234000001,4217.563965,4220.897461
4212.94873,4198.974121,4202.692383,4203.974121,4190.512695,4195.384765999999,4185.641113000001,4178.205078,4195.769043,4197.179688,4200.0,4177.820313,4201.025879,4210.384765999999
4189.230957,4184.230957,4182.692383,4186.922852000001,4189.102539,4197.563965,4198.846191,4193.974121,4201.794922,4189.871582,4185.897461,4161.282227000001,4180.256348,4190.128418
4178.461426,4176.153809,4172.179688,4178.077147999999,4190.512695,4198.205078,4193.974121,4202.307617,4206.410156,4190.769043,4182.563965,4154.487305,4174.230957,4176.410156
4187.820313,4180.256348,4178.589844,4180.897461,4195.384765999999,4219.615234000001,4200.512695,4210.0,4212.94873,4202.563965,4191.410156,4158.974121,4188.205078,4185.769043
4190.256348,4179.358886999999,4183.717772999999,4179.102539,4195.384765999999,4223.077147999999,4205.641113000001,4222.563965,4213.717772999999,4203.717772999999,4193.333496,4167.94873,4190.384765999999,4193.333496
4190.0,4181.666504,4183.717772999999,4178.205078,4195.897461,4201.922852000001,4196.922852000001,4224.358886999999,4208.717772999999,4199.102539,4194.102539,4176.410156,4184.743652,4195.128418
4213.077147999999,4204.487305,4199.102539,4193.205078,4202.179688,4191.794922,4186.794922,4219.743652,4212.179688,4211.282227000001,4215.512695,4193.846191,4203.077147999999,4214.358886999999
4235.128418,4223.846191,4219.358886999999,4211.538574,4205.0,4193.461426,4182.179688,4225.897461,4218.461426,4223.461426,4232.436035,4212.307617,4222.692383,4232.563965
4239.358886999999,4230.384765999999,4226.282227000001,4222.820313,4207.307617,4192.179688,4175.0,4219.615234000001,4210.384765999999,4219.743652,4231.922852000001,4217.05127,4227.94873,4234.102539
4241.538574,4236.666504,4228.461426,4232.820313,4209.358886999999,4186.025879,4167.820313,4190.128418,4192.179688,4214.871582,4234.615234000001,4213.589844,4236.794922,4236.538574
4241.282227000001,4234.871582,4232.179688,4233.974121,4202.436035,4181.410156,4174.871582,4186.922852000001,4188.589844,4210.512695,4237.94873,4210.256348,4237.820313,4236.666504
4230.512695,4219.871582,4227.307617,4222.179688,4194.743652,4177.307617,4180.641113000001,4197.820313,4184.102539,4197.563965,4230.512695,4204.743652,4226.410156,4223.846191
4218.205078,4208.846191,4214.487305,4210.384765999999,4196.025879,4178.333496,4176.282227000001,4165.769043,4157.563965,4182.692383,4218.589844,4197.307617,4218.717772999999,4212.05127
4208.205078,4202.307617,4206.922852000001,4204.743652,4199.871582,4191.666504,4177.94873,4137.05127,4143.205078,4178.717772999999,4213.589844,4189.358886999999,4211.794922,4208.846191
4196.282227000001,4194.230957,4203.589844,4199.871582,4198.461426,4198.205078,4183.717772999999,4164.743652,4161.410156,4185.0,4212.563965,4184.871582,4203.846191,4208.589844
4187.820313,4190.0,4196.538574,4195.897461,4195.897461,4190.0,4190.128418,4194.871582,4182.05127,4194.487305,4208.717772999999,4184.743652,4201.282227000001,4200.641113000001
4181.922852000001,4184.230957,4186.538574,4189.743652,4192.307617,4191.282227000001,4194.358886999999,4192.820313,4189.871582,4196.410156,4198.717772999999,4177.307617,4193.717772999999,4186.794922
4178.461426,4173.846191,4177.692383,4178.333496,4185.256348,4200.641113000001,4195.0,4189.230957,4193.717772999999,4190.641113000001,4186.922852000001,4165.512695,4180.128418,4178.974121
4188.077147999999,4179.615234000001,4183.077147999999,4182.94873,4186.922852000001,4206.538574,4202.179688,4211.794922,4208.461426,4202.94873,4195.128418,4168.333496,4188.461426,4186.025879
4207.820313,4199.743652,4200.897461,4203.461426,4195.512695,4209.102539,4204.871582,4241.282227000001,4232.307617,4224.615234000001,4215.384765999999,4182.179688,4212.692383,4200.128418
4220.512695,4212.820313,4208.717772999999,4213.846191,4198.974121,4204.615234000001,4190.256348,4233.846191,4237.563965,4222.05127,4220.512695,4191.153809,4220.128418,4208.333496
4220.897461,4217.820313,4206.538574,4216.025879,4200.512695,4198.974121,4187.692383,4218.461426,4227.94873,4211.410156,4215.769043,4191.922852000001,4211.410156,4211.794922
4218.589844,4219.487305,4207.692383,4218.205078,4202.692383,4205.512695,4199.615234000001,4226.666504,4223.461426,4215.256348,4215.512695,4190.256348,4206.282227000001,4213.589844
4220.641113000001,4220.384765999999,4214.871582,4222.179688,4204.871582,4209.743652,4198.077147999999,4231.153809,4225.256348,4222.179688,4218.461426,4190.0,4210.897461,4217.05127
4218.717772999999,4216.025879,4215.512695,4222.307617,4202.94873,4196.282227000001,4192.436035,4214.487305,4218.846191,4212.05127,4212.692383,4187.692383,4206.922852000001,4216.538574
4208.077147999999,4208.717772999999,4205.512695,4213.717772999999,4197.94873,4186.538574,4188.461426,4182.563965,4188.461426,4189.743652,4198.205078,4183.333496,4193.333496,4209.230957
4202.820313,4209.358886999999,4200.769043,4210.0,4198.846191,4192.436035,4182.692383,4153.589844,4160.128418,4175.897461,4191.025879,4182.563965,4192.563965,4205.384765999999
4201.410156,4206.922852000001,4200.641113000001,4207.307617,4203.461426,4190.512695,4183.717772999999,4151.538574,4158.717772999999,4171.025879,4190.769043,4180.256348,4194.487305,4202.307617
4196.025879,4195.769043,4193.589844,4197.563965,4201.282227000001,4180.512695,4192.05127,4172.307617,4162.307617,4168.333496,4187.692383,4173.589844,4184.743652,4194.358886999999
4197.307617,4191.922852000001,4189.230957,4194.743652,4196.153809,4187.436035,4199.358886999999,4184.743652,4161.025879,4173.205078,4188.333496,4174.358886999999,4185.512695,4190.641113000001
4206.282227000001,4199.871582,4194.743652,4201.153809,4199.743652,4205.384765999999,4202.692383,4190.128418,4180.256348,4190.0,4199.615234000001,4184.743652,4204.487305,4196.794922
4208.717772999999,4207.436035,4197.820313,4203.461426,4205.512695,4209.358886999999,4202.563965,4209.871582,4214.615234000001,4211.794922,4210.256348,4192.820313,4216.153809,4203.077147999999
4203.461426,4208.077147999999,4192.94873,4203.205078,4202.179688,4204.615234000001,4194.487305,4226.794922,4226.666504,4221.666504,4209.871582,4193.333496,4204.230957,4201.538574
4202.05127,4210.897461,4192.05127,4208.077147999999,4202.436035,4207.307617,4193.461426,4225.384765999999,4222.563965,4223.461426,4209.615234000001,4191.666504,4192.820313,4198.077147999999
4202.179688,4216.922852000001,4194.358886999999,4211.666504,4211.666504,4210.512695,4200.512695,4218.077147999999,4220.256348,4224.871582,4210.512695,4186.282227000001,4197.05127,4194.230957
4200.128418,4215.512695,4195.256348,4212.94873,4213.846191,4204.487305,4197.94873,4218.717772999999,4216.666504,4218.077147999999,4207.307617,4185.384765999999,4196.153809,4188.333496
4200.769043,4213.077147999999,4202.05127,4217.563965,4215.0,4204.358886999999,4194.358886999999,4212.692383,4215.384765999999,4212.692383,4209.230957,4195.512695,4191.794922,4190.897461
4201.025879,4216.922852000001,4207.436035,4216.410156,4220.128418,4206.025879,4200.128418,4210.0,4222.307617,4217.05127,4212.563965,4201.538574,4195.512695,4198.589844
4201.922852000001,4216.538574,4206.153809,4210.769043,4219.871582,4202.05127,4199.358886999999,4226.153809,4227.307617,4217.692383,4211.410156,4198.846191,4200.512695,4200.897461
4206.025879,4212.307617,4210.128418,4213.846191,4216.538574,4199.230957,4185.256348,4214.743652,4213.717772999999,4210.512695,4211.410156,4200.256348,4201.922852000001,4202.179688
4210.0,4213.589844,4214.871582,4217.307617,4210.512695,4188.589844,4173.461426,4180.897461,4188.974121,4199.102539,4209.487305,4200.256348,4199.743652,4203.589844
4214.102539,4220.384765999999,4213.974121,4217.692383,4206.153809,4177.307617,4168.077147999999,4171.153809,4176.025879,4187.94873,4204.615234000001,4193.205078,4196.410156,4204.230957
4212.436035,4217.05127,4211.153809,4216.794922,4204.358886999999,4177.307617,4170.897461,4163.461426,4167.94873,4182.179688,4201.025879,4187.692383,4191.538574,4203.205078
4202.179688,4203.205078,4207.563965,4212.436035,4204.358886999999,4184.230957,4188.461426,4156.410156,4159.743652,4177.179688,4196.025879,4184.871582,4180.512695,4195.512695
4192.307617,4193.974121,4199.358886999999,4205.897461,4203.077147999999,4199.871582,4205.641113000001,4185.0,4170.384765999999,4174.487305,4193.974121,4182.179688,4171.666504,4185.769043
4186.922852000001,4190.384765999999,4190.641113000001,4198.846191,4198.589844,4213.077147999999,4210.0,4227.820313,4191.922852000001,4184.358886999999,4197.436035,4182.05127,4177.436035,4183.846191
4187.563965,4193.077147999999,4190.641113000001,4198.333496,4202.05127,4211.922852000001,4213.461426,4249.487305,4210.897461,4201.538574,4200.256348,4184.871582,4187.307617,4185.512695
4185.641113000001,4195.769043,4188.589844,4200.897461,4212.05127,4205.384765999999,4209.230957,4234.487305,4221.153809,4206.922852000001,4195.512695,4182.05127,4179.102539,4177.563965
4173.077147999999,4185.769043,4177.436035,4194.358886999999,4209.487305,4203.461426,4186.794922,4193.974121,4214.487305,4197.436035,4183.974121,4169.871582,4162.94873,4164.871582
4167.179688,4183.461426,4174.743652,4189.743652,4203.589844,4204.615234000001,4177.436035,4193.589844,4214.743652,4197.820313,4182.692383,4166.025879,4168.589844,4164.358886999999
4172.05127,4195.512695,4179.871582,4196.922852000001,4208.205078,4203.077147999999,4190.384765999999,4221.282227000001,4224.358886999999,4208.333496,4190.769043,4173.333496,4181.922852000001,4173.077147999999
4180.512695,4206.153809,4187.692383,4206.666504,4215.512695,4197.692383,4190.897461,4211.666504,4222.94873,4215.0,4199.230957,4182.563965,4188.333496,4181.410156
4198.717772999999,4216.025879,4205.512695,4217.05127,4220.128418,4194.230957,4174.358886999999,4183.974121,4212.563965,4219.102539,4209.487305,4191.794922,4202.179688,4192.820313
4214.230957,4224.230957,4219.102539,4225.897461,4219.871582,4191.025879,4165.769043,4186.410156,4208.717772999999,4218.589844,4217.179688,4200.0,4212.436035,4206.025879
4213.717772999999,4224.230957,4218.717772999999,4227.179688,4217.307617,4187.563965,4171.282227000001,4206.025879,4210.897461,4216.538574,4222.05127,4206.922852000001,4214.615234000001,4214.230957
4213.846191,4223.333496,4220.256348,4226.282227000001,4218.717772999999,4188.717772999999,4174.871582,4190.512695,4200.769043,4215.512695,4226.282227000001,4214.102539,4219.615234000001,4217.692383
4220.128418,4227.820313,4224.358886999999,4227.94873,4218.077147999999,4185.897461,4171.410156,4169.743652,4187.820313,4211.153809,4224.487305,4216.153809,4220.256348,4217.179688
4212.94873,4223.846191,4214.743652,4224.102539,4211.282227000001,4178.846191,4174.102539,4189.102539,4187.05127,4199.743652,4213.461426,4206.282227000001,4205.641113000001,4206.282227000001
4198.077147999999,4211.410156,4200.769043,4215.384765999999,4207.820313,4183.461426,4182.307617,4190.0,4182.05127,4190.256348,4201.666504,4194.487305,4193.461426,4191.538574
4192.820313,4206.410156,4197.436035,4212.820313,4210.769043,4193.077147999999,4188.205078,4171.410156,4178.205078,4196.922852000001,4198.333496,4190.0,4195.256348,4184.230957
4184.487305,4201.666504,4189.487305,4204.615234000001,4208.205078,4191.410156,4191.410156,4192.94873,4191.922852000001,4204.871582,4194.487305,4182.563965,4178.846191,4175.512695
4169.102539,4193.461426,4178.461426,4193.205078,4203.589844,4196.410156,4197.05127,4216.025879,4206.025879,4201.538574,4185.384765999999,4173.077147999999,4156.666504,4164.487305
4167.05127,4190.128418,4178.205078,4193.077147999999,4204.230957,4212.563965,4211.538574,4213.461426,4211.794922,4198.077147999999,4181.410156,4170.512695,4166.282227000001,4163.846191
4173.717772999999,4193.333496,4182.820313,4196.538574,4210.384765999999,4212.820313,4214.358886999999,4224.230957,4220.384765999999,4199.743652,4181.666504,4171.794922,4183.461426,4167.94873
4181.410156,4208.333496,4190.256348,4205.128418,4223.205078,4202.692383,4192.820313,4228.077147999999,4227.820313,4209.487305,4188.461426,4177.436035,4191.282227000001,4176.666504
4191.666504,4221.794922,4197.307617,4216.153809,4228.205078,4201.025879,4180.384765999999,4213.461426,4226.153809,4218.333496,4199.743652,4187.692383,4206.538574,4191.410156
4200.641113000001,4220.512695,4200.0,4219.102539,4221.153809,4208.717772999999,4197.692383,4215.128418,4222.820313,4217.307617,4201.922852000001,4194.487305,4220.512695,4202.692383
4213.077147999999,4222.692383,4210.641113000001,4223.589844,4222.436035,4211.922852000001,4201.025879,4219.102539,4224.487305,4219.358886999999,4202.179688,4198.974121,4222.436035,4215.128418
4221.666504,4232.307617,4221.153809,4229.487305,4223.333496,4198.205078,4170.897461,4205.769043,4222.563965,4228.077147999999,4208.205078,4202.692383,4226.666504,4227.436035
4215.641113000001,4228.077147999999,4212.692383,4224.871582,4212.436035,4189.102539,4169.358886999999,4189.102539,4206.794922,4222.94873,4206.153809,4197.692383,4227.820313,4224.615234000001
4204.871582,4211.538574,4199.487305,4214.871582,4206.794922,4201.410156,4205.128418,4177.436035,4188.974121,4205.512695,4189.358886999999,4186.794922,4214.102539,4209.102539
4198.974121,4206.922852000001,4197.820313,4207.563965,4207.307617,4212.563965,4212.692383,4175.897461,4186.282227000001,4199.230957,4177.436035,4182.94873,4199.487305,4201.153809
4195.641113000001,4210.256348,4193.333496,4204.487305,4206.538574,4207.179688,4188.589844,4189.871582,4193.333496,4202.05127,4178.846191,4181.025879,4196.666504,4200.0
4189.487305,4200.384765999999,4176.922852000001,4199.743652,4203.589844,4200.641113000001,4183.333496,4202.563965,4192.692383,4194.358886999999,4173.974121,4172.436035,4196.410156,4188.846191
4189.615234000001,4192.05127,4172.820313,4196.538574,4203.333496,4209.871582,4198.077147999999,4191.666504,4185.512695,4183.974121,4166.666504,4166.025879,4188.461426,4180.512695
4196.794922,4197.179688,4184.487305,4198.974121,4202.692383,4213.461426,4192.05127,4180.641113000001,4187.692383,4187.563965,4170.512695,4166.922852000001,4174.871582,4185.512695
4199.871582,4201.025879,4187.820313,4200.0,4199.358886999999,4197.692383,4174.487305,4211.153809,4208.589844,4198.333496,4180.897461,4172.820313,4173.717772999999,4194.871582
4202.436035,4204.615234000001,4188.846191,4202.05127,4207.94873,4204.871582,4184.871582,4250.128418,4235.769043,4214.487305,4197.05127,4178.974121,4195.897461,4204.871582
4212.05127,4212.307617,4196.666504,4207.820313,4216.922852000001,4229.743652,4201.025879,4241.282227000001,4244.871582,4230.897461,4215.512695,4183.461426,4220.256348,4215.384765999999
4217.307617,4209.358886999999,4198.205078,4205.128418,4206.410156,4222.94873,4204.615234000001,4216.410156,4240.128418,4231.025879,4224.102539,4188.974121,4228.461426,4218.077147999999
4211.282227000001,4200.641113000001,4196.025879,4199.615234000001,4201.538574,4208.846191,4210.897461,4215.384765999999,4238.461426,4226.153809,4223.717772999999,4191.538574,4230.897461,4213.846191
4207.692383,4194.358886999999,4196.922852000001,4201.794922,4211.153809,4216.666504,4208.077147999999,4213.461426,4230.512695,4226.666504,4222.05127,4187.307617,4228.333496,4214.871582
4213.333496,4195.128418,4199.487305,4205.256348,4212.307617,4223.461426,4198.205078,4205.769043,4222.436035,4226.282227000001,4223.205078,4187.05127,4220.512695,4220.128418
4220.384765999999,4204.615234000001,4204.615234000001,4211.410156,4209.743652,4220.128418,4197.307617,4206.282227000001,4228.077147999999,4227.692383,4227.820313,4193.461426,4221.922852000001,4223.589844
4216.538574,4200.641113000001,4203.974121,4213.205078,4209.102539,4213.717772999999,4200.256348,4206.410156,4229.102539,4227.563965,4223.974121,4185.769043,4223.589844,4217.05127
4206.410156,4185.897461,4198.333496,4203.077147999999,4202.692383,4215.769043,4208.589844,4208.205078,4219.615234000001,4220.128418,4214.487305,4173.333496,4216.153809,4208.974121
4204.871582,4186.153809,4197.692383,4196.410156,4202.436035,4228.461426,4218.461426,4210.769043,4215.769043,4211.410156,4213.333496,4176.025879,4206.153809,4209.743652
4211.025879,4195.512695,4200.512695,4204.102539,4211.282227000001,4223.205078,4210.128418,4211.794922,4220.641113000001,4213.846191,4218.974121,4186.282227000001,4203.461426,4214.487305
4216.153809,4196.410156,4205.512695,4211.153809,4208.461426,4201.922852000001,4198.205078,4219.871582,4224.358886999999,4222.179688,4226.794922,4191.153809,4212.179688,4219.102539
4215.641113000001,4187.94873,4207.692383,4202.307617,4198.974121,4207.563965,4207.820313,4223.205078,4220.897461,4224.358886999999,4231.282227000001,4190.128418,4218.846191,4215.128418
4210.384765999999,4182.692383,4204.487305,4194.487305,4201.410156,4230.128418,4221.922852000001,4223.846191,4218.589844,4226.410156,4229.102539,4185.897461,4215.769043,4207.692383
4205.128418,4185.641113000001,4201.538574,4197.94873,4206.410156,4226.922852000001,4217.94873,4230.512695,4223.205078,4228.077147999999,4223.589844,4183.333496,4210.128418,4205.256348
4203.461426,4190.384765999999,4198.589844,4202.307617,4203.205078,4214.487305,4208.333496,4230.384765999999,4226.538574,4224.487305,4219.871582,4185.128418,4212.307617,4205.641113000001
4200.897461,4188.717772999999,4194.487305,4201.666504,4201.794922,4219.871582,4210.897461,4225.641113000001,4223.974121,4221.794922,4218.205078,4184.743652,4216.794922,4206.410156
4197.820313,4186.922852000001,4192.94873,4198.461426,4206.666504,4222.179688,4212.436035,4222.05127,4220.769043,4219.230957,4213.846191,4181.025879,4213.461426,4203.846191
4199.358886999999,4192.820313,4193.205078,4198.589844,4214.487305,4214.871582,4198.846191,4209.743652,4220.897461,4215.128418,4211.282227000001,4180.256348,4212.307617,4198.205078
4203.461426,4197.179688,4191.922852000001,4199.487305,4216.538574,4208.974121,4185.641113000001,4197.436035,4222.436035,4214.358886999999,4211.410156,4182.563965,4214.102539,4194.615234000001
4210.384765999999,4199.358886999999,4199.358886999999,4202.94873,4213.717772999999,4212.820313,4197.05127,4210.641113000001,4227.179688,4219.743652,4215.641113000001,4188.205078,4213.333496,4199.871582
4214.615234000001,4201.153809,4204.871582,4204.102539,4210.384765999999,4213.205078,4211.794922,4230.384765999999,4226.922852000001,4220.256348,4217.94873,4193.717772999999,4210.384765999999,4205.384765999999
4208.077147999999,4192.307617,4193.461426,4197.820313,4200.769043,4195.384765999999,4201.538574,4224.871582,4213.717772999999,4208.589844,4209.487305,4192.307617,4206.282227000001,4201.025879
4204.743652,4188.717772999999,4192.05127,4199.102539,4198.846191,4191.538574,4194.615234000001,4214.102539,4205.384765999999,4204.358886999999,4204.102539,4190.897461,4205.769043,4198.717772999999
4206.410156,4195.256348,4201.538574,4206.666504,4207.307617,4204.358886999999,4207.05127,4205.512695,4200.256348,4205.384765999999,4205.512695,4191.025879,4201.025879,4201.410156
4198.205078,4191.794922,4196.153809,4205.512695,4203.205078,4196.410156,4213.205078,4193.974121,4188.205078,4198.589844,4199.743652,4185.512695,4190.769043,4197.820313
4192.436035,4188.333496,4189.615234000001,4201.410156,4194.615234000001,4191.538574,4214.230957,4206.666504,4194.615234000001,4201.025879,4198.717772999999,4181.922852000001,4192.05127,4194.358886999999
4197.05127,4194.487305,4192.94873,4199.230957,4198.205078,4213.205078,4224.487305,4236.538574,4220.256348,4212.436035,4208.205078,4184.358886999999,4197.692383,4198.333496
4194.871582,4195.641113000001,4188.589844,4193.846191,4207.436035,4229.230957,4230.128418,4232.307617,4225.641113000001,4211.410156,4206.282227000001,4183.589844,4191.153809,4196.282227000001
4190.256348,4194.615234000001,4182.563965,4194.358886999999,4213.717772999999,4226.153809,4216.282227000001,4199.487305,4212.692383,4209.615234000001,4201.538574,4181.282227000001,4189.102539,4189.615234000001
4198.974121,4202.179688,4191.153809,4206.025879,4219.487305,4224.358886999999,4200.384765999999,4205.128418,4223.974121,4223.717772999999,4212.563965,4189.230957,4203.077147999999,4197.820313
4206.666504,4208.205078,4198.205078,4211.794922,4221.538574,4226.922852000001,4199.230957,4232.563965,4242.563965,4234.615234000001,4222.307617,4198.589844,4213.077147999999,4210.0
4206.538574,4206.282227000001,4196.794922,4207.94873,4215.512695,4222.05127,4197.436035,4229.615234000001,4235.897461,4230.512695,4219.615234000001,4196.282227000001,4212.436035,4210.128418
4211.153809,4207.436035,4201.538574,4207.94873,4215.256348,4214.487305,4196.666504,4223.461426,4225.897461,4223.205078,4221.025879,4192.820313,4212.94873,4213.717772999999
4221.410156,4214.102539,4214.102539,4215.128418,4225.512695,4213.077147999999,4205.641113000001,4227.307617,4223.589844,4220.128418,4228.461426,4200.0,4217.307617,4227.820313
4231.025879,4219.871582,4225.641113000001,4223.205078,4226.282227000001,4207.05127,4208.974121,4217.436035,4213.717772999999,4218.077147999999,4233.333496,4210.769043,4220.769043,4235.128418
4233.974121,4224.615234000001,4230.128418,4227.179688,4217.05127,4194.615234000001,4205.0,4205.256348,4201.922852000001,4211.794922,4233.974121,4209.358886999999,4216.666504,4228.846191
4218.333496,4215.897461,4215.897461,4216.666504,4206.282227000001,4194.871582,4212.307617,4198.333496,4190.384765999999,4194.102539,4216.153809,4193.974121,4196.410156,4213.077147999999
4198.846191,4197.05127,4194.487305,4201.922852000001,4203.461426,4208.717772999999,4221.922852000001,4189.102539,4179.487305,4180.384765999999,4193.846191,4180.897461,4179.743652,4197.692383
4193.846191,4190.641113000001,4186.666504,4195.641113000001,4206.794922,4210.769043,4212.94873,4190.384765999999,4186.794922,4188.333496,4193.846191,4181.025879,4183.717772999999,4192.179688
4192.307617,4194.358886999999,4184.358886999999,4192.307617,4204.487305,4206.538574,4200.384765999999,4200.128418,4199.615234000001,4195.769043,4202.436035,4184.102539,4189.615234000001,4194.102539
4194.487305,4198.333496,4187.436035,4197.179688,4207.05127,4218.333496,4208.589844,4210.128418,4210.512695,4201.153809,4210.641113000001,4184.102539,4198.717772999999,4202.05127
4200.128418,4201.410156,4195.256348,4203.461426,4217.94873,4229.743652,4219.230957,4213.974121,4221.153809,4212.307617,4218.077147999999,4183.205078,4210.897461,4206.282227000001
4201.538574,4208.333496,4195.384765999999,4202.05127,4225.0,4229.102539,4211.282227000001,4203.333496,4218.589844,4215.769043,4217.563965,4182.436035,4214.615234000001,4205.769043
4211.025879,4220.384765999999,4203.077147999999,4210.641113000001,4227.563965,4225.897461,4199.487305,4208.717772999999,4223.974121,4222.05127,4225.128418,4194.743652,4222.692383,4219.871582
4230.384765999999,4230.128418,4225.384765999999,4227.94873,4232.05127,4224.743652,4192.94873,4231.282227000001,4241.410156,4238.589844,4246.410156,4215.512695,4240.512695,4239.358886999999
4237.692383,4232.179688,4231.922852000001,4231.282227000001,4237.563965,4228.846191,4190.128418,4227.692383,4238.589844,4238.846191,4248.205078,4217.307617,4242.436035,4237.94873
4223.077147999999,4222.436035,4216.410156,4219.230957,4232.563965,4227.307617,4195.128418,4212.436035,4220.0,4218.333496,4224.102539,4201.410156,4217.820313,4217.820313
4215.384765999999,4214.358886999999,4211.410156,4212.692383,4220.0,4212.94873,4202.94873,4217.94873,4214.871582,4207.94873,4213.717772999999,4198.461426,4201.410156,4211.153809
4227.94873,4222.179688,4225.128418,4221.153809,4219.102539,4206.666504,4205.897461,4223.461426,4215.769043,4214.871582,4226.410156,4211.282227000001,4209.615234000001,4225.512695
4231.410156,4225.641113000001,4228.717772999999,4224.102539,4222.05127,4210.769043,4211.410156,4216.922852000001,4206.282227000001,4212.563965,4228.205078,4214.743652,4213.846191,4228.077147999999
4218.717772999999,4214.102539,4220.641113000001,4214.871582,4213.846191,4203.846191,4223.077147999999,4222.307617,4199.102539,4201.153809,4217.307617,4205.769043,4204.743652,4215.512695
4211.153809,4206.666504,4215.641113000001,4210.897461,4207.820313,4194.871582,4223.205078,4217.436035,4192.563965,4195.256348,4214.615234000001,4195.256348,4198.077147999999,4209.743652
4205.128418,4204.487305,4205.769043,4209.358886999999,4214.102539,4206.153809,4207.563965,4178.205078,4177.436035,4192.436035,4210.128418,4187.563965,4193.333496,4204.102539
4194.358886999999,4200.512695,4192.94873,4202.563965,4217.179688,4222.820313,4206.666504,4161.282227000001,4176.666504,4195.897461,4203.205078,4186.794922,4193.846191,4196.282227000001
4192.05127,4202.05127,4187.94873,4198.846191,4211.410156,4219.102539,4219.615234000001,4195.0,4202.563965,4212.179688,4211.538574,4193.461426,4207.307617,4200.641113000001
4202.05127,4209.615234000001,4192.820313,4205.641113000001,4213.461426,4212.436035,4220.512695,4232.436035,4235.897461,4234.102539,4230.769043,4203.461426,4226.538574,4212.820313
4208.205078,4211.538574,4203.333496,4213.205078,4217.820313,4219.743652,4217.820313,4255.256348,4256.282227000001,4244.358886999999,4240.512695,4210.128418,4234.358886999999,4217.179688
4206.922852000001,4210.897461,4211.025879,4213.205078,4211.922852000001,4220.0,4216.282227000001,4263.461426,4251.538574,4235.256348,4236.282227000001,4210.0,4227.436035,4218.846191
4208.333496,4215.256348,4213.077147999999,4214.102539,4212.563965,4207.820313,4208.205078,4244.871582,4233.974121,4228.461426,4234.102539,4208.461426,4222.307617,4223.077147999999
4213.846191,4213.205078,4214.615234000001,4214.743652,4219.743652,4196.410156,4194.487305,4217.436035,4221.538574,4229.230957,4232.820313,4207.692383,4222.179688,4221.794922
4214.871582,4207.692383,4216.538574,4212.05127,4215.128418,4197.436035,4198.974121,4210.641113000001,4210.256348,4221.538574,4222.307617,4202.692383,4215.512695,4214.615234000001
4204.871582,4204.871582,4212.05127,4207.307617,4205.512695,4205.0,4223.846191,4208.717772999999,4188.461426,4200.128418,4207.563965,4196.025879,4202.94873,4204.487305
4197.820313,4201.538574,4204.230957,4206.153809,4207.05127,4200.512695,4221.794922,4182.307617,4160.384765999999,4180.384765999999,4199.487305,4197.820313,4196.794922,4199.487305
4206.666504,4208.205078,4202.563965,4214.615234000001,4217.563965,4190.512695,4195.512695,4155.256348,4151.538574,4181.153809,4202.94873,4205.256348,4202.820313,4205.769043
4214.230957,4222.05127,4206.794922,4221.153809,4221.794922,4194.743652,4188.846191,4156.153809,4161.666504,4189.743652,4205.512695,4207.179688,4212.692383,4209.102539
4210.512695,4224.615234000001,4209.743652,4219.743652,4217.05127,4204.871582,4199.615234000001,4165.512695,4166.025879,4185.0,4202.94873,4205.512695,4212.94873,4203.717772999999
4213.205078,4226.025879,4211.794922,4223.589844,4221.666504,4204.230957,4202.179688,4175.512695,4173.589844,4185.512695,4205.384765999999,4208.589844,4212.179688,4206.410156
4221.538574,4228.974121,4214.871582,4231.666504,4226.153809,4195.769043,4199.358886999999,4204.871582,4199.230957,4207.94873,4212.179688,4216.666504,4219.615234000001,4216.666504
4216.538574,4220.641113000001,4215.128418,4227.307617,4216.025879,4199.102539,4204.358886999999,4237.692383,4223.333496,4225.897461,4213.589844,4217.05127,4224.230957,4218.077147999999
4205.384765999999,4211.666504,4207.307617,4212.307617,4207.563965,4210.769043,4211.538574,4254.230957,4234.743652,4222.307617,4205.769043,4208.077147999999,4217.692383,4212.179688
4198.077147999999,4210.512695,4191.410156,4203.589844,4204.615234000001,4208.846191,4213.077147999999,4257.05127,4233.717772999999,4214.358886999999,4188.205078,4197.94873,4204.230957,4202.563965
4194.871582,4210.641113000001,4180.897461,4205.0,4205.0,4205.897461,4210.512695,4238.461426,4218.333496,4207.436035,4173.461426,4187.563965,4186.666504,4193.846191
4200.384765999999,4213.333496,4187.05127,4209.487305,4211.538574,4215.0,4205.897461,4211.025879,4205.769043,4197.563965,4175.897461,4181.282227000001,4175.256348,4197.692383
4213.333496,4223.589844,4201.153809,4213.461426,4212.692383,4218.205078,4200.256348,4195.256348,4204.102539,4196.922852000001,4186.794922,4187.563965,4185.897461,4210.769043
4216.153809,4225.0,4202.307617,4211.538574,4197.563965,4206.538574,4200.641113000001,4191.282227000001,4195.897461,4201.153809,4190.256348,4197.436035,4199.615234000001,4216.153809
4214.871582,4220.0,4200.897461,4208.077147999999,4190.128418,4197.436035,4203.461426,4199.102539,4189.487305,4200.512695,4193.461426,4199.487305,4201.666504,4216.922852000001
4229.487305,4231.922852000001,4213.846191,4220.256348,4207.820313,4205.641113000001,4199.102539,4193.205078,4190.769043,4206.538574,4206.922852000001,4201.538574,4210.641113000001,4227.94873
4237.820313,4239.102539,4216.794922,4228.717772999999,4215.897461,4208.974121,4190.128418,4162.563965,4178.333496,4205.897461,4207.94873,4201.025879,4212.692383,4231.410156
4225.128418,4222.436035,4202.563965,4216.794922,4200.384765999999,4193.974121,4191.282227000001,4155.384765999999,4165.128418,4191.538574,4193.974121,4191.666504,4194.871582,4215.641113000001
4216.410156,4208.717772999999,4198.589844,4210.0,4192.179688,4187.692383,4195.384765999999,4176.282227000001,4169.358886999999,4185.0,4191.794922,4186.282227000001,4183.974121,4207.436035
4218.461426,4214.487305,4202.692383,4212.820313,4198.846191,4195.128418,4189.487305,4174.615234000001,4171.666504,4188.333496,4198.205078,4189.230957,4189.615234000001,4211.666504
4222.05127,4220.769043,4206.666504,4213.846191,4199.615234000001,4196.153809,4193.717772999999,4173.205078,4175.128418,4194.487305,4205.128418,4194.487305,4199.230957,4216.282227000001
4222.692383,4218.333496,4211.538574,4214.871582,4193.333496,4195.128418,4209.487305,4199.102539,4183.846191,4201.025879,4210.384765999999,4198.333496,4198.974121,4221.025879
4218.974121,4216.538574,4208.846191,4213.333496,4195.769043,4197.94873,4208.846191,4200.512695,4180.0,4198.974121,4205.897461,4197.94873,4189.230957,4220.897461
4213.589844,4213.589844,4201.922852000001,4207.692383,4202.94873,4198.205078,4195.384765999999,4175.256348,4173.461426,4190.512695,4198.333496,4195.256348,4190.384765999999,4215.384765999999
4213.205078,4208.461426,4203.846191,4203.461426,4204.358886999999,4203.205078,4201.666504,4185.769043,4177.692383,4185.897461,4198.589844,4194.615234000001,4201.666504,4214.358886999999
4224.615234000001,4218.846191,4212.179688,4210.256348,4210.512695,4213.717772999999,4220.0,4216.794922,4187.436035,4193.205078,4206.410156,4201.153809,4211.282227000001,4222.94873
4236.410156,4234.743652,4214.743652,4220.897461,4216.282227000001,4206.922852000001,4204.871582,4211.666504,4196.666504,4208.333496,4214.871582,4206.282227000001,4215.384765999999,4228.717772999999
4233.589844,4232.563965,4211.153809,4220.128418,4211.922852000001,4194.615234000001,4182.179688,4197.307617,4202.179688,4217.436035,4218.846191,4205.641113000001,4210.512695,4226.538574
4228.205078,4228.333496,4209.871582,4217.05127,4214.102539,4202.692383,4190.769043,4205.384765999999,4204.358886999999,4219.871582,4219.487305,4205.0,4208.333496,4226.025879
4231.282227000001,4231.538574,4210.384765999999,4218.461426,4219.102539,4208.461426,4197.94873,4200.769043,4202.05127,4218.333496,4219.102539,4204.102539,4211.922852000001,4224.487305
4229.230957,4226.922852000001,4207.692383,4215.384765999999,4210.897461,4201.922852000001,4187.436035,4185.897461,4200.0,4213.333496,4215.512695,4199.230957,4206.922852000001,4217.307617
4217.05127,4214.615234000001,4199.230957,4207.692383,4201.922852000001,4206.410156,4187.05127,4186.282227000001,4202.436035,4210.897461,4211.282227000001,4192.94873,4199.871582,4209.743652
4213.333496,4208.333496,4192.692383,4204.871582,4204.102539,4217.179688,4200.256348,4193.205078,4206.794922,4209.230957,4208.974121,4188.461426,4201.025879,4206.025879
4217.692383,4208.333496,4195.512695,4203.846191,4210.897461,4211.666504,4209.230957,4207.179688,4208.205078,4204.487305,4206.410156,4187.436035,4198.205078,4204.871582
4217.436035,4206.922852000001,4198.461426,4202.307617,4210.0,4201.282227000001,4211.410156,4213.589844,4201.538574,4199.743652,4203.461426,4191.410156,4191.153809,4207.307617
4216.025879,4207.05127,4197.820313,4206.794922,4204.487305,4205.641113000001,4209.102539,4208.974121,4195.0,4196.538574,4203.717772999999,4193.717772999999,4192.563965,4208.589844
4218.846191,4204.743652,4201.410156,4206.025879,4199.743652,4205.256348,4207.692383,4217.692383,4192.692383,4192.436035,4206.538574,4188.589844,4192.179688,4205.769043
4226.922852000001,4205.641113000001,4208.717772999999,4204.615234000001,4198.974121,4192.05127,4206.666504,4213.589844,4186.025879,4191.922852000001,4209.230957,4191.922852000001,4191.025879,4212.436035
4238.846191,4221.025879,4217.05127,4219.615234000001,4208.717772999999,4189.743652,4199.230957,4186.538574,4183.333496,4203.974121,4219.230957,4206.538574,4206.025879,4227.179688
4247.05127,4235.0,4222.820313,4232.307617,4218.205078,4194.358886999999,4187.563965,4176.025879,4186.666504,4216.538574,4231.410156,4212.179688,4221.025879,4233.589844
4244.230957,4231.666504,4225.641113000001,4227.179688,4220.512695,4194.358886999999,4175.0,4185.384765999999,4191.153809,4218.333496,4232.563965,4207.436035,4220.128418,4232.94873
4229.615234000001,4219.487305,4223.077147999999,4218.589844,4216.153809,4196.666504,4176.538574,4199.358886999999,4202.94873,4217.436035,4221.410156,4199.743652,4211.282227000001,4224.871582
4208.717772999999,4204.743652,4208.205078,4209.358886999999,4205.384765999999,4194.487305,4192.179688,4228.461426,4214.743652,4212.692383,4204.230957,4183.717772999999,4194.358886999999,4206.025879
4197.05127,4194.743652,4192.563965,4201.922852000001,4202.820313,4197.307617,4203.846191,4251.922852000001,4219.743652,4209.615234000001,4191.538574,4171.794922,4177.563965,4190.128418
4195.128418,4198.974121,4188.974121,4204.615234000001,4207.436035,4205.641113000001,4203.461426,4236.025879,4222.94873,4210.641113000001,4185.769043,4173.077147999999,4170.769043,4186.794922
4192.94873,4204.102539,4188.974121,4206.666504,4204.102539,4205.256348,4196.538574,4213.205078,4222.436035,4206.282227000001,4184.230957,4173.717772999999,4168.205078,4182.307617
4190.641113000001,4200.256348,4185.384765999999,4206.025879,4201.410156,4209.743652,4200.256348,4219.487305,4214.487305,4195.769043,4182.179688,4170.0,4165.641113000001,4174.615234000001
4192.307617,4199.358886999999,4186.666504,4206.794922,4209.615234000001,4218.846191,4214.487305,4220.897461,4201.922852000001,4185.897461,4177.179688,4172.436035,4163.077147999999,4176.538574
4201.794922,4211.025879,4196.410156,4210.384765999999,4215.512695,4217.94873,4216.666504,4199.230957,4194.102539,4185.0,4179.615234000001,4179.358886999999,4165.641113000001,4187.94873
4213.461426,4221.538574,4203.205078,4216.153809,4212.05127,4211.666504,4205.769043,4186.410156,4185.384765999999,4185.128418,4186.922852000001,4184.487305,4175.512695,4195.128418
4218.077147999999,4222.179688,4206.538574,4220.641113000001,4210.0,4208.974121,4200.256348,4179.871582,4170.769043,4182.179688,4191.282227000001,4188.717772999999,4188.205078,4195.641113000001
4225.256348,4230.769043,4218.846191,4227.692383,4218.461426,4205.897461,4195.897461,4160.384765999999,4162.563965,4189.487305,4200.897461,4200.769043,4201.538574,4204.615234000001
4236.153809,4241.922852000001,4228.974121,4235.0,4226.410156,4202.307617,4190.769043,4154.102539,4165.512695,4198.974121,4212.94873,4213.846191,4207.692383,4219.102539
4243.077147999999,4243.333496,4230.897461,4240.256348,4226.153809,4198.077147999999,4201.666504,4188.077147999999,4180.256348,4205.641113000001,4222.692383,4214.487305,4211.794922,4225.641113000001
4250.897461,4248.333496,4236.410156,4244.615234000001,4224.358886999999,4191.282227000001,4207.436035,4230.256348,4210.128418,4224.230957,4236.282227000001,4214.871582,4224.871582,4234.487305
4252.820313,4251.922852000001,4236.282227000001,4244.358886999999,4222.179688,4185.897461,4195.384765999999,4241.538574,4239.871582,4246.153809,4243.846191,4217.692383,4230.128418,4241.025879
4240.0,4245.641113000001,4224.743652,4240.0,4222.692383,4188.846191,4193.717772999999,4240.256348,4256.794922,4251.410156,4240.128418,4212.179688,4217.179688,4231.538574
4221.410156,4232.05127,4212.307617,4228.846191,4221.153809,4196.153809,4200.256348,4249.230957,4257.820313,4239.230957,4229.615234000001,4198.589844,4197.94873,4211.666504
4203.846191,4211.282227000001,4199.615234000001,4210.897461,4210.512695,4201.666504,4204.358886999999,4252.05127,4242.436035,4219.487305,4209.358886999999,4182.05127,4180.256348,4193.077147999999
4190.256348,4195.641113000001,4185.0,4198.205078,4203.717772999999,4209.230957,4214.230957,4222.436035,4214.743652,4200.384765999999,4187.436035,4168.461426,4165.0,4178.461426
4183.589844,4193.333496,4174.230957,4193.333496,4208.461426,4215.897461,4217.692383,4189.871582,4193.589844,4182.820313,4174.871582,4162.820313,4153.333496,4163.974121
4186.282227000001,4195.641113000001,4175.641113000001,4193.077147999999,4216.153809,4219.615234000001,4212.179688,4195.512695,4189.487305,4171.922852000001,4170.769043,4162.307617,4149.871582,4161.922852000001
4190.256348,4194.743652,4183.846191,4196.538574,4215.512695,4220.0,4211.666504,4195.128418,4181.666504,4165.0,4168.205078,4159.487305,4150.384765999999,4171.025879
4194.743652,4201.922852000001,4190.641113000001,4202.179688,4211.922852000001,4218.205078,4217.563965,4171.666504,4170.641113000001,4162.820313,4172.94873,4165.897461,4156.794922,4181.538574
4203.589844,4220.0,4199.358886999999,4210.384765999999,4219.743652,4221.538574,4222.563965,4172.307617,4174.743652,4176.794922,4190.256348,4183.461426,4176.922852000001,4192.436035
4212.05127,4232.820313,4207.179688,4220.0,4233.077147999999,4227.436035,4218.717772999999,4181.410156,4178.589844,4190.512695,4205.128418,4191.538574,4198.205078,4198.077147999999
4222.94873,4238.333496,4214.871582,4228.077147999999,4233.717772999999,4222.307617,4213.461426,4183.461426,4182.563965,4198.717772999999,4212.692383,4194.871582,4210.512695,4205.384765999999
4233.333496,4239.871582,4223.589844,4231.282227000001,4228.333496,4208.205078,4213.205078,4209.871582,4200.897461,4215.897461,4223.077147999999,4201.794922,4221.153809,4217.179688
4234.871582,4242.179688,4229.871582,4233.589844,4231.410156,4204.871582,4214.743652,4241.794922,4213.461426,4227.692383,4233.333496,4203.974121,4229.487305,4225.512695
4230.897461,4245.128418,4234.230957,4239.743652,4235.256348,4208.717772999999,4213.461426,4236.922852000001,4208.846191,4222.179688,4233.974121,4204.358886999999,4230.0,4226.538574
4230.641113000001,4240.769043,4232.436035,4237.820313,4228.077147999999,4200.128418,4207.179688,4217.94873,4206.666504,4218.974121,4229.102539,4208.589844,4225.512695,4224.358886999999
4233.717772999999,4237.05127,4226.282227000001,4230.641113000001,4221.922852000001,4191.282227000001,4207.436035,4221.538574,4216.538574,4226.922852000001,4233.717772999999,4208.589844,4229.487305,4224.230957
4229.615234000001,4235.512695,4221.153809,4229.615234000001,4223.333496,4192.563965,4212.179688,4225.384765999999,4219.871582,4228.717772999999,4239.230957,4202.179688,4234.102539,4223.333496
4221.410156,4228.205078,4217.179688,4227.820313,4222.436035,4194.615234000001,4211.153809,4212.94873,4214.743652,4223.077147999999,4227.94873,4201.794922,4224.358886999999,4222.692383
4221.794922,4224.487305,4218.846191,4224.743652,4221.922852000001,4201.794922,4219.230957,4219.743652,4222.179688,4224.102539,4218.717772999999,4204.487305,4216.410156,4222.563965
4224.871582,4226.410156,4221.794922,4225.641113000001,4223.077147999999,4209.743652,4235.897461,4247.820313,4232.436035,4223.461426,4222.436035,4201.410156,4215.0,4217.692383
4221.794922,4227.94873,4220.256348,4229.743652,4223.717772999999,4210.384765999999,4235.256348,4245.384765999999,4227.436035,4218.717772999999,4224.102539,4197.692383,4212.436035,4211.025879
4214.358886999999,4225.897461,4216.153809,4229.743652,4224.102539,4214.230957,4218.974121,4216.282227000001,4217.692383,4219.487305,4218.461426,4192.307617,4212.05127,4207.05127
4199.743652,4214.487305,4205.256348,4220.641113000001,4218.589844,4220.384765999999,4217.692383,4206.538574,4210.641113000001,4217.563965,4209.871582,4185.384765999999,4205.897461,4201.282227000001
4185.256348,4205.384765999999,4189.487305,4208.077147999999,4216.025879,4222.179688,4226.794922,4213.461426,4205.769043,4209.230957,4203.205078,4181.282227000001,4193.461426,4194.871582
4184.230957,4207.692383,4184.358886999999,4201.153809,4222.179688,4219.102539,4215.769043,4209.743652,4203.717772999999,4206.922852000001,4200.769043,4181.153809,4196.153809,4192.94873
4193.589844,4216.922852000001,4194.743652,4208.205078,4228.461426,4214.615234000001,4201.538574,4200.128418,4204.743652,4217.563965,4207.692383,4186.666504,4211.538574,4196.922852000001
4205.0,4232.179688,4207.692383,4222.94873,4233.461426,4217.692383,4207.94873,4200.641113000001,4208.589844,4228.333496,4217.94873,4195.641113000001,4215.128418,4207.05127
4215.384765999999,4242.820313,4216.538574,4230.769043,4236.922852000001,4221.025879,4206.538574,4207.307617,4209.615234000001,4225.0,4218.846191,4201.282227000001,4211.410156,4215.512695
4224.102539,4244.230957,4224.102539,4234.358886999999,4240.256348,4211.282227000001,4191.025879,4210.128418,4205.769043,4220.256348,4214.487305,4202.436035,4218.846191,4219.871582
4224.358886999999,4242.820313,4228.974121,4236.538574,4237.307617,4204.230957,4196.794922,4213.974121,4207.436035,4221.025879,4212.179688,4204.871582,4230.384765999999,4225.641113000001
4220.512695,4238.333496,4228.205078,4233.717772999999,4229.102539,4205.769043,4218.974121,4232.307617,4217.820313,4218.846191,4209.871582,4206.410156,4227.563965,4226.282227000001
4218.717772999999,4229.487305,4224.230957,4227.436035,4221.282227000001,4202.05127,4227.692383,4252.820313,4225.769043,4220.641113000001,4207.436035,4203.846191,4213.589844,4218.589844
4210.769043,4215.384765999999,4215.256348,4215.769043,4207.05127,4195.641113000001,4227.179688,4246.025879,4218.077147999999,4219.871582,4197.692383,4194.743652,4196.410156,4210.0
4201.410156,4206.794922,4205.512695,4206.410156,4198.077147999999,4205.256348,4229.230957,4227.05127,4207.820313,4208.974121,4185.641113000001,4183.717772999999,4184.230957,4207.692383
4198.974121,4209.615234000001,4201.538574,4204.230957,4204.358886999999,4221.922852000001,4226.922852000001,4223.461426,4210.897461,4205.641113000001,4186.410156,4182.307617,4181.794922,4206.282227000001
4192.820313,4207.692383,4193.589844,4197.05127,4206.538574,4218.846191,4215.384765999999,4223.461426,4213.589844,4211.538574,4188.717772999999,4179.358886999999,4182.563965,4198.589844
4187.563965,4201.410156,4184.487305,4192.692383,4200.0,4207.05127,4211.538574,4212.692383,4206.794922,4213.077147999999,4185.897461,4172.179688,4186.410156,4194.615234000001
4195.897461,4208.205078,4187.05127,4199.230957,4202.692383,4211.282227000001,4212.820313,4198.205078,4201.666504,4211.794922,4188.333496,4172.820313,4190.897461,4197.05127
4203.589844,4216.282227000001,4194.358886999999,4204.743652,4210.0,4222.820313,4206.153809,4191.666504,4204.102539,4210.128418,4192.563965,4172.94873,4192.692383,4199.615234000001
4205.512695,4212.563965,4196.794922,4206.025879,4211.538574,4220.769043,4202.05127,4197.436035,4207.307617,4208.077147999999,4197.307617,4170.384765999999,4195.512695,4204.487305
4212.94873,4218.974121,4202.179688,4214.487305,4217.179688,4213.589844,4205.897461,4212.692383,4210.769043,4214.743652,4210.384765999999,4179.487305,4204.615234000001,4213.205078
4219.230957,4230.897461,4208.717772999999,4222.179688,4224.102539,4217.94873,4203.717772999999,4219.871582,4212.307617,4223.589844,4219.615234000001,4190.769043,4212.692383,4218.077147999999
4218.205078,4224.871582,4207.307617,4218.205078,4216.922852000001,4214.102539,4198.589844,4210.256348,4206.410156,4218.077147999999,4212.820313,4185.256348,4205.256348,4214.102539
4220.897461,4214.871582,4207.05127,4214.230957,4203.717772999999,4204.487305,4207.692383,4214.487305,4204.487305,4209.230957,4204.615234000001,4177.05127,4191.025879,4206.538574
4218.205078,4206.666504,4206.025879,4208.333496,4198.333496,4205.512695,4222.94873,4233.974121,4206.282227000001,4205.0,4199.615234000001,4175.384765999999,4177.94873,4198.717772999999
4207.307617,4195.769043,4199.615234000001,4197.820313,4193.846191,4199.102539,4219.230957,4225.256348,4204.871582,4199.358886999999,4194.743652,4175.128418,4167.05127,4193.717772999999
4207.820313,4199.743652,4205.641113000001,4202.307617,4194.230957,4191.922852000001,4211.282227000001,4215.897461,4216.282227000001,4206.410156,4202.692383,4181.538574,4173.717772999999,4194.358886999999
4211.410156,4207.05127,4211.025879,4211.794922,4200.897461,4204.358886999999,4218.077147999999,4243.717772999999,4230.769043,4217.307617,4212.820313,4185.128418,4184.871582,4194.871582
4201.025879,4198.077147999999,4196.282227000001,4202.94873,4202.436035,4214.615234000001,4220.128418,4251.794922,4221.794922,4206.794922,4203.974121,4177.307617,4178.589844,4188.461426
4185.128418,4191.025879,4181.794922,4190.769043,4201.922852000001,4204.487305,4205.641113000001,4212.563965,4205.641113000001,4192.179688,4191.025879,4166.282227000001,4170.512695,4176.282227000001
4182.436035,4193.974121,4181.025879,4190.0,4202.436035,4199.102539,4193.846191,4184.230957,4201.153809,4191.153809,4190.256348,4162.05127,4172.692383,4171.025879
4198.717772999999,4201.410156,4191.538574,4199.358886999999,4206.794922,4215.384765999999,4205.512695,4196.025879,4206.153809,4201.794922,4203.333496,4172.692383,4184.487305,4188.974121
4217.563965,4214.230957,4205.512695,4213.717772999999,4214.102539,4224.615234000001,4217.179688,4206.922852000001,4210.512695,4213.846191,4220.384765999999,4188.717772999999,4202.563965,4211.794922
4223.205078,4226.538574,4213.205078,4220.512695,4220.769043,4215.897461,4205.512695,4193.846191,4202.94873,4216.922852000001,4230.256348,4196.410156,4214.358886999999,4218.717772999999
4221.538574,4224.743652,4214.230957,4218.333496,4221.666504,4210.897461,4199.615234000001,4194.230957,4201.922852000001,4217.307617,4237.436035,4201.282227000001,4217.94873,4220.641113000001
4225.769043,4219.102539,4216.025879,4218.461426,4216.922852000001,4213.846191,4211.794922,4218.974121,4219.743652,4226.794922,4246.025879,4211.282227000001,4224.230957,4229.871582
4234.743652,4226.153809,4223.717772999999,4224.615234000001,4217.94873,4213.589844,4220.256348,4231.410156,4232.436035,4235.769043,4251.538574,4217.436035,4229.102539,4239.102539
4232.94873,4232.05127,4228.589844,4228.205078,4218.974121,4204.871582,4215.256348,4223.846191,4225.256348,4226.666504,4242.94873,4209.615234000001,4218.589844,4230.769043
4222.179688,4227.563965,4222.563965,4221.025879,4212.436035,4201.794922,4216.922852000001,4225.128418,4218.589844,4214.230957,4226.153809,4196.794922,4201.538574,4209.743652
4215.384765999999,4222.692383,4211.410156,4210.897461,4205.769043,4208.077147999999,4231.666504,4241.282227000001,4226.410156,4212.436035,4215.897461,4187.307617,4188.589844,4197.820313
4210.256348,4216.666504,4200.256348,4208.846191,4202.94873,4204.871582,4229.871582,4250.897461,4232.820313,4209.615234000001,4206.666504,4179.102539,4178.077147999999,4192.05127
4206.025879,4210.256348,4192.179688,4211.025879,4204.743652,4201.538574,4211.666504,4227.436035,4220.512695,4203.717772999999,4198.077147999999,4171.666504,4174.871582,4179.358886999999
4202.307617,4209.358886999999,4187.563965,4205.128418,4204.615234000001,4207.692383,4204.871582,4200.256348,4205.256348,4201.025879,4193.333496,4165.641113000001,4171.538574,4168.974121
4197.436035,4204.743652,4184.743652,4197.179688,4201.538574,4205.0,4209.230957,4206.153809,4204.102539,4196.410156,4189.871582,4166.282227000001,4162.94873,4172.307617
4203.717772999999,4205.512695,4189.358886999999,4203.077147999999,4209.358886999999,4201.538574,4206.922852000001,4202.179688,4206.410156,4192.94873,4193.974121,4176.410156,4172.179688,4184.615234000001
4215.0,4214.230957,4198.077147999999,4210.384765999999,4214.871582,4205.897461,4201.282227000001,4168.333496,4199.102539,4196.922852000001,4202.563965,4182.820313,4191.666504,4195.128418
4213.077147999999,4215.769043,4202.307617,4210.128418,4212.563965,4211.153809,4205.256348,4160.897461,4195.128418,4201.794922,4208.333496,4185.641113000001,4199.102539,4202.820313
4212.563965,4222.692383,4208.333496,4216.153809,4224.487305,4219.615234000001,4209.230957,4181.025879,4202.563965,4211.922852000001,4222.436035,4196.410156,4209.487305,4214.102539
4221.282227000001,4230.512695,4213.205078,4221.538574,4230.128418,4222.05127,4209.615234000001,4198.461426,4213.461426,4223.333496,4234.615234000001,4201.922852000001,4220.769043,4218.974121
4225.256348,4226.538574,4214.487305,4221.410156,4218.333496,4214.871582,4215.384765999999,4230.512695,4228.461426,4228.846191,4232.436035,4195.769043,4221.282227000001,4218.717772999999
4223.461426,4225.256348,4216.666504,4218.461426,4216.410156,4216.025879,4216.666504,4246.410156,4235.769043,4230.769043,4230.512695,4197.436035,4218.461426,4223.589844
4218.846191,4226.282227000001,4214.487305,4213.974121,4220.384765999999,4217.692383,4208.461426,4236.410156,4233.589844,4231.922852000001,4232.94873,4199.871582,4216.410156,4224.102539
4210.512695,4214.871582,4207.94873,4208.461426,4212.436035,4209.487305,4221.666504,4246.153809,4232.820313,4224.615234000001,4225.512695,4190.769043,4206.410156,4212.692383
4202.307617,4201.282227000001,4201.025879,4199.358886999999,4200.384765999999,4206.153809,4241.538574,4246.666504,4219.358886999999,4202.179688,4207.820313,4183.077147999999,4188.077147999999,4197.307617
4200.897461,4201.025879,4193.461426,4195.897461,4195.384765999999,4208.974121,4224.871582,4220.512695,4203.205078,4189.871582,4200.256348,4183.077147999999,4179.230957,4190.897461
4203.333496,4202.563965,4189.358886999999,4200.897461,4194.871582,4202.05127,4205.256348,4211.025879,4200.384765999999,4193.717772999999,4204.230957,4183.461426,4181.922852000001,4193.717772999999
4203.205078,4199.615234000001,4189.230957,4199.743652,4198.589844,4195.897461,4206.922852000001,4205.897461,4188.333496,4182.820313,4201.153809,4181.538574,4174.615234000001,4191.922852000001
4207.05127,4204.615234000001,4191.666504,4199.230957,4208.205078,4199.871582,4198.974121,4177.179688,4170.512695,4169.230957,4199.102539,4186.538574,4167.307617,4190.0
4212.436035,4211.282227000001,4197.05127,4205.0,4205.769043,4190.512695,4186.025879,4166.282227000001,4175.897461,4181.153809,4208.205078,4196.666504,4180.769043,4198.077147999999
4206.794922,4204.871582,4197.563965,4201.282227000001,4188.974121,4175.641113000001,4188.077147999999,4182.563965,4185.128418,4192.820313,4207.692383,4191.538574,4186.538574,4200.384765999999
4193.461426,4192.94873,4188.461426,4188.333496,4185.512695,4185.897461,4194.102539,4185.128418,4176.153809,4182.307617,4190.769043,4173.846191,4171.794922,4184.743652
4189.230957,4189.358886999999,4184.358886999999,4185.384765999999,4194.487305,4200.384765999999,4206.538574,4184.871582,4176.282227000001,4173.717772999999,4183.846191,4171.666504,4165.769043,4175.641113000001
4198.333496,4197.692383,4193.077147999999,4195.897461,4195.641113000001,4197.05127,4219.615234000001,4203.717772999999,4198.205078,4184.871582,4196.282227000001,4182.692383,4179.358886999999,4183.077147999999
4199.230957,4201.666504,4196.538574,4199.358886999999,4192.94873,4196.282227000001,4212.05127,4222.692383,4209.358886999999,4196.282227000001,4201.794922,4181.794922,4182.436035,4183.974121
4192.563965,4198.333496,4192.692383,4195.256348,4201.153809,4213.077147999999,4210.897461,4229.615234000001,4208.717772999999,4196.538574,4195.897461,4179.487305,4172.692383,4179.487305
4197.436035,4203.717772999999,4195.641113000001,4201.794922,4215.128418,4225.897461,4225.641113000001,4235.769043,4219.102539,4202.94873,4202.307617,4191.025879,4179.358886999999,4186.410156
4207.307617,4212.820313,4204.358886999999,4210.384765999999,4219.230957,4218.717772999999,4220.128418,4234.487305,4227.94873,4214.102539,4218.589844,4199.487305,4195.256348,4195.128418
4212.05127,4218.333496,4212.563965,4216.410156,4218.589844,4211.794922,4205.384765999999,4226.666504,4228.717772999999,4222.692383,4228.589844,4202.179688,4204.358886999999,4200.128418
4215.512695,4221.153809,4214.358886999999,4221.282227000001,4218.461426,4211.410156,4210.512695,4232.820313,4234.487305,4228.461426,4231.922852000001,4207.05127,4206.282227000001,4206.666504
4213.461426,4215.0,4208.717772999999,4215.0,4212.179688,4205.0,4220.641113000001,4246.538574,4233.333496,4226.153809,4230.897461,4204.358886999999,4202.94873,4206.794922
4197.94873,4199.487305,4199.871582,4200.897461,4200.512695,4204.102539,4219.230957,4235.0,4212.179688,4209.230957,4221.410156,4190.384765999999,4190.0,4193.846191
4184.871582,4191.282227000001,4194.487305,4194.871582,4194.230957,4207.436035,4211.538574,4198.077147999999,4194.102539,4192.692383,4208.717772999999,4178.205078,4176.666504,4179.743652
4185.897461,4195.769043,4195.128418,4195.897461,4196.153809,4204.743652,4213.974121,4185.128418,4195.641113000001,4190.512695,4202.05127,4174.487305,4176.794922,4175.384765999999
4183.717772999999,4192.94873,4186.922852000001,4191.410156,4200.641113000001,4208.846191,4216.922852000001,4196.153809,4192.94873,4185.0,4192.179688,4170.0,4173.461426,4171.794922
4175.512695,4185.384765999999,4172.05127,4186.666504,4202.692383,4215.512695,4208.846191,4186.282227000001,4176.282227000001,4176.538574,4181.794922,4163.846191,4165.384765999999,4161.922852000001
4177.94873,4188.846191,4172.94873,4188.077147999999,4204.871582,4212.179688,4206.538574,4174.871582,4176.153809,4185.256348,4187.563965,4167.94873,4170.897461,4160.769043
4186.794922,4193.077147999999,4178.974121,4188.077147999999,4205.0,4208.077147999999,4205.384765999999,4194.102539,4192.05127,4191.794922,4193.717772999999,4175.897461,4174.871582,4167.179688
4190.128418,4193.333496,4179.871582,4189.358886999999,4202.692383,4206.922852000001,4201.666504,4218.717772999999,4202.820313,4191.410156,4195.256348,4180.512695,4173.846191,4170.897461
4197.436035,4202.94873,4193.333496,4202.820313,4208.589844,4208.077147999999,4202.436035,4225.128418,4214.487305,4205.897461,4209.743652,4192.692383,4189.615234000001,4182.307617
4209.615234000001,4218.846191,4211.410156,4218.846191,4218.717772999999,4214.102539,4201.025879,4220.384765999999,4222.820313,4223.974121,4224.871582,4209.871582,4208.205078,4199.487305
4217.563965,4227.307617,4217.436035,4223.589844,4220.384765999999,4213.974121,4199.871582,4215.0,4222.307617,4231.282227000001,4229.230957,4216.538574,4212.179688,4207.820313
4215.128418,4220.897461,4215.641113000001,4217.436035,4212.820313,4204.871582,4203.077147999999,4208.717772999999,4215.512695,4229.743652,4227.94873,4214.743652,4210.256348,4206.410156
4203.205078,4203.205078,4208.846191,4205.128418,4207.179688,4202.307617,4209.358886999999,4205.641113000001,4206.538574,4221.922852000001,4220.0,4209.871582,4204.871582,4201.025879
4195.769043,4195.0,4203.846191,4200.256348,4208.205078,4203.333496,4214.487305,4207.307617,4205.769043,4217.436035,4211.410156,4199.487305,4200.384765999999,4195.256348
4193.717772999999,4195.0,4199.358886999999,4200.512695,4204.487305,4195.897461,4209.230957,4198.205078,4206.410156,4211.666504,4205.897461,4190.128418,4197.692383,4190.384765999999
4186.794922,4187.436035,4188.461426,4190.641113000001,4197.94873,4193.589844,4201.922852000001,4191.025879,4199.615234000001,4198.461426,4192.05127,4184.871582,4187.05127,4182.436035
4172.179688,4177.563965,4175.897461,4177.820313,4194.871582,4202.05127,4209.102539,4199.230957,4190.641113000001,4185.512695,4171.153809,4176.794922,4170.641113000001,4167.179688
4165.769043,4177.307617,4173.205078,4180.897461,4197.179688,4207.05127,4216.538574,4202.820313,4190.769043,4180.128418,4161.282227000001,4171.922852000001,4165.0,4158.333496
4172.692383,4183.717772999999,4175.512695,4189.230957,4199.230957,4205.769043,4207.692383,4200.897461,4197.179688,4181.922852000001,4163.077147999999,4173.333496,4170.0,4167.307617
4183.589844,4192.307617,4177.94873,4190.897461,4200.0,4206.410156,4199.230957,4202.820313,4199.871582,4191.410156,4169.871582,4180.384765999999,4179.871582,4183.205078
4201.153809,4209.871582,4188.717772999999,4200.641113000001,4207.307617,4215.256348,4202.307617,4210.384765999999,4203.974121,4202.820313,4183.205078,4194.358886999999,4196.538574,4198.077147999999
4212.436035,4217.94873,4193.333496,4208.461426,4211.666504,4213.846191,4200.641113000001,4203.333496,4196.538574,4197.94873,4188.717772999999,4196.025879,4201.666504,4207.692383
4213.717772999999,4211.025879,4191.282227000001,4206.410156,4208.333496,4205.256348,4198.205078,4183.974121,4178.205078,4189.230957,4183.846191,4185.769043,4195.769043,4212.05127
4218.974121,4212.179688,4199.871582,4210.641113000001,4207.179688,4208.205078,4207.307617,4189.230957,4185.769043,4199.615234000001,4192.179688,4190.256348,4203.333496,4218.846191
4221.153809,4211.538574,4204.871582,4211.794922,4198.333496,4200.512695,4206.153809,4208.461426,4209.230957,4208.589844,4205.641113000001,4202.692383,4211.922852000001,4224.487305
4216.922852000001,4204.615234000001,4201.794922,4204.743652,4188.205078,4190.0,4202.05127,4207.436035,4216.538574,4211.410156,4210.384765999999,4201.025879,4211.282227000001,4225.256348
4212.179688,4202.692383,4200.769043,4201.153809,4189.230957,4203.974121,4220.0,4205.0,4222.563965,4225.128418,4215.128418,4194.102539,4213.846191,4219.487305
4201.025879,4198.333496,4192.05127,4195.641113000001,4182.820313,4215.0,4227.692383,4217.436035,4235.256348,4231.794922,4212.94873,4187.05127,4210.128418,4204.615234000001
4190.128418,4188.333496,4177.436035,4187.563965,4173.846191,4204.487305,4207.820313,4216.922852000001,4233.589844,4221.025879,4201.538574,4178.717772999999,4198.717772999999,4190.769043
4194.487305,4181.538574,4174.743652,4186.666504,4174.615234000001,4199.487305,4207.179688,4207.692383,4224.487305,4213.077147999999,4198.461426,4179.230957,4195.384765999999,4190.512695
4196.025879,4178.846191,4178.077147999999,4188.974121,4176.794922,4211.025879,4227.94873,4203.846191,4213.589844,4203.846191,4199.358886999999,4180.256348,4192.179688,4193.205078
4185.256348,4175.128418,4174.615234000001,4188.077147999999,4179.358886999999,4214.487305,4220.384765999999,4197.307617,4194.358886999999,4186.025879,4189.615234000001,4171.794922,4179.743652,4185.641113000001
4185.897461,4177.307617,4171.794922,4185.128418,4183.205078,4204.615234000001,4200.641113000001,4185.256348,4178.589844,4177.563965,4182.179688,4167.436035,4175.512695,4180.0
4202.307617,4187.692383,4180.256348,4188.717772999999,4189.871582,4207.307617,4201.666504,4171.538574,4176.153809,4184.102539,4193.205078,4173.717772999999,4190.641113000001,4191.794922
4213.461426,4195.641113000001,4196.282227000001,4199.743652,4196.410156,4216.153809,4202.692383,4166.025879,4175.641113000001,4189.615234000001,4207.307617,4180.897461,4206.922852000001,4209.615234000001
4214.871582,4204.230957,4207.436035,4208.717772999999,4197.05127,4207.820313,4202.436035,4176.025879,4177.692383,4194.871582,4212.563965,4186.666504,4211.410156,4216.794922
4215.769043,4209.358886999999,4205.256348,4209.487305,4195.0,4196.666504,4209.615234000001,4180.897461,4183.333496,4201.666504,4214.871582,4187.179688,4211.282227000001,4215.384765999999
4209.743652,4200.512695,4196.922852000001,4202.307617,4192.436035,4196.922852000001,4205.641113000001,4172.05127,4179.102539,4195.256348,4211.794922,4179.743652,4207.94873,4209.230957
4203.717772999999,4198.205078,4199.487305,4201.025879,4189.743652,4197.307617,4198.461426,4185.384765999999,4183.333496,4192.307617,4209.487305,4180.256348,4207.05127,4207.563965
4210.128418,4206.538574,4206.153809,4206.153809,4188.846191,4190.641113000001,4198.974121,4204.487305,4198.846191,4202.692383,4212.436035,4185.128418,4209.743652,4213.077147999999
4212.94873,4202.05127,4199.487305,4205.128418,4193.717772999999,4191.282227000001,4200.0,4204.871582,4204.358886999999,4200.128418,4205.897461,4178.846191,4203.974121,4206.025879
4204.102539,4195.128418,4189.615234000001,4200.512695,4197.820313,4206.922852000001,4208.974121,4213.846191,4209.743652,4190.897461,4194.230957,4171.025879,4190.897461,4192.05127
4199.358886999999,4197.436035,4185.897461,4196.025879,4195.512695,4217.179688,4213.717772999999,4216.666504,4218.205078,4196.922852000001,4195.256348,4173.461426,4188.461426,4191.794922
4199.743652,4193.205078,4186.410156,4193.077147999999,4191.538574,4212.307617,4208.717772999999,4198.205078,4215.641113000001,4205.897461,4202.307617,4174.743652,4197.563965,4196.025879
4191.538574,4184.615234000001,4183.333496,4187.563965,4187.563965,4208.589844,4217.563965,4195.384765999999,4212.563965,4205.641113000001,4201.922852000001,4168.974121,4197.05127,4191.282227000001
4188.205078,4186.538574,4180.512695,4185.128418,4186.538574,4218.846191,4236.025879,4221.025879,4222.307617,4210.0,4203.333496,4173.077147999999,4197.820313,4193.846191
4201.538574,4192.436035,4189.487305,4192.692383,4194.102539,4227.94873,4234.487305,4227.820313,4221.282227000001,4219.487305,4213.974121,4189.358886999999,4214.615234000001,4209.102539
4210.897461,4194.871582,4200.0,4201.025879,4200.897461,4218.846191,4210.384765999999,4200.641113000001,4203.077147999999,4215.641113000001,4222.05127,4200.384765999999,4222.179688,4219.615234000001
4207.94873,4194.102539,4199.871582,4199.615234000001,4195.897461,4202.692383,4204.871582,4191.794922,4195.897461,4205.512695,4221.666504,4200.384765999999,4214.102539,4221.538574
4211.025879,4196.538574,4203.077147999999,4202.563965,4192.05127,4196.666504,4216.666504,4206.538574,4197.94873,4208.077147999999,4224.230957,4200.512695,4219.102539,4225.897461
4227.307617,4205.897461,4216.538574,4219.358886999999,4200.128418,4198.077147999999,4202.692383,4198.205078,4191.538574,4213.205078,4231.922852000001,4210.897461,4234.487305,4234.743652
4235.897461,4216.282227000001,4226.282227000001,4229.487305,4206.794922,4196.410156,4184.358886999999,4180.384765999999,4186.922852000001,4208.077147999999,4234.743652,4221.025879,4236.025879,4238.717772999999
4220.641113000001,4213.846191,4221.153809,4217.94873,4202.820313,4191.025879,4199.230957,4188.717772999999,4188.461426,4198.077147999999,4223.974121,4213.846191,4224.230957,4229.871582
4205.384765999999,4206.922852000001,4212.436035,4206.153809,4198.717772999999,4188.846191,4210.256348,4196.410156,4191.410156,4200.0,4215.769043,4203.205078,4221.153809,4224.743652
4214.487305,4214.743652,4214.743652,4214.871582,4201.025879,4197.179688,4196.538574,4192.692383,4204.871582,4219.358886999999,4227.436035,4208.974121,4236.025879,4235.128418
4217.692383,4217.436035,4210.256348,4213.333496,4197.179688,4205.256348,4201.282227000001,4208.974121,4222.307617,4230.769043,4232.05127,4213.974121,4236.410156,4233.077147999999
4194.615234000001,4197.820313,4188.333496,4190.128418,4188.974121,4208.974121,4227.692383,4236.410156,4230.769043,4221.794922,4215.641113000001,4200.897461,4209.615234000001,4208.717772999999
4181.153809,4180.512695,4176.666504,4181.410156,4188.717772999999,4217.820313,4236.922852000001,4237.563965,4229.102539,4213.589844,4203.717772999999,4187.05127,4192.05127,4196.666504
4190.256348,4184.230957,4184.487305,4191.538574,4198.077147999999,4227.563965,4232.94873,4220.641113000001,4223.846191,4217.820313,4209.743652,4188.717772999999,4199.743652,4205.384765999999
4196.794922,4192.94873,4190.384765999999,4194.871582,4203.974121,4221.410156,4228.461426,4222.563965,4221.025879,4218.205078,4216.410156,4193.846191,4209.230957,4211.794922
4197.563965,4191.025879,4188.461426,4190.128418,4196.282227000001,4209.230957,4216.538574,4228.589844,4215.897461,4206.922852000001,4209.487305,4190.769043,4204.487305,4207.820313
4202.307617,4191.282227000001,4194.358886999999,4195.384765999999,4191.538574,4217.820313,4211.538574,4207.820313,4204.871582,4201.538574,4203.974121,4190.641113000001,4201.922852000001,4207.94873
4207.05127,4197.05127,4203.589844,4205.769043,4199.743652,4223.589844,4215.256348,4187.94873,4196.794922,4207.307617,4211.410156,4198.077147999999,4207.307617,4216.794922
4217.307617,4207.563965,4211.922852000001,4216.538574,4205.897461,4207.94873,4202.820313,4189.102539,4199.358886999999,4212.05127,4222.94873,4206.410156,4214.487305,4230.384765999999
4232.563965,4221.666504,4223.205078,4228.974121,4206.922852000001,4199.871582,4185.384765999999,4185.897461,4203.461426,4213.333496,4231.153809,4208.589844,4224.230957,4241.794922
4231.025879,4224.743652,4225.641113000001,4226.922852000001,4209.615234000001,4203.333496,4188.846191,4180.897461,4198.717772999999,4212.563965,4231.794922,4206.666504,4227.436035,4239.615234000001
4221.282227000001,4222.436035,4220.769043,4218.846191,4215.769043,4205.897461,4206.666504,4198.974121,4198.461426,4211.025879,4229.230957,4207.05127,4226.153809,4231.794922
4221.025879,4224.487305,4220.512695,4221.538574,4216.153809,4206.794922,4212.563965,4213.589844,4208.461426,4212.307617,4231.410156,4211.794922,4228.589844,4230.897461
4220.641113000001,4220.128418,4219.102539,4223.461426,4209.230957,4199.743652,4210.512695,4222.05127,4223.589844,4220.128418,4237.307617,4213.077147999999,4230.512695,4234.230957
4214.358886999999,4212.94873,4212.307617,4217.179688,4207.05127,4197.307617,4225.512695,4249.487305,4240.128418,4233.205078,4241.794922,4205.641113000001,4231.153809,4234.102539
4201.922852000001,4204.358886999999,4202.436035,4206.794922,4206.538574,4216.153809,4240.769043,4262.179688,4243.974121,4235.128418,4237.820313,4198.717772999999,4231.153809,4223.333496
4194.102539,4195.512695,4197.436035,4201.794922,4206.666504,4230.384765999999,4235.769043,4247.436035,4240.256348,4232.94873,4233.461426,4199.487305,4231.410156,4216.666504
4194.871582,4195.641113000001,4199.743652,4201.025879,4207.436035,4221.282227000001,4233.974121,4243.333496,4245.641113000001,4237.692383,4236.538574,4201.794922,4228.974121,4220.0
4188.461426,4189.358886999999,4191.922852000001,4192.563965,4203.461426,4211.025879,4238.077147999999,4244.102539,4241.410156,4224.871582,4228.974121,4192.307617,4214.487305,4210.769043
4181.410156,4179.102539,4178.717772999999,4186.153809,4205.512695,4222.307617,4225.256348,4224.487305,4222.436035,4203.077147999999,4213.846191,4181.666504,4201.282227000001,4193.974121
4187.307617,4184.358886999999,4182.820313,4190.641113000001,4212.94873,4233.846191,4206.025879,4207.563965,4216.666504,4204.871582,4212.692383,4184.743652,4205.769043,4196.282227000001
4195.128418,4193.717772999999,4193.974121,4194.230957,4211.794922,4216.410156,4197.05127,4206.410156,4220.512695,4218.461426,4219.615234000001,4191.282227000001,4215.512695,4210.384765999999
4198.077147999999,4194.102539,4194.487305,4195.128418,4206.794922,4197.179688,4186.922852000001,4192.563965,4216.282227000001,4221.410156,4221.153809,4193.974121,4218.461426,4213.589844
4200.641113000001,4192.692383,4195.0,4200.769043,4206.666504,4205.512695,4183.205078,4187.05127,4212.436035,4212.436035,4216.538574,4193.333496,4214.615234000001,4205.641113000001
4197.94873,4193.333496,4200.0,4203.846191,4208.846191,4220.256348,4198.205078,4206.666504,4210.256348,4204.615234000001,4213.333496,4188.717772999999,4208.846191,4201.666504
4193.333496,4193.333496,4195.384765999999,4198.077147999999,4206.410156,4211.794922,4200.641113000001,4197.563965,4198.333496,4202.820313,4211.794922,4183.846191,4206.410156,4202.436035
4199.743652,4200.256348,4193.333496,4198.717772999999,4202.692383,4200.256348,4190.769043,4173.717772999999,4194.358886999999,4205.256348,4212.94873,4186.538574,4208.846191,4203.974121
4210.897461,4208.461426,4203.846191,4206.794922,4201.410156,4204.487305,4203.205078,4201.282227000001,4212.692383,4212.05127,4219.102539,4195.384765999999,4212.820313,4207.94873
4209.871582,4204.230957,4205.128418,4204.487305,4197.820313,4203.974121,4218.846191,4231.282227000001,4218.205078,4213.717772999999,4220.384765999999,4202.179688,4209.615234000001,4209.102539
4203.974121,4194.743652,4198.717772999999,4198.846191,4192.820313,4192.307617,4211.282227000001,4216.153809,4205.641113000001,4207.820313,4216.666504,4202.307617,4208.589844,4205.384765999999
4202.692383,4192.563965,4198.846191,4199.615234000001,4186.922852000001,4182.436035,4202.179688,4208.974121,4200.897461,4201.282227000001,4213.461426,4199.487305,4209.230957,4202.820313
4202.307617,4193.589844,4199.487305,4196.153809,4181.153809,4182.94873,4207.179688,4214.743652,4197.05127,4198.846191,4209.102539,4200.256348,4199.230957,4202.692383
4202.692383,4192.179688,4197.692383,4190.128418,4189.102539,4193.589844,4210.128418,4199.743652,4190.641113000001,4197.563965,4207.179688,4201.410156,4191.922852000001,4203.077147999999
4205.0,4192.94873,4197.179688,4191.666504,4199.615234000001,4195.769043,4200.384765999999,4178.077147999999,4185.897461,4191.410156,4208.717772999999,4197.05127,4198.589844,4202.436035
4209.743652,4201.666504,4198.846191,4199.102539,4198.717772999999,4188.974121,4189.487305,4173.974121,4187.820313,4196.153809,4213.589844,4195.641113000001,4210.256348,4202.820313
4209.871582,4207.820313,4200.256348,4202.563965,4199.743652,4193.077147999999,4190.128418,4188.717772999999,4197.05127,4207.94873,4215.897461,4197.692383,4213.461426,4201.794922
4200.641113000001,4199.615234000001,4192.820313,4197.94873,4206.538574,4199.743652,4190.769043,4192.563965,4196.538574,4198.974121,4208.717772999999,4191.794922,4205.0,4192.179688
4198.205078,4197.05127,4185.897461,4196.538574,4208.205078,4195.512695,4182.307617,4178.589844,4192.94873,4193.077147999999,4207.179688,4188.846191,4202.692383,4185.641113000001
4201.666504,4201.666504,4188.205078,4196.794922,4203.205078,4199.615234000001,4192.820313,4181.025879,4201.153809,4203.589844,4209.487305,4193.846191,4203.974121,4189.743652
4197.05127,4195.897461,4186.666504,4194.102539,4203.333496,4215.256348,4216.538574,4204.230957,4209.358886999999,4199.615234000001,4198.461426,4191.922852000001,4195.641113000001,4190.512695
4195.897461,4193.333496,4182.307617,4196.538574,4210.0,4212.563965,4210.256348,4208.333496,4206.410156,4188.589844,4188.717772999999,4184.743652,4190.0,4190.512695
4201.538574,4199.871582,4182.692383,4198.717772999999,4207.94873,4198.461426,4191.410156,4188.846191,4198.589844,4188.974121,4189.102539,4182.307617,4188.333496,4194.871582
4197.820313,4200.769043,4182.436035,4195.769043,4204.487305,4203.077147999999,4198.974121,4181.282227000001,4189.615234000001,4185.384765999999,4184.230957,4181.025879,4181.538574,4193.589844
4192.820313,4195.769043,4182.94873,4194.230957,4203.333496,4202.436035,4213.461426,4196.794922,4188.333496,4182.563965,4180.641113000001,4181.538574,4181.410156,4195.769043
4198.205078,4196.922852000001,4187.692383,4194.615234000001,4196.538574,4188.205078,4207.94873,4216.538574,4197.94873,4193.589844,4190.0,4186.538574,4192.94873,4207.05127
4204.615234000001,4203.461426,4192.820313,4197.563965,4194.743652,4192.94873,4200.897461,4211.410156,4197.436035,4201.282227000001,4197.692383,4188.205078,4199.871582,4211.666504
4211.794922,4212.05127,4198.589844,4205.512695,4196.538574,4202.307617,4201.282227000001,4186.153809,4192.820313,4201.922852000001,4202.436035,4188.717772999999,4204.615234000001,4216.922852000001
4221.666504,4220.128418,4206.153809,4211.153809,4192.94873,4194.358886999999,4203.333496,4182.94873,4201.538574,4208.717772999999,4210.641113000001,4192.179688,4213.589844,4229.871582
4218.333496,4212.179688,4202.820313,4203.846191,4187.94873,4191.410156,4209.230957,4195.128418,4199.615234000001,4209.230957,4207.436035,4188.205078,4206.538574,4226.025879
4208.077147999999,4197.692383,4195.128418,4196.282227000001,4188.461426,4208.461426,4214.743652,4187.563965,4188.333496,4199.871582,4199.743652,4183.846191,4192.05127,4212.820313
4208.974121,4204.487305,4197.05127,4202.692383,4199.487305,4227.94873,4211.794922,4180.0,4197.94873,4204.487305,4207.436035,4188.589844,4200.0,4217.94873
4209.743652,4213.717772999999,4193.077147999999,4204.230957,4206.410156,4224.743652,4195.128418,4195.512695,4211.410156,4214.230957,4211.410156,4188.077147999999,4212.307617,4221.153809
4206.025879,4204.230957,4184.871582,4195.256348,4198.333496,4209.230957,4197.563965,4219.102539,4213.461426,4209.615234000001,4204.871582,4183.333496,4206.666504,4211.153809
4202.94873,4193.077147999999,4186.025879,4190.384765999999,4190.769043,4208.717772999999,4211.666504,4217.307617,4211.282227000001,4197.563965,4202.307617,4184.615234000001,4197.179688,4208.461426
4201.538574,4196.282227000001,4190.641113000001,4194.615234000001,4194.871582,4211.410156,4201.025879,4188.589844,4200.512695,4188.589844,4202.05127,4185.641113000001,4193.974121,4214.230957
4208.461426,4203.846191,4200.128418,4204.102539,4191.282227000001,4196.282227000001,4203.589844,4192.179688,4199.230957,4194.487305,4207.94873,4188.077147999999,4198.589844,4221.282227000001
4209.871582,4194.487305,4204.358886999999,4200.384765999999,4170.512695,4179.358886999999,4220.384765999999,4219.487305,4208.589844,4203.461426,4212.307617,4191.922852000001,4199.615234000001,4221.025879
4199.743652,4188.461426,4196.153809,4189.487305,4164.871582,4186.922852000001,4216.153809,4209.102539,4202.563965,4199.487305,4205.641113000001,4188.717772999999,4192.820313,4211.666504
4199.871582,4203.974121,4194.615234000001,4196.922852000001,4180.0,4198.461426,4209.230957,4191.025879,4192.563965,4195.128418,4204.743652,4184.871582,4193.205078,4209.230957
4211.153809,4215.128418,4201.282227000001,4209.871582,4187.05127,4190.641113000001,4206.922852000001,4189.230957,4191.538574,4193.974121,4210.128418,4187.05127,4200.512695,4215.0
4217.692383,4217.692383,4206.153809,4213.333496,4190.641113000001,4190.0,4200.256348,4187.307617,4197.820313,4197.692383,4212.179688,4190.256348,4205.128418,4217.563965
4225.384765999999,4228.589844,4212.05127,4219.230957,4201.666504,4203.974121,4191.410156,4196.025879,4206.025879,4208.589844,4219.102539,4196.666504,4214.487305,4223.333496
4234.230957,4237.563965,4213.974121,4223.974121,4211.153809,4209.487305,4177.436035,4188.846191,4195.769043,4211.153809,4226.922852000001,4202.307617,4231.538574,4233.974121
4226.794922,4230.0,4205.897461,4217.820313,4215.769043,4209.615234000001,4168.846191,4154.358886999999,4176.153809,4198.717772999999,4220.384765999999,4197.820313,4231.410156,4231.025879
4209.615234000001,4215.769043,4199.230957,4207.692383,4208.974121,4205.256348,4187.05127,4153.461426,4177.563965,4188.077147999999,4208.077147999999,4190.769043,4208.846191,4217.563965
4200.769043,4205.384765999999,4197.820313,4201.282227000001,4189.487305,4193.333496,4211.153809,4183.205078,4188.333496,4185.0,4203.461426,4186.538574,4195.641113000001,4210.897461
4199.102539,4200.512695,4195.128418,4198.461426,4178.717772999999,4187.692383,4215.512695,4207.179688,4194.615234000001,4184.743652,4204.487305,4183.717772999999,4198.974121,4209.871582
4198.077147999999,4197.179688,4194.358886999999,4195.897461,4183.461426,4188.589844,4216.538574,4232.307617,4201.666504,4186.666504,4204.615234000001,4185.512695,4199.487305,4208.974121
4194.358886999999,4193.077147999999,4193.589844,4193.333496,4184.487305,4183.717772999999,4218.589844,4233.974121,4202.94873,4185.128418,4201.153809,4185.641113000001,4190.897461,4206.282227000001
4190.256348,4191.025879,4190.384765999999,4192.05127,4178.461426,4174.358886999999,4211.410156,4204.615234000001,4192.820313,4181.410156,4197.05127,4179.743652,4183.846191,4199.743652
4196.922852000001,4192.563965,4195.384765999999,4195.897461,4179.230957,4175.384765999999,4209.487305,4200.384765999999,4191.410156,4187.05127,4201.410156,4183.205078,4190.128418,4201.025879
4210.256348,4197.563965,4205.384765999999,4203.205078,4189.871582,4186.410156,4207.563965,4211.025879,4199.102539,4195.128418,4207.436035,4195.0,4202.307617,4211.922852000001
4212.436035,4203.974121,4205.384765999999,4205.769043,4197.436035,4188.717772999999,4193.077147999999,4196.538574,4196.282227000001,4198.717772999999,4206.025879,4193.461426,4207.307617,4212.563965
4210.512695,4210.769043,4202.692383,4207.436035,4199.358886999999,4189.743652,4184.743652,4185.641113000001,4192.179688,4202.94873,4205.641113000001,4187.820313,4214.615234000001,4208.333496
4213.974121,4214.230957,4203.205078,4211.282227000001,4203.077147999999,4199.743652,4192.179688,4184.358886999999,4190.128418,4197.307617,4201.025879,4191.666504,4217.179688,4211.025879
4214.102539,4217.179688,4201.666504,4214.358886999999,4207.307617,4200.384765999999,4190.256348,4176.794922,4184.871582,4188.461426,4191.794922,4197.307617,4209.102539,4216.153809
4215.897461,4223.974121,4205.256348,4217.692383,4204.230957,4187.692383,4177.307617,4178.717772999999,4187.94873,4196.794922,4197.307617,4202.436035,4215.128418,4224.615234000001
4225.128418,4227.436035,4215.256348,4219.230957,4194.102539,4188.205078,4185.128418,4191.794922,4198.717772999999,4206.410156,4206.666504,4208.589844,4228.717772999999,4228.461426
4229.230957,4226.282227000001,4219.871582,4221.282227000001,4193.717772999999,4200.641113000001,4204.487305,4200.128418,4201.410156,4205.384765999999,4202.05127,4208.461426,4226.282227000001,4220.128418
4221.153809,4220.897461,4214.615234000001,4218.846191,4199.487305,4194.230957,4199.615234000001,4198.846191,4194.487305,4201.410156,4191.025879,4199.487305,4215.641113000001,4210.769043
4209.743652,4211.794922,4206.282227000001,4206.794922,4192.436035,4184.615234000001,4197.692383,4203.333496,4198.461426,4193.974121,4182.307617,4190.384765999999,4206.282227000001,4205.769043
4203.077147999999,4206.025879,4200.769043,4198.205078,4184.230957,4193.461426,4219.230957,4217.179688,4209.615234000001,4192.307617,4175.128418,4184.230957,4195.641113000001,4199.230957
4199.871582,4205.512695,4197.05127,4202.692383,4190.641113000001,4197.563965,4216.410156,4221.666504,4214.230957,4204.743652,4176.025879,4180.897461,4191.666504,4198.461426
4194.358886999999,4204.230957,4193.846191,4205.0,4197.563965,4191.410156,4195.128418,4216.153809,4218.717772999999,4211.153809,4181.025879,4178.974121,4195.897461,4201.922852000001
4190.512695,4201.282227000001,4190.769043,4197.94873,4193.205078,4194.743652,4203.974121,4223.461426,4221.922852000001,4203.077147999999,4180.128418,4176.794922,4200.512695,4199.743652
4195.384765999999,4205.128418,4193.077147999999,4200.128418,4197.563965,4206.922852000001,4211.922852000001,4227.94873,4218.717772999999,4203.461426,4181.410156,4178.846191,4207.563965,4205.641113000001
4202.820313,4214.871582,4196.666504,4211.025879,4213.717772999999,4212.94873,4195.256348,4199.743652,4204.358886999999,4208.205078,4187.307617,4184.871582,4211.922852000001,4213.717772999999
4210.0,4222.436035,4197.179688,4218.077147999999,4218.205078,4205.897461,4185.0,4167.179688,4190.0,4202.94873,4188.846191,4190.0,4212.436035,4214.358886999999
4223.589844,4228.846191,4206.282227000001,4225.384765999999,4216.410156,4194.487305,4185.0,4170.897461,4196.025879,4206.153809,4194.230957,4199.871582,4221.282227000001,4222.563965
4226.282227000001,4229.230957,4215.512695,4225.0,4214.615234000001,4196.153809,4186.410156,4191.282227000001,4207.05127,4212.307617,4199.871582,4207.94873,4225.384765999999,4230.512695
4214.871582,4220.897461,4210.769043,4219.871582,4208.333496,4199.743652,4189.102539,4193.333496,4202.05127,4204.230957,4191.282227000001,4201.153809,4213.333496,4223.589844
4211.794922,4216.282227000001,4207.307617,4223.333496,4205.256348,4190.384765999999,4195.897461,4182.820313,4192.563965,4198.461426,4183.461426,4195.256348,4203.461426,4216.410156
4207.05127,4210.0,4205.0,4219.102539,4202.820313,4184.358886999999,4205.0,4172.820313,4182.307617,4191.922852000001,4178.974121,4194.102539,4195.128418,4207.179688
4200.641113000001,4204.487305,4198.077147999999,4209.230957,4203.461426,4191.410156,4202.436035,4174.743652,4178.846191,4185.384765999999,4174.487305,4189.358886999999,4191.922852000001,4198.717772999999
4206.153809,4211.666504,4197.436035,4213.205078,4206.922852000001,4196.282227000001,4195.641113000001,4184.871582,4193.077147999999,4196.538574,4180.512695,4185.897461,4205.128418,4208.974121
4203.974121,4211.794922,4198.717772999999,4212.94873,4201.794922,4198.461426,4211.666504,4192.436035,4203.846191,4201.153809,4182.692383,4185.128418,4203.846191,4211.025879
4195.256348,4201.282227000001,4199.615234000001,4207.179688,4199.743652,4207.820313,4229.358886999999,4213.333496,4213.333496,4195.128418,4176.538574,4183.461426,4188.974121,4198.717772999999
4197.436035,4201.025879,4200.897461,4208.333496,4206.922852000001,4211.282227000001,4215.512695,4238.717772999999,4229.230957,4207.820313,4183.077147999999,4183.461426,4199.871582,4203.205078
4198.333496,4204.871582,4193.846191,4203.717772999999,4208.077147999999,4210.0,4200.384765999999,4234.230957,4232.307617,4224.102539,4198.077147999999,4188.077147999999,4222.94873,4215.0
4188.589844,4194.743652,4185.641113000001,4192.94873,4203.077147999999,4213.589844,4209.615234000001,4211.922852000001,4226.025879,4221.922852000001,4199.871582,4190.769043,4226.666504,4210.384765999999
4181.410156,4180.0,4183.846191,4185.256348,4196.922852000001,4204.230957,4216.282227000001,4205.0,4219.102539,4211.794922,4192.692383,4187.692383,4222.05127,4201.922852000001
4184.743652,4176.794922,4184.743652,4182.436035,4192.94873,4193.589844,4211.282227000001,4206.410156,4210.897461,4208.974121,4193.846191,4187.05127,4224.358886999999,4204.743652
4191.282227000001,4178.589844,4186.153809,4187.307617,4197.692383,4195.769043,4203.461426,4204.230957,4214.743652,4214.487305,4200.769043,4191.666504,4224.615234000001,4207.563965
4195.641113000001,4181.538574,4194.871582,4197.307617,4201.538574,4194.230957,4200.769043,4209.358886999999,4226.666504,4220.641113000001,4202.563965,4195.256348,4222.563965,4208.974121
4198.205078,4183.333496,4200.512695,4199.871582,4198.205078,4187.05127,4205.128418,4213.461426,4217.563965,4211.794922,4194.743652,4192.179688,4218.461426,4208.205078
4198.589844,4179.743652,4194.871582,4195.0,4195.384765999999,4182.94873,4204.487305,4209.743652,4198.974121,4194.743652,4185.641113000001,4187.94873,4212.179688,4204.487305
4197.820313,4179.487305,4193.717772999999,4195.897461,4195.641113000001,4182.05127,4199.743652,4212.436035,4202.436035,4194.871582,4185.256348,4185.512695,4212.05127,4205.128418
4195.512695,4181.410156,4195.512695,4195.769043,4195.769043,4187.05127,4198.846191,4206.538574,4205.769043,4197.94873,4182.820313,4184.487305,4204.743652,4203.974121
4192.179688,4178.077147999999,4188.589844,4190.128418,4196.282227000001,4193.589844,4199.230957,4187.179688,4191.282227000001,4187.563965,4175.256348,4187.307617,4195.128418,4197.692383
4188.333496,4174.615234000001,4181.410156,4184.871582,4196.666504,4195.769043,4202.692383,4187.307617,4185.641113000001,4184.871582,4176.025879,4188.461426,4204.743652,4196.922852000001
4185.641113000001,4174.743652,4179.871582,4183.077147999999,4195.384765999999,4198.077147999999,4205.0,4199.230957,4195.256348,4193.461426,4179.487305,4184.615234000001,4214.487305,4198.077147999999
4188.846191,4177.820313,4183.077147999999,4186.153809,4201.538574,4202.436035,4210.512695,4206.666504,4204.743652,4200.512695,4180.0,4186.410156,4212.179688,4196.410156
4193.717772999999,4179.358886999999,4187.436035,4192.179688,4204.102539,4200.256348,4221.666504,4217.05127,4211.922852000001,4208.461426,4185.641113000001,4194.743652,4218.205078,4201.794922
4195.256348,4180.128418,4191.538574,4196.410156,4197.563965,4198.077147999999,4228.077147999999,4224.871582,4224.871582,4222.179688,4198.846191,4202.307617,4238.589844,4212.692383
4193.589844,4181.666504,4195.512695,4197.820313,4201.922852000001,4210.128418,4230.0,4229.615234000001,4238.461426,4235.256348,4207.563965,4204.102539,4251.282227000001,4214.358886999999
4189.358886999999,4174.358886999999,4194.358886999999,4193.461426,4210.512695,4215.897461,4225.128418,4229.102539,4237.563965,4233.461426,4199.615234000001,4197.820313,4241.794922,4204.358886999999
4193.077147999999,4168.333496,4194.487305,4192.692383,4212.563965,4206.282227000001,4217.94873,4223.461426,4232.307617,4227.179688,4195.256348,4196.282227000001,4235.0,4203.205078
4204.743652,4178.717772999999,4206.538574,4201.282227000001,4214.230957,4202.05127,4218.461426,4233.974121,4239.230957,4232.820313,4208.333496,4206.153809,4245.641113000001,4218.333496
4210.769043,4188.205078,4213.205078,4206.922852000001,4216.282227000001,4205.641113000001,4217.692383,4247.94873,4246.922852000001,4239.743652,4217.692383,4212.692383,4250.897461,4225.641113000001
4211.410156,4192.436035,4209.615234000001,4210.897461,4222.05127,4207.94873,4202.820313,4231.282227000001,4242.692383,4241.922852000001,4216.025879,4211.794922,4251.153809,4224.743652
4209.871582,4193.974121,4207.94873,4211.794922,4223.846191,4205.256348,4189.743652,4202.179688,4226.666504,4236.922852000001,4210.641113000001,4208.589844,4256.410156,4226.538574
4202.563965,4186.666504,4205.897461,4205.0,4215.384765999999,4205.512695,4205.897461,4207.94873,4214.358886999999,4224.615234000001,4205.384765999999,4204.230957,4256.282227000001,4225.128418
4194.615234000001,4179.615234000001,4199.102539,4201.666504,4208.461426,4210.897461,4225.769043,4226.410156,4218.333496,4222.563965,4206.153809,4205.0,4252.692383,4220.897461
4190.0,4176.410156,4190.0,4198.846191,4203.205078,4209.743652,4217.563965,4216.794922,4220.128418,4228.461426,4204.230957,4205.512695,4252.179688,4215.0
4181.410156,4167.307617,4179.102539,4189.871582,4198.077147999999,4208.077147999999,4218.333496,4204.615234000001,4212.436035,4222.307617,4192.05127,4194.615234000001,4241.153809,4203.589844
4167.05127,4151.282227000001,4168.846191,4178.846191,4202.179688,4214.230957,4238.333496,4212.179688,4208.717772999999,4209.230957,4177.692383,4181.666504,4216.666504,4191.282227000001
4163.077147999999,4144.871582,4169.230957,4177.307617,4211.666504,4216.666504,4233.333496,4219.871582,4212.692383,4205.128418,4171.794922,4181.025879,4204.871582,4188.333496
4172.820313,4157.436035,4179.615234000001,4188.333496,4214.230957,4213.205078,4227.307617,4221.282227000001,4223.205078,4210.641113000001,4174.615234000001,4183.077147999999,4215.512695,4193.974121
4180.769043,4170.897461,4184.487305,4194.743652,4213.333496,4214.743652,4241.794922,4221.282227000001,4231.025879,4216.538574,4176.538574,4183.205078,4226.282227000001,4197.94873
4185.641113000001,4174.487305,4186.410156,4194.358886999999,4217.05127,4217.307617,4234.743652,4223.974121,4235.384765999999,4223.589844,4178.846191,4190.256348,4235.384765999999,4202.692383
4193.717772999999,4179.743652,4195.128418,4201.025879,4223.589844,4213.205078,4212.692383,4234.230957,4239.358886999999,4231.922852000001,4187.05127,4200.0,4248.589844,4215.128418
4205.0,4191.025879,4205.256348,4211.666504,4222.94873,4203.461426,4207.05127,4244.487305,4242.05127,4239.102539,4195.128418,4205.512695,4257.436035,4231.794922
4217.820313,4198.077147999999,4207.94873,4215.641113000001,4214.358886999999,4191.794922,4202.563965,4232.94873,4238.846191,4239.102539,4195.512695,4206.794922,4263.461426,4244.358886999999
4227.436035,4197.436035,4208.077147999999,4214.487305,4207.820313,4190.384765999999,4197.820313,4209.358886999999,4227.05127,4229.743652,4192.179688,4207.179688,4264.487305,4249.358886999999
4226.153809,4197.563965,4211.922852000001,4213.077147999999,4209.230957,4202.179688,4207.820313,4211.282227000001,4220.641113000001,4224.615234000001,4193.846191,4207.94873,4259.230957,4248.717772999999
4218.589844,4196.538574,4210.128418,4208.717772999999,4209.487305,4208.846191,4216.282227000001,4227.692383,4227.05127,4226.666504,4195.384765999999,4205.512695,4255.769043,4244.871582
4212.307617,4185.512695,4198.077147999999,4200.641113000001,4202.692383,4210.512695,4223.717772999999,4227.307617,4227.692383,4222.05127,4188.846191,4201.410156,4247.179688,4238.717772999999
4204.871582,4172.820313,4193.205078,4194.615234000001,4198.205078,4220.769043,4240.384765999999,4223.846191,4217.05127,4211.153809,4180.384765999999,4197.307617,4231.922852000001,4228.205078
4192.307617,4166.666504,4190.769043,4187.820313,4197.05127,4225.641113000001,4249.487305,4220.897461,4206.922852000001,4199.871582,4171.153809,4188.974121,4217.05127,4212.94873
4179.871582,4162.692383,4179.487305,4179.871582,4198.077147999999,4217.820313,4249.487305,4219.487305,4206.666504,4188.333496,4158.846191,4178.077147999999,4205.641113000001,4202.179688
4183.333496,4164.487305,4177.307617,4181.922852000001,4199.230957,4211.282227000001,4242.179688,4239.230957,4219.358886999999,4188.589844,4159.615234000001,4177.820313,4203.717772999999,4201.922852000001
4197.307617,4174.871582,4189.743652,4192.820313,4196.025879,4207.94873,4227.563965,4242.307617,4225.769043,4202.94873,4175.512695,4188.589844,4214.871582,4209.358886999999
4208.205078,4190.641113000001,4203.717772999999,4205.384765999999,4200.128418,4210.0,4222.563965,4209.871582,4223.205078,4219.102539,4191.282227000001,4197.94873,4232.05127,4223.461426
4215.256348,4196.794922,4210.0,4210.128418,4205.769043,4207.820313,4221.794922,4197.94873,4226.282227000001,4221.666504,4197.436035,4203.717772999999,4238.589844,4232.436035
4222.563965,4191.538574,4209.230957,4206.282227000001,4203.717772999999,4198.461426,4213.974121,4217.179688,4227.94873,4214.615234000001,4197.692383,4207.94873,4235.769043,4231.025879
4230.641113000001,4196.282227000001,4215.0,4209.871582,4207.820313,4201.922852000001,4211.025879,4227.05127,4227.05127,4221.410156,4205.769043,4210.641113000001,4241.538574,4236.410156
4236.794922,4211.666504,4228.461426,4220.512695,4222.563965,4212.692383,4206.025879,4218.333496,4231.025879,4236.922852000001,4217.820313,4213.589844,4251.410156,4248.461426
4241.153809,4213.333496,4233.461426,4222.692383,4226.794922,4207.563965,4203.461426,4216.025879,4235.256348,4240.384765999999,4221.282227000001,4216.666504,4250.256348,4251.282227000001
4234.743652,4196.794922,4222.179688,4215.0,4218.077147999999,4200.256348,4215.641113000001,4222.436035,4227.692383,4227.820313,4212.94873,4210.256348,4238.077147999999,4241.153809
4218.205078,4189.102539,4206.153809,4208.717772999999,4221.794922,4217.307617,4218.717772999999,4207.05127,4209.102539,4208.717772999999,4196.282227000001,4191.666504,4223.846191,4227.692383
4212.05127,4196.922852000001,4201.282227000001,4209.358886999999,4231.410156,4227.179688,4210.641113000001,4194.358886999999,4206.794922,4205.0,4192.820313,4186.153809,4223.077147999999,4224.230957
4211.538574,4195.384765999999,4203.333496,4207.05127,4217.820313,4207.436035,4216.794922,4227.692383,4227.05127,4214.358886999999,4202.820313,4195.256348,4230.897461,4225.0
4207.94873,4187.94873,4202.94873,4198.846191,4201.410156,4200.897461,4230.256348,4250.128418,4234.871582,4217.05127,4206.025879,4194.615234000001,4228.846191,4221.794922
4208.974121,4185.897461,4203.974121,4193.205078,4202.436035,4214.615234000001,4226.922852000001,4219.487305,4221.922852000001,4211.282227000001,4201.153809,4186.282227000001,4221.794922,4221.538574
4210.897461,4185.641113000001,4207.307617,4191.922852000001,4201.538574,4210.256348,4220.512695,4205.512695,4218.077147999999,4212.05127,4202.692383,4190.0,4222.307617,4227.692383
4211.666504,4190.897461,4211.153809,4195.512695,4200.897461,4200.0,4225.0,4232.307617,4229.615234000001,4223.077147999999,4213.333496,4202.820313,4228.846191,4232.436035
4217.436035,4200.0,4216.153809,4201.282227000001,4206.538574,4206.794922,4222.820313,4239.358886999999,4228.205078,4226.282227000001,4219.615234000001,4203.846191,4234.230957,4233.333496
4231.538574,4208.717772999999,4223.974121,4212.307617,4214.871582,4210.128418,4213.205078,4219.230957,4215.512695,4223.974121,4221.794922,4202.820313,4242.820313,4239.358886999999
4242.692383,4216.922852000001,4229.743652,4226.922852000001,4223.846191,4205.256348,4207.692383,4202.436035,4209.230957,4227.05127,4227.436035,4211.922852000001,4249.487305,4247.05127
4238.846191,4216.153809,4227.05127,4224.230957,4224.230957,4210.128418,4209.615234000001,4203.205078,4212.05127,4226.538574,4224.871582,4213.205078,4241.794922,4242.692383
4227.94873,4210.769043,4220.769043,4212.563965,4218.461426,4212.307617,4210.897461,4213.846191,4218.461426,4223.205078,4215.256348,4204.487305,4234.102539,4233.846191
4222.179688,4206.153809,4214.871582,4210.128418,4216.025879,4195.384765999999,4203.333496,4210.128418,4218.717772999999,4223.077147999999,4210.897461,4201.153809,4233.717772999999,4232.436035
4216.410156,4190.512695,4208.461426,4205.128418,4209.743652,4190.0,4210.897461,4207.307617,4218.205078,4219.487305,4208.974121,4199.230957,4223.077147999999,4226.666504
4206.410156,4183.077147999999,4204.102539,4195.897461,4204.615234000001,4210.128418,4226.153809,4221.794922,4222.820313,4210.641113000001,4201.025879,4191.794922,4209.358886999999,4213.974121
4205.512695,4201.025879,4205.128418,4200.769043,4210.512695,4215.897461,4215.512695,4227.94873,4226.025879,4205.897461,4193.974121,4188.974121,4209.358886999999,4212.436035
4213.461426,4215.641113000001,4207.307617,4209.487305,4212.94873,4207.563965,4206.538574,4216.025879,4222.05127,4204.358886999999,4192.307617,4188.205078,4208.589844,4217.563965
4213.589844,4211.794922,4203.717772999999,4206.666504,4210.128418,4212.179688,4220.641113000001,4208.589844,4214.230957,4199.615234000001,4187.179688,4182.563965,4200.512695,4211.282227000001
4211.025879,4215.128418,4200.256348,4207.94873,4217.307617,4216.282227000001,4224.615234000001,4216.794922,4212.563965,4200.128418,4182.05127,4183.333496,4203.077147999999,4204.487305
4214.102539,4224.871582,4202.692383,4216.025879,4222.05127,4215.769043,4217.820313,4222.94873,4219.230957,4209.358886999999,4185.897461,4191.282227000001,4211.410156,4209.487305
4210.769043,4216.410156,4197.820313,4210.512695,4211.794922,4214.487305,4213.461426,4210.512695,4217.179688,4207.05127,4184.871582,4189.743652,4205.641113000001,4208.589844
4202.05127,4206.794922,4188.077147999999,4201.282227000001,4205.512695,4208.974121,4205.769043,4196.282227000001,4204.102539,4196.025879,4175.128418,4179.871582,4194.743652,4197.05127
4204.871582,4211.153809,4191.410156,4204.487305,4208.974121,4203.589844,4201.410156,4191.922852000001,4198.846191,4196.153809,4172.692383,4174.230957,4194.487305,4193.333496
4212.692383,4217.820313,4202.307617,4211.025879,4207.179688,4197.94873,4197.05127,4183.717772999999,4195.897461,4199.615234000001,4178.461426,4172.05127,4200.769043,4201.282227000001
4214.358886999999,4223.717772999999,4205.897461,4216.538574,4208.974121,4195.0,4189.871582,4181.282227000001,4195.256348,4198.333496,4183.717772999999,4172.94873,4207.307617,4209.358886999999
4209.615234000001,4223.333496,4201.410156,4216.794922,4211.922852000001,4192.436035,4190.384765999999,4187.563965,4197.94873,4195.897461,4184.230957,4175.897461,4202.563965,4209.102539
4205.512695,4216.282227000001,4199.743652,4210.256348,4205.0,4191.153809,4197.436035,4200.0,4204.358886999999,4195.128418,4182.94873,4177.692383,4192.307617,4206.538574
4209.487305,4216.025879,4206.282227000001,4209.230957,4206.538574,4201.538574,4207.436035,4219.102539,4214.743652,4198.589844,4186.538574,4181.538574,4191.538574,4211.922852000001
4215.384765999999,4221.410156,4210.512695,4214.102539,4223.461426,4215.0,4212.820313,4217.820313,4215.0,4198.589844,4190.384765999999,4186.538574,4192.94873,4216.666504
4211.538574,4217.563965,4207.563965,4212.179688,4231.538574,4214.871582,4214.743652,4202.05127,4213.717772999999,4193.461426,4186.794922,4186.410156,4188.846191,4212.692383
4204.871582,4211.282227000001,4204.230957,4204.358886999999,4222.307617,4211.538574,4224.871582,4208.205078,4221.666504,4192.563965,4181.282227000001,4181.922852000001,4185.512695,4206.666504
4208.974121,4216.538574,4206.922852000001,4205.512695,4217.692383,4218.589844,4230.128418,4225.256348,4227.179688,4202.179688,4184.871582,4184.230957,4191.282227000001,4206.282227000001
4216.153809,4218.846191,4211.410156,4208.205078,4219.871582,4218.717772999999,4222.05127,4227.94873,4223.974121,4206.153809,4189.230957,4189.102539,4196.153809,4206.922852000001
4213.717772999999,4209.615234000001,4207.692383,4201.794922,4214.487305,4212.820313,4224.615234000001,4225.256348,4219.102539,4200.0,4184.743652,4186.922852000001,4188.461426,4205.128418
4209.230957,4211.922852000001,4205.128418,4203.846191,4216.666504,4215.0,4230.769043,4223.333496,4217.05127,4202.179688,4185.641113000001,4185.769043,4188.589844,4206.538574
4206.794922,4217.05127,4207.94873,4211.025879,4225.256348,4214.487305,4219.230957,4208.333496,4206.410156,4200.384765999999,4187.563965,4185.512695,4194.102539,4203.846191
4207.820313,4214.230957,4211.794922,4209.743652,4224.358886999999,4211.025879,4201.410156,4190.641113000001,4190.0,4188.333496,4180.897461,4184.615234000001,4189.102539,4199.487305
4213.077147999999,4220.897461,4216.922852000001,4211.282227000001,4223.461426,4207.563965,4189.871582,4179.487305,4182.692383,4186.794922,4180.384765999999,4190.0,4190.641113000001,4204.615234000001
4208.846191,4225.256348,4216.538574,4217.436035,4225.384765999999,4202.05127,4190.0,4177.563965,4184.871582,4190.256348,4186.282227000001,4196.666504,4194.871582,4206.410156
4204.358886999999,4220.128418,4214.871582,4218.974121,4229.102539,4209.871582,4209.743652,4204.230957,4197.820313,4194.102539,4192.307617,4200.512695,4191.666504,4205.769043
4212.692383,4223.974121,4219.487305,4218.205078,4232.436035,4218.974121,4228.589844,4230.0,4219.230957,4206.410156,4200.384765999999,4207.307617,4199.871582,4214.358886999999
4220.897461,4230.128418,4222.436035,4217.307617,4224.230957,4206.025879,4234.358886999999,4235.769043,4234.743652,4217.05127,4208.077147999999,4215.641113000001,4213.461426,4221.666504
4220.769043,4230.384765999999,4219.743652,4218.717772999999,4217.94873,4199.615234000001,4237.05127,4256.410156,4245.256348,4222.307617,4212.692383,4219.358886999999,4215.256348,4224.230957
4222.94873,4232.05127,4219.871582,4222.307617,4226.025879,4213.717772999999,4231.153809,4261.410156,4248.077147999999,4226.282227000001,4214.615234000001,4219.871582,4215.769043,4229.743652
4224.487305,4231.794922,4220.256348,4220.897461,4231.922852000001,4218.205078,4223.077147999999,4231.153809,4240.128418,4224.615234000001,4209.743652,4216.666504,4215.641113000001,4229.102539
4212.692383,4223.589844,4211.025879,4212.692383,4226.282227000001,4209.358886999999,4224.230957,4222.436035,4228.974121,4216.666504,4196.282227000001,4205.897461,4202.05127,4215.128418
4201.410156,4214.102539,4202.820313,4205.769043,4221.282227000001,4209.487305,4227.307617,4223.461426,4214.487305,4204.102539,4184.358886999999,4193.589844,4188.333496,4202.94873
4198.846191,4208.077147999999,4201.538574,4204.358886999999,4219.615234000001,4220.384765999999,4228.589844,4198.077147999999,4196.282227000001,4188.333496,4178.846191,4187.563965,4183.589844,4196.410156
4196.153809,4206.153809,4200.128418,4202.820313,4220.512695,4221.282227000001,4220.256348,4187.94873,4188.846191,4180.897461,4176.794922,4187.820313,4179.615234000001,4191.794922
4199.743652,4209.102539,4205.512695,4205.384765999999,4228.333496,4218.974121,4208.974121,4197.179688,4194.102539,4188.333496,4179.358886999999,4190.0,4182.05127,4196.538574
4207.05127,4210.769043,4212.179688,4210.256348,4233.205078,4230.897461,4210.384765999999,4192.436035,4192.307617,4192.563965,4181.666504,4192.179688,4187.563965,4204.615234000001
4206.025879,4210.384765999999,4207.820313,4207.563965,4230.128418,4230.256348,4216.538574,4200.0,4190.512695,4190.384765999999,4181.666504,4193.461426,4184.487305,4206.666504
4212.692383,4219.615234000001,4211.666504,4212.05127,4229.615234000001,4215.384765999999,4223.333496,4220.384765999999,4206.410156,4201.410156,4193.333496,4200.0,4189.358886999999,4215.512695
4231.666504,4230.897461,4227.94873,4224.102539,4230.897461,4213.846191,4229.743652,4228.461426,4222.563965,4216.922852000001,4207.05127,4212.563965,4204.102539,4227.94873
4236.025879,4228.333496,4231.794922,4224.102539,4225.512695,4215.769043,4224.102539,4232.692383,4221.538574,4213.077147999999,4203.717772999999,4216.282227000001,4206.922852000001,4226.794922
4229.487305,4223.205078,4224.358886999999,4217.692383,4219.102539,4207.94873,4213.846191,4224.871582,4213.205078,4202.436035,4196.282227000001,4210.769043,4201.794922,4223.717772999999
4231.922852000001,4229.102539,4224.743652,4220.384765999999,4221.666504,4201.282227000001,4209.871582,4211.282227000001,4215.0,4207.307617,4201.666504,4211.794922,4205.128418,4231.410156
4237.179688,4234.102539,4231.922852000001,4229.230957,4228.974121,4206.794922,4214.871582,4221.538574,4223.717772999999,4217.436035,4211.666504,4218.461426,4213.205078,4239.102539
4229.871582,4224.871582,4227.94873,4226.922852000001,4225.0,4208.974121,4216.025879,4228.589844,4217.94873,4211.538574,4205.128418,4213.205078,4206.025879,4230.641113000001
4217.05127,4210.641113000001,4215.512695,4215.897461,4213.589844,4202.94873,4206.538574,4202.820313,4198.846191,4197.94873,4189.230957,4199.358886999999,4190.512695,4212.307617
4212.05127,4207.436035,4211.282227000001,4212.307617,4214.743652,4207.692383,4206.538574,4199.230957,4195.512695,4199.102539,4185.128418,4192.563965,4187.05127,4204.358886999999
4204.615234000001,4205.512695,4206.025879,4208.077147999999,4220.256348,4217.05127,4212.692383,4223.333496,4204.230957,4198.717772999999,4181.282227000001,4190.512695,4183.205078,4199.102539
4193.077147999999,4197.692383,4194.230957,4198.333496,4218.077147999999,4211.410156,4210.512695,4208.974121,4199.743652,4188.205078,4170.128418,4186.025879,4175.641113000001,4186.666504
4188.205078,4192.820313,4189.358886999999,4194.615234000001,4212.307617,4207.94873,4214.487305,4178.461426,4190.128418,4186.025879,4163.846191,4179.102539,4172.307617,4180.384765999999
4191.410156,4193.717772999999,4191.538574,4197.436035,4208.974121,4219.487305,4225.384765999999,4183.974121,4190.512695,4189.487305,4165.0,4178.461426,4174.358886999999,4184.102539
4203.077147999999,4204.230957,4202.94873,4209.102539,4218.717772999999,4224.230957,4225.897461,4211.794922,4207.692383,4199.615234000001,4177.05127,4189.871582,4190.512695,4195.256348
4215.128418,4214.487305,4215.512695,4217.94873,4226.153809,4217.307617,4228.333496,4225.256348,4221.153809,4208.589844,4189.487305,4199.615234000001,4206.666504,4208.846191
4221.410156,4217.307617,4215.769043,4218.717772999999,4222.692383,4213.717772999999,4235.384765999999,4221.282227000001,4213.077147999999,4208.717772999999,4191.282227000001,4201.538574,4206.666504,4215.897461
4233.333496,4225.256348,4223.589844,4227.307617,4229.230957,4212.94873,4223.589844,4220.256348,4209.102539,4214.871582,4199.230957,4211.153809,4214.615234000001,4223.974121
4246.153809,4237.820313,4238.974121,4240.256348,4242.563965,4209.487305,4204.743652,4218.077147999999,4215.512695,4223.589844,4207.692383,4223.717772999999,4231.410156,4235.384765999999
4244.102539,4239.487305,4235.641113000001,4239.615234000001,4248.974121,4207.820313,4199.102539,4209.487305,4214.358886999999,4221.282227000001,4200.0,4218.846191,4231.538574,4232.94873
4229.102539,4224.230957,4218.205078,4226.922852000001,4241.282227000001,4204.871582,4193.461426,4204.743652,4210.512695,4217.563965,4191.153809,4205.384765999999,4222.94873,4219.230957
4216.025879,4212.05127,4208.717772999999,4216.794922,4226.410156,4204.358886999999,4191.153809,4212.307617,4219.358886999999,4219.230957,4187.692383,4202.05127,4217.94873,4213.205078
4207.179688,4207.179688,4202.820313,4209.743652,4216.410156,4209.871582,4205.0,4217.307617,4223.589844,4212.692383,4176.153809,4197.692383,4205.897461,4208.589844
4194.743652,4195.128418,4189.743652,4201.410156,4209.615234000001,4211.025879,4214.743652,4209.230957,4212.436035,4197.94873,4157.179688,4179.487305,4188.461426,4193.333496
4182.436035,4181.538574,4177.563965,4191.282227000001,4202.436035,4210.641113000001,4223.589844,4214.230957,4210.641113000001,4190.128418,4143.461426,4162.179688,4177.307617,4180.256348
4180.512695,4172.05127,4171.922852000001,4181.922852000001,4193.333496,4209.615234000001,4236.282227000001,4228.205078,4213.717772999999,4185.128418,4136.666504,4158.846191,4171.153809,4177.820313
4193.846191,4173.974121,4177.05127,4184.487305,4196.153809,4210.769043,4227.179688,4221.282227000001,4210.641113000001,4185.256348,4141.410156,4166.410156,4177.820313,4184.615234000001
4212.692383,4190.897461,4189.871582,4198.077147999999,4206.282227000001,4223.717772999999,4216.538574,4206.922852000001,4206.153809,4190.641113000001,4155.512695,4176.153809,4194.102539,4200.512695
4218.846191,4201.666504,4193.589844,4202.692383,4202.436035,4225.384765999999,4228.974121,4210.897461,4199.230957,4187.179688,4160.512695,4178.974121,4193.846191,4209.743652
4222.436035,4203.846191,4195.0,4202.05127,4198.333496,4203.974121,4227.05127,4221.922852000001,4199.615234000001,4191.282227000001,4167.179688,4182.179688,4193.077147999999,4212.436035
4236.794922,4214.743652,4206.410156,4211.922852000001,4206.538574,4193.077147999999,4203.589844,4205.641113000001,4204.615234000001,4208.846191,4185.769043,4193.077147999999,4209.871582,4223.333496
4249.615234000001,4224.871582,4222.436035,4223.974121,4210.641113000001,4205.641113000001,4207.436035,4187.05127,4203.461426,4212.94873,4196.794922,4203.333496,4221.025879,4235.769043
4253.846191,4226.282227000001,4232.94873,4230.128418,4214.487305,4208.205078,4215.128418,4191.153809,4198.333496,4208.205078,4201.666504,4208.589844,4223.461426,4242.179688
4254.615234000001,4227.307617,4231.666504,4230.0,4224.487305,4196.794922,4188.077147999999,4191.410156,4198.461426,4212.307617,4209.102539,4210.0,4230.512695,4243.461426
4245.769043,4225.256348,4222.820313,4226.153809,4221.922852000001,4200.641113000001,4176.282227000001,4187.436035,4202.179688,4215.769043,4208.205078,4207.563965,4230.641113000001,4236.666504
4231.153809,4214.615234000001,4213.846191,4222.05127,4207.94873,4206.922852000001,4194.487305,4188.077147999999,4201.410156,4211.922852000001,4198.461426,4202.820313,4220.0,4224.871582
4231.282227000001,4209.487305,4209.743652,4218.589844,4202.436035,4200.384765999999,4203.717772999999,4199.487305,4209.487305,4212.94873,4196.025879,4200.897461,4216.282227000001,4220.769043
4234.230957,4207.692383,4204.743652,4213.205078,4203.205078,4201.666504,4206.153809,4222.692383,4230.641113000001,4218.333496,4195.256348,4200.512695,4214.871582,4220.641113000001
4218.461426,4186.794922,4192.563965,4195.512695,4195.0,4201.794922,4212.307617,4233.589844,4237.436035,4215.128418,4182.563965,4197.563965,4197.179688,4209.487305
4211.922852000001,4176.025879,4192.820313,4188.077147999999,4191.153809,4198.077147999999,4222.436035,4231.153809,4228.974121,4209.358886999999,4176.538574,4199.102539,4187.94873,4201.538574
4222.563965,4199.871582,4205.384765999999,4204.102539,4198.589844,4209.102539,4236.794922,4243.461426,4230.512695,4208.461426,4183.717772999999,4202.307617,4196.153809,4207.307617
4223.974121,4220.384765999999,4208.461426,4216.025879,4200.384765999999,4221.153809,4236.410156,4257.563965,4231.282227000001,4204.871582,4184.871582,4202.436035,4194.358886999999,4209.230957
4222.436035,4218.846191,4206.282227000001,4216.538574,4199.230957,4210.897461,4228.846191,4245.897461,4219.230957,4197.307617,4178.205078,4201.410156,4185.512695,4202.05127
4223.974121,4215.384765999999,4206.666504,4217.94873,4201.922852000001,4196.282227000001,4225.641113000001,4225.897461,4209.871582,4193.333496,4178.461426,4199.743652,4187.94873,4201.282227000001
4222.692383,4217.820313,4208.205078,4221.025879,4204.615234000001,4201.538574,4217.307617,4216.025879,4207.436035,4196.922852000001,4189.487305,4200.641113000001,4199.615234000001,4214.358886999999
4230.128418,4221.794922,4216.922852000001,4226.922852000001,4209.230957,4210.0,4205.897461,4210.0,4206.153809,4207.820313,4200.128418,4205.897461,4213.333496,4227.94873
4239.230957,4226.282227000001,4223.846191,4233.205078,4215.769043,4204.230957,4198.077147999999,4190.512695,4193.461426,4207.563965,4199.743652,4205.256348,4218.205078,4228.461426
4235.256348,4229.487305,4217.307617,4232.436035,4218.974121,4201.025879,4194.615234000001,4170.256348,4175.384765999999,4194.358886999999,4195.769043,4198.077147999999,4211.922852000001,4221.025879
4230.641113000001,4231.025879,4215.256348,4229.358886999999,4219.743652,4205.0,4193.717772999999,4184.230957,4178.461426,4195.897461,4196.282227000001,4198.717772999999,4209.487305,4217.563965
4232.94873,4230.512695,4221.282227000001,4227.820313,4218.077147999999,4199.358886999999,4191.794922,4205.769043,4193.077147999999,4202.05127,4196.153809,4201.538574,4211.153809,4214.743652
4234.615234000001,4226.538574,4219.102539,4223.974121,4211.538574,4192.307617,4192.307617,4203.974121,4196.282227000001,4195.897461,4194.230957,4195.128418,4206.666504,4209.487305
4232.436035,4217.820313,4211.666504,4218.461426,4201.025879,4197.307617,4207.563965,4201.025879,4195.128418,4190.256348,4189.102539,4187.94873,4197.94873,4202.436035
4227.307617,4209.615234000001,4207.94873,4214.230957,4200.384765999999,4205.384765999999,4224.230957,4213.717772999999,4199.230957,4192.179688,4178.974121,4183.589844,4189.487305,4194.743652
4225.256348,4211.922852000001,4204.230957,4213.205078,4210.512695,4204.487305,4221.410156,4232.05127,4210.641113000001,4196.538574,4177.436035,4182.436035,4188.717772999999,4194.487305
4229.743652,4217.94873,4202.563965,4214.487305,4207.307617,4197.692383,4216.538574,4241.410156,4222.307617,4203.846191,4184.743652,4188.461426,4196.282227000001,4198.461426
4225.897461,4217.94873,4203.717772999999,4215.512695,4197.692383,4202.307617,4226.922852000001,4236.922852000001,4223.333496,4207.692383,4184.871582,4188.717772999999,4198.461426,4193.461426
4209.487305,4208.333496,4192.05127,4209.871582,4196.025879,4206.538574,4230.512695,4224.358886999999,4211.410156,4193.333496,4173.077147999999,4174.743652,4184.871582,4177.94873
4203.333496,4205.256348,4184.102539,4205.128418,4199.230957,4199.743652,4211.794922,4216.410156,4202.692383,4184.871582,4169.871582,4172.307617,4179.358886999999,4176.025879
4217.94873,4220.641113000001,4201.282227000001,4216.538574,4211.153809,4202.820313,4198.846191,4217.307617,4208.974121,4200.897461,4188.974121,4194.743652,4199.102539,4200.128418
4233.589844,4234.230957,4217.179688,4230.512695,4220.384765999999,4214.487305,4200.769043,4214.102539,4215.897461,4214.615234000001,4204.743652,4208.846191,4216.282227000001,4219.743652
4237.05127,4235.769043,4218.077147999999,4231.922852000001,4217.436035,4211.153809,4204.743652,4206.282227000001,4210.641113000001,4214.102539,4205.641113000001,4206.666504,4216.282227000001,4220.897461
4238.077147999999,4238.077147999999,4219.358886999999,4230.128418,4212.94873,4196.025879,4193.205078,4189.871582,4194.615234000001,4204.358886999999,4201.922852000001,4210.641113000001,4213.333496,4222.563965
4244.102539,4237.563965,4224.102539,4230.512695,4215.128418,4195.769043,4175.128418,4172.820313,4185.769043,4192.307617,4199.230957,4214.743652,4213.077147999999,4228.205078
4244.102539,4227.94873,4224.743652,4225.128418,4213.974121,4205.897461,4187.436035,4180.897461,4187.563965,4185.256348,4196.538574,4206.666504,4208.974121,4222.179688
4235.512695,4220.769043,4219.102539,4218.077147999999,4206.538574,4197.692383,4217.05127,4202.179688,4186.025879,4182.05127,4187.692383,4195.769043,4196.666504,4210.512695
4236.538574,4228.589844,4217.436035,4223.333496,4204.615234000001,4187.05127,4220.641113000001,4209.102539,4193.974121,4187.179688,4185.256348,4196.666504,4192.179688,4209.615234000001
4240.256348,4235.0,4217.307617,4229.102539,4203.974121,4192.563965,4214.487305,4215.0,4213.846191,4197.692383,4190.128418,4201.538574,4197.820313,4208.461426
4223.589844,4226.282227000001,4207.563965,4218.461426,4197.563965,4200.256348,4232.05127,4226.025879,4218.974121,4199.615234000001,4185.897461,4195.384765999999,4193.974121,4196.922852000001
4207.692383,4219.230957,4199.102539,4209.743652,4198.077147999999,4203.589844,4236.153809,4217.94873,4212.94873,4198.589844,4179.358886999999,4187.94873,4185.512695,4189.358886999999
4210.128418,4221.282227000001,4200.384765999999,4214.487305,4203.461426,4199.230957,4208.333496,4208.846191,4212.436035,4197.563965,4179.871582,4188.077147999999,4183.333496,4189.230957
4213.846191,4224.102539,4200.641113000001,4217.436035,4205.512695,4193.205078,4197.179688,4221.282227000001,4213.974121,4197.307617,4185.512695,4189.230957,4190.256348,4189.102539
4211.410156,4222.179688,4200.384765999999,4211.922852000001,4205.641113000001,4201.538574,4205.769043,4210.384765999999,4204.871582,4199.487305,4190.0,4189.358886999999,4200.512695,4192.307617
4214.230957,4222.820313,4206.538574,4213.461426,4209.743652,4218.333496,4206.025879,4185.897461,4195.384765999999,4199.871582,4193.333496,4196.282227000001,4203.205078,4201.794922
4227.307617,4232.94873,4215.641113000001,4224.487305,4217.820313,4222.436035,4201.922852000001,4202.563965,4207.692383,4207.94873,4204.487305,4209.102539,4211.666504,4216.153809
4237.05127,4241.666504,4219.358886999999,4228.717772999999,4220.128418,4218.589844,4195.256348,4214.102539,4218.846191,4219.102539,4218.333496,4215.256348,4225.897461,4224.102539
4242.820313,4247.820313,4223.461426,4233.077147999999,4222.436035,4217.179688,4186.666504,4189.358886999999,4212.563965,4221.538574,4220.256348,4211.538574,4227.179688,4224.615234000001
4246.922852000001,4250.769043,4231.282227000001,4240.256348,4222.179688,4207.820313,4191.794922,4196.282227000001,4213.589844,4218.077147999999,4213.461426,4207.94873,4217.307617,4222.692383
4240.0,4245.512695,4228.205078,4232.692383,4213.205078,4197.94873,4203.974121,4225.128418,4218.461426,4209.743652,4206.282227000001,4203.589844,4206.282227000001,4213.333496
4229.871582,4241.410156,4219.743652,4223.846191,4211.410156,4199.871582,4208.205078,4210.128418,4211.666504,4198.846191,4201.025879,4193.974121,4199.871582,4204.230957
4226.922852000001,4241.282227000001,4218.589844,4226.410156,4215.384765999999,4197.692383,4208.974121,4198.846191,4205.384765999999,4192.307617,4194.230957,4186.538574,4193.846191,4201.410156
4221.282227000001,4234.615234000001,4215.384765999999,4226.794922,4208.333496,4189.871582,4214.358886999999,4223.077147999999,4202.436035,4186.153809,4182.436035,4182.436035,4180.897461,4192.05127
4206.666504,4225.512695,4202.692383,4217.94873,4202.307617,4197.436035,4213.846191,4210.897461,4188.974121,4176.282227000001,4173.077147999999,4173.846191,4167.307617,4176.025879
4200.128418,4223.974121,4194.487305,4210.384765999999,4209.230957,4210.128418,4203.461426,4175.384765999999,4184.358886999999,4175.512695,4174.230957,4169.615234000001,4171.922852000001,4173.589844
4206.666504,4227.307617,4198.717772999999,4213.717772999999,4212.563965,4215.256348,4204.358886999999,4196.025879,4201.922852000001,4186.153809,4181.666504,4175.384765999999,4189.358886999999,4185.128418
4208.333496,4225.769043,4197.692383,4217.94873,4212.436035,4221.153809,4210.769043,4224.487305,4209.230957,4189.871582,4185.256348,4177.94873,4189.487305,4187.179688
4208.589844,4230.769043,4195.512695,4218.333496,4221.666504,4225.897461,4202.179688,4204.358886999999,4206.025879,4194.230957,4188.717772999999,4180.128418,4189.358886999999,4185.256348
4213.846191,4244.102539,4202.820313,4223.717772999999,4231.153809,4228.846191,4193.589844,4192.94873,4218.974121,4212.307617,4200.897461,4190.769043,4209.230957,4195.256348
4216.794922,4246.538574,4207.94873,4225.256348,4227.820313,4233.205078,4196.538574,4201.282227000001,4230.256348,4220.0,4207.179688,4197.563965,4219.615234000001,4202.563965
4219.230957,4244.743652,4209.358886999999,4223.077147999999,4224.102539,4236.794922,4202.179688,4201.025879,4228.461426,4217.05127,4204.230957,4196.410156,4212.05127,4202.05127
4222.05127,4246.025879,4212.563965,4224.102539,4223.077147999999,4228.333496,4211.538574,4222.94873,4234.230957,4218.846191,4201.282227000001,4196.025879,4208.205078,4203.717772999999
4224.358886999999,4243.461426,4215.512695,4223.717772999999,4217.692383,4215.897461,4223.717772999999,4252.820313,4239.615234000001,4216.922852000001,4200.128418,4199.487305,4209.487305,4207.179688
4227.692383,4244.102539,4220.128418,4227.94873,4222.05127,4222.307617,4219.871582,4232.307617,4218.589844,4203.333496,4197.692383,4197.820313,4206.153809,4206.922852000001
4223.846191,4242.05127,4221.794922,4232.820313,4227.94873,4222.436035,4198.333496,4190.512695,4186.410156,4184.358886999999,4186.666504,4187.179688,4197.692383,4199.230957
4213.974121,4232.436035,4217.94873,4229.102539,4222.05127,4203.205078,4192.820313,4187.307617,4177.820313,4176.538574,4178.077147999999,4180.512695,4192.436035,4190.256348
4213.846191,4233.077147999999,4217.179688,4227.692383,4216.538574,4197.179688,4203.333496,4197.05127,4186.922852000001,4182.307617,4183.333496,4184.487305,4194.615234000001,4190.384765999999
4222.179688,4243.205078,4219.743652,4231.794922,4217.820313,4203.846191,4200.641113000001,4182.307617,4185.512695,4185.897461,4189.871582,4190.256348,4198.589844,4197.94873
4221.666504,4242.179688,4221.538574,4228.717772999999,4216.410156,4201.666504,4200.128418,4176.538574,4183.717772999999,4186.410156,4189.102539,4190.769043,4201.410156,4200.512695
4216.538574,4233.461426,4222.307617,4221.538574,4211.025879,4202.820313,4214.743652,4193.205078,4194.487305,4195.256348,4189.230957,4191.538574,4202.820313,4198.461426
4217.179688,4231.538574,4219.487305,4219.487305,4211.025879,4218.717772999999,4224.230957,4199.102539,4206.153809,4203.205078,4193.333496,4197.692383,4201.922852000001,4202.692383
4213.974121,4232.179688,4211.666504,4216.153809,4211.922852000001,4226.410156,4221.282227000001,4194.743652,4212.179688,4200.128418,4189.358886999999,4198.846191,4197.563965,4204.102539
4204.615234000001,4222.179688,4202.563965,4209.871582,4208.077147999999,4219.615234000001,4225.384765999999,4211.922852000001,4218.717772999999,4196.666504,4179.615234000001,4190.256348,4188.205078,4193.205078
4204.871582,4220.512695,4199.102539,4210.641113000001,4212.436035,4218.077147999999,4232.94873,4234.615234000001,4226.282227000001,4202.692383,4179.102539,4187.94873,4184.871582,4186.922852000001
4213.333496,4238.333496,4204.487305,4218.846191,4228.205078,4222.436035,4218.205078,4229.230957,4227.94873,4211.025879,4184.487305,4193.205078,4188.589844,4193.205078
4215.384765999999,4244.871582,4215.384765999999,4226.025879,4236.025879,4223.077147999999,4202.563965,4221.794922,4221.666504,4210.256348,4185.769043,4193.461426,4190.384765999999,4197.563965
4215.0,4238.846191,4221.410156,4226.025879,4230.0,4217.436035,4205.641113000001,4219.871582,4209.743652,4202.692383,4184.871582,4189.358886999999,4192.307617,4193.589844
4216.410156,4239.487305,4218.846191,4225.512695,4223.974121,4203.974121,4197.179688,4188.846191,4193.974121,4194.615234000001,4183.717772999999,4187.436035,4194.230957,4190.769043
4219.358886999999,4246.282227000001,4221.922852000001,4233.333496,4229.358886999999,4199.487305,4179.358886999999,4158.333496,4185.897461,4199.230957,4188.461426,4192.563965,4198.333496,4197.94873
4221.410156,4247.563965,4226.922852000001,4237.692383,4233.205078,4211.538574,4182.692383,4163.974121,4183.589844,4206.666504,4196.153809,4200.769043,4204.743652,4203.333496
4215.512695,4239.102539,4218.974121,4228.974121,4224.871582,4211.666504,4192.692383,4173.205078,4177.05127,4196.153809,4191.282227000001,4198.974121,4203.846191,4197.820313
4208.333496,4228.077147999999,4209.743652,4218.205078,4214.230957,4201.410156,4196.666504,4170.384765999999,4175.384765999999,4186.538574,4177.563965,4189.358886999999,4197.436035,4190.512695
4204.102539,4221.410156,4205.897461,4208.333496,4208.974121,4204.743652,4206.153809,4173.974121,4181.794922,4189.358886999999,4173.333496,4186.025879,4190.0,4185.512695
4206.410156,4223.717772999999,4205.0,4207.436035,4210.897461,4212.820313,4216.025879,4190.0,4194.743652,4198.589844,4183.077147999999,4189.487305,4189.615234000001,4186.410156
4215.512695,4227.94873,4210.384765999999,4216.666504,4216.922852000001,4210.769043,4224.615234000001,4219.743652,4216.666504,4209.102539,4190.769043,4190.0,4196.794922,4196.025879
4218.205078,4230.384765999999,4213.846191,4217.820313,4223.461426,4212.179688,4226.153809,4233.461426,4232.436035,4214.487305,4188.589844,4189.487305,4199.230957,4203.461426
4211.025879,4231.025879,4209.743652,4214.615234000001,4227.820313,4221.410156,4215.641113000001,4219.743652,4230.384765999999,4217.179688,4182.692383,4189.487305,4194.871582,4200.512695
4205.769043,4225.512695,4204.102539,4215.256348,4218.077147999999,4219.102539,4214.358886999999,4220.384765999999,4223.461426,4217.94873,4174.230957,4185.641113000001,4188.205078,4193.333496
4204.615234000001,4224.743652,4203.461426,4213.846191,4211.153809,4220.256348,4222.179688,4232.820313,4222.436035,4214.230957,4166.153809,4178.461426,4181.794922,4188.589844
4199.358886999999,4226.153809,4203.717772999999,4211.922852000001,4223.589844,4230.384765999999,4211.922852000001,4220.128418,4219.358886999999,4207.05127,4160.897461,4173.717772999999,4176.410156,4191.153809
4201.794922,4225.641113000001,4202.692383,4216.410156,4229.230957,4224.358886999999,4195.641113000001,4202.563965,4209.102539,4202.179688,4160.512695,4175.769043,4176.282227000001,4200.384765999999
4214.743652,4232.307617,4203.974121,4222.563965,4220.897461,4218.333496,4204.358886999999,4203.205078,4201.410156,4200.641113000001,4167.307617,4179.102539,4182.307617,4207.05127
4218.333496,4234.487305,4204.358886999999,4220.384765999999,4215.641113000001,4223.846191,4205.384765999999,4201.410156,4197.179688,4195.769043,4171.538574,4177.307617,4182.436035,4206.153809
4218.333496,4230.769043,4206.666504,4217.563965,4214.615234000001,4224.230957,4196.794922,4209.358886999999,4195.128418,4193.717772999999,4172.436035,4179.743652,4180.0,4206.538574
4223.717772999999,4232.563965,4211.794922,4218.333496,4209.615234000001,4216.410156,4215.897461,4232.05127,4197.692383,4199.358886999999,4179.230957,4189.102539,4183.205078,4212.179688
4226.922852000001,4237.563965,4211.282227000001,4218.717772999999,4207.179688,4211.794922,4219.615234000001,4221.666504,4200.256348,4207.563965,4186.410156,4191.538574,4188.846191,4217.179688
4234.871582,4243.077147999999,4213.846191,4225.512695,4219.743652,4216.538574,4197.436035,4194.358886999999,4206.410156,4217.820313,4194.487305,4191.282227000001,4199.230957,4225.256348
4242.436035,4243.974121,4220.769043,4232.307617,4225.0,4224.230957,4205.256348,4196.153809,4211.282227000001,4223.974121,4203.077147999999,4196.538574,4209.230957,4229.871582
4232.820313,4232.179688,4219.230957,4226.538574,4212.05127,4226.794922,4224.230957,4205.0,4206.794922,4217.563965,4202.05127,4194.743652,4203.846191,4220.769043
4218.717772999999,4217.436035,4213.077147999999,4217.820313,4208.077147999999,4224.358886999999,4217.05127,4201.922852000001,4205.897461,4208.205078,4195.769043,4184.615234000001,4187.94873,4208.461426
4215.0,4212.820313,4209.871582,4213.461426,4210.384765999999,4225.769043,4215.0,4204.102539,4212.307617,4204.487305,4187.94873,4178.077147999999,4179.615234000001,4201.282227000001
4214.487305,4214.615234000001,4206.025879,4212.94873,4208.461426,4229.358886999999,4231.025879,4208.461426,4215.512695,4206.666504,4183.717772999999,4177.563965,4183.333496,4198.333496
4208.333496,4214.487305,4198.077147999999,4213.333496,4210.512695,4227.436035,4232.820313,4208.974121,4216.410156,4208.846191,4187.436035,4176.922852000001,4184.230957,4200.0
4199.230957,4206.666504,4188.333496,4206.410156,4208.717772999999,4226.794922,4230.384765999999,4223.461426,4222.05127,4207.307617,4190.512695,4172.563965,4177.563965,4198.589844
4198.077147999999,4200.641113000001,4186.922852000001,4199.102539,4202.94873,4235.512695,4235.256348,4241.922852000001,4230.0,4211.538574,4191.538574,4172.05127,4175.512695,4194.230957
4204.615234000001,4206.025879,4193.974121,4200.897461,4207.94873,4237.179688,4228.717772999999,4233.974121,4228.461426,4216.666504,4193.077147999999,4182.05127,4177.692383,4196.410156
4216.410156,4218.589844,4205.641113000001,4215.0,4216.538574,4225.384765999999,4223.717772999999,4227.436035,4227.563965,4219.871582,4200.512695,4195.256348,4189.871582,4208.974121
4235.641113000001,4233.077147999999,4223.205078,4233.846191,4219.102539,4223.333496,4227.179688,4241.025879,4238.717772999999,4234.230957,4220.128418,4204.230957,4219.230957,4229.358886999999
4252.94873,4245.128418,4239.102539,4242.436035,4222.820313,4226.025879,4208.846191,4229.743652,4241.282227000001,4247.692383,4235.128418,4210.0,4237.05127,4243.205078
4261.282227000001,4256.922852000001,4247.692383,4247.179688,4231.922852000001,4216.282227000001,4182.692383,4204.871582,4227.436035,4242.94873,4233.333496,4212.692383,4227.820313,4244.743652
4258.333496,4255.384765999999,4248.333496,4250.769043,4230.769043,4209.743652,4185.128418,4198.846191,4205.128418,4223.077147999999,4224.358886999999,4208.846191,4212.692383,4238.461426
4242.692383,4235.512695,4238.846191,4240.384765999999,4217.563965,4216.538574,4202.94873,4200.897461,4191.666504,4203.077147999999,4213.461426,4198.461426,4199.743652,4224.358886999999
4221.538574,4216.410156,4220.897461,4220.128418,4206.666504,4219.102539,4205.384765999999,4203.717772999999,4194.615234000001,4191.282227000001,4200.641113000001,4181.025879,4182.563965,4206.025879
4199.743652,4201.025879,4199.358886999999,4202.563965,4200.128418,4212.307617,4210.0,4205.897461,4192.179688,4184.487305,4189.102539,4162.692383,4168.077147999999,4191.794922
4186.794922,4188.846191,4187.94873,4194.102539,4197.563965,4216.922852000001,4231.666504,4204.358886999999,4190.897461,4188.846191,4185.769043,4159.102539,4167.820313,4186.538574
4185.384765999999,4183.077147999999,4183.846191,4191.538574,4205.769043,4235.512695,4243.205078,4203.461426,4205.128418,4197.94873,4184.358886999999,4164.358886999999,4168.205078,4178.333496
4179.615234000001,4179.871582,4174.358886999999,4186.025879,4212.563965,4244.743652,4240.641113000001,4210.384765999999,4212.563965,4191.666504,4172.307617,4159.871582,4157.05127,4163.974121
4175.512695,4188.461426,4171.794922,4185.256348,4207.563965,4233.333496,4235.641113000001,4211.025879,4204.615234000001,4186.410156,4167.307617,4153.974121,4153.077147999999,4164.871582
4195.128418,4210.897461,4188.077147999999,4199.615234000001,4204.358886999999,4218.846191,4234.615234000001,4221.410156,4218.461426,4203.846191,4185.897461,4166.153809,4168.846191,4184.358886999999
4218.846191,4225.769043,4206.922852000001,4215.384765999999,4210.897461,4221.410156,4241.666504,4249.871582,4244.102539,4222.05127,4204.871582,4184.487305,4187.05127,4201.794922
4222.692383,4229.615234000001,4212.05127,4219.487305,4217.179688,4228.333496,4234.615234000001,4237.563965,4231.025879,4216.922852000001,4201.666504,4188.461426,4190.769043,4206.666504
4227.05127,4238.205078,4216.794922,4226.025879,4223.846191,4217.94873,4206.666504,4195.128418,4204.230957,4208.333496,4198.717772999999,4188.461426,4191.410156,4211.282227000001
4237.179688,4249.230957,4229.102539,4238.461426,4230.897461,4206.538574,4184.871582,4196.410156,4208.846191,4214.615234000001,4207.94873,4194.487305,4201.410156,4220.256348
4233.717772999999,4250.769043,4237.05127,4240.128418,4228.589844,4205.512695,4180.0,4212.307617,4214.615234000001,4217.307617,4210.769043,4195.128418,4208.974121,4224.487305
4227.692383,4249.358886999999,4236.282227000001,4238.717772999999,4227.05127,4210.384765999999,4182.820313,4190.512695,4200.897461,4214.615234000001,4209.487305,4190.641113000001,4211.282227000001,4224.743652
4222.820313,4242.436035,4225.256348,4238.589844,4230.0,4215.384765999999,4192.820313,4179.102539,4197.307617,4211.282227000001,4206.538574,4188.333496,4203.974121,4217.05127
4210.512695,4229.358886999999,4211.794922,4228.333496,4222.179688,4211.922852000001,4207.436035,4202.563965,4205.384765999999,4202.692383,4193.589844,4178.846191,4185.384765999999,4199.230957
4200.897461,4220.256348,4205.769043,4216.794922,4215.256348,4213.333496,4227.820313,4220.641113000001,4213.333496,4201.153809,4185.897461,4170.128418,4176.794922,4188.077147999999
4201.282227000001,4212.436035,4203.077147999999,4213.461426,4218.589844,4224.487305,4241.922852000001,4233.333496,4227.94873,4211.922852000001,4192.436035,4176.666504,4181.794922,4191.282227000001
4201.794922,4208.974121,4199.230957,4209.487305,4222.179688,4231.538574,4242.563965,4249.487305,4237.05127,4217.436035,4195.128418,4181.922852000001,4182.05127,4193.974121
4196.922852000001,4209.487305,4194.743652,4201.922852000001,4219.487305,4230.897461,4251.282227000001,4251.410156,4228.461426,4209.230957,4188.461426,4175.128418,4178.205078,4189.615234000001
4204.230957,4216.666504,4199.615234000001,4202.94873,4221.153809,4231.794922,4252.94873,4243.461426,4227.820313,4212.307617,4196.025879,4179.615234000001,4188.205078,4198.205078
4224.230957,4226.538574,4215.128418,4212.436035,4227.820313,4233.974121,4238.077147999999,4243.461426,4240.128418,4230.897461,4217.436035,4197.563965,4205.256348,4217.94873
4229.230957,4226.410156,4220.128418,4212.820313,4221.922852000001,4226.153809,4227.692383,4236.282227000001,4232.05127,4232.307617,4222.692383,4201.538574,4206.922852000001,4223.589844
4225.897461,4231.794922,4218.077147999999,4214.358886999999,4218.717772999999,4213.333496,4215.769043,4215.512695,4210.641113000001,4223.461426,4220.128418,4200.384765999999,4207.179688,4222.563965
4234.615234000001,4247.307617,4229.102539,4227.820313,4230.512695,4198.717772999999,4190.897461,4195.256348,4198.077147999999,4221.025879,4224.743652,4207.05127,4211.538574,4225.769043
4237.820313,4242.179688,4233.974121,4231.922852000001,4232.307617,4185.256348,4171.153809,4174.615234000001,4180.128418,4208.717772999999,4216.282227000001,4201.794922,4200.256348,4217.436035
4229.615234000001,4226.282227000001,4225.897461,4227.179688,4222.179688,4189.358886999999,4177.436035,4172.820313,4168.077147999999,4197.94873,4210.384765999999,4193.205078,4197.692383,4210.384765999999
4223.717772999999,4226.922852000001,4223.717772999999,4224.871582,4217.05127,4200.256348,4192.563965,4185.128418,4175.641113000001,4205.256348,4221.538574,4194.102539,4215.512695,4221.025879
4211.410156,4220.384765999999,4216.794922,4215.128418,4214.743652,4199.615234000001,4202.820313,4179.871582,4178.717772999999,4204.102539,4217.563965,4188.974121,4211.282227000001,4219.615234000001
4196.922852000001,4198.077147999999,4198.077147999999,4200.384765999999,4213.333496,4202.563965,4213.717772999999,4178.846191,4181.410156,4194.615234000001,4201.538574,4174.230957,4192.820313,4199.871582
4193.461426,4183.461426,4186.538574,4189.871582,4212.05127,4214.743652,4229.871582,4209.230957,4199.487305,4197.94873,4201.282227000001,4167.563965,4189.102539,4190.897461
4190.128418,4177.94873,4184.487305,4179.615234000001,4209.230957,4221.282227000001,4251.282227000001,4243.846191,4217.563965,4201.410156,4204.615234000001,4170.0,4184.871582,4190.641113000001
4183.589844,4173.846191,4180.769043,4173.077147999999,4205.384765999999,4218.333496,4257.307617,4250.897461,4225.384765999999,4201.410156,4200.512695,4172.94873,4178.717772999999,4185.897461
4187.179688,4176.794922,4182.179688,4176.666504,4202.563965,4214.743652,4243.333496,4244.743652,4228.205078,4210.0,4201.025879,4175.512695,4183.974121,4185.769043
4200.256348,4187.820313,4193.846191,4188.461426,4208.974121,4213.717772999999,4228.589844,4235.641113000001,4224.871582,4218.461426,4207.692383,4177.436035,4191.410156,4194.615234000001
4211.922852000001,4198.333496,4204.615234000001,4202.692383,4220.384765999999,4209.487305,4219.102539,4224.615234000001,4220.0,4219.743652,4215.641113000001,4182.94873,4200.0,4205.256348
4216.153809,4206.538574,4210.512695,4210.769043,4223.846191,4205.641113000001,4211.025879,4222.820313,4218.589844,4218.205078,4219.487305,4190.256348,4209.871582,4208.974121
4212.05127,4206.153809,4210.512695,4209.230957,4226.153809,4207.563965,4207.563965,4214.230957,4203.846191,4209.615234000001,4212.692383,4189.743652,4205.128418,4199.615234000001
4205.256348,4198.333496,4205.128418,4205.512695,4230.769043,4207.307617,4209.358886999999,4188.717772999999,4182.05127,4195.769043,4201.794922,4186.666504,4191.025879,4187.563965
4199.615234000001,4197.94873,4201.538574,4206.410156,4225.641113000001,4198.846191,4215.897461,4174.871582,4177.179688,4192.563965,4196.794922,4183.589844,4186.025879,4184.487305
4197.307617,4203.333496,4200.897461,4207.94873,4218.077147999999,4193.717772999999,4229.358886999999,4179.871582,4180.128418,4193.333496,4193.846191,4179.102539,4183.205078,4182.179688
4204.743652,4206.666504,4207.94873,4211.538574,4222.179688,4201.794922,4236.153809,4188.077147999999,4183.717772999999,4195.769043,4197.563965,4180.769043,4182.820313,4182.692383
4212.436035,4207.692383,4216.922852000001,4211.282227000001,4221.153809,4205.256348,4235.769043,4210.512695,4194.102539,4205.769043,4207.307617,4186.410156,4191.410156,4193.846191
4207.179688,4198.974121,4211.153809,4202.563965,4211.025879,4192.179688,4235.0,4236.153809,4194.615234000001,4203.077147999999,4206.922852000001,4186.282227000001,4193.717772999999,4196.922852000001
4205.128418,4194.230957,4205.256348,4203.717772999999,4213.846191,4191.410156,4227.563965,4225.256348,4191.666504,4195.0,4205.256348,4185.512695,4189.358886999999,4194.871582
4213.846191,4202.820313,4212.563965,4209.487305,4218.205078,4209.358886999999,4220.769043,4206.410156,4202.05127,4200.384765999999,4211.153809,4190.0,4188.589844,4200.641113000001
4216.922852000001,4205.384765999999,4215.256348,4206.282227000001,4217.436035,4216.153809,4221.282227000001,4217.179688,4211.153809,4204.871582,4206.794922,4190.256348,4189.230957,4201.922852000001
4210.0,4198.717772999999,4210.641113000001,4205.384765999999,4222.563965,4206.153809,4217.563965,4229.102539,4214.615234000001,4206.153809,4199.743652,4183.717772999999,4189.871582,4198.333496
4203.333496,4191.794922,4208.205078,4205.384765999999,4218.333496,4195.769043,4211.282227000001,4225.769043,4218.846191,4210.769043,4203.077147999999,4181.282227000001,4185.384765999999,4196.153809
4201.794922,4190.0,4204.358886999999,4201.153809,4208.589844,4202.05127,4216.282227000001,4218.461426,4214.871582,4211.282227000001,4202.436035,4182.05127,4174.743652,4191.922852000001
4194.871582,4187.692383,4192.820313,4197.94873,4212.820313,4212.05127,4220.0,4207.05127,4202.692383,4205.512695,4191.922852000001,4178.846191,4165.641113000001,4181.922852000001
4182.05127,4180.897461,4182.820313,4190.897461,4216.794922,4205.0,4211.922852000001,4200.769043,4200.512695,4203.461426,4188.205078,4173.717772999999,4169.615234000001,4176.282227000001
4185.384765999999,4186.025879,4189.615234000001,4191.025879,4217.307617,4200.769043,4214.743652,4206.666504,4208.077147999999,4209.615234000001,4196.666504,4174.358886999999,4188.461426,4181.410156
4201.282227000001,4198.717772999999,4204.615234000001,4203.461426,4221.794922,4210.769043,4222.94873,4203.333496,4205.512695,4215.0,4203.205078,4176.025879,4202.436035,4189.743652
4211.025879,4206.794922,4211.922852000001,4208.461426,4222.05127,4211.153809,4219.487305,4199.743652,4200.128418,4213.333496,4203.846191,4179.230957,4204.487305,4198.461426
4215.897461,4212.692383,4213.846191,4206.410156,4220.897461,4202.179688,4215.256348,4205.256348,4195.128418,4204.102539,4203.077147999999,4187.179688,4203.717772999999,4202.563965
4221.153809,4217.436035,4218.461426,4211.538574,4225.384765999999,4204.487305,4215.384765999999,4199.743652,4184.615234000001,4196.922852000001,4203.077147999999,4193.077147999999,4203.205078,4204.102539
4227.307617,4221.666504,4229.358886999999,4221.922852000001,4230.512695,4211.666504,4210.128418,4205.0,4191.410156,4206.025879,4213.589844,4200.0,4211.410156,4215.256348
4223.846191,4218.589844,4231.025879,4219.615234000001,4222.179688,4204.358886999999,4203.974121,4217.307617,4202.563965,4214.615234000001,4218.461426,4202.307617,4216.282227000001,4220.512695
4210.641113000001,4206.410156,4218.077147999999,4207.563965,4210.769043,4193.974121,4216.282227000001,4213.974121,4199.102539,4207.563965,4206.282227000001,4192.563965,4205.256348,4204.487305
4204.358886999999,4199.358886999999,4207.94873,4203.461426,4211.410156,4197.563965,4233.589844,4221.410156,4204.487305,4203.205078,4198.205078,4183.717772999999,4197.820313,4191.922852000001
4202.05127,4197.436035,4202.563965,4201.666504,4212.692383,4204.358886999999,4229.487305,4232.94873,4214.230957,4205.897461,4197.05127,4178.077147999999,4197.820313,4192.94873
4196.666504,4192.820313,4198.974121,4196.153809,4214.871582,4206.025879,4220.641113000001,4225.512695,4214.743652,4211.282227000001,4196.538574,4173.205078,4200.769043,4193.589844
4193.974121,4192.692383,4196.666504,4193.461426,4221.538574,4213.333496,4220.256348,4219.230957,4223.333496,4221.153809,4201.282227000001,4176.410156,4210.256348,4192.692383
4193.717772999999,4202.436035,4192.563965,4196.538574,4225.256348,4230.256348,4225.769043,4220.641113000001,4231.666504,4228.846191,4203.846191,4182.820313,4212.307617,4191.666504
4189.487305,4205.128418,4186.025879,4196.410156,4224.487305,4236.282227000001,4233.333496,4209.871582,4215.0,4221.538574,4195.256348,4177.692383,4197.05127,4189.230957
4186.794922,4195.256348,4181.282227000001,4191.282227000001,4223.077147999999,4218.205078,4223.717772999999,4192.179688,4195.128418,4205.512695,4183.333496,4169.358886999999,4184.102539,4186.922852000001
4198.461426,4198.717772999999,4190.769043,4196.922852000001,4225.769043,4205.384765999999,4208.717772999999,4198.717772999999,4203.589844,4208.077147999999,4188.974121,4180.897461,4195.512695,4195.128418
4217.436035,4219.358886999999,4210.128418,4214.615234000001,4228.077147999999,4210.769043,4215.897461,4215.512695,4217.307617,4221.794922,4205.512695,4199.102539,4214.871582,4210.384765999999
4224.230957,4230.512695,4217.692383,4224.615234000001,4227.820313,4216.666504,4220.0,4205.0,4205.256348,4218.333496,4207.563965,4198.333496,4222.179688,4216.666504
4221.666504,4227.05127,4217.05127,4224.102539,4227.563965,4209.102539,4193.461426,4181.794922,4186.538574,4206.794922,4198.974121,4191.922852000001,4223.846191,4220.0
4227.05127,4223.717772999999,4221.666504,4222.692383,4223.077147999999,4193.717772999999,4181.538574,4189.743652,4188.205078,4208.333496,4199.871582,4197.94873,4222.436035,4226.538574
4231.666504,4220.512695,4220.512695,4219.358886999999,4216.410156,4194.743652,4209.230957,4217.05127,4199.871582,4213.717772999999,4206.282227000001,4202.436035,4217.563965,4226.794922
4220.641113000001,4211.282227000001,4208.974121,4208.717772999999,4215.256348,4206.794922,4224.487305,4223.846191,4203.461426,4213.589844,4208.461426,4197.05127,4214.743652,4223.589844
4210.512695,4205.128418,4205.0,4200.256348,4214.871582,4211.794922,4217.692383,4225.128418,4209.615234000001,4219.102539,4212.307617,4195.641113000001,4220.897461,4227.94873
4212.307617,4201.153809,4202.436035,4200.897461,4208.717772999999,4213.846191,4227.436035,4231.025879,4220.128418,4225.256348,4212.307617,4194.102539,4227.820313,4229.358886999999
4206.666504,4191.410156,4187.05127,4192.563965,4201.666504,4214.871582,4239.487305,4223.589844,4217.436035,4214.615234000001,4200.897461,4180.0,4218.717772999999,4216.282227000001
4202.179688,4194.358886999999,4181.282227000001,4187.05127,4205.128418,4217.179688,4236.666504,4217.436035,4213.461426,4207.436035,4200.256348,4171.922852000001,4209.358886999999,4211.025879
4213.846191,4207.820313,4193.205078,4196.153809,4210.256348,4223.846191,4235.897461,4225.384765999999,4219.743652,4218.333496,4213.846191,4181.538574,4216.666504,4221.153809
4220.512695,4205.0,4194.743652,4199.871582,4207.563965,4225.256348,4228.461426,4223.205078,4221.282227000001,4222.692383,4217.05127,4186.025879,4219.487305,4222.820313
4211.538574,4196.922852000001,4187.563965,4195.897461,4208.717772999999,4221.538574,4217.563965,4204.358886999999,4214.487305,4214.102539,4209.871582,4176.410156,4207.563965,4210.641113000001
4201.666504,4194.743652,4187.307617,4190.769043,4204.615234000001,4218.589844,4225.128418,4198.205078,4205.0,4203.974121,4203.461426,4169.615234000001,4201.153809,4203.205078
4207.307617,4198.846191,4193.717772999999,4192.94873,4202.05127,4214.743652,4224.871582,4200.384765999999,4199.743652,4202.436035,4208.461426,4176.282227000001,4211.538574,4211.666504
4223.333496,4212.307617,4208.333496,4209.487305,4216.025879,4211.538574,4201.153809,4191.666504,4200.897461,4213.333496,4225.384765999999,4189.871582,4227.692383,4227.692383
4235.897461,4223.589844,4224.358886999999,4222.94873,4220.256348,4201.025879,4188.974121,4184.230957,4198.589844,4220.384765999999,4239.487305,4203.846191,4238.846191,4241.666504
4239.871582,4224.871582,4228.077147999999,4218.461426,4205.384765999999,4186.666504,4195.641113000001,4185.512695,4195.128418,4215.641113000001,4242.179688,4209.615234000001,4238.333496,4246.538574
4235.128418,4220.641113000001,4221.922852000001,4209.871582,4199.743652,4187.692383,4192.179688,4181.666504,4194.743652,4211.153809,4238.589844,4203.205078,4230.641113000001,4243.077147999999
4232.436035,4215.0,4221.153809,4211.922852000001,4207.692383,4195.897461,4190.512695,4187.563965,4197.692383,4215.641113000001,4239.102539,4203.589844,4233.846191,4243.205078
4236.794922,4214.871582,4223.717772999999,4213.589844,4210.769043,4196.153809,4202.436035,4212.94873,4209.871582,4223.077147999999,4243.717772999999,4209.487305,4241.282227000001,4242.820313
4235.641113000001,4217.692383,4217.563965,4207.05127,4207.05127,4199.615234000001,4216.410156,4233.461426,4226.794922,4225.0,4240.384765999999,4206.282227000001,4230.512695,4233.974121
4225.256348,4213.077147999999,4210.512695,4201.922852000001,4206.538574,4211.538574,4229.615234000001,4246.922852000001,4238.589844,4222.05127,4232.05127,4198.461426,4217.436035,4224.230957
4213.077147999999,4199.487305,4202.179688,4195.897461,4207.94873,4210.128418,4226.282227000001,4243.333496,4233.589844,4214.871582,4225.897461,4191.666504,4212.94873,4214.615234000001
4196.282227000001,4183.974121,4183.846191,4180.384765999999,4201.410156,4208.333496,4219.102539,4216.153809,4211.538574,4200.128418,4209.871582,4181.666504,4196.666504,4196.153809
4183.846191,4174.871582,4172.692383,4171.153809,4196.538574,4222.94873,4230.256348,4216.794922,4206.410156,4192.692383,4194.487305,4168.077147999999,4181.410156,4180.641113000001
4190.897461,4183.205078,4181.538574,4181.794922,4208.717772999999,4227.563965,4228.205078,4226.922852000001,4217.692383,4200.128418,4200.512695,4165.128418,4186.922852000001,4182.94873
4205.128418,4196.666504,4194.358886999999,4193.333496,4216.025879,4218.333496,4207.692383,4196.025879,4211.282227000001,4205.641113000001,4212.820313,4176.025879,4195.897461,4193.077147999999
4206.794922,4191.922852000001,4198.846191,4189.102539,4204.230957,4210.128418,4200.897461,4174.615234000001,4199.487305,4201.794922,4216.282227000001,4186.153809,4195.512695,4196.794922
4209.871582,4190.769043,4204.871582,4188.589844,4197.820313,4197.94873,4199.871582,4185.512695,4198.461426,4197.179688,4215.897461,4187.820313,4197.307617,4198.974121
4230.769043,4219.487305,4220.641113000001,4206.410156,4211.282227000001,4190.512695,4182.94873,4182.307617,4192.692383,4201.025879,4222.307617,4195.769043,4208.589844,4212.307617
4250.769043,4247.05127,4237.179688,4222.563965,4225.512695,4196.538574,4170.0,4167.94873,4184.230957,4208.077147999999,4233.974121,4213.461426,4223.077147999999,4231.153809
4254.743652,4247.05127,4243.461426,4221.922852000001,4221.666504,4195.512695,4179.358886999999,4175.128418,4189.487305,4208.461426,4240.897461,4223.846191,4225.769043,4238.717772999999
4248.461426,4234.743652,4237.05127,4214.743652,4209.102539,4183.205078,4187.05127,4189.102539,4194.871582,4200.641113000001,4231.410156,4218.846191,4212.307617,4230.641113000001
4237.436035,4223.461426,4224.102539,4207.307617,4203.205078,4183.717772999999,4187.692383,4190.128418,4193.461426,4194.230957,4213.461426,4206.922852000001,4200.0,4217.563965
4225.0,4214.230957,4215.256348,4200.512695,4205.128418,4196.922852000001,4203.717772999999,4192.436035,4199.743652,4194.230957,4207.05127,4198.717772999999,4197.307617,4210.641113000001
4208.461426,4202.94873,4204.871582,4193.461426,4206.282227000001,4199.615234000001,4214.487305,4201.282227000001,4204.487305,4190.897461,4200.897461,4190.897461,4185.769043,4198.974121
4192.820313,4188.333496,4192.179688,4184.871582,4202.179688,4194.358886999999,4207.179688,4214.358886999999,4203.974121,4185.641113000001,4188.717772999999,4179.358886999999,4168.846191,4180.256348
4184.871582,4181.794922,4186.794922,4178.589844,4195.512695,4200.256348,4214.102539,4227.436035,4207.692383,4186.282227000001,4182.05127,4171.538574,4163.846191,4168.846191
4181.025879,4182.179688,4183.205078,4173.974121,4191.410156,4208.461426,4223.974121,4215.512695,4202.179688,4181.410156,4179.487305,4170.512695,4163.461426,4164.871582
4185.384765999999,4188.589844,4183.589844,4177.563965,4201.538574,4207.692383,4207.820313,4189.102539,4193.846191,4181.538574,4185.0,4175.769043,4172.692383,4169.743652
4198.205078,4197.05127,4191.538574,4187.05127,4209.487305,4202.179688,4191.025879,4186.794922,4201.538574,4198.333496,4196.538574,4180.256348,4188.974121,4183.846191
4203.717772999999,4196.410156,4196.538574,4187.436035,4200.256348,4202.179688,4193.205078,4190.0,4200.512695,4200.897461,4197.307617,4174.102539,4190.256348,4190.128418
4205.128418,4201.025879,4199.487305,4192.05127,4204.102539,4212.05127,4197.05127,4179.743652,4188.077147999999,4190.897461,4193.077147999999,4173.333496,4187.179688,4191.153809
4216.666504,4218.077147999999,4208.974121,4209.615234000001,4220.0,4214.487305,4193.461426,4182.436035,4191.153809,4196.410156,4201.666504,4191.153809,4197.820313,4205.512695
4234.615234000001,4230.128418,4225.897461,4221.153809,4222.692383,4209.102539,4195.128418,4194.743652,4200.641113000001,4208.717772999999,4219.230957,4207.05127,4213.846191,4225.512695
4242.563965,4230.512695,4233.846191,4220.769043,4214.358886999999,4209.487305,4205.0,4192.179688,4198.846191,4208.461426,4227.179688,4204.615234000001,4217.820313,4232.563965
4238.846191,4227.94873,4223.974121,4216.794922,4210.769043,4206.666504,4210.769043,4198.077147999999,4197.563965,4203.589844,4222.179688,4199.230957,4210.384765999999,4227.179688
4233.846191,4223.974121,4218.846191,4215.897461,4216.666504,4205.769043,4207.563965,4221.666504,4211.666504,4207.820313,4219.743652,4202.307617,4206.410156,4223.077147999999
4225.256348,4213.589844,4222.94873,4213.461426,4218.205078,4212.563965,4207.94873,4227.692383,4220.256348,4209.102539,4218.333496,4200.384765999999,4202.820313,4217.179688
4209.743652,4201.922852000001,4211.025879,4201.922852000001,4210.384765999999,4211.922852000001,4216.794922,4219.871582,4211.666504,4205.384765999999,4207.307617,4189.487305,4188.846191,4202.436035
4191.794922,4188.717772999999,4188.077147999999,4184.871582,4200.769043,4207.05127,4220.0,4218.333496,4201.025879,4198.205078,4193.333496,4177.94873,4171.538574,4184.358886999999
4185.128418,4181.410156,4183.461426,4177.436035,4205.0,4210.512695,4207.179688,4235.384765999999,4209.358886999999,4195.512695,4191.794922,4176.153809,4168.846191,4177.436035
4195.256348,4194.615234000001,4198.077147999999,4189.615234000001,4220.0,4218.846191,4202.820313,4252.820313,4225.256348,4211.153809,4207.436035,4185.897461,4182.563965,4189.230957
4203.846191,4204.230957,4202.94873,4197.820313,4220.256348,4218.205078,4209.230957,4222.179688,4214.743652,4216.666504,4215.769043,4187.692383,4188.461426,4197.436035
4202.563965,4199.871582,4197.05127,4194.102539,4215.256348,4215.256348,4200.0,4175.512695,4194.358886999999,4202.307617,4206.666504,4180.384765999999,4185.0,4194.102539
4211.025879,4204.102539,4202.94873,4196.282227000001,4220.897461,4220.641113000001,4194.743652,4181.666504,4195.512695,4200.512695,4207.820313,4185.384765999999,4193.461426,4199.615234000001
4229.615234000001,4213.589844,4215.384765999999,4205.641113000001,4222.179688,4221.410156,4197.820313,4204.230957,4201.666504,4209.358886999999,4221.538574,4204.487305,4207.436035,4214.358886999999
4241.153809,4221.282227000001,4223.461426,4215.256348,4219.743652,4216.538574,4190.128418,4199.230957,4204.743652,4212.94873,4230.641113000001,4218.077147999999,4219.615234000001,4227.563965
4241.538574,4228.205078,4226.410156,4216.666504,4220.512695,4213.846191,4188.077147999999,4204.487305,4212.94873,4217.94873,4232.436035,4218.077147999999,4225.512695,4231.794922
4235.897461,4225.384765999999,4224.102539,4213.077147999999,4217.820313,4213.589844,4204.615234000001,4221.282227000001,4217.94873,4222.307617,4231.922852000001,4210.512695,4220.0,4226.153809
4229.358886999999,4216.922852000001,4220.128418,4213.333496,4216.666504,4214.487305,4214.615234000001,4217.436035,4215.512695,4217.94873,4231.666504,4204.615234000001,4217.179688,4219.615234000001
4218.589844,4210.769043,4212.94873,4206.922852000001,4217.94873,4212.563965,4211.153809,4214.487305,4213.717772999999,4212.820313,4225.512695,4200.0,4218.461426,4210.897461
4208.333496,4206.538574,4207.05127,4200.641113000001,4216.410156,4211.025879,4212.820313,4219.743652,4214.358886999999,4215.128418,4219.358886999999,4199.615234000001,4214.102539,4202.820313
4207.307617,4204.358886999999,4210.512695,4206.922852000001,4216.666504,4213.589844,4208.589844,4210.256348,4213.974121,4218.077147999999,4218.205078,4204.230957,4206.666504,4201.025879
4203.077147999999,4200.256348,4209.615234000001,4205.0,4219.358886999999,4220.512695,4202.820313,4201.410156,4208.205078,4207.692383,4209.487305,4199.358886999999,4193.205078,4190.769043
4193.846191,4192.179688,4197.436035,4188.589844,4217.179688,4220.512695,4211.794922,4216.025879,4206.538574,4192.563965,4193.717772999999,4186.538574,4177.563965,4174.230957
4196.538574,4190.897461,4193.077147999999,4183.589844,4213.205078,4213.333496,4214.871582,4221.794922,4209.615234000001,4193.077147999999,4191.025879,4185.128418,4179.871582,4177.94873
4208.461426,4201.025879,4200.128418,4197.179688,4216.538574,4215.512695,4207.05127,4208.077147999999,4212.307617,4204.487305,4205.769043,4195.512695,4200.641113000001,4195.641113000001
4212.563965,4207.05127,4203.205078,4205.128418,4224.871582,4223.461426,4206.025879,4206.025879,4212.179688,4206.282227000001,4214.358886999999,4200.769043,4210.256348,4199.487305
4210.641113000001,4205.0,4203.205078,4200.769043,4225.0,4218.846191,4209.743652,4214.871582,4210.641113000001,4201.282227000001,4211.410156,4203.077147999999,4203.333496,4197.692383
4219.615234000001,4215.128418,4216.410156,4209.487305,4223.974121,4211.410156,4208.077147999999,4214.487305,4217.05127,4214.743652,4220.769043,4213.205078,4212.820313,4212.563965
4232.820313,4228.333496,4233.717772999999,4224.743652,4226.153809,4214.102539,4200.512695,4200.512695,4222.820313,4234.358886999999,4236.794922,4220.0,4235.0,4228.205078
4229.871582,4222.94873,4235.769043,4221.538574,4221.153809,4217.436035,4204.487305,4195.256348,4217.179688,4227.820313,4230.512695,4212.94873,4230.897461,4221.410156
4211.153809,4208.461426,4220.897461,4207.436035,4217.307617,4215.641113000001,4217.94873,4203.717772999999,4209.230957,4207.307617,4210.769043,4200.769043,4207.94873,4202.692383
4198.846191,4205.769043,4209.102539,4202.692383,4221.153809,4211.153809,4207.05127,4207.563965,4210.512695,4202.05127,4206.794922,4195.897461,4201.538574,4193.333496
4203.717772999999,4212.820313,4212.94873,4206.282227000001,4223.333496,4209.615234000001,4189.358886999999,4217.05127,4220.256348,4215.384765999999,4216.922852000001,4198.717772999999,4212.563965,4196.410156
4202.94873,4210.0,4213.333496,4203.974121,4216.282227000001,4212.307617,4197.307617,4232.307617,4223.461426,4220.0,4216.666504,4196.922852000001,4215.641113000001,4197.563965
4186.794922,4197.563965,4200.641113000001,4195.897461,4208.077147999999,4215.512695,4207.692383,4224.358886999999,4210.512695,4202.692383,4202.436035,4186.922852000001,4202.563965,4187.94873
4177.94873,4190.897461,4190.769043,4187.563965,4207.94873,4218.077147999999,4205.384765999999,4196.025879,4192.179688,4186.666504,4192.307617,4178.333496,4191.153809,4178.461426
4183.846191,4193.717772999999,4191.153809,4182.307617,4208.333496,4214.615234000001,4205.641113000001,4197.436035,4194.102539,4193.974121,4195.641113000001,4176.794922,4193.589844,4181.794922
4190.897461,4199.102539,4197.307617,4184.230957,4208.333496,4209.358886999999,4205.128418,4221.282227000001,4208.974121,4209.871582,4205.641113000001,4180.384765999999,4203.846191,4191.666504
4187.179688,4195.0,4196.025879,4184.615234000001,4209.487305,4212.05127,4198.077147999999,4210.128418,4202.563965,4203.461426,4204.102539,4179.102539,4199.230957,4188.974121
4174.743652,4182.820313,4181.794922,4174.871582,4206.666504,4215.256348,4196.666504,4186.538574,4183.333496,4183.333496,4186.282227000001,4169.615234000001,4181.794922,4174.358886999999
4173.333496,4183.461426,4179.871582,4173.717772999999,4203.461426,4205.0,4198.589844,4204.358886999999,4188.717772999999,4183.461426,4181.282227000001,4168.333496,4181.666504,4171.794922
4190.641113000001,4198.333496,4203.461426,4192.563965,4208.333496,4195.384765999999,4198.077147999999,4227.692383,4208.205078,4198.205078,4196.282227000001,4182.563965,4195.641113000001,4186.153809
4206.922852000001,4209.871582,4222.94873,4210.769043,4218.333496,4202.563965,4200.256348,4219.487305,4208.589844,4202.436035,4204.230957,4193.461426,4202.307617,4198.846191
4207.692383,4209.487305,4221.922852000001,4213.077147999999,4218.461426,4206.666504,4197.179688,4209.230957,4194.743652,4197.820313,4198.589844,4191.153809,4200.769043,4202.307617
4208.077147999999,4209.743652,4220.384765999999,4215.512695,4216.666504,4201.666504,4192.179688,4206.922852000001,4195.0,4202.94873,4199.871582,4193.974121,4209.358886999999,4206.666504
4213.717772999999,4217.820313,4227.179688,4222.692383,4224.487305,4207.436035,4198.974121,4203.846191,4208.974121,4219.615234000001,4210.128418,4201.538574,4224.871582,4215.384765999999
4207.05127,4215.256348,4220.512695,4211.410156,4221.153809,4212.05127,4198.205078,4201.538574,4207.820313,4220.384765999999,4203.974121,4194.487305,4219.871582,4215.641113000001
4196.410156,4204.615234000001,4203.589844,4193.846191,4210.0,4209.358886999999,4188.205078,4197.94873,4197.179688,4205.769043,4187.692383,4183.717772999999,4204.743652,4208.589844
4196.666504,4202.94873,4195.256348,4190.769043,4208.717772999999,4213.846191,4194.487305,4196.282227000001,4201.153809,4204.615234000001,4187.692383,4186.410156,4204.743652,4207.307617
4192.179688,4193.589844,4186.282227000001,4182.563965,4198.333496,4215.384765999999,4218.077147999999,4201.794922,4201.410156,4203.717772999999,4187.820313,4184.487305,4199.871582,4204.743652
4181.538574,4176.538574,4177.05127,4168.846191,4184.743652,4213.589844,4230.128418,4211.922852000001,4191.282227000001,4188.846191,4174.358886999999,4173.205078,4174.743652,4194.102539
4183.974121,4180.0,4183.461426,4175.0,4192.307617,4215.256348,4217.563965,4221.794922,4196.025879,4188.846191,4174.615234000001,4178.589844,4171.282227000001,4191.666504
4196.410156,4195.641113000001,4198.717772999999,4191.538574,4204.102539,4210.769043,4205.256348,4229.615234000001,4211.153809,4208.974121,4195.897461,4191.922852000001,4201.025879,4206.794922
4198.077147999999,4193.461426,4199.871582,4189.230957,4199.487305,4202.692383,4209.102539,4225.256348,4214.358886999999,4217.692383,4206.666504,4188.205078,4218.205078,4215.641113000001
4195.897461,4184.102539,4197.307617,4181.153809,4192.179688,4203.205078,4212.307617,4220.384765999999,4210.384765999999,4211.153809,4206.153809,4183.589844,4214.871582,4211.025879
4205.128418,4190.0,4207.692383,4189.743652,4197.05127,4207.307617,4203.846191,4227.692383,4212.563965,4209.487305,4213.077147999999,4192.05127,4216.410156,4212.05127
4214.230957,4197.94873,4214.743652,4198.461426,4200.384765999999,4196.410156,4192.94873,4219.615234000001,4207.307617,4206.282227000001,4215.769043,4198.461426,4218.717772999999,4216.538574
4216.794922,4202.179688,4214.871582,4199.487305,4197.05127,4186.410156,4183.077147999999,4190.641113000001,4199.102539,4206.282227000001,4217.563965,4196.153809,4223.333496,4219.487305
4220.256348,4212.563965,4218.589844,4208.077147999999,4204.871582,4200.0,4173.077147999999,4179.615234000001,4208.077147999999,4219.743652,4229.615234000001,4198.205078,4240.0,4227.179688
4219.743652,4210.384765999999,4214.230957,4210.641113000001,4213.846191,4211.794922,4170.897461,4192.307617,4215.769043,4224.615234000001,4230.897461,4199.487305,4239.487305,4227.820313
4214.871582,4197.436035,4204.102539,4200.256348,4210.256348,4208.846191,4185.897461,4206.666504,4217.307617,4222.563965,4223.461426,4193.077147999999,4222.820313,4219.102539
4206.153809,4191.153809,4198.589844,4190.897461,4205.641113000001,4213.589844,4208.717772999999,4220.769043,4226.025879,4224.358886999999,4220.769043,4186.410156,4215.897461,4209.230957
4196.282227000001,4186.282227000001,4196.410156,4185.897461,4203.589844,4220.641113000001,4216.922852000001,4232.820313,4230.641113000001,4222.05127,4217.436035,4181.538574,4215.0,4200.256348
4191.153809,4179.615234000001,4195.641113000001,4182.820313,4196.153809,4211.922852000001,4220.128418,4240.128418,4224.871582,4216.282227000001,4210.128418,4176.282227000001,4209.358886999999,4195.384765999999
4186.794922,4174.358886999999,4189.871582,4177.179688,4190.512695,4201.410156,4225.128418,4239.871582,4213.333496,4203.589844,4199.871582,4170.384765999999,4195.512695,4192.692383
4184.871582,4175.384765999999,4182.436035,4176.025879,4195.769043,4203.717772999999,4220.512695,4224.230957,4203.205078,4189.871582,4197.563965,4172.307617,4191.538574,4189.871582
4191.922852000001,4184.358886999999,4188.974121,4185.769043,4200.384765999999,4210.641113000001,4218.205078,4203.333496,4199.615234000001,4191.282227000001,4206.922852000001,4180.384765999999,4202.05127,4195.128418
4206.282227000001,4200.641113000001,4209.358886999999,4201.922852000001,4206.282227000001,4214.230957,4219.615234000001,4205.0,4206.794922,4204.230957,4220.0,4194.487305,4214.102539,4212.94873
4222.436035,4216.025879,4227.563965,4219.230957,4219.871582,4213.077147999999,4208.846191,4221.538574,4215.512695,4216.153809,4233.589844,4212.563965,4226.666504,4230.641113000001
4232.692383,4218.974121,4230.256348,4225.0,4223.333496,4204.615234000001,4191.025879,4217.05127,4211.794922,4221.922852000001,4243.333496,4217.94873,4236.282227000001,4236.153809
4231.538574,4216.538574,4225.512695,4217.05127,4213.461426,4198.333496,4185.769043,4195.128418,4202.820313,4222.820313,4244.358886999999,4214.615234000001,4237.563965,4235.769043
4226.538574,4215.641113000001,4223.974121,4212.307617,4208.077147999999,4197.692383,4190.512695,4187.436035,4204.871582,4223.846191,4245.0,4215.256348,4238.077147999999,4235.897461
4223.974121,4211.538574,4222.436035,4212.436035,4208.461426,4196.153809,4191.025879,4202.820313,4213.205078,4223.333496,4243.846191,4215.0,4240.0,4233.077147999999
4217.820313,4205.0,4217.307617,4204.743652,4208.717772999999,4196.922852000001,4191.922852000001,4216.153809,4215.641113000001,4220.897461,4239.230957,4208.974121,4236.666504,4227.307617
4206.666504,4196.922852000001,4210.0,4193.461426,4203.205078,4199.615234000001,4197.692383,4214.230957,4213.589844,4217.179688,4234.230957,4202.94873,4229.615234000001,4219.230957
4197.94873,4186.410156,4205.0,4188.333496,4196.538574,4203.333496,4208.974121,4215.384765999999,4210.769043,4211.282227000001,4222.179688,4196.025879,4224.102539,4207.436035
4195.128418,4185.256348,4202.563965,4189.230957,4200.769043,4208.974121,4217.436035,4224.871582,4212.179688,4209.615234000001,4211.538574,4189.743652,4227.94873,4198.205078
4185.897461,4186.025879,4192.692383,4183.846191,4199.487305,4208.974121,4220.512695,4221.666504,4210.0,4205.769043,4205.0,4183.717772999999,4225.0,4189.230957
4174.615234000001,4177.436035,4186.153809,4177.179688,4193.461426,4205.769043,4224.743652,4216.025879,4202.307617,4195.641113000001,4197.05127,4177.94873,4209.358886999999,4182.94873
4183.461426,4177.820313,4197.692383,4183.846191,4199.487305,4203.717772999999,4214.102539,4219.358886999999,4201.153809,4195.512695,4197.179688,4184.102539,4208.077147999999,4191.282227000001
4206.538574,4197.94873,4216.025879,4199.615234000001,4207.563965,4198.974121,4194.615234000001,4215.769043,4204.871582,4204.615234000001,4212.05127,4198.205078,4226.794922,4208.205078
4218.974121,4210.256348,4228.717772999999,4211.538574,4207.692383,4197.05127,4199.230957,4221.922852000001,4210.128418,4210.256348,4226.025879,4206.153809,4241.666504,4218.333496
4217.563965,4199.743652,4231.410156,4208.846191,4201.153809,4191.410156,4205.641113000001,4226.922852000001,4204.615234000001,4206.282227000001,4224.230957,4207.307617,4239.230957,4222.436035
4222.05127,4196.794922,4229.102539,4205.128418,4198.461426,4185.769043,4190.128418,4196.666504,4191.538574,4204.230957,4223.205078,4210.0,4237.563965,4229.743652
4228.205078,4209.615234000001,4232.94873,4212.820313,4204.487305,4195.512695,4181.282227000001,4172.05127,4193.717772999999,4213.589844,4231.666504,4215.0,4245.384765999999,4235.256348
4217.307617,4207.179688,4229.871582,4211.666504,4204.743652,4194.102539,4190.384765999999,4187.436035,4203.846191,4217.436035,4230.0,4213.974121,4240.769043,4228.717772999999
4201.538574,4193.589844,4213.205078,4197.05127,4196.922852000001,4177.820313,4193.461426,4202.94873,4203.461426,4211.666504,4218.589844,4206.025879,4225.769043,4218.077147999999
4202.307617,4191.922852000001,4206.282227000001,4193.077147999999,4198.205078,4185.128418,4190.256348,4203.077147999999,4204.358886999999,4212.307617,4217.563965,4200.641113000001,4224.743652,4216.410156
4208.589844,4196.410156,4209.871582,4200.128418,4207.94873,4210.0,4201.794922,4219.487305,4217.307617,4220.128418,4224.615234000001,4201.922852000001,4232.307617,4217.94873
4200.897461,4191.282227000001,4204.102539,4197.307617,4207.692383,4212.436035,4214.230957,4235.256348,4221.282227000001,4218.077147999999,4222.05127,4197.05127,4227.692383,4212.563965
4186.025879,4180.0,4193.461426,4184.615234000001,4200.128418,4202.436035,4214.358886999999,4219.743652,4208.205078,4203.974121,4207.05127,4186.153809,4216.153809,4200.384765999999
4181.153809,4173.077147999999,4188.846191,4178.717772999999,4199.487305,4211.025879,4219.358886999999,4204.230957,4199.615234000001,4195.128418,4193.333496,4178.846191,4210.256348,4189.230957
4189.615234000001,4176.538574,4190.0,4183.846191,4201.794922,4211.666504,4215.384765999999,4213.077147999999,4203.717772999999,4200.0,4197.436035,4180.897461,4213.461426,4190.384765999999
4199.743652,4186.666504,4197.563965,4190.0,4203.077147999999,4196.153809,4197.820313,4213.205078,4206.666504,4208.461426,4210.0,4191.153809,4223.461426,4201.922852000001
4202.820313,4188.205078,4205.384765999999,4190.769043,4201.794922,4192.05127,4189.743652,4187.307617,4191.922852000001,4200.512695,4209.102539,4196.282227000001,4225.128418,4205.384765999999
4208.974121,4186.538574,4210.384765999999,4195.384765999999,4198.077147999999,4192.820313,4187.179688,4180.256348,4179.615234000001,4192.692383,4207.692383,4197.692383,4222.94873,4205.128418
4222.436035,4198.205078,4222.692383,4206.922852000001,4200.769043,4186.153809,4173.974121,4203.974121,4193.333496,4207.436035,4226.025879,4206.922852000001,4236.538574,4217.563965
4223.589844,4203.589844,4230.384765999999,4208.846191,4203.717772999999,4180.641113000001,4162.307617,4204.230957,4202.820313,4215.641113000001,4235.641113000001,4216.282227000001,4244.615234000001,4226.794922
4214.487305,4195.769043,4225.769043,4204.615234000001,4199.358886999999,4177.563965,4166.538574,4185.641113000001,4193.589844,4205.384765999999,4225.0,4215.641113000001,4236.410156,4223.846191
4212.692383,4196.794922,4222.692383,4207.692383,4199.871582,4178.205078,4180.0,4185.641113000001,4189.871582,4203.205078,4223.846191,4209.615234000001,4235.128418,4220.0
4208.974121,4199.743652,4219.871582,4207.94873,4206.922852000001,4189.487305,4185.897461,4196.282227000001,4197.05127,4207.692383,4226.922852000001,4203.461426,4233.974121,4212.179688
4197.179688,4191.794922,4211.666504,4201.410156,4209.230957,4200.384765999999,4185.128418,4207.563965,4208.077147999999,4207.94873,4216.025879,4196.538574,4223.974121,4201.666504
4191.025879,4187.179688,4203.846191,4197.692383,4207.436035,4197.307617,4194.615234000001,4217.307617,4214.615234000001,4209.230957,4207.307617,4190.512695,4220.384765999999,4199.615234000001
4192.05127,4188.461426,4199.102539,4193.846191,4207.563965,4193.077147999999,4204.230957,4215.641113000001,4213.205078,4209.230957,4206.922852000001,4188.846191,4221.666504,4200.897461
4186.153809,4183.077147999999,4193.717772999999,4187.563965,4205.769043,4206.025879,4205.128418,4211.410156,4208.461426,4204.102539,4202.563965,4188.461426,4217.94873,4194.230957
4171.282227000001,4167.436035,4184.102539,4178.077147999999,4195.512695,4217.563965,4205.0,4205.769043,4195.897461,4191.538574,4189.871582,4179.358886999999,4207.563965,4180.256348
4166.666504,4159.743652,4180.384765999999,4173.205078,4186.922852000001,4206.538574,4203.077147999999,4191.410156,4182.563965,4181.538574,4182.820313,4174.871582,4197.94873,4174.358886999999
4183.974121,4175.128418,4191.922852000001,4184.871582,4193.589844,4192.307617,4201.666504,4195.641113000001,4191.025879,4192.307617,4192.436035,4189.358886999999,4203.589844,4187.94873
4200.0,4191.922852000001,4203.974121,4199.230957,4202.563965,4195.128418,4202.05127,4203.205078,4193.717772999999,4202.820313,4204.102539,4199.743652,4215.769043,4200.128418
4203.205078,4197.436035,4209.871582,4206.282227000001,4205.641113000001,4204.358886999999,4198.717772999999,4190.0,4177.692383,4197.563965,4207.820313,4197.692383,4220.897461,4199.871582
4210.384765999999,4205.0,4220.641113000001,4214.871582,4209.615234000001,4202.94873,4193.974121,4198.077147999999,4183.461426,4200.641113000001,4213.461426,4204.487305,4225.384765999999,4206.153809
4222.820313,4216.153809,4230.641113000001,4222.05127,4217.307617,4193.333496,4194.102539,4219.102539,4202.307617,4215.512695,4225.512695,4213.589844,4234.871582,4221.282227000001
4225.256348,4218.717772999999,4231.666504,4221.153809,4220.256348,4186.666504,4191.410156,4204.615234000001,4199.743652,4218.846191,4232.563965,4210.0,4242.563965,4225.256348
4221.794922,4215.897461,4231.410156,4221.794922,4216.538574,4191.666504,4190.128418,4190.897461,4198.077147999999,4217.05127,4229.615234000001,4209.743652,4242.692383,4221.025879
4228.077147999999,4222.05127,4236.410156,4228.974121,4220.0,4204.230957,4203.205078,4212.692383,4216.025879,4229.102539,4233.974121,4213.974121,4247.820313,4227.307617
4228.333496,4223.205078,4236.922852000001,4226.794922,4224.487305,4208.461426,4211.282227000001,4215.512695,4221.538574,4237.692383,4239.871582,4206.410156,4258.205078,4233.077147999999
4216.153809,4211.666504,4228.205078,4216.025879,4218.461426,4206.666504,4208.589844,4209.358886999999,4215.897461,4228.589844,4233.461426,4198.846191,4258.974121,4227.692383
4209.487305,4206.794922,4221.025879,4212.692383,4213.205078,4210.769043,4213.205078,4230.897461,4220.256348,4221.922852000001,4227.692383,4201.153809,4252.179688,4222.692383
4202.307617,4203.974121,4211.025879,4209.358886999999,4210.897461,4210.512695,4213.974121,4218.846191,4208.846191,4218.333496,4222.179688,4192.820313,4243.333496,4216.538574
4191.922852000001,4196.025879,4199.102539,4200.641113000001,4207.179688,4203.461426,4206.410156,4186.922852000001,4190.256348,4210.897461,4212.563965,4183.205078,4231.666504,4207.05127
4194.358886999999,4194.230957,4200.897461,4195.0,4204.358886999999,4201.025879,4200.641113000001,4194.230957,4193.461426,4206.922852000001,4206.922852000001,4190.0,4219.358886999999,4202.94873
4202.436035,4199.487305,4208.077147999999,4198.205078,4205.769043,4202.692383,4195.769043,4207.692383,4202.692383,4209.871582,4207.05127,4195.128418,4218.717772999999,4204.230957
4197.692383,4200.0,4206.794922,4202.179688,4206.282227000001,4202.94873,4199.230957,4206.282227000001,4204.743652,4215.128418,4204.615234000001,4187.692383,4224.102539,4201.666504
4186.153809,4193.333496,4198.846191,4195.256348,4202.436035,4198.205078,4206.410156,4209.230957,4201.025879,4210.0,4194.615234000001,4181.794922,4213.333496,4194.358886999999
4186.922852000001,4192.692383,4197.436035,4191.153809,4208.077147999999,4197.307617,4201.922852000001,4214.487305,4201.025879,4203.589844,4187.94873,4182.436035,4207.563965,4192.820313
4199.615234000001,4199.358886999999,4207.307617,4201.538574,4216.153809,4199.230957,4191.282227000001,4212.94873,4207.179688,4210.897461,4193.974121,4190.512695,4228.717772999999,4203.846191
4209.358886999999,4204.358886999999,4219.230957,4211.282227000001,4210.128418,4197.692383,4191.282227000001,4212.436035,4207.692383,4216.282227000001,4204.358886999999,4203.333496,4243.717772999999,4213.846191
4207.307617,4206.666504,4222.563965,4212.436035,4203.846191,4201.025879,4200.128418,4221.922852000001,4204.487305,4211.153809,4205.897461,4207.179688,4239.358886999999,4215.0
4199.487305,4204.487305,4213.717772999999,4207.563965,4202.179688,4199.102539,4196.922852000001,4216.410156,4197.436035,4205.0,4196.666504,4200.769043,4234.358886999999,4211.666504
4200.0,4202.692383,4208.974121,4205.256348,4199.230957,4192.05127,4190.897461,4197.436035,4192.692383,4208.333496,4191.282227000001,4200.897461,4235.128418,4214.615234000001
4201.153809,4199.871582,4207.436035,4202.692383,4195.256348,4193.461426,4196.025879,4198.974121,4196.794922,4209.871582,4192.820313,4203.717772999999,4233.717772999999,4218.333496
4194.102539,4193.077147999999,4199.871582,4196.025879,4193.717772999999,4201.410156,4202.436035,4206.282227000001,4195.641113000001,4201.922852000001,4191.153809,4199.358886999999,4228.846191,4212.820313
4197.179688,4197.436035,4204.487305,4201.025879,4202.05127,4211.025879,4208.717772999999,4205.128418,4199.102539,4206.922852000001,4195.384765999999,4198.461426,4228.461426,4216.922852000001
4206.666504,4204.487305,4215.897461,4211.025879,4206.153809,4215.897461,4211.153809,4217.692383,4213.077147999999,4221.666504,4204.358886999999,4202.94873,4232.307617,4230.256348
4201.666504,4196.922852000001,4212.563965,4205.897461,4195.641113000001,4209.230957,4207.563965,4232.436035,4216.922852000001,4223.205078,4200.641113000001,4202.05127,4233.589844,4228.077147999999
4193.461426,4189.871582,4201.922852000001,4195.769043,4187.820313,4203.717772999999,4209.102539,4229.102539,4213.717772999999,4216.922852000001,4191.538574,4194.102539,4227.05127,4216.282227000001
4197.94873,4191.794922,4200.512695,4195.897461,4190.641113000001,4210.641113000001,4211.794922,4225.769043,4215.512695,4214.871582,4192.692383,4187.94873,4218.717772999999,4215.256348
4206.538574,4193.846191,4209.358886999999,4202.692383,4191.666504,4213.846191,4212.820313,4227.820313,4213.717772999999,4213.974121,4200.897461,4190.256348,4219.230957,4221.538574
4210.0,4193.846191,4214.743652,4205.0,4186.025879,4203.717772999999,4212.307617,4222.436035,4206.538574,4210.384765999999,4202.692383,4196.282227000001,4220.512695,4225.256348
4208.974121,4192.563965,4212.307617,4202.436035,4181.538574,4198.846191,4208.077147999999,4219.230957,4207.05127,4209.230957,4202.820313,4200.897461,4215.769043,4226.794922
4209.487305,4192.563965,4211.922852000001,4205.512695,4186.794922,4207.05127,4209.230957,4215.769043,4206.410156,4212.05127,4209.487305,4201.794922,4214.743652,4225.128418
4213.205078,4195.512695,4214.102539,4209.487305,4193.205078,4208.589844,4221.025879,4207.563965,4197.436035,4210.256348,4212.179688,4200.256348,4214.487305,4224.487305
4217.436035,4201.025879,4216.410156,4209.615234000001,4192.179688,4205.641113000001,4225.256348,4211.666504,4193.717772999999,4206.666504,4212.436035,4203.589844,4213.077147999999,4228.333496
4216.282227000001,4204.230957,4216.410156,4209.230957,4187.820313,4209.871582,4211.922852000001,4211.025879,4192.05127,4209.487305,4215.128418,4204.102539,4213.205078,4226.153809
4209.358886999999,4203.333496,4208.461426,4206.410156,4186.282227000001,4211.410156,4202.307617,4186.282227000001,4184.743652,4207.05127,4207.692383,4191.410156,4207.307617,4214.102539
4209.487305,4205.128418,4207.563965,4206.153809,4191.282227000001,4205.769043,4204.102539,4190.256348,4191.538574,4205.128418,4203.205078,4192.307617,4203.333496,4213.717772999999
4211.153809,4202.692383,4216.282227000001,4207.436035,4195.256348,4199.358886999999,4201.153809,4227.05127,4210.641113000001,4209.487305,4211.922852000001,4209.358886999999,4199.871582,4224.871582
4205.641113000001,4197.563965,4215.384765999999,4207.05127,4193.589844,4202.94873,4199.230957,4226.153809,4213.589844,4212.94873,4216.282227000001,4211.410156,4194.615234000001,4224.615234000001
4204.102539,4195.256348,4212.563965,4205.641113000001,4192.179688,4207.820313,4207.307617,4216.153809,4214.487305,4221.025879,4218.717772999999,4204.102539,4200.384765999999,4220.384765999999
4207.05127,4188.974121,4215.128418,4199.871582,4186.794922,4203.077147999999,4207.94873,4240.0,4223.333496,4221.666504,4219.487305,4204.615234000001,4203.717772999999,4219.487305
4202.94873,4187.94873,4210.641113000001,4195.256348,4180.512695,4200.384765999999,4205.128418,4236.153809,4209.871582,4204.102539,4208.846191,4200.641113000001,4189.615234000001,4213.461426
4198.846191,4197.179688,4204.871582,4198.589844,4181.410156,4199.487305,4213.205078,4201.794922,4184.230957,4184.615234000001,4198.846191,4191.025879,4179.615234000001,4207.307617
4203.974121,4204.358886999999,4209.487305,4206.666504,4186.538574,4200.641113000001,4216.025879,4197.179688,4178.461426,4183.974121,4203.589844,4192.820313,4189.230957,4207.820313
4205.128418,4204.102539,4209.871582,4209.871582,4190.512695,4208.717772999999,4205.256348,4197.307617,4180.256348,4188.717772999999,4208.717772999999,4195.256348,4188.846191,4205.512695
4200.512695,4203.077147999999,4203.333496,4207.436035,4192.179688,4206.666504,4198.461426,4178.717772999999,4175.256348,4185.0,4204.871582,4188.461426,4174.230957,4200.256348
4202.94873,4208.205078,4208.077147999999,4209.871582,4195.769043,4201.153809,4210.641113000001,4179.102539,4181.538574,4191.794922,4209.615234000001,4190.769043,4182.563965,4204.102539
4204.102539,4210.897461,4212.94873,4213.846191,4198.205078,4210.512695,4221.410156,4182.179688,4189.230957,4203.461426,4218.717772999999,4194.102539,4200.128418,4206.922852000001
4205.641113000001,4207.820313,4211.282227000001,4212.05127,4196.666504,4212.94873,4202.179688,4176.922852000001,4194.871582,4209.358886999999,4224.358886999999,4191.922852000001,4198.333496,4206.666504
4204.322265999999,4206.703125,4210.604492,4211.135742,4196.776367,4212.729004,4203.296875,4182.25293,4196.776367,4210.183105,4223.992676,4193.736328,4197.893555,4206.849609000001
4203.003906,4205.585938,4209.926758,4210.219727000001,4196.88623,4212.509277,4204.414063,4187.58252,4198.681152,4211.007324,4223.626465,4195.549316,4197.454102000001,4207.033203
4201.685059,4204.46875,4209.249022999999,4209.304199,4196.996094,4212.289551,4205.53125,4192.912109000001,4200.585938,4211.831543,4223.260254,4197.362793,4197.014647999999,4207.216309
4200.366211,4203.351563,4208.571289,4208.388184,4197.106445,4212.069824,4206.648438,4198.241699,4202.490723,4212.655761999999,4222.893555,4199.175781,4196.575195,4207.399414
4199.047852000001,4202.234375,4207.893555,4207.472656,4197.216309,4211.849609000001,4207.765625,4203.571289,4204.395508,4213.47998,4222.527344,4200.98877,4196.135742,4207.58252
4197.729004,4201.117188,4207.216309,4206.556640999999,4197.326172,4211.629883,4208.882813,4208.900879,4206.300293,4214.304199,4222.161133,4202.802246,4195.695801,4207.765625
4196.410156,4200.0,4206.538574,4205.641113000001,4197.436035,4211.410156,4210.0,4214.230957,4208.205078,4215.128418,4221.794922,4204.615234000001,4195.256348,4207.94873
4202.179688,4208.717772999999,4208.589844,4213.717772999999,4201.794922,4223.717772999999,4217.563965,4209.102539,4207.563965,4214.230957,4222.05127,4207.94873,4197.94873,4208.589844
4192.179688,4196.025879,4197.563965,4205.128418,4198.333496,4226.153809,4234.743652,4188.077147999999,4183.461426,4194.871582,4207.436035,4194.102539,4185.769043,4196.666504
4195.128418,4195.641113000001,4197.307617,4200.512695,4197.94873,4223.333496,4227.692383,4175.128418,4173.333496,4184.230957,4204.358886999999,4193.205078,4181.153809,4198.846191
4212.179688,4211.922852000001,4213.717772999999,4213.717772999999,4203.717772999999,4227.692383,4215.512695,4187.436035,4188.846191,4196.922852000001,4216.282227000001,4209.487305,4194.871582,4217.436035
4211.410156,4203.974121,4212.563965,4216.025879,4202.94873,4222.820313,4217.05127,4196.794922,4191.922852000001,4197.179688,4214.358886999999,4206.922852000001,4197.94873,4217.436035
4202.692383,4196.922852000001,4203.974121,4209.358886999999,4200.384765999999,4210.769043,4213.589844,4198.333496,4194.615234000001,4193.846191,4210.897461,4198.461426,4196.410156,4209.615234000001
4206.666504,4212.436035,4211.410156,4214.230957,4202.436035,4208.589844,4199.358886999999,4198.205078,4209.358886999999,4207.179688,4218.974121,4212.563965,4203.077147999999,4218.205078
4206.153809,4210.256348,4213.077147999999,4214.487305,4198.205078,4201.794922,4189.743652,4188.974121,4204.743652,4206.410156,4215.128418,4218.589844,4197.179688,4218.846191
4200.384765999999,4194.615234000001,4209.487305,4211.282227000001,4191.153809,4195.512695,4199.230957,4194.102539,4197.307617,4196.025879,4208.461426,4204.615234000001,4189.358886999999,4211.153809
4200.384765999999,4194.615234000001,4212.05127,4211.410156,4191.282227000001,4200.0,4212.692383,4224.102539,4213.077147999999,4205.384765999999,4213.846191,4204.102539,4197.563965,4213.205078
4198.205078,4195.128418,4207.563965,4204.743652,4191.794922,4204.102539,4219.230957,4236.794922,4219.230957,4211.922852000001,4213.846191,4209.743652,4198.974121,4207.05127
4191.153809,4188.974121,4198.461426,4198.717772999999,4191.025879,4207.94873,4226.282227000001,4217.179688,4202.692383,4202.05127,4208.717772999999,4200.128418,4193.205078,4195.512695
4190.384765999999,4192.307617,4199.871582,4201.538574,4194.358886999999,4210.384765999999,4223.846191,4198.846191,4191.922852000001,4201.282227000001,4212.05127,4195.641113000001,4200.897461,4204.230957
4194.230957,4203.077147999999,4202.820313,4207.820313,4200.128418,4211.794922,4211.666504,4197.94873,4191.410156,4205.641113000001,4218.589844,4198.974121,4212.307617,4213.461426
4192.307617,4204.487305,4196.538574,4209.871582,4200.128418,4216.666504,4207.563965,4189.230957,4183.461426,4195.769043,4215.384765999999,4195.641113000001,4209.743652,4201.282227000001
4194.615234000001,4200.512695,4193.717772999999,4208.846191,4196.282227000001,4214.230957,4214.358886999999,4179.102539,4174.871582,4188.077147999999,4208.717772999999,4196.282227000001,4203.333496,4196.922852000001
4204.358886999999,4207.179688,4203.333496,4213.333496,4198.589844,4206.666504,4212.307617,4193.077147999999,4185.384765999999,4198.717772999999,4212.307617,4207.307617,4208.461426,4209.487305
4210.0,4215.256348,4210.256348,4217.563965,4201.410156,4209.487305,4212.692383,4207.692383,4199.102539,4207.94873,4220.897461,4215.512695,4217.436035,4217.436035
4216.025879,4219.230957,4212.94873,4219.615234000001,4204.615234000001,4213.461426,4225.256348,4208.846191,4203.461426,4210.0,4230.384765999999,4220.384765999999,4223.717772999999,4221.794922
4229.102539,4230.641113000001,4224.615234000001,4228.461426,4209.487305,4202.307617,4210.256348,4208.717772999999,4212.179688,4222.307617,4239.487305,4227.563965,4230.641113000001,4233.589844
4232.05127,4236.410156,4231.410156,4236.153809,4210.256348,4189.487305,4174.615234000001,4205.897461,4217.820313,4226.538574,4239.230957,4229.102539,4232.94873,4236.922852000001
4213.333496,4221.410156,4219.615234000001,4224.230957,4207.820313,4198.205078,4182.94873,4209.743652,4211.025879,4213.461426,4226.922852000001,4220.256348,4218.589844,4217.436035
4189.743652,4200.0,4203.205078,4199.871582,4203.461426,4213.717772999999,4219.487305,4221.922852000001,4202.820313,4203.846191,4211.922852000001,4204.615234000001,4191.025879,4193.077147999999
4181.922852000001,4192.307617,4195.897461,4193.461426,4200.384765999999,4214.230957,4223.846191,4222.05127,4199.358886999999,4203.717772999999,4205.256348,4193.589844,4179.871582,4184.358886999999
4184.230957,4192.692383,4192.436035,4200.897461,4197.436035,4206.282227000001,4210.641113000001,4208.974121,4191.538574,4200.128418,4201.282227000001,4193.333496,4186.666504,4184.487305
4185.512695,4199.487305,4193.974121,4204.615234000001,4197.820313,4208.077147999999,4213.846191,4212.563965,4192.563965,4198.205078,4203.846191,4198.589844,4197.692383,4186.538574
4196.410156,4220.512695,4210.0,4217.563965,4210.897461,4213.717772999999,4222.563965,4225.769043,4208.589844,4218.077147999999,4226.666504,4208.589844,4217.692383,4202.05127
4212.05127,4233.589844,4223.205078,4230.641113000001,4219.102539,4204.487305,4217.307617,4211.922852000001,4206.153809,4230.897461,4243.077147999999,4214.743652,4230.128418,4216.922852000001
4212.05127,4227.563965,4220.512695,4226.922852000001,4212.692383,4197.563965,4200.128418,4185.512695,4184.487305,4213.205078,4231.794922,4211.153809,4221.794922,4213.461426
4208.077147999999,4222.179688,4220.897461,4221.282227000001,4210.769043,4207.05127,4192.05127,4180.256348,4176.794922,4200.769043,4224.487305,4209.358886999999,4216.538574,4210.256348
4212.94873,4222.563965,4227.05127,4222.820313,4211.922852000001,4210.384765999999,4195.512695,4178.589844,4183.205078,4207.820313,4233.589844,4215.256348,4226.410156,4218.461426
4216.025879,4222.820313,4224.358886999999,4224.871582,4210.641113000001,4202.692383,4198.717772999999,4167.436035,4192.05127,4212.820313,4236.794922,4217.94873,4231.410156,4225.641113000001
4210.128418,4220.641113000001,4216.922852000001,4221.025879,4215.769043,4200.897461,4195.512695,4178.077147999999,4206.538574,4213.461426,4234.102539,4210.0,4224.743652,4220.256348
4203.846191,4209.615234000001,4212.820313,4210.512695,4212.820313,4204.358886999999,4189.230957,4207.436035,4221.538574,4219.615234000001,4231.922852000001,4203.077147999999,4221.538574,4208.974121
4200.897461,4200.0,4210.128418,4202.436035,4197.05127,4201.794922,4194.615234000001,4222.436035,4226.410156,4223.077147999999,4226.666504,4200.769043,4221.666504,4202.179688
4198.461426,4202.179688,4207.692383,4203.846191,4190.897461,4194.871582,4210.0,4223.077147999999,4225.641113000001,4216.922852000001,4221.282227000001,4200.0,4214.743652,4199.871582
4192.563965,4203.205078,4205.384765999999,4203.846191,4199.871582,4199.487305,4219.871582,4223.333496,4225.384765999999,4210.384765999999,4218.589844,4200.128418,4205.0,4198.717772999999
4184.871582,4197.94873,4197.436035,4199.615234000001,4207.179688,4214.358886999999,4215.897461,4220.897461,4219.102539,4209.871582,4215.512695,4196.794922,4203.846191,4194.743652
4188.333496,4200.897461,4195.256348,4202.94873,4208.974121,4217.307617,4212.820313,4221.410156,4212.692383,4213.846191,4216.153809,4193.717772999999,4212.94873,4195.769043
4202.307617,4215.256348,4210.641113000001,4212.94873,4214.487305,4211.666504,4219.230957,4229.230957,4220.128418,4223.589844,4227.436035,4202.563965,4232.94873,4207.94873
4204.615234000001,4216.025879,4216.153809,4211.922852000001,4213.974121,4209.230957,4218.077147999999,4220.0,4215.256348,4224.615234000001,4230.897461,4212.94873,4241.153809,4213.846191
4197.05127,4210.0,4207.179688,4205.0,4209.743652,4211.794922,4213.461426,4194.102539,4189.102539,4213.589844,4220.384765999999,4209.743652,4227.563965,4208.461426
4202.692383,4220.769043,4212.563965,4213.717772999999,4218.846191,4211.794922,4206.538574,4195.897461,4185.128418,4213.461426,4219.615234000001,4209.230957,4228.077147999999,4211.410156
4221.538574,4233.077147999999,4228.077147999999,4230.128418,4228.333496,4201.025879,4190.769043,4210.897461,4193.846191,4220.0,4227.436035,4218.974121,4245.897461,4221.538574
4228.974121,4233.846191,4232.05127,4231.025879,4223.205078,4196.282227000001,4184.871582,4195.641113000001,4182.820313,4213.974121,4225.128418,4221.794922,4246.666504,4227.179688
4218.974121,4228.461426,4223.717772999999,4218.589844,4216.025879,4202.94873,4184.358886999999,4178.846191,4178.717772999999,4206.025879,4213.974121,4214.871582,4233.974121,4227.307617
4212.692383,4220.641113000001,4215.897461,4214.358886999999,4217.94873,4205.769043,4181.153809,4191.282227000001,4200.128418,4212.436035,4210.641113000001,4209.102539,4231.794922,4224.487305
4210.256348,4209.743652,4211.025879,4213.974121,4211.282227000001,4206.922852000001,4191.922852000001,4203.974121,4213.717772999999,4217.692383,4211.153809,4206.794922,4226.666504,4218.461426
4198.846191,4201.282227000001,4203.974121,4203.333496,4196.538574,4211.153809,4208.974121,4201.922852000001,4206.538574,4210.897461,4203.205078,4199.615234000001,4212.179688,4211.025879
4189.487305,4200.897461,4196.282227000001,4198.077147999999,4195.384765999999,4210.0,4211.282227000001,4210.0,4211.794922,4210.0,4196.666504,4190.0,4208.461426,4203.717772999999
4185.384765999999,4195.384765999999,4188.205078,4197.692383,4193.974121,4205.128418,4210.641113000001,4223.717772999999,4222.820313,4210.384765999999,4193.589844,4183.461426,4200.641113000001,4195.641113000001
4183.589844,4188.846191,4187.94873,4192.436035,4185.256348,4209.871582,4217.436035,4221.922852000001,4214.615234000001,4203.846191,4191.282227000001,4182.436035,4185.641113000001,4194.230957
4190.769043,4193.846191,4197.05127,4196.282227000001,4183.846191,4211.282227000001,4213.846191,4216.538574,4207.820313,4205.128418,4198.717772999999,4187.692383,4193.333496,4202.179688
4198.461426,4200.512695,4198.717772999999,4204.871582,4187.692383,4200.641113000001,4202.179688,4215.769043,4211.282227000001,4210.512695,4207.692383,4195.0,4207.820313,4206.666504
4201.410156,4202.563965,4193.717772999999,4204.102539,4194.102539,4204.871582,4200.384765999999,4207.820313,4205.384765999999,4208.461426,4209.615234000001,4200.0,4206.025879,4206.025879
4205.897461,4205.769043,4196.794922,4203.077147999999,4198.974121,4217.94873,4204.230957,4191.538574,4193.333496,4205.641113000001,4215.769043,4202.563965,4206.153809,4213.077147999999
4208.333496,4206.153809,4201.538574,4205.897461,4195.0,4211.922852000001,4203.717772999999,4200.769043,4199.358886999999,4208.846191,4226.410156,4203.589844,4213.717772999999,4219.615234000001
4208.717772999999,4202.563965,4199.358886999999,4206.666504,4194.358886999999,4197.94873,4198.846191,4219.230957,4212.179688,4214.102539,4228.333496,4200.641113000001,4215.641113000001,4214.487305
4211.922852000001,4204.615234000001,4199.230957,4206.025879,4198.205078,4194.743652,4192.179688,4201.922852000001,4208.589844,4213.974121,4225.0,4197.94873,4212.563965,4211.794922
4219.102539,4210.128418,4206.410156,4207.94873,4196.538574,4199.743652,4191.153809,4192.179688,4204.871582,4215.641113000001,4228.077147999999,4202.05127,4217.307617,4221.282227000001
4223.846191,4210.641113000001,4214.615234000001,4210.512695,4193.461426,4198.461426,4196.025879,4213.333496,4207.179688,4218.077147999999,4231.410156,4205.256348,4219.871582,4226.025879
4216.538574,4207.179688,4211.410156,4208.589844,4190.769043,4188.461426,4200.769043,4213.333496,4201.794922,4204.487305,4221.153809,4197.820313,4204.487305,4212.692383
4204.358886999999,4203.205078,4197.820313,4204.743652,4185.128418,4188.717772999999,4206.538574,4198.333496,4195.769043,4191.666504,4207.436035,4189.102539,4191.666504,4201.025879
4196.025879,4197.692383,4190.897461,4201.282227000001,4183.846191,4200.512695,4210.0,4199.230957,4194.871582,4196.282227000001,4202.307617,4189.358886999999,4193.717772999999,4197.94873
4191.538574,4191.153809,4193.846191,4198.717772999999,4189.358886999999,4200.512695,4206.282227000001,4193.717772999999,4195.0,4203.589844,4203.333496,4189.358886999999,4198.846191,4191.922852000001
4189.487305,4185.897461,4192.94873,4196.153809,4187.563965,4187.94873,4204.358886999999,4199.743652,4202.563965,4207.563965,4205.384765999999,4183.589844,4201.666504,4183.974121
4188.333496,4184.102539,4187.179688,4193.461426,4180.0,4190.128418,4204.871582,4225.0,4215.384765999999,4216.282227000001,4209.871582,4183.205078,4205.0,4184.615234000001
4190.641113000001,4190.384765999999,4188.589844,4197.820313,4185.128418,4204.487305,4204.230957,4218.077147999999,4215.256348,4223.717772999999,4217.94873,4190.769043,4211.282227000001,4192.179688
4194.230957,4193.205078,4189.743652,4203.974121,4194.230957,4205.384765999999,4198.461426,4190.0,4200.897461,4218.974121,4218.461426,4194.230957,4213.077147999999,4193.974121
4201.025879,4194.743652,4192.179688,4206.025879,4199.487305,4201.538574,4197.563965,4201.666504,4198.205078,4214.358886999999,4217.820313,4196.794922,4214.871582,4198.205078
4208.717772999999,4206.282227000001,4206.282227000001,4210.256348,4202.05127,4205.128418,4209.871582,4228.461426,4209.615234000001,4219.230957,4230.512695,4205.769043,4223.589844,4213.077147999999
4209.358886999999,4210.897461,4214.487305,4211.666504,4198.846191,4202.94873,4208.333496,4211.666504,4209.102539,4218.717772999999,4236.666504,4212.05127,4229.615234000001,4218.717772999999
4204.230957,4203.077147999999,4209.230957,4209.743652,4201.922852000001,4199.743652,4193.333496,4190.641113000001,4198.589844,4213.205078,4229.102539,4206.666504,4226.282227000001,4211.410156
4202.94873,4203.717772999999,4205.512695,4210.128418,4208.846191,4203.589844,4197.563965,4198.589844,4192.563965,4211.153809,4225.512695,4198.205078,4220.128418,4209.102539
4210.0,4213.333496,4212.307617,4215.384765999999,4200.769043,4202.94873,4211.666504,4199.358886999999,4189.743652,4210.641113000001,4227.692383,4200.641113000001,4218.974121,4212.94873
4213.589844,4214.743652,4218.333496,4220.128418,4190.897461,4198.974121,4216.538574,4184.487305,4188.205078,4206.025879,4225.384765999999,4207.436035,4217.94873,4212.820313
4211.410156,4208.974121,4215.256348,4218.846191,4192.179688,4200.0,4216.153809,4186.153809,4187.94873,4202.05127,4221.410156,4204.487305,4215.128418,4208.846191
4210.769043,4210.0,4209.871582,4216.410156,4194.487305,4198.333496,4211.794922,4200.0,4193.077147999999,4207.820313,4224.102539,4199.871582,4216.153809,4207.94873
4210.512695,4211.153809,4206.410156,4214.487305,4192.179688,4193.974121,4205.769043,4201.794922,4207.436035,4218.077147999999,4227.436035,4202.820313,4219.615234000001,4211.666504
4206.153809,4205.512695,4204.102539,4212.05127,4193.205078,4200.641113000001,4208.846191,4210.256348,4220.384765999999,4222.820313,4226.666504,4200.897461,4218.333496,4210.0
4196.410156,4199.615234000001,4200.384765999999,4208.205078,4198.077147999999,4213.717772999999,4214.743652,4225.0,4224.615234000001,4221.410156,4222.94873,4190.512695,4213.717772999999,4199.358886999999
4188.589844,4195.0,4192.05127,4202.94873,4194.230957,4210.641113000001,4210.897461,4224.615234000001,4228.205078,4221.538574,4219.358886999999,4185.641113000001,4212.436035,4192.179688
4190.256348,4193.461426,4186.153809,4203.589844,4186.410156,4199.615234000001,4207.94873,4220.384765999999,4228.333496,4222.94873,4217.05127,4187.436035,4210.769043,4191.666504
4195.0,4191.282227000001,4190.0,4205.0,4189.102539,4202.436035,4210.0,4217.820313,4214.487305,4216.666504,4211.922852000001,4183.717772999999,4202.692383,4188.461426
4198.461426,4189.358886999999,4196.025879,4205.897461,4199.230957,4212.436035,4213.333496,4211.666504,4199.871582,4206.794922,4209.615234000001,4180.128418,4197.563965,4189.230957
4208.461426,4201.410156,4203.974121,4215.256348,4208.333496,4215.0,4228.846191,4220.128418,4207.436035,4209.358886999999,4219.871582,4191.153809,4206.538574,4202.05127
4214.743652,4211.410156,4210.0,4220.256348,4204.871582,4202.436035,4239.615234000001,4227.307617,4206.282227000001,4207.307617,4226.794922,4201.410156,4214.102539,4209.615234000001
4215.128418,4213.589844,4212.94873,4221.282227000001,4200.769043,4196.153809,4224.743652,4197.94873,4179.358886999999,4196.025879,4222.436035,4198.461426,4213.461426,4209.230957
4221.794922,4222.692383,4221.025879,4233.461426,4211.538574,4208.461426,4201.538574,4159.230957,4162.820313,4198.077147999999,4223.205078,4195.128418,4218.205078,4210.384765999999
4220.0,4221.794922,4221.282227000001,4233.333496,4211.153809,4204.615234000001,4191.538574,4147.563965,4165.512695,4201.153809,4220.641113000001,4192.05127,4215.256348,4205.384765999999
4211.794922,4214.487305,4217.563965,4223.461426,4202.05127,4188.717772999999,4195.256348,4165.384765999999,4182.94873,4207.307617,4219.871582,4192.563965,4208.717772999999,4204.358886999999
4214.743652,4221.410156,4219.871582,4228.589844,4209.358886999999,4193.717772999999,4195.897461,4195.769043,4213.461426,4226.025879,4238.205078,4200.128418,4217.563965,4213.589844
4212.692383,4219.230957,4212.436035,4224.615234000001,4208.461426,4201.794922,4199.615234000001,4207.692383,4225.512695,4228.717772999999,4244.358886999999,4197.307617,4220.512695,4209.358886999999
4200.128418,4204.487305,4204.102539,4207.692383,4192.05127,4199.871582,4218.717772999999,4208.461426,4220.897461,4220.128418,4229.230957,4186.794922,4210.128418,4198.077147999999
4198.717772999999,4202.692383,4209.487305,4206.922852000001,4191.410156,4205.512695,4237.05127,4243.846191,4240.256348,4227.05127,4226.922852000001,4191.025879,4212.179688,4198.461426
4202.05127,4205.512695,4209.230957,4211.282227000001,4199.871582,4212.94873,4244.615234000001,4280.769043,4257.94873,4233.205078,4234.358886999999,4195.128418,4219.743652,4193.077147999999
4194.743652,4196.025879,4194.871582,4203.333496,4194.615234000001,4208.077147999999,4244.358886999999,4247.820313,4230.512695,4217.307617,4225.384765999999,4181.025879,4209.358886999999,4178.717772999999
4195.128418,4195.0,4195.256348,4201.025879,4192.820313,4204.871582,4235.897461,4204.102539,4205.641113000001,4205.897461,4219.358886999999,4177.563965,4202.307617,4186.282227000001
4211.538574,4210.256348,4213.846191,4213.333496,4206.922852000001,4214.615234000001,4229.358886999999,4224.358886999999,4223.205078,4218.846191,4235.641113000001,4196.025879,4218.717772999999,4208.846191
4217.820313,4216.282227000001,4219.102539,4217.692383,4211.666504,4220.128418,4235.128418,4241.794922,4223.589844,4219.487305,4241.410156,4201.794922,4228.333496,4211.666504
4212.94873,4215.0,4217.436035,4216.538574,4207.307617,4211.666504,4232.563965,4201.282227000001,4187.692383,4202.179688,4230.256348,4193.589844,4221.538574,4204.358886999999
4216.666504,4224.102539,4224.871582,4226.153809,4210.512695,4201.025879,4208.461426,4161.282227000001,4173.717772999999,4203.846191,4231.794922,4196.410156,4222.563965,4208.589844
4225.512695,4234.102539,4234.358886999999,4237.820313,4215.769043,4200.0,4194.358886999999,4167.94873,4187.563965,4217.94873,4244.743652,4204.358886999999,4233.974121,4217.179688
4232.692383,4239.487305,4245.512695,4242.820313,4218.974121,4209.230957,4208.333496,4199.358886999999,4203.077147999999,4223.205078,4254.871582,4205.769043,4244.871582,4225.769043
4234.102539,4241.410156,4247.820313,4238.846191,4220.384765999999,4211.666504,4213.589844,4208.717772999999,4206.282227000001,4221.922852000001,4253.589844,4204.743652,4245.256348,4229.230957
4227.307617,4232.820313,4235.384765999999,4230.512695,4220.0,4207.307617,4201.025879,4197.563965,4200.512695,4219.487305,4245.897461,4203.717772999999,4235.256348,4220.512695
4224.102539,4223.461426,4232.820313,4229.487305,4217.692383,4208.077147999999,4209.230957,4216.666504,4206.922852000001,4222.436035,4245.256348,4206.153809,4230.256348,4217.307617
4228.205078,4227.179688,4243.589844,4234.743652,4216.025879,4209.102539,4229.358886999999,4250.256348,4222.820313,4233.974121,4248.717772999999,4214.615234000001,4234.871582,4226.282227000001
4223.461426,4229.102539,4240.256348,4233.589844,4216.538574,4207.563965,4225.128418,4250.128418,4225.256348,4235.897461,4247.307617,4218.846191,4239.102539,4226.666504
4213.589844,4221.410156,4227.692383,4224.102539,4217.05127,4204.743652,4210.128418,4238.461426,4221.282227000001,4227.692383,4245.512695,4215.769043,4235.512695,4218.974121
4218.846191,4223.333496,4229.230957,4224.102539,4222.820313,4205.641113000001,4221.410156,4254.102539,4235.128418,4236.538574,4251.025879,4217.820313,4232.820313,4221.922852000001
4222.05127,4226.282227000001,4232.820313,4227.307617,4222.05127,4212.94873,4246.794922,4266.282227000001,4244.871582,4245.384765999999,4250.384765999999,4218.846191,4227.692383,4224.358886999999
4201.025879,4207.563965,4218.077147999999,4211.153809,4209.358886999999,4219.230957,4247.94873,4246.538574,4226.794922,4221.922852000001,4231.794922,4206.153809,4203.589844,4203.974121
4187.692383,4195.897461,4206.025879,4196.794922,4209.230957,4221.794922,4232.05127,4224.230957,4209.615234000001,4199.615234000001,4216.922852000001,4192.563965,4185.256348,4185.0
4202.436035,4212.179688,4216.410156,4209.230957,4219.743652,4218.717772999999,4222.820313,4218.717772999999,4213.846191,4211.794922,4224.358886999999,4193.333496,4201.666504,4197.436035
4219.358886999999,4229.230957,4232.179688,4227.692383,4219.871582,4213.846191,4219.487305,4219.358886999999,4223.846191,4231.922852000001,4240.128418,4203.077147999999,4230.384765999999,4215.769043
4222.820313,4235.256348,4234.102539,4232.94873,4221.666504,4214.230957,4216.666504,4217.05127,4225.512695,4239.615234000001,4247.563965,4210.128418,4247.692383,4217.436035
4221.922852000001,4233.717772999999,4232.820313,4229.871582,4227.94873,4211.538574,4211.666504,4212.692383,4218.589844,4235.128418,4246.282227000001,4212.94873,4251.922852000001,4215.512695
4231.410156,4234.230957,4241.410156,4234.743652,4227.563965,4206.282227000001,4201.410156,4214.358886999999,4216.666504,4233.205078,4251.410156,4222.179688,4256.666504,4224.487305
4243.846191,4244.102539,4249.615234000001,4244.871582,4227.179688,4199.743652,4192.692383,4217.820313,4220.769043,4240.0,4261.922852000001,4236.025879,4262.692383,4234.871582
4239.487305,4242.05127,4248.205078,4240.384765999999,4221.794922,4189.871582,4200.256348,4212.05127,4214.358886999999,4233.461426,4258.461426,4237.820313,4259.358886999999,4234.230957
4226.282227000001,4225.769043,4244.358886999999,4228.974121,4216.922852000001,4198.717772999999,4217.179688,4211.282227000001,4210.256348,4222.179688,4248.717772999999,4229.230957,4251.410156,4226.538574
4216.153809,4213.846191,4237.436035,4224.487305,4218.974121,4220.384765999999,4226.666504,4218.333496,4218.333496,4225.0,4242.820313,4220.128418,4238.974121,4215.897461
4204.743652,4204.871582,4223.461426,4218.717772999999,4219.358886999999,4217.436035,4231.282227000001,4229.615234000001,4231.153809,4231.538574,4236.666504,4213.717772999999,4223.589844,4209.358886999999
4190.384765999999,4191.282227000001,4213.846191,4205.641113000001,4214.102539,4206.153809,4238.974121,4255.384765999999,4241.794922,4227.820313,4226.922852000001,4205.769043,4212.563965,4203.333496
4176.794922,4180.0,4207.692383,4195.512695,4205.512695,4217.94873,4249.615234000001,4258.589844,4234.487305,4215.384765999999,4209.615234000001,4191.794922,4203.077147999999,4187.820313
4175.897461,4184.615234000001,4202.05127,4200.769043,4207.05127,4231.794922,4255.769043,4233.077147999999,4222.563965,4210.769043,4199.743652,4187.563965,4198.205078,4182.179688
4189.743652,4198.589844,4203.205078,4207.94873,4218.461426,4228.461426,4239.102539,4213.205078,4222.436035,4215.128418,4205.769043,4199.230957,4202.820313,4195.641113000001
4201.666504,4206.282227000001,4209.743652,4209.615234000001,4225.769043,4227.820313,4214.743652,4208.589844,4219.871582,4215.256348,4209.487305,4205.897461,4207.692383,4207.307617
4210.0,4209.615234000001,4216.538574,4216.794922,4225.384765999999,4224.615234000001,4213.333496,4213.589844,4213.077147999999,4214.102539,4208.077147999999,4205.0,4211.153809,4213.205078
4224.487305,4218.461426,4226.153809,4223.589844,4217.179688,4208.589844,4220.897461,4215.384765999999,4211.794922,4219.743652,4214.743652,4210.897461,4219.615234000001,4225.0
4240.641113000001,4230.641113000001,4245.128418,4227.436035,4207.307617,4201.794922,4217.436035,4211.282227000001,4211.666504,4225.512695,4229.743652,4219.358886999999,4231.922852000001,4244.230957
4245.256348,4234.102539,4258.333496,4231.794922,4204.230957,4206.538574,4207.692383,4207.436035,4208.077147999999,4222.179688,4238.205078,4222.692383,4235.641113000001,4259.358886999999
4242.179688,4231.282227000001,4254.102539,4231.282227000001,4209.102539,4206.410156,4204.358886999999,4209.487305,4205.641113000001,4214.230957,4234.871582,4221.666504,4230.769043,4258.333496
4238.205078,4225.384765999999,4247.563965,4225.897461,4211.922852000001,4203.846191,4215.641113000001,4215.641113000001,4204.615234000001,4210.128418,4231.282227000001,4219.358886999999,4230.256348,4249.102539
4228.333496,4209.487305,4241.666504,4217.436035,4204.230957,4201.922852000001,4221.922852000001,4220.128418,4207.692383,4209.871582,4230.512695,4216.538574,4225.897461,4243.205078
4220.641113000001,4198.717772999999,4233.846191,4209.743652,4194.358886999999,4202.94873,4225.256348,4223.333496,4218.589844,4211.153809,4227.307617,4210.512695,4214.743652,4235.769043
4216.666504,4201.282227000001,4228.846191,4209.743652,4196.538574,4214.743652,4237.179688,4231.922852000001,4226.282227000001,4212.05127,4217.05127,4201.922852000001,4203.589844,4219.743652
4206.794922,4198.205078,4219.102539,4208.846191,4203.846191,4224.102539,4234.487305,4237.05127,4225.769043,4212.692383,4205.0,4196.282227000001,4194.487305,4203.461426
4194.358886999999,4183.205078,4203.589844,4195.384765999999,4196.282227000001,4218.717772999999,4226.794922,4220.769043,4218.461426,4208.333496,4198.333496,4187.179688,4186.538574,4190.0
4187.05127,4171.922852000001,4196.410156,4182.94873,4180.512695,4212.436035,4240.0,4211.538574,4211.538574,4197.94873,4194.358886999999,4175.128418,4178.077147999999,4179.743652
4186.410156,4174.743652,4201.538574,4186.282227000001,4183.461426,4212.436035,4237.307617,4226.794922,4215.384765999999,4196.538574,4194.615234000001,4175.256348,4175.641113000001,4181.666504
4193.205078,4183.846191,4208.461426,4193.846191,4200.512695,4214.102539,4207.94873,4234.615234000001,4219.615234000001,4205.256348,4201.153809,4182.179688,4183.205078,4188.333496
4204.871582,4194.871582,4218.717772999999,4198.589844,4205.384765999999,4214.743652,4213.333496,4229.102539,4217.820313,4212.05127,4213.077147999999,4188.717772999999,4199.615234000001,4197.820313
4213.846191,4203.717772999999,4231.025879,4205.128418,4197.820313,4214.487305,4236.922852000001,4224.487305,4217.179688,4215.897461,4227.94873,4196.025879,4218.461426,4216.666504
4221.025879,4206.025879,4234.615234000001,4212.820313,4193.717772999999,4204.230957,4215.512695,4209.230957,4211.538574,4216.538574,4237.94873,4202.563965,4230.384765999999,4230.384765999999
4226.922852000001,4205.897461,4234.230957,4217.05127,4197.179688,4197.94873,4195.384765999999,4195.128418,4203.077147999999,4212.179688,4235.769043,4204.615234000001,4226.282227000001,4224.743652
4222.05127,4201.922852000001,4233.974121,4210.897461,4199.743652,4208.846191,4217.179688,4203.589844,4200.512695,4200.384765999999,4223.974121,4198.461426,4209.743652,4212.820313
4220.641113000001,4200.769043,4235.384765999999,4208.717772999999,4199.615234000001,4210.256348,4225.897461,4214.230957,4206.025879,4197.05127,4222.94873,4198.077147999999,4205.0,4215.897461
4233.717772999999,4210.512695,4244.487305,4221.922852000001,4202.179688,4197.436035,4211.282227000001,4216.538574,4216.666504,4211.538574,4235.0,4208.717772999999,4216.538574,4227.05127
4233.974121,4211.794922,4246.025879,4223.846191,4197.436035,4190.641113000001,4212.179688,4217.563965,4218.846191,4213.846191,4232.563965,4209.102539,4215.641113000001,4222.05127
4218.333496,4200.256348,4231.410156,4210.769043,4191.282227000001,4200.256348,4221.153809,4224.615234000001,4214.871582,4199.743652,4217.307617,4193.846191,4200.384765999999,4204.871582
4211.153809,4200.769043,4219.615234000001,4208.333496,4197.820313,4214.743652,4226.025879,4225.641113000001,4216.025879,4198.077147999999,4212.307617,4184.358886999999,4196.922852000001,4197.436035
4205.897461,4199.102539,4215.128418,4206.666504,4197.94873,4211.794922,4229.871582,4224.230957,4218.589844,4203.589844,4211.153809,4184.102539,4197.94873,4194.871582
4196.282227000001,4184.743652,4211.410156,4194.230957,4188.461426,4200.384765999999,4230.512695,4244.743652,4224.871582,4205.0,4211.922852000001,4187.05127,4192.692383,4189.487305
4190.769043,4182.94873,4206.794922,4190.256348,4186.794922,4202.436035,4228.333496,4243.205078,4223.205078,4206.794922,4217.94873,4187.05127,4192.436035,4189.871582
4190.256348,4192.436035,4201.666504,4195.0,4192.820313,4211.025879,4222.436035,4205.128418,4207.820313,4205.769043,4217.94873,4182.179688,4195.897461,4191.794922
4191.538574,4197.179688,4202.05127,4195.128418,4199.487305,4205.0,4211.666504,4187.563965,4201.538574,4203.333496,4214.871582,4181.794922,4198.333496,4190.769043
4192.307617,4196.538574,4206.538574,4194.743652,4201.025879,4194.743652,4206.922852000001,4192.05127,4200.256348,4197.692383,4214.102539,4183.333496,4201.538574,4191.153809
4199.615234000001,4201.282227000001,4215.256348,4201.794922,4200.256348,4199.358886999999,4207.94873,4185.512695,4191.025879,4191.538574,4214.743652,4186.410156,4212.692383,4200.256348
4210.0,4207.05127,4226.153809,4207.820313,4196.922852000001,4201.666504,4200.256348,4188.589844,4191.025879,4188.461426,4214.487305,4192.563965,4218.589844,4209.743652
4210.769043,4202.563965,4226.538574,4203.333496,4189.102539,4187.05127,4190.256348,4194.358886999999,4191.538574,4177.820313,4206.282227000001,4191.282227000001,4204.743652,4206.794922
4206.922852000001,4196.538574,4221.538574,4198.205078,4182.820313,4185.128418,4199.871582,4192.563965,4187.94873,4171.153809,4199.102539,4185.512695,4195.641113000001,4200.641113000001
4203.333496,4194.743652,4221.410156,4198.333496,4181.666504,4197.563965,4217.563965,4212.05127,4202.692383,4182.820313,4205.512695,4189.102539,4201.922852000001,4201.153809
4196.794922,4188.205078,4218.205078,4197.436035,4181.282227000001,4192.692383,4220.256348,4226.410156,4216.025879,4193.974121,4213.205078,4192.179688,4203.589844,4200.897461
4191.025879,4176.025879,4210.769043,4191.153809,4180.512695,4188.077147999999,4214.615234000001,4217.179688,4208.461426,4193.333496,4209.358886999999,4183.846191,4195.256348,4195.641113000001
4186.410156,4175.256348,4207.94873,4184.871582,4182.05127,4198.205078,4212.94873,4211.922852000001,4204.743652,4196.922852000001,4207.436035,4180.897461,4196.794922,4194.487305
4184.358886999999,4187.94873,4207.94873,4189.358886999999,4184.615234000001,4198.974121,4210.897461,4216.538574,4219.871582,4213.205078,4218.717772999999,4188.333496,4212.179688,4199.102539
4189.487305,4190.128418,4207.307617,4191.666504,4186.153809,4192.692383,4205.641113000001,4219.102539,4226.538574,4219.230957,4224.743652,4191.282227000001,4218.974121,4200.897461
4194.230957,4185.512695,4212.436035,4188.205078,4186.666504,4200.769043,4210.256348,4221.794922,4214.102539,4210.512695,4217.05127,4187.436035,4213.589844,4200.384765999999
4192.692383,4191.410156,4217.692383,4194.871582,4192.179688,4210.0,4216.922852000001,4216.282227000001,4202.820313,4203.589844,4211.410156,4184.230957,4211.538574,4198.333496
4193.589844,4196.025879,4216.922852000001,4200.512695,4197.307617,4206.025879,4208.077147999999,4189.871582,4193.461426,4195.769043,4208.205078,4181.666504,4209.487305,4193.717772999999
4199.102539,4196.410156,4220.512695,4202.692383,4196.025879,4203.974121,4200.641113000001,4176.025879,4189.358886999999,4192.179688,4209.487305,4182.436035,4206.538574,4195.128418
4198.846191,4200.512695,4224.487305,4205.897461,4193.333496,4200.128418,4198.333496,4176.153809,4190.512695,4198.974121,4215.641113000001,4185.512695,4210.641113000001,4199.871582
4199.871582,4202.05127,4225.769043,4205.897461,4197.179688,4197.94873,4195.128418,4185.384765999999,4201.025879,4203.974121,4221.153809,4188.077147999999,4219.615234000001,4201.666504
4210.512695,4203.205078,4232.94873,4206.410156,4203.333496,4204.487305,4206.666504,4216.153809,4220.128418,4208.333496,4227.563965,4192.307617,4228.205078,4208.717772999999
4213.846191,4203.589844,4235.897461,4208.717772999999,4197.05127,4201.666504,4223.846191,4239.358886999999,4227.05127,4213.974121,4233.205078,4195.512695,4226.794922,4215.897461
4205.897461,4203.205078,4232.563965,4207.563965,4193.589844,4196.794922,4222.436035,4235.128418,4227.179688,4218.077147999999,4234.358886999999,4197.563965,4222.820313,4217.436035
4202.563965,4200.769043,4230.641113000001,4201.410156,4199.615234000001,4205.256348,4219.358886999999,4238.205078,4235.641113000001,4223.717772999999,4235.384765999999,4200.0,4226.410156,4215.641113000001
4199.871582,4195.769043,4223.589844,4197.692383,4194.230957,4210.769043,4235.769043,4256.282227000001,4241.922852000001,4226.153809,4234.102539,4195.512695,4227.05127,4207.179688
4196.794922,4197.94873,4217.307617,4200.769043,4186.666504,4209.230957,4243.717772999999,4248.461426,4235.384765999999,4223.333496,4231.410156,4187.05127,4222.307617,4201.153809
4202.179688,4204.102539,4222.05127,4206.410156,4191.666504,4207.94873,4225.512695,4236.538574,4232.05127,4223.205078,4233.077147999999,4187.563965,4217.692383,4206.410156
4204.230957,4205.641113000001,4229.615234000001,4209.743652,4198.974121,4208.846191,4214.871582,4244.615234000001,4232.179688,4225.641113000001,4235.384765999999,4192.563965,4216.025879,4211.153809
4198.717772999999,4205.384765999999,4229.871582,4208.717772999999,4200.256348,4212.05127,4213.077147999999,4218.205078,4217.179688,4219.743652,4231.538574,4193.974121,4214.102539,4206.538574
4198.205078,4203.205078,4222.05127,4203.974121,4202.436035,4211.538574,4194.358886999999,4170.512695,4199.358886999999,4207.307617,4222.436035,4189.230957,4210.256348,4203.717772999999
4201.410156,4202.307617,4218.205078,4206.794922,4208.974121,4203.846191,4182.692383,4175.512695,4202.05127,4204.102539,4218.974121,4186.794922,4212.307617,4208.461426
4201.282227000001,4205.0,4224.230957,4213.205078,4206.538574,4200.897461,4198.974121,4198.846191,4207.436035,4203.333496,4218.717772999999,4193.333496,4213.205078,4212.563965
4201.410156,4200.128418,4229.230957,4207.94873,4197.05127,4207.692383,4217.179688,4192.436035,4201.153809,4196.153809,4212.563965,4196.922852000001,4204.615234000001,4207.563965
4205.641113000001,4194.102539,4230.256348,4204.102539,4198.077147999999,4209.487305,4216.794922,4201.794922,4209.487305,4200.256348,4216.794922,4196.666504,4206.410156,4205.128418
4211.282227000001,4206.538574,4235.128418,4210.769043,4206.922852000001,4208.589844,4212.179688,4232.307617,4228.974121,4220.512695,4236.794922,4203.846191,4226.282227000001,4214.871582
4210.384765999999,4216.025879,4238.205078,4212.436035,4208.974121,4215.128418,4223.461426,4249.102539,4239.615234000001,4233.717772999999,4245.384765999999,4211.538574,4231.922852000001,4219.358886999999
4200.512695,4204.743652,4231.538574,4207.179688,4202.94873,4215.384765999999,4237.436035,4254.487305,4243.333496,4229.358886999999,4235.641113000001,4204.743652,4217.692383,4209.230957
4195.641113000001,4199.871582,4225.641113000001,4209.743652,4202.05127,4212.436035,4236.410156,4251.794922,4247.05127,4230.897461,4232.94873,4196.153809,4218.077147999999,4204.102539
4198.333496,4206.922852000001,4227.05127,4212.307617,4206.666504,4216.410156,4228.205078,4255.641113000001,4251.794922,4236.410156,4235.512695,4198.077147999999,4225.769043,4206.153809
4195.897461,4205.512695,4225.641113000001,4204.358886999999,4204.487305,4210.512695,4222.05127,4254.102539,4241.410156,4223.333496,4227.692383,4197.94873,4217.436035,4201.025879
4201.538574,4210.128418,4227.820313,4207.563965,4206.794922,4203.461426,4218.333496,4213.461426,4217.94873,4212.436035,4225.384765999999,4195.384765999999,4216.666504,4200.897461
4212.307617,4222.307617,4237.94873,4221.282227000001,4220.641113000001,4210.641113000001,4211.410156,4179.102539,4206.538574,4219.230957,4232.436035,4196.538574,4230.0,4210.384765999999
4207.94873,4219.358886999999,4240.0,4221.410156,4223.717772999999,4207.563965,4197.563965,4181.282227000001,4201.410156,4215.0,4228.461426,4196.025879,4227.179688,4212.179688
4198.077147999999,4212.94873,4230.641113000001,4212.94873,4215.128418,4197.307617,4188.717772999999,4174.102539,4185.897461,4198.333496,4218.205078,4191.282227000001,4213.846191,4206.922852000001
4195.512695,4209.358886999999,4227.179688,4209.102539,4209.102539,4196.794922,4191.410156,4160.256348,4177.820313,4197.820313,4216.666504,4192.94873,4212.436035,4203.717772999999
4200.384765999999,4203.974121,4236.794922,4210.512695,4210.0,4196.922852000001,4196.282227000001,4176.538574,4194.358886999999,4213.846191,4226.410156,4202.692383,4221.282227000001,4209.358886999999
4210.641113000001,4210.384765999999,4245.641113000001,4216.794922,4214.102539,4196.922852000001,4201.538574,4209.102539,4224.615234000001,4230.256348,4240.897461,4208.461426,4233.077147999999,4224.743652
4214.743652,4221.282227000001,4242.05127,4218.846191,4213.717772999999,4204.743652,4207.05127,4231.666504,4244.230957,4237.05127,4245.384765999999,4206.666504,4238.205078,4232.05127
4208.077147999999,4221.538574,4233.205078,4215.384765999999,4211.794922,4211.538574,4205.256348,4238.077147999999,4244.487305,4237.179688,4239.871582,4203.333496,4236.282227000001,4223.717772999999
4199.230957,4213.205078,4222.94873,4209.487305,4211.153809,4208.717772999999,4205.256348,4220.128418,4233.205078,4231.666504,4231.153809,4197.94873,4233.205078,4211.410156
4191.282227000001,4204.743652,4214.102539,4201.922852000001,4213.333496,4212.179688,4218.717772999999,4212.94873,4229.615234000001,4221.410156,4220.256348,4188.077147999999,4226.153809,4202.94873
4189.871582,4203.333496,4217.179688,4201.922852000001,4216.922852000001,4225.384765999999,4231.538574,4232.820313,4236.538574,4216.794922,4213.589844,4183.846191,4215.897461,4200.128418
4195.641113000001,4209.358886999999,4225.256348,4209.230957,4216.538574,4226.538574,4229.871582,4240.0,4238.974121,4219.230957,4214.230957,4190.384765999999,4212.05127,4199.871582
4195.641113000001,4212.436035,4221.282227000001,4209.743652,4216.538574,4215.641113000001,4221.410156,4221.410156,4229.230957,4216.153809,4211.153809,4189.487305,4215.769043,4198.077147999999
4191.025879,4207.563965,4212.94873,4204.871582,4214.871582,4209.230957,4211.410156,4194.871582,4205.641113000001,4201.794922,4197.563965,4178.077147999999,4212.179688,4193.846191
4197.436035,4210.0,4218.333496,4209.102539,4209.230957,4210.897461,4211.025879,4187.94873,4190.256348,4196.666504,4192.436035,4181.538574,4208.077147999999,4196.153809
4205.769043,4216.410156,4228.205078,4216.153809,4205.512695,4205.769043,4216.922852000001,4200.128418,4195.128418,4204.743652,4199.615234000001,4196.153809,4213.717772999999,4205.641113000001
4205.128418,4216.666504,4226.282227000001,4212.820313,4207.436035,4191.794922,4205.128418,4198.077147999999,4195.641113000001,4208.974121,4205.384765999999,4197.820313,4220.641113000001,4213.717772999999
4210.0,4223.205078,4227.563965,4215.641113000001,4211.153809,4197.307617,4196.410156,4188.589844,4197.820313,4219.487305,4217.05127,4198.974121,4229.487305,4225.128418
4216.538574,4226.153809,4231.922852000001,4221.538574,4207.563965,4212.692383,4202.436035,4200.256348,4216.410156,4232.05127,4228.461426,4208.077147999999,4233.077147999999,4234.871582
4216.922852000001,4217.94873,4229.102539,4214.871582,4203.846191,4209.487305,4200.512695,4216.153809,4232.563965,4231.025879,4227.820313,4208.846191,4227.692383,4233.077147999999
4221.410156,4216.153809,4229.230957,4212.820313,4207.94873,4208.717772999999,4202.692383,4221.282227000001,4239.230957,4230.128418,4226.666504,4199.615234000001,4222.94873,4229.615234000001
4221.666504,4214.230957,4226.538574,4212.179688,4202.820313,4214.743652,4213.461426,4227.05127,4239.230957,4230.384765999999,4223.333496,4190.897461,4214.487305,4227.179688
4213.205078,4205.641113000001,4217.94873,4203.461426,4195.0,4212.94873,4216.025879,4219.230957,4226.666504,4220.641113000001,4214.230957,4183.077147999999,4206.794922,4221.282227000001
4212.307617,4202.94873,4215.256348,4201.922852000001,4201.025879,4215.384765999999,4218.846191,4212.692383,4222.307617,4215.128418,4213.333496,4178.589844,4207.05127,4217.94873
4213.205078,4203.333496,4215.641113000001,4203.077147999999,4203.333496,4227.436035,4224.743652,4231.666504,4231.025879,4215.128418,4213.974121,4176.282227000001,4204.615234000001,4213.846191
4206.794922,4201.410156,4212.692383,4199.487305,4192.563965,4226.153809,4218.333496,4227.436035,4218.077147999999,4206.922852000001,4206.794922,4172.820313,4200.897461,4206.282227000001
4207.436035,4200.384765999999,4213.205078,4202.820313,4190.384765999999,4208.846191,4203.589844,4179.615234000001,4186.410156,4196.153809,4205.897461,4171.794922,4202.94873,4206.410156
4216.153809,4202.94873,4220.641113000001,4209.102539,4203.974121,4207.563965,4207.307617,4166.282227000001,4183.717772999999,4196.538574,4215.384765999999,4175.384765999999,4209.230957,4216.153809
4222.05127,4214.358886999999,4228.589844,4211.538574,4215.128418,4224.743652,4220.641113000001,4198.974121,4203.717772999999,4208.846191,4226.282227000001,4185.0,4221.538574,4227.179688
4227.179688,4227.692383,4231.922852000001,4218.461426,4214.230957,4224.871582,4223.077147999999,4211.282227000001,4207.436035,4220.0,4235.897461,4197.179688,4234.743652,4233.589844
4233.589844,4227.563965,4233.717772999999,4226.153809,4213.461426,4212.692383,4225.128418,4212.820313,4203.589844,4223.461426,4244.230957,4205.641113000001,4240.769043,4237.179688
4237.307617,4224.102539,4237.820313,4226.153809,4219.230957,4214.615234000001,4214.102539,4223.589844,4211.153809,4226.666504,4246.666504,4210.512695,4243.589844,4241.282227000001
4244.871582,4234.102539,4244.871582,4230.512695,4227.179688,4218.717772999999,4191.666504,4221.922852000001,4223.717772999999,4236.922852000001,4251.794922,4217.307617,4249.615234000001,4248.974121
4244.102539,4235.512695,4242.692383,4230.256348,4225.256348,4208.974121,4194.487305,4215.128418,4227.436035,4241.025879,4253.974121,4213.589844,4246.025879,4246.282227000001
4219.102539,4213.461426,4219.230957,4213.461426,4209.615234000001,4206.410156,4213.717772999999,4214.102539,4216.794922,4221.410156,4233.333496,4191.410156,4224.230957,4221.538574
4196.922852000001,4196.282227000001,4200.512695,4200.384765999999,4203.205078,4221.922852000001,4213.846191,4209.102539,4209.102539,4201.410156,4210.128418,4175.897461,4204.230957,4198.461426
4194.102539,4192.563965,4200.897461,4196.282227000001,4206.794922,4222.692383,4207.436035,4205.897461,4215.256348,4198.333496,4205.512695,4174.743652,4195.0,4192.179688
4195.384765999999,4193.589844,4201.666504,4195.128418,4200.769043,4206.666504,4213.717772999999,4216.538574,4226.538574,4205.512695,4210.128418,4178.717772999999,4193.846191,4193.333496
4196.538574,4199.230957,4202.179688,4200.256348,4194.102539,4206.153809,4217.94873,4215.128418,4227.94873,4214.743652,4215.512695,4184.743652,4204.230957,4197.563965
4197.307617,4197.179688,4206.410156,4197.307617,4195.128418,4211.794922,4218.333496,4196.922852000001,4213.077147999999,4208.077147999999,4215.384765999999,4185.641113000001,4208.717772999999,4196.153809
4200.0,4193.846191,4210.256348,4192.563965,4197.307617,4206.922852000001,4217.307617,4202.05127,4202.692383,4197.179688,4215.769043,4185.384765999999,4205.256348,4195.384765999999
4208.333496,4203.333496,4215.512695,4201.922852000001,4200.0,4200.641113000001,4213.974121,4214.487305,4202.307617,4201.538574,4224.102539,4190.0,4211.538574,4206.153809
4219.615234000001,4216.794922,4225.0,4212.307617,4210.0,4202.179688,4212.692383,4205.384765999999,4199.358886999999,4206.922852000001,4234.102539,4195.512695,4221.794922,4217.307617
4228.589844,4222.05127,4235.256348,4213.205078,4221.282227000001,4205.128418,4207.307617,4206.025879,4202.820313,4211.025879,4242.94873,4200.769043,4229.615234000001,4220.256348
4230.897461,4220.769043,4239.487305,4214.615234000001,4221.153809,4204.743652,4198.974121,4216.153809,4207.820313,4213.461426,4244.230957,4204.871582,4231.410156,4225.0
4227.05127,4221.922852000001,4236.538574,4221.666504,4218.205078,4203.077147999999,4196.666504,4215.384765999999,4205.641113000001,4208.461426,4234.487305,4200.256348,4219.615234000001,4229.358886999999
4221.794922,4222.05127,4232.05127,4223.717772999999,4218.717772999999,4197.05127,4193.589844,4223.717772999999,4210.641113000001,4205.769043,4227.820313,4192.692383,4213.974121,4224.743652
4217.692383,4215.897461,4232.94873,4220.512695,4211.153809,4193.077147999999,4193.589844,4225.128418,4215.769043,4208.461426,4227.94873,4192.436035,4221.025879,4218.333496
4209.743652,4209.743652,4231.025879,4216.794922,4199.487305,4193.846191,4207.692383,4211.666504,4209.743652,4205.256348,4223.077147999999,4188.846191,4213.846191,4214.871582
4201.922852000001,4202.436035,4221.025879,4211.922852000001,4197.179688,4188.077147999999,4213.589844,4222.563965,4212.05127,4198.077147999999,4216.922852000001,4180.256348,4198.077147999999,4208.974121
4201.025879,4198.717772999999,4216.794922,4210.0,4203.205078,4182.307617,4202.820313,4236.794922,4225.641113000001,4201.794922,4218.717772999999,4181.410156,4203.205078,4204.487305
4197.563965,4200.384765999999,4217.179688,4208.205078,4207.820313,4192.692383,4202.179688,4220.128418,4225.769043,4208.974121,4220.384765999999,4184.615234000001,4211.794922,4200.897461
4188.589844,4192.179688,4208.461426,4200.0,4206.922852000001,4207.05127,4212.436035,4216.153809,4215.0,4205.256348,4213.589844,4177.05127,4202.179688,4195.0
4185.769043,4181.538574,4201.538574,4195.0,4204.487305,4208.717772999999,4216.538574,4238.461426,4217.820313,4200.897461,4209.358886999999,4169.743652,4196.666504,4194.871582
4193.077147999999,4189.358886999999,4206.666504,4200.128418,4206.153809,4203.974121,4214.871582,4240.897461,4228.974121,4208.974121,4215.641113000001,4171.538574,4204.230957,4200.128418
4201.153809,4197.94873,4211.153809,4202.436035,4208.846191,4202.307617,4223.333496,4230.384765999999,4228.077147999999,4216.025879,4219.743652,4174.358886999999,4208.589844,4203.589844
4206.794922,4194.487305,4213.717772999999,4200.512695,4207.436035,4205.769043,4236.153809,4227.563965,4217.179688,4207.692383,4219.102539,4177.436035,4209.358886999999,4209.743652
4213.974121,4201.538574,4221.794922,4204.871582,4208.461426,4202.179688,4214.358886999999,4216.282227000001,4207.307617,4198.077147999999,4223.717772999999,4185.769043,4211.538574,4218.846191
4227.692383,4223.589844,4234.102539,4219.230957,4220.641113000001,4193.461426,4181.153809,4206.410156,4209.230957,4204.871582,4236.282227000001,4197.179688,4220.256348,4229.615234000001
4238.589844,4234.102539,4242.820313,4232.179688,4227.179688,4193.974121,4190.512695,4211.794922,4215.0,4215.897461,4247.436035,4204.102539,4231.666504,4236.794922
4231.538574,4227.307617,4236.282227000001,4228.974121,4214.102539,4193.077147999999,4211.538574,4210.0,4208.077147999999,4211.410156,4245.512695,4199.358886999999,4228.205078,4229.230957
4216.538574,4219.871582,4223.589844,4218.077147999999,4204.743652,4184.743652,4203.974121,4197.563965,4195.769043,4201.666504,4236.153809,4191.153809,4217.692383,4211.666504
4208.846191,4215.769043,4218.974121,4213.333496,4211.666504,4182.307617,4193.077147999999,4194.358886999999,4195.897461,4200.0,4227.05127,4187.692383,4212.05127,4198.846191
4203.077147999999,4206.538574,4211.922852000001,4210.384765999999,4215.512695,4191.282227000001,4202.820313,4199.230957,4204.871582,4199.358886999999,4217.563965,4182.05127,4198.589844,4189.230957
4186.794922,4189.102539,4192.179688,4195.0,4205.256348,4195.384765999999,4210.0,4202.436035,4204.871582,4189.743652,4204.358886999999,4171.794922,4174.487305,4173.461426
4171.794922,4176.922852000001,4178.846191,4181.025879,4198.589844,4196.153809,4206.922852000001,4209.230957,4208.717772999999,4182.436035,4197.307617,4166.410156,4165.641113000001,4165.512695
4179.743652,4183.077147999999,4190.0,4191.025879,4210.769043,4206.538574,4213.846191,4233.589844,4231.666504,4196.153809,4208.077147999999,4172.436035,4180.641113000001,4177.563965
4192.307617,4193.077147999999,4200.128418,4204.102539,4217.563965,4210.128418,4224.615234000001,4251.538574,4245.897461,4213.333496,4222.307617,4179.743652,4195.384765999999,4190.128418
4191.538574,4196.538574,4197.436035,4201.025879,4213.461426,4210.384765999999,4236.282227000001,4242.436035,4235.384765999999,4213.717772999999,4227.307617,4184.487305,4203.846191,4193.589844
4194.615234000001,4203.461426,4201.538574,4202.820313,4220.769043,4219.871582,4242.820313,4224.487305,4222.05127,4206.666504,4228.461426,4192.307617,4209.615234000001,4202.820313
4207.436035,4215.769043,4215.512695,4217.692383,4233.461426,4217.94873,4224.871582,4209.487305,4216.794922,4209.102539,4232.436035,4200.256348,4212.820313,4212.692383
4218.974121,4226.794922,4227.05127,4227.692383,4236.794922,4202.692383,4201.025879,4207.179688,4215.769043,4218.205078,4241.794922,4204.743652,4223.077147999999,4220.641113000001
4222.436035,4230.256348,4228.589844,4228.205078,4232.05127,4198.077147999999,4197.307617,4211.025879,4210.384765999999,4217.820313,4244.358886999999,4202.820313,4227.820313,4228.717772999999
4220.256348,4225.769043,4227.436035,4226.282227000001,4226.666504,4200.128418,4204.743652,4200.769043,4192.179688,4200.512695,4231.153809,4194.102539,4207.563965,4224.102539
4219.230957,4219.743652,4229.871582,4223.077147999999,4220.769043,4195.384765999999,4209.358886999999,4180.769043,4177.436035,4184.615234000001,4218.974121,4189.871582,4184.871582,4213.717772999999
4216.922852000001,4214.615234000001,4227.563965,4218.333496,4212.94873,4190.128418,4205.256348,4174.230957,4176.025879,4183.461426,4217.563965,4192.05127,4186.794922,4212.05127
4204.102539,4207.307617,4216.025879,4211.794922,4208.846191,4191.025879,4193.461426,4185.512695,4182.563965,4187.94873,4217.179688,4189.230957,4193.461426,4206.410156
4189.743652,4199.743652,4203.717772999999,4201.025879,4207.94873,4189.871582,4194.102539,4200.512695,4198.717772999999,4193.205078,4213.589844,4181.922852000001,4186.538574,4192.179688
4183.846191,4196.410156,4195.769043,4193.589844,4204.358886999999,4191.666504,4212.563965,4207.820313,4215.384765999999,4199.358886999999,4212.436035,4176.410156,4184.743652,4185.769043
4178.846191,4194.358886999999,4188.974121,4193.589844,4205.897461,4207.692383,4222.692383,4210.0,4222.820313,4203.333496,4211.794922,4172.179688,4193.205078,4185.897461
4179.871582,4193.333496,4190.0,4191.794922,4216.282227000001,4216.794922,4218.077147999999,4216.410156,4229.358886999999,4209.358886999999,4210.384765999999,4177.692383,4197.94873,4187.05127
4192.94873,4198.846191,4199.743652,4194.743652,4221.410156,4213.077147999999,4228.717772999999,4227.94873,4243.461426,4223.077147999999,4217.820313,4192.179688,4201.153809,4195.256348
4194.871582,4199.743652,4197.179688,4197.692383,4218.589844,4214.358886999999,4243.846191,4228.461426,4240.641113000001,4221.410156,4219.230957,4193.333496,4199.230957,4195.384765999999
4186.666504,4196.282227000001,4187.307617,4191.794922,4221.410156,4216.410156,4226.666504,4219.358886999999,4219.102539,4203.077147999999,4207.436035,4185.641113000001,4196.410156,4186.025879
4194.615234000001,4206.922852000001,4199.743652,4198.846191,4227.94873,4212.05127,4208.333496,4213.333496,4213.974121,4205.256348,4210.641113000001,4189.358886999999,4205.897461,4191.282227000001
4204.487305,4214.487305,4215.641113000001,4210.0,4219.230957,4203.589844,4219.230957,4205.769043,4213.974121,4211.282227000001,4218.461426,4192.94873,4203.846191,4199.487305
4204.615234000001,4209.102539,4217.94873,4207.94873,4211.794922,4198.077147999999,4230.512695,4196.410156,4199.743652,4199.487305,4214.615234000001,4192.563965,4194.743652,4197.179688
4206.794922,4211.025879,4222.05127,4209.487305,4217.692383,4197.436035,4222.436035,4194.487305,4187.820313,4191.282227000001,4213.974121,4196.922852000001,4202.94873,4200.769043
4212.436035,4217.179688,4229.102539,4217.692383,4218.077147999999,4192.820313,4200.641113000001,4189.743652,4185.512695,4195.897461,4217.436035,4199.487305,4212.05127,4208.077147999999
4217.563965,4218.205078,4232.563965,4221.410156,4213.717772999999,4177.436035,4181.025879,4185.256348,4193.077147999999,4204.743652,4219.358886999999,4197.307617,4211.538574,4211.538574
4214.871582,4212.179688,4227.307617,4214.743652,4210.897461,4169.358886999999,4185.897461,4196.538574,4196.666504,4207.436035,4219.358886999999,4193.846191,4207.05127,4214.102539
4207.05127,4206.153809,4220.384765999999,4205.641113000001,4211.666504,4182.820313,4199.230957,4203.077147999999,4191.410156,4202.436035,4217.307617,4188.846191,4201.538574,4213.589844
4203.846191,4207.436035,4217.179688,4203.717772999999,4217.307617,4194.871582,4190.128418,4190.128418,4192.05127,4200.128418,4212.692383,4186.922852000001,4199.615234000001,4208.717772999999
4196.538574,4202.563965,4204.743652,4197.179688,4216.153809,4193.846191,4197.05127,4191.794922,4198.974121,4200.384765999999,4200.512695,4184.871582,4190.769043,4195.0
4179.615234000001,4189.102539,4183.846191,4182.820313,4210.128418,4198.974121,4228.205078,4214.743652,4201.666504,4195.384765999999,4183.846191,4174.487305,4174.102539,4176.538574
4167.436035,4179.230957,4172.692383,4177.563965,4210.769043,4206.153809,4222.692383,4218.077147999999,4199.358886999999,4187.307617,4173.846191,4165.384765999999,4166.538574,4167.179688
4167.94873,4178.205078,4173.717772999999,4180.641113000001,4213.589844,4203.333496,4196.410156,4202.563965,4199.487305,4187.820313,4173.205078,4167.94873,4169.102539,4175.0
4167.820313,4178.333496,4169.871582,4175.512695,4209.871582,4195.128418,4196.538574,4191.922852000001,4190.769043,4187.820313,4166.922852000001,4168.077147999999,4168.333496,4178.974121
4166.666504,4179.230957,4167.563965,4173.461426,4199.743652,4188.717772999999,4197.820313,4178.333496,4177.307617,4179.358886999999,4158.589844,4162.436035,4166.282227000001,4173.974121
4174.358886999999,4186.410156,4180.0,4187.307617,4194.358886999999,4189.743652,4187.307617,4176.153809,4180.641113000001,4181.410156,4166.794922,4168.974121,4170.512695,4182.436035
4181.025879,4186.410156,4188.846191,4188.589844,4192.05127,4187.820313,4185.128418,4178.589844,4179.487305,4182.179688,4171.794922,4179.358886999999,4170.897461,4193.077147999999
4188.077147999999,4186.666504,4194.102539,4184.871582,4193.077147999999,4182.692383,4187.307617,4168.461426,4168.333496,4173.461426,4169.358886999999,4181.922852000001,4172.307617,4194.230957
4210.384765999999,4204.230957,4213.974121,4204.615234000001,4205.128418,4187.307617,4184.871582,4176.410156,4178.077147999999,4182.94873,4186.922852000001,4189.230957,4190.384765999999,4207.563965
4231.153809,4217.563965,4227.179688,4221.153809,4208.717772999999,4191.794922,4188.333496,4196.282227000001,4195.0,4200.256348,4208.846191,4195.256348,4209.358886999999,4227.307617
4230.897461,4213.461426,4217.820313,4214.871582,4200.897461,4192.563965,4200.256348,4200.256348,4197.692383,4205.384765999999,4212.436035,4192.820313,4211.538574,4228.717772999999
4220.256348,4204.230957,4205.256348,4205.0,4197.563965,4196.025879,4207.94873,4199.230957,4199.615234000001,4205.384765999999,4212.563965,4190.897461,4202.179688,4218.589844
4211.410156,4194.358886999999,4198.846191,4197.436035,4195.641113000001,4196.666504,4214.615234000001,4204.743652,4205.256348,4203.717772999999,4210.0,4188.077147999999,4190.128418,4209.230957
4208.589844,4189.230957,4196.282227000001,4191.153809,4191.282227000001,4196.025879,4225.897461,4226.410156,4214.358886999999,4204.358886999999,4203.717772999999,4181.153809,4186.666504,4206.410156
4204.743652,4191.410156,4194.358886999999,4193.461426,4188.589844,4194.743652,4226.794922,4245.384765999999,4223.974121,4210.128418,4205.897461,4178.461426,4187.692383,4211.282227000001
4189.743652,4184.230957,4185.641113000001,4191.410156,4189.230957,4195.128418,4219.615234000001,4222.179688,4214.230957,4202.94873,4202.692383,4176.025879,4176.794922,4205.0
4182.05127,4176.922852000001,4180.512695,4182.692383,4192.820313,4202.94873,4214.487305,4184.358886999999,4201.025879,4191.922852000001,4194.358886999999,4167.820313,4171.922852000001,4192.692383
4193.333496,4185.384765999999,4187.94873,4186.153809,4197.307617,4198.205078,4207.307617,4195.897461,4212.692383,4200.641113000001,4200.0,4168.974121,4187.436035,4195.769043
4204.358886999999,4199.102539,4198.846191,4200.384765999999,4201.794922,4191.666504,4208.461426,4221.025879,4227.436035,4214.358886999999,4211.153809,4179.230957,4198.846191,4205.128418
4202.307617,4203.589844,4202.94873,4205.769043,4207.820313,4204.871582,4209.358886999999,4205.384765999999,4223.205078,4215.256348,4210.897461,4182.179688,4196.538574,4203.974121
4200.641113000001,4199.487305,4200.512695,4202.94873,4209.615234000001,4206.025879,4196.794922,4190.641113000001,4216.922852000001,4210.384765999999,4208.077147999999,4177.436035,4196.538574,4201.282227000001
4202.820313,4196.025879,4198.461426,4203.461426,4203.461426,4190.641113000001,4198.717772999999,4201.538574,4218.461426,4206.153809,4208.974121,4174.871582,4195.769043,4201.538574
4204.871582,4197.94873,4199.487305,4202.436035,4197.179688,4194.871582,4215.512695,4202.820313,4211.025879,4198.974121,4207.692383,4179.358886999999,4190.897461,4201.282227000001
4214.230957,4208.589844,4204.358886999999,4203.461426,4198.077147999999,4208.077147999999,4217.307617,4196.922852000001,4203.077147999999,4198.717772999999,4213.846191,4186.538574,4199.743652,4211.794922
4222.05127,4208.846191,4210.641113000001,4206.153809,4197.820313,4199.871582,4208.717772999999,4204.358886999999,4207.179688,4203.333496,4221.538574,4191.794922,4206.282227000001,4222.179688
4218.717772999999,4199.871582,4212.563965,4204.743652,4195.897461,4189.743652,4214.102539,4205.256348,4202.179688,4199.358886999999,4220.128418,4197.820313,4197.307617,4220.0
4218.846191,4204.743652,4210.256348,4206.410156,4198.077147999999,4195.512695,4225.897461,4210.641113000001,4195.769043,4196.666504,4222.692383,4203.077147999999,4199.230957,4219.743652
4222.307617,4209.871582,4209.871582,4208.461426,4195.0,4194.230957,4219.743652,4234.230957,4206.538574,4200.384765999999,4229.358886999999,4199.871582,4213.077147999999,4225.128418
4215.512695,4203.461426,4209.743652,4206.666504,4190.769043,4186.922852000001,4207.05127,4220.128418,4211.025879,4201.025879,4227.436035,4191.538574,4216.025879,4222.692383
4203.589844,4196.666504,4200.897461,4201.794922,4197.692383,4195.769043,4205.128418,4176.025879,4201.922852000001,4199.230957,4218.077147999999,4182.692383,4205.0,4208.333496
4192.563965,4193.717772999999,4187.05127,4193.333496,4207.820313,4208.205078,4205.769043,4173.974121,4207.179688,4204.871582,4212.94873,4178.205078,4194.102539,4192.563965
4181.794922,4189.615234000001,4181.282227000001,4188.333496,4209.230957,4205.769043,4205.641113000001,4203.461426,4224.230957,4215.256348,4211.666504,4180.256348,4191.410156,4180.512695
4177.820313,4186.410156,4182.05127,4192.05127,4201.666504,4200.641113000001,4206.538574,4208.077147999999,4225.897461,4216.538574,4207.692383,4179.487305,4190.641113000001,4174.743652
4186.794922,4188.333496,4185.256348,4195.512695,4198.846191,4200.641113000001,4206.153809,4206.794922,4221.282227000001,4211.282227000001,4205.256348,4175.641113000001,4189.871582,4179.230957
4198.717772999999,4192.179688,4190.897461,4197.563965,4205.897461,4199.743652,4208.205078,4220.512695,4224.615234000001,4210.512695,4207.820313,4179.871582,4193.461426,4188.205078
4203.846191,4195.128418,4196.153809,4202.563965,4210.897461,4202.820313,4214.358886999999,4218.077147999999,4224.615234000001,4211.794922,4212.692383,4188.846191,4196.538574,4195.897461
4212.436035,4205.512695,4207.05127,4210.641113000001,4213.589844,4213.077147999999,4215.769043,4211.153809,4226.153809,4219.358886999999,4225.128418,4198.717772999999,4201.025879,4208.205078
4228.717772999999,4218.077147999999,4221.025879,4218.205078,4214.358886999999,4210.256348,4209.102539,4218.846191,4231.025879,4229.871582,4237.94873,4212.307617,4208.717772999999,4224.615234000001
4235.512695,4216.282227000001,4225.256348,4222.436035,4207.179688,4196.538574,4214.102539,4218.974121,4221.794922,4226.025879,4237.692383,4215.384765999999,4210.641113000001,4227.94873
4228.461426,4211.025879,4221.025879,4221.538574,4203.589844,4194.358886999999,4226.282227000001,4207.436035,4208.846191,4215.769043,4231.282227000001,4204.743652,4209.358886999999,4219.230957
4221.282227000001,4213.974121,4216.410156,4218.846191,4211.922852000001,4202.94873,4222.05127,4203.077147999999,4210.641113000001,4211.666504,4226.410156,4200.256348,4207.436035,4212.436035
4215.769043,4215.384765999999,4212.820313,4222.179688,4222.692383,4210.128418,4216.025879,4195.769043,4212.563965,4210.512695,4222.05127,4200.897461,4201.153809,4209.358886999999
4201.922852000001,4205.512695,4201.282227000001,4219.615234000001,4218.461426,4205.256348,4221.153809,4173.461426,4200.769043,4205.512695,4215.256348,4190.512695,4190.897461,4200.128418
4191.794922,4193.589844,4190.384765999999,4207.820313,4201.282227000001,4197.179688,4223.717772999999,4184.871582,4206.153809,4206.922852000001,4208.333496,4182.436035,4187.692383,4189.871582
4196.282227000001,4193.974121,4192.05127,4205.0,4197.820313,4200.384765999999,4222.05127,4228.974121,4233.974121,4221.025879,4208.974121,4187.820313,4193.205078,4193.333496
4198.589844,4196.153809,4192.179688,4207.692383,4205.256348,4200.641113000001,4225.256348,4234.615234000001,4239.358886999999,4225.641113000001,4215.256348,4188.974121,4193.333496,4198.461426
4195.512695,4193.205078,4188.717772999999,4204.615234000001,4204.102539,4197.05127,4232.94873,4214.871582,4224.102539,4217.820313,4217.436035,4188.589844,4193.333496,4195.641113000001
4204.358886999999,4201.794922,4197.820313,4206.538574,4205.256348,4204.102539,4236.666504,4223.717772999999,4227.05127,4225.769043,4224.871582,4201.410156,4209.102539,4202.05127
4218.589844,4222.307617,4211.025879,4217.05127,4216.794922,4212.94873,4232.05127,4239.487305,4239.743652,4243.717772999999,4240.769043,4211.538574,4227.94873,4219.615234000001
4224.102539,4230.256348,4214.871582,4223.717772999999,4223.846191,4213.589844,4232.94873,4233.333496,4235.897461,4242.692383,4248.333496,4211.410156,4233.077147999999,4229.358886999999
4227.179688,4225.641113000001,4216.282227000001,4224.230957,4221.922852000001,4215.0,4237.563965,4220.0,4225.897461,4231.410156,4246.794922,4215.641113000001,4231.922852000001,4229.102539
4231.282227000001,4228.589844,4220.512695,4227.179688,4221.153809,4223.205078,4232.436035,4208.461426,4222.307617,4228.333496,4243.717772999999,4217.436035,4229.487305,4225.128418
4231.153809,4230.384765999999,4218.717772999999,4229.102539,4217.179688,4217.307617,4225.256348,4199.230957,4212.179688,4220.897461,4235.897461,4208.974121,4218.461426,4217.307617
4224.615234000001,4224.358886999999,4211.666504,4226.538574,4212.307617,4197.94873,4222.307617,4198.205078,4202.692383,4210.769043,4229.487305,4204.487305,4208.974121,4211.794922
4219.102539,4221.410156,4211.410156,4226.153809,4213.461426,4196.025879,4224.743652,4204.487305,4211.025879,4215.512695,4234.743652,4208.205078,4212.94873,4209.230957
4208.974121,4212.94873,4207.94873,4220.769043,4209.487305,4204.743652,4230.641113000001,4201.153809,4210.512695,4211.794922,4231.666504,4204.743652,4207.692383,4198.205078
4196.538574,4203.974121,4198.333496,4212.94873,4207.820313,4201.282227000001,4232.307617,4204.230957,4204.487305,4205.128418,4222.307617,4196.666504,4200.0,4191.410156
4194.230957,4206.666504,4195.384765999999,4213.974121,4213.205078,4195.641113000001,4235.512695,4234.487305,4222.563965,4217.820313,4226.666504,4197.692383,4209.871582,4198.717772999999
4196.153809,4205.384765999999,4194.358886999999,4211.794922,4210.769043,4203.205078,4252.94873,4243.077147999999,4231.153809,4221.153809,4229.615234000001,4201.282227000001,4215.0,4201.538574
4197.692383,4202.563965,4193.461426,4206.153809,4206.410156,4208.205078,4253.974121,4220.512695,4218.205078,4215.641113000001,4232.307617,4202.820313,4216.922852000001,4205.769043
4198.077147999999,4203.27832,4193.461426,4206.575195,4206.538574,4207.655761999999,4249.065918,4216.39209,4214.780272999999,4212.033203,4230.366211,4200.183105,4213.900879,4202.94873
4198.461426,4203.992676,4193.461426,4206.996094,4206.666504,4207.106445,4244.157715,4212.270996,4211.355469,4208.424805,4228.424805,4197.545897999999,4210.878906,4200.128418
4198.846191,4204.707031,4193.461426,4207.41748,4206.794922,4206.556640999999,4239.249022999999,4208.150390999999,4207.930176,4204.816895,4226.483397999999,4194.908203,4207.856934,4197.307617
4199.230957,4205.421386999999,4193.461426,4207.838867,4206.922852000001,4206.007324,4234.34082,4204.029297,4204.505371,4201.208984000001,4224.541992,4192.270996,4204.834961,4194.487305
4199.615234000001,4206.135742,4193.461426,4208.260254,4207.05127,4205.458008,4229.432129,4199.908203,4201.080566,4197.600586,4222.600586,4189.633789,4201.812988000001,4191.666504
4200.0,4206.849609000001,4193.461426,4208.681152,4207.179688,4204.908203,4224.523926,4195.787598,4197.655761999999,4193.992676,4220.65918,4186.996094,4198.791015999999,4188.846191
4200.384765999999,4207.563965,4193.461426,4209.102539,4207.307617,4204.358886999999,4219.615234000001,4191.666504,4194.230957,4190.384765999999,4218.717772999999,4184.358886999999,4195.769043,4186.025879
4197.179688,4210.256348,4193.974121,4212.820313,4212.94873,4190.769043,4210.512695,4192.94873,4204.230957,4204.743652,4223.974121,4188.077147999999,4194.487305,4191.410156
4194.102539,4196.282227000001,4187.563965,4211.538574,4207.563965,4192.94873,4226.794922,4196.666504,4200.0,4203.974121,4220.0,4183.846191,4182.436035,4185.128418
4193.717772999999,4192.179688,4187.94873,4210.128418,4198.461426,4194.358886999999,4236.282227000001,4208.333496,4205.641113000001,4205.128418,4219.358886999999,4186.025879,4185.897461,4183.974121
4195.256348,4207.179688,4195.384765999999,4214.230957,4206.922852000001,4195.512695,4233.717772999999,4216.922852000001,4220.128418,4221.025879,4230.769043,4197.563965,4207.05127,4195.512695
4204.102539,4217.436035,4198.974121,4218.846191,4219.871582,4201.410156,4228.589844,4227.563965,4225.641113000001,4234.358886999999,4243.974121,4204.871582,4221.794922,4208.205078
4222.05127,4224.230957,4205.897461,4228.589844,4224.230957,4210.512695,4227.94873,4244.615234000001,4230.641113000001,4239.615234000001,4253.846191,4211.153809,4231.538574,4220.512695
4228.846191,4235.641113000001,4214.358886999999,4237.05127,4227.563965,4219.358886999999,4234.615234000001,4244.102539,4232.436035,4241.666504,4258.589844,4215.512695,4238.974121,4228.974121
4226.282227000001,4237.692383,4214.743652,4233.077147999999,4230.0,4221.922852000001,4237.179688,4237.692383,4231.922852000001,4241.922852000001,4258.974121,4216.538574,4236.922852000001,4228.846191
4229.615234000001,4231.282227000001,4214.102539,4228.846191,4226.538574,4216.282227000001,4225.256348,4246.538574,4233.205078,4240.128418,4258.461426,4217.94873,4234.230957,4228.974121
4227.307617,4232.692383,4213.589844,4232.563965,4225.769043,4210.897461,4216.666504,4236.922852000001,4219.358886999999,4230.256348,4253.333496,4212.820313,4230.0,4226.025879
4213.846191,4236.153809,4208.077147999999,4232.436035,4232.94873,4216.538574,4221.410156,4195.512695,4192.307617,4211.410156,4236.666504,4197.820313,4213.589844,4207.307617
4205.641113000001,4231.410156,4200.769043,4226.025879,4231.410156,4216.794922,4218.846191,4165.384765999999,4178.333496,4195.769043,4217.94873,4185.897461,4196.666504,4189.487305
4207.307617,4227.179688,4198.974121,4227.05127,4220.128418,4203.717772999999,4213.077147999999,4172.05127,4183.846191,4193.846191,4215.897461,4185.256348,4195.384765999999,4193.717772999999
4204.487305,4222.820313,4198.333496,4228.333496,4211.794922,4196.410156,4221.794922,4193.589844,4194.230957,4199.230957,4220.512695,4187.820313,4193.589844,4201.410156
4199.871582,4214.743652,4193.333496,4220.128418,4211.282227000001,4200.128418,4233.589844,4205.512695,4202.692383,4198.974121,4212.436035,4188.589844,4178.846191,4194.102539
4205.512695,4218.589844,4194.230957,4220.897461,4218.205078,4206.666504,4235.512695,4217.307617,4214.743652,4207.94873,4209.230957,4191.410156,4182.179688,4193.461426
4208.974121,4221.666504,4196.666504,4224.102539,4218.205078,4211.025879,4236.922852000001,4247.307617,4230.256348,4224.615234000001,4219.743652,4192.94873,4202.820313,4203.205078
4205.384765999999,4216.538574,4193.077147999999,4218.205078,4215.897461,4212.94873,4244.102539,4274.102539,4240.384765999999,4229.615234000001,4224.102539,4192.436035,4206.282227000001,4205.897461
4215.641113000001,4227.436035,4199.102539,4224.487305,4226.153809,4214.743652,4239.358886999999,4260.641113000001,4240.897461,4232.179688,4224.871582,4200.128418,4205.897461,4214.102539
4233.461426,4238.589844,4213.077147999999,4238.077147999999,4230.384765999999,4215.128418,4225.641113000001,4231.666504,4230.769043,4234.102539,4224.102539,4209.743652,4215.256348,4227.563965
4240.128418,4236.153809,4219.358886999999,4243.846191,4226.922852000001,4217.692383,4225.512695,4236.538574,4223.333496,4230.769043,4220.897461,4210.769043,4220.769043,4233.846191
4237.05127,4236.666504,4219.487305,4244.230957,4229.615234000001,4220.128418,4229.358886999999,4242.436035,4219.487305,4225.897461,4217.436035,4207.692383,4216.666504,4233.333496
4231.922852000001,4236.538574,4219.615234000001,4238.077147999999,4224.358886999999,4215.128418,4223.846191,4215.384765999999,4207.05127,4217.436035,4210.384765999999,4205.769043,4211.025879,4226.538574
4226.538574,4226.538574,4215.128418,4229.743652,4210.128418,4211.410156,4226.666504,4205.384765999999,4199.487305,4209.615234000001,4204.743652,4201.538574,4208.461426,4217.563965
4218.461426,4215.769043,4202.94873,4222.563965,4207.692383,4213.589844,4227.692383,4207.94873,4198.846191,4202.436035,4197.692383,4190.897461,4206.410156,4212.179688
4219.487305,4218.974121,4199.871582,4222.179688,4213.974121,4220.256348,4221.922852000001,4195.128418,4202.94873,4205.256348,4201.666504,4189.871582,4212.307617,4218.205078
4224.871582,4221.538574,4205.384765999999,4226.025879,4210.384765999999,4226.922852000001,4228.461426,4200.512695,4216.153809,4216.666504,4215.0,4200.256348,4217.436035,4225.128418
4217.563965,4210.256348,4201.410156,4221.666504,4203.589844,4221.025879,4233.077147999999,4220.128418,4220.769043,4214.230957,4209.871582,4197.820313,4207.692383,4220.641113000001
4217.179688,4206.538574,4196.794922,4217.05127,4203.846191,4211.025879,4229.615234000001,4228.589844,4220.0,4209.615234000001,4200.769043,4192.179688,4202.563965,4221.025879
4231.282227000001,4213.846191,4203.589844,4220.256348,4202.179688,4212.307617,4238.974121,4245.384765999999,4232.820313,4223.846191,4212.94873,4204.487305,4212.563965,4231.794922
4237.94873,4220.512695,4211.153809,4225.128418,4202.307617,4221.794922,4250.897461,4267.307617,4248.846191,4241.922852000001,4232.692383,4221.025879,4224.358886999999,4238.846191
4232.563965,4222.692383,4209.102539,4223.974121,4210.0,4220.384765999999,4235.641113000001,4246.922852000001,4242.820313,4240.769043,4234.871582,4220.897461,4226.666504,4236.153809
4225.641113000001,4218.205078,4201.794922,4218.077147999999,4209.358886999999,4206.153809,4212.820313,4207.94873,4220.128418,4225.769043,4223.205078,4211.538574,4219.102539,4229.358886999999
4219.743652,4212.05127,4198.461426,4217.94873,4201.666504,4202.692383,4219.230957,4202.94873,4205.897461,4215.256348,4211.282227000001,4202.307617,4208.077147999999,4221.282227000001
4214.358886999999,4210.128418,4199.358886999999,4221.410156,4200.0,4212.820313,4232.94873,4207.820313,4201.794922,4207.179688,4202.436035,4193.077147999999,4202.563965,4213.846191
4207.307617,4203.974121,4196.666504,4217.05127,4202.820313,4215.641113000001,4226.538574,4196.538574,4191.666504,4194.743652,4197.307617,4185.769043,4199.487305,4210.512695
4200.256348,4195.256348,4189.615234000001,4209.358886999999,4202.307617,4206.538574,4219.615234000001,4182.436035,4177.179688,4178.974121,4193.333496,4183.846191,4195.128418,4206.153809
4206.410156,4200.641113000001,4188.461426,4212.692383,4198.333496,4203.589844,4222.563965,4179.743652,4179.230957,4181.794922,4196.153809,4191.410156,4200.641113000001,4209.743652
4220.256348,4212.94873,4200.128418,4224.230957,4199.615234000001,4206.538574,4222.307617,4197.05127,4206.153809,4209.230957,4209.230957,4202.307617,4216.153809,4222.692383
4222.692383,4216.153809,4208.333496,4227.94873,4205.128418,4204.487305,4218.589844,4222.94873,4230.0,4223.205078,4220.897461,4203.589844,4220.512695,4224.102539
4214.871582,4211.538574,4198.589844,4218.333496,4209.743652,4209.615234000001,4218.974121,4227.94873,4229.358886999999,4215.769043,4219.102539,4197.820313,4210.769043,4215.512695
4211.025879,4212.563965,4189.487305,4210.384765999999,4216.282227000001,4224.743652,4221.410156,4211.794922,4225.0,4216.794922,4216.025879,4195.641113000001,4210.512695,4218.589844
4217.820313,4221.282227000001,4194.358886999999,4215.897461,4219.102539,4225.0,4215.0,4209.871582,4236.153809,4231.153809,4225.897461,4201.282227000001,4223.589844,4229.230957
4227.436035,4226.410156,4203.205078,4225.0,4215.769043,4210.641113000001,4209.358886999999,4228.333496,4249.615234000001,4240.641113000001,4236.153809,4206.538574,4230.897461,4233.717772999999
4229.743652,4224.358886999999,4207.436035,4224.487305,4211.666504,4206.794922,4211.794922,4237.307617,4241.153809,4234.487305,4233.974121,4205.256348,4226.153809,4235.128418
4223.846191,4216.666504,4206.538574,4220.0,4206.410156,4206.538574,4210.0,4218.717772999999,4215.128418,4216.282227000001,4225.384765999999,4201.410156,4217.05127,4229.615234000001
4219.871582,4212.307617,4206.282227000001,4219.871582,4201.153809,4204.615234000001,4208.461426,4193.717772999999,4200.128418,4208.846191,4223.974121,4200.512695,4217.94873,4222.436035
4218.333496,4212.820313,4207.436035,4217.692383,4202.05127,4211.025879,4209.230957,4187.820313,4201.922852000001,4213.077147999999,4225.256348,4200.384765999999,4222.307617,4220.769043
4212.436035,4209.871582,4201.025879,4213.589844,4203.589844,4215.0,4208.333496,4183.974121,4198.717772999999,4202.563965,4218.077147999999,4197.563965,4214.743652,4215.384765999999
4204.487305,4200.512695,4190.384765999999,4209.615234000001,4197.692383,4204.743652,4211.153809,4177.05127,4182.436035,4182.692383,4206.153809,4191.025879,4198.205078,4207.94873
4203.205078,4199.102539,4190.641113000001,4207.436035,4196.025879,4202.05127,4210.897461,4185.897461,4180.0,4181.666504,4202.436035,4189.487305,4193.846191,4209.487305
4212.05127,4212.692383,4199.743652,4217.436035,4209.871582,4219.358886999999,4199.743652,4200.769043,4206.922852000001,4203.717772999999,4216.282227000001,4198.846191,4212.179688,4218.205078
4213.589844,4215.641113000001,4197.307617,4223.333496,4218.077147999999,4223.717772999999,4193.974121,4202.692383,4226.922852000001,4217.820313,4223.846191,4201.794922,4222.05127,4218.077147999999
4209.358886999999,4214.102539,4192.820313,4216.153809,4216.410156,4217.563965,4206.153809,4204.358886999999,4229.615234000001,4221.666504,4222.436035,4198.846191,4218.205078,4217.692383
4216.153809,4225.256348,4200.256348,4217.436035,4221.282227000001,4221.153809,4216.282227000001,4221.538574,4240.769043,4235.128418,4228.846191,4204.615234000001,4222.179688,4226.025879
4223.077147999999,4225.897461,4201.794922,4222.307617,4220.897461,4220.384765999999,4212.05127,4229.102539,4243.589844,4236.153809,4226.025879,4202.692383,4220.512695,4225.897461
4217.05127,4211.538574,4193.333496,4215.128418,4207.692383,4209.358886999999,4205.512695,4225.0,4228.077147999999,4218.077147999999,4212.692383,4189.871582,4209.102539,4214.487305
4208.333496,4204.358886999999,4193.461426,4208.205078,4198.205078,4197.563965,4202.05127,4225.512695,4221.025879,4209.358886999999,4211.153809,4188.717772999999,4207.307617,4210.384765999999
4212.563965,4210.769043,4206.666504,4213.717772999999,4202.563965,4199.615234000001,4202.563965,4215.384765999999,4216.922852000001,4216.410156,4218.205078,4197.179688,4218.589844,4218.846191
4222.94873,4213.589844,4210.641113000001,4218.077147999999,4205.897461,4212.436035,4206.282227000001,4190.384765999999,4199.358886999999,4212.820313,4216.282227000001,4197.692383,4224.102539,4222.05127
4213.589844,4199.871582,4193.077147999999,4208.333496,4195.128418,4207.820313,4207.692383,4169.102539,4175.0,4186.282227000001,4200.128418,4189.615234000001,4204.487305,4210.897461
4195.897461,4188.461426,4181.922852000001,4198.205078,4192.05127,4199.743652,4204.358886999999,4171.794922,4165.384765999999,4169.358886999999,4189.487305,4185.769043,4187.179688,4203.974121
4200.256348,4196.410156,4193.333496,4201.922852000001,4202.307617,4211.538574,4193.333496,4181.282227000001,4178.461426,4183.205078,4202.05127,4194.871582,4202.436035,4213.589844
4210.769043,4202.179688,4199.743652,4207.820313,4201.410156,4214.230957,4189.615234000001,4190.128418,4203.974121,4201.538574,4217.563965,4207.436035,4219.743652,4221.025879
4202.05127,4197.307617,4189.743652,4206.025879,4195.0,4203.205078,4198.333496,4213.461426,4223.461426,4205.128418,4216.410156,4207.179688,4212.820313,4215.512695
4192.179688,4195.0,4180.897461,4201.282227000001,4196.282227000001,4206.922852000001,4198.589844,4215.256348,4219.487305,4200.384765999999,4208.333496,4196.538574,4201.922852000001,4207.692383
4198.717772999999,4202.05127,4181.794922,4201.794922,4202.563965,4216.153809,4192.05127,4195.384765999999,4212.94873,4198.717772999999,4202.563965,4191.922852000001,4201.153809,4205.256348
4206.794922,4211.025879,4188.205078,4203.717772999999,4208.717772999999,4210.641113000001,4191.666504,4197.94873,4221.922852000001,4202.563965,4198.974121,4193.077147999999,4197.94873,4207.05127
4204.230957,4210.512695,4190.0,4203.333496,4209.615234000001,4203.974121,4184.743652,4209.743652,4222.692383,4200.897461,4194.871582,4190.0,4188.717772999999,4200.512695
4199.743652,4204.358886999999,4187.94873,4206.794922,4208.461426,4207.820313,4188.077147999999,4215.0,4216.025879,4199.487305,4192.563965,4184.230957,4181.025879,4192.820313
4194.871582,4198.461426,4186.025879,4205.512695,4205.897461,4206.538574,4207.563965,4214.230957,4208.077147999999,4198.205078,4190.256348,4183.333496,4176.794922,4193.205078
4185.512695,4190.769043,4181.282227000001,4196.666504,4200.128418,4197.94873,4204.358886999999,4196.794922,4193.205078,4188.205078,4185.0,4182.692383,4175.897461,4188.589844
4179.615234000001,4185.641113000001,4176.282227000001,4193.333496,4191.410156,4194.358886999999,4191.025879,4194.230957,4189.871582,4187.692383,4184.358886999999,4179.230957,4181.025879,4178.205078
4183.846191,4186.922852000001,4177.563965,4195.128418,4189.871582,4193.589844,4194.487305,4208.077147999999,4198.205078,4198.333496,4192.94873,4182.436035,4188.846191,4180.384765999999
4192.436035,4190.384765999999,4185.384765999999,4198.077147999999,4197.692383,4195.769043,4192.820313,4192.94873,4192.692383,4198.205078,4203.846191,4194.615234000001,4195.384765999999,4197.436035
4201.025879,4197.307617,4190.384765999999,4205.0,4202.436035,4203.077147999999,4183.589844,4170.0,4179.615234000001,4193.589844,4211.666504,4206.666504,4206.666504,4211.538574
4209.615234000001,4207.563965,4190.512695,4211.025879,4199.871582,4208.205078,4194.487305,4188.717772999999,4188.974121,4201.282227000001,4218.077147999999,4211.282227000001,4217.820313,4213.205078
4213.205078,4212.563965,4192.820313,4209.230957,4204.871582,4213.846191,4206.025879,4226.153809,4216.153809,4211.153809,4221.666504,4206.153809,4220.0,4208.589844
4215.384765999999,4215.512695,4200.256348,4211.666504,4218.461426,4222.436035,4192.563965,4230.897461,4229.743652,4216.025879,4222.820313,4202.179688,4225.769043,4209.615234000001
4217.179688,4219.615234000001,4202.307617,4217.94873,4220.256348,4222.820313,4192.307617,4203.333496,4217.563965,4214.230957,4221.538574,4203.077147999999,4232.563965,4213.974121
4205.512695,4210.0,4186.538574,4208.717772999999,4211.153809,4210.512695,4198.846191,4183.333496,4196.153809,4195.0,4203.974121,4193.333496,4210.384765999999,4201.794922
4195.128418,4202.563965,4178.205078,4200.512695,4211.025879,4202.179688,4177.179688,4189.615234000001,4194.102539,4181.410156,4187.820313,4182.307617,4184.102539,4187.436035
4200.512695,4211.538574,4190.256348,4209.871582,4215.641113000001,4205.0,4170.384765999999,4201.794922,4209.358886999999,4192.820313,4196.153809,4189.615234000001,4191.025879,4190.256348
4190.641113000001,4200.128418,4184.487305,4201.666504,4200.0,4199.230957,4200.0,4211.410156,4211.153809,4191.666504,4194.230957,4189.487305,4187.179688,4186.538574
4173.461426,4180.128418,4167.94873,4184.230957,4188.461426,4191.922852000001,4207.436035,4212.05127,4201.025879,4176.282227000001,4176.794922,4176.410156,4162.436035,4170.128418
4180.256348,4191.538574,4173.205078,4193.205078,4201.922852000001,4201.410156,4186.666504,4192.436035,4205.641113000001,4186.153809,4179.102539,4179.743652,4167.820313,4168.333496
4192.692383,4206.794922,4186.410156,4204.615234000001,4209.743652,4214.743652,4190.0,4186.922852000001,4222.563965,4209.871582,4197.05127,4192.563965,4193.846191,4182.692383
4195.512695,4205.128418,4190.769043,4203.461426,4210.256348,4214.102539,4204.743652,4203.589844,4228.333496,4215.384765999999,4207.94873,4195.769043,4200.384765999999,4192.692383
4198.589844,4204.487305,4188.846191,4203.333496,4208.717772999999,4199.871582,4190.384765999999,4198.077147999999,4218.589844,4209.230957,4208.077147999999,4196.025879,4195.769043,4194.358886999999
4200.0,4208.333496,4189.615234000001,4205.0,4203.589844,4195.0,4179.230957,4193.974121,4218.333496,4212.563965,4209.358886999999,4200.256348,4204.358886999999,4196.794922
4195.256348,4204.743652,4194.615234000001,4203.333496,4203.205078,4208.461426,4194.871582,4213.717772999999,4229.102539,4217.05127,4211.922852000001,4201.025879,4214.358886999999,4200.641113000001
4194.358886999999,4200.897461,4194.743652,4201.410156,4208.077147999999,4212.692383,4195.512695,4208.333496,4221.538574,4207.05127,4208.974121,4198.205078,4209.487305,4198.333496
4198.717772999999,4206.153809,4191.666504,4202.436035,4212.179688,4198.589844,4171.025879,4185.0,4208.077147999999,4200.256348,4204.358886999999,4195.769043,4204.102539,4194.358886999999
4198.205078,4208.461426,4190.897461,4201.025879,4210.512695,4194.358886999999,4166.025879,4188.077147999999,4210.641113000001,4203.333496,4199.871582,4193.589844,4201.282227000001,4196.153809
4194.102539,4200.641113000001,4187.820313,4196.794922,4205.512695,4203.974121,4182.692383,4204.743652,4212.436035,4196.410156,4192.94873,4193.589844,4190.128418,4195.512695
4194.487305,4198.846191,4188.846191,4197.692383,4206.538574,4199.358886999999,4181.282227000001,4210.128418,4208.205078,4190.384765999999,4192.179688,4198.077147999999,4186.666504,4194.743652
4195.641113000001,4204.615234000001,4195.641113000001,4199.615234000001,4210.256348,4185.897461,4172.307617,4212.436035,4212.179688,4204.358886999999,4201.410156,4202.563965,4197.820313,4198.717772999999
4191.922852000001,4203.461426,4192.820313,4196.153809,4204.743652,4192.179688,4185.128418,4215.256348,4220.384765999999,4216.282227000001,4205.128418,4200.256348,4201.794922,4198.205078
4187.563965,4196.794922,4182.820313,4190.897461,4199.358886999999,4207.692383,4199.871582,4211.538574,4223.461426,4208.461426,4198.589844,4193.461426,4195.128418,4191.282227000001
4185.641113000001,4196.282227000001,4179.487305,4192.436035,4204.871582,4212.05127,4198.205078,4212.307617,4226.153809,4205.128418,4193.974121,4187.820313,4193.717772999999,4184.871582
4184.102539,4198.717772999999,4180.641113000001,4196.153809,4208.461426,4213.974121,4200.128418,4219.615234000001,4228.333496,4214.230957,4194.871582,4187.563965,4195.897461,4181.794922
4189.102539,4201.922852000001,4181.666504,4196.410156,4207.563965,4216.666504,4202.05127,4213.974121,4226.922852000001,4218.846191,4196.794922,4192.436035,4198.461426,4185.256348
4202.563965,4211.922852000001,4188.205078,4202.307617,4214.487305,4219.230957,4191.538574,4207.563965,4235.384765999999,4222.94873,4201.538574,4197.692383,4207.563965,4197.436035
4206.922852000001,4212.820313,4194.615234000001,4206.410156,4217.820313,4216.666504,4186.410156,4224.615234000001,4243.974121,4226.794922,4202.307617,4198.205078,4209.615234000001,4201.922852000001
4198.589844,4202.307617,4194.102539,4198.846191,4209.230957,4205.384765999999,4189.615234000001,4227.94873,4230.384765999999,4219.487305,4194.102539,4198.846191,4201.025879,4198.589844
4200.641113000001,4205.128418,4198.333496,4200.641113000001,4210.384765999999,4200.0,4195.0,4213.974121,4221.538574,4217.436035,4193.333496,4208.077147999999,4205.641113000001,4207.563965
4210.641113000001,4212.94873,4204.230957,4209.102539,4217.692383,4204.358886999999,4201.410156,4223.333496,4227.692383,4221.410156,4200.0,4213.589844,4211.410156,4217.820313
4207.692383,4204.102539,4199.871582,4201.922852000001,4211.538574,4205.769043,4203.205078,4233.205078,4220.128418,4210.897461,4191.794922,4206.282227000001,4197.307617,4212.307617
4199.487305,4195.384765999999,4193.846191,4193.205078,4204.358886999999,4197.179688,4188.974121,4220.512695,4209.230957,4200.641113000001,4179.358886999999,4200.512695,4186.666504,4204.487305
4196.153809,4192.179688,4189.743652,4192.179688,4199.230957,4191.922852000001,4184.230957,4215.0,4209.487305,4197.563965,4176.153809,4196.282227000001,4188.589844,4200.256348
4197.179688,4189.871582,4186.153809,4190.897461,4193.589844,4206.282227000001,4199.871582,4215.512695,4209.358886999999,4196.666504,4178.717772999999,4187.179688,4189.358886999999,4200.128418
4206.025879,4195.641113000001,4186.666504,4193.461426,4197.179688,4219.358886999999,4199.230957,4214.358886999999,4218.974121,4210.128418,4185.641113000001,4186.410156,4193.717772999999,4208.077147999999
4213.589844,4200.384765999999,4187.94873,4196.794922,4206.666504,4216.025879,4192.820313,4226.282227000001,4235.512695,4226.922852000001,4189.871582,4190.256348,4208.077147999999,4212.94873
4206.538574,4195.256348,4184.487305,4195.384765999999,4206.794922,4215.897461,4196.410156,4221.410156,4229.615234000001,4222.436035,4185.512695,4185.512695,4213.589844,4205.256348
4199.743652,4191.666504,4181.410156,4194.487305,4200.128418,4220.128418,4192.436035,4208.717772999999,4222.179688,4212.692383,4182.179688,4187.563965,4205.384765999999,4203.461426
4212.563965,4202.436035,4187.94873,4198.717772999999,4203.717772999999,4215.641113000001,4188.333496,4227.563965,4239.358886999999,4223.974121,4193.717772999999,4199.487305,4211.538574,4217.436035
4225.641113000001,4209.871582,4194.230957,4200.897461,4202.307617,4205.897461,4190.897461,4231.922852000001,4244.487305,4230.256348,4204.358886999999,4202.179688,4223.333496,4227.436035
4225.512695,4204.871582,4198.589844,4202.820313,4194.743652,4202.436035,4197.436035,4213.589844,4230.128418,4221.153809,4204.871582,4201.538574,4218.589844,4226.666504
4229.487305,4208.717772999999,4207.563965,4209.230957,4202.436035,4206.666504,4199.615234000001,4218.077147999999,4225.384765999999,4222.94873,4210.0,4211.282227000001,4217.436035,4230.128418
4236.025879,4215.384765999999,4210.0,4209.871582,4205.769043,4202.436035,4186.922852000001,4226.666504,4224.230957,4225.0,4213.974121,4212.179688,4224.487305,4232.94873
4238.333496,4213.333496,4206.410156,4206.794922,4196.282227000001,4192.05127,4181.794922,4224.230957,4221.410156,4218.461426,4211.153809,4202.563965,4222.820313,4228.333496
4235.769043,4208.333496,4206.666504,4206.666504,4196.410156,4195.897461,4198.205078,4221.666504,4215.769043,4212.563965,4203.974121,4200.897461,4212.94873,4219.102539
4228.205078,4206.538574,4203.461426,4206.282227000001,4201.153809,4203.717772999999,4195.641113000001,4204.230957,4203.077147999999,4205.0,4196.153809,4197.307617,4205.256348,4207.820313
4223.846191,4206.794922,4195.256348,4205.128418,4200.512695,4204.358886999999,4177.692383,4195.769043,4203.717772999999,4199.358886999999,4193.974121,4188.717772999999,4203.846191,4203.846191
4221.666504,4204.615234000001,4188.717772999999,4202.307617,4199.871582,4206.922852000001,4184.230957,4202.692383,4211.410156,4197.563965,4190.256348,4184.743652,4200.384765999999,4203.205078
4211.922852000001,4195.384765999999,4180.512695,4195.256348,4193.717772999999,4205.897461,4193.846191,4198.461426,4210.384765999999,4192.94873,4179.615234000001,4177.307617,4188.589844,4191.410156
4202.692383,4186.153809,4173.205078,4191.153809,4186.666504,4200.256348,4186.538574,4208.974121,4218.077147999999,4191.282227000001,4176.410156,4170.384765999999,4179.102539,4182.436035
4208.205078,4193.589844,4179.230957,4197.94873,4198.077147999999,4206.538574,4182.692383,4225.256348,4230.128418,4202.307617,4188.205078,4179.743652,4185.384765999999,4190.641113000001
4216.025879,4205.384765999999,4190.0,4204.871582,4212.179688,4215.897461,4188.589844,4207.820313,4226.282227000001,4213.077147999999,4201.282227000001,4189.743652,4200.384765999999,4201.410156
4213.717772999999,4202.436035,4191.538574,4202.563965,4206.282227000001,4206.410156,4189.230957,4192.563965,4221.153809,4212.692383,4205.128418,4188.589844,4205.897461,4205.897461
4216.794922,4204.230957,4196.410156,4204.871582,4205.384765999999,4204.358886999999,4184.102539,4214.743652,4230.769043,4215.0,4207.436035,4196.282227000001,4209.358886999999,4214.487305
4224.230957,4211.282227000001,4206.153809,4210.512695,4214.358886999999,4218.717772999999,4189.871582,4231.153809,4231.282227000001,4216.025879,4211.538574,4204.487305,4218.077147999999,4221.025879
4227.05127,4206.666504,4207.94873,4209.743652,4208.333496,4211.794922,4199.615234000001,4211.410156,4213.974121,4205.128418,4211.153809,4201.025879,4224.358886999999,4221.922852000001
4231.282227000001,4205.769043,4207.692383,4210.897461,4201.666504,4197.563965,4197.820313,4191.922852000001,4208.333496,4202.179688,4213.717772999999,4202.179688,4225.384765999999,4226.025879
4225.897461,4205.0,4203.333496,4209.871582,4205.384765999999,4207.05127,4190.128418,4202.179688,4214.230957,4204.487305,4212.692383,4204.102539,4215.256348,4219.102539
4210.256348,4194.230957,4191.025879,4202.307617,4207.820313,4218.333496,4189.487305,4210.384765999999,4208.205078,4192.692383,4201.410156,4195.128418,4200.256348,4201.538574
4212.05127,4194.743652,4191.410156,4202.692383,4208.589844,4211.153809,4188.205078,4191.153809,4203.846191,4192.179688,4203.461426,4192.179688,4207.94873,4203.461426
4224.743652,4203.077147999999,4203.717772999999,4210.128418,4210.897461,4206.153809,4183.461426,4186.794922,4222.436035,4213.589844,4217.820313,4204.615234000001,4228.974121,4221.025879
4216.666504,4201.666504,4201.025879,4207.820313,4212.179688,4220.256348,4196.794922,4208.333496,4236.538574,4220.0,4217.692383,4205.384765999999,4225.512695,4221.282227000001
4204.487305,4198.589844,4186.025879,4199.358886999999,4214.230957,4230.769043,4204.615234000001,4212.307617,4228.974121,4208.846191,4205.897461,4191.666504,4208.461426,4205.256348
4208.077147999999,4199.743652,4184.743652,4200.0,4214.358886999999,4222.436035,4191.666504,4208.846191,4230.512695,4213.077147999999,4206.282227000001,4192.94873,4209.487305,4200.897461
4211.666504,4202.692383,4197.307617,4207.692383,4212.692383,4220.384765999999,4191.666504,4217.307617,4241.538574,4225.641113000001,4216.922852000001,4208.589844,4218.974121,4212.563965
4210.897461,4205.641113000001,4205.897461,4209.871582,4211.153809,4224.487305,4200.512695,4219.615234000001,4238.589844,4223.333496,4222.436035,4214.615234000001,4220.384765999999,4225.512695
4217.05127,4209.358886999999,4209.871582,4210.256348,4206.025879,4216.410156,4202.820313,4220.128418,4231.282227000001,4217.94873,4225.0,4211.922852000001,4221.282227000001,4230.256348
4220.897461,4211.153809,4213.461426,4211.538574,4200.0,4204.871582,4208.589844,4222.94873,4227.307617,4215.384765999999,4227.692383,4209.743652,4222.05127,4227.94873
4219.487305,4212.179688,4216.666504,4215.384765999999,4201.922852000001,4201.153809,4207.692383,4217.692383,4222.179688,4211.153809,4228.333496,4210.769043,4226.153809,4229.487305
4225.769043,4219.487305,4222.820313,4227.820313,4215.256348,4209.743652,4196.282227000001,4208.333496,4219.615234000001,4214.615234000001,4231.282227000001,4214.871582,4241.153809,4238.717772999999
4229.102539,4221.538574,4222.179688,4229.743652,4224.487305,4223.205078,4194.230957,4190.256348,4210.128418,4212.692383,4227.692383,4210.384765999999,4237.05127,4232.436035
4221.282227000001,4214.358886999999,4214.102539,4218.974121,4223.205078,4226.282227000001,4203.974121,4183.205078,4202.820313,4202.820313,4216.282227000001,4197.820313,4217.563965,4211.153809
4216.666504,4213.205078,4210.641113000001,4216.794922,4224.230957,4220.897461,4203.589844,4202.563965,4219.230957,4207.94873,4213.205078,4195.897461,4217.179688,4208.077147999999
4215.0,4217.436035,4210.384765999999,4217.563965,4225.384765999999,4222.94873,4191.153809,4212.820313,4239.743652,4221.666504,4218.846191,4201.666504,4223.205078,4217.05127
4204.743652,4210.0,4202.307617,4212.563965,4220.641113000001,4228.846191,4191.153809,4206.282227000001,4239.487305,4221.153809,4218.077147999999,4198.461426,4215.897461,4208.461426
4193.205078,4195.641113000001,4188.461426,4203.077147999999,4212.692383,4220.512695,4204.615234000001,4206.794922,4226.410156,4208.717772999999,4209.871582,4189.871582,4203.589844,4190.897461
4197.307617,4197.179688,4188.205078,4201.410156,4211.025879,4215.641113000001,4209.102539,4218.077147999999,4225.384765999999,4204.871582,4208.077147999999,4192.820313,4202.820313,4195.384765999999
4203.589844,4205.0,4197.179688,4206.282227000001,4213.589844,4222.94873,4202.692383,4232.179688,4236.794922,4211.538574,4213.846191,4199.230957,4211.922852000001,4208.974121
4198.333496,4200.256348,4195.897461,4202.94873,4207.307617,4218.205078,4195.897461,4232.307617,4231.410156,4210.512695,4213.974121,4196.153809,4212.179688,4206.410156
4196.153809,4197.307617,4194.615234000001,4199.615234000001,4201.922852000001,4202.307617,4191.025879,4218.974121,4217.05127,4203.205078,4212.179688,4193.589844,4204.487305,4200.897461
4199.230957,4201.153809,4199.358886999999,4203.589844,4204.871582,4201.538574,4187.05127,4214.102539,4213.974121,4197.692383,4213.717772999999,4197.05127,4203.846191,4202.692383
4202.820313,4203.333496,4203.589844,4206.922852000001,4208.846191,4213.205078,4190.256348,4209.487305,4214.230957,4196.666504,4218.589844,4204.358886999999,4213.205078,4208.846191
4212.307617,4206.025879,4211.282227000001,4209.102539,4209.102539,4213.974121,4193.589844,4196.282227000001,4211.025879,4203.589844,4227.307617,4212.94873,4221.410156,4217.179688
4213.846191,4207.436035,4210.512695,4210.0,4205.384765999999,4206.153809,4189.487305,4187.820313,4202.05127,4201.410156,4224.743652,4206.666504,4214.615234000001,4213.461426
4202.05127,4207.307617,4195.256348,4208.461426,4208.205078,4209.102539,4187.94873,4187.94873,4197.94873,4188.846191,4211.153809,4190.384765999999,4200.512695,4198.589844
4195.641113000001,4212.563965,4186.922852000001,4210.769043,4219.358886999999,4220.512695,4188.717772999999,4189.615234000001,4211.410156,4192.563965,4206.666504,4188.717772999999,4198.846191,4192.05127
4200.769043,4220.384765999999,4188.333496,4215.256348,4223.846191,4226.410156,4185.897461,4196.282227000001,4225.256348,4211.538574,4210.512695,4195.256348,4207.94873,4193.461426
4202.820313,4222.436035,4187.820313,4215.128418,4220.641113000001,4225.897461,4189.102539,4209.615234000001,4229.743652,4218.461426,4210.384765999999,4192.05127,4210.897461,4193.589844
4194.487305,4211.538574,4182.563965,4208.333496,4218.333496,4221.666504,4199.102539,4217.05127,4232.94873,4209.487305,4205.128418,4187.820313,4201.282227000001,4191.153809
4189.487305,4200.769043,4180.512695,4202.436035,4216.153809,4219.615234000001,4202.436035,4207.05127,4227.05127,4200.769043,4200.0,4184.230957,4191.666504,4188.461426
4199.871582,4205.641113000001,4189.487305,4205.641113000001,4212.94873,4218.589844,4199.358886999999,4189.871582,4210.384765999999,4195.897461,4196.538574,4183.333496,4192.692383,4191.153809
4217.05127,4215.769043,4203.846191,4212.179688,4214.743652,4210.769043,4196.666504,4201.538574,4213.461426,4195.641113000001,4201.794922,4194.871582,4198.589844,4200.897461
4225.769043,4219.358886999999,4211.794922,4216.922852000001,4215.769043,4203.077147999999,4197.436035,4230.0,4224.871582,4201.025879,4214.871582,4207.820313,4205.128418,4208.717772999999
4224.230957,4220.897461,4215.256348,4221.922852000001,4211.025879,4203.077147999999,4200.641113000001,4222.820313,4211.922852000001,4200.384765999999,4222.563965,4208.333496,4212.307617,4213.205078
4225.0,4223.333496,4220.256348,4226.538574,4214.743652,4206.153809,4196.922852000001,4201.025879,4199.615234000001,4199.871582,4225.256348,4210.512695,4223.333496,4221.025879
4226.922852000001,4223.974121,4220.384765999999,4225.128418,4220.641113000001,4201.153809,4183.461426,4196.282227000001,4204.102539,4209.615234000001,4228.974121,4218.846191,4236.025879,4225.641113000001
4218.461426,4222.179688,4212.179688,4213.589844,4215.641113000001,4200.128418,4183.717772999999,4190.384765999999,4204.358886999999,4210.256348,4225.897461,4217.05127,4235.641113000001,4220.512695
4209.358886999999,4218.333496,4207.307617,4208.717772999999,4215.769043,4214.871582,4200.0,4181.282227000001,4205.384765999999,4204.743652,4220.384765999999,4211.794922,4227.179688,4215.128418
4208.846191,4214.230957,4203.589844,4213.077147999999,4222.820313,4223.077147999999,4194.871582,4184.615234000001,4216.666504,4210.128418,4217.820313,4208.974121,4225.512695,4210.384765999999
4201.025879,4210.897461,4193.589844,4208.717772999999,4222.94873,4216.666504,4182.179688,4198.846191,4226.666504,4211.666504,4208.717772999999,4198.717772999999,4221.153809,4196.922852000001
4184.871582,4205.897461,4180.769043,4196.922852000001,4214.102539,4213.077147999999,4196.153809,4204.743652,4227.563965,4200.128418,4193.205078,4182.05127,4201.794922,4180.641113000001
4177.563965,4193.846191,4170.641113000001,4186.025879,4203.717772999999,4215.128418,4208.717772999999,4191.794922,4214.871582,4188.333496,4179.615234000001,4169.230957,4181.794922,4169.102539
4184.615234000001,4188.717772999999,4175.128418,4185.128418,4202.692383,4214.871582,4207.307617,4195.384765999999,4212.179688,4192.94873,4179.102539,4170.897461,4183.333496,4167.692383
4196.410156,4201.794922,4191.666504,4198.461426,4209.871582,4207.94873,4211.794922,4229.230957,4232.05127,4206.794922,4190.256348,4181.794922,4195.128418,4178.589844
4205.256348,4216.538574,4201.666504,4211.282227000001,4213.333496,4201.410156,4211.538574,4232.563965,4234.230957,4207.307617,4198.589844,4190.512695,4201.282227000001,4192.94873
4207.820313,4216.025879,4203.333496,4208.461426,4212.563965,4200.641113000001,4201.410156,4199.358886999999,4208.846191,4193.589844,4196.025879,4192.436035,4199.871582,4198.589844
4205.0,4207.179688,4205.256348,4200.512695,4209.871582,4197.307617,4194.871582,4190.0,4191.153809,4184.487305,4190.641113000001,4194.487305,4195.769043,4197.94873
4209.102539,4215.0,4211.538574,4208.205078,4210.897461,4196.153809,4187.820313,4205.769043,4202.436035,4196.794922,4202.563965,4206.025879,4207.436035,4208.077147999999
4210.641113000001,4227.179688,4212.179688,4212.94873,4212.692383,4202.563965,4184.487305,4198.077147999999,4211.538574,4205.0,4214.230957,4210.128418,4220.0,4216.538574
4201.282227000001,4218.077147999999,4203.717772999999,4205.0,4210.897461,4205.512695,4185.897461,4180.641113000001,4201.794922,4193.077147999999,4202.307617,4199.615234000001,4210.0,4206.922852000001
4196.282227000001,4208.974121,4198.717772999999,4204.102539,4215.769043,4207.94873,4176.153809,4194.871582,4205.641113000001,4195.256348,4194.102539,4195.512695,4202.307617,4203.077147999999
4194.102539,4213.717772999999,4196.282227000001,4205.641113000001,4221.538574,4210.128418,4159.743652,4195.384765999999,4211.794922,4204.743652,4197.94873,4195.384765999999,4206.153809,4206.794922
4189.230957,4216.282227000001,4193.461426,4202.436035,4217.436035,4205.897461,4164.487305,4167.307617,4200.0,4195.128418,4196.153809,4190.128418,4203.717772999999,4200.256348
4188.333496,4210.641113000001,4196.025879,4203.205078,4213.077147999999,4201.922852000001,4186.794922,4177.563965,4199.358886999999,4191.153809,4193.846191,4192.05127,4200.512695,4195.769043
4183.846191,4202.692383,4193.717772999999,4199.487305,4209.358886999999,4204.743652,4204.230957,4206.282227000001,4209.615234000001,4198.205078,4192.05127,4193.846191,4195.384765999999,4194.487305
4173.846191,4197.436035,4184.487305,4189.358886999999,4207.563965,4211.666504,4211.666504,4196.025879,4202.94873,4193.205078,4183.205078,4181.794922,4184.743652,4183.974121
4170.897461,4194.230957,4180.641113000001,4186.025879,4206.282227000001,4207.307617,4202.94873,4183.717772999999,4193.205078,4182.307617,4173.974121,4172.436035,4176.922852000001,4176.282227000001
4175.897461,4196.282227000001,4183.205078,4188.589844,4203.846191,4198.846191,4202.307617,4206.410156,4201.794922,4183.717772999999,4173.333496,4177.563965,4175.384765999999,4179.102539
4183.717772999999,4203.077147999999,4190.128418,4192.820313,4207.692383,4207.179688,4220.384765999999,4222.05127,4214.615234000001,4192.94873,4179.102539,4185.897461,4182.307617,4185.769043
4190.897461,4208.205078,4197.436035,4199.358886999999,4215.384765999999,4216.025879,4218.717772999999,4208.717772999999,4208.974121,4194.743652,4184.230957,4190.256348,4188.717772999999,4192.692383
4199.487305,4215.641113000001,4205.0,4206.282227000001,4223.846191,4213.333496,4199.743652,4202.563965,4202.307617,4195.897461,4188.846191,4195.641113000001,4194.743652,4201.538574
4206.538574,4225.256348,4210.128418,4211.666504,4229.743652,4215.769043,4187.94873,4212.692383,4212.563965,4204.102539,4196.922852000001,4203.717772999999,4207.692383,4209.743652
4206.922852000001,4229.615234000001,4208.717772999999,4214.615234000001,4230.256348,4221.153809,4185.384765999999,4212.436035,4218.461426,4211.666504,4199.358886999999,4207.436035,4217.692383,4215.897461
4199.487305,4224.358886999999,4199.358886999999,4209.230957,4225.641113000001,4215.512695,4183.974121,4196.922852000001,4210.769043,4209.358886999999,4188.589844,4201.794922,4210.384765999999,4215.641113000001
4192.05127,4217.307617,4194.230957,4200.128418,4220.384765999999,4215.0,4178.461426,4183.974121,4207.05127,4201.410156,4179.230957,4197.05127,4199.615234000001,4211.794922
4192.563965,4214.743652,4198.846191,4200.769043,4221.410156,4224.743652,4185.641113000001,4189.358886999999,4213.846191,4202.436035,4181.794922,4195.897461,4204.615234000001,4213.077147999999
4192.563965,4207.692383,4194.358886999999,4201.666504,4218.205078,4220.769043,4208.205078,4207.307617,4221.025879,4208.077147999999,4183.077147999999,4190.897461,4209.358886999999,4212.692383
4189.615234000001,4203.333496,4187.436035,4195.256348,4209.230957,4204.615234000001,4215.641113000001,4212.05127,4226.153809,4208.333496,4183.205078,4188.077147999999,4210.641113000001,4213.717772999999
4189.871582,4208.205078,4194.102539,4193.461426,4203.974121,4207.820313,4210.641113000001,4195.641113000001,4223.974121,4204.743652,4187.94873,4188.974121,4212.05127,4219.615234000001
4186.794922,4202.94873,4195.512695,4190.384765999999,4200.769043,4217.307617,4217.692383,4190.384765999999,4213.205078,4202.820313,4184.358886999999,4182.563965,4202.179688,4214.102539
4177.820313,4188.205078,4184.871582,4180.384765999999,4196.025879,4209.871582,4227.436035,4201.025879,4205.128418,4199.358886999999,4174.871582,4172.307617,4189.102539,4201.282227000001
4181.410156,4187.436035,4184.615234000001,4181.153809,4193.846191,4206.666504,4221.666504,4211.794922,4205.0,4196.153809,4175.512695,4173.717772999999,4190.256348,4202.436035
4196.025879,4198.974121,4192.692383,4190.769043,4198.589844,4213.333496,4202.820313,4224.871582,4212.307617,4203.846191,4185.0,4183.205078,4202.563965,4211.794922
4198.974121,4207.692383,4192.436035,4195.512695,4203.846191,4209.743652,4186.153809,4222.307617,4215.384765999999,4209.743652,4190.641113000001,4184.871582,4206.153809,4210.384765999999
4195.384765999999,4205.769043,4190.512695,4196.025879,4205.512695,4202.692383,4180.128418,4190.769043,4204.358886999999,4200.769043,4187.179688,4180.641113000001,4198.333496,4203.974121
4201.282227000001,4203.077147999999,4195.0,4196.153809,4206.282227000001,4211.153809,4184.487305,4177.179688,4200.897461,4198.205078,4189.615234000001,4185.769043,4199.230957,4207.820313
4206.153809,4209.743652,4199.487305,4196.410156,4204.487305,4215.897461,4193.846191,4204.358886999999,4217.563965,4209.487305,4204.358886999999,4196.025879,4211.666504,4217.436035
4203.077147999999,4212.692383,4198.846191,4197.179688,4201.025879,4205.769043,4195.384765999999,4213.077147999999,4226.153809,4213.077147999999,4209.871582,4195.128418,4215.641113000001,4218.846191
4204.487305,4210.512695,4200.128418,4199.487305,4208.333496,4210.897461,4190.128418,4195.641113000001,4221.794922,4212.05127,4204.743652,4191.794922,4212.94873,4218.333496
4205.256348,4208.974121,4200.128418,4197.179688,4210.384765999999,4224.871582,4201.153809,4209.871582,4227.563965,4213.846191,4204.871582,4192.05127,4210.641113000001,4220.512695
4198.846191,4202.692383,4192.179688,4193.077147999999,4193.333496,4221.282227000001,4227.179688,4228.461426,4232.179688,4209.358886999999,4207.94873,4189.230957,4205.641113000001,4216.538574
4197.179688,4198.717772999999,4188.846191,4194.615234000001,4192.307617,4211.922852000001,4221.922852000001,4205.256348,4219.358886999999,4206.666504,4208.589844,4187.436035,4208.589844,4213.333496
4200.641113000001,4201.538574,4188.974121,4194.487305,4207.179688,4207.94873,4190.512695,4190.256348,4209.487305,4210.0,4207.692383,4190.384765999999,4215.256348,4217.436035
4202.179688,4203.717772999999,4185.641113000001,4192.179688,4207.307617,4208.333496,4192.563965,4214.743652,4217.436035,4212.94873,4209.230957,4193.974121,4212.94873,4222.05127
4202.05127,4202.05127,4185.512695,4192.692383,4202.820313,4209.230957,4208.333496,4215.128418,4216.025879,4209.487305,4212.179688,4192.436035,4209.487305,4220.769043
4201.025879,4200.256348,4190.641113000001,4196.025879,4208.846191,4207.307617,4192.94873,4194.871582,4200.769043,4200.641113000001,4206.282227000001,4188.846191,4210.128418,4215.641113000001
4200.897461,4204.871582,4195.641113000001,4200.0,4210.512695,4204.615234000001,4177.179688,4196.410156,4197.820313,4198.077147999999,4199.358886999999,4188.205078,4211.538574,4211.922852000001
4198.846191,4207.307617,4193.077147999999,4196.666504,4199.487305,4198.846191,4181.153809,4194.615234000001,4203.846191,4198.461426,4198.717772999999,4185.384765999999,4208.589844,4207.820313
4193.077147999999,4198.589844,4187.436035,4191.794922,4195.641113000001,4199.743652,4183.846191,4189.871582,4207.179688,4197.820313,4198.717772999999,4177.307617,4205.512695,4202.307617
4191.666504,4189.487305,4183.717772999999,4188.461426,4198.589844,4210.0,4190.256348,4198.974121,4207.307617,4196.922852000001,4196.922852000001,4171.922852000001,4204.743652,4199.230957
4192.05127,4187.94873,4180.512695,4183.205078,4194.358886999999,4210.128418,4197.436035,4196.922852000001,4200.512695,4188.846191,4195.641113000001,4171.666504,4200.0,4197.307617
4192.179688,4189.615234000001,4182.692383,4182.94873,4194.871582,4200.512695,4193.461426,4188.717772999999,4198.461426,4185.897461,4200.512695,4174.743652,4196.794922,4200.384765999999
4195.769043,4191.025879,4185.897461,4185.128418,4202.563965,4199.230957,4194.358886999999,4192.563965,4205.128418,4192.436035,4207.307617,4182.05127,4199.871582,4206.025879
4205.0,4195.897461,4186.025879,4188.589844,4205.384765999999,4207.307617,4200.512695,4210.897461,4213.077147999999,4197.820313,4209.358886999999,4188.974121,4206.282227000001,4209.871582
4212.436035,4200.0,4191.922852000001,4196.153809,4203.846191,4207.94873,4208.846191,4223.077147999999,4214.102539,4199.230957,4208.846191,4191.538574,4210.128418,4213.077147999999
4212.436035,4199.615234000001,4196.922852000001,4194.615234000001,4205.0,4204.615234000001,4215.641113000001,4200.897461,4201.666504,4192.436035,4206.410156,4192.179688,4206.538574,4213.589844
4213.333496,4206.282227000001,4194.871582,4189.102539,4214.230957,4212.94873,4207.820313,4180.512695,4196.666504,4187.563965,4208.205078,4196.153809,4203.205078,4213.077147999999
4216.794922,4214.102539,4196.025879,4196.922852000001,4220.384765999999,4221.410156,4198.589844,4204.743652,4213.461426,4200.256348,4216.025879,4201.666504,4209.358886999999,4216.153809
4214.743652,4207.94873,4199.487305,4201.410156,4211.538574,4215.128418,4204.871582,4223.077147999999,4222.563965,4210.128418,4218.846191,4197.436035,4216.282227000001,4216.025879
4201.410156,4191.922852000001,4186.153809,4187.563965,4198.846191,4205.897461,4204.487305,4195.128418,4206.153809,4194.743652,4205.256348,4180.0,4203.846191,4200.512695
4188.461426,4182.307617,4166.794922,4178.846191,4198.077147999999,4211.025879,4189.102539,4176.666504,4193.077147999999,4177.307617,4188.846191,4164.358886999999,4180.769043,4182.307617
4187.436035,4187.563965,4167.692383,4187.563965,4206.666504,4223.077147999999,4189.743652,4195.641113000001,4200.0,4181.025879,4188.077147999999,4162.820313,4177.307617,4184.230957
4189.743652,4195.256348,4175.256348,4193.589844,4207.05127,4219.102539,4197.179688,4200.769043,4200.897461,4188.461426,4190.384765999999,4167.563965,4182.436035,4191.282227000001
4198.589844,4197.436035,4178.333496,4192.94873,4200.256348,4206.025879,4198.333496,4194.743652,4198.461426,4189.743652,4190.0,4174.743652,4180.128418,4195.128418
4213.333496,4199.487305,4187.436035,4198.846191,4198.717772999999,4209.230957,4210.384765999999,4209.871582,4205.641113000001,4192.179688,4197.179688,4185.128418,4185.256348,4205.128418
4221.153809,4205.128418,4199.743652,4204.102539,4203.333496,4218.077147999999,4223.589844,4217.94873,4206.153809,4194.230957,4204.615234000001,4193.974121,4195.641113000001,4213.846191
4224.487305,4213.846191,4208.717772999999,4205.128418,4208.717772999999,4212.179688,4215.128418,4206.538574,4202.436035,4201.025879,4210.256348,4198.077147999999,4200.512695,4219.487305
4231.410156,4217.692383,4210.769043,4207.436035,4209.102539,4205.769043,4197.436035,4203.974121,4207.307617,4208.974121,4217.307617,4198.333496,4205.256348,4223.974121
4231.025879,4208.717772999999,4203.333496,4203.205078,4205.512695,4209.358886999999,4198.461426,4205.128418,4202.563965,4201.025879,4212.179688,4196.282227000001,4203.717772999999,4216.282227000001
4218.589844,4196.025879,4192.179688,4193.461426,4208.974121,4210.384765999999,4202.94873,4192.05127,4186.410156,4183.717772999999,4197.179688,4187.436035,4192.563965,4200.897461
4210.256348,4194.102539,4187.820313,4188.717772999999,4210.897461,4206.666504,4188.846191,4183.077147999999,4186.153809,4182.692383,4191.410156,4178.589844,4187.179688,4194.230957
4216.410156,4201.538574,4191.922852000001,4194.358886999999,4205.256348,4212.692383,4182.179688,4191.025879,4201.282227000001,4196.282227000001,4196.410156,4179.743652,4191.922852000001,4196.922852000001
4225.897461,4207.563965,4193.974121,4203.974121,4210.512695,4226.538574,4193.846191,4194.230957,4206.666504,4197.94873,4198.077147999999,4183.717772999999,4194.102539,4199.743652
4227.692383,4205.0,4188.974121,4205.641113000001,4220.769043,4226.666504,4196.666504,4180.897461,4197.94873,4189.871582,4195.0,4183.846191,4193.333496,4198.205078
4227.05127,4202.307617,4184.743652,4199.615234000001,4213.974121,4216.025879,4198.461426,4179.743652,4201.282227000001,4196.410156,4196.410156,4184.230957,4198.205078,4192.94873
4227.307617,4200.641113000001,4184.358886999999,4194.743652,4199.871582,4216.666504,4215.256348,4207.563965,4217.05127,4206.666504,4197.179688,4187.05127,4199.102539,4191.538574
4229.743652,4200.641113000001,4185.256348,4195.0,4205.384765999999,4227.820313,4222.436035,4219.358886999999,4216.794922,4204.230957,4197.307617,4189.615234000001,4190.641113000001,4195.128418
4240.512695,4207.692383,4194.743652,4200.769043,4219.743652,4228.077147999999,4215.128418,4204.358886999999,4211.794922,4208.333496,4209.230957,4200.512695,4197.307617,4204.615234000001
4252.563965,4216.025879,4210.897461,4209.102539,4218.717772999999,4217.563965,4212.563965,4209.358886999999,4223.333496,4219.871582,4224.102539,4212.94873,4217.179688,4217.563965
4256.153809,4220.512695,4217.94873,4213.077147999999,4216.410156,4221.282227000001,4215.384765999999,4224.871582,4229.358886999999,4222.94873,4227.563965,4217.692383,4223.205078,4224.615234000001
4248.589844,4213.974121,4210.0,4205.384765999999,4215.128418,4229.102539,4211.794922,4212.820313,4213.461426,4213.461426,4220.384765999999,4215.769043,4207.94873,4218.846191
4233.846191,4200.384765999999,4199.487305,4194.871582,4206.410156,4220.0,4205.769043,4198.461426,4203.589844,4198.846191,4207.05127,4204.487305,4192.179688,4202.179688
4228.974121,4194.615234000001,4196.794922,4192.436035,4201.794922,4209.487305,4201.538574,4195.897461,4200.384765999999,4188.974121,4194.615234000001,4186.794922,4186.282227000001,4185.512695
4236.538574,4196.282227000001,4194.871582,4196.025879,4205.769043,4210.512695,4196.025879,4182.179688,4190.256348,4186.794922,4190.0,4178.205078,4181.922852000001,4180.128418
4242.820313,4197.563965,4191.410156,4197.05127,4210.0,4217.05127,4197.307617,4176.025879,4192.692383,4190.128418,4190.512695,4180.128418,4181.153809,4184.871582
4241.153809,4190.641113000001,4185.0,4187.692383,4207.820313,4218.077147999999,4205.897461,4189.102539,4200.897461,4188.205078,4186.410156,4175.769043,4178.077147999999,4181.794922
4243.974121,4184.743652,4177.563965,4180.512695,4206.666504,4216.666504,4205.128418,4196.538574,4202.820313,4186.538574,4182.436035,4172.436035,4173.205078,4172.179688
4262.436035,4197.692383,4186.410156,4194.230957,4215.0,4223.461426,4202.436035,4199.871582,4217.436035,4202.820313,4194.615234000001,4186.666504,4190.256348,4182.179688
4280.641113000001,4215.769043,4204.871582,4209.358886999999,4219.615234000001,4227.692383,4210.128418,4205.256348,4231.538574,4219.743652,4210.512695,4198.461426,4213.717772999999,4202.307617
4282.436035,4213.333496,4208.589844,4206.538574,4213.846191,4219.743652,4219.358886999999,4210.0,4221.282227000001,4214.615234000001,4207.05127,4193.717772999999,4210.0,4203.077147999999
4279.615234000001,4200.384765999999,4201.922852000001,4199.102539,4205.897461,4210.641113000001,4219.871582,4209.487305,4204.358886999999,4195.769043,4196.025879,4186.282227000001,4196.922852000001,4192.692383
4290.256348,4203.589844,4207.05127,4201.922852000001,4203.461426,4207.692383,4211.922852000001,4202.179688,4197.94873,4190.128418,4201.922852000001,4192.307617,4204.102539,4200.769043
4312.563965,4216.153809,4220.897461,4211.538574,4205.769043,4205.897461,4203.333496,4198.974121,4196.538574,4200.0,4215.769043,4204.102539,4213.333496,4215.0
4345.641113000001,4209.230957,4217.179688,4211.153809,4205.512695,4198.717772999999,4196.153809,4196.153809,4185.384765999999,4194.743652,4207.820313,4202.05127,4198.333496,4205.0
4399.230957,4193.974121,4203.846191,4203.333496,4204.102539,4192.94873,4193.974121,4182.94873,4171.794922,4176.538574,4189.102539,4190.0,4181.153809,4188.333496
4468.589844,4195.256348,4202.563965,4201.025879,4209.358886999999,4199.615234000001,4192.692383,4167.563965,4175.897461,4175.384765999999,4183.974121,4185.641113000001,4181.282227000001,4185.641113000001
4556.538574,4195.769043,4196.282227000001,4198.205078,4211.153809,4209.230957,4186.794922,4171.922852000001,4187.563965,4180.512695,4181.922852000001,4181.538574,4177.820313,4178.205078
4669.102539,4184.487305,4182.179688,4191.282227000001,4202.692383,4213.333496,4195.128418,4205.256348,4204.102539,4181.666504,4178.717772999999,4171.410156,4172.563965,4170.0
4774.743652,4177.179688,4177.563965,4181.025879,4193.077147999999,4212.436035,4204.102539,4207.307617,4215.256348,4188.333496,4178.205078,4165.0,4177.179688,4174.358886999999
4855.641113000001,4181.794922,4181.666504,4178.717772999999,4195.128418,4210.641113000001,4194.358886999999,4159.358886999999,4203.974121,4194.615234000001,4178.589844,4166.025879,4185.512695,4179.871582
4930.769043,4198.333496,4188.589844,4193.589844,4206.794922,4210.897461,4189.743652,4153.717772999999,4205.0,4203.846191,4190.128418,4174.358886999999,4198.974121,4189.871582
4986.794922,4212.436035,4197.307617,4204.487305,4206.922852000001,4206.666504,4201.025879,4202.05127,4225.0,4215.641113000001,4209.358886999999,4191.666504,4212.436035,4207.307617
5010.512695,4211.666504,4201.794922,4198.974121,4194.487305,4201.410156,4206.922852000001,4210.769043,4218.589844,4211.794922,4211.666504,4201.282227000001,4210.384765999999,4212.05127
5027.820313,4209.743652,4206.025879,4197.436035,4191.538574,4199.487305,4203.461426,4187.436035,4195.641113000001,4198.974121,4200.256348,4197.820313,4204.487305,4210.384765999999
5065.769043,4222.179688,4221.794922,4210.256348,4202.692383,4201.153809,4202.563965,4198.205078,4196.794922,4195.897461,4206.025879,4202.307617,4213.589844,4222.179688
5102.94873,4232.307617,4232.820313,4218.846191,4214.615234000001,4202.94873,4201.282227000001,4208.333496,4199.487305,4197.307617,4216.282227000001,4209.743652,4218.974121,4228.846191
5089.230957,4225.0,4223.205078,4212.307617,4214.615234000001,4201.153809,4194.871582,4194.487305,4187.692383,4190.769043,4205.512695,4205.0,4206.794922,4218.205078
5069.102539,4216.666504,4211.666504,4205.512695,4208.717772999999,4201.025879,4194.615234000001,4199.358886999999,4188.205078,4186.666504,4193.333496,4198.461426,4198.589844,4212.179688
5105.897461,4210.512695,4204.743652,4201.922852000001,4205.256348,4202.94873,4200.128418,4198.974121,4189.102539,4185.512695,4188.461426,4194.102539,4194.743652,4208.461426
5161.025879,4207.05127,4200.512695,4202.436035,4211.538574,4208.333496,4196.410156,4170.512695,4185.897461,4190.769043,4186.538574,4188.846191,4194.487305,4201.666504
5184.615234000001,4213.717772999999,4199.871582,4207.820313,4222.820313,4219.358886999999,4188.846191,4166.282227000001,4202.94873,4206.538574,4195.512695,4185.512695,4203.846191,4202.05127
5191.153809,4207.820313,4191.666504,4199.358886999999,4219.358886999999,4229.102539,4203.461426,4185.897461,4217.179688,4204.743652,4193.717772999999,4181.025879,4200.512695,4196.410156
5210.769043,4197.179688,4186.538574,4191.410156,4211.410156,4233.461426,4224.615234000001,4203.846191,4222.692383,4201.794922,4183.333496,4182.307617,4191.153809,4189.102539
5248.077147999999,4213.974121,4201.666504,4205.897461,4220.769043,4229.615234000001,4215.769043,4228.461426,4242.563965,4227.179688,4199.487305,4196.794922,4205.384765999999,4202.94873
5277.563965,4235.384765999999,4215.897461,4216.153809,4226.666504,4222.436035,4206.538574,4227.05127,4248.846191,4239.102539,4219.743652,4204.871582,4222.179688,4218.077147999999
5263.077147999999,4237.94873,4218.589844,4214.615234000001,4221.666504,4225.384765999999,4223.717772999999,4193.461426,4225.512695,4221.794922,4213.461426,4204.358886999999,4223.589844,4219.615234000001
5243.077147999999,4237.05127,4227.820313,4221.153809,4223.974121,4223.461426,4224.871582,4194.871582,4214.230957,4213.717772999999,4205.384765999999,4211.538574,4225.641113000001,4225.769043
5263.077147999999,4243.846191,4246.282227000001,4232.563965,4230.0,4211.282227000001,4211.153809,4224.487305,4220.128418,4216.922852000001,4212.692383,4219.871582,4231.794922,4236.794922
5280.512695,4245.641113000001,4253.077147999999,4232.692383,4224.871582,4210.641113000001,4216.025879,4217.692383,4201.922852000001,4206.538574,4209.743652,4214.615234000001,4228.077147999999,4236.025879
5260.641113000001,4231.025879,4238.333496,4219.230957,4214.487305,4215.769043,4219.871582,4184.615234000001,4167.563965,4185.384765999999,4185.0,4199.230957,4210.384765999999,4222.692383
5215.0,4216.025879,4222.692383,4209.871582,4217.820313,4219.230957,4213.205078,4181.410156,4165.897461,4176.153809,4169.871582,4187.94873,4194.871582,4211.922852000001
5177.563965,4217.563965,4220.641113000001,4214.871582,4225.641113000001,4225.128418,4208.205078,4207.692383,4196.410156,4191.410156,4175.769043,4186.410156,4191.282227000001,4214.487305
5174.230957,4221.025879,4218.846191,4213.461426,4219.743652,4230.0,4206.282227000001,4211.666504,4215.641113000001,4212.05127,4183.205078,4188.333496,4196.666504,4221.282227000001
5195.128418,4215.512695,4209.358886999999,4198.589844,4211.282227000001,4235.512695,4215.256348,4193.205078,4215.512695,4212.307617,4183.205078,4185.256348,4201.410156,4219.230957
5208.589844,4215.0,4202.436035,4193.974121,4209.743652,4239.358886999999,4227.179688,4193.846191,4219.230957,4206.025879,4181.282227000001,4178.717772999999,4197.307617,4211.538574
5224.102539,4223.846191,4205.128418,4202.820313,4212.94873,4236.794922,4226.025879,4213.846191,4236.025879,4218.717772999999,4186.025879,4179.487305,4197.820313,4211.153809
5254.615234000001,4228.589844,4206.153809,4203.717772999999,4212.94873,4234.102539,4220.512695,4224.487305,4248.077147999999,4232.820313,4195.897461,4185.384765999999,4207.307617,4213.846191
5277.307617,4221.794922,4199.615234000001,4194.615234000001,4206.410156,4234.358886999999,4224.102539,4230.128418,4244.871582,4227.05127,4196.410156,4187.563965,4207.94873,4211.153809
5290.512695,4214.102539,4202.820313,4194.358886999999,4202.307617,4227.307617,4235.897461,4239.615234000001,4236.410156,4217.179688,4189.230957,4187.94873,4199.230957,4208.717772999999
5300.897461,4216.666504,4212.179688,4201.666504,4202.307617,4211.922852000001,4234.487305,4223.461426,4220.256348,4210.128418,4188.974121,4188.205078,4197.563965,4211.794922
5304.871582,4226.922852000001,4218.205078,4208.846191,4204.230957,4208.205078,4211.666504,4198.205078,4202.436035,4201.410156,4190.897461,4189.487305,4203.461426,4219.102539
5306.922852000001,4231.153809,4222.692383,4215.0,4204.102539,4209.358886999999,4191.666504,4197.94873,4190.897461,4193.205078,4191.922852000001,4194.871582,4202.820313,4223.846191
5305.897461,4227.436035,4224.871582,4217.563965,4200.384765999999,4198.974121,4194.615234000001,4194.487305,4177.05127,4187.820313,4197.179688,4198.717772999999,4200.769043,4225.0
5299.487305,4229.358886999999,4225.256348,4218.589844,4200.641113000001,4198.589844,4205.641113000001,4178.846191,4174.358886999999,4186.538574,4203.589844,4197.94873,4205.769043,4226.538574
5284.871582,4227.307617,4219.102539,4213.589844,4200.128418,4209.487305,4198.846191,4174.358886999999,4181.666504,4184.615234000001,4201.538574,4193.974121,4206.282227000001,4220.384765999999
5260.128418,4217.820313,4206.410156,4202.692383,4194.102539,4209.871582,4192.563965,4175.128418,4178.974121,4184.230957,4193.205078,4186.538574,4199.615234000001,4209.743652
5241.410156,4221.410156,4205.256348,4204.871582,4199.743652,4213.846191,4202.307617,4184.615234000001,4196.153809,4199.487305,4199.230957,4188.589844,4209.487305,4215.897461
5239.230957,4235.256348,4214.615234000001,4215.128418,4216.025879,4227.436035,4211.666504,4210.769043,4236.153809,4225.512695,4217.563965,4200.769043,4227.94873,4229.487305
5236.025879,4237.820313,4210.256348,4212.563965,4217.05127,4232.820313,4213.077147999999,4224.230957,4248.077147999999,4237.820313,4223.205078,4198.205078,4226.922852000001,4226.153809
5224.743652,4229.487305,4197.692383,4203.205078,4206.794922,4232.307617,4217.05127,4223.333496,4238.974121,4233.589844,4215.0,4188.205078,4216.282227000001,4216.025879
5218.205078,4225.256348,4202.563965,4206.410156,4206.025879,4233.717772999999,4233.461426,4234.358886999999,4246.666504,4232.436035,4214.487305,4194.102539,4209.615234000001,4216.282227000001
5207.94873,4223.077147999999,4213.846191,4211.538574,4207.436035,4228.717772999999,4246.153809,4241.922852000001,4245.128418,4228.461426,4213.974121,4201.153809,4200.0,4216.794922
5183.461426,4216.282227000001,4210.128418,4202.307617,4198.974121,4216.025879,4233.589844,4226.666504,4215.897461,4207.436035,4197.179688,4190.641113000001,4186.282227000001,4203.846191
5174.230957,4216.538574,4205.384765999999,4199.230957,4193.846191,4208.205078,4211.282227000001,4216.153809,4201.538574,4195.641113000001,4190.641113000001,4185.0,4190.384765999999,4197.179688
5176.410156,4220.128418,4211.666504,4208.717772999999,4191.794922,4201.025879,4211.282227000001,4210.256348,4195.641113000001,4199.230957,4196.794922,4193.846191,4202.563965,4204.102539
5161.410156,4221.666504,4220.897461,4213.589844,4187.692383,4193.589844,4218.846191,4188.717772999999,4180.0,4195.512695,4198.205078,4197.563965,4202.307617,4210.512695
5152.692383,4234.871582,4235.128418,4217.94873,4194.615234000001,4198.589844,4208.333496,4177.692383,4186.025879,4201.410156,4210.897461,4202.94873,4212.436035,4218.333496
5163.205078,4247.05127,4240.641113000001,4222.692383,4204.871582,4212.563965,4194.615234000001,4184.743652,4201.666504,4215.512695,4227.94873,4211.538574,4227.94873,4225.0
5149.102539,4240.769043,4225.384765999999,4219.230957,4213.205078,4221.153809,4191.794922,4191.410156,4198.589844,4213.461426,4226.153809,4208.974121,4227.436035,4223.461426
5109.102539,4233.333496,4209.102539,4210.769043,4220.0,4221.025879,4193.846191,4196.666504,4199.358886999999,4208.717772999999,4220.641113000001,4201.794922,4223.717772999999,4218.333496
5103.589844,4237.563965,4209.615234000001,4208.333496,4216.794922,4227.179688,4200.128418,4205.641113000001,4217.820313,4220.384765999999,4227.692383,4204.743652,4227.94873,4219.871582
5130.128418,4239.871582,4215.384765999999,4209.487305,4212.436035,4241.794922,4219.615234000001,4216.538574,4232.05127,4235.256348,4230.256348,4209.230957,4228.974121,4222.179688
5123.333496,4230.256348,4210.512695,4202.563965,4211.410156,4240.0,4230.512695,4222.307617,4229.102539,4231.794922,4216.410156,4198.846191,4214.102539,4212.05127
5087.820313,4221.666504,4202.563965,4196.153809,4205.0,4224.743652,4222.563965,4216.282227000001,4216.282227000001,4215.256348,4201.410156,4186.025879,4195.641113000001,4195.641113000001
5067.94873,4221.794922,4200.897461,4196.794922,4195.769043,4220.0,4213.205078,4209.615234000001,4205.641113000001,4203.717772999999,4194.358886999999,4182.179688,4187.820313,4187.05127
5059.358886999999,4221.153809,4201.666504,4196.153809,4192.307617,4216.538574,4210.0,4215.384765999999,4204.102539,4199.743652,4191.922852000001,4183.333496,4188.974121,4184.358886999999
5043.333496,4217.94873,4206.538574,4199.230957,4192.820313,4204.102539,4215.256348,4212.179688,4199.487305,4193.974121,4192.563965,4183.333496,4187.692383,4181.282227000001
5027.05127,4221.282227000001,4214.615234000001,4207.436035,4189.358886999999,4197.692383,4218.461426,4196.666504,4190.897461,4186.666504,4193.846191,4185.256348,4183.717772999999,4183.846191
5022.05127,4234.487305,4222.05127,4213.077147999999,4192.692383,4201.666504,4208.974121,4204.230957,4200.512695,4200.0,4203.205078,4194.358886999999,4194.102539,4198.717772999999
5017.05127,4242.179688,4224.358886999999,4213.461426,4203.077147999999,4206.794922,4201.794922,4211.153809,4213.846191,4219.743652,4217.179688,4198.717772999999,4206.538574,4208.974121
5002.179688,4235.897461,4217.436035,4210.512695,4206.153809,4211.025879,4205.256348,4192.563965,4207.563965,4217.05127,4217.820313,4193.077147999999,4201.922852000001,4203.589844
4990.641113000001,4235.897461,4213.846191,4208.461426,4207.692383,4219.615234000001,4209.743652,4205.769043,4210.0,4216.153809,4213.461426,4190.128418,4199.358886999999,4201.538574
4983.974121,4237.820313,4212.820313,4205.0,4207.436035,4227.692383,4213.333496,4231.025879,4216.538574,4222.820313,4212.05127,4187.436035,4202.692383,4201.794922
4971.025879,4227.692383,4203.205078,4200.897461,4203.589844,4230.384765999999,4218.333496,4209.871582,4203.717772999999,4211.410156,4205.769043,4179.102539,4196.538574,4191.666504
4957.820313,4223.461426,4198.974121,4204.615234000001,4207.179688,4233.846191,4226.282227000001,4200.512695,4202.94873,4204.230957,4206.666504,4182.179688,4196.153809,4189.102539
4953.077147999999,4229.871582,4206.153809,4207.94873,4215.128418,4234.871582,4237.307617,4236.794922,4224.487305,4221.538574,4219.615234000001,4196.153809,4207.307617,4201.794922
4942.307617,4231.410156,4210.256348,4204.102539,4215.128418,4231.794922,4237.179688,4253.846191,4237.820313,4236.666504,4225.256348,4200.512695,4212.94873,4208.205078
4922.820313,4225.256348,4208.077147999999,4201.282227000001,4209.102539,4228.077147999999,4221.922852000001,4236.282227000001,4229.615234000001,4230.128418,4221.282227000001,4197.692383,4211.538574,4199.871582
4917.692383,4220.769043,4208.717772999999,4203.333496,4206.153809,4222.692383,4213.974121,4221.410156,4210.897461,4214.871582,4217.94873,4197.563965,4206.025879,4194.871582
4917.563965,4219.487305,4213.974121,4203.846191,4206.153809,4214.487305,4221.410156,4215.897461,4200.256348,4205.384765999999,4216.922852000001,4194.871582,4194.615234000001,4198.846191
4901.666504,4221.794922,4220.0,4204.358886999999,4206.410156,4204.102539,4210.512695,4211.153809,4204.102539,4206.922852000001,4217.179688,4190.897461,4187.820313,4202.05127
4904.871582,4234.615234000001,4227.436035,4213.077147999999,4207.307617,4200.384765999999,4191.538574,4211.282227000001,4214.615234000001,4218.077147999999,4224.230957,4193.974121,4195.769043,4205.384765999999
4940.256348,4244.615234000001,4230.512695,4220.128418,4209.487305,4205.128418,4195.897461,4209.871582,4216.282227000001,4223.461426,4230.512695,4193.589844,4200.0,4208.589844
4948.461426,4239.615234000001,4225.384765999999,4216.922852000001,4214.358886999999,4210.641113000001,4202.692383,4200.256348,4207.820313,4217.94873,4228.333496,4192.307617,4199.102539,4206.794922
4923.461426,4242.307617,4222.563965,4217.05127,4222.820313,4217.436035,4203.077147999999,4203.846191,4210.384765999999,4221.025879,4231.025879,4197.94873,4208.205078,4209.487305
4910.256348,4247.05127,4223.077147999999,4215.512695,4219.871582,4224.487305,4208.974121,4220.384765999999,4221.025879,4224.358886999999,4231.794922,4199.230957,4209.102539,4214.230957
4899.487305,4234.615234000001,4218.846191,4205.769043,4213.333496,4227.179688,4216.538574,4228.205078,4220.512695,4214.230957,4220.512695,4189.615234000001,4197.820313,4205.769043
4879.358886999999,4226.538574,4207.179688,4201.666504,4214.743652,4222.94873,4218.333496,4226.666504,4210.384765999999,4206.153809,4211.922852000001,4178.717772999999,4190.0,4194.615234000001
4869.615234000001,4232.05127,4194.230957,4201.410156,4210.769043,4215.897461,4221.025879,4218.205078,4199.615234000001,4199.615234000001,4207.307617,4174.871582,4178.333496,4190.384765999999
4867.692383,4237.94873,4195.897461,4201.410156,4209.102539,4220.128418,4224.102539,4214.230957,4201.666504,4198.717772999999,4205.897461,4176.153809,4172.05127,4187.307617
4855.0,4237.94873,4200.512695,4203.461426,4215.512695,4229.743652,4225.384765999999,4229.871582,4215.256348,4205.641113000001,4207.179688,4174.615234000001,4176.794922,4183.846191
4837.307617,4231.922852000001,4190.897461,4200.0,4212.05127,4228.589844,4226.538574,4236.410156,4212.94873,4198.205078,4201.025879,4169.615234000001,4168.846191,4179.615234000001
4826.410156,4230.512695,4185.641113000001,4198.077147999999,4207.05127,4217.307617,4207.307617,4204.358886999999,4197.05127,4187.692383,4193.333496,4168.077147999999,4162.05127,4177.563965
4820.0,4241.025879,4194.358886999999,4204.871582,4209.743652,4206.153809,4182.692383,4182.307617,4200.769043,4199.358886999999,4199.615234000001,4172.692383,4178.589844,4183.077147999999
4822.436035,4258.589844,4209.358886999999,4218.974121,4215.0,4205.641113000001,4188.717772999999,4197.563965,4220.256348,4217.436035,4218.333496,4184.102539,4202.307617,4197.692383
4832.307617,4275.0,4223.461426,4233.974121,4225.128418,4211.025879,4198.717772999999,4201.794922,4223.333496,4225.641113000001,4230.512695,4199.102539,4219.487305,4213.589844
4840.384765999999,4281.153809,4229.743652,4241.666504,4232.692383,4214.102539,4196.153809,4191.922852000001,4211.025879,4225.128418,4227.05127,4204.615234000001,4223.974121,4219.487305
4839.743652,4271.025879,4227.820313,4238.333496,4227.436035,4215.512695,4208.333496,4203.333496,4205.512695,4213.205078,4217.436035,4200.128418,4215.384765999999,4213.974121
4827.179688,4260.0,4224.230957,4230.512695,4217.436035,4209.615234000001,4217.820313,4218.589844,4209.102539,4205.384765999999,4211.153809,4195.256348,4207.436035,4206.410156
4808.589844,4259.358886999999,4220.0,4227.307617,4217.436035,4210.128418,4213.077147999999,4212.692383,4210.0,4212.94873,4211.282227000001,4191.410156,4208.205078,4202.05127
4782.94873,4250.0,4208.333496,4218.461426,4221.282227000001,4224.615234000001,4222.563965,4202.179688,4202.820313,4210.128418,4207.692383,4181.538574,4199.102539,4191.666504
4753.717772999999,4235.641113000001,4196.794922,4203.461426,4219.358886999999,4233.461426,4231.794922,4212.05127,4203.974121,4198.974121,4197.307617,4170.0,4183.077147999999,4180.641113000001
4730.512695,4234.871582,4191.666504,4197.307617,4217.05127,4232.307617,4232.563965,4236.410156,4223.205078,4206.922852000001,4191.538574,4169.487305,4182.436035,4178.461426
4708.846191,4232.563965,4185.897461,4192.05127,4211.922852000001,4230.0,4237.820313,4244.230957,4234.487305,4217.563965,4190.641113000001,4171.410156,4185.512695,4173.589844
4690.641113000001,4225.256348,4176.666504,4185.769043,4205.897461,4232.307617,4243.717772999999,4235.641113000001,4223.589844,4210.128418,4185.384765999999,4161.025879,4179.230957,4164.743652
4686.410156,4227.436035,4172.94873,4190.0,4209.358886999999,4233.589844,4238.461426,4227.307617,4213.205078,4201.282227000001,4180.512695,4153.077147999999,4174.743652,4166.153809
4692.307617,4240.256348,4183.717772999999,4202.692383,4223.589844,4226.666504,4220.384765999999,4218.205078,4216.794922,4205.256348,4188.461426,4169.358886999999,4185.384765999999,4180.0
4702.563965,4259.230957,4204.871582,4217.563965,4232.820313,4219.102539,4211.922852000001,4219.743652,4224.102539,4218.846191,4207.436035,4192.05127,4205.641113000001,4203.846191
4714.358886999999,4278.589844,4230.256348,4233.333496,4229.615234000001,4208.974121,4214.743652,4231.666504,4224.230957,4227.94873,4223.077147999999,4203.333496,4219.102539,4227.05127
4718.846191,4291.025879,4250.256348,4247.307617,4228.333496,4190.769043,4198.846191,4221.025879,4216.666504,4226.538574,4228.461426,4209.102539,4225.512695,4234.230957
4712.563965,4298.717772999999,4255.512695,4257.307617,4233.205078,4187.307617,4181.666504,4189.487305,4206.025879,4221.410156,4226.153809,4207.563965,4230.128418,4229.230957
4690.512695,4290.641113000001,4242.563965,4250.0,4230.512695,4205.256348,4200.769043,4176.153809,4194.487305,4209.487305,4216.922852000001,4197.436035,4223.333496,4220.0
4652.307617,4265.769043,4220.0,4225.512695,4224.615234000001,4216.153809,4218.205078,4182.05127,4184.487305,4190.0,4200.769043,4186.410156,4201.538574,4202.94873
4616.922852000001,4248.077147999999,4201.666504,4207.179688,4219.358886999999,4215.128418,4210.128418,4190.384765999999,4181.282227000001,4178.205078,4183.205078,4173.846191,4180.641113000001,4186.794922
4601.538574,4246.282227000001,4193.461426,4206.282227000001,4214.487305,4218.717772999999,4230.128418,4211.025879,4196.282227000001,4185.769043,4177.307617,4165.641113000001,4174.871582,4182.820313
4593.846191,4244.743652,4189.358886999999,4202.692383,4215.128418,4225.512695,4257.94873,4233.974121,4218.205078,4199.102539,4182.179688,4167.179688,4178.846191,4180.769043
4579.871582,4235.769043,4181.538574,4190.512695,4213.205078,4225.769043,4243.205078,4235.769043,4222.436035,4201.538574,4178.717772999999,4167.820313,4178.077147999999,4174.102539
4578.205078,4238.333496,4186.410156,4194.871582,4212.05127,4226.538574,4226.410156,4234.230957,4226.922852000001,4210.256348,4182.94873,4172.307617,4187.94873,4184.871582
4588.077147999999,4253.589844,4204.871582,4210.256348,4218.589844,4225.641113000001,4236.922852000001,4241.153809,4235.512695,4226.538574,4205.128418,4187.94873,4210.769043,4209.487305
4589.102539,4265.769043,4220.897461,4218.077147999999,4220.641113000001,4215.512695,4241.410156,4248.333496,4228.589844,4229.102539,4217.307617,4201.153809,4220.897461,4223.461426
4584.487305,4276.538574,4232.692383,4228.846191,4221.410156,4212.05127,4225.128418,4241.282227000001,4220.0,4224.871582,4216.538574,4205.641113000001,4223.974121,4228.589844
4579.487305,4280.384765999999,4241.922852000001,4240.512695,4227.820313,4213.333496,4207.94873,4210.128418,4212.307617,4220.256348,4217.820313,4204.615234000001,4231.922852000001,4231.794922
4581.153809,4287.692383,4254.871582,4250.897461,4236.794922,4205.897461,4198.974121,4189.487305,4203.589844,4225.897461,4226.922852000001,4210.641113000001,4246.666504,4240.897461
4586.666504,4305.0,4263.974121,4262.692383,4242.05127,4198.461426,4189.102539,4191.282227000001,4209.743652,4244.615234000001,4237.692383,4218.589844,4260.128418,4252.307617
4571.666504,4303.717772999999,4251.153809,4257.820313,4239.871582,4204.743652,4188.589844,4190.769043,4222.563965,4248.077147999999,4234.102539,4211.538574,4252.820313,4246.282227000001
4542.436035,4281.666504,4232.692383,4239.615234000001,4237.820313,4218.846191,4208.333496,4205.128418,4229.871582,4241.025879,4221.794922,4200.256348,4234.358886999999,4229.230957
4525.769043,4270.256348,4230.128418,4233.333496,4239.230957,4219.871582,4220.128418,4239.615234000001,4239.230957,4243.589844,4213.717772999999,4200.384765999999,4224.358886999999,4221.153809
4516.538574,4267.179688,4228.589844,4231.538574,4235.256348,4214.615234000001,4217.436035,4249.102539,4243.205078,4240.256348,4205.128418,4202.179688,4218.589844,4218.846191
4495.512695,4258.205078,4217.563965,4218.974121,4225.0,4220.512695,4223.974121,4238.717772999999,4235.128418,4228.846191,4193.077147999999,4194.743652,4208.589844,4211.282227000001
4477.436035,4253.846191,4207.94873,4209.615234000001,4224.487305,4230.512695,4222.05127,4235.897461,4227.05127,4224.358886999999,4183.077147999999,4186.922852000001,4202.05127,4205.897461
4476.666504,4258.461426,4209.230957,4210.641113000001,4232.179688,4227.692383,4215.512695,4235.897461,4225.128418,4222.563965,4179.615234000001,4187.820313,4201.794922,4210.0
4483.333496,4262.692383,4220.0,4212.94873,4219.743652,4212.820313,4223.205078,4243.846191,4226.922852000001,4220.0,4181.538574,4197.94873,4205.128418,4215.897461
4486.025879,4261.025879,4228.077147999999,4216.410156,4201.666504,4209.102539,4218.974121,4238.717772999999,4220.128418,4220.0,4184.743652,4203.589844,4209.871582,4218.589844
4484.615234000001,4261.282227000001,4230.256348,4222.307617,4210.512695,4219.871582,4208.974121,4208.974121,4202.692383,4215.897461,4191.153809,4203.461426,4213.461426,4223.077147999999
4484.871582,4268.974121,4234.743652,4226.025879,4221.922852000001,4218.846191,4215.0,4199.358886999999,4194.230957,4212.94873,4204.102539,4211.025879,4218.846191,4233.589844
4483.589844,4276.153809,4239.743652,4230.0,4216.794922,4213.461426,4213.333496,4217.179688,4201.538574,4222.692383,4214.230957,4218.589844,4226.153809,4241.922852000001
4469.743652,4275.384765999999,4233.846191,4233.461426,4216.922852000001,4218.461426,4197.307617,4214.743652,4205.384765999999,4228.461426,4212.820313,4211.282227000001,4226.153809,4237.436035
4454.871582,4273.333496,4222.436035,4228.717772999999,4217.692383,4216.025879,4201.025879,4195.0,4196.410156,4222.307617,4210.128418,4200.769043,4223.589844,4230.128418
4445.641113000001,4272.563965,4218.717772999999,4223.205078,4208.077147999999,4211.025879,4227.692383,4192.94873,4190.641113000001,4219.743652,4210.769043,4201.153809,4224.102539,4228.077147999999
4431.666504,4265.384765999999,4218.205078,4222.179688,4203.077147999999,4210.384765999999,4233.205078,4199.102539,4193.077147999999,4218.461426,4205.769043,4200.641113000001,4218.974121,4223.589844
4421.538574,4264.102539,4221.153809,4224.102539,4208.077147999999,4207.179688,4212.94873,4204.615234000001,4201.922852000001,4214.615234000001,4201.538574,4198.205078,4212.692383,4221.025879
4423.333496,4268.717772999999,4223.461426,4224.487305,4213.974121,4210.641113000001,4203.846191,4211.153809,4207.436035,4213.974121,4202.307617,4196.794922,4211.538574,4222.307617
4421.025879,4264.487305,4220.769043,4218.589844,4210.0,4209.871582,4214.487305,4215.128418,4206.538574,4211.666504,4201.538574,4193.205078,4209.102539,4221.538574
4414.230957,4259.743652,4224.615234000001,4216.153809,4198.077147999999,4195.512695,4217.307617,4217.307617,4212.307617,4207.820313,4200.512695,4193.717772999999,4206.538574,4226.538574
4408.589844,4257.05127,4228.846191,4216.794922,4189.615234000001,4189.615234000001,4201.410156,4201.666504,4209.743652,4203.589844,4196.282227000001,4197.307617,4200.0,4231.922852000001
4401.282227000001,4254.615234000001,4227.179688,4218.589844,4193.974121,4198.589844,4198.205078,4186.794922,4200.0,4200.769043,4194.230957,4197.820313,4198.205078,4228.077147999999
4388.846191,4257.307617,4226.794922,4222.05127,4201.153809,4198.461426,4204.358886999999,4200.641113000001,4203.461426,4203.333496,4200.384765999999,4197.436035,4209.358886999999,4226.282227000001
4374.102539,4256.794922,4222.436035,4217.94873,4196.282227000001,4187.820313,4196.794922,4206.794922,4202.692383,4200.897461,4200.897461,4196.922852000001,4210.897461,4223.333496
4356.025879,4244.230957,4206.666504,4206.025879,4194.230957,4193.333496,4194.743652,4177.94873,4179.230957,4184.102539,4191.538574,4188.205078,4196.025879,4208.333496
4333.205078,4232.94873,4193.846191,4197.563965,4205.0,4207.820313,4197.820313,4158.846191,4157.820313,4169.743652,4184.743652,4177.307617,4187.307617,4195.769043
4325.0,4238.717772999999,4199.230957,4201.025879,4215.641113000001,4211.922852000001,4197.179688,4182.94873,4168.077147999999,4177.820313,4192.179688,4181.153809,4195.641113000001,4201.538574
4332.692383,4246.025879,4207.820313,4206.025879,4210.256348,4203.846191,4205.897461,4216.153809,4192.179688,4193.205078,4204.487305,4195.512695,4205.641113000001,4211.794922
4327.692383,4239.743652,4203.205078,4200.128418,4197.436035,4195.641113000001,4212.692383,4213.333496,4194.743652,4190.0,4198.846191,4198.589844,4200.512695,4208.846191
4321.666504,4245.897461,4208.333496,4205.512695,4202.179688,4200.384765999999,4205.256348,4200.128418,4191.794922,4192.307617,4195.0,4197.94873,4203.077147999999,4210.769043
4334.487305,4264.743652,4227.307617,4225.384765999999,4211.538574,4203.974121,4198.077147999999,4207.692383,4199.743652,4206.282227000001,4209.358886999999,4204.615234000001,4221.410156,4226.794922
4339.230957,4266.922852000001,4233.461426,4230.256348,4207.94873,4192.05127,4190.0,4201.538574,4193.205078,4200.128418,4215.384765999999,4207.307617,4223.974121,4233.077147999999
4327.05127,4258.974121,4231.538574,4222.563965,4203.205078,4184.358886999999,4184.743652,4181.153809,4177.307617,4185.897461,4209.871582,4206.282227000001,4211.282227000001,4227.05127
4314.871582,4251.794922,4230.641113000001,4217.820313,4197.436035,4190.897461,4198.461426,4192.179688,4177.563965,4182.436035,4206.025879,4206.794922,4203.974121,4221.153809
4299.871582,4243.974121,4224.487305,4215.0,4192.692383,4190.0,4202.94873,4211.410156,4183.461426,4181.794922,4201.025879,4203.717772999999,4200.512695,4213.077147999999
4279.743652,4232.436035,4210.641113000001,4208.974121,4192.436035,4178.333496,4192.692383,4200.256348,4178.205078,4180.769043,4193.333496,4196.153809,4190.384765999999,4203.461426
4264.615234000001,4223.846191,4197.05127,4199.102539,4188.589844,4179.487305,4198.974121,4192.94873,4178.333496,4182.307617,4188.205078,4189.230957,4181.410156,4196.410156
4252.563965,4219.487305,4190.0,4191.410156,4188.205078,4197.307617,4211.538574,4210.384765999999,4198.589844,4188.589844,4190.0,4188.461426,4184.743652,4193.205078
4236.282227000001,4209.358886999999,4183.717772999999,4183.846191,4192.563965,4207.05127,4209.615234000001,4226.410156,4214.102539,4191.153809,4191.794922,4189.487305,4187.436035,4192.179688
4226.666504,4204.615234000001,4178.205078,4178.974121,4195.897461,4202.820313,4204.615234000001,4226.282227000001,4205.384765999999,4187.307617,4188.846191,4188.589844,4182.307617,4189.102539
4232.692383,4216.922852000001,4188.717772999999,4187.94873,4200.0,4203.333496,4200.641113000001,4211.794922,4197.820313,4188.205078,4191.666504,4195.256348,4188.205078,4193.846191
4242.436035,4232.820313,4210.256348,4204.358886999999,4202.692383,4205.256348,4190.0,4200.769043,4202.692383,4196.153809,4205.0,4211.025879,4206.282227000001,4213.461426
4246.922852000001,4240.256348,4221.538574,4210.128418,4204.230957,4201.025879,4183.077147999999,4196.794922,4200.512695,4197.94873,4214.743652,4221.153809,4214.743652,4231.025879
4254.871582,4249.358886999999,4230.384765999999,4213.333496,4208.717772999999,4195.128418,4185.384765999999,4187.820313,4194.615234000001,4197.820313,4217.820313,4227.692383,4221.282227000001,4239.102539
4266.153809,4261.153809,4245.256348,4224.358886999999,4209.871582,4191.538574,4192.563965,4177.05127,4193.205078,4207.05127,4223.717772999999,4234.743652,4236.666504,4245.384765999999
4267.692383,4257.563965,4246.666504,4226.794922,4201.282227000001,4182.692383,4190.897461,4165.256348,4183.846191,4207.436035,4222.563965,4229.102539,4237.94873,4239.102539
4250.256348,4235.512695,4225.641113000001,4210.769043,4188.077147999999,4172.05127,4185.384765999999,4155.128418,4168.846191,4185.897461,4201.666504,4210.0,4210.769043,4211.794922
4225.769043,4215.384765999999,4206.794922,4193.846191,4181.025879,4178.589844,4198.846191,4169.230957,4168.589844,4169.871582,4183.974121,4197.563965,4185.897461,4193.205078
4212.307617,4206.794922,4202.179688,4188.461426,4182.436035,4185.128418,4203.846191,4198.589844,4183.846191,4178.974121,4188.846191,4197.692383,4183.974121,4192.05127
4204.230957,4201.153809,4194.358886999999,4184.230957,4179.743652,4181.410156,4191.794922,4209.871582,4199.871582,4193.461426,4192.820313,4193.846191,4183.974121,4186.025879
4191.538574,4200.0,4180.897461,4176.794922,4175.0,4187.820313,4197.307617,4217.820313,4210.128418,4196.538574,4186.666504,4185.897461,4177.563965,4176.922852000001
4179.358886999999,4203.461426,4175.0,4173.461426,4182.94873,4200.897461,4213.205078,4226.538574,4212.05127,4192.94873,4185.0,4187.05127,4178.333496,4174.358886999999
4170.897461,4203.077147999999,4177.692383,4173.717772999999,4194.102539,4202.94873,4214.487305,4224.102539,4216.666504,4191.794922,4189.871582,4192.05127,4187.94873,4174.230957
4163.205078,4202.563965,4178.717772999999,4176.153809,4194.358886999999,4202.820313,4205.256348,4217.563965,4220.384765999999,4195.897461,4193.974121,4192.692383,4194.615234000001,4178.333496
4165.641113000001,4214.615234000001,4182.94873,4185.128418,4196.153809,4212.179688,4196.153809,4217.179688,4219.358886999999,4207.563965,4201.410156,4198.461426,4203.717772999999,4192.563965
4174.487305,4229.230957,4198.333496,4197.436035,4207.563965,4217.692383,4195.641113000001,4230.641113000001,4222.820313,4218.461426,4215.769043,4208.589844,4217.563965,4207.820313
4177.820313,4230.641113000001,4213.974121,4205.0,4212.179688,4205.769043,4196.025879,4225.128418,4214.743652,4215.128418,4222.820313,4214.102539,4220.641113000001,4215.641113000001
4187.94873,4240.769043,4228.205078,4220.0,4216.410156,4194.743652,4186.282227000001,4196.153809,4199.871582,4216.025879,4227.94873,4222.307617,4226.922852000001,4225.0
4201.153809,4262.307617,4241.410156,4235.897461,4222.563965,4191.794922,4173.077147999999,4180.897461,4195.641113000001,4220.769043,4236.153809,4227.307617,4238.077147999999,4233.846191
4195.0,4261.666504,4240.641113000001,4232.05127,4211.025879,4178.205078,4163.589844,4176.282227000001,4186.153809,4201.922852000001,4230.769043,4221.153809,4232.436035,4229.615234000001
4178.461426,4244.615234000001,4233.333496,4221.410156,4196.666504,4167.820313,4166.410156,4180.128418,4173.974121,4185.0,4219.102539,4216.410156,4216.794922,4219.743652
4167.307617,4231.153809,4228.205078,4210.512695,4191.153809,4177.692383,4183.205078,4192.692383,4176.666504,4193.589844,4217.436035,4214.615234000001,4207.05127,4212.563965
4150.769043,4217.05127,4214.102539,4195.0,4188.974121,4188.974121,4197.94873,4191.794922,4185.128418,4198.205078,4214.487305,4203.846191,4199.102539,4201.922852000001
4121.794922,4203.077147999999,4190.128418,4182.436035,4189.743652,4191.538574,4200.256348,4183.846191,4191.666504,4187.563965,4199.102539,4187.563965,4188.333496,4187.820313
4095.256348,4191.922852000001,4171.922852000001,4172.436035,4187.94873,4199.358886999999,4202.563965,4199.615234000001,4203.077147999999,4187.692383,4189.230957,4180.897461,4181.410156,4175.769043
4089.2307130000004,4188.589844,4167.692383,4167.179688,4186.153809,4212.563965,4217.05127,4215.512695,4214.102539,4200.512695,4191.794922,4183.846191,4183.974121,4170.0
4091.794922,4191.922852000001,4167.692383,4168.077147999999,4187.94873,4213.461426,4223.589844,4214.102539,4217.692383,4202.179688,4190.0,4185.769043,4184.230957,4169.615234000001
4086.538574,4193.717772999999,4171.282227000001,4173.461426,4189.230957,4208.717772999999,4216.666504,4230.769043,4224.358886999999,4199.615234000001,4188.974121,4187.307617,4180.0,4173.077147999999
4083.8461909999996,4192.94873,4182.563965,4178.717772999999,4188.846191,4210.897461,4215.512695,4237.307617,4225.769043,4202.179688,4198.846191,4193.205078,4186.025879,4179.743652
4086.025635,4197.692383,4189.102539,4178.974121,4192.179688,4209.230957,4215.512695,4205.256348,4210.256348,4197.563965,4204.358886999999,4200.0,4188.461426,4185.512695
4091.6667479999996,4213.205078,4195.256348,4186.410156,4200.128418,4196.025879,4203.974121,4198.589844,4203.333496,4195.256348,4205.0,4209.743652,4187.692383,4191.282227000001
4098.717772999999,4224.487305,4208.333496,4205.0,4205.128418,4181.025879,4192.692383,4211.666504,4199.743652,4198.589844,4210.128418,4218.333496,4202.307617,4198.205078
4100.897461,4228.589844,4216.282227000001,4214.230957,4208.333496,4178.974121,4187.692383,4186.538574,4177.94873,4192.307617,4213.589844,4220.128418,4209.615234000001,4203.333496
4098.333496,4239.230957,4220.384765999999,4218.077147999999,4211.794922,4182.307617,4181.153809,4172.820313,4167.436035,4185.641113000001,4212.179688,4222.05127,4200.897461,4206.153809
4093.974365,4247.05127,4226.538574,4224.230957,4212.820313,4171.666504,4174.615234000001,4187.563965,4174.230957,4187.563965,4210.256348,4223.974121,4202.820313,4208.205078
4088.076904,4239.743652,4225.384765999999,4222.94873,4213.077147999999,4165.128418,4180.641113000001,4171.666504,4169.615234000001,4190.256348,4210.897461,4222.307617,4210.256348,4207.94873
4081.281982,4231.025879,4216.282227000001,4215.0,4210.641113000001,4173.717772999999,4189.358886999999,4153.717772999999,4163.846191,4190.512695,4209.358886999999,4218.461426,4204.871582,4203.846191
4077.0512700000004,4228.846191,4211.282227000001,4209.487305,4200.641113000001,4169.615234000001,4186.153809,4175.897461,4176.282227000001,4189.487305,4202.563965,4218.461426,4197.563965,4200.256348
4074.615479,4227.692383,4213.846191,4209.102539,4196.025879,4167.436035,4196.410156,4204.487305,4197.436035,4192.94873,4201.666504,4222.307617,4199.358886999999,4200.897461
4067.4357909999994,4222.94873,4208.333496,4206.538574,4197.179688,4188.461426,4224.230957,4213.461426,4206.922852000001,4196.410156,4203.846191,4221.410156,4194.358886999999,4196.025879
4053.974365,4214.358886999999,4198.461426,4198.846191,4195.512695,4202.179688,4225.256348,4220.256348,4210.897461,4195.769043,4200.128418,4217.05127,4184.487305,4188.974121
4037.820557,4200.128418,4194.615234000001,4186.153809,4194.871582,4194.358886999999,4202.436035,4221.922852000001,4214.102539,4195.512695,4191.025879,4210.769043,4180.384765999999,4183.846191
4020.256348,4179.230957,4183.974121,4170.512695,4192.563965,4192.820313,4206.410156,4212.436035,4205.769043,4186.025879,4178.205078,4197.563965,4172.05127,4169.871582
4007.3076170000004,4172.05127,4173.461426,4164.358886999999,4192.307617,4208.717772999999,4226.922852000001,4203.846191,4196.922852000001,4176.153809,4170.769043,4187.563965,4166.794922,4161.025879
4008.718018,4185.897461,4177.307617,4169.230957,4196.922852000001,4214.487305,4221.538574,4198.846191,4200.256348,4184.358886999999,4175.384765999999,4192.307617,4172.94873,4169.615234000001
4022.0512700000004,4200.897461,4184.615234000001,4181.282227000001,4204.230957,4201.538574,4206.538574,4188.717772999999,4201.153809,4195.256348,4187.307617,4195.384765999999,4182.563965,4177.307617
4036.281982,4211.153809,4192.307617,4194.102539,4208.333496,4188.846191,4200.897461,4172.820313,4191.922852000001,4193.333496,4196.410156,4192.94873,4194.487305,4182.307617
4048.461426,4225.0,4206.922852000001,4201.153809,4207.692383,4194.102539,4192.563965,4162.563965,4182.820313,4192.692383,4201.025879,4200.897461,4205.128418,4194.743652
4061.4101560000004,4239.230957,4220.897461,4212.307617,4216.922852000001,4204.230957,4184.487305,4160.769043,4172.563965,4195.769043,4206.794922,4212.820313,4210.512695,4206.794922
4075.641113,4252.820313,4228.077147999999,4230.0,4228.846191,4190.256348,4177.436035,4167.692383,4171.410156,4195.641113000001,4212.436035,4221.922852000001,4216.538574,4212.307617
4084.2307130000004,4265.0,4239.871582,4237.94873,4224.871582,4171.538574,4178.205078,4189.615234000001,4190.128418,4203.974121,4219.615234000001,4233.717772999999,4228.461426,4220.128418
4073.205078,4255.897461,4242.563965,4228.461426,4215.0,4179.871582,4201.794922,4205.769043,4199.358886999999,4209.358886999999,4219.358886999999,4237.563965,4225.384765999999,4219.230957
4045.1281740000004,4226.410156,4219.871582,4209.102539,4212.692383,4192.820313,4212.436035,4186.282227000001,4178.589844,4188.717772999999,4198.461426,4221.922852000001,4197.179688,4199.743652
4022.820557,4209.487305,4197.820313,4194.487305,4210.384765999999,4193.589844,4206.282227000001,4170.0,4167.94873,4171.410156,4178.205078,4207.436035,4175.256348,4183.077147999999
4015.384521,4204.871582,4195.128418,4188.717772999999,4198.205078,4201.153809,4226.410156,4220.256348,4201.666504,4188.846191,4182.820313,4209.871582,4177.307617,4180.897461
4015.1281740000004,4193.333496,4195.0,4184.487305,4189.102539,4210.897461,4241.666504,4265.384765999999,4232.05127,4209.230957,4193.333496,4211.922852000001,4184.358886999999,4182.820313
4011.6667479999996,4189.487305,4187.820313,4181.282227000001,4200.0,4211.922852000001,4215.128418,4225.0,4217.820313,4209.358886999999,4193.461426,4207.820313,4184.102539,4181.666504
4002.179443,4197.563965,4181.410156,4183.461426,4212.820313,4211.794922,4195.0,4182.820313,4203.461426,4209.358886999999,4193.077147999999,4207.179688,4184.230957,4180.256348
4003.718018,4203.717772999999,4185.769043,4191.153809,4211.153809,4212.563965,4215.512695,4213.589844,4222.692383,4217.179688,4196.410156,4210.128418,4192.692383,4183.333496
4017.4357909999994,4213.077147999999,4197.436035,4201.153809,4211.410156,4213.461426,4229.615234000001,4234.358886999999,4230.256348,4217.820313,4200.0,4211.666504,4201.410156,4190.512695
4023.5898439999996,4228.717772999999,4205.0,4209.871582,4220.769043,4214.871582,4219.615234000001,4204.743652,4206.410156,4208.589844,4200.256348,4214.487305,4205.128418,4198.589844
4026.538574,4245.512695,4211.282227000001,4219.615234000001,4227.436035,4216.025879,4209.615234000001,4188.077147999999,4192.820313,4205.769043,4204.230957,4221.666504,4212.94873,4208.589844
4033.5898439999996,4252.436035,4221.282227000001,4227.436035,4227.94873,4212.05127,4203.846191,4190.641113000001,4188.461426,4202.563965,4210.256348,4228.717772999999,4217.94873,4215.256348
4043.076904,4249.615234000001,4227.820313,4229.102539,4225.256348,4205.897461,4211.538574,4193.846191,4177.692383,4192.94873,4205.128418,4231.410156,4215.0,4215.641113000001
4046.538574,4244.102539,4226.025879,4226.025879,4220.769043,4198.205078,4225.641113000001,4193.077147999999,4175.897461,4191.666504,4196.282227000001,4227.307617,4208.333496,4215.512695
4036.923096,4237.179688,4220.128418,4219.358886999999,4215.256348,4190.0,4226.153809,4187.436035,4184.615234000001,4197.94873,4194.358886999999,4223.205078,4200.128418,4214.871582
4027.0512700000004,4231.153809,4219.358886999999,4215.128418,4209.230957,4195.769043,4230.641113000001,4208.846191,4204.230957,4208.205078,4200.256348,4228.077147999999,4201.153809,4217.436035
4017.4357909999994,4220.769043,4215.256348,4205.897461,4199.358886999999,4207.436035,4245.0,4240.384765999999,4220.512695,4213.589844,4198.974121,4228.846191,4204.487305,4216.282227000001
3996.1538090000004,4202.692383,4199.615234000001,4189.358886999999,4190.128418,4208.717772999999,4246.538574,4245.128418,4223.461426,4209.358886999999,4185.512695,4216.922852000001,4195.0,4203.589844
3982.4357909999994,4190.0,4184.615234000001,4178.333496,4193.333496,4211.922852000001,4235.512695,4239.358886999999,4228.717772999999,4208.205078,4177.179688,4206.794922,4187.179688,4193.589844
3986.4101560000004,4188.589844,4178.461426,4175.384765999999,4196.794922,4221.794922,4232.307617,4236.282227000001,4233.205078,4209.487305,4174.871582,4202.563965,4184.743652,4191.666504
3993.8461909999996,4197.094238000001,4185.726563,4182.713867,4199.743652,4219.422852000001,4227.222168,4230.44873,4225.53418,4208.397461,4180.726563,4205.128418,4189.337402,4198.953125
4001.281982,4205.598145,4192.991211,4190.042969,4202.692383,4217.05127,4222.136719,4224.615234000001,4217.863281,4207.307617,4186.581055,4207.692383,4193.931640999999,4206.239258
4008.718018,4214.102539,4200.256348,4197.371582,4205.641113000001,4214.679688,4217.05127,4218.782227000001,4210.192383,4206.217772999999,4192.436035,4210.256348,4198.525879,4213.525879
4016.1538090000004,4222.606934,4207.521484000001,4204.700684,4208.589844,4212.307617,4211.96582,4212.94873,4202.521484000001,4205.128418,4198.290527,4212.820313,4203.119629,4220.812011999999
4023.5898439999996,4231.111328,4214.786133,4212.029785,4211.538574,4209.936035,4206.880371,4207.115234000001,4194.850586,4204.038574,4204.145508,4215.384765999999,4207.713867,4228.098145
4031.025635,4239.615234000001,4222.05127,4219.358886999999,4214.487305,4207.563965,4201.794922,4201.282227000001,4187.179688,4202.94873,4210.0,4217.94873,4212.307617,4235.384765999999
4027.3076170000004,4239.743652,4225.128418,4221.794922,4209.615234000001,4209.358886999999,4209.871582,4177.179688,4163.077147999999,4197.307617,4213.846191,4220.0,4218.974121,4235.256348
4020.897461,4237.692383,4226.922852000001,4219.615234000001,4208.333496,4212.692383,4210.512695,4180.384765999999,4166.153809,4192.820313,4211.538574,4218.333496,4212.820313,4230.512695
4015.512939,4230.384765999999,4224.615234000001,4217.94873,4212.05127,4203.717772999999,4194.102539,4184.487305,4177.94873,4190.769043,4209.358886999999,4213.077147999999,4207.692383,4223.589844
4003.3332520000004,4217.94873,4220.897461,4212.820313,4205.0,4192.692383,4197.179688,4180.641113000001,4175.769043,4196.025879,4211.794922,4213.589844,4211.025879,4221.025879
3989.615479,4212.692383,4220.256348,4203.589844,4193.717772999999,4199.358886999999,4222.307617,4201.922852000001,4190.384765999999,4207.307617,4218.589844,4218.846191,4215.0,4225.0
3979.8718259999996,4200.897461,4212.563965,4195.384765999999,4190.769043,4215.769043,4239.871582,4228.205078,4215.512695,4210.128418,4215.641113000001,4211.794922,4205.641113000001,4221.538574
3973.076904,4179.871582,4196.410156,4184.358886999999,4190.0,4219.487305,4237.692383,4229.743652,4221.153809,4206.922852000001,4205.128418,4199.102539,4190.0,4206.282227000001
3972.820557,4185.769043,4194.230957,4184.615234000001,4195.641113000001,4218.589844,4236.282227000001,4244.358886999999,4237.820313,4221.538574,4212.307617,4205.0,4200.512695,4204.487305
3969.487061,4201.922852000001,4199.230957,4191.666504,4198.974121,4219.102539,4238.077147999999,4266.666504,4255.128418,4233.077147999999,4218.717772999999,4212.179688,4215.641113000001,4210.641113000001
3962.4357909999994,4201.794922,4197.307617,4194.102539,4199.230957,4215.384765999999,4224.358886999999,4240.0,4232.820313,4220.256348,4207.307617,4204.487305,4205.0,4207.05127
3966.538574,4208.077147999999,4202.94873,4202.563965,4207.05127,4217.94873,4212.179688,4206.922852000001,4210.641113000001,4211.922852000001,4205.256348,4202.179688,4198.974121,4208.846191
3975.384521,4220.769043,4214.358886999999,4209.615234000001,4210.769043,4221.025879,4217.692383,4212.563965,4213.461426,4213.589844,4212.179688,4205.256348,4205.384765999999,4216.538574
3976.923096,4220.769043,4217.307617,4211.410156,4207.436035,4209.358886999999,4214.230957,4213.717772999999,4208.589844,4206.538574,4209.358886999999,4205.0,4204.230957,4220.0
3982.0512700000004,4224.230957,4220.512695,4219.871582,4209.487305,4196.666504,4196.153809,4193.205078,4192.563965,4201.282227000001,4210.0,4211.666504,4204.358886999999,4225.897461
3993.8461909999996,4236.922852000001,4229.615234000001,4230.256348,4214.230957,4196.794922,4195.897461,4184.743652,4184.743652,4203.461426,4218.077147999999,4216.282227000001,4208.846191,4231.794922
3992.820557,4233.077147999999,4228.461426,4224.871582,4216.410156,4200.897461,4207.563965,4187.179688,4178.333496,4197.05127,4215.641113000001,4209.743652,4207.05127,4226.538574
3975.384521,4213.333496,4216.153809,4209.230957,4211.538574,4196.153809,4203.333496,4179.230957,4163.589844,4180.897461,4206.922852000001,4205.256348,4203.846191,4218.589844
3963.076904,4207.820313,4212.94873,4202.436035,4203.717772999999,4191.410156,4198.589844,4177.05127,4161.410156,4179.230957,4207.820313,4207.179688,4208.717772999999,4222.05127
3962.3076170000004,4212.692383,4218.846191,4204.615234000001,4203.205078,4193.205078,4207.94873,4191.794922,4181.410156,4193.717772999999,4216.794922,4209.358886999999,4215.128418,4227.94873
3959.487061,4207.307617,4215.769043,4202.05127,4207.179688,4198.846191,4222.179688,4213.846191,4199.230957,4200.769043,4218.589844,4208.846191,4216.025879,4221.794922
3952.0512700000004,4201.666504,4205.512695,4194.871582,4209.358886999999,4207.820313,4228.205078,4226.025879,4205.256348,4203.461426,4213.846191,4203.333496,4212.179688,4209.743652
3951.281982,4197.692383,4198.589844,4192.179688,4208.974121,4214.102539,4222.94873,4221.153809,4212.05127,4210.128418,4210.128418,4194.358886999999,4207.179688,4203.077147999999
3962.3076170000004,4198.974121,4199.743652,4197.820313,4214.358886999999,4219.871582,4220.256348,4221.666504,4225.128418,4216.538574,4213.077147999999,4191.538574,4213.077147999999,4204.230957
3970.256348,4208.461426,4199.743652,4200.897461,4219.871582,4221.282227000001,4217.179688,4224.102539,4224.230957,4217.179688,4213.333496,4191.025879,4220.641113000001,4203.717772999999
3963.076904,4205.641113000001,4190.128418,4193.077147999999,4210.897461,4209.487305,4209.102539,4213.205078,4209.358886999999,4206.282227000001,4201.153809,4183.589844,4210.256348,4195.384765999999
3963.8461909999996,4202.692383,4193.205078,4198.205078,4205.641113000001,4203.974121,4214.743652,4219.358886999999,4214.615234000001,4204.230957,4201.666504,4185.641113000001,4206.025879,4196.410156
3979.615479,4215.512695,4210.897461,4215.128418,4214.230957,4209.743652,4222.307617,4224.358886999999,4222.05127,4210.897461,4216.410156,4200.128418,4218.461426,4210.897461
3987.9487299999996,4221.025879,4214.102539,4213.974121,4218.461426,4205.897461,4213.589844,4195.641113000001,4200.0,4198.077147999999,4212.307617,4203.077147999999,4214.487305,4214.358886999999
3982.9487299999996,4210.0,4203.589844,4200.512695,4209.871582,4192.307617,4206.025879,4174.615234000001,4177.05127,4176.666504,4194.743652,4190.512695,4194.102539,4201.538574
3979.743652,4203.846191,4202.307617,4200.769043,4200.897461,4185.384765999999,4214.358886999999,4187.436035,4183.717772999999,4178.333496,4193.461426,4186.153809,4193.077147999999,4195.769043
3981.281982,4201.922852000001,4203.846191,4202.692383,4198.846191,4188.333496,4224.487305,4203.846191,4197.94873,4187.436035,4200.641113000001,4189.615234000001,4204.487305,4201.282227000001
3979.102539,4195.128418,4195.769043,4192.436035,4200.128418,4194.487305,4215.769043,4201.025879,4194.487305,4183.077147999999,4197.179688,4185.769043,4202.692383,4201.666504
3978.205078,4193.205078,4191.153809,4190.384765999999,4205.512695,4198.461426,4199.743652,4191.153809,4191.666504,4186.282227000001,4197.820313,4181.794922,4205.128418,4200.897461
3975.384521,4198.846191,4190.769043,4194.871582,4210.512695,4201.922852000001,4201.410156,4189.102539,4199.615234000001,4196.410156,4204.743652,4183.077147999999,4211.666504,4200.897461
3960.256348,4195.128418,4182.563965,4185.512695,4210.512695,4210.384765999999,4216.666504,4192.05127,4197.820313,4189.102539,4198.333496,4177.05127,4198.461426,4189.615234000001
3954.102539,4184.102539,4174.358886999999,4179.487305,4211.666504,4220.128418,4221.794922,4188.717772999999,4190.256348,4181.538574,4189.871582,4169.358886999999,4186.025879,4177.820313
3967.5642090000006,4183.333496,4173.589844,4188.717772999999,4209.615234000001,4209.743652,4210.641113000001,4191.025879,4196.538574,4191.153809,4196.282227000001,4176.538574,4191.538574,4181.666504
3971.6667479999996,4186.410156,4177.05127,4190.128418,4202.179688,4196.666504,4213.205078,4207.05127,4206.025879,4198.461426,4199.358886999999,4183.717772999999,4188.717772999999,4187.436035
3958.8461909999996,4181.410156,4180.897461,4182.179688,4201.794922,4206.538574,4229.358886999999,4209.871582,4202.692383,4193.333496,4191.153809,4177.563965,4176.025879,4184.487305
3958.5898439999996,4183.846191,4185.897461,4187.307617,4207.692383,4206.025879,4213.461426,4198.974121,4200.0,4194.487305,4197.05127,4181.153809,4183.974121,4191.282227000001
3973.718018,4198.077147999999,4194.615234000001,4201.025879,4211.025879,4191.025879,4192.179688,4205.128418,4212.307617,4209.230957,4217.436035,4197.179688,4203.717772999999,4208.461426
3977.179443,4196.153809,4202.307617,4201.282227000001,4205.512695,4194.487305,4214.871582,4232.692383,4225.128418,4216.153809,4221.794922,4200.384765999999,4202.820313,4210.641113000001
3970.256348,4186.666504,4204.871582,4196.025879,4197.563965,4204.358886999999,4225.384765999999,4240.128418,4221.282227000001,4214.230957,4218.205078,4195.897461,4199.615234000001,4206.666504
3973.974365,4198.589844,4203.846191,4200.384765999999,4203.205078,4207.05127,4199.358886999999,4212.307617,4208.333496,4217.692383,4226.794922,4199.743652,4217.05127,4215.641113000001
3977.4357909999994,4204.102539,4194.871582,4198.974121,4211.794922,4209.102539,4193.333496,4193.205078,4199.615234000001,4214.487305,4227.820313,4198.333496,4223.205078,4218.461426
3971.6667479999996,4194.358886999999,4186.922852000001,4192.692383,4213.205078,4209.102539,4206.538574,4198.846191,4196.794922,4208.461426,4220.128418,4192.179688,4211.538574,4210.384765999999
3967.179443,4192.05127,4186.666504,4193.846191,4211.410156,4211.538574,4211.922852000001,4191.282227000001,4190.897461,4208.333496,4219.871582,4190.256348,4204.358886999999,4207.692383
3962.5642090000006,4187.94873,4182.179688,4190.256348,4206.794922,4214.230957,4216.282227000001,4168.333496,4179.358886999999,4198.846191,4214.615234000001,4187.179688,4197.05127,4203.205078
3956.538574,4176.794922,4177.179688,4182.307617,4204.615234000001,4210.256348,4215.512695,4172.692383,4180.512695,4193.333496,4207.692383,4181.922852000001,4192.820313,4196.666504
3956.025635,4174.615234000001,4184.615234000001,4184.615234000001,4205.897461,4207.436035,4213.333496,4197.94873,4197.307617,4207.436035,4216.794922,4183.717772999999,4198.077147999999,4199.871582
3958.076904,4178.077147999999,4193.205078,4190.0,4204.487305,4211.282227000001,4226.153809,4224.615234000001,4215.0,4220.769043,4228.589844,4191.025879,4203.333496,4203.205078
3955.0,4171.794922,4190.256348,4186.410156,4202.94873,4214.487305,4230.0,4244.615234000001,4230.256348,4227.05127,4227.820313,4192.179688,4203.077147999999,4200.0
3952.3076170000004,4168.589844,4182.94873,4181.410156,4199.102539,4211.538574,4213.461426,4242.179688,4237.94873,4233.205078,4226.282227000001,4188.205078,4201.666504,4198.205078
3951.025635,4175.641113000001,4181.153809,4185.641113000001,4190.897461,4210.0,4203.333496,4235.641113000001,4238.077147999999,4231.282227000001,4228.846191,4185.0,4200.256348,4196.538574
3948.718018,4178.461426,4182.307617,4186.794922,4193.205078,4210.128418,4196.410156,4232.820313,4231.282227000001,4221.666504,4223.461426,4182.05127,4196.410156,4191.794922
3953.461426,4179.230957,4185.256348,4186.025879,4202.692383,4205.384765999999,4184.871582,4225.897461,4226.666504,4220.256348,4219.743652,4182.820313,4196.922852000001,4195.384765999999
3964.358887,4187.436035,4195.0,4195.256348,4203.717772999999,4201.666504,4186.025879,4230.384765999999,4234.615234000001,4225.769043,4228.461426,4191.025879,4207.563965,4207.179688
3968.3332520000004,4192.563965,4199.102539,4199.615234000001,4204.743652,4207.307617,4194.615234000001,4232.436035,4233.077147999999,4220.641113000001,4228.974121,4195.256348,4213.077147999999,4212.436035
3971.1538090000004,4196.666504,4197.692383,4199.102539,4214.230957,4214.743652,4202.307617,4215.128418,4215.384765999999,4216.922852000001,4225.0,4194.615234000001,4216.794922,4214.358886999999
3970.7692869999996,4200.256348,4204.102539,4204.487305,4215.512695,4210.128418,4211.666504,4200.128418,4205.256348,4223.589844,4233.461426,4198.461426,4230.641113000001,4220.641113000001
3957.6923829999996,4192.563965,4206.153809,4200.769043,4204.871582,4202.692383,4213.589844,4189.102539,4199.487305,4215.384765999999,4233.846191,4198.205078,4232.436035,4218.461426
3950.641113,4186.410156,4199.102539,4189.871582,4206.025879,4203.717772999999,4213.589844,4177.436035,4189.487305,4200.256348,4225.128418,4193.846191,4220.897461,4210.641113000001
3950.256348,4177.94873,4192.436035,4184.102539,4207.307617,4207.307617,4226.282227000001,4180.769043,4180.897461,4196.922852000001,4222.436035,4192.179688,4214.102539,4203.846191
3934.2307130000004,4156.410156,4184.230957,4174.871582,4201.666504,4211.666504,4236.922852000001,4192.436035,4176.538574,4189.615234000001,4213.717772999999,4186.794922,4202.179688,4192.307617
3919.487061,4147.563965,4179.358886999999,4167.436035,4202.692383,4212.179688,4222.307617,4206.153809,4190.0,4187.563965,4203.205078,4181.282227000001,4190.384765999999,4186.538574
3933.076904,4160.256348,4187.820313,4175.641113000001,4200.0,4206.025879,4208.333496,4228.333496,4220.641113000001,4210.256348,4210.0,4186.538574,4199.230957,4197.179688
3953.974365,4173.205078,4198.333496,4186.410156,4194.358886999999,4206.282227000001,4216.666504,4248.333496,4241.666504,4234.102539,4226.153809,4192.94873,4216.282227000001,4209.743652
3951.6667479999996,4175.512695,4193.846191,4184.871582,4197.820313,4209.230957,4213.077147999999,4252.563965,4240.384765999999,4228.205078,4226.666504,4186.538574,4213.974121,4205.256348
3942.0512700000004,4181.025879,4188.333496,4185.641113000001,4207.05127,4205.641113000001,4192.179688,4246.025879,4238.461426,4219.743652,4221.025879,4181.282227000001,4210.641113000001,4201.410156
3951.1538090000004,4194.615234000001,4195.897461,4198.205078,4213.205078,4203.333496,4185.769043,4236.666504,4246.282227000001,4233.205078,4229.871582,4185.512695,4229.102539,4215.769043
3967.820557,4206.410156,4204.358886999999,4207.563965,4218.205078,4206.666504,4195.256348,4236.153809,4247.563965,4244.230957,4241.282227000001,4191.282227000001,4245.512695,4228.205078
3970.641113,4210.384765999999,4207.307617,4208.333496,4223.333496,4210.641113000001,4206.922852000001,4235.128418,4235.0,4239.230957,4242.307617,4195.641113000001,4243.846191,4228.205078
3960.641113,4205.256348,4200.769043,4201.410156,4219.743652,4208.461426,4211.153809,4214.358886999999,4216.153809,4224.615234000001,4230.897461,4192.436035,4230.897461,4221.410156
3953.5898439999996,4192.820313,4189.487305,4194.102539,4213.205078,4204.487305,4205.897461,4191.922852000001,4201.282227000001,4212.307617,4215.897461,4182.179688,4218.333496,4208.461426
3952.3076170000004,4182.563965,4185.641113000001,4192.436035,4210.897461,4206.538574,4211.282227000001,4181.922852000001,4188.333496,4202.563965,4208.333496,4175.128418,4210.641113000001,4197.820313
3941.6667479999996,4173.589844,4182.307617,4185.256348,4205.769043,4213.974121,4223.077147999999,4170.512695,4171.410156,4188.461426,4199.871582,4169.871582,4196.025879,4191.794922
3933.076904,4167.94873,4178.589844,4180.641113000001,4201.153809,4215.128418,4215.769043,4166.794922,4164.615234000001,4185.128418,4196.153809,4165.384765999999,4187.820313,4188.077147999999
3947.0512700000004,4176.794922,4188.717772999999,4192.436035,4205.256348,4204.102539,4203.974121,4183.205078,4182.436035,4206.922852000001,4214.615234000001,4172.692383,4206.666504,4197.94873
3963.718018,4189.743652,4202.179688,4202.307617,4207.820313,4202.05127,4218.717772999999,4200.384765999999,4200.641113000001,4222.94873,4231.025879,4187.179688,4227.05127,4214.230957
3962.0512700000004,4190.512695,4203.205078,4199.871582,4205.769043,4211.282227000001,4230.641113000001,4207.307617,4197.692383,4215.641113000001,4227.820313,4194.102539,4224.358886999999,4220.0
3957.820557,4191.025879,4202.820313,4200.384765999999,4206.282227000001,4203.846191,4207.692383,4210.128418,4198.461426,4217.307617,4229.358886999999,4196.666504,4224.743652,4222.563965
3962.4357909999994,4200.128418,4205.641113000001,4206.025879,4210.384765999999,4195.256348,4195.0,4211.538574,4222.563965,4234.743652,4239.487305,4198.717772999999,4236.922852000001,4228.846191
3963.461426,4205.256348,4205.512695,4207.820313,4218.077147999999,4209.487305,4207.05127,4217.436035,4241.794922,4245.0,4239.871582,4199.743652,4239.871582,4230.769043
3961.4101560000004,4206.153809,4204.230957,4209.358886999999,4227.563965,4216.538574,4211.922852000001,4234.615234000001,4244.358886999999,4246.922852000001,4234.615234000001,4201.410156,4236.922852000001,4228.589844
3961.923096,4208.589844,4201.922852000001,4210.256348,4232.436035,4214.102539,4222.563965,4254.358886999999,4251.282227000001,4245.897461,4232.436035,4201.922852000001,4235.128418,4225.128418
3951.923096,4202.692383,4193.461426,4206.410156,4230.512695,4224.615234000001,4232.307617,4244.871582,4251.153809,4237.692383,4224.615234000001,4196.282227000001,4223.077147999999,4214.871582
3937.5642090000006,4201.410156,4189.615234000001,4208.846191,4229.871582,4228.589844,4215.128418,4217.436035,4238.333496,4230.897461,4215.0,4190.897461,4213.461426,4209.230957
3931.538574,4209.102539,4193.333496,4213.077147999999,4227.94873,4217.692383,4202.179688,4207.436035,4227.820313,4228.589844,4206.538574,4187.94873,4212.692383,4209.615234000001
3918.461426,4194.230957,4184.871582,4199.487305,4212.820313,4211.025879,4217.820313,4208.077147999999,4206.922852000001,4203.974121,4182.692383,4173.846191,4190.897461,4195.769043
3907.9487299999996,4169.615234000001,4172.307617,4188.461426,4201.153809,4215.0,4230.897461,4191.153809,4177.307617,4172.563965,4157.05127,4156.794922,4162.563965,4179.230957
3917.179443,4174.615234000001,4173.974121,4197.179688,4205.512695,4216.666504,4222.436035,4161.153809,4162.436035,4169.102539,4154.487305,4157.820313,4165.256348,4184.743652
3925.1281740000004,4191.666504,4182.94873,4203.333496,4211.410156,4211.538574,4210.384765999999,4155.897461,4167.692383,4181.538574,4168.974121,4169.743652,4182.820313,4197.692383
3922.3076170000004,4190.512695,4184.487305,4197.307617,4206.410156,4206.794922,4214.743652,4177.692383,4180.256348,4186.538574,4178.461426,4168.717772999999,4187.307617,4198.589844
3929.102539,4186.666504,4182.179688,4195.512695,4201.282227000001,4209.102539,4221.282227000001,4201.025879,4199.487305,4194.871582,4189.487305,4169.102539,4192.307617,4205.512695
3952.0512700000004,4203.077147999999,4194.487305,4210.512695,4214.102539,4219.358886999999,4214.743652,4230.769043,4232.94873,4226.282227000001,4220.512695,4192.179688,4219.102539,4232.94873
3969.102539,4217.179688,4210.897461,4221.538574,4226.282227000001,4217.05127,4202.436035,4254.358886999999,4257.436035,4251.025879,4242.563965,4209.871582,4238.205078,4248.461426
3971.794922,4211.282227000001,4213.846191,4218.717772999999,4218.589844,4203.205078,4196.538574,4248.974121,4253.589844,4246.025879,4237.179688,4205.512695,4231.538574,4240.641113000001
3969.102539,4210.769043,4217.820313,4224.102539,4211.025879,4203.974121,4202.692383,4244.487305,4249.615234000001,4241.794922,4236.025879,4205.512695,4231.538574,4239.230957
3965.0,4216.666504,4223.974121,4228.589844,4216.922852000001,4205.128418,4203.461426,4249.358886999999,4253.846191,4244.871582,4240.0,4209.358886999999,4235.384765999999,4243.205078
3957.4357909999994,4208.589844,4216.025879,4217.94873,4221.794922,4196.922852000001,4197.94873,4239.487305,4248.717772999999,4237.436035,4225.384765999999,4198.589844,4218.717772999999,4232.436035
3942.0512700000004,4191.666504,4197.307617,4204.230957,4209.230957,4200.769043,4205.0,4223.461426,4227.436035,4212.179688,4202.692383,4183.589844,4191.282227000001,4211.666504
3927.4357909999994,4178.846191,4184.743652,4195.128418,4193.589844,4210.769043,4220.0,4196.922852000001,4198.589844,4182.563965,4186.538574,4176.282227000001,4173.846191,4197.563965
3920.7692869999996,4170.897461,4179.487305,4187.436035,4193.461426,4211.410156,4226.794922,4178.717772999999,4184.358886999999,4172.94873,4177.94873,4171.282227000001,4166.794922,4191.282227000001
3920.512939,4169.230957,4172.179688,4182.94873,4197.692383,4207.563965,4216.794922,4184.615234000001,4183.589844,4177.563965,4175.641113000001,4166.025879,4163.589844,4186.666504
3927.5642090000006,4177.94873,4172.307617,4187.05127,4199.871582,4213.974121,4211.794922,4184.230957,4183.717772999999,4181.538574,4182.94873,4166.410156,4169.871582,4190.0
3928.205078,4186.153809,4183.461426,4195.897461,4206.282227000001,4223.589844,4218.077147999999,4171.410156,4188.589844,4189.102539,4197.307617,4174.743652,4184.743652,4201.153809
3916.794922,4189.743652,4190.256348,4202.179688,4209.487305,4220.769043,4217.692383,4180.769043,4201.282227000001,4200.512695,4211.666504,4188.077147999999,4199.615234000001,4211.153809
3913.076904,4205.897461,4195.512695,4207.179688,4210.641113000001,4219.743652,4217.692383,4218.974121,4223.717772999999,4216.410156,4229.615234000001,4203.333496,4219.615234000001,4225.769043
3919.2307130000004,4225.769043,4208.333496,4217.179688,4218.974121,4227.563965,4219.358886999999,4249.102539,4246.025879,4234.615234000001,4246.282227000001,4213.846191,4238.205078,4243.333496
3918.461426,4230.384765999999,4218.846191,4226.538574,4225.769043,4221.922852000001,4203.205078,4251.538574,4253.077147999999,4245.0,4254.487305,4217.94873,4242.563965,4248.846191
3910.384521,4223.205078,4218.077147999999,4224.743652,4221.282227000001,4202.307617,4182.692383,4230.641113000001,4243.333496,4240.0,4252.307617,4218.974121,4236.153809,4242.563965
3900.256348,4214.358886999999,4214.487305,4218.589844,4211.666504,4193.205078,4189.358886999999,4212.179688,4229.615234000001,4226.794922,4241.410156,4216.410156,4226.410156,4235.256348
3888.3332520000004,4207.05127,4213.589844,4216.153809,4206.025879,4191.025879,4198.589844,4212.05127,4216.282227000001,4212.820313,4224.871582,4205.0,4211.410156,4223.717772999999
3878.8461909999996,4200.897461,4207.94873,4212.692383,4203.461426,4180.641113000001,4186.794922,4203.077147999999,4199.358886999999,4196.794922,4211.794922,4190.897461,4195.256348,4209.487305
3877.4357909999994,4200.256348,4203.717772999999,4207.94873,4198.077147999999,4176.410156,4181.794922,4182.94873,4187.820313,4191.282227000001,4208.846191,4189.487305,4189.102539,4207.563965
3872.0512700000004,4198.205078,4204.102539,4205.256348,4191.794922,4182.563965,4198.717772999999,4181.282227000001,4188.717772999999,4191.538574,4204.102539,4194.102539,4185.0,4205.512695
3853.718018,4184.230957,4189.487305,4193.589844,4189.230957,4186.025879,4212.692383,4196.666504,4188.461426,4175.512695,4188.077147999999,4185.256348,4166.410156,4185.897461
3843.205078,4176.922852000001,4170.769043,4182.94873,4195.769043,4193.974121,4202.692383,4191.282227000001,4184.102539,4167.307617,4181.794922,4175.641113000001,4159.102539,4176.025879
3848.461426,4185.0,4171.538574,4186.922852000001,4205.641113000001,4207.563965,4184.871582,4167.05127,4191.666504,4188.077147999999,4193.717772999999,4182.307617,4176.538574,4190.0
3850.7692869999996,4184.871582,4172.563965,4186.282227000001,4204.615234000001,4210.256348,4183.974121,4159.743652,4201.282227000001,4198.974121,4195.512695,4187.05127,4179.102539,4195.641113000001
3850.641113,4178.589844,4167.692383,4181.922852000001,4198.077147999999,4208.717772999999,4198.589844,4179.743652,4204.230957,4193.846191,4191.794922,4181.282227000001,4171.153809,4191.794922
3852.9487299999996,4182.436035,4174.615234000001,4187.179688,4195.641113000001,4208.077147999999,4206.410156,4209.743652,4215.0,4203.589844,4200.256348,4182.307617,4185.128418,4200.384765999999
3855.0,4189.487305,4184.487305,4193.974121,4198.717772999999,4203.077147999999,4206.922852000001,4234.230957,4229.358886999999,4216.153809,4207.179688,4191.794922,4200.897461,4207.563965
3859.2307130000004,4193.589844,4186.025879,4196.410156,4202.94873,4197.820313,4205.384765999999,4230.384765999999,4220.641113000001,4210.0,4205.384765999999,4192.692383,4197.692383,4198.846191
3865.1281740000004,4196.538574,4190.0,4203.461426,4197.563965,4193.974121,4198.589844,4204.743652,4196.666504,4196.922852000001,4201.794922,4188.461426,4192.563965,4193.077147999999
3868.5898439999996,4202.563965,4202.692383,4216.153809,4193.077147999999,4188.717772999999,4199.743652,4198.974121,4193.205078,4194.230957,4203.717772999999,4196.666504,4198.717772999999,4203.717772999999
3873.974365,4208.589844,4213.205078,4220.641113000001,4198.974121,4181.282227000001,4202.820313,4201.153809,4195.512695,4192.436035,4205.769043,4210.641113000001,4201.666504,4214.615234000001
3881.281982,4211.153809,4218.461426,4218.974121,4208.077147999999,4177.692383,4190.641113000001,4189.102539,4184.102539,4186.538574,4204.230957,4211.538574,4199.102539,4219.230957
3881.6667479999996,4210.256348,4217.563965,4217.307617,4207.94873,4178.589844,4180.128418,4178.846191,4182.05127,4187.563965,4201.153809,4200.897461,4197.94873,4220.128418
3873.205078,4201.153809,4205.0,4209.102539,4204.230957,4183.717772999999,4185.256348,4180.512695,4190.384765999999,4189.871582,4193.461426,4189.487305,4190.897461,4208.333496
3865.897461,4195.128418,4192.307617,4203.205078,4215.384765999999,4201.538574,4192.94873,4194.487305,4201.282227000001,4192.692383,4189.358886999999,4182.436035,4182.179688,4197.820313
3861.923096,4194.230957,4186.282227000001,4199.230957,4220.769043,4214.358886999999,4199.230957,4202.692383,4215.256348,4201.922852000001,4194.358886999999,4179.102539,4181.666504,4202.05127
3856.4101560000004,4186.922852000001,4180.641113000001,4188.077147999999,4205.0,4209.743652,4212.820313,4195.641113000001,4223.974121,4210.512695,4199.615234000001,4181.410156,4186.410156,4203.333496
3856.4101560000004,4184.102539,4178.461426,4184.230957,4197.179688,4212.820313,4226.410156,4198.846191,4224.102539,4213.974121,4199.743652,4186.794922,4187.94873,4197.692383
3859.102539,4189.743652,4182.820313,4187.820313,4202.692383,4223.974121,4226.025879,4214.487305,4220.897461,4211.538574,4200.769043,4185.512695,4181.410156,4198.461426
3860.7692869999996,4191.538574,4190.384765999999,4190.384765999999,4206.922852000001,4222.94873,4221.410156,4225.384765999999,4222.563965,4206.410156,4205.897461,4184.871582,4179.487305,4203.974121
3869.743652,4196.666504,4202.307617,4200.256348,4207.94873,4211.794922,4220.384765999999,4234.743652,4227.94873,4210.384765999999,4214.743652,4195.897461,4192.94873,4211.025879
3876.538574,4207.563965,4215.0,4212.307617,4205.0,4203.077147999999,4218.717772999999,4230.897461,4227.820313,4218.717772999999,4223.077147999999,4206.025879,4203.461426,4219.487305
3867.5642090000006,4206.410156,4218.461426,4213.717772999999,4205.384765999999,4201.410156,4213.717772999999,4217.307617,4222.179688,4215.641113000001,4224.743652,4203.846191,4200.128418,4224.230957
3859.102539,4200.641113000001,4215.512695,4212.436035,4211.025879,4199.230957,4193.461426,4223.717772999999,4214.615234000001,4207.692383,4223.717772999999,4203.974121,4204.871582,4225.0
3865.512939,4208.846191,4216.282227000001,4217.563965,4215.256348,4191.025879,4172.563965,4221.666504,4203.717772999999,4208.077147999999,4222.05127,4206.794922,4215.128418,4225.0
3869.615479,4209.615234000001,4209.487305,4213.974121,4216.282227000001,4192.692383,4180.128418,4189.358886999999,4190.0,4201.282227000001,4208.333496,4194.230957,4203.589844,4214.102539
3869.487061,4197.179688,4194.871582,4205.384765999999,4215.0,4209.358886999999,4197.563965,4184.487305,4192.692383,4190.256348,4193.333496,4182.692383,4186.922852000001,4199.102539
3871.4101560000004,4193.333496,4190.641113000001,4204.615234000001,4213.974121,4215.641113000001,4198.717772999999,4215.256348,4208.974121,4196.666504,4197.05127,4186.282227000001,4188.461426,4198.974121
3864.615479,4187.692383,4187.692383,4198.333496,4210.0,4207.179688,4199.871582,4223.717772999999,4214.102539,4202.307617,4198.846191,4188.205078,4188.461426,4200.512695
3864.2307130000004,4180.256348,4182.94873,4190.641113000001,4205.128418,4210.641113000001,4213.333496,4211.410156,4215.897461,4199.615234000001,4192.94873,4185.0,4185.128418,4196.282227000001
3876.538574,4186.794922,4191.794922,4196.153809,4205.128418,4223.717772999999,4222.692383,4212.94873,4226.538574,4206.794922,4202.05127,4188.717772999999,4196.794922,4200.0
3872.9487299999996,4184.743652,4197.820313,4197.436035,4201.922852000001,4220.641113000001,4227.179688,4226.666504,4226.666504,4208.846191,4209.743652,4190.641113000001,4202.563965,4202.05127
3858.974365,4170.641113000001,4194.230957,4187.692383,4191.922852000001,4205.384765999999,4235.769043,4231.153809,4212.692383,4200.641113000001,4205.128418,4186.538574,4193.974121,4198.333496
3864.102539,4173.589844,4200.769043,4190.384765999999,4188.077147999999,4195.641113000001,4232.563965,4230.641113000001,4212.563965,4203.333496,4207.692383,4191.666504,4194.102539,4204.358886999999
3879.358887,4187.563965,4212.692383,4206.025879,4193.974121,4196.538574,4220.384765999999,4239.487305,4223.846191,4210.641113000001,4217.05127,4203.717772999999,4207.05127,4213.205078
3883.8461909999996,4193.077147999999,4212.692383,4210.897461,4199.358886999999,4201.538574,4214.358886999999,4224.358886999999,4214.102539,4205.256348,4218.846191,4206.153809,4215.128418,4210.641113000001
3886.025635,4198.974121,4210.384765999999,4208.333496,4201.410156,4193.846191,4204.487305,4185.384765999999,4194.230957,4196.794922,4216.282227000001,4201.153809,4209.743652,4207.692383
3897.0512700000004,4212.307617,4218.589844,4218.589844,4208.846191,4185.0,4190.512695,4188.461426,4198.077147999999,4201.538574,4215.769043,4204.102539,4208.461426,4212.692383
3903.5898439999996,4218.077147999999,4222.563965,4226.794922,4215.897461,4187.94873,4185.0,4212.179688,4209.615234000001,4209.615234000001,4216.794922,4209.871582,4215.256348,4215.641113000001
3895.256348,4211.025879,4210.384765999999,4216.666504,4214.487305,4197.563965,4187.692383,4198.077147999999,4204.615234000001,4206.025879,4213.717772999999,4201.794922,4215.256348,4208.974121
3879.615479,4198.333496,4193.974121,4202.563965,4212.307617,4208.205078,4192.94873,4197.563965,4207.563965,4199.743652,4204.743652,4187.436035,4205.256348,4194.615234000001
3867.820557,4184.615234000001,4186.025879,4197.563965,4208.974121,4209.743652,4198.205078,4231.666504,4224.871582,4201.922852000001,4197.94873,4182.05127,4198.974121,4184.615234000001
3863.3332520000004,4176.922852000001,4185.769043,4196.410156,4206.410156,4207.05127,4203.974121,4240.384765999999,4228.974121,4206.282227000001,4198.205078,4185.384765999999,4202.05127,4185.128418
3859.615479,4171.538574,4183.846191,4189.102539,4207.436035,4208.589844,4208.974121,4229.358886999999,4220.641113000001,4201.666504,4196.153809,4187.05127,4201.666504,4185.0
3860.0,4164.487305,4184.615234000001,4182.179688,4205.641113000001,4207.820313,4217.307617,4226.025879,4214.102539,4194.230957,4191.025879,4185.128418,4196.282227000001,4181.410156
3877.9487299999996,4165.641113000001,4196.410156,4188.846191,4204.358886999999,4205.256348,4225.384765999999,4221.922852000001,4211.025879,4194.487305,4195.0,4189.102539,4198.717772999999,4185.256348
3900.0,4172.307617,4207.94873,4201.922852000001,4205.897461,4208.205078,4220.897461,4211.794922,4204.743652,4194.743652,4201.410156,4195.128418,4201.025879,4191.922852000001
3907.9487299999996,4181.410156,4211.410156,4209.102539,4208.589844,4210.769043,4215.256348,4208.846191,4200.641113000001,4194.871582,4203.589844,4193.974121,4203.846191,4194.743652
3912.5642090000006,4192.436035,4211.282227000001,4212.179688,4207.820313,4200.0,4220.769043,4211.666504,4201.153809,4199.743652,4205.128418,4189.615234000001,4212.05127,4195.641113000001
3923.3332520000004,4207.05127,4215.128418,4219.102539,4210.512695,4192.94873,4221.153809,4216.282227000001,4206.538574,4207.05127,4210.641113000001,4198.974121,4219.615234000001,4202.436035
3937.4357909999994,4228.205078,4224.102539,4232.436035,4226.410156,4203.205078,4207.179688,4215.769043,4217.307617,4220.128418,4221.922852000001,4213.846191,4232.307617,4218.461426
3949.102539,4234.487305,4226.922852000001,4238.205078,4237.307617,4206.153809,4193.717772999999,4198.077147999999,4218.461426,4228.333496,4226.153809,4210.769043,4241.538574,4223.974121
3956.025635,4227.436035,4221.153809,4233.846191,4236.922852000001,4206.666504,4196.282227000001,4193.717772999999,4225.128418,4232.563965,4223.461426,4202.563965,4234.743652,4215.769043
3961.1538090000004,4225.128418,4212.692383,4227.436035,4232.563965,4223.461426,4205.384765999999,4215.641113000001,4242.307617,4236.410156,4220.256348,4202.563965,4220.0,4208.461426
3957.0512700000004,4213.974121,4203.077147999999,4214.358886999999,4223.974121,4228.205078,4206.282227000001,4226.666504,4234.487305,4224.230957,4208.589844,4196.025879,4206.666504,4198.461426
3949.487061,4193.333496,4193.333496,4202.179688,4213.333496,4210.512695,4208.974121,4219.871582,4215.256348,4204.615234000001,4191.922852000001,4184.230957,4193.974121,4187.94873
3950.897461,4181.794922,4188.333496,4196.794922,4205.256348,4204.871582,4218.846191,4220.256348,4216.025879,4196.153809,4183.333496,4183.717772999999,4179.230957,4188.846191
3951.281982,4174.615234000001,4191.153809,4192.179688,4200.0,4215.897461,4225.769043,4220.128418,4212.436035,4190.512695,4182.820313,4189.230957,4169.871582,4193.974121
3937.6923829999996,4164.615234000001,4195.897461,4189.358886999999,4196.410156,4216.666504,4224.230957,4204.358886999999,4193.717772999999,4182.692383,4178.077147999999,4186.922852000001,4169.102539,4193.205078
3928.205078,4161.153809,4193.461426,4187.436035,4193.974121,4202.820313,4215.512695,4193.846191,4187.179688,4180.384765999999,4171.538574,4183.846191,4175.128418,4191.282227000001
3935.256348,4163.589844,4189.871582,4183.846191,4193.717772999999,4195.128418,4217.179688,4198.846191,4189.230957,4178.333496,4172.563965,4183.333496,4178.846191,4188.205078
3939.102539,4170.0,4191.025879,4185.512695,4196.025879,4198.846191,4223.974121,4196.666504,4184.871582,4179.871582,4177.94873,4183.333496,4180.512695,4187.307617
3947.820557,4181.794922,4198.846191,4196.538574,4202.179688,4195.256348,4215.769043,4198.846191,4194.230957,4192.05127,4185.897461,4190.512695,4197.436035,4200.897461
3974.743652,4198.077147999999,4216.922852000001,4212.179688,4209.102539,4190.897461,4205.641113000001,4229.743652,4220.897461,4208.461426,4199.743652,4205.384765999999,4227.307617,4225.0
3997.820557,4214.871582,4230.256348,4225.384765999999,4213.333496,4198.846191,4202.820313,4234.615234000001,4229.102539,4222.436035,4212.563965,4216.794922,4243.461426,4240.897461
3995.512939,4225.128418,4228.205078,4231.410156,4221.282227000001,4210.769043,4203.461426,4198.846191,4221.282227000001,4233.461426,4217.436035,4218.461426,4245.256348,4245.897461
3976.025635,4221.538574,4220.512695,4225.897461,4225.128418,4216.153809,4210.256348,4190.0,4224.743652,4234.487305,4213.589844,4211.922852000001,4243.333496,4242.436035
3961.4101560000004,4208.333496,4213.333496,4215.512695,4213.333496,4216.666504,4214.102539,4210.641113000001,4233.461426,4228.205078,4203.974121,4201.922852000001,4233.974121,4232.692383
3955.256348,4197.179688,4202.563965,4208.974121,4199.358886999999,4212.179688,4208.589844,4223.333496,4237.820313,4222.436035,4194.871582,4192.563965,4220.128418,4223.589844
3939.487061,4183.589844,4184.487305,4198.717772999999,4194.743652,4200.897461,4202.94873,4219.487305,4225.384765999999,4201.410156,4174.230957,4177.820313,4189.358886999999,4205.384765999999
3924.743652,4178.461426,4177.436035,4192.307617,4196.282227000001,4199.743652,4206.153809,4206.794922,4203.461426,4175.256348,4148.461426,4164.487305,4155.641113000001,4188.077147999999
3933.974365,4184.615234000001,4187.179688,4198.846191,4193.974121,4203.461426,4211.153809,4195.769043,4194.615234000001,4170.128418,4147.05127,4164.358886999999,4152.307617,4195.384765999999
3947.0512700000004,4178.461426,4189.102539,4199.230957,4184.230957,4196.410156,4217.05127,4187.436035,4190.256348,4168.974121,4156.794922,4169.615234000001,4160.769043,4205.769043
3949.8718259999996,4171.025879,4187.179688,4194.871582,4178.974121,4191.025879,4228.333496,4187.94873,4185.384765999999,4165.0,4162.436035,4172.94873,4161.794922,4205.0
3959.615479,4178.461426,4198.974121,4199.871582,4184.743652,4196.410156,4226.410156,4200.384765999999,4191.153809,4174.871582,4174.743652,4180.769043,4173.589844,4214.615234000001
3978.974365,4191.666504,4217.05127,4210.641113000001,4197.692383,4204.615234000001,4206.666504,4199.743652,4202.820313,4198.589844,4197.94873,4197.436035,4202.94873,4234.102539
3993.205078,4202.820313,4228.974121,4218.461426,4203.974121,4204.230957,4207.05127,4200.256348,4216.025879,4218.461426,4217.94873,4210.897461,4231.922852000001,4246.794922
3984.358887,4209.230957,4232.179688,4219.871582,4195.384765999999,4198.077147999999,4226.538574,4218.717772999999,4224.358886999999,4222.94873,4224.487305,4210.641113000001,4243.205078,4252.307617
3958.3332520000004,4216.410156,4233.974121,4223.974121,4197.436035,4202.307617,4225.384765999999,4228.205078,4223.333496,4224.230957,4227.179688,4206.922852000001,4242.307617,4253.077147999999
3930.0,4216.025879,4233.205078,4226.153809,4211.666504,4212.692383,4211.666504,4223.205078,4222.307617,4225.512695,4224.743652,4203.846191,4239.487305,4243.333496
3904.102539,4202.94873,4227.05127,4219.230957,4210.128418,4213.333496,4215.384765999999,4221.538574,4227.94873,4218.077147999999,4214.615234000001,4197.94873,4229.743652,4232.692383
3885.1281740000004,4199.487305,4219.102539,4219.487305,4205.384765999999,4210.0,4215.769043,4217.94873,4230.897461,4211.666504,4209.871582,4190.897461,4215.897461,4227.05127
3866.6667479999996,4206.538574,4206.538574,4222.307617,4210.0,4208.846191,4200.128418,4204.230957,4218.974121,4200.0,4198.333496,4177.692383,4196.538574,4211.666504
3851.794922,4207.820313,4196.538574,4218.974121,4213.205078,4209.615234000001,4202.179688,4197.820313,4207.436035,4184.615234000001,4179.743652,4164.487305,4176.538574,4195.128418
3848.8461909999996,4205.0,4198.589844,4218.461426,4211.153809,4209.358886999999,4222.436035,4196.666504,4205.384765999999,4183.205078,4175.512695,4166.025879,4168.205078,4193.589844
3844.487061,4206.410156,4202.307617,4220.384765999999,4207.563965,4207.05127,4227.563965,4193.333496,4199.487305,4185.512695,4180.384765999999,4174.230957,4167.436035,4198.974121
3819.487061,4202.307617,4202.692383,4215.0,4203.205078,4211.666504,4230.128418,4206.282227000001,4195.256348,4181.153809,4180.641113000001,4176.538574,4166.153809,4205.0
3794.102539,4195.256348,4210.384765999999,4210.384765999999,4199.230957,4212.307617,4235.128418,4222.820313,4200.256348,4181.282227000001,4182.692383,4180.256348,4170.0,4214.358886999999
3795.384521,4202.692383,4222.563965,4218.589844,4202.436035,4205.512695,4217.05127,4204.615234000001,4202.05127,4190.128418,4194.358886999999,4192.820313,4189.102539,4228.974121
3798.5898439999996,4211.794922,4227.436035,4225.512695,4208.333496,4203.717772999999,4194.487305,4172.307617,4197.179688,4196.153809,4206.410156,4201.153809,4202.307617,4240.0
3786.6667479999996,4208.974121,4224.358886999999,4221.666504,4208.077147999999,4203.461426,4201.666504,4178.589844,4199.743652,4197.820313,4208.589844,4198.077147999999,4202.307617,4237.179688
3773.205078,4204.615234000001,4222.307617,4220.769043,4208.077147999999,4204.102539,4215.641113000001,4199.230957,4206.794922,4200.128418,4203.974121,4193.717772999999,4204.871582,4226.794922
3755.384521,4205.769043,4218.974121,4225.384765999999,4213.205078,4211.922852000001,4209.358886999999,4198.846191,4207.179688,4200.769043,4202.05127,4191.410156,4205.256348,4220.384765999999
3722.4357909999994,4203.974121,4208.974121,4221.410156,4214.358886999999,4215.0,4204.487305,4202.692383,4206.153809,4199.230957,4202.692383,4181.666504,4195.256348,4213.077147999999
3682.5642090000006,4195.897461,4197.820313,4209.487305,4206.538574,4200.256348,4210.384765999999,4202.820313,4199.358886999999,4188.333496,4192.563965,4169.743652,4182.436035,4198.589844
3657.5642090000006,4191.282227000001,4192.94873,4205.128418,4197.692383,4187.307617,4210.384765999999,4201.025879,4196.025879,4179.358886999999,4182.436035,4167.307617,4179.358886999999,4188.461426
3650.897461,4197.94873,4198.461426,4212.436035,4199.871582,4195.384765999999,4210.512695,4221.025879,4212.179688,4193.205078,4192.307617,4171.794922,4186.922852000001,4194.230957
3641.4101560000004,4206.666504,4204.230957,4216.025879,4208.974121,4207.563965,4212.94873,4218.846191,4218.461426,4205.384765999999,4201.666504,4175.897461,4193.077147999999,4205.128418
3624.2307130000004,4204.871582,4201.666504,4210.128418,4203.461426,4208.205078,4218.974121,4208.333496,4210.641113000001,4201.025879,4195.256348,4178.077147999999,4191.794922,4207.692383
3618.5898439999996,4200.769043,4202.692383,4209.230957,4190.897461,4205.512695,4233.717772999999,4236.666504,4221.025879,4206.282227000001,4194.487305,4183.333496,4195.769043,4210.512695
3617.9487299999996,4196.794922,4206.794922,4210.256348,4188.717772999999,4202.563965,4230.769043,4232.05127,4221.153809,4207.94873,4196.025879,4185.769043,4197.692383,4213.846191
3617.6923829999996,4199.358886999999,4210.0,4209.871582,4193.974121,4203.333496,4206.666504,4184.487305,4203.205078,4201.922852000001,4192.436035,4186.794922,4196.025879,4218.333496
3622.179443,4210.512695,4214.743652,4216.794922,4194.743652,4207.820313,4197.692383,4183.333496,4205.256348,4210.897461,4201.410156,4196.666504,4203.589844,4229.871582
3619.8718259999996,4213.717772999999,4218.461426,4224.871582,4194.230957,4200.512695,4202.94873,4198.846191,4211.666504,4214.871582,4209.871582,4202.307617,4208.589844,4233.461426
3611.538574,4208.974121,4216.153809,4225.512695,4200.769043,4190.641113000001,4197.94873,4181.025879,4203.846191,4204.743652,4203.205078,4196.153809,4205.256348,4225.128418
3600.0,4203.077147999999,4206.922852000001,4217.94873,4205.897461,4194.102539,4183.461426,4178.974121,4201.666504,4200.256348,4196.025879,4187.307617,4200.512695,4216.922852000001
3581.6667479999996,4192.307617,4195.256348,4206.282227000001,4206.282227000001,4204.615234000001,4185.769043,4195.384765999999,4198.461426,4193.333496,4189.230957,4178.846191,4194.230957,4209.487305
3566.6667479999996,4177.820313,4183.717772999999,4196.794922,4200.128418,4208.077147999999,4202.94873,4198.974121,4188.974121,4180.128418,4176.282227000001,4170.0,4186.666504,4197.563965
3563.3332520000004,4171.794922,4177.179688,4192.307617,4197.692383,4204.871582,4204.102539,4198.333496,4189.487305,4178.461426,4169.358886999999,4166.410156,4179.487305,4187.307617
3564.358887,4174.102539,4179.615234000001,4193.077147999999,4203.717772999999,4204.102539,4203.205078,4203.077147999999,4197.307617,4185.384765999999,4176.282227000001,4165.769043,4174.102539,4184.871582
3568.3332520000004,4175.897461,4187.94873,4198.077147999999,4197.563965,4205.0,4219.871582,4218.077147999999,4209.102539,4194.230957,4186.410156,4167.05127,4178.461426,4191.153809
3576.6667479999996,4185.128418,4198.589844,4207.05127,4188.205078,4204.615234000001,4237.692383,4232.179688,4221.538574,4209.615234000001,4195.0,4179.102539,4194.871582,4202.05127
3578.461426,4194.615234000001,4204.230957,4212.94873,4195.384765999999,4204.358886999999,4233.846191,4219.871582,4216.025879,4210.897461,4194.615234000001,4185.641113000001,4197.436035,4202.307617
3575.1281740000004,4193.717772999999,4200.769043,4209.615234000001,4200.769043,4203.333496,4212.436035,4199.102539,4200.256348,4194.102539,4185.384765999999,4177.820313,4182.436035,4196.538574
3576.4101560000004,4195.641113000001,4197.692383,4208.077147999999,4193.333496,4197.436035,4200.128418,4203.717772999999,4196.666504,4191.025879,4186.025879,4177.820313,4181.794922,4201.922852000001
3580.641113,4204.102539,4196.410156,4210.512695,4192.563965,4188.717772999999,4195.256348,4199.102539,4190.384765999999,4197.05127,4192.820313,4184.871582,4192.692383,4209.230957
3581.281982,4207.692383,4193.717772999999,4214.102539,4199.230957,4191.025879,4182.94873,4169.615234000001,4181.282227000001,4196.153809,4194.615234000001,4183.077147999999,4192.692383,4209.743652
3575.897461,4207.307617,4192.436035,4216.410156,4205.384765999999,4202.179688,4171.410156,4160.769043,4191.282227000001,4197.820313,4195.897461,4178.589844,4191.538574,4208.333496
3571.794922,4204.230957,4190.256348,4211.922852000001,4209.102539,4205.897461,4183.205078,4180.897461,4205.128418,4202.179688,4197.307617,4181.410156,4195.769043,4206.666504
3575.256348,4197.307617,4191.410156,4210.256348,4209.487305,4211.538574,4208.333496,4204.358886999999,4208.077147999999,4203.205078,4197.179688,4184.743652,4195.0,4205.256348
3568.461426,4184.615234000001,4188.333496,4205.769043,4202.563965,4218.205078,4217.692383,4213.205078,4202.820313,4197.692383,4190.769043,4179.487305,4181.794922,4200.897461
3555.384521,4173.461426,4179.358886999999,4193.974121,4191.025879,4206.282227000001,4217.436035,4213.974121,4197.94873,4191.538574,4183.846191,4173.205078,4171.410156,4193.461426
3562.3076170000004,4177.05127,4181.922852000001,4193.717772999999,4192.820313,4200.641113000001,4225.512695,4218.974121,4201.410156,4194.871582,4187.307617,4178.974121,4177.179688,4192.436035
3572.4357909999994,4180.641113000001,4186.410156,4199.615234000001,4197.179688,4209.871582,4225.384765999999,4210.897461,4199.230957,4192.05127,4187.05127,4182.179688,4175.769043,4191.538574
3569.358887,4176.025879,4183.717772999999,4197.692383,4192.05127,4203.205078,4205.769043,4200.0,4191.922852000001,4184.871582,4183.717772999999,4174.487305,4168.077147999999,4189.871582
3573.076904,4180.384765999999,4189.230957,4200.128418,4185.897461,4185.897461,4203.461426,4203.333496,4195.256348,4191.794922,4191.538574,4177.563965,4180.128418,4197.436035
3587.0512700000004,4191.025879,4201.025879,4207.692383,4183.974121,4183.333496,4219.615234000001,4215.384765999999,4210.512695,4203.717772999999,4199.615234000001,4190.128418,4194.743652,4204.102539
3595.897461,4198.717772999999,4203.974121,4213.717772999999,4191.794922,4191.282227000001,4207.563965,4217.307617,4218.717772999999,4210.384765999999,4202.692383,4190.256348,4196.153809,4204.743652
3594.743652,4199.487305,4197.820313,4216.666504,4200.128418,4193.461426,4174.871582,4186.410156,4203.717772999999,4210.256348,4203.333496,4181.922852000001,4195.128418,4204.230957
3589.615479,4194.615234000001,4189.487305,4212.692383,4204.487305,4201.922852000001,4175.769043,4154.230957,4192.820313,4200.128418,4198.205078,4177.563965,4193.077147999999,4196.153809
3581.025635,4185.384765999999,4180.0,4203.077147999999,4209.487305,4216.153809,4202.563965,4168.461426,4201.282227000001,4185.128418,4182.820313,4168.589844,4178.077147999999,4180.512695
3568.718018,4170.897461,4169.358886999999,4193.077147999999,4204.487305,4215.0,4213.077147999999,4197.820313,4202.179688,4173.589844,4164.487305,4151.282227000001,4155.384765999999,4166.794922
3573.718018,4168.205078,4171.666504,4191.666504,4193.333496,4212.820313,4211.666504,4194.871582,4200.641113000001,4178.717772999999,4167.820313,4152.563965,4156.153809,4172.436035
3597.3076170000004,4180.641113000001,4188.717772999999,4198.846191,4197.307617,4215.256348,4214.615234000001,4196.025879,4211.282227000001,4195.256348,4189.487305,4175.384765999999,4176.794922,4192.692383
3607.820557,4183.333496,4198.077147999999,4205.512695,4206.922852000001,4208.205078,4225.641113000001,4221.410156,4214.871582,4197.94873,4191.666504,4184.102539,4180.128418,4198.717772999999
3605.256348,4178.461426,4195.384765999999,4207.307617,4201.666504,4201.666504,4225.512695,4220.128418,4200.641113000001,4185.512695,4175.897461,4173.717772999999,4166.282227000001,4187.179688
3613.076904,4183.717772999999,4196.153809,4207.179688,4197.94873,4204.358886999999,4205.512695,4198.333496,4186.282227000001,4178.846191,4173.974121,4172.563965,4164.230957,4182.820313
3627.179443,4192.692383,4205.897461,4211.153809,4206.410156,4201.538574,4196.025879,4195.512695,4186.922852000001,4185.897461,4184.230957,4181.922852000001,4176.410156,4194.102539
3634.615479,4193.077147999999,4212.307617,4213.846191,4209.615234000001,4196.794922,4206.153809,4208.589844,4196.538574,4190.512695,4191.538574,4183.974121,4181.282227000001,4202.05127
3636.794922,4192.05127,4208.717772999999,4212.692383,4208.333496,4201.538574,4204.102539,4191.538574,4189.743652,4182.820313,4191.794922,4179.487305,4177.94873,4197.05127
3637.0512700000004,4195.256348,4205.384765999999,4213.717772999999,4208.974121,4197.436035,4187.692383,4159.871582,4177.94873,4182.179688,4187.307617,4179.358886999999,4181.025879,4195.256348
3636.025635,4194.358886999999,4203.717772999999,4212.307617,4204.102539,4186.538574,4182.05127,4156.410156,4184.743652,4187.436035,4182.563965,4178.717772999999,4181.666504,4197.692383
3633.718018,4185.128418,4195.512695,4203.589844,4197.307617,4197.307617,4194.358886999999,4167.436035,4190.641113000001,4182.05127,4175.512695,4169.358886999999,4173.333496,4188.205078
3626.794922,4173.205078,4182.179688,4195.128418,4192.179688,4205.512695,4202.820313,4170.897461,4184.102539,4174.743652,4164.230957,4156.666504,4171.025879,4170.128418
3624.358887,4172.307617,4174.230957,4193.589844,4190.641113000001,4191.922852000001,4192.692383,4169.358886999999,4182.94873,4180.128418,4162.307617,4160.0,4181.794922,4169.230957
3631.025635,4178.461426,4176.153809,4196.666504,4198.589844,4194.487305,4191.153809,4176.666504,4190.512695,4187.05127,4171.538574,4170.512695,4187.94873,4179.615234000001
3634.2307130000004,4174.358886999999,4178.846191,4194.871582,4201.153809,4207.05127,4202.05127,4192.05127,4197.692383,4183.974121,4172.692383,4171.922852000001,4183.077147999999,4178.461426
3637.9487299999996,4172.692383,4181.282227000001,4193.589844,4194.102539,4197.436035,4199.871582,4206.922852000001,4207.820313,4186.922852000001,4172.94873,4178.974121,4188.333496,4177.563965
3653.461426,4180.256348,4189.102539,4200.256348,4194.615234000001,4191.153809,4191.282227000001,4210.256348,4213.205078,4199.743652,4184.358886999999,4192.179688,4201.153809,4186.410156
3663.974365,4178.461426,4195.641113000001,4203.077147999999,4197.820313,4200.512695,4196.922852000001,4207.563965,4206.153809,4198.974121,4185.128418,4192.692383,4197.05127,4190.897461
3665.7692869999996,4176.538574,4195.641113000001,4199.871582,4196.794922,4197.179688,4199.871582,4205.897461,4195.0,4185.0,4173.846191,4185.641113000001,4181.922852000001,4186.666504
3674.2307130000004,4188.333496,4195.0,4201.153809,4198.461426,4179.871582,4178.205078,4185.128418,4178.461426,4176.153809,4166.922852000001,4183.589844,4177.820313,4181.282227000001
3682.6923829999996,4195.256348,4197.692383,4208.846191,4200.0,4179.102539,4171.538574,4167.692383,4165.128418,4172.692383,4161.922852000001,4179.487305,4180.897461,4178.333496
3680.384521,4190.641113000001,4196.410156,4211.410156,4195.769043,4193.077147999999,4197.563965,4177.820313,4170.256348,4170.384765999999,4156.794922,4174.230957,4174.358886999999,4181.025879
3679.487061,4188.205078,4190.897461,4206.153809,4195.256348,4196.666504,4205.641113000001,4180.769043,4178.333496,4173.717772999999,4154.358886999999,4177.05127,4163.333496,4183.974121
3687.6923829999996,4188.974121,4188.333496,4204.743652,4201.666504,4197.563965,4189.615234000001,4169.230957,4183.589844,4183.205078,4156.666504,4181.282227000001,4165.128418,4179.358886999999
3689.487061,4182.307617,4184.871582,4201.153809,4198.974121,4207.05127,4193.974121,4178.333496,4197.307617,4189.615234000001,4158.333496,4180.641113000001,4172.05127,4177.563965
3685.256348,4174.743652,4181.153809,4193.077147999999,4191.666504,4214.230957,4213.846191,4201.666504,4208.333496,4193.846191,4159.743652,4180.769043,4172.307617,4184.871582
3693.8461909999996,4177.436035,4186.153809,4198.461426,4196.282227000001,4214.743652,4216.025879,4215.512695,4211.922852000001,4203.333496,4166.153809,4184.871582,4177.563965,4194.230957
3708.718018,4182.692383,4194.615234000001,4207.692383,4200.0,4215.256348,4212.05127,4221.794922,4216.153809,4210.256348,4174.358886999999,4188.589844,4188.205078,4201.025879
3711.6667479999996,4181.282227000001,4195.256348,4201.666504,4196.794922,4220.256348,4214.230957,4226.922852000001,4214.871582,4208.205078,4181.538574,4186.666504,4191.282227000001,4205.256348
3705.512939,4172.436035,4188.333496,4189.743652,4192.179688,4216.025879,4210.641113000001,4210.641113000001,4195.384765999999,4193.717772999999,4179.871582,4179.871582,4185.0,4205.384765999999
3714.743652,4174.230957,4188.205078,4192.820313,4186.922852000001,4195.128418,4200.897461,4194.871582,4184.230957,4185.769043,4178.589844,4182.307617,4184.230957,4207.94873
3736.281982,4191.794922,4201.538574,4207.307617,4186.410156,4186.538574,4192.820313,4209.230957,4196.794922,4196.025879,4188.205078,4192.436035,4195.512695,4216.025879
3741.794922,4197.563965,4206.538574,4210.384765999999,4193.589844,4198.974121,4180.512695,4199.358886999999,4190.641113000001,4195.897461,4192.179688,4190.0,4196.282227000001,4214.230957
3736.538574,4191.794922,4198.717772999999,4206.666504,4203.461426,4205.0,4173.846191,4166.538574,4175.769043,4188.205078,4188.589844,4181.538574,4188.589844,4208.461426
3735.384521,4192.307617,4193.717772999999,4203.717772999999,4197.820313,4196.538574,4186.282227000001,4166.538574,4186.922852000001,4194.358886999999,4185.256348,4176.538574,4187.820313,4204.615234000001
3735.256348,4190.512695,4188.974121,4197.820313,4181.922852000001,4194.230957,4201.025879,4186.153809,4200.128418,4196.666504,4176.282227000001,4173.077147999999,4185.512695,4195.512695
3736.4101560000004,4183.205078,4181.794922,4195.384765999999,4182.307617,4201.794922,4202.94873,4195.769043,4197.820313,4184.871582,4165.384765999999,4167.563965,4176.922852000001,4184.615234000001
3737.0512700000004,4178.974121,4176.794922,4195.512695,4189.743652,4200.384765999999,4199.230957,4195.641113000001,4189.871582,4177.436035,4163.717772999999,4161.025879,4170.0,4178.333496
3740.641113,4180.384765999999,4181.282227000001,4194.743652,4190.512695,4196.922852000001,4204.102539,4192.05127,4188.077147999999,4181.922852000001,4172.05127,4164.615234000001,4177.436035,4182.307617
3754.2307130000004,4181.282227000001,4192.94873,4197.563965,4191.538574,4200.128418,4217.563965,4200.0,4197.820313,4192.307617,4184.102539,4179.102539,4194.871582,4195.384765999999
3766.6667479999996,4176.666504,4195.256348,4201.538574,4190.897461,4198.717772999999,4221.922852000001,4213.333496,4204.487305,4195.512695,4191.410156,4187.436035,4202.05127,4200.641113000001
3767.6923829999996,4173.333496,4192.307617,4200.256348,4188.717772999999,4197.563965,4216.153809,4205.641113000001,4197.307617,4191.794922,4192.692383,4183.333496,4203.205078,4194.102539
3768.718018,4172.563965,4194.102539,4196.922852000001,4189.230957,4203.846191,4208.717772999999,4192.05127,4190.128418,4190.769043,4190.0,4180.0,4207.436035,4191.922852000001
3780.256348,4178.333496,4199.871582,4202.436035,4192.692383,4206.922852000001,4200.256348,4188.461426,4192.179688,4192.94873,4191.025879,4184.743652,4214.615234000001,4202.05127
3794.358887,4191.153809,4207.563965,4212.94873,4201.153809,4199.743652,4186.025879,4182.05127,4195.0,4198.333496,4201.922852000001,4190.384765999999,4227.179688,4211.410156
3796.794922,4191.666504,4209.487305,4213.717772999999,4203.333496,4193.461426,4177.05127,4167.94873,4187.179688,4195.256348,4205.769043,4189.102539,4231.794922,4206.794922
3792.0512700000004,4182.820313,4204.615234000001,4208.077147999999,4197.436035,4192.179688,4188.077147999999,4169.487305,4181.794922,4187.436035,4200.256348,4183.846191,4221.666504,4196.538574
3789.8718259999996,4179.487305,4199.230957,4201.282227000001,4192.05127,4191.666504,4201.153809,4198.205078,4192.820313,4190.128418,4198.589844,4180.128418,4211.410156,4195.128418
3789.487061,4179.743652,4194.230957,4196.410156,4188.974121,4201.153809,4200.769043,4213.461426,4199.871582,4196.282227000001,4196.410156,4176.282227000001,4210.641113000001,4193.717772999999
3789.358887,4177.179688,4188.205078,4196.794922,4191.794922,4212.179688,4204.358886999999,4197.436035,4191.922852000001,4191.282227000001,4187.307617,4169.871582,4205.384765999999,4183.461426
3791.4101560000004,4172.307617,4184.230957,4195.256348,4191.666504,4204.871582,4215.0,4193.461426,4190.256348,4183.717772999999,4176.538574,4162.94873,4193.846191,4175.897461
3797.5642090000006,4173.333496,4187.692383,4193.205078,4189.358886999999,4203.461426,4222.307617,4214.358886999999,4204.615234000001,4192.820313,4177.820313,4164.743652,4197.94873,4182.820313
3803.718018,4175.512695,4191.410156,4197.05127,4191.410156,4213.461426,4216.922852000001,4216.922852000001,4213.333496,4201.538574,4185.512695,4172.94873,4208.974121,4189.230957
3803.8461909999996,4174.230957,4192.692383,4198.077147999999,4190.641113000001,4207.94873,4215.256348,4219.615234000001,4211.410156,4195.769043,4186.025879,4171.922852000001,4207.05127,4184.615234000001
3805.7692869999996,4174.871582,4197.179688,4196.794922,4188.717772999999,4203.846191,4225.128418,4236.025879,4208.461426,4195.641113000001,4187.563965,4169.615234000001,4209.615234000001,4183.205078
3814.8718259999996,4173.077147999999,4200.641113000001,4198.589844,4192.05127,4213.205078,4215.256348,4217.820313,4200.128418,4201.666504,4195.0,4177.436035,4220.641113000001,4192.179688
3822.4357909999994,4166.282227000001,4198.461426,4197.692383,4196.282227000001,4210.0,4188.077147999999,4185.641113000001,4194.102539,4201.025879,4197.94873,4180.128418,4223.974121,4201.153809
3818.974365,4162.179688,4194.871582,4190.641113000001,4189.871582,4194.358886999999,4181.025879,4185.769043,4195.769043,4198.717772999999,4195.897461,4174.230957,4222.692383,4201.025879
3816.6667479999996,4162.179688,4194.615234000001,4185.512695,4180.384765999999,4192.307617,4193.333496,4186.794922,4190.384765999999,4196.282227000001,4194.615234000001,4172.94873,4228.333496,4196.794922
3831.281982,4167.563965,4200.0,4193.205078,4183.717772999999,4203.974121,4198.589844,4168.717772999999,4185.641113000001,4195.512695,4196.666504,4176.153809,4238.846191,4199.743652
3845.1281740000004,4175.769043,4203.589844,4202.820313,4188.333496,4201.666504,4193.205078,4169.871582,4193.333496,4195.769043,4196.282227000001,4175.897461,4241.538574,4204.615234000001
3844.487061,4178.077147999999,4200.641113000001,4199.871582,4185.897461,4193.974121,4196.410156,4189.487305,4198.333496,4189.871582,4189.102539,4170.769043,4231.025879,4200.384765999999
3841.025635,4175.256348,4192.436035,4194.743652,4186.666504,4203.717772999999,4207.820313,4199.871582,4195.769043,4179.615234000001,4181.666504,4165.641113000001,4221.922852000001,4192.563965
3840.1281740000004,4173.333496,4185.769043,4196.794922,4187.436035,4210.128418,4211.410156,4207.179688,4191.282227000001,4173.077147999999,4176.282227000001,4162.563965,4217.436035,4188.846191
3846.1538090000004,4180.0,4191.538574,4204.102539,4189.615234000001,4202.436035,4208.846191,4220.641113000001,4193.846191,4179.358886999999,4175.641113000001,4162.307617,4214.230957,4193.205078
3855.256348,4183.846191,4200.897461,4204.487305,4197.179688,4206.025879,4212.179688,4216.410156,4200.512695,4185.512695,4177.692383,4159.871582,4212.692383,4194.487305
3855.0,4176.794922,4193.717772999999,4196.410156,4197.436035,4218.846191,4217.563965,4199.743652,4197.307617,4181.025879,4175.897461,4158.974121,4212.820313,4188.077147999999
3855.0,4177.94873,4186.025879,4196.282227000001,4192.692383,4212.820313,4210.641113000001,4206.025879,4193.846191,4184.871582,4181.153809,4167.563965,4221.153809,4193.589844
3869.358887,4192.436035,4194.743652,4204.358886999999,4196.025879,4198.589844,4193.974121,4213.974121,4202.436035,4198.589844,4199.102539,4179.871582,4239.102539,4208.974121
3885.7692869999996,4201.538574,4207.05127,4211.922852000001,4202.436035,4203.974121,4190.769043,4207.563965,4215.0,4206.794922,4216.922852000001,4189.487305,4251.153809,4219.102539
3890.384521,4197.820313,4208.717772999999,4214.358886999999,4206.538574,4215.641113000001,4202.820313,4204.102539,4210.897461,4208.077147999999,4219.358886999999,4191.282227000001,4248.077147999999,4218.846191
3890.256348,4190.384765999999,4204.230957,4211.666504,4207.307617,4213.205078,4205.128418,4206.153809,4202.436035,4205.897461,4211.153809,4183.205078,4242.563965,4210.128418
3891.025635,4188.717772999999,4203.333496,4210.384765999999,4202.436035,4205.384765999999,4195.641113000001,4214.487305,4213.077147999999,4206.025879,4210.512695,4178.077147999999,4244.487305,4206.538574
3891.1538090000004,4192.179688,4202.05127,4210.769043,4197.820313,4202.820313,4194.102539,4214.230957,4221.153809,4210.641113000001,4213.333496,4180.641113000001,4249.487305,4211.153809
3889.358887,4191.794922,4196.666504,4207.94873,4201.153809,4205.0,4202.307617,4191.282227000001,4204.871582,4207.563965,4205.256348,4176.282227000001,4247.692383,4206.282227000001
3887.0512700000004,4182.820313,4190.256348,4202.820313,4202.820313,4206.666504,4211.282227000001,4179.615234000001,4189.743652,4194.615234000001,4191.794922,4165.897461,4228.077147999999,4195.0
3892.9487299999996,4177.563965,4189.615234000001,4201.794922,4196.794922,4203.717772999999,4216.666504,4202.436035,4197.692383,4191.794922,4190.384765999999,4163.461426,4213.846191,4195.128418
3902.9487299999996,4182.436035,4193.717772999999,4202.179688,4194.871582,4205.897461,4222.05127,4218.589844,4206.922852000001,4199.358886999999,4198.333496,4162.307617,4226.538574,4198.589844
3903.205078,4181.794922,4190.897461,4196.282227000001,4196.666504,4212.179688,4217.179688,4210.641113000001,4201.025879,4196.666504,4197.05127,4158.205078,4237.05127,4194.102539
3907.4357909999994,4181.538574,4193.717772999999,4201.025879,4201.153809,4209.743652,4206.410156,4208.974121,4199.615234000001,4194.358886999999,4195.641113000001,4163.846191,4235.769043,4196.410156
3922.820557,4192.436035,4204.230957,4215.384765999999,4207.692383,4207.563965,4216.153809,4216.922852000001,4208.589844,4204.102539,4200.897461,4169.615234000001,4238.461426,4204.743652
3926.794922,4190.256348,4202.820313,4212.563965,4207.692383,4209.487305,4220.897461,4220.256348,4209.230957,4205.512695,4200.256348,4167.05127,4231.538574,4204.102539
3925.0,4178.589844,4201.282227000001,4204.871582,4206.666504,4210.641113000001,4197.94873,4213.589844,4205.897461,4202.179688,4201.794922,4175.128418,4221.153809,4206.025879
3931.538574,4183.333496,4208.461426,4212.307617,4206.282227000001,4207.94873,4185.128418,4202.563965,4206.794922,4207.179688,4209.487305,4187.563965,4220.128418,4214.358886999999
3935.512939,4193.461426,4207.94873,4216.025879,4204.615234000001,4200.512695,4194.230957,4198.461426,4206.410156,4209.230957,4207.692383,4182.563965,4205.897461,4210.384765999999
3937.4357909999994,4188.974121,4204.358886999999,4210.256348,4202.94873,4196.666504,4196.922852000001,4198.333496,4205.641113000001,4204.358886999999,4199.615234000001,4173.717772999999,4187.94873,4200.897461
3938.076904,4179.871582,4204.358886999999,4208.461426,4198.717772999999,4200.384765999999,4197.563965,4187.563965,4203.846191,4194.615234000001,4191.922852000001,4169.871582,4189.615234000001,4196.025879
3926.025635,4172.307617,4192.820313,4203.717772999999,4194.102539,4209.871582,4212.307617,4177.05127,4195.0,4178.333496,4178.333496,4160.256348,4190.512695,4184.871582
3918.076904,4167.179688,4180.384765999999,4196.153809,4193.846191,4215.128418,4219.487305,4187.563965,4190.256348,4173.333496,4169.871582,4156.153809,4188.717772999999,4174.871582
3933.974365,4173.846191,4190.128418,4202.307617,4198.461426,4217.179688,4222.692383,4206.922852000001,4202.307617,4190.641113000001,4176.794922,4166.666504,4207.94873,4182.94873
3949.358887,4182.820313,4201.153809,4211.666504,4204.358886999999,4223.333496,4233.974121,4216.410156,4210.769043,4202.563965,4183.333496,4171.794922,4228.333496,4193.333496
3949.8718259999996,4185.512695,4200.512695,4208.589844,4208.589844,4216.794922,4224.102539,4218.205078,4206.282227000001,4199.358886999999,4185.641113000001,4172.307617,4228.077147999999,4192.307617
3956.794922,4192.563965,4213.205078,4212.179688,4211.794922,4206.538574,4215.256348,4225.897461,4213.461426,4209.102539,4195.769043,4180.641113000001,4231.153809,4196.410156
3965.256348,4196.666504,4233.077147999999,4220.0,4212.820313,4212.692383,4229.487305,4228.846191,4220.256348,4217.820313,4199.230957,4183.077147999999,4232.179688,4199.230957
3963.974365,4193.205078,4234.871582,4215.0,4210.769043,4215.128418,4223.461426,4208.333496,4206.153809,4207.307617,4193.205078,4181.025879,4220.641113000001,4193.205078
3970.0,4199.871582,4234.871582,4219.102539,4213.461426,4207.307617,4203.333496,4191.282227000001,4204.615234000001,4208.333496,4202.436035,4188.333496,4227.692383,4199.358886999999
3975.641113,4201.025879,4241.538574,4226.794922,4213.461426,4205.384765999999,4205.897461,4191.922852000001,4215.0,4219.102539,4207.179688,4191.922852000001,4238.846191,4206.410156
3972.6923829999996,4189.102539,4240.384765999999,4219.358886999999,4209.358886999999,4206.922852000001,4210.384765999999,4194.230957,4208.974121,4215.769043,4195.512695,4186.025879,4232.307617,4200.897461
3975.512939,4189.487305,4236.666504,4213.461426,4210.384765999999,4202.94873,4194.743652,4192.05127,4205.256348,4212.820313,4195.897461,4186.282227000001,4231.922852000001,4201.666504
3974.743652,4191.282227000001,4229.871582,4210.512695,4205.128418,4196.282227000001,4191.410156,4194.358886999999,4207.692383,4207.307617,4196.410156,4185.769043,4232.94873,4201.922852000001
3968.3332520000004,4183.974121,4220.769043,4203.846191,4195.0,4195.512695,4208.846191,4205.128418,4200.256348,4196.794922,4185.256348,4174.102539,4224.743652,4188.717772999999
3972.0512700000004,4182.94873,4222.692383,4204.102539,4194.230957,4201.410156,4214.358886999999,4206.025879,4192.436035,4193.846191,4184.102539,4164.743652,4222.820313,4184.358886999999
3981.1538090000004,4191.153809,4229.487305,4209.871582,4202.563965,4208.589844,4211.153809,4199.102539,4196.922852000001,4196.538574,4190.256348,4168.077147999999,4227.94873,4195.769043
3981.1538090000004,4193.461426,4227.179688,4207.436035,4205.512695,4203.974121,4216.282227000001,4198.589844,4198.717772999999,4193.846191,4184.102539,4176.538574,4225.128418,4194.615234000001
3979.8718259999996,4187.436035,4221.153809,4203.461426,4199.615234000001,4196.538574,4218.974121,4195.641113000001,4189.871582,4187.94873,4176.666504,4178.077147999999,4222.05127,4181.666504
3991.1538090000004,4191.025879,4230.0,4213.589844,4199.230957,4203.974121,4222.94873,4203.205078,4200.641113000001,4202.436035,4187.307617,4182.436035,4233.846191,4190.641113000001
3998.461426,4198.333496,4240.256348,4218.846191,4201.666504,4209.487305,4234.230957,4227.563965,4219.871582,4218.974121,4194.743652,4188.333496,4241.025879,4204.487305
3988.974365,4199.230957,4236.282227000001,4211.538574,4205.128418,4200.897461,4222.692383,4223.077147999999,4207.179688,4207.563965,4182.94873,4180.897461,4234.358886999999,4194.358886999999
3986.1538090000004,4203.077147999999,4231.025879,4213.205078,4211.282227000001,4194.615234000001,4193.333496,4195.512695,4191.153809,4195.512695,4174.871582,4172.692383,4232.820313,4186.282227000001
3996.923096,4205.0,4231.025879,4218.461426,4205.0,4195.0,4190.0,4198.846191,4207.436035,4202.820313,4176.410156,4173.717772999999,4233.589844,4193.333496
3999.8718259999996,4202.563965,4230.512695,4213.846191,4198.461426,4196.282227000001,4196.282227000001,4210.0,4221.153809,4207.692383,4173.589844,4175.769043,4231.153809,4196.666504
3995.256348,4200.769043,4225.769043,4209.743652,4202.94873,4194.358886999999,4181.410156,4192.307617,4207.307617,4200.0,4167.05127,4171.922852000001,4216.282227000001,4196.282227000001
3997.5642090000006,4191.025879,4219.102539,4206.025879,4197.820313,4195.0,4181.666504,4185.769043,4195.897461,4194.102539,4161.410156,4164.743652,4188.461426,4195.769043
4000.0,4177.94873,4216.794922,4196.922852000001,4190.512695,4204.358886999999,4205.512695,4198.717772999999,4195.897461,4189.615234000001,4156.410156,4160.384765999999,4179.487305,4190.769043
3998.461426,4174.102539,4217.05127,4193.461426,4191.922852000001,4207.692383,4209.487305,4189.871582,4185.384765999999,4181.666504,4154.743652,4162.307617,4192.307617,4189.743652
4003.076904,4171.666504,4217.692383,4196.153809,4184.615234000001,4200.512695,4206.538574,4187.436035,4176.538574,4179.358886999999,4159.358886999999,4170.128418,4200.0,4200.128418
4013.205078,4169.102539,4220.512695,4196.282227000001,4175.384765999999,4194.743652,4212.307617,4203.717772999999,4179.230957,4183.589844,4167.307617,4174.358886999999,4204.743652,4209.743652
4022.9487299999996,4178.333496,4227.05127,4199.358886999999,4181.410156,4194.358886999999,4208.461426,4203.461426,4186.153809,4189.743652,4177.05127,4176.794922,4213.717772999999,4215.128418
4031.6667479999996,4190.512695,4233.589844,4209.871582,4187.05127,4198.461426,4208.461426,4190.897461,4189.743652,4193.589844,4186.538574,4181.153809,4217.179688,4220.769043
4033.461426,4192.820313,4234.230957,4214.871582,4185.384765999999,4203.974121,4212.820313,4181.794922,4184.871582,4192.05127,4188.333496,4179.743652,4217.179688,4222.05127
4031.025635,4192.307617,4231.538574,4209.102539,4189.743652,4203.333496,4203.333496,4181.410156,4189.358886999999,4192.820313,4186.794922,4172.436035,4220.128418,4217.692383
4037.3076170000004,4195.128418,4231.922852000001,4207.820313,4191.794922,4189.871582,4186.025879,4191.922852000001,4210.0,4204.102539,4191.794922,4171.153809,4226.025879,4215.769043
4046.923096,4190.128418,4231.025879,4209.871582,4182.692383,4178.846191,4183.077147999999,4210.256348,4225.512695,4212.436035,4195.769043,4177.94873,4230.641113000001,4217.692383
4047.3076170000004,4184.871582,4228.205078,4208.333496,4183.461426,4191.794922,4201.666504,4210.641113000001,4222.307617,4208.974121,4192.563965,4176.922852000001,4228.717772999999,4215.897461
4040.641113,4187.94873,4224.487305,4204.358886999999,4193.205078,4206.794922,4205.897461,4190.128418,4215.128418,4206.153809,4190.0,4169.871582,4225.128418,4206.410156
4037.3076170000004,4185.0,4216.794922,4197.94873,4189.615234000001,4204.871582,4188.589844,4188.461426,4219.230957,4207.179688,4190.769043,4167.94873,4222.436035,4198.589844
4042.6923829999996,4175.384765999999,4215.512695,4195.384765999999,4182.436035,4206.666504,4195.256348,4213.846191,4227.179688,4208.589844,4194.358886999999,4170.769043,4223.846191,4203.077147999999
4052.5642090000006,4173.205078,4222.179688,4198.589844,4181.153809,4214.487305,4223.077147999999,4221.666504,4221.410156,4208.077147999999,4196.410156,4174.615234000001,4227.05127,4211.666504
4056.6667479999996,4178.461426,4219.615234000001,4201.153809,4181.922852000001,4217.692383,4225.384765999999,4202.94873,4204.358886999999,4202.563965,4193.461426,4173.333496,4224.358886999999,4209.102539
4058.974365,4180.0,4215.256348,4200.128418,4186.410156,4217.94873,4208.846191,4209.102539,4204.102539,4199.743652,4195.0,4171.922852000001,4222.692383,4207.307617
4071.1538090000004,4181.538574,4226.410156,4204.102539,4191.410156,4215.641113000001,4211.410156,4230.256348,4211.282227000001,4204.615234000001,4203.846191,4177.436035,4231.794922,4216.410156
4082.6923829999996,4189.487305,4239.230957,4213.077147999999,4193.205078,4208.077147999999,4215.897461,4228.333496,4206.282227000001,4205.897461,4210.897461,4183.461426,4239.615234000001,4222.307617
4083.974365,4196.025879,4237.563965,4218.333496,4193.205078,4196.282227000001,4199.358886999999,4212.05127,4203.461426,4200.897461,4212.692383,4187.307617,4241.153809,4224.871582
4085.897461,4198.974121,4235.256348,4223.333496,4199.615234000001,4196.410156,4186.538574,4193.333496,4204.871582,4204.615234000001,4216.025879,4190.512695,4245.512695,4232.94873
4092.820557,4200.641113000001,4241.153809,4226.025879,4205.897461,4208.333496,4195.769043,4193.846191,4210.512695,4218.333496,4221.794922,4191.538574,4251.410156,4237.563965
4098.333496,4201.794922,4242.820313,4222.179688,4201.922852000001,4210.641113000001,4205.128418,4217.692383,4227.179688,4227.94873,4223.717772999999,4193.461426,4256.025879,4234.358886999999
4092.5642090000006,4193.589844,4235.0,4213.333496,4193.461426,4198.589844,4204.230957,4217.563965,4231.282227000001,4221.666504,4218.077147999999,4191.025879,4251.538574,4226.538574
4073.3332520000004,4173.717772999999,4221.282227000001,4200.256348,4186.410156,4191.410156,4206.153809,4186.922852000001,4208.461426,4203.077147999999,4204.487305,4177.179688,4230.769043,4211.282227000001
4068.461426,4167.563965,4215.769043,4193.717772999999,4186.666504,4200.0,4206.538574,4187.820313,4203.205078,4199.743652,4201.025879,4172.94873,4221.538574,4203.077147999999
4083.205078,4177.05127,4220.384765999999,4195.128418,4190.769043,4207.563965,4206.025879,4218.205078,4224.615234000001,4211.794922,4207.563965,4184.615234000001,4231.538574,4210.897461
4087.0512700000004,4176.538574,4219.871582,4191.025879,4189.487305,4207.179688,4213.846191,4216.922852000001,4218.974121,4206.794922,4201.922852000001,4184.358886999999,4229.743652,4212.436035
4085.384521,4174.230957,4219.615234000001,4191.922852000001,4189.487305,4209.230957,4219.743652,4204.743652,4203.846191,4198.589844,4197.820313,4175.641113000001,4224.487305,4209.871582
4091.4101560000004,4180.641113000001,4224.743652,4202.307617,4195.128418,4213.846191,4218.333496,4215.0,4211.282227000001,4204.743652,4203.846191,4178.205078,4231.282227000001,4214.743652
4091.025635,4186.025879,4226.794922,4206.922852000001,4198.205078,4211.538574,4211.282227000001,4218.589844,4214.743652,4204.230957,4203.974121,4179.230957,4235.512695,4212.820313
4091.4101560000004,4189.102539,4228.589844,4205.641113000001,4193.589844,4205.256348,4201.794922,4206.666504,4205.128418,4196.794922,4203.333496,4173.589844,4237.563965,4209.230957
4104.358886999999,4191.282227000001,4234.358886999999,4207.307617,4188.333496,4199.871582,4198.205078,4189.743652,4190.256348,4189.615234000001,4203.333496,4173.974121,4234.615234000001,4215.769043
4110.641113000001,4192.179688,4236.922852000001,4209.358886999999,4185.897461,4192.94873,4202.692383,4177.436035,4174.230957,4179.358886999999,4195.0,4177.692383,4223.461426,4219.615234000001
4107.179688,4194.102539,4229.615234000001,4207.692383,4183.333496,4183.077147999999,4195.384765999999,4165.769043,4162.307617,4170.0,4188.333496,4178.461426,4218.974121,4216.153809
4115.384765999999,4199.743652,4231.025879,4211.538574,4187.94873,4174.871582,4182.563965,4169.487305,4174.871582,4179.230957,4196.538574,4186.153809,4229.615234000001,4220.897461
4120.897461,4200.384765999999,4237.692383,4211.282227000001,4192.563965,4182.692383,4194.358886999999,4203.846191,4206.025879,4198.974121,4204.743652,4193.205078,4233.717772999999,4222.692383
4100.769043,4183.846191,4221.153809,4193.589844,4183.333496,4193.333496,4206.025879,4220.256348,4214.230957,4199.743652,4196.153809,4180.641113000001,4221.922852000001,4204.871582
4087.820557,4175.384765999999,4205.0,4187.179688,4180.897461,4191.025879,4193.974121,4205.0,4210.641113000001,4199.358886999999,4192.05127,4169.230957,4223.974121,4198.974121
4093.205078,4181.794922,4208.077147999999,4193.077147999999,4186.153809,4192.05127,4192.94873,4196.153809,4215.128418,4206.794922,4195.0,4169.358886999999,4228.205078,4205.128418
4087.9487299999996,4175.769043,4200.512695,4178.974121,4180.256348,4204.358886999999,4208.717772999999,4200.897461,4210.128418,4200.128418,4185.0,4160.256348,4214.615234000001,4194.358886999999
4085.1281740000004,4169.230957,4191.666504,4172.307617,4181.666504,4214.743652,4215.769043,4213.333496,4208.461426,4196.153809,4182.563965,4154.487305,4217.563965,4190.641113000001
4098.077147999999,4178.205078,4202.307617,4187.307617,4191.153809,4209.230957,4214.230957,4222.94873,4216.666504,4202.692383,4195.641113000001,4165.769043,4228.974121,4207.692383
4104.743652,4181.666504,4210.641113000001,4190.897461,4187.05127,4204.743652,4215.769043,4214.615234000001,4208.333496,4198.974121,4197.179688,4170.512695,4214.102539,4211.666504
4102.94873,4176.922852000001,4206.794922,4187.307617,4184.230957,4215.641113000001,4215.769043,4195.897461,4187.563965,4190.128418,4190.384765999999,4162.94873,4200.897461,4199.871582
4108.717772999999,4181.282227000001,4210.0,4192.820313,4190.512695,4219.358886999999,4210.641113000001,4187.820313,4178.205078,4187.692383,4194.871582,4163.205078,4211.153809,4203.461426
4118.717772999999,4191.922852000001,4221.794922,4200.512695,4191.538574,4203.461426,4208.717772999999,4188.717772999999,4179.230957,4188.589844,4203.846191,4172.563965,4221.282227000001,4215.0
4119.743652,4191.922852000001,4224.358886999999,4200.897461,4180.384765999999,4184.871582,4203.461426,4184.871582,4174.615234000001,4185.0,4201.282227000001,4177.179688,4216.666504,4211.282227000001
4123.077147999999,4193.974121,4226.794922,4205.128418,4176.922852000001,4186.153809,4195.384765999999,4181.922852000001,4174.230957,4187.563965,4203.205078,4179.615234000001,4220.769043,4208.205078
4133.974121,4204.615234000001,4238.846191,4212.820313,4186.025879,4198.205078,4202.307617,4192.692383,4187.563965,4198.333496,4213.077147999999,4183.846191,4231.794922,4212.436035
4131.153809,4197.820313,4236.410156,4205.769043,4186.794922,4197.94873,4210.0,4206.666504,4189.102539,4192.179688,4203.333496,4179.871582,4216.153809,4201.282227000001
4120.0,4183.846191,4225.641113000001,4197.94873,4186.666504,4190.641113000001,4196.025879,4210.769043,4182.692383,4178.461426,4189.615234000001,4171.538574,4197.692383,4184.743652
4122.94873,4190.897461,4232.05127,4203.077147999999,4190.128418,4186.666504,4185.512695,4225.641113000001,4202.179688,4194.743652,4202.820313,4171.538574,4218.333496,4192.307617
4126.153809,4198.077147999999,4235.897461,4207.179688,4185.769043,4192.94873,4203.077147999999,4244.358886999999,4223.205078,4217.94873,4214.230957,4175.128418,4239.743652,4202.692383
4115.641113000001,4186.666504,4220.512695,4199.871582,4184.358886999999,4202.563965,4211.025879,4231.282227000001,4213.846191,4211.666504,4201.025879,4167.94873,4221.153809,4191.025879
4111.538574,4180.641113000001,4210.512695,4194.102539,4190.0,4201.282227000001,4190.256348,4208.846191,4205.897461,4202.692383,4193.589844,4162.179688,4204.358886999999,4182.692383
4119.230957,4186.922852000001,4215.128418,4196.282227000001,4190.0,4202.436035,4194.102539,4210.256348,4214.615234000001,4207.692383,4200.641113000001,4164.615234000001,4208.205078,4190.0
4119.230957,4184.743652,4214.230957,4196.025879,4188.589844,4213.846191,4218.461426,4209.871582,4209.615234000001,4202.692383,4200.256348,4165.512695,4204.102539,4191.025879
4106.282227000001,4172.692383,4201.153809,4185.0,4189.615234000001,4217.436035,4219.358886999999,4188.717772999999,4186.794922,4182.820313,4188.589844,4160.897461,4195.256348,4177.307617
4089.2307130000004,4158.205078,4184.102539,4168.077147999999,4182.436035,4206.410156,4213.974121,4171.794922,4162.05127,4160.641113000001,4171.410156,4147.436035,4185.512695,4159.743652
4090.0,4156.538574,4183.205078,4169.615234000001,4183.846191,4198.717772999999,4209.358886999999,4169.743652,4154.615234000001,4154.743652,4167.05127,4144.871582,4183.846191,4158.205078
4114.487305,4177.820313,4205.897461,4194.102539,4199.358886999999,4206.153809,4205.256348,4184.230957,4171.922852000001,4173.333496,4188.717772999999,4165.897461,4206.025879,4182.179688
4135.769043,4199.102539,4226.666504,4211.410156,4206.666504,4209.487305,4202.179688,4210.256348,4188.333496,4195.384765999999,4211.922852000001,4184.358886999999,4230.0,4207.436035
4148.333496,4208.717772999999,4238.974121,4218.461426,4204.358886999999,4192.05127,4194.615234000001,4234.230957,4204.743652,4213.333496,4225.384765999999,4193.846191,4243.077147999999,4220.897461
4160.128418,4212.436035,4248.974121,4226.025879,4202.436035,4186.666504,4201.153809,4251.794922,4228.846191,4233.461426,4237.307617,4203.205078,4256.025879,4227.05127
4155.256348,4202.307617,4241.410156,4218.589844,4197.179688,4202.563965,4213.974121,4246.538574,4225.897461,4233.333496,4232.307617,4196.538574,4250.641113000001,4214.743652
4152.197754,4199.633789,4236.0625,4215.091797,4196.336914,4203.27832,4213.314941,4239.505371,4219.157715,4225.53125,4225.292969,4191.812988000001,4243.058594,4209.79834
4149.13916,4196.959473,4230.714355,4211.593261999999,4195.494629,4203.992676,4212.655761999999,4232.472656,4212.41748,4217.729004,4218.27832,4187.087890999999,4235.476074,4204.853515999999
4146.080566,4194.285645,4225.366211,4208.095215,4194.651855,4204.707031,4211.996094,4225.439453,4205.677734000001,4209.926758,4211.263672,4182.362793,4227.893555,4199.908203
4143.021973,4191.611816,4220.018555,4204.597168,4193.80957,4205.421386999999,4211.336914,4218.406738000001,4198.9375,4202.124511999999,4204.249022999999,4177.637207,4220.311522999999,4194.963379
4139.963379,4188.9375,4214.67041,4201.099121,4192.966797,4206.135742,4210.677734000001,4211.373535,4192.197754,4194.322265999999,4197.234375,4172.912109000001,4212.729004,4190.018555
4136.904785,4186.263672,4209.322265999999,4197.600586,4192.124511999999,4206.849609000001,4210.018555,4204.34082,4185.458008,4186.52002,4190.219727000001,4168.187011999999,4205.146484000001,4185.073242
4133.846191,4183.589844,4203.974121,4194.102539,4191.282227000001,4207.563965,4209.358886999999,4197.307617,4178.717772999999,4178.717772999999,4183.205078,4163.461426,4197.563965,4180.128418
4149.230957,4195.384765999999,4211.922852000001,4201.794922,4196.282227000001,4205.384765999999,4201.922852000001,4176.666504,4178.077147999999,4188.461426,4196.025879,4173.205078,4207.436035,4195.384765999999
4157.563965,4204.358886999999,4220.769043,4212.307617,4201.794922,4206.794922,4205.512695,4177.436035,4177.692383,4196.153809,4206.538574,4184.487305,4218.974121,4204.743652
4165.512695,4212.05127,4235.641113000001,4221.922852000001,4213.974121,4205.897461,4200.128418,4192.692383,4181.666504,4198.846191,4212.436035,4188.717772999999,4228.846191,4212.563965
4175.897461,4220.512695,4245.0,4226.025879,4217.563965,4191.410156,4188.461426,4203.333496,4190.512695,4207.563965,4223.333496,4194.487305,4238.077147999999,4221.410156
4182.94873,4225.512695,4251.794922,4231.282227000001,4208.077147999999,4190.0,4199.487305,4230.641113000001,4208.717772999999,4225.769043,4242.307617,4206.666504,4255.512695,4232.692383
4183.974121,4221.153809,4255.256348,4232.307617,4209.871582,4195.384765999999,4202.05127,4240.0,4214.871582,4230.256348,4244.487305,4207.820313,4262.05127,4235.0
4183.717772999999,4219.871582,4250.641113000001,4228.461426,4217.436035,4182.563965,4185.512695,4223.077147999999,4212.94873,4224.743652,4233.461426,4201.153809,4250.256348,4228.717772999999
4181.282227000001,4221.666504,4244.615234000001,4225.512695,4206.666504,4174.615234000001,4193.077147999999,4239.102539,4225.897461,4227.563965,4230.512695,4204.102539,4241.538574,4225.512695
4173.077147999999,4215.128418,4235.769043,4219.615234000001,4196.153809,4185.769043,4210.897461,4259.487305,4230.897461,4229.487305,4222.179688,4206.153809,4236.410156,4222.563965
4159.487305,4203.846191,4219.487305,4209.615234000001,4205.0,4196.922852000001,4208.077147999999,4231.922852000001,4210.384765999999,4217.05127,4200.128418,4189.615234000001,4220.897461,4207.94873
4144.487305,4188.205078,4204.487305,4195.128418,4201.410156,4193.717772999999,4205.641113000001,4204.487305,4190.769043,4194.743652,4179.615234000001,4168.846191,4196.794922,4187.563965
4136.922852000001,4173.077147999999,4199.230957,4185.256348,4182.820313,4191.794922,4216.666504,4204.487305,4182.94873,4177.692383,4170.512695,4162.692383,4181.538574,4181.794922
4138.205078,4170.897461,4194.615234000001,4184.487305,4181.025879,4202.307617,4215.769043,4199.743652,4170.512695,4169.743652,4166.666504,4164.230957,4178.589844,4186.025879
4146.282227000001,4179.743652,4194.743652,4185.641113000001,4191.025879,4207.94873,4200.0,4185.769043,4160.128418,4166.794922,4167.179688,4168.205078,4185.0,4188.846191
4162.179688,4191.922852000001,4208.461426,4195.256348,4192.436035,4200.897461,4196.538574,4176.666504,4165.384765999999,4177.563965,4182.307617,4179.615234000001,4205.769043,4203.717772999999
4176.410156,4203.205078,4220.897461,4210.512695,4187.94873,4192.307617,4201.538574,4179.102539,4177.307617,4196.666504,4202.05127,4188.846191,4222.307617,4225.128418
4184.102539,4209.871582,4225.769043,4215.128418,4195.384765999999,4196.025879,4197.307617,4201.666504,4192.692383,4205.512695,4213.333496,4191.153809,4223.077147999999,4232.94873
4194.487305,4214.102539,4233.077147999999,4214.871582,4203.974121,4201.282227000001,4188.461426,4221.666504,4212.05127,4212.436035,4221.666504,4195.128418,4227.307617,4234.358886999999
4198.717772999999,4214.743652,4236.410156,4215.0,4193.461426,4191.282227000001,4185.641113000001,4218.333496,4219.358886999999,4220.128418,4223.717772999999,4193.846191,4234.102539,4236.410156
4194.102539,4214.358886999999,4232.692383,4214.743652,4185.384765999999,4185.897461,4197.563965,4223.846191,4220.641113000001,4222.820313,4221.410156,4188.077147999999,4229.487305,4233.974121
4187.94873,4207.94873,4227.436035,4211.666504,4187.692383,4194.487305,4216.025879,4246.410156,4227.94873,4223.846191,4219.102539,4184.615234000001,4216.410156,4227.307617
4172.94873,4188.846191,4213.333496,4197.05127,4187.307617,4197.692383,4222.563965,4242.179688,4220.384765999999,4213.077147999999,4203.846191,4169.743652,4198.077147999999,4210.384765999999
4157.94873,4176.153809,4198.077147999999,4183.461426,4187.436035,4197.820313,4213.461426,4217.94873,4203.974121,4192.179688,4182.820313,4152.94873,4182.179688,4190.384765999999
4163.461426,4181.922852000001,4198.974121,4187.436035,4188.461426,4206.538574,4211.410156,4206.922852000001,4202.94873,4183.205078,4181.153809,4154.871582,4181.538574,4191.153809
4176.666504,4188.205078,4204.358886999999,4193.077147999999,4189.102539,4211.410156,4226.794922,4204.102539,4199.615234000001,4183.717772999999,4189.487305,4160.897461,4186.538574,4203.461426
4177.05127,4182.05127,4201.538574,4187.307617,4189.358886999999,4205.512695,4228.974121,4199.102539,4183.077147999999,4177.05127,4186.153809,4158.461426,4185.384765999999,4200.897461
4175.256348,4179.871582,4201.922852000001,4187.179688,4190.384765999999,4208.333496,4205.384765999999,4188.589844,4176.410156,4174.615234000001,4187.820313,4162.307617,4186.410156,4197.94873
4185.384765999999,4194.358886999999,4213.333496,4199.102539,4196.666504,4218.846191,4191.282227000001,4180.641113000001,4184.871582,4190.897461,4206.794922,4179.615234000001,4203.589844,4210.641113000001
4200.641113000001,4209.102539,4224.102539,4208.717772999999,4201.922852000001,4217.05127,4202.05127,4190.769043,4194.230957,4208.589844,4226.025879,4195.897461,4229.102539,4228.589844
4213.589844,4214.615234000001,4232.05127,4213.717772999999,4205.641113000001,4207.05127,4199.102539,4209.487305,4199.615234000001,4214.358886999999,4235.897461,4201.666504,4243.205078,4240.384765999999
4217.820313,4213.846191,4233.846191,4210.128418,4207.692383,4199.487305,4180.128418,4217.820313,4197.692383,4211.794922,4234.230957,4201.153809,4239.487305,4240.384765999999
4207.436035,4204.487305,4219.871582,4195.641113000001,4198.333496,4200.128418,4191.410156,4214.871582,4187.94873,4199.358886999999,4220.256348,4191.666504,4222.820313,4222.820313
4192.563965,4190.769043,4206.153809,4186.794922,4193.974121,4207.692383,4217.820313,4214.871582,4188.589844,4187.563965,4207.436035,4178.846191,4205.256348,4205.128418
4189.743652,4184.358886999999,4204.102539,4187.692383,4200.897461,4204.615234000001,4215.512695,4225.512695,4203.205078,4193.333496,4207.563965,4179.615234000001,4198.717772999999,4205.512695
4190.128418,4184.230957,4201.153809,4186.538574,4192.692383,4192.820313,4211.666504,4233.461426,4209.615234000001,4202.692383,4206.666504,4182.307617,4199.358886999999,4205.0
4182.179688,4177.94873,4194.487305,4180.0,4174.230957,4188.974121,4225.769043,4217.820313,4197.179688,4189.487305,4191.922852000001,4166.025879,4181.410156,4190.512695
4180.256348,4171.666504,4193.589844,4178.333496,4168.205078,4188.461426,4222.307617,4195.128418,4186.282227000001,4174.358886999999,4183.461426,4155.0,4159.358886999999,4183.333496
4190.897461,4179.871582,4199.871582,4186.282227000001,4173.846191,4192.436035,4208.846191,4193.205078,4189.358886999999,4185.769043,4196.794922,4167.05127,4173.461426,4194.487305
4194.230957,4186.025879,4202.692383,4189.358886999999,4180.769043,4199.743652,4202.179688,4195.256348,4187.820313,4196.025879,4207.307617,4174.230957,4194.615234000001,4204.358886999999
4191.153809,4183.205078,4200.769043,4187.05127,4187.820313,4198.461426,4193.717772999999,4190.769043,4183.589844,4192.820313,4204.615234000001,4172.05127,4193.077147999999,4207.307617
4199.871582,4187.820313,4204.102539,4192.94873,4196.282227000001,4201.282227000001,4193.974121,4191.153809,4191.538574,4198.333496,4212.307617,4176.153809,4197.307617,4212.563965
4209.102539,4198.589844,4210.0,4200.769043,4202.820313,4211.794922,4196.922852000001,4190.897461,4198.461426,4208.461426,4224.358886999999,4185.641113000001,4209.615234000001,4220.512695
4212.436035,4208.461426,4212.436035,4207.563965,4207.563965,4208.974121,4182.563965,4190.512695,4199.871582,4212.94873,4225.128418,4195.769043,4212.94873,4229.230957
4216.794922,4212.307617,4214.615234000001,4214.358886999999,4211.922852000001,4202.692383,4172.179688,4197.05127,4202.820313,4215.128418,4225.0,4198.333496,4212.563965,4228.205078
4219.871582,4208.846191,4217.820313,4212.05127,4208.846191,4211.410156,4189.230957,4213.205078,4209.230957,4213.846191,4224.871582,4191.922852000001,4207.563965,4217.820313
4218.974121,4205.128418,4217.820313,4203.974121,4198.974121,4209.487305,4206.282227000001,4240.128418,4220.384765999999,4210.512695,4218.333496,4189.487305,4197.94873,4212.563965
4213.205078,4199.230957,4213.717772999999,4198.717772999999,4192.05127,4193.717772999999,4208.717772999999,4245.512695,4215.0,4200.641113000001,4208.205078,4191.153809,4189.615234000001,4209.743652
4208.077147999999,4193.333496,4212.94873,4197.179688,4194.230957,4195.384765999999,4210.256348,4217.692383,4193.461426,4186.922852000001,4201.666504,4188.589844,4185.897461,4203.717772999999
4209.615234000001,4193.846191,4212.820313,4196.153809,4198.589844,4198.846191,4206.153809,4192.94873,4183.333496,4182.179688,4201.282227000001,4184.743652,4187.820313,4199.358886999999
4211.025879,4194.358886999999,4206.538574,4192.820313,4197.820313,4191.666504,4200.384765999999,4190.897461,4186.410156,4183.461426,4200.0,4179.230957,4191.282227000001,4198.717772999999
4209.487305,4195.512695,4205.0,4193.846191,4196.153809,4196.538574,4205.641113000001,4204.102539,4195.512695,4189.487305,4202.436035,4179.871582,4196.794922,4201.410156
4211.025879,4199.743652,4207.307617,4197.563965,4195.128418,4205.0,4208.717772999999,4210.0,4201.922852000001,4197.436035,4208.717772999999,4191.025879,4202.05127,4206.282227000001
4219.102539,4204.487305,4207.820313,4201.666504,4202.692383,4209.102539,4203.589844,4204.102539,4205.512695,4203.717772999999,4215.128418,4199.615234000001,4211.666504,4214.102539
4225.128418,4209.230957,4209.871582,4204.358886999999,4213.974121,4220.769043,4193.846191,4202.94873,4214.743652,4210.128418,4221.922852000001,4199.358886999999,4223.589844,4220.256348
4224.487305,4209.358886999999,4209.230957,4202.179688,4215.128418,4227.820313,4182.94873,4204.358886999999,4221.794922,4216.282227000001,4223.717772999999,4196.794922,4226.538574,4216.153809
4225.384765999999,4206.922852000001,4207.94873,4202.692383,4211.410156,4220.769043,4194.358886999999,4210.897461,4225.769043,4221.666504,4224.615234000001,4196.922852000001,4227.563965,4214.743652
4225.641113000001,4205.512695,4209.487305,4205.512695,4204.487305,4213.974121,4216.794922,4221.794922,4222.307617,4214.358886999999,4220.641113000001,4194.102539,4222.692383,4217.05127
4226.025879,4206.794922,4213.077147999999,4206.282227000001,4202.436035,4218.205078,4213.205078,4216.794922,4208.846191,4201.410156,4212.94873,4190.769043,4211.153809,4213.333496
4230.897461,4211.282227000001,4216.410156,4210.512695,4212.94873,4218.205078,4199.358886999999,4200.128418,4197.307617,4198.461426,4211.410156,4192.436035,4206.410156,4212.563965
4233.461426,4212.692383,4218.589844,4215.256348,4216.538574,4205.512695,4198.461426,4205.0,4200.128418,4201.025879,4216.282227000001,4199.871582,4210.128418,4219.358886999999
4235.897461,4210.641113000001,4225.256348,4217.94873,4207.820313,4200.384765999999,4201.410156,4218.974121,4209.102539,4204.871582,4226.025879,4208.205078,4216.794922,4224.615234000001
4238.461426,4208.205078,4227.820313,4216.282227000001,4202.692383,4205.256348,4198.077147999999,4211.538574,4207.692383,4205.0,4227.94873,4207.692383,4217.436035,4220.769043
4232.820313,4202.692383,4218.974121,4206.538574,4201.922852000001,4206.282227000001,4199.230957,4204.102539,4201.922852000001,4198.717772999999,4220.384765999999,4201.666504,4206.538574,4212.563965
4222.563965,4197.179688,4210.128418,4198.333496,4201.025879,4208.589844,4205.384765999999,4199.743652,4199.230957,4193.461426,4214.487305,4195.256348,4192.820313,4205.769043
4219.487305,4199.230957,4207.820313,4199.615234000001,4204.487305,4210.384765999999,4194.230957,4188.717772999999,4201.794922,4195.897461,4211.538574,4192.436035,4190.641113000001,4200.0
4224.358886999999,4205.384765999999,4203.717772999999,4205.256348,4209.102539,4208.589844,4180.384765999999,4192.94873,4214.102539,4206.282227000001,4212.436035,4195.512695,4197.820313,4198.333496
4223.589844,4204.230957,4194.743652,4202.820313,4204.358886999999,4211.922852000001,4191.025879,4205.897461,4224.358886999999,4215.256348,4216.025879,4196.538574,4198.333496,4196.922852000001
4216.153809,4200.641113000001,4191.794922,4198.461426,4201.153809,4221.153809,4211.153809,4206.538574,4223.333496,4216.666504,4215.256348,4190.769043,4194.102539,4191.153809
4217.307617,4201.666504,4199.230957,4204.102539,4208.461426,4219.871582,4212.820313,4213.589844,4223.461426,4216.282227000001,4213.461426,4189.230957,4198.333496,4194.615234000001
4223.846191,4197.820313,4203.461426,4205.897461,4203.717772999999,4203.974121,4200.256348,4224.743652,4220.384765999999,4208.077147999999,4213.461426,4194.743652,4201.282227000001,4203.077147999999
4225.769043,4195.384765999999,4205.128418,4202.692383,4194.487305,4194.615234000001,4187.94873,4206.282227000001,4196.538574,4192.307617,4208.974121,4196.025879,4195.256348,4198.717772999999
4229.615234000001,4200.0,4211.025879,4206.538574,4199.743652,4193.461426,4180.769043,4175.512695,4170.0,4183.589844,4200.897461,4192.179688,4191.538574,4193.589844
4236.666504,4198.205078,4213.717772999999,4210.128418,4199.230957,4188.205078,4182.692383,4160.769043,4158.974121,4178.846191,4197.563965,4192.692383,4189.871582,4200.256348
4243.333496,4198.077147999999,4216.538574,4209.615234000001,4193.717772999999,4186.666504,4181.922852000001,4159.871582,4159.230957,4175.0,4202.692383,4197.563965,4189.871582,4205.897461
4252.436035,4210.384765999999,4226.666504,4216.282227000001,4199.487305,4185.641113000001,4173.461426,4172.692383,4173.205078,4182.94873,4214.230957,4203.846191,4200.128418,4211.410156
4263.974121,4225.128418,4238.205078,4229.230957,4208.333496,4180.512695,4178.846191,4186.025879,4198.974121,4206.153809,4230.128418,4216.153809,4221.282227000001,4226.794922
4265.256348,4228.461426,4241.282227000001,4230.769043,4210.128418,4189.487305,4196.410156,4182.94873,4216.153809,4222.94873,4238.974121,4222.563965,4235.641113000001,4233.333496
4252.692383,4216.922852000001,4227.05127,4216.666504,4208.077147999999,4206.153809,4197.692383,4185.512695,4220.512695,4221.282227000001,4230.0,4211.153809,4227.179688,4217.179688
4242.94873,4205.384765999999,4210.641113000001,4207.307617,4207.94873,4214.615234000001,4197.820313,4213.589844,4233.717772999999,4222.563965,4219.871582,4200.0,4209.615234000001,4200.641113000001
4236.282227000001,4196.922852000001,4202.436035,4202.563965,4208.205078,4222.820313,4215.512695,4224.102539,4240.897461,4222.692383,4213.333496,4193.461426,4194.358886999999,4191.666504
4219.871582,4187.179688,4191.666504,4190.256348,4211.666504,4233.205078,4220.128418,4209.102539,4228.974121,4210.0,4200.128418,4183.461426,4179.358886999999,4180.128418
4207.692383,4187.94873,4184.871582,4187.307617,4214.487305,4232.179688,4206.666504,4212.820313,4222.436035,4207.307617,4194.487305,4179.487305,4178.333496,4174.102539
4219.358886999999,4198.717772999999,4192.436035,4198.077147999999,4210.897461,4215.0,4193.717772999999,4219.487305,4217.436035,4212.05127,4200.641113000001,4188.717772999999,4188.846191,4179.358886999999
4243.846191,4209.487305,4209.615234000001,4209.743652,4208.333496,4204.230957,4193.461426,4202.94873,4204.487305,4206.666504,4208.589844,4197.563965,4198.974121,4190.641113000001
4256.025879,4215.384765999999,4223.461426,4217.05127,4209.358886999999,4207.692383,4196.025879,4176.666504,4182.563965,4193.974121,4210.0,4199.487305,4200.128418,4198.974121
4255.897461,4219.487305,4230.0,4223.461426,4208.974121,4202.05127,4185.0,4159.871582,4160.0,4180.512695,4205.512695,4201.922852000001,4188.846191,4200.128418
4265.0,4225.769043,4242.563965,4232.179688,4208.333496,4187.307617,4172.436035,4164.358886999999,4155.512695,4177.307617,4211.538574,4210.384765999999,4181.538574,4209.743652
4280.512695,4230.384765999999,4255.641113000001,4233.974121,4210.0,4185.512695,4169.102539,4174.871582,4165.512695,4184.871582,4221.025879,4220.512695,4187.05127,4226.153809
4283.333496,4229.230957,4252.94873,4229.743652,4213.205078,4196.922852000001,4172.436035,4169.102539,4168.846191,4189.230957,4214.358886999999,4218.461426,4191.922852000001,4227.179688
4272.05127,4221.538574,4238.717772999999,4225.256348,4214.230957,4201.666504,4178.333496,4159.358886999999,4170.384765999999,4185.897461,4200.769043,4206.282227000001,4186.538574,4209.743652
4254.102539,4210.897461,4223.077147999999,4215.512695,4211.666504,4202.307617,4181.794922,4164.871582,4183.333496,4186.794922,4198.205078,4195.256348,4183.589844,4193.846191
4241.153809,4204.615234000001,4206.922852000001,4203.333496,4209.871582,4212.820313,4190.256348,4186.153809,4207.563965,4199.102539,4200.512695,4189.358886999999,4189.358886999999,4186.282227000001
4231.794922,4198.205078,4192.820313,4196.410156,4207.94873,4222.820313,4205.641113000001,4208.077147999999,4229.358886999999,4211.794922,4196.922852000001,4185.769043,4195.256348,4177.94873
4220.0,4183.205078,4184.358886999999,4187.05127,4202.05127,4221.282227000001,4217.94873,4217.179688,4232.820313,4215.769043,4191.922852000001,4183.974121,4197.307617,4169.743652
4218.461426,4172.94873,4184.230957,4177.820313,4197.692383,4220.897461,4218.205078,4222.692383,4232.436035,4218.717772999999,4190.897461,4191.282227000001,4198.333496,4171.794922
4236.538574,4180.128418,4197.436035,4182.563965,4198.589844,4226.410156,4210.512695,4232.436035,4239.230957,4223.333496,4195.641113000001,4202.692383,4200.128418,4188.205078
4255.512695,4195.769043,4214.487305,4196.153809,4207.179688,4224.615234000001,4205.512695,4235.897461,4237.820313,4223.077147999999,4202.436035,4208.333496,4205.0,4204.743652
4265.897461,4210.0,4222.307617,4209.615234000001,4212.94873,4209.487305,4199.102539,4221.153809,4221.282227000001,4220.512695,4207.94873,4212.94873,4212.436035,4215.128418
4275.256348,4216.282227000001,4229.102539,4218.717772999999,4202.307617,4200.384765999999,4186.282227000001,4205.512695,4204.358886999999,4215.384765999999,4211.794922,4217.436035,4214.615234000001,4223.589844
4274.230957,4212.94873,4235.256348,4218.333496,4192.692383,4205.128418,4177.436035,4197.820313,4192.692383,4203.589844,4211.025879,4212.94873,4212.820313,4228.846191
4265.256348,4208.205078,4233.461426,4215.256348,4198.205078,4198.461426,4178.717772999999,4185.769043,4180.897461,4192.563965,4206.025879,4205.897461,4212.563965,4229.871582
4267.563965,4211.410156,4232.179688,4222.436035,4205.256348,4187.94873,4183.333496,4173.589844,4170.256348,4188.205078,4201.025879,4206.538574,4210.384765999999,4228.205078
4278.205078,4214.358886999999,4235.0,4227.307617,4201.666504,4192.820313,4179.615234000001,4165.0,4161.282227000001,4186.538574,4203.846191,4208.461426,4206.538574,4228.077147999999
4283.846191,4214.358886999999,4236.410156,4222.820313,4196.410156,4197.307617,4173.717772999999,4172.436035,4169.487305,4188.717772999999,4213.205078,4210.0,4211.410156,4232.179688
4277.179688,4209.358886999999,4229.102539,4215.128418,4195.128418,4195.897461,4177.692383,4195.384765999999,4188.846191,4192.692383,4213.205078,4204.358886999999,4212.05127,4229.358886999999
4258.461426,4189.102539,4209.615234000001,4199.102539,4187.436035,4203.205078,4193.333496,4218.333496,4203.077147999999,4192.692383,4200.128418,4188.589844,4198.205078,4211.410156
4247.179688,4173.846191,4196.282227000001,4187.563965,4183.077147999999,4218.461426,4204.871582,4232.307617,4221.666504,4201.666504,4199.487305,4181.538574,4198.461426,4200.384765999999
4246.025879,4173.974121,4194.871582,4187.05127,4189.615234000001,4223.461426,4195.128418,4231.538574,4234.871582,4213.205078,4206.794922,4178.846191,4202.94873,4200.897461
4238.333496,4170.384765999999,4189.487305,4182.692383,4193.589844,4217.692383,4194.358886999999,4232.94873,4229.230957,4206.666504,4198.333496,4166.922852000001,4184.743652,4192.05127
4232.692383,4166.282227000001,4187.05127,4176.538574,4188.077147999999,4215.256348,4220.0,4246.153809,4225.769043,4201.666504,4193.077147999999,4165.384765999999,4174.615234000001,4185.128418
4236.153809,4169.358886999999,4190.0,4177.436035,4180.256348,4211.794922,4220.512695,4241.922852000001,4222.94873,4202.307617,4195.256348,4175.512695,4182.692383,4187.692383
4245.384765999999,4178.717772999999,4194.871582,4186.922852000001,4182.692383,4204.615234000001,4190.128418,4209.487305,4206.282227000001,4195.512695,4194.487305,4181.025879,4186.794922,4192.94873
4261.666504,4192.94873,4205.641113000001,4199.615234000001,4190.897461,4202.94873,4180.641113000001,4186.410156,4191.282227000001,4189.102539,4202.820313,4186.410156,4193.205078,4203.589844
4276.282227000001,4202.94873,4215.897461,4204.487305,4190.769043,4199.487305,4191.025879,4185.384765999999,4178.717772999999,4185.769043,4215.0,4197.436035,4206.153809,4219.102539
4288.461426,4209.487305,4228.461426,4212.179688,4192.94873,4185.641113000001,4191.538574,4187.307617,4172.820313,4191.410156,4226.666504,4212.05127,4223.717772999999,4238.077147999999
4298.846191,4218.077147999999,4242.05127,4227.05127,4200.769043,4176.538574,4188.333496,4178.974121,4175.0,4201.794922,4238.717772999999,4223.077147999999,4238.717772999999,4251.538574
4297.05127,4221.794922,4240.769043,4228.333496,4198.589844,4185.128418,4195.897461,4168.717772999999,4172.05127,4200.384765999999,4237.94873,4221.025879,4234.871582,4247.563965
4281.025879,4212.563965,4225.256348,4214.871582,4192.563965,4195.0,4201.922852000001,4174.871582,4172.05127,4192.307617,4223.205078,4207.436035,4217.94873,4232.307617
4267.05127,4199.487305,4215.256348,4203.846191,4193.589844,4192.05127,4199.102539,4192.307617,4185.0,4190.769043,4214.230957,4198.846191,4209.487305,4218.846191
4261.794922,4192.820313,4211.282227000001,4199.615234000001,4191.922852000001,4194.743652,4205.256348,4208.077147999999,4202.179688,4195.641113000001,4216.025879,4197.436035,4209.871582,4209.487305
4252.820313,4184.743652,4198.333496,4188.589844,4183.974121,4211.922852000001,4215.897461,4215.897461,4211.282227000001,4198.205078,4211.410156,4189.871582,4205.384765999999,4199.487305
4240.641113000001,4172.307617,4185.641113000001,4176.794922,4180.256348,4221.282227000001,4219.615234000001,4223.589844,4218.077147999999,4195.384765999999,4202.307617,4177.692383,4196.794922,4191.666504
4232.563965,4164.615234000001,4182.563965,4172.820313,4179.230957,4211.538574,4221.410156,4236.538574,4222.94873,4193.589844,4202.307617,4174.743652,4192.179688,4187.307617
4232.436035,4167.307617,4184.487305,4174.230957,4179.615234000001,4204.487305,4213.589844,4233.974121,4216.538574,4197.05127,4207.05127,4179.487305,4191.922852000001,4189.230957
4242.563965,4176.538574,4193.077147999999,4183.205078,4193.461426,4220.128418,4205.641113000001,4215.256348,4209.358886999999,4202.563965,4210.641113000001,4185.128418,4196.922852000001,4198.846191
4260.256348,4189.358886999999,4206.794922,4195.897461,4203.846191,4226.538574,4211.794922,4211.922852000001,4212.692383,4207.179688,4215.0,4194.358886999999,4205.512695,4210.641113000001
4276.153809,4204.615234000001,4215.641113000001,4209.487305,4198.461426,4207.94873,4211.794922,4220.769043,4213.077147999999,4212.307617,4219.230957,4199.871582,4213.077147999999,4218.461426
4278.717772999999,4214.102539,4217.692383,4215.641113000001,4201.025879,4202.307617,4191.410156,4203.077147999999,4198.461426,4210.128418,4217.692383,4196.538574,4214.615234000001,4217.692383
4273.461426,4213.846191,4217.692383,4211.282227000001,4212.692383,4205.641113000001,4176.922852000001,4169.358886999999,4184.743652,4197.307617,4211.538574,4194.615234000001,4211.025879,4214.487305
4280.897461,4218.205078,4219.358886999999,4215.769043,4214.487305,4195.897461,4185.384765999999,4168.974121,4192.436035,4199.487305,4216.538574,4199.230957,4215.0,4221.025879
4291.282227000001,4225.128418,4224.615234000001,4228.077147999999,4207.563965,4192.563965,4196.922852000001,4200.128418,4205.384765999999,4212.436035,4227.05127,4204.615234000001,4224.358886999999,4230.0
4287.94873,4219.743652,4225.897461,4224.743652,4203.333496,4197.307617,4192.436035,4200.256348,4193.717772999999,4203.589844,4223.589844,4206.153809,4224.487305,4226.538574
4281.282227000001,4213.461426,4221.410156,4216.282227000001,4206.666504,4193.205078,4181.153809,4162.820313,4172.307617,4189.743652,4215.256348,4204.615234000001,4218.846191,4220.769043
4272.94873,4204.358886999999,4210.641113000001,4210.512695,4205.512695,4190.0,4177.820313,4141.410156,4160.512695,4183.461426,4207.179688,4193.205078,4205.384765999999,4213.077147999999
4264.102539,4190.384765999999,4202.179688,4201.538574,4198.717772999999,4198.333496,4190.384765999999,4165.512695,4166.922852000001,4179.743652,4201.282227000001,4183.589844,4195.256348,4200.897461
4265.256348,4190.512695,4206.666504,4201.666504,4191.922852000001,4195.128418,4214.487305,4209.871582,4191.922852000001,4191.538574,4209.102539,4192.307617,4203.077147999999,4203.077147999999
4267.563965,4196.538574,4213.717772999999,4206.410156,4184.102539,4184.487305,4221.922852000001,4221.153809,4205.512695,4207.179688,4217.820313,4201.153809,4208.589844,4210.384765999999
4264.615234000001,4195.512695,4213.077147999999,4206.153809,4190.0,4194.743652,4205.769043,4201.794922,4200.769043,4209.230957,4214.615234000001,4193.717772999999,4203.846191,4207.307617
4259.615234000001,4190.128418,4205.128418,4201.153809,4201.153809,4207.692383,4196.153809,4203.589844,4203.589844,4205.641113000001,4208.974121,4181.922852000001,4195.512695,4200.256348
4260.897461,4191.153809,4203.205078,4200.512695,4198.589844,4202.692383,4201.153809,4228.717772999999,4219.102539,4208.717772999999,4210.256348,4184.358886999999,4190.0,4197.05127
4267.436035,4201.666504,4211.025879,4208.589844,4198.717772999999,4204.615234000001,4201.794922,4224.102539,4221.153809,4210.384765999999,4211.282227000001,4194.871582,4190.769043,4196.153809
4271.282227000001,4206.538574,4214.487305,4212.179688,4211.538574,4219.102539,4198.846191,4193.717772999999,4203.846191,4201.410156,4208.077147999999,4197.307617,4191.153809,4196.153809
4273.589844,4203.846191,4213.333496,4209.743652,4215.384765999999,4221.025879,4203.333496,4193.333496,4197.05127,4196.794922,4209.743652,4196.666504,4192.307617,4202.563965
4275.128418,4204.743652,4212.94873,4208.974121,4201.410156,4209.102539,4202.563965,4214.102539,4209.615234000001,4204.871582,4216.794922,4199.358886999999,4199.615234000001,4205.769043
4271.666504,4207.820313,4209.230957,4208.077147999999,4194.871582,4204.358886999999,4185.769043,4216.666504,4212.94873,4210.512695,4218.205078,4198.077147999999,4207.94873,4201.666504
4269.615234000001,4208.846191,4205.641113000001,4207.179688,4206.538574,4204.871582,4170.384765999999,4194.487305,4196.538574,4203.077147999999,4215.384765999999,4192.436035,4206.794922,4200.0
4276.794922,4214.487305,4209.358886999999,4211.794922,4212.179688,4198.205078,4172.179688,4172.179688,4190.128418,4203.205078,4218.974121,4197.179688,4205.769043,4206.922852000001
4278.974121,4215.897461,4211.153809,4211.025879,4204.358886999999,4200.769043,4185.641113000001,4172.692383,4196.410156,4206.794922,4221.282227000001,4201.282227000001,4209.743652,4208.974121
4270.769043,4198.717772999999,4206.666504,4200.256348,4197.563965,4211.666504,4193.974121,4183.717772999999,4192.05127,4195.897461,4216.410156,4194.102539,4208.077147999999,4199.615234000001
4271.025879,4188.974121,4207.692383,4196.666504,4194.358886999999,4197.820313,4195.256348,4195.256348,4194.615234000001,4197.563965,4218.077147999999,4196.410156,4204.871582,4198.846191
4270.512695,4190.0,4207.05127,4194.871582,4183.461426,4182.179688,4209.871582,4211.410156,4205.256348,4204.871582,4220.0,4202.436035,4195.256348,4198.461426
4255.0,4177.820313,4191.410156,4186.282227000001,4175.0,4195.512695,4222.820313,4211.538574,4195.0,4186.538574,4202.05127,4188.846191,4173.461426,4180.256348
4249.615234000001,4175.641113000001,4185.0,4186.282227000001,4186.794922,4206.666504,4211.538574,4202.05127,4189.102539,4175.128418,4190.128418,4177.307617,4167.436035,4171.794922
4267.820313,4196.666504,4199.615234000001,4198.717772999999,4208.077147999999,4202.563965,4193.077147999999,4212.692383,4210.0,4195.256348,4204.743652,4186.410156,4185.384765999999,4188.974121
4278.077147999999,4206.538574,4207.563965,4205.128418,4221.025879,4212.820313,4179.615234000001,4214.230957,4216.153809,4208.077147999999,4213.333496,4192.692383,4193.846191,4198.974121
4272.05127,4207.05127,4204.487305,4207.179688,4222.563965,4227.179688,4176.282227000001,4199.743652,4209.230957,4208.333496,4212.94873,4190.128418,4198.205078,4198.717772999999
4275.384765999999,4214.615234000001,4207.05127,4213.974121,4217.436035,4214.743652,4178.589844,4202.820313,4217.94873,4217.563965,4223.589844,4199.743652,4213.717772999999,4210.512695
4288.717772999999,4221.922852000001,4216.025879,4222.05127,4217.05127,4199.615234000001,4175.512695,4211.282227000001,4225.512695,4227.307617,4236.153809,4215.128418,4223.461426,4223.974121
4294.102539,4226.794922,4224.743652,4225.769043,4222.179688,4200.769043,4166.282227000001,4203.333496,4217.692383,4230.128418,4238.846191,4214.487305,4223.205078,4225.384765999999
4286.666504,4222.05127,4222.436035,4219.871582,4214.615234000001,4192.436035,4160.384765999999,4182.436035,4196.538574,4217.05127,4230.384765999999,4204.615234000001,4216.025879,4215.769043
4277.307617,4207.563965,4213.205078,4212.692383,4203.077147999999,4184.230957,4175.512695,4164.102539,4174.358886999999,4196.666504,4215.256348,4197.820313,4203.974121,4201.922852000001
4268.205078,4195.641113000001,4204.487305,4203.846191,4201.666504,4193.589844,4193.974121,4163.461426,4170.641113000001,4186.025879,4201.025879,4187.820313,4191.410156,4190.897461
4259.615234000001,4186.794922,4193.717772999999,4191.282227000001,4197.436035,4200.256348,4201.794922,4187.05127,4186.538574,4184.743652,4194.871582,4176.922852000001,4182.307617,4184.487305
4250.897461,4178.077147999999,4185.512695,4185.128418,4192.820313,4198.846191,4204.102539,4203.077147999999,4196.794922,4184.615234000001,4192.179688,4173.846191,4178.974121,4178.846191
4237.692383,4170.0,4180.641113000001,4178.589844,4197.307617,4205.384765999999,4198.974121,4189.871582,4193.205078,4181.025879,4190.897461,4174.743652,4176.922852000001,4173.077147999999
4240.0,4175.0,4183.333496,4179.102539,4205.384765999999,4218.333496,4201.282227000001,4193.589844,4208.974121,4194.615234000001,4202.820313,4181.666504,4185.897461,4181.794922
4256.282227000001,4184.102539,4192.307617,4191.025879,4203.974121,4221.153809,4214.871582,4220.0,4234.102539,4217.436035,4214.230957,4188.717772999999,4201.153809,4195.897461
4263.589844,4188.589844,4202.307617,4198.333496,4200.256348,4219.358886999999,4217.692383,4219.358886999999,4232.307617,4219.230957,4212.692383,4187.692383,4205.641113000001,4197.94873
4276.282227000001,4204.743652,4216.282227000001,4210.128418,4213.589844,4217.436035,4200.128418,4208.717772999999,4224.487305,4218.974121,4221.282227000001,4197.94873,4218.077147999999,4206.922852000001
4293.846191,4221.282227000001,4228.205078,4226.282227000001,4220.512695,4208.077147999999,4191.922852000001,4219.358886999999,4225.0,4232.307617,4234.871582,4212.563965,4236.410156,4223.205078
4293.589844,4218.974121,4231.794922,4225.512695,4209.358886999999,4201.282227000001,4208.589844,4216.666504,4214.487305,4230.256348,4228.461426,4208.461426,4231.025879,4222.692383
4294.230957,4220.384765999999,4237.179688,4225.512695,4214.743652,4200.769043,4213.589844,4203.846191,4211.794922,4221.153809,4225.0,4207.307617,4222.692383,4218.205078
4306.153809,4234.615234000001,4243.846191,4238.333496,4234.871582,4201.410156,4199.102539,4205.256348,4220.0,4228.589844,4234.102539,4216.410156,4234.743652,4221.922852000001
4298.974121,4233.333496,4236.410156,4235.256348,4238.846191,4208.205078,4192.692383,4203.205078,4211.025879,4228.205078,4227.307617,4207.563965,4234.358886999999,4217.179688
4278.846191,4220.256348,4224.743652,4221.025879,4228.077147999999,4211.153809,4208.077147999999,4202.94873,4200.128418,4212.436035,4210.897461,4192.94873,4216.153809,4206.794922
4277.94873,4218.717772999999,4226.410156,4221.922852000001,4225.384765999999,4203.717772999999,4217.05127,4208.846191,4208.333496,4213.717772999999,4212.820313,4200.128418,4219.615234000001,4210.128418
4281.922852000001,4219.102539,4227.05127,4222.179688,4227.307617,4211.025879,4213.333496,4206.538574,4215.512695,4222.820313,4217.563965,4208.205078,4227.436035,4216.794922
4273.846191,4212.05127,4216.794922,4211.538574,4222.436035,4222.94873,4218.461426,4202.05127,4209.615234000001,4214.230957,4206.794922,4202.692383,4213.589844,4212.692383
4271.282227000001,4205.384765999999,4212.820313,4207.692383,4217.307617,4215.384765999999,4220.256348,4210.128418,4211.153809,4211.794922,4201.282227000001,4200.128418,4207.692383,4208.846191
4271.794922,4197.94873,4213.717772999999,4205.769043,4213.077147999999,4213.077147999999,4220.512695,4220.256348,4217.820313,4215.512695,4198.974121,4197.436035,4207.05127,4209.358886999999
4268.717772999999,4195.512695,4212.179688,4202.307617,4212.05127,4226.794922,4226.794922,4223.077147999999,4217.436035,4210.769043,4190.769043,4191.666504,4199.230957,4210.512695
4275.641113000001,4202.436035,4218.461426,4209.230957,4216.410156,4223.974121,4217.307617,4217.307617,4213.974121,4212.563965,4191.025879,4191.538574,4203.846191,4212.307617
4282.692383,4201.922852000001,4221.153809,4214.358886999999,4218.461426,4206.794922,4198.846191,4205.512695,4211.794922,4213.846191,4194.230957,4191.794922,4209.743652,4209.871582
4275.512695,4193.974121,4212.05127,4208.717772999999,4216.025879,4211.025879,4209.358886999999,4199.230957,4203.205078,4200.0,4188.333496,4184.615234000001,4198.333496,4205.128418
4271.538574,4197.05127,4208.846191,4207.820313,4212.05127,4217.05127,4224.230957,4193.333496,4190.769043,4194.358886999999,4188.846191,4181.922852000001,4196.794922,4206.025879
4281.794922,4205.769043,4213.974121,4212.563965,4208.589844,4201.025879,4210.0,4190.641113000001,4189.871582,4203.974121,4200.512695,4186.794922,4202.179688,4210.0
4291.666504,4208.077147999999,4218.077147999999,4216.025879,4207.436035,4193.589844,4206.922852000001,4196.282227000001,4194.487305,4205.512695,4207.307617,4192.179688,4195.897461,4215.769043
4294.358886999999,4209.358886999999,4221.922852000001,4218.077147999999,4204.487305,4200.128418,4222.94873,4196.666504,4192.307617,4203.077147999999,4209.871582,4197.94873,4202.05127,4224.871582
4294.358886999999,4214.615234000001,4225.897461,4220.384765999999,4207.94873,4204.487305,4226.538574,4194.871582,4194.743652,4213.205078,4216.282227000001,4200.897461,4220.769043,4230.897461
4290.512695,4214.358886999999,4223.846191,4217.05127,4215.256348,4210.897461,4218.717772999999,4201.153809,4200.897461,4217.179688,4218.205078,4199.743652,4217.436035,4227.436035
4282.692383,4202.563965,4215.897461,4205.128418,4211.282227000001,4219.615234000001,4219.358886999999,4209.230957,4202.436035,4207.179688,4211.153809,4195.384765999999,4199.871582,4219.615234000001
4279.230957,4194.358886999999,4210.769043,4199.871582,4206.025879,4218.333496,4226.538574,4216.794922,4213.461426,4209.358886999999,4211.794922,4191.153809,4202.179688,4218.461426
4278.846191,4192.820313,4209.487305,4200.384765999999,4201.922852000001,4203.205078,4222.563965,4220.256348,4224.230957,4219.487305,4217.94873,4192.05127,4211.025879,4220.512695
4276.410156,4191.794922,4205.897461,4201.410156,4197.94873,4203.205078,4222.307617,4221.410156,4220.256348,4216.922852000001,4214.743652,4190.128418,4207.94873,4216.025879
4271.666504,4193.333496,4196.922852000001,4199.487305,4203.974121,4220.897461,4228.717772999999,4220.0,4213.589844,4208.846191,4205.0,4177.179688,4198.589844,4205.256348
4261.794922,4185.256348,4185.0,4187.179688,4204.743652,4220.897461,4222.05127,4207.436035,4204.102539,4196.666504,4191.025879,4162.692383,4182.692383,4193.846191
4260.0,4179.615234000001,4185.384765999999,4185.641113000001,4200.256348,4214.615234000001,4220.384765999999,4198.461426,4197.563965,4190.256348,4187.692383,4164.615234000001,4181.538574,4192.94873
4275.897461,4195.897461,4199.358886999999,4199.102539,4210.0,4217.563965,4222.05127,4189.358886999999,4198.846191,4204.102539,4202.179688,4179.230957,4202.820313,4206.922852000001
4291.666504,4213.461426,4213.717772999999,4207.05127,4218.717772999999,4209.615234000001,4210.256348,4180.256348,4202.94873,4218.461426,4216.025879,4192.05127,4221.410156,4224.230957
4294.358886999999,4209.615234000001,4218.974121,4205.512695,4211.025879,4194.743652,4203.077147999999,4186.410156,4201.025879,4212.307617,4217.563965,4195.641113000001,4220.897461,4229.743652
4296.153809,4203.717772999999,4221.922852000001,4210.641113000001,4208.461426,4194.743652,4204.743652,4193.974121,4196.153809,4206.538574,4217.179688,4198.589844,4221.282227000001,4229.743652
4303.461426,4215.128418,4232.05127,4221.666504,4214.615234000001,4197.05127,4207.563965,4197.692383,4201.538574,4218.333496,4227.05127,4206.922852000001,4234.230957,4236.025879
4301.666504,4215.769043,4233.974121,4220.256348,4209.102539,4189.743652,4207.436035,4206.025879,4206.666504,4220.256348,4231.153809,4206.794922,4234.102539,4233.974121
4289.487305,4198.717772999999,4221.922852000001,4207.820313,4199.230957,4192.94873,4208.333496,4213.205078,4204.615234000001,4206.410156,4218.077147999999,4194.743652,4212.563965,4217.05127
4278.461426,4185.0,4211.666504,4194.358886999999,4197.820313,4211.538574,4218.974121,4210.512695,4201.025879,4201.282227000001,4201.025879,4183.461426,4192.179688,4201.025879
4266.922852000001,4173.077147999999,4200.384765999999,4181.410156,4197.307617,4223.846191,4229.487305,4202.436035,4197.05127,4195.256348,4190.769043,4177.05127,4182.05127,4188.717772999999
4261.410156,4176.922852000001,4193.589844,4180.769043,4203.461426,4222.94873,4224.487305,4203.333496,4203.077147999999,4194.743652,4197.436035,4176.922852000001,4188.589844,4186.794922
4268.974121,4197.179688,4201.922852000001,4192.820313,4213.974121,4217.692383,4219.358886999999,4222.307617,4218.717772999999,4213.589844,4211.922852000001,4179.358886999999,4204.615234000001,4197.820313
4275.0,4207.05127,4207.563965,4199.487305,4215.256348,4218.846191,4230.0,4231.153809,4220.512695,4224.102539,4213.205078,4180.384765999999,4209.743652,4203.461426
4275.897461,4206.538574,4204.487305,4200.769043,4219.102539,4231.153809,4227.94873,4212.94873,4210.256348,4215.769043,4210.256348,4182.692383,4204.743652,4202.05127
4279.743652,4208.333496,4210.128418,4206.538574,4227.436035,4225.256348,4210.256348,4213.077147999999,4211.153809,4211.282227000001,4215.641113000001,4185.641113000001,4206.153809,4206.922852000001
4286.666504,4213.717772999999,4225.384765999999,4216.666504,4227.94873,4206.025879,4205.769043,4226.025879,4218.077147999999,4219.230957,4226.025879,4191.153809,4223.589844,4218.461426
4299.615234000001,4222.05127,4236.794922,4226.666504,4222.563965,4205.897461,4202.820313,4204.102539,4217.179688,4230.0,4237.692383,4202.05127,4249.358886999999,4235.897461
4314.743652,4230.897461,4240.641113000001,4231.282227000001,4218.846191,4208.717772999999,4192.820313,4178.974121,4211.410156,4235.384765999999,4243.589844,4209.743652,4257.820313,4249.358886999999
4315.0,4230.897461,4242.94873,4230.128418,4221.410156,4201.922852000001,4197.307617,4198.974121,4208.461426,4230.512695,4238.974121,4208.846191,4245.769043,4244.230957
4300.0,4219.615234000001,4235.128418,4221.282227000001,4220.897461,4200.897461,4203.846191,4224.358886999999,4206.025879,4220.641113000001,4229.487305,4201.794922,4229.358886999999,4229.358886999999
4289.487305,4210.256348,4221.153809,4211.153809,4215.256348,4207.820313,4200.769043,4219.743652,4203.717772999999,4219.615234000001,4222.179688,4195.384765999999,4221.025879,4221.666504
4284.615234000001,4204.230957,4212.692383,4205.384765999999,4213.077147999999,4216.282227000001,4199.871582,4210.769043,4204.871582,4217.820313,4215.512695,4190.256348,4217.563965,4216.410156
4277.05127,4196.025879,4205.128418,4196.922852000001,4213.846191,4218.974121,4200.256348,4206.410156,4202.563965,4203.846191,4204.358886999999,4185.384765999999,4209.230957,4205.769043
4273.846191,4189.102539,4198.077147999999,4191.153809,4213.077147999999,4216.153809,4215.769043,4215.769043,4204.487305,4198.974121,4200.0,4181.666504,4202.563965,4198.974121
4273.717772999999,4191.538574,4197.179688,4196.538574,4210.128418,4218.333496,4228.461426,4220.128418,4209.230957,4207.307617,4203.589844,4179.358886999999,4204.615234000001,4197.05127
4275.769043,4201.410156,4201.538574,4201.153809,4210.512695,4221.282227000001,4203.333496,4198.461426,4205.384765999999,4210.128418,4206.538574,4181.794922,4210.0,4198.205078
4278.333496,4205.897461,4205.897461,4202.179688,4214.871582,4215.897461,4181.025879,4179.230957,4197.179688,4208.077147999999,4209.102539,4187.436035,4213.077147999999,4202.436035
4275.641113000001,4198.589844,4203.974121,4200.769043,4213.077147999999,4216.025879,4193.077147999999,4169.615234000001,4184.743652,4199.358886999999,4206.922852000001,4185.128418,4207.436035,4200.512695
4281.538574,4195.384765999999,4202.94873,4203.589844,4212.05127,4219.358886999999,4206.794922,4177.436035,4184.487305,4197.563965,4206.410156,4183.205078,4205.512695,4203.077147999999
4296.410156,4211.153809,4214.102539,4215.0,4219.615234000001,4209.230957,4203.717772999999,4192.820313,4200.256348,4216.922852000001,4220.769043,4193.846191,4223.846191,4221.282227000001
4302.05127,4230.0,4224.615234000001,4225.0,4226.666504,4198.589844,4193.717772999999,4180.384765999999,4206.538574,4233.461426,4236.666504,4205.897461,4245.641113000001,4233.461426
4300.384765999999,4236.282227000001,4223.974121,4229.102539,4226.410156,4201.794922,4188.589844,4168.846191,4205.384765999999,4232.692383,4235.769043,4206.922852000001,4243.717772999999,4227.820313
4299.102539,4232.436035,4224.358886999999,4227.179688,4219.615234000001,4195.128418,4194.743652,4195.512695,4210.128418,4228.077147999999,4230.128418,4204.871582,4228.974121,4222.436035
4295.256348,4230.384765999999,4228.333496,4225.512695,4217.94873,4184.102539,4201.410156,4219.102539,4216.025879,4229.230957,4232.307617,4202.94873,4223.974121,4222.307617
4287.692383,4227.563965,4222.563965,4220.512695,4217.94873,4188.717772999999,4197.307617,4213.589844,4215.0,4225.128418,4226.794922,4196.025879,4216.153809,4212.692383
4284.102539,4214.743652,4212.563965,4213.974121,4209.615234000001,4200.384765999999,4202.563965,4217.179688,4211.025879,4213.461426,4214.102539,4189.615234000001,4198.589844,4202.05127
4278.205078,4204.102539,4205.384765999999,4208.717772999999,4202.563965,4208.205078,4223.333496,4216.794922,4205.641113000001,4204.102539,4207.307617,4184.358886999999,4187.436035,4200.256348
4267.307617,4196.538574,4194.230957,4198.205078,4202.05127,4210.256348,4223.461426,4208.461426,4201.538574,4196.410156,4197.179688,4176.922852000001,4179.871582,4193.205078
4263.846191,4192.179688,4190.0,4191.153809,4208.333496,4216.410156,4206.922852000001,4210.512695,4202.307617,4195.0,4190.256348,4172.307617,4173.077147999999,4185.128418
4271.410156,4201.666504,4200.641113000001,4197.94873,4215.0,4225.0,4209.230957,4212.820313,4211.922852000001,4206.410156,4204.230957,4177.436035,4180.128418,4195.641113000001
4281.666504,4217.307617,4211.538574,4209.743652,4217.179688,4224.743652,4218.974121,4210.897461,4221.794922,4219.102539,4222.436035,4189.615234000001,4202.05127,4214.358886999999
4292.563965,4222.692383,4212.436035,4213.077147999999,4227.820313,4226.538574,4213.077147999999,4202.05127,4217.179688,4221.666504,4226.922852000001,4198.717772999999,4219.487305,4220.769043
4295.641113000001,4218.333496,4207.820313,4209.487305,4237.692383,4230.897461,4202.94873,4195.128418,4209.743652,4218.333496,4223.589844,4197.05127,4215.0,4213.846191
4289.358886999999,4218.974121,4207.820313,4210.641113000001,4231.410156,4228.589844,4197.307617,4193.077147999999,4211.153809,4215.897461,4218.205078,4190.384765999999,4205.0,4204.871582
4290.0,4226.666504,4215.384765999999,4219.487305,4225.641113000001,4222.692383,4190.0,4175.128418,4205.256348,4217.820313,4219.102539,4192.307617,4214.358886999999,4207.692383
4294.230957,4228.461426,4221.922852000001,4221.666504,4225.512695,4213.333496,4188.589844,4166.538574,4196.282227000001,4220.256348,4224.615234000001,4199.102539,4218.077147999999,4216.282227000001
4291.410156,4223.589844,4221.538574,4218.077147999999,4221.794922,4204.487305,4194.230957,4196.282227000001,4201.282227000001,4219.487305,4226.025879,4203.077147999999,4204.615234000001,4213.974121
4285.384765999999,4217.179688,4219.743652,4215.769043,4216.922852000001,4203.589844,4199.358886999999,4221.410156,4205.641113000001,4215.128418,4224.358886999999,4203.717772999999,4202.307617,4208.589844
4283.333496,4211.025879,4219.102539,4210.256348,4209.358886999999,4195.128418,4211.794922,4223.846191,4205.641113000001,4210.512695,4223.205078,4201.794922,4207.05127,4211.794922
4283.589844,4211.410156,4218.461426,4208.333496,4203.077147999999,4191.666504,4220.256348,4215.512695,4202.692383,4203.717772999999,4217.94873,4196.153809,4198.717772999999,4209.102539
4277.563965,4209.487305,4215.384765999999,4206.153809,4204.487305,4204.487305,4207.563965,4201.922852000001,4197.436035,4195.897461,4207.436035,4190.256348,4189.102539,4197.692383
4273.974121,4203.846191,4216.153809,4202.307617,4204.358886999999,4204.871582,4211.153809,4226.794922,4213.589844,4204.615234000001,4211.025879,4193.846191,4198.333496,4201.666504
4269.487305,4197.436035,4210.256348,4196.538574,4196.538574,4199.230957,4233.717772999999,4245.897461,4223.333496,4213.974121,4215.769043,4195.128418,4201.282227000001,4205.769043
4259.358886999999,4190.769043,4193.589844,4189.358886999999,4199.871582,4214.743652,4213.461426,4195.512695,4202.05127,4205.641113000001,4206.922852000001,4187.179688,4188.333496,4195.384765999999
4261.153809,4195.384765999999,4192.05127,4191.410156,4213.333496,4223.461426,4179.871582,4162.94873,4198.589844,4207.820313,4206.666504,4186.666504,4193.974121,4197.563965
4270.256348,4203.846191,4201.282227000001,4199.487305,4214.743652,4212.563965,4192.436035,4187.307617,4215.512695,4217.05127,4212.436035,4188.333496,4208.717772999999,4205.384765999999
4272.179688,4207.05127,4204.102539,4204.871582,4216.282227000001,4213.205078,4205.897461,4197.94873,4217.692383,4216.025879,4211.922852000001,4186.153809,4210.897461,4202.436035
4274.358886999999,4210.641113000001,4208.461426,4206.794922,4217.179688,4213.846191,4190.0,4195.769043,4217.94873,4220.384765999999,4216.666504,4194.358886999999,4213.333496,4204.358886999999
4276.025879,4207.94873,4211.922852000001,4206.153809,4198.589844,4201.025879,4189.487305,4189.743652,4206.538574,4216.922852000001,4217.820313,4199.487305,4215.0,4207.307617
4276.153809,4202.692383,4216.025879,4208.077147999999,4195.512695,4199.743652,4203.205078,4178.717772999999,4185.256348,4199.743652,4209.743652,4195.384765999999,4213.205078,4207.563965
4280.897461,4205.897461,4222.436035,4209.743652,4218.461426,4203.974121,4195.512695,4183.461426,4184.487305,4199.358886999999,4210.128418,4197.692383,4217.307617,4215.0
4283.461426,4207.820313,4223.077147999999,4207.692383,4221.282227000001,4200.384765999999,4192.05127,4190.512695,4189.871582,4208.333496,4215.897461,4196.282227000001,4225.769043,4219.102539
4278.846191,4201.922852000001,4218.333496,4205.641113000001,4206.410156,4195.512695,4209.358886999999,4198.461426,4189.871582,4206.922852000001,4217.436035,4188.717772999999,4226.282227000001,4213.846191
4273.846191,4200.0,4215.512695,4204.358886999999,4207.307617,4193.205078,4213.589844,4216.282227000001,4195.512695,4202.179688,4213.077147999999,4191.794922,4214.487305,4208.589844
4272.307617,4203.077147999999,4213.461426,4201.538574,4218.974121,4197.94873,4193.333496,4219.358886999999,4205.512695,4204.230957,4203.205078,4194.358886999999,4202.436035,4203.589844
4272.307617,4203.589844,4207.820313,4198.974121,4217.94873,4204.487305,4179.487305,4207.820313,4216.538574,4211.153809,4195.512695,4186.794922,4203.846191,4200.128418
4269.358886999999,4203.077147999999,4202.692383,4197.692383,4207.436035,4207.307617,4196.794922,4217.436035,4228.333496,4219.102539,4194.487305,4185.0,4207.820313,4201.922852000001
4260.897461,4200.384765999999,4196.794922,4194.358886999999,4205.897461,4215.641113000001,4217.563965,4230.769043,4232.05127,4223.333496,4192.179688,4183.333496,4201.153809,4198.717772999999
4255.128418,4190.0,4188.974121,4188.846191,4207.307617,4221.025879,4206.153809,4220.769043,4230.128418,4219.487305,4186.025879,4174.743652,4195.384765999999,4190.384765999999
4259.102539,4188.205078,4190.512695,4191.666504,4206.922852000001,4220.512695,4189.358886999999,4209.615234000001,4227.563965,4218.205078,4187.563965,4174.230957,4199.487305,4192.563965
4262.05127,4190.128418,4195.384765999999,4196.794922,4209.102539,4221.153809,4191.922852000001,4200.256348,4210.769043,4212.05127,4188.333496,4174.358886999999,4197.05127,4198.461426
4262.05127,4183.589844,4193.717772999999,4191.410156,4211.025879,4217.05127,4195.769043,4183.461426,4184.230957,4193.589844,4181.282227000001,4169.743652,4185.256348,4198.205078
4273.205078,4183.589844,4199.743652,4191.153809,4205.641113000001,4209.743652,4196.410156,4170.641113000001,4167.307617,4185.512695,4183.717772999999,4176.922852000001,4187.94873,4205.512695
4288.077147999999,4196.025879,4216.282227000001,4205.512695,4199.102539,4202.563965,4192.820313,4180.128418,4169.102539,4192.179688,4198.333496,4193.461426,4202.05127,4221.282227000001
4292.820313,4207.94873,4224.230957,4215.897461,4202.179688,4198.717772999999,4188.589844,4196.666504,4183.717772999999,4201.410156,4211.153809,4202.179688,4210.128418,4229.102539
4290.128418,4205.897461,4220.384765999999,4211.922852000001,4201.282227000001,4198.205078,4195.641113000001,4193.077147999999,4190.512695,4207.692383,4214.871582,4201.538574,4210.128418,4227.05127
4288.717772999999,4196.922852000001,4216.153809,4206.794922,4195.0,4200.256348,4202.563965,4198.461426,4194.102539,4213.846191,4217.179688,4196.410156,4210.0,4225.769043
4286.666504,4199.230957,4214.615234000001,4209.487305,4202.436035,4207.94873,4206.153809,4235.897461,4221.410156,4229.487305,4226.153809,4192.307617,4215.641113000001,4226.538574
4275.897461,4201.025879,4205.641113000001,4205.256348,4213.333496,4212.94873,4208.461426,4252.05127,4243.333496,4239.871582,4223.717772999999,4183.717772999999,4210.0,4211.025879
4264.102539,4193.846191,4193.077147999999,4196.025879,4214.102539,4218.077147999999,4204.487305,4231.922852000001,4236.666504,4233.589844,4208.717772999999,4172.307617,4198.205078,4191.538574
4263.846191,4192.563965,4192.436035,4196.025879,4211.538574,4224.615234000001,4203.077147999999,4233.461426,4241.282227000001,4231.282227000001,4208.461426,4174.615234000001,4203.461426,4195.256348
4265.256348,4192.563965,4196.794922,4194.487305,4204.230957,4222.307617,4205.641113000001,4242.05127,4245.128418,4233.333496,4216.922852000001,4182.692383,4209.230957,4205.256348
4261.794922,4183.974121,4197.179688,4189.615234000001,4199.615234000001,4218.461426,4209.230957,4231.538574,4222.179688,4222.820313,4212.692383,4182.94873,4200.897461,4202.820313
4267.94873,4182.436035,4202.692383,4191.282227000001,4205.641113000001,4222.94873,4220.769043,4230.897461,4203.717772999999,4211.922852000001,4208.589844,4188.333496,4201.538574,4207.307617
4286.666504,4195.256348,4219.230957,4202.820313,4209.358886999999,4225.256348,4224.358886999999,4218.974121,4197.05127,4212.94873,4219.102539,4202.563965,4220.256348,4224.871582
4296.153809,4205.769043,4231.025879,4215.384765999999,4210.128418,4215.256348,4207.692383,4190.128418,4183.461426,4212.436035,4228.846191,4206.538574,4227.94873,4233.205078
4295.641113000001,4208.717772999999,4228.077147999999,4217.563965,4217.05127,4205.512695,4195.641113000001,4188.589844,4176.410156,4207.307617,4228.589844,4204.615234000001,4221.538574,4229.871582
4306.282227000001,4218.077147999999,4231.153809,4218.974121,4225.512695,4212.692383,4201.794922,4206.922852000001,4192.692383,4216.410156,4236.282227000001,4212.179688,4230.256348,4235.641113000001
4312.05127,4224.871582,4236.666504,4223.717772999999,4225.0,4219.358886999999,4205.897461,4202.563965,4202.692383,4229.615234000001,4244.358886999999,4213.846191,4242.307617,4244.743652
4293.077147999999,4212.94873,4223.205078,4217.179688,4217.692383,4210.384765999999,4198.589844,4188.846191,4192.05127,4221.794922,4232.820313,4202.179688,4229.743652,4235.769043
4281.538574,4203.461426,4212.94873,4208.846191,4212.692383,4208.205078,4195.641113000001,4205.128418,4189.743652,4209.230957,4224.743652,4197.692383,4215.769043,4224.102539
4292.05127,4209.615234000001,4221.538574,4211.794922,4215.512695,4217.692383,4199.230957,4222.179688,4198.974121,4214.230957,4232.307617,4204.871582,4223.846191,4228.846191
4296.025879,4213.461426,4224.871582,4214.615234000001,4222.563965,4217.94873,4200.256348,4218.205078,4203.974121,4221.922852000001,4236.282227000001,4206.410156,4231.538574,4234.487305
4287.94873,4207.436035,4217.563965,4209.743652,4223.589844,4208.205078,4192.307617,4211.666504,4200.256348,4214.230957,4230.0,4203.461426,4221.666504,4228.974121
4283.077147999999,4200.256348,4217.94873,4207.563965,4215.769043,4204.230957,4191.410156,4213.589844,4200.897461,4210.512695,4227.820313,4205.128418,4215.128418,4223.974121
4279.743652,4199.487305,4221.282227000001,4207.307617,4209.102539,4215.512695,4215.512695,4219.871582,4207.563965,4219.743652,4232.820313,4205.641113000001,4220.384765999999,4227.820313
4272.820313,4197.692383,4212.94873,4201.025879,4207.436035,4222.692383,4228.461426,4216.282227000001,4200.641113000001,4216.794922,4229.615234000001,4202.563965,4217.94873,4227.307617
4265.128418,4192.05127,4204.358886999999,4195.256348,4210.384765999999,4214.102539,4209.487305,4211.410156,4190.384765999999,4205.0,4217.179688,4196.410156,4207.436035,4215.641113000001
4262.436035,4194.615234000001,4206.666504,4199.102539,4213.333496,4209.615234000001,4193.077147999999,4212.05127,4194.230957,4208.205078,4213.461426,4191.666504,4207.563965,4210.897461
4271.410156,4205.128418,4213.974121,4208.205078,4212.307617,4212.820313,4198.589844,4206.666504,4200.0,4218.846191,4221.794922,4196.666504,4216.410156,4222.05127
4280.641113000001,4212.94873,4218.461426,4216.025879,4215.641113000001,4209.487305,4200.0,4191.794922,4195.0,4222.307617,4228.333496,4201.922852000001,4226.153809,4232.563965
4280.128418,4216.410156,4217.820313,4218.846191,4221.153809,4201.282227000001,4183.333496,4174.487305,4183.205078,4217.436035,4227.692383,4196.153809,4231.153809,4228.717772999999
4278.333496,4216.794922,4215.0,4217.692383,4215.769043,4201.410156,4174.871582,4172.05127,4180.897461,4210.384765999999,4223.461426,4190.641113000001,4226.410156,4218.077147999999
4275.0,4207.820313,4209.358886999999,4212.692383,4203.974121,4205.0,4182.05127,4184.102539,4185.384765999999,4206.282227000001,4217.05127,4188.205078,4214.615234000001,4209.102539
4266.153809,4196.025879,4202.307617,4205.0,4200.641113000001,4201.282227000001,4186.410156,4199.871582,4187.307617,4203.205078,4210.769043,4184.487305,4201.794922,4203.333496
4262.94873,4196.794922,4202.563965,4201.666504,4205.384765999999,4198.846191,4186.153809,4214.102539,4193.461426,4206.666504,4211.025879,4188.077147999999,4195.769043,4202.436035
4262.307617,4195.384765999999,4201.794922,4199.487305,4200.897461,4202.94873,4187.436035,4215.512695,4202.563965,4210.897461,4215.256348,4191.025879,4192.820313,4201.538574
4257.436035,4188.077147999999,4196.410156,4193.974121,4194.487305,4209.871582,4201.153809,4208.205078,4205.384765999999,4213.333496,4216.666504,4185.897461,4192.94873,4201.153809
4263.717772999999,4191.666504,4202.05127,4197.179688,4206.025879,4212.307617,4214.102539,4215.128418,4211.025879,4222.179688,4221.538574,4186.153809,4203.974121,4205.897461
4274.615234000001,4193.717772999999,4208.333496,4202.179688,4214.102539,4207.05127,4216.922852000001,4226.922852000001,4217.563965,4225.512695,4226.410156,4191.666504,4211.666504,4209.358886999999
4271.410156,4190.769043,4202.179688,4196.666504,4207.436035,4210.512695,4216.025879,4217.563965,4210.769043,4218.333496,4222.307617,4188.589844,4206.666504,4208.205078
4264.102539,4195.384765999999,4199.102539,4191.282227000001,4209.743652,4221.153809,4196.282227000001,4193.974121,4200.512695,4215.128418,4215.384765999999,4181.153809,4202.307617,4206.282227000001
4269.743652,4200.897461,4207.820313,4197.94873,4218.077147999999,4214.743652,4178.589844,4190.0,4207.563965,4221.282227000001,4219.871582,4184.230957,4204.615234000001,4207.94873
4275.256348,4200.769043,4210.256348,4206.153809,4218.717772999999,4206.153809,4196.410156,4210.256348,4219.615234000001,4225.256348,4227.05127,4191.282227000001,4205.641113000001,4208.717772999999
4270.0,4205.641113000001,4202.820313,4204.743652,4219.102539,4213.846191,4202.820313,4219.615234000001,4212.94873,4218.589844,4220.512695,4189.102539,4201.538574,4207.563965
4273.461426,4219.743652,4208.077147999999,4209.487305,4222.563965,4215.512695,4177.692383,4217.05127,4207.436035,4216.666504,4216.794922,4186.025879,4206.153809,4214.102539
4277.692383,4221.282227000001,4215.0,4216.282227000001,4219.358886999999,4203.974121,4178.077147999999,4225.256348,4214.615234000001,4222.692383,4219.358886999999,4185.897461,4214.230957,4215.0
4266.410156,4207.05127,4202.692383,4204.743652,4214.358886999999,4204.743652,4205.256348,4229.743652,4207.05127,4215.0,4211.282227000001,4177.820313,4204.743652,4198.205078
4261.922852000001,4201.922852000001,4194.615234000001,4193.077147999999,4217.94873,4218.589844,4208.846191,4221.153809,4196.794922,4202.94873,4210.0,4176.153809,4197.820313,4193.333496
4272.05127,4210.256348,4208.717772999999,4199.743652,4218.333496,4219.743652,4196.794922,4219.615234000001,4206.794922,4213.846191,4227.820313,4191.153809,4212.820313,4210.384765999999
4277.94873,4210.384765999999,4218.846191,4204.487305,4211.922852000001,4213.077147999999,4202.307617,4224.358886999999,4215.769043,4229.743652,4237.820313,4200.256348,4228.205078,4219.615234000001
4270.897461,4197.307617,4210.128418,4196.666504,4209.230957,4209.230957,4221.922852000001,4226.410156,4210.769043,4225.128418,4227.94873,4196.666504,4226.153809,4211.025879
4265.384765999999,4194.102539,4205.256348,4194.230957,4213.589844,4208.717772999999,4220.769043,4227.307617,4209.102539,4221.153809,4220.0,4195.0,4223.717772999999,4202.692383
4274.871582,4209.358886999999,4219.102539,4205.0,4220.384765999999,4213.461426,4213.461426,4220.897461,4215.512695,4235.769043,4230.512695,4202.307617,4235.512695,4209.230957
4282.05127,4213.846191,4227.94873,4208.974121,4219.358886999999,4214.358886999999,4228.846191,4225.641113000001,4220.512695,4240.384765999999,4236.922852000001,4205.128418,4238.846191,4215.769043
4275.0,4202.436035,4218.205078,4204.871582,4221.794922,4215.128418,4226.794922,4256.410156,4223.589844,4225.641113000001,4224.358886999999,4195.769043,4227.94873,4207.05127
4269.615234000001,4206.922852000001,4211.922852000001,4207.692383,4234.743652,4217.94873,4198.974121,4258.205078,4227.563965,4221.666504,4216.282227000001,4190.128418,4225.641113000001,4198.717772999999
4268.846191,4215.769043,4212.692383,4207.692383,4227.94873,4214.743652,4198.461426,4222.563965,4228.205078,4226.794922,4218.717772999999,4194.615234000001,4228.846191,4201.153809
4267.436035,4213.205078,4213.333496,4206.410156,4215.512695,4214.743652,4216.282227000001,4218.974121,4229.358886999999,4227.563965,4224.487305,4199.615234000001,4230.0,4205.256348
4263.589844,4208.461426,4211.410156,4208.205078,4221.410156,4216.153809,4203.974121,4229.102539,4225.128418,4222.05127,4223.461426,4194.871582,4226.410156,4201.666504
4253.205078,4199.871582,4202.563965,4202.94873,4224.358886999999,4208.077147999999,4193.077147999999,4215.256348,4209.102539,4210.384765999999,4210.641113000001,4184.230957,4212.05127,4189.487305
4248.589844,4196.282227000001,4199.487305,4200.769043,4220.769043,4209.615234000001,4208.974121,4220.641113000001,4208.717772999999,4210.256348,4207.94873,4181.025879,4207.94873,4184.871582
4257.179688,4201.922852000001,4204.871582,4205.384765999999,4219.358886999999,4211.410156,4208.205078,4232.820313,4218.589844,4220.512695,4219.230957,4188.846191,4221.025879,4192.436035
4256.538574,4198.846191,4200.256348,4199.615234000001,4212.05127,4200.897461,4201.922852000001,4206.666504,4199.743652,4211.794922,4214.358886999999,4187.94873,4218.717772999999,4187.820313
4242.692383,4187.94873,4187.563965,4187.436035,4205.769043,4203.333496,4208.846191,4178.589844,4166.538574,4187.436035,4192.436035,4171.025879,4198.846191,4166.794922
4243.077147999999,4194.487305,4193.589844,4193.717772999999,4211.794922,4208.717772999999,4201.538574,4184.358886999999,4171.153809,4186.538574,4192.307617,4169.487305,4200.128418,4166.794922
4258.077147999999,4211.666504,4209.615234000001,4209.358886999999,4216.538574,4191.666504,4187.436035,4204.230957,4204.487305,4211.922852000001,4211.538574,4186.922852000001,4221.794922,4192.05127
4263.717772999999,4210.897461,4209.358886999999,4210.128418,4207.179688,4180.384765999999,4198.333496,4223.205078,4220.0,4219.358886999999,4217.692383,4193.333496,4229.102539,4199.743652
4260.384765999999,4205.128418,4208.205078,4206.922852000001,4204.358886999999,4193.846191,4216.922852000001,4236.025879,4221.794922,4213.461426,4212.692383,4187.563965,4226.410156,4186.922852000001
4260.897461,4211.538574,4214.871582,4211.410156,4216.538574,4203.974121,4212.179688,4231.282227000001,4226.794922,4220.512695,4211.025879,4186.666504,4228.974121,4183.205078
4260.256348,4214.102539,4210.897461,4210.128418,4222.179688,4203.974121,4199.230957,4220.0,4226.666504,4225.512695,4210.256348,4190.128418,4229.102539,4186.922852000001
4260.769043,4213.077147999999,4205.769043,4206.153809,4219.487305,4211.025879,4201.025879,4220.641113000001,4224.615234000001,4221.922852000001,4211.282227000001,4194.230957,4227.94873,4189.871582
4263.589844,4211.666504,4210.512695,4209.487305,4221.153809,4214.487305,4207.563965,4222.436035,4220.0,4216.794922,4211.282227000001,4198.589844,4222.307617,4191.666504
4260.128418,4207.436035,4210.512695,4210.256348,4223.077147999999,4210.128418,4206.282227000001,4213.205078,4203.717772999999,4208.589844,4205.0,4196.538574,4209.743652,4190.128418
4261.025879,4210.897461,4208.205078,4208.974121,4224.615234000001,4208.974121,4210.0,4211.410156,4193.077147999999,4207.436035,4205.769043,4195.769043,4212.94873,4193.077147999999
4268.974121,4217.436035,4211.025879,4211.282227000001,4226.282227000001,4210.769043,4220.256348,4211.794922,4191.025879,4209.743652,4210.769043,4202.436035,4223.846191,4199.615234000001
4274.230957,4218.205078,4214.615234000001,4215.0,4230.641113000001,4215.512695,4218.461426,4195.897461,4184.871582,4203.461426,4208.077147999999,4208.846191,4221.025879,4201.025879
4279.102539,4221.025879,4220.256348,4218.974121,4236.025879,4216.922852000001,4210.256348,4186.282227000001,4184.615234000001,4202.94873,4205.128418,4208.461426,4222.05127,4206.153809
4284.743652,4228.461426,4226.410156,4222.179688,4235.128418,4207.692383,4210.256348,4198.846191,4201.410156,4217.436035,4210.256348,4208.205078,4235.0,4217.563965
4282.179688,4224.871582,4224.230957,4219.743652,4232.307617,4208.846191,4216.538574,4210.256348,4219.102539,4225.384765999999,4208.589844,4205.384765999999,4236.922852000001,4217.820313
4272.179688,4213.205078,4212.179688,4211.666504,4229.102539,4218.333496,4212.820313,4205.641113000001,4220.641113000001,4219.487305,4194.615234000001,4196.538574,4228.205078,4203.717772999999
4272.563965,4216.025879,4209.487305,4213.333496,4228.461426,4218.589844,4209.102539,4210.0,4228.461426,4226.538574,4197.692383,4194.743652,4234.102539,4203.717772999999
4280.641113000001,4225.769043,4217.179688,4222.436035,4229.743652,4222.05127,4222.94873,4235.384765999999,4251.410156,4247.820313,4216.153809,4200.769043,4249.358886999999,4219.230957
4284.487305,4226.922852000001,4219.743652,4225.769043,4227.307617,4229.743652,4242.05127,4266.153809,4266.153809,4256.538574,4221.794922,4202.563965,4253.333496,4222.563965
4280.0,4220.512695,4212.05127,4220.897461,4223.589844,4229.487305,4249.487305,4274.615234000001,4255.384765999999,4248.205078,4213.846191,4195.769043,4240.641113000001,4211.538574
4275.128418,4216.025879,4203.205078,4216.794922,4223.589844,4227.820313,4242.307617,4246.410156,4232.563965,4237.307617,4206.025879,4188.589844,4227.436035,4205.512695
4281.794922,4217.692383,4208.077147999999,4220.897461,4224.743652,4225.512695,4238.717772999999,4227.692383,4223.205078,4230.0,4205.128418,4190.0,4228.461426,4208.846191
4285.897461,4214.358886999999,4213.717772999999,4220.128418,4214.743652,4208.717772999999,4234.102539,4231.282227000001,4209.615234000001,4216.153809,4203.589844,4193.589844,4224.743652,4209.871582
4284.102539,4209.102539,4210.256348,4214.487305,4205.641113000001,4191.666504,4213.461426,4212.179688,4180.641113000001,4199.230957,4203.333496,4195.256348,4218.333496,4212.05127
4299.871582,4218.077147999999,4218.461426,4225.0,4209.230957,4192.563965,4202.94873,4191.538574,4175.0,4200.384765999999,4217.436035,4204.487305,4236.666504,4223.974121
4317.179688,4227.05127,4230.0,4233.974121,4206.922852000001,4191.282227000001,4209.871582,4193.333496,4185.384765999999,4208.461426,4228.589844,4215.384765999999,4250.256348,4229.871582
4304.615234000001,4222.307617,4224.743652,4221.410156,4201.153809,4189.230957,4212.94873,4192.436035,4181.794922,4207.179688,4221.538574,4213.333496,4239.102539,4222.563965
4289.358886999999,4220.641113000001,4215.897461,4213.077147999999,4205.0,4201.282227000001,4213.205078,4198.461426,4196.538574,4212.563965,4220.512695,4207.820313,4236.538574,4219.358886999999
4290.256348,4219.102539,4212.820313,4214.743652,4206.153809,4214.743652,4223.205078,4215.769043,4225.0,4222.307617,4226.922852000001,4210.256348,4242.563965,4220.769043
4286.538574,4211.922852000001,4212.94873,4212.563965,4206.282227000001,4218.077147999999,4229.358886999999,4219.871582,4228.589844,4224.615234000001,4225.512695,4211.153809,4239.743652,4217.436035
4275.769043,4207.179688,4212.179688,4210.0,4215.128418,4213.461426,4219.487305,4220.0,4228.717772999999,4227.820313,4222.94873,4204.102539,4235.897461,4210.384765999999
4272.307617,4203.461426,4202.94873,4208.077147999999,4219.743652,4216.666504,4216.922852000001,4240.641113000001,4240.384765999999,4230.384765999999,4222.94873,4199.230957,4230.128418,4207.05127
4275.384765999999,4203.589844,4199.487305,4207.692383,4218.589844,4229.743652,4229.358886999999,4258.974121,4242.563965,4230.0,4222.179688,4199.358886999999,4226.794922,4211.666504
4278.333496,4210.128418,4209.230957,4210.128418,4216.410156,4224.743652,4228.974121,4255.769043,4240.512695,4233.461426,4226.794922,4201.666504,4233.589844,4217.563965
4278.077147999999,4213.461426,4210.897461,4210.897461,4213.974121,4209.230957,4216.794922,4240.769043,4236.794922,4231.666504,4227.820313,4206.153809,4231.282227000001,4214.871582
4271.666504,4209.487305,4203.974121,4206.282227000001,4212.820313,4210.897461,4214.743652,4228.333496,4218.461426,4216.025879,4218.333496,4206.153809,4217.563965,4206.282227000001
4276.538574,4208.974121,4209.743652,4207.94873,4210.384765999999,4210.897461,4214.487305,4228.077147999999,4211.153809,4213.461426,4221.538574,4208.077147999999,4220.897461,4209.358886999999
4289.102539,4217.179688,4219.230957,4216.282227000001,4207.563965,4201.153809,4207.692383,4219.487305,4215.512695,4227.179688,4235.897461,4216.025879,4234.615234000001,4219.615234000001
4285.128418,4215.256348,4214.358886999999,4215.384765999999,4208.589844,4202.820313,4203.333496,4189.743652,4193.846191,4217.05127,4228.717772999999,4215.0,4228.333496,4214.743652
4272.563965,4203.333496,4202.692383,4208.205078,4210.897461,4209.102539,4202.307617,4170.897461,4172.179688,4195.769043,4210.512695,4205.0,4214.230957,4201.025879
4262.94873,4196.538574,4191.538574,4201.282227000001,4206.666504,4206.153809,4198.333496,4174.871582,4178.974121,4195.641113000001,4206.025879,4197.307617,4211.794922,4194.615234000001
4258.846191,4196.922852000001,4184.358886999999,4195.128418,4204.487305,4208.717772999999,4195.384765999999,4178.077147999999,4189.102539,4203.333496,4207.820313,4195.512695,4211.794922,4191.538574
4261.922852000001,4201.025879,4188.077147999999,4195.641113000001,4207.94873,4221.025879,4214.743652,4193.205078,4202.179688,4209.487305,4214.230957,4200.384765999999,4213.974121,4193.205078
4259.615234000001,4199.743652,4190.641113000001,4194.358886999999,4206.153809,4220.641113000001,4235.769043,4228.205078,4221.153809,4213.205078,4220.769043,4202.94873,4213.333496,4196.153809
4256.153809,4200.512695,4190.897461,4193.333496,4211.922852000001,4215.0,4225.128418,4240.641113000001,4226.410156,4217.307617,4221.410156,4201.922852000001,4213.205078,4197.179688
4269.743652,4211.282227000001,4203.717772999999,4203.589844,4225.0,4215.512695,4207.563965,4233.717772999999,4229.487305,4231.538574,4230.128418,4208.974121,4227.94873,4207.436035
4282.692383,4217.436035,4214.102539,4210.256348,4222.179688,4208.589844,4205.512695,4229.743652,4233.333496,4238.077147999999,4235.897461,4212.563965,4235.897461,4216.410156
4282.05127,4217.563965,4212.692383,4209.487305,4216.282227000001,4200.256348,4200.384765999999,4223.205078,4224.230957,4228.205078,4226.794922,4206.410156,4226.538574,4212.692383
4283.589844,4221.538574,4215.384765999999,4215.0,4221.666504,4205.384765999999,4190.256348,4218.333496,4215.256348,4224.487305,4221.410156,4208.974121,4221.282227000001,4210.641113000001
4284.487305,4222.563965,4220.256348,4219.487305,4222.436035,4212.179688,4198.589844,4219.871582,4213.461426,4224.102539,4222.692383,4211.794922,4224.871582,4213.077147999999
4274.615234000001,4214.743652,4212.692383,4212.436035,4217.436035,4208.846191,4210.512695,4213.333496,4205.0,4212.692383,4216.025879,4202.05127,4222.820313,4207.179688
4270.0,4211.410156,4201.922852000001,4204.871582,4215.128418,4211.025879,4207.820313,4197.94873,4195.384765999999,4203.974121,4208.974121,4194.487305,4211.282227000001,4197.179688
4270.512695,4211.538574,4199.230957,4205.897461,4214.487305,4225.384765999999,4204.487305,4188.974121,4191.282227000001,4203.077147999999,4205.897461,4190.384765999999,4196.922852000001,4189.102539
4260.512695,4204.871582,4192.692383,4203.846191,4213.846191,4230.256348,4211.922852000001,4182.05127,4184.743652,4193.205078,4194.871582,4182.05127,4185.256348,4181.153809
4257.820313,4204.871582,4190.256348,4200.641113000001,4212.563965,4220.128418,4228.461426,4180.0,4190.128418,4187.94873,4193.333496,4181.025879,4191.666504,4185.384765999999
4268.461426,4216.025879,4198.974121,4205.384765999999,4210.641113000001,4217.94873,4235.384765999999,4195.512695,4207.179688,4201.282227000001,4209.230957,4190.0,4208.077147999999,4195.769043
4266.538574,4212.94873,4198.333496,4205.512695,4208.974121,4223.333496,4224.230957,4209.743652,4206.153809,4208.589844,4210.641113000001,4191.410156,4204.487305,4192.179688
4268.077147999999,4213.333496,4200.897461,4210.641113000001,4216.153809,4221.538574,4216.025879,4212.436035,4204.871582,4214.615234000001,4210.769043,4195.512695,4205.897461,4195.897461
4290.641113000001,4235.384765999999,4221.794922,4228.461426,4227.94873,4211.410156,4211.538574,4217.05127,4220.384765999999,4235.641113000001,4233.461426,4210.769043,4230.512695,4217.820313
4300.256348,4245.256348,4229.102539,4232.563965,4232.05127,4206.922852000001,4203.589844,4229.487305,4227.179688,4244.358886999999,4246.666504,4218.077147999999,4242.436035,4227.692383
4295.897461,4241.025879,4223.846191,4228.461426,4238.717772999999,4221.922852000001,4203.846191,4238.589844,4229.743652,4242.05127,4243.846191,4219.743652,4241.282227000001,4226.538574
4300.0,4243.077147999999,4230.128418,4232.436035,4243.077147999999,4226.538574,4201.282227000001,4230.897461,4236.410156,4245.0,4246.025879,4221.666504,4246.025879,4231.153809
4298.461426,4240.256348,4228.717772999999,4232.05127,4233.846191,4211.410156,4191.666504,4220.769043,4231.153809,4237.307617,4241.794922,4212.820313,4239.102539,4228.846191
4286.282227000001,4226.025879,4214.358886999999,4221.282227000001,4222.436035,4208.717772999999,4195.641113000001,4217.05127,4215.897461,4218.974121,4224.358886999999,4201.922852000001,4216.282227000001,4212.179688
4278.589844,4220.256348,4211.153809,4217.436035,4220.256348,4218.333496,4206.538574,4215.128418,4211.410156,4215.897461,4216.538574,4198.846191,4207.563965,4200.256348
4270.769043,4219.102539,4210.769043,4217.563965,4221.153809,4224.102539,4217.820313,4219.871582,4216.538574,4218.974121,4218.717772999999,4190.641113000001,4211.922852000001,4197.94873
4260.384765999999,4207.692383,4197.820313,4206.025879,4215.256348,4227.563965,4230.897461,4219.358886999999,4210.128418,4208.205078,4211.153809,4178.974121,4203.717772999999,4188.205078
4262.307617,4205.256348,4190.512695,4201.025879,4215.384765999999,4234.615234000001,4234.487305,4213.846191,4206.666504,4208.077147999999,4206.410156,4180.769043,4198.333496,4181.538574
4271.282227000001,4218.461426,4199.358886999999,4212.307617,4222.436035,4235.384765999999,4227.94873,4230.512695,4224.743652,4225.769043,4219.487305,4190.384765999999,4208.974121,4193.589844
4274.487305,4226.025879,4208.974121,4220.256348,4226.922852000001,4229.358886999999,4227.94873,4251.153809,4235.641113000001,4233.461426,4229.487305,4196.025879,4217.563965,4207.820313
4277.436035,4227.179688,4213.077147999999,4223.461426,4232.692383,4232.563965,4231.410156,4238.333496,4223.461426,4231.538574,4228.333496,4198.717772999999,4219.743652,4209.102539
4282.563965,4228.717772999999,4214.102539,4225.769043,4232.563965,4234.743652,4220.128418,4218.974121,4214.487305,4231.538574,4230.641113000001,4199.487305,4220.897461,4207.692383
4285.384765999999,4232.436035,4218.589844,4227.563965,4228.974121,4222.820313,4205.128418,4224.102539,4219.871582,4236.282227000001,4240.512695,4206.153809,4228.461426,4213.589844
4285.512695,4238.974121,4224.230957,4229.487305,4233.205078,4211.025879,4207.307617,4231.538574,4222.94873,4242.692383,4249.871582,4216.794922,4240.897461,4219.358886999999
4291.153809,4241.538574,4228.461426,4233.846191,4234.743652,4204.358886999999,4210.769043,4231.282227000001,4224.743652,4244.230957,4253.461426,4224.102539,4247.307617,4223.205078
4302.307617,4242.436035,4241.538574,4241.153809,4229.102539,4204.102539,4206.410156,4239.871582,4240.641113000001,4249.871582,4259.871582,4230.0,4250.641113000001,4233.333496
4296.282227000001,4241.794922,4245.512695,4238.077147999999,4230.256348,4209.615234000001,4207.436035,4244.487305,4249.615234000001,4250.641113000001,4257.436035,4225.0,4247.307617,4233.846191
4263.974121,4219.487305,4213.974121,4212.436035,4226.922852000001,4209.358886999999,4215.512695,4227.436035,4223.205078,4217.820313,4225.128418,4200.0,4215.384765999999,4202.692383
4241.538574,4194.743652,4186.666504,4192.820313,4213.077147999999,4211.025879,4219.230957,4213.333496,4201.538574,4187.436035,4195.641113000001,4177.820313,4185.0,4174.102539
4247.820313,4197.436035,4193.589844,4198.589844,4205.0,4220.769043,4216.666504,4218.077147999999,4218.589844,4202.94873,4201.538574,4178.846191,4196.282227000001,4179.230957
4258.333496,4207.692383,4203.974121,4203.461426,4205.897461,4225.0,4223.461426,4228.077147999999,4232.692383,4225.769043,4216.794922,4191.410156,4218.846191,4191.922852000001
4256.282227000001,4204.871582,4202.692383,4197.436035,4209.102539,4222.436035,4237.94873,4229.230957,4219.102539,4219.615234000001,4215.0,4201.538574,4222.94873,4192.179688
4252.820313,4200.384765999999,4203.461426,4197.179688,4210.384765999999,4226.025879,4235.384765999999,4216.922852000001,4204.871582,4206.538574,4208.333496,4198.717772999999,4220.512695,4191.025879
4254.743652,4202.436035,4206.025879,4201.282227000001,4212.820313,4226.282227000001,4217.436035,4212.563965,4208.077147999999,4207.563965,4211.282227000001,4188.717772999999,4220.128418,4196.025879
4257.563965,4207.05127,4204.102539,4201.410156,4216.153809,4217.307617,4208.974121,4213.717772999999,4212.692383,4216.410156,4217.436035,4191.282227000001,4221.410156,4203.974121
4261.794922,4212.820313,4202.307617,4204.487305,4218.077147999999,4216.922852000001,4216.538574,4200.897461,4210.0,4223.205078,4222.179688,4201.922852000001,4224.743652,4209.743652
4263.846191,4214.102539,4200.641113000001,4207.436035,4216.410156,4221.410156,4216.794922,4200.384765999999,4211.282227000001,4222.05127,4224.615234000001,4202.820313,4223.077147999999,4207.94873
4258.974121,4208.205078,4196.538574,4203.205078,4216.153809,4211.922852000001,4198.589844,4218.589844,4218.077147999999,4215.256348,4220.128418,4195.641113000001,4217.307617,4200.897461
4257.820313,4212.692383,4204.358886999999,4205.512695,4224.358886999999,4198.333496,4189.743652,4220.128418,4225.256348,4221.025879,4222.436035,4196.025879,4226.025879,4202.692383
4266.153809,4220.769043,4216.922852000001,4211.794922,4222.436035,4195.512695,4192.307617,4210.769043,4225.641113000001,4228.846191,4230.512695,4198.974121,4236.282227000001,4211.025879
4273.333496,4219.487305,4221.922852000001,4212.692383,4209.871582,4193.205078,4191.538574,4227.563965,4226.666504,4227.05127,4230.0,4201.666504,4233.589844,4213.589844
4263.974121,4215.512695,4217.692383,4210.512695,4205.897461,4189.615234000001,4203.077147999999,4238.717772999999,4224.358886999999,4217.436035,4219.871582,4197.436035,4222.692383,4202.94873
4243.846191,4208.077147999999,4204.230957,4204.102539,4209.102539,4199.487305,4219.615234000001,4210.897461,4206.538574,4201.538574,4206.410156,4183.461426,4206.025879,4185.256348
4240.897461,4206.794922,4201.538574,4201.666504,4213.461426,4212.94873,4215.256348,4203.333496,4207.307617,4205.897461,4203.974121,4180.256348,4204.615234000001,4183.077147999999
4249.615234000001,4209.102539,4209.743652,4205.128418,4214.358886999999,4215.256348,4208.461426,4233.589844,4226.538574,4222.05127,4208.846191,4185.0,4214.102539,4189.102539
4242.307617,4203.205078,4202.179688,4198.846191,4212.820313,4215.897461,4223.077147999999,4237.05127,4220.641113000001,4213.205078,4204.230957,4180.897461,4205.641113000001,4181.538574
4238.717772999999,4205.384765999999,4198.846191,4196.666504,4218.461426,4220.384765999999,4236.153809,4218.717772999999,4215.512695,4211.794922,4205.0,4182.179688,4205.0,4184.615234000001
4254.743652,4219.487305,4216.538574,4208.333496,4225.0,4225.769043,4226.025879,4225.256348,4237.05127,4238.077147999999,4219.615234000001,4195.512695,4230.256348,4203.589844
4265.256348,4227.94873,4221.666504,4214.102539,4225.641113000001,4234.615234000001,4211.922852000001,4233.205078,4247.563965,4249.743652,4226.025879,4197.692383,4244.230957,4207.692383
4257.692383,4228.077147999999,4210.256348,4210.897461,4223.205078,4233.333496,4206.922852000001,4222.307617,4237.692383,4241.025879,4220.0,4192.820313,4232.692383,4202.563965
4249.743652,4226.922852000001,4210.256348,4208.205078,4218.333496,4217.563965,4201.538574,4207.820313,4224.743652,4234.230957,4211.282227000001,4192.563965,4220.0,4203.846191
4253.974121,4222.05127,4216.666504,4208.077147999999,4218.589844,4212.820313,4189.615234000001,4190.897461,4205.0,4221.538574,4200.512695,4183.589844,4215.256348,4203.077147999999
4261.025879,4218.205078,4217.820313,4211.922852000001,4223.333496,4217.94873,4180.641113000001,4179.871582,4188.589844,4208.077147999999,4197.179688,4177.307617,4214.102539,4204.230957
4267.436035,4221.794922,4225.512695,4218.589844,4223.205078,4217.436035,4188.717772999999,4195.256348,4197.692383,4210.256348,4206.410156,4184.743652,4217.179688,4215.384765999999
4272.563965,4221.410156,4231.410156,4218.589844,4216.025879,4210.641113000001,4206.410156,4212.436035,4211.153809,4211.922852000001,4209.358886999999,4187.179688,4217.692383,4221.922852000001
4266.410156,4208.205078,4222.692383,4207.307617,4204.743652,4201.153809,4207.307617,4209.358886999999,4207.436035,4202.692383,4200.897461,4183.077147999999,4207.436035,4219.230957
4259.358886999999,4202.692383,4217.436035,4203.589844,4205.769043,4204.230957,4204.102539,4213.077147999999,4207.563965,4202.307617,4199.743652,4183.974121,4200.256348,4216.538574
4263.205078,4207.179688,4219.743652,4207.436035,4209.615234000001,4214.230957,4220.384765999999,4221.153809,4214.743652,4206.794922,4204.871582,4184.358886999999,4201.153809,4212.692383
4264.230957,4200.384765999999,4218.461426,4204.487305,4197.563965,4218.589844,4235.384765999999,4223.846191,4222.05127,4210.897461,4208.333496,4181.282227000001,4204.358886999999,4209.358886999999
4259.358886999999,4194.743652,4213.333496,4200.128418,4193.589844,4223.077147999999,4224.743652,4228.461426,4225.641113000001,4217.94873,4210.897461,4179.871582,4204.615234000001,4208.461426
4261.153809,4204.871582,4207.179688,4200.384765999999,4205.0,4218.461426,4204.102539,4225.512695,4214.615234000001,4213.974121,4206.922852000001,4177.692383,4195.897461,4202.307617
4268.589844,4219.871582,4204.871582,4206.666504,4210.897461,4209.487305,4197.436035,4212.94873,4205.256348,4204.487305,4199.615234000001,4175.512695,4192.94873,4198.333496
4270.128418,4227.563965,4208.461426,4214.230957,4206.538574,4214.358886999999,4200.897461,4198.333496,4210.256348,4204.871582,4198.846191,4172.307617,4199.102539,4200.897461
4266.666504,4228.589844,4211.025879,4218.077147999999,4201.922852000001,4224.358886999999,4208.846191,4195.897461,4212.692383,4207.94873,4200.128418,4168.846191,4195.0,4197.820313
4262.563965,4225.384765999999,4210.256348,4217.179688,4204.871582,4218.461426,4211.666504,4199.743652,4204.487305,4204.871582,4196.794922,4168.461426,4183.974121,4188.589844
4255.897461,4220.512695,4209.358886999999,4213.205078,4212.179688,4214.743652,4200.128418,4188.333496,4197.820313,4198.077147999999,4190.512695,4169.871582,4180.128418,4185.128418
4254.230957,4225.256348,4211.666504,4217.179688,4217.179688,4231.282227000001,4197.94873,4181.922852000001,4199.358886999999,4199.743652,4193.717772999999,4172.05127,4184.871582,4191.538574
4262.692383,4231.025879,4215.128418,4223.846191,4214.615234000001,4228.717772999999,4200.0,4201.922852000001,4209.871582,4209.743652,4208.589844,4178.461426,4193.846191,4200.384765999999
4267.820313,4228.974121,4216.410156,4223.589844,4208.846191,4198.589844,4189.615234000001,4219.487305,4221.153809,4214.743652,4216.410156,4186.153809,4200.897461,4201.282227000001
4260.0,4222.05127,4210.769043,4216.410156,4204.487305,4197.307617,4195.384765999999,4215.512695,4214.871582,4207.94873,4210.512695,4185.384765999999,4195.897461,4193.846191
4254.487305,4214.615234000001,4199.871582,4209.487305,4201.282227000001,4215.384765999999,4211.666504,4207.820313,4200.0,4197.179688,4201.410156,4179.358886999999,4185.641113000001,4189.743652
4265.641113000001,4221.410156,4200.0,4214.871582,4206.922852000001,4205.769043,4206.538574,4210.0,4206.538574,4201.538574,4208.077147999999,4184.102539,4193.974121,4201.025879
4274.102539,4228.974121,4208.461426,4220.0,4209.871582,4194.615234000001,4197.94873,4221.153809,4220.0,4213.846191,4220.384765999999,4192.436035,4205.256348,4207.563965
4269.230957,4222.820313,4210.512695,4214.743652,4201.666504,4201.538574,4201.666504,4229.743652,4218.717772999999,4213.717772999999,4217.05127,4190.128418,4198.846191,4200.0
4274.230957,4224.102539,4213.846191,4218.846191,4201.282227000001,4208.589844,4204.615234000001,4229.358886999999,4223.333496,4216.794922,4215.128418,4192.179688,4201.410156,4205.128418
4281.794922,4232.179688,4216.794922,4226.794922,4209.871582,4219.102539,4211.538574,4215.128418,4226.538574,4226.794922,4219.358886999999,4198.333496,4210.641113000001,4211.794922
4268.974121,4222.307617,4207.94873,4218.461426,4209.487305,4229.230957,4221.666504,4201.794922,4215.769043,4219.358886999999,4215.0,4188.846191,4202.05127,4197.692383
4259.487305,4211.666504,4203.589844,4213.846191,4206.410156,4229.102539,4213.974121,4210.897461,4218.974121,4209.358886999999,4211.153809,4178.974121,4195.897461,4189.743652
4267.94873,4220.512695,4210.512695,4220.769043,4211.282227000001,4227.692383,4203.077147999999,4215.512695,4222.05127,4211.922852000001,4215.384765999999,4183.717772999999,4202.179688,4200.897461
4267.94873,4227.436035,4209.487305,4221.025879,4220.256348,4227.820313,4199.871582,4192.692383,4201.410156,4207.692383,4212.94873,4184.230957,4196.153809,4203.205078
4258.846191,4222.94873,4201.922852000001,4216.025879,4223.461426,4219.102539,4186.282227000001,4180.897461,4198.461426,4203.205078,4204.487305,4174.230957,4185.769043,4192.94873
4259.871582,4215.384765999999,4199.615234000001,4212.05127,4213.717772999999,4215.641113000001,4191.410156,4204.871582,4218.589844,4209.102539,4204.615234000001,4171.410156,4190.512695,4188.205078
4256.153809,4206.282227000001,4195.0,4205.384765999999,4202.692383,4221.153809,4219.102539,4222.94873,4217.563965,4208.589844,4205.641113000001,4172.563965,4193.333496,4188.333496
4247.94873,4202.179688,4189.615234000001,4201.410156,4202.307617,4214.102539,4210.641113000001,4215.897461,4211.538574,4204.615234000001,4202.94873,4171.666504,4188.589844,4191.410156
4259.230957,4213.717772999999,4202.820313,4210.128418,4211.282227000001,4210.384765999999,4190.256348,4221.153809,4231.282227000001,4215.512695,4211.282227000001,4179.871582,4193.974121,4203.589844
4273.974121,4224.102539,4217.307617,4220.641113000001,4213.846191,4218.589844,4204.487305,4235.128418,4240.641113000001,4222.94873,4223.077147999999,4187.436035,4201.282227000001,4212.179688
4272.307617,4221.025879,4213.205078,4218.846191,4207.436035,4216.025879,4216.794922,4221.666504,4217.692383,4214.487305,4218.077147999999,4183.846191,4199.230957,4208.717772999999
4267.307617,4215.512695,4212.436035,4212.820313,4202.692383,4209.615234000001,4213.077147999999,4215.641113000001,4207.692383,4207.820313,4210.641113000001,4181.410156,4199.487305,4207.820313
4271.922852000001,4217.179688,4221.153809,4215.769043,4202.692383,4207.563965,4207.05127,4229.615234000001,4213.974121,4205.769043,4215.256348,4186.794922,4206.282227000001,4214.615234000001
4284.615234000001,4232.179688,4230.0,4232.05127,4210.512695,4205.641113000001,4199.871582,4209.487305,4203.205078,4209.871582,4224.743652,4191.282227000001,4216.025879,4223.205078
4290.769043,4247.563965,4235.384765999999,4243.974121,4217.820313,4205.512695,4202.820313,4175.769043,4193.077147999999,4217.307617,4228.333496,4189.743652,4222.94873,4228.717772999999
4281.666504,4246.794922,4229.230957,4236.666504,4218.461426,4211.410156,4210.256348,4181.538574,4202.563965,4215.512695,4224.615234000001,4188.461426,4224.871582,4226.538574
4272.692383,4239.743652,4217.692383,4224.615234000001,4218.077147999999,4223.589844,4212.563965,4200.641113000001,4206.922852000001,4210.512695,4221.025879,4186.282227000001,4220.256348,4218.846191
4270.897461,4237.179688,4213.589844,4221.666504,4219.871582,4226.410156,4212.179688,4199.487305,4201.666504,4209.230957,4214.358886999999,4178.461426,4204.743652,4210.0
4272.692383,4237.820313,4214.102539,4225.256348,4221.282227000001,4221.153809,4209.871582,4210.512695,4212.94873,4215.769043,4211.153809,4177.179688,4196.282227000001,4204.871582
4274.102539,4238.205078,4208.461426,4225.0,4221.410156,4226.666504,4206.410156,4238.717772999999,4230.897461,4222.563965,4212.820313,4184.358886999999,4198.077147999999,4204.230957
4270.128418,4235.128418,4202.692383,4219.871582,4221.538574,4234.230957,4208.717772999999,4247.436035,4231.538574,4216.538574,4211.282227000001,4184.487305,4191.025879,4202.307617
4267.307617,4234.102539,4204.615234000001,4220.256348,4221.153809,4227.436035,4211.538574,4238.333496,4228.077147999999,4213.077147999999,4210.512695,4182.820313,4190.0,4198.461426
4265.384765999999,4229.230957,4205.0,4219.102539,4213.717772999999,4219.102539,4215.256348,4232.94873,4225.256348,4213.974121,4211.282227000001,4182.692383,4199.230957,4195.0
4258.333496,4219.487305,4200.897461,4211.153809,4205.641113000001,4225.128418,4222.307617,4244.358886999999,4222.563965,4206.025879,4208.974121,4175.769043,4196.794922,4192.820313
4255.769043,4223.974121,4202.179688,4211.538574,4211.794922,4223.974121,4213.077147999999,4237.94873,4216.794922,4201.153809,4208.461426,4172.820313,4192.563965,4193.589844
4264.487305,4233.333496,4210.384765999999,4219.743652,4217.692383,4207.563965,4197.563965,4205.897461,4200.128418,4202.820313,4212.307617,4178.717772999999,4197.692383,4198.333496
4276.153809,4238.333496,4221.282227000001,4229.358886999999,4220.897461,4207.563965,4198.205078,4208.333496,4197.307617,4206.025879,4218.974121,4185.0,4205.897461,4203.717772999999
4279.230957,4241.794922,4223.974121,4235.384765999999,4227.820313,4219.102539,4195.769043,4220.512695,4201.666504,4205.512695,4222.820313,4190.0,4209.871582,4205.0
4280.256348,4241.794922,4220.897461,4235.512695,4228.333496,4214.102539,4181.922852000001,4192.692383,4188.717772999999,4202.05127,4223.077147999999,4195.769043,4211.538574,4208.333496
4286.922852000001,4247.307617,4227.692383,4241.282227000001,4226.922852000001,4206.025879,4179.743652,4174.615234000001,4184.487305,4208.717772999999,4231.025879,4201.922852000001,4217.94873,4218.974121
4288.589844,4251.922852000001,4232.563965,4246.153809,4229.871582,4212.94873,4190.384765999999,4196.153809,4200.641113000001,4217.563965,4234.871582,4203.205078,4219.487305,4221.538574
4281.410156,4246.538574,4221.282227000001,4239.615234000001,4229.743652,4220.384765999999,4202.179688,4214.743652,4213.717772999999,4216.282227000001,4224.358886999999,4197.563965,4211.666504,4211.410156
4272.307617,4239.743652,4206.794922,4227.820313,4220.128418,4220.256348,4213.717772999999,4213.846191,4216.282227000001,4214.230957,4218.589844,4188.461426,4204.230957,4201.025879
4266.794922,4238.974121,4202.94873,4221.153809,4215.128418,4224.230957,4217.05127,4221.922852000001,4220.769043,4213.589844,4217.692383,4183.589844,4197.307617,4196.410156
4266.666504,4236.410156,4207.179688,4223.461426,4219.487305,4232.563965,4221.922852000001,4238.589844,4224.358886999999,4208.717772999999,4215.512695,4183.461426,4193.846191,4198.589844
4262.820313,4226.922852000001,4207.05127,4223.461426,4214.230957,4230.512695,4233.077147999999,4244.102539,4220.897461,4204.615234000001,4213.974121,4184.230957,4190.256348,4194.871582
4256.666504,4222.692383,4206.410156,4221.282227000001,4208.846191,4222.05127,4233.717772999999,4244.871582,4222.94873,4206.666504,4211.410156,4185.641113000001,4183.205078,4186.282227000001
4260.641113000001,4229.871582,4211.153809,4224.102539,4219.487305,4221.666504,4228.205078,4244.102539,4224.615234000001,4208.589844,4211.153809,4186.538574,4184.871582,4191.922852000001
4268.461426,4239.615234000001,4218.974121,4230.769043,4225.512695,4224.615234000001,4227.307617,4226.538574,4211.794922,4208.333496,4220.0,4191.282227000001,4201.410156,4206.794922
4273.974121,4246.025879,4226.282227000001,4240.0,4222.179688,4214.230957,4216.922852000001,4214.871582,4207.820313,4218.205078,4236.153809,4200.512695,4220.897461,4218.077147999999
4278.974121,4246.922852000001,4229.871582,4243.461426,4224.871582,4198.333496,4192.94873,4228.717772999999,4216.666504,4226.410156,4243.717772999999,4204.871582,4225.769043,4224.230957
4279.871582,4247.692383,4228.974121,4241.025879,4232.563965,4202.179688,4180.512695,4215.256348,4200.384765999999,4212.563965,4236.410156,4202.179688,4218.461426,4224.358886999999
4278.974121,4249.358886999999,4229.230957,4241.538574,4235.769043,4210.128418,4181.153809,4173.846191,4171.025879,4198.717772999999,4227.05127,4197.563965,4211.538574,4219.615234000001
4281.666504,4247.179688,4231.666504,4241.794922,4230.0,4203.846191,4186.282227000001,4169.871582,4170.512695,4203.461426,4222.94873,4193.589844,4205.128418,4216.538574
4282.692383,4242.692383,4230.769043,4235.897461,4225.0,4210.384765999999,4204.487305,4194.230957,4187.05127,4206.410156,4220.641113000001,4194.487305,4194.871582,4215.641113000001
4275.512695,4237.820313,4223.846191,4228.974121,4226.538574,4224.743652,4216.666504,4206.666504,4195.128418,4200.128418,4217.05127,4198.974121,4185.897461,4212.563965
4262.05127,4228.205078,4212.94873,4222.05127,4222.179688,4221.282227000001,4212.94873,4216.922852000001,4200.384765999999,4199.743652,4212.692383,4194.102539,4187.05127,4203.846191
4250.384765999999,4216.794922,4205.0,4211.794922,4208.461426,4211.153809,4212.820313,4232.820313,4211.666504,4200.128418,4208.205078,4183.205078,4190.897461,4193.461426
4247.94873,4210.769043,4202.179688,4206.153809,4201.282227000001,4209.230957,4213.077147999999,4239.358886999999,4223.205078,4199.230957,4204.615234000001,4182.179688,4189.615234000001,4192.692383
4250.641113000001,4215.256348,4203.077147999999,4210.641113000001,4211.025879,4216.153809,4210.384765999999,4238.974121,4228.589844,4205.512695,4203.589844,4184.102539,4188.077147999999,4197.94873
4254.743652,4228.077147999999,4208.846191,4220.384765999999,4222.179688,4225.641113000001,4207.692383,4236.025879,4227.94873,4210.256348,4207.692383,4180.897461,4193.461426,4199.871582
4257.307617,4232.05127,4209.230957,4223.077147999999,4223.205078,4223.205078,4202.820313,4227.307617,4220.128418,4206.282227000001,4209.358886999999,4180.384765999999,4198.589844,4200.0
4255.512695,4224.871582,4202.05127,4216.794922,4222.307617,4213.589844,4199.102539,4214.358886999999,4206.025879,4198.589844,4202.820313,4181.922852000001,4196.410156,4198.717772999999
4254.743652,4227.563965,4200.384765999999,4217.307617,4223.974121,4208.461426,4195.256348,4202.307617,4197.563965,4196.153809,4203.333496,4183.974121,4199.615234000001,4199.230957
4264.743652,4241.153809,4211.666504,4233.589844,4225.384765999999,4205.897461,4192.179688,4206.794922,4207.692383,4206.922852000001,4219.871582,4192.94873,4216.538574,4209.871582
4271.922852000001,4245.128418,4217.820313,4240.897461,4225.897461,4199.615234000001,4192.94873,4215.256348,4214.102539,4215.897461,4228.461426,4199.615234000001,4224.743652,4219.102539
4265.897461,4242.692383,4211.025879,4229.615234000001,4226.025879,4194.487305,4191.922852000001,4205.769043,4201.922852000001,4209.358886999999,4220.256348,4197.692383,4213.461426,4215.256348
4262.820313,4244.743652,4210.128418,4226.153809,4224.615234000001,4201.282227000001,4196.794922,4200.384765999999,4200.512695,4207.820313,4218.589844,4198.077147999999,4207.307617,4211.153809
4258.974121,4236.794922,4208.589844,4226.538574,4219.358886999999,4206.282227000001,4212.436035,4210.897461,4206.025879,4208.205078,4213.717772999999,4195.641113000001,4204.102539,4203.974121
4251.666504,4222.94873,4200.256348,4218.974121,4215.0,4200.641113000001,4220.128418,4220.512695,4203.717772999999,4197.94873,4198.846191,4188.589844,4191.282227000001,4191.794922
4248.333496,4215.641113000001,4197.179688,4215.256348,4212.436035,4200.512695,4217.179688,4225.0,4203.974121,4194.487305,4191.282227000001,4187.05127,4180.641113000001,4185.0
4239.743652,4204.358886999999,4194.358886999999,4208.589844,4206.922852000001,4208.589844,4220.256348,4227.307617,4205.512695,4193.077147999999,4184.487305,4183.717772999999,4170.769043,4177.436035
4227.563965,4196.794922,4186.025879,4197.436035,4212.436035,4221.410156,4229.615234000001,4230.512695,4209.871582,4188.333496,4177.05127,4175.769043,4164.358886999999,4171.666504
4232.820313,4202.307617,4185.897461,4201.794922,4226.282227000001,4228.717772999999,4223.589844,4234.487305,4220.0,4193.846191,4181.153809,4177.820313,4168.974121,4178.846191
4252.307617,4212.692383,4195.256348,4217.05127,4226.794922,4219.871582,4210.897461,4226.282227000001,4220.128418,4203.717772999999,4188.333496,4187.820313,4180.0,4191.666504
4257.05127,4221.282227000001,4199.871582,4221.410156,4222.563965,4213.205078,4217.179688,4210.256348,4209.230957,4205.512695,4186.666504,4190.384765999999,4188.846191,4196.666504
4254.230957,4229.871582,4203.461426,4221.025879,4230.769043,4217.94873,4223.333496,4205.769043,4210.769043,4207.436035,4189.615234000001,4190.384765999999,4199.743652,4203.461426
4271.922852000001,4244.102539,4219.230957,4232.820313,4239.487305,4217.179688,4212.820313,4211.410156,4225.641113000001,4226.410156,4210.0,4204.230957,4221.794922,4226.538574
4291.666504,4252.179688,4234.102539,4242.692383,4235.769043,4210.512695,4211.282227000001,4218.974121,4231.025879,4241.282227000001,4225.641113000001,4220.512695,4234.871582,4245.128418
4285.641113000001,4243.205078,4231.538574,4237.05127,4230.641113000001,4212.692383,4229.230957,4222.179688,4219.230957,4230.256348,4219.358886999999,4216.025879,4225.0,4239.358886999999
4268.717772999999,4232.436035,4221.666504,4227.692383,4226.025879,4217.436035,4245.641113000001,4215.897461,4202.94873,4209.230957,4206.153809,4199.871582,4213.717772999999,4225.897461
4257.307617,4220.256348,4209.871582,4216.410156,4211.922852000001,4211.794922,4245.769043,4200.641113000001,4184.358886999999,4188.333496,4191.025879,4186.794922,4199.230957,4211.153809
4248.461426,4205.256348,4200.0,4207.179688,4204.743652,4210.0,4238.589844,4188.974121,4169.871582,4176.410156,4177.563965,4175.0,4180.0,4193.717772999999
4238.077147999999,4195.641113000001,4193.717772999999,4200.128418,4204.615234000001,4214.230957,4239.615234000001,4193.846191,4169.487305,4173.461426,4173.974121,4166.538574,4169.102539,4184.102539
4225.0,4188.461426,4182.436035,4187.820313,4198.461426,4211.153809,4247.692383,4197.692383,4172.94873,4166.922852000001,4170.897461,4164.615234000001,4162.563965,4177.436035
4220.128418,4185.384765999999,4177.179688,4184.487305,4201.538574,4211.538574,4245.384765999999,4202.179688,4183.846191,4170.641113000001,4173.077147999999,4166.282227000001,4159.615234000001,4177.05127
4236.153809,4197.692383,4190.0,4198.333496,4211.794922,4217.94873,4229.230957,4214.102539,4205.769043,4193.333496,4191.025879,4175.128418,4173.205078,4196.410156
4261.153809,4218.205078,4208.461426,4215.897461,4218.974121,4218.717772999999,4229.230957,4231.922852000001,4227.307617,4216.153809,4211.922852000001,4193.461426,4198.717772999999,4221.538574
4271.922852000001,4223.589844,4217.436035,4221.410156,4220.897461,4218.077147999999,4245.769043,4244.358886999999,4238.846191,4222.820313,4219.358886999999,4202.179688,4208.846191,4230.641113000001
4273.461426,4225.769043,4222.05127,4221.794922,4221.538574,4223.846191,4232.563965,4229.615234000001,4237.436035,4223.717772999999,4223.589844,4199.743652,4207.307617,4231.666504
4290.897461,4249.102539,4233.461426,4234.358886999999,4230.0,4223.461426,4201.153809,4213.717772999999,4241.410156,4238.846191,4241.153809,4210.512695,4226.025879,4245.769043
4305.512695,4263.461426,4242.820313,4244.102539,4229.871582,4209.358886999999,4200.641113000001,4223.589844,4250.769043,4254.615234000001,4254.487305,4222.307617,4248.461426,4260.512695
4289.871582,4244.102539,4239.358886999999,4235.384765999999,4219.487305,4202.05127,4220.256348,4231.025879,4242.692383,4245.256348,4244.871582,4212.94873,4237.436035,4250.512695
4267.436035,4225.128418,4226.410156,4223.846191,4220.512695,4212.563965,4223.589844,4208.846191,4220.384765999999,4223.077147999999,4225.897461,4198.205078,4209.230957,4225.128418
4257.436035,4225.256348,4214.615234000001,4221.025879,4223.589844,4218.589844,4226.282227000001,4189.615234000001,4206.282227000001,4208.717772999999,4213.461426,4192.94873,4195.897461,4210.769043
4246.410156,4222.94873,4208.717772999999,4219.615234000001,4217.307617,4213.077147999999,4242.05127,4199.102539,4203.461426,4200.641113000001,4206.410156,4187.05127,4189.615234000001,4206.794922
4237.179688,4211.666504,4203.077147999999,4212.179688,4214.487305,4209.871582,4243.589844,4209.358886999999,4198.461426,4195.641113000001,4201.666504,4180.897461,4179.358886999999,4202.307617
4245.641113000001,4207.94873,4204.102539,4206.794922,4213.205078,4207.436035,4236.794922,4215.0,4195.0,4194.230957,4205.512695,4187.307617,4177.820313,4205.769043
4260.641113000001,4217.563965,4215.641113000001,4213.974121,4205.256348,4204.615234000001,4241.410156,4220.769043,4194.102539,4195.0,4213.589844,4200.769043,4189.102539,4217.820313
4264.871582,4222.307617,4220.897461,4220.384765999999,4202.179688,4212.94873,4245.769043,4225.897461,4193.205078,4197.94873,4219.615234000001,4205.128418,4200.0,4224.102539
4267.307617,4222.307617,4222.436035,4219.102539,4211.025879,4224.615234000001,4231.538574,4223.846191,4198.077147999999,4205.384765999999,4230.384765999999,4205.384765999999,4208.846191,4228.846191
4281.153809,4231.666504,4232.179688,4225.256348,4218.717772999999,4215.256348,4204.358886999999,4215.769043,4208.717772999999,4217.05127,4245.0,4214.487305,4222.692383,4241.794922
4299.102539,4245.384765999999,4243.461426,4240.512695,4217.436035,4201.282227000001,4195.128418,4225.512695,4226.538574,4233.717772999999,4256.922852000001,4225.128418,4232.94873,4257.05127
4299.871582,4249.358886999999,4245.512695,4244.487305,4218.717772999999,4208.974121,4205.641113000001,4234.871582,4238.717772999999,4244.743652,4258.205078,4223.846191,4233.846191,4256.153809
4281.794922,4237.563965,4233.974121,4232.05127,4220.0,4212.05127,4208.589844,4213.717772999999,4230.256348,4235.0,4246.153809,4214.230957,4227.179688,4239.230957
4265.128418,4223.077147999999,4217.94873,4220.769043,4219.230957,4206.410156,4208.205078,4209.358886999999,4227.436035,4224.230957,4234.358886999999,4205.384765999999,4217.05127,4225.897461
4255.256348,4218.589844,4210.769043,4216.922852000001,4224.871582,4215.769043,4215.384765999999,4227.820313,4234.487305,4225.128418,4226.025879,4192.179688,4206.282227000001,4213.205078
4250.256348,4218.589844,4208.077147999999,4214.743652,4229.487305,4225.897461,4219.358886999999,4216.794922,4227.820313,4223.974121,4217.05127,4180.256348,4199.487305,4200.384765999999
4254.871582,4219.102539,4209.487305,4216.794922,4221.538574,4219.743652,4226.794922,4206.666504,4226.666504,4228.333496,4222.05127,4189.487305,4206.282227000001,4204.102539
4259.615234000001,4221.538574,4215.256348,4220.128418,4213.461426,4208.974121,4229.615234000001,4220.512695,4232.94873,4234.487305,4233.333496,4203.461426,4216.666504,4215.512695
4253.846191,4217.307617,4211.025879,4216.025879,4213.717772999999,4208.717772999999,4216.282227000001,4216.025879,4217.307617,4219.358886999999,4224.871582,4194.230957,4209.358886999999,4213.205078
4251.153809,4210.641113000001,4205.256348,4213.461426,4211.538574,4209.743652,4213.461426,4209.102539,4200.641113000001,4200.641113000001,4213.846191,4183.333496,4193.846191,4208.589844
4263.461426,4223.717772999999,4218.461426,4221.922852000001,4204.871582,4198.205078,4227.692383,4223.717772999999,4206.666504,4206.025879,4221.922852000001,4194.102539,4200.512695,4220.897461
4278.077147999999,4240.256348,4234.615234000001,4232.05127,4204.743652,4190.769043,4230.512695,4221.794922,4211.025879,4215.512695,4231.282227000001,4206.025879,4224.358886999999,4238.077147999999
4275.769043,4231.538574,4229.487305,4225.128418,4208.333496,4198.589844,4214.615234000001,4193.589844,4198.589844,4202.94873,4223.461426,4202.820313,4219.743652,4237.436035
4266.666504,4221.410156,4222.307617,4216.410156,4209.487305,4211.666504,4214.358886999999,4198.205078,4200.897461,4196.922852000001,4216.410156,4198.974121,4199.102539,4230.384765999999
4266.666504,4228.589844,4227.05127,4223.461426,4211.666504,4217.563965,4234.871582,4236.282227000001,4225.897461,4218.205078,4227.179688,4200.128418,4207.307617,4236.153809
4261.794922,4228.461426,4222.436035,4222.05127,4212.307617,4216.153809,4228.846191,4237.436035,4237.692383,4232.179688,4233.333496,4196.538574,4218.717772999999,4234.230957
4248.333496,4220.0,4210.897461,4211.410156,4216.410156,4216.794922,4207.94873,4207.05127,4226.922852000001,4222.179688,4226.922852000001,4188.974121,4208.974121,4218.077147999999
4244.487305,4219.102539,4210.384765999999,4214.615234000001,4224.615234000001,4218.589844,4210.512695,4207.179688,4222.94873,4218.846191,4230.769043,4189.871582,4207.692383,4217.05127
4251.025879,4223.717772999999,4218.205078,4225.0,4225.128418,4215.0,4214.487305,4225.641113000001,4230.512695,4232.179688,4241.666504,4198.589844,4220.256348,4228.077147999999
4250.897461,4225.641113000001,4218.717772999999,4223.717772999999,4216.794922,4208.205078,4211.794922,4226.410156,4229.743652,4230.897461,4237.692383,4198.974121,4216.282227000001,4224.743652
4240.0,4214.743652,4210.128418,4210.512695,4207.820313,4207.436035,4223.077147999999,4221.410156,4215.128418,4205.897461,4218.589844,4187.563965,4196.538574,4206.410156
4237.820313,4206.410156,4209.102539,4204.487305,4204.615234000001,4205.128418,4231.922852000001,4222.563965,4203.846191,4195.256348,4210.384765999999,4178.461426,4195.641113000001,4198.077147999999
4245.0,4213.205078,4214.615234000001,4208.077147999999,4200.0,4192.94873,4221.666504,4225.512695,4208.717772999999,4205.769043,4216.153809,4181.025879,4210.641113000001,4207.436035
4250.0,4217.179688,4215.128418,4208.077147999999,4195.0,4191.538574,4218.846191,4222.94873,4213.589844,4211.025879,4219.358886999999,4187.94873,4216.666504,4212.05127
4253.077147999999,4216.666504,4216.922852000001,4208.461426,4202.820313,4208.205078,4226.025879,4205.128418,4204.615234000001,4209.743652,4221.153809,4188.846191,4215.641113000001,4207.692383
4254.230957,4218.205078,4219.230957,4214.871582,4212.563965,4216.666504,4221.922852000001,4202.692383,4200.641113000001,4208.846191,4221.794922,4186.153809,4215.0,4206.025879
4247.94873,4215.769043,4210.897461,4214.615234000001,4210.641113000001,4218.077147999999,4222.94873,4226.538574,4209.743652,4206.282227000001,4216.025879,4186.282227000001,4207.94873,4200.0
4239.230957,4208.846191,4201.410156,4207.692383,4207.692383,4224.358886999999,4234.615234000001,4228.077147999999,4214.615234000001,4205.512695,4209.743652,4187.820313,4194.615234000001,4192.563965
4234.487305,4201.538574,4198.333496,4201.794922,4207.820313,4219.487305,4229.230957,4205.384765999999,4213.717772999999,4205.641113000001,4207.307617,4186.025879,4186.153809,4193.077147999999
4232.307617,4200.128418,4196.410156,4199.487305,4211.282227000001,4215.256348,4205.512695,4204.487305,4217.820313,4204.615234000001,4207.179688,4181.282227000001,4185.769043,4195.128418
4230.641113000001,4203.205078,4197.563965,4203.077147999999,4217.436035,4218.974121,4188.077147999999,4205.128418,4214.358886999999,4199.487305,4203.589844,4180.0,4186.025879,4191.282227000001
4232.94873,4206.410156,4202.05127,4209.615234000001,4214.487305,4206.153809,4195.384765999999,4197.820313,4210.384765999999,4194.615234000001,4198.461426,4184.615234000001,4184.230957,4192.05127
4237.179688,4207.563965,4204.743652,4208.974121,4200.384765999999,4189.871582,4215.0,4220.897461,4219.743652,4197.94873,4202.436035,4185.128418,4184.871582,4197.179688
4239.487305,4208.974121,4202.692383,4203.846191,4195.897461,4194.487305,4217.179688,4226.666504,4210.641113000001,4200.641113000001,4207.563965,4182.563965,4189.487305,4198.589844
4244.102539,4214.230957,4205.641113000001,4207.692383,4208.974121,4206.410156,4211.666504,4190.641113000001,4192.307617,4201.538574,4209.358886999999,4192.436035,4202.94873,4205.769043
4246.666504,4215.897461,4209.102539,4212.436035,4214.230957,4201.794922,4220.512695,4189.102539,4199.487305,4205.384765999999,4214.743652,4204.102539,4211.922852000001,4212.179688
4242.05127,4212.692383,4205.897461,4208.589844,4207.05127,4192.307617,4223.461426,4217.307617,4205.641113000001,4202.563965,4213.974121,4198.717772999999,4203.974121,4206.794922
4237.820313,4212.820313,4205.384765999999,4206.538574,4203.717772999999,4196.025879,4215.0,4214.230957,4191.153809,4196.153809,4205.128418,4190.512695,4198.077147999999,4197.179688
4236.922852000001,4212.94873,4208.974121,4210.897461,4203.077147999999,4204.743652,4220.512695,4199.871582,4186.153809,4198.589844,4202.436035,4192.94873,4201.282227000001,4193.333496
4236.410156,4212.436035,4209.871582,4217.436035,4204.615234000001,4210.897461,4235.0,4213.589844,4202.179688,4204.615234000001,4210.128418,4198.205078,4204.230957,4199.102539
4235.128418,4213.205078,4204.871582,4215.897461,4210.0,4211.538574,4226.153809,4226.922852000001,4215.641113000001,4210.769043,4214.230957,4195.256348,4208.589844,4203.846191
4231.922852000001,4210.256348,4196.282227000001,4206.282227000001,4209.102539,4205.0,4199.615234000001,4216.410156,4219.358886999999,4216.922852000001,4211.666504,4188.461426,4212.692383,4200.0
4228.205078,4204.102539,4187.179688,4200.0,4203.846191,4204.102539,4190.0,4201.282227000001,4221.282227000001,4214.871582,4205.641113000001,4185.512695,4206.410156,4192.179688
4222.307617,4193.589844,4179.358886999999,4192.05127,4199.615234000001,4212.692383,4209.871582,4217.436035,4224.743652,4200.384765999999,4192.94873,4182.436035,4186.922852000001,4183.589844
4222.436035,4186.410156,4181.282227000001,4186.025879,4203.077147999999,4219.615234000001,4231.794922,4253.846191,4233.846191,4197.436035,4189.743652,4183.461426,4178.589844,4183.077147999999
4233.589844,4194.871582,4191.538574,4193.717772999999,4214.487305,4220.769043,4228.717772999999,4251.153809,4239.743652,4219.487305,4204.487305,4193.205078,4194.743652,4198.205078
4241.794922,4211.153809,4196.025879,4204.615234000001,4217.307617,4220.384765999999,4213.717772999999,4219.615234000001,4232.05127,4232.94873,4217.179688,4201.794922,4211.153809,4210.641113000001
4241.538574,4219.230957,4199.230957,4210.641113000001,4214.743652,4222.692383,4218.205078,4215.128418,4221.794922,4226.282227000001,4215.512695,4201.282227000001,4213.974121,4211.666504
4236.666504,4212.436035,4202.692383,4210.384765999999,4213.717772999999,4214.615234000001,4231.410156,4223.077147999999,4213.589844,4218.333496,4209.615234000001,4196.794922,4208.205078,4208.846191
4229.615234000001,4206.794922,4200.384765999999,4207.563965,4211.538574,4202.436035,4228.333496,4216.153809,4203.717772999999,4213.589844,4206.538574,4193.974121,4203.846191,4201.666504
4228.974121,4212.820313,4201.666504,4208.589844,4213.589844,4202.94873,4219.358886999999,4207.94873,4190.897461,4203.974121,4201.794922,4188.333496,4206.538574,4195.512695
4231.410156,4214.743652,4203.333496,4208.974121,4214.358886999999,4204.871582,4220.512695,4201.410156,4180.512695,4193.205078,4196.922852000001,4179.358886999999,4206.666504,4193.589844
4226.666504,4203.846191,4196.794922,4203.333496,4206.025879,4198.717772999999,4225.641113000001,4197.179688,4181.410156,4190.512695,4193.205078,4176.410156,4198.077147999999,4189.487305
4223.974121,4196.538574,4193.077147999999,4199.358886999999,4201.538574,4194.871582,4213.589844,4193.333496,4182.692383,4189.230957,4186.410156,4179.871582,4193.205078,4187.94873
4233.589844,4207.94873,4201.153809,4207.05127,4212.179688,4201.410156,4191.922852000001,4185.512695,4190.512695,4197.05127,4190.256348,4186.025879,4207.820313,4198.717772999999
4243.846191,4220.0,4210.256348,4216.282227000001,4217.820313,4209.743652,4192.820313,4210.384765999999,4223.333496,4221.538574,4210.769043,4196.282227000001,4225.641113000001,4213.333496
4241.025879,4211.922852000001,4206.538574,4208.974121,4205.0,4212.179688,4212.05127,4249.487305,4245.641113000001,4233.846191,4217.307617,4198.717772999999,4219.487305,4213.205078
4241.025879,4207.05127,4202.05127,4200.128418,4206.025879,4219.230957,4222.820313,4237.563965,4233.205078,4230.0,4211.666504,4194.358886999999,4214.102539,4208.205078
4258.461426,4224.871582,4214.102539,4212.94873,4224.871582,4230.769043,4219.615234000001,4226.153809,4235.0,4241.794922,4226.794922,4206.794922,4237.05127,4220.512695
4267.820313,4233.846191,4224.615234000001,4223.846191,4222.820313,4223.333496,4222.94873,4257.820313,4254.871582,4254.743652,4240.897461,4219.871582,4251.282227000001,4235.256348
4252.179688,4217.563965,4212.05127,4212.692383,4207.94873,4204.615234000001,4233.589844,4252.436035,4236.666504,4238.077147999999,4222.94873,4205.641113000001,4233.589844,4226.794922
4235.512695,4202.436035,4196.538574,4200.512695,4206.922852000001,4201.794922,4226.794922,4202.436035,4198.974121,4213.205078,4197.179688,4187.820313,4214.743652,4206.538574
4238.974121,4203.846191,4202.563965,4204.615234000001,4217.05127,4211.538574,4219.871582,4194.230957,4195.897461,4210.384765999999,4192.692383,4189.487305,4213.077147999999,4200.769043
4241.282227000001,4206.538574,4210.641113000001,4208.974121,4219.743652,4217.820313,4229.871582,4206.538574,4202.563965,4209.743652,4191.538574,4190.897461,4210.128418,4202.05127
4232.307617,4201.922852000001,4204.615234000001,4206.153809,4213.205078,4210.256348,4224.487305,4194.615234000001,4189.615234000001,4193.589844,4178.974121,4185.0,4201.153809,4197.179688
4235.256348,4203.974121,4205.0,4211.538574,4210.512695,4200.641113000001,4215.641113000001,4195.0,4186.410156,4189.871582,4176.153809,4185.128418,4204.358886999999,4200.128418
4248.333496,4207.692383,4211.153809,4214.358886999999,4208.205078,4202.692383,4229.230957,4199.743652,4191.282227000001,4196.794922,4181.153809,4187.05127,4205.897461,4210.0
4255.128418,4206.666504,4211.538574,4210.769043,4204.102539,4215.769043,4236.538574,4194.871582,4186.282227000001,4194.743652,4182.05127,4191.794922,4197.692383,4218.461426
4257.563965,4211.410156,4212.307617,4216.025879,4206.410156,4226.282227000001,4229.743652,4208.717772999999,4193.974121,4198.461426,4189.230957,4200.769043,4199.743652,4225.897461
4262.179688,4214.743652,4213.333496,4218.717772999999,4209.102539,4223.461426,4231.538574,4233.205078,4215.897461,4213.589844,4200.256348,4203.333496,4213.077147999999,4233.077147999999
4265.897461,4211.282227000001,4212.820313,4214.615234000001,4203.717772999999,4220.641113000001,4234.358886999999,4246.410156,4232.179688,4224.743652,4207.94873,4203.717772999999,4224.871582,4241.794922
4265.384765999999,4208.846191,4212.307617,4213.077147999999,4201.282227000001,4229.230957,4228.333496,4242.692383,4232.05127,4222.05127,4209.743652,4204.615234000001,4226.538574,4246.153809
4266.922852000001,4209.230957,4212.94873,4211.794922,4205.256348,4233.589844,4222.307617,4231.538574,4222.05127,4217.692383,4203.589844,4198.461426,4220.0,4239.871582
4270.897461,4209.615234000001,4215.641113000001,4211.538574,4200.641113000001,4216.410156,4217.436035,4229.102539,4216.794922,4220.512695,4200.897461,4193.461426,4214.615234000001,4232.94873
4270.512695,4211.153809,4216.538574,4218.846191,4194.230957,4201.794922,4214.615234000001,4223.077147999999,4212.820313,4220.897461,4205.384765999999,4197.179688,4214.358886999999,4233.077147999999
4266.794922,4211.666504,4213.589844,4224.102539,4198.333496,4210.512695,4214.102539,4207.820313,4207.820313,4217.820313,4205.0,4196.282227000001,4210.641113000001,4229.358886999999
4262.94873,4206.538574,4211.538574,4217.94873,4198.717772999999,4209.487305,4204.743652,4197.692383,4205.769043,4216.666504,4199.358886999999,4187.436035,4202.05127,4220.897461
4263.846191,4207.563965,4214.615234000001,4218.205078,4191.666504,4193.717772999999,4195.641113000001,4186.282227000001,4200.769043,4216.282227000001,4201.282227000001,4186.922852000001,4203.717772999999,4221.794922
4267.820313,4214.615234000001,4217.692383,4224.871582,4189.615234000001,4197.179688,4204.230957,4178.589844,4195.641113000001,4217.179688,4205.256348,4193.077147999999,4210.256348,4227.179688
4266.153809,4210.641113000001,4213.461426,4220.128418,4187.307617,4208.205078,4218.333496,4183.205078,4193.589844,4210.256348,4198.333496,4189.358886999999,4201.922852000001,4223.461426
4262.179688,4202.692383,4210.0,4211.794922,4185.256348,4208.461426,4223.846191,4201.282227000001,4198.974121,4201.666504,4195.256348,4183.589844,4192.436035,4218.974121
4261.922852000001,4201.282227000001,4211.153809,4209.230957,4188.077147999999,4210.897461,4224.615234000001,4222.94873,4212.05127,4209.615234000001,4204.102539,4190.0,4199.230957,4223.461426
4266.025879,4209.230957,4213.846191,4209.358886999999,4190.128418,4216.666504,4227.94873,4232.05127,4224.871582,4222.94873,4216.410156,4199.230957,4213.205078,4232.692383
4274.871582,4220.256348,4219.102539,4217.179688,4194.615234000001,4224.615234000001,4231.538574,4231.538574,4231.538574,4226.410156,4226.153809,4201.025879,4225.641113000001,4241.025879
4281.153809,4218.717772999999,4220.897461,4224.487305,4200.897461,4226.922852000001,4224.487305,4229.487305,4229.230957,4224.615234000001,4228.205078,4201.922852000001,4227.05127,4244.358886999999
4281.538574,4214.358886999999,4224.871582,4222.820313,4202.179688,4212.94873,4215.384765999999,4229.102539,4230.769043,4231.666504,4229.615234000001,4206.666504,4225.769043,4247.692383
4283.205078,4220.769043,4233.846191,4225.256348,4202.94873,4201.538574,4209.230957,4223.717772999999,4236.538574,4239.615234000001,4238.077147999999,4211.538574,4233.717772999999,4253.974121
4281.922852000001,4219.102539,4233.205078,4227.94873,4207.94873,4210.512695,4199.102539,4218.717772999999,4228.589844,4232.436035,4238.974121,4210.256348,4230.769043,4248.717772999999
4273.589844,4210.0,4225.128418,4221.025879,4209.743652,4215.384765999999,4190.0,4216.410156,4212.94873,4218.974121,4224.487305,4201.153809,4212.436035,4234.358886999999
4267.94873,4208.461426,4221.538574,4211.922852000001,4202.563965,4201.794922,4185.641113000001,4196.538574,4200.512695,4209.230957,4210.256348,4192.94873,4199.743652,4227.179688
4268.717772999999,4207.692383,4219.743652,4211.025879,4196.410156,4198.333496,4187.436035,4176.282227000001,4196.410156,4207.307617,4210.512695,4191.025879,4196.794922,4226.025879
4265.384765999999,4200.512695,4213.589844,4212.436035,4194.230957,4212.05127,4198.333496,4188.333496,4202.436035,4207.436035,4214.102539,4189.743652,4194.743652,4220.128418
4254.230957,4195.0,4205.128418,4205.128418,4192.820313,4215.512695,4197.436035,4201.410156,4202.692383,4200.256348,4205.769043,4183.589844,4188.717772999999,4210.256348
4256.538574,4204.487305,4204.358886999999,4203.846191,4202.692383,4208.846191,4190.897461,4192.820313,4200.0,4202.05127,4205.512695,4184.102539,4192.692383,4211.538574
4271.538574,4216.025879,4208.461426,4210.897461,4205.256348,4207.05127,4203.461426,4198.461426,4211.153809,4215.384765999999,4219.615234000001,4195.128418,4203.717772999999,4222.820313
4278.589844,4213.333496,4213.846191,4213.846191,4189.487305,4204.743652,4214.871582,4228.461426,4227.05127,4224.871582,4226.153809,4203.589844,4209.358886999999,4230.256348
4274.743652,4209.102539,4219.230957,4212.436035,4190.128418,4204.487305,4210.256348,4235.0,4228.205078,4226.153809,4226.410156,4206.282227000001,4210.897461,4229.743652
4265.512695,4208.461426,4213.974121,4209.102539,4204.358886999999,4210.769043,4210.512695,4216.666504,4218.974121,4220.384765999999,4224.743652,4206.538574,4206.025879,4224.358886999999
4263.846191,4211.282227000001,4210.0,4213.205078,4206.666504,4210.641113000001,4216.410156,4220.256348,4223.205078,4218.077147999999,4222.692383,4207.436035,4205.0,4222.692383
4274.487305,4219.743652,4224.487305,4224.487305,4203.461426,4199.230957,4210.128418,4232.179688,4234.102539,4227.05127,4226.922852000001,4211.794922,4215.256348,4226.025879
4277.563965,4220.512695,4233.205078,4225.512695,4201.922852000001,4190.512695,4199.230957,4224.743652,4228.846191,4228.077147999999,4230.897461,4214.230957,4217.94873,4226.794922
4265.384765999999,4208.461426,4219.487305,4213.974121,4197.94873,4191.794922,4195.128418,4205.897461,4208.974121,4211.153809,4219.487305,4205.897461,4204.102539,4220.384765999999
4259.487305,4204.615234000001,4208.974121,4211.794922,4195.769043,4195.0,4200.512695,4201.153809,4198.205078,4199.743652,4206.410156,4200.128418,4197.820313,4214.487305
4264.102539,4215.897461,4211.922852000001,4218.461426,4198.846191,4195.256348,4206.282227000001,4220.0,4205.769043,4203.717772999999,4208.717772999999,4203.717772999999,4199.487305,4213.589844
4262.820313,4218.846191,4207.94873,4215.641113000001,4198.077147999999,4194.487305,4191.794922,4219.487305,4204.487305,4204.230957,4206.794922,4200.384765999999,4191.025879,4212.05127
4259.230957,4209.230957,4198.974121,4208.333496,4196.922852000001,4204.487305,4188.717772999999,4187.820313,4188.974121,4197.307617,4195.0,4195.769043,4184.358886999999,4209.102539
4262.05127,4209.743652,4197.307617,4211.538574,4203.205078,4219.102539,4201.153809,4175.897461,4183.077147999999,4192.179688,4193.077147999999,4198.974121,4184.871582,4208.974121
4268.461426,4221.538574,4199.358886999999,4217.820313,4207.05127,4212.692383,4185.897461,4189.487305,4193.974121,4195.512695,4199.615234000001,4199.871582,4185.641113000001,4211.922852000001
4273.333496,4227.05127,4202.179688,4217.307617,4202.820313,4201.538574,4172.05127,4193.077147999999,4212.563965,4209.487305,4205.256348,4199.743652,4195.128418,4218.205078
4270.0,4220.897461,4204.230957,4214.230957,4197.820313,4205.769043,4190.256348,4199.230957,4224.230957,4221.410156,4212.179688,4203.589844,4206.538574,4220.769043
4261.794922,4213.589844,4202.563965,4213.589844,4198.717772999999,4208.846191,4201.025879,4206.794922,4218.974121,4216.538574,4215.0,4201.153809,4203.333496,4215.512695
4262.179688,4218.846191,4205.769043,4218.461426,4205.384765999999,4205.641113000001,4191.282227000001,4196.666504,4214.102539,4210.769043,4214.230957,4196.922852000001,4201.922852000001,4215.897461
4268.333496,4226.922852000001,4213.333496,4220.256348,4206.922852000001,4198.589844,4181.282227000001,4193.717772999999,4223.717772999999,4220.256348,4219.230957,4202.436035,4210.897461,4225.512695
4276.410156,4230.384765999999,4223.717772999999,4221.153809,4204.615234000001,4189.871582,4177.307617,4211.666504,4233.974121,4234.871582,4232.563965,4212.179688,4219.102539,4237.307617
4286.794922,4234.615234000001,4235.641113000001,4230.128418,4207.820313,4190.128418,4188.205078,4229.871582,4238.846191,4243.333496,4245.128418,4217.94873,4229.102539,4246.282227000001
4285.384765999999,4232.307617,4232.94873,4230.128418,4211.410156,4191.922852000001,4192.692383,4227.820313,4233.589844,4240.0,4241.666504,4215.256348,4231.666504,4243.461426
4272.820313,4223.205078,4217.94873,4217.94873,4208.205078,4189.615234000001,4182.820313,4212.436035,4221.282227000001,4228.974121,4227.94873,4207.179688,4221.282227000001,4230.769043
4261.153809,4212.436035,4204.871582,4207.692383,4202.436035,4195.0,4189.487305,4203.717772999999,4213.205078,4215.256348,4215.256348,4196.666504,4206.794922,4217.05127
4252.563965,4200.256348,4197.692383,4200.897461,4200.128418,4203.333496,4204.871582,4205.512695,4206.666504,4198.846191,4203.077147999999,4188.205078,4193.846191,4207.307617
4248.974121,4194.743652,4196.538574,4196.666504,4198.589844,4205.128418,4210.897461,4202.307617,4197.05127,4189.615234000001,4192.436035,4184.230957,4184.358886999999,4202.179688
4244.615234000001,4192.563965,4191.153809,4195.384765999999,4197.436035,4208.589844,4209.615234000001,4192.307617,4190.128418,4188.333496,4185.897461,4177.179688,4177.692383,4195.256348
4237.05127,4189.615234000001,4180.384765999999,4192.692383,4196.410156,4218.461426,4207.307617,4196.410156,4195.512695,4188.205078,4182.820313,4168.974121,4172.692383,4188.717772999999
4238.333496,4195.384765999999,4182.563965,4192.179688,4197.692383,4216.025879,4204.487305,4217.05127,4211.794922,4195.384765999999,4188.205078,4174.102539,4177.179688,4192.820313
4245.897461,4208.333496,4197.05127,4197.692383,4202.436035,4205.128418,4197.179688,4226.410156,4225.897461,4209.743652,4200.769043,4189.487305,4191.538574,4202.692383
4242.436035,4208.333496,4199.871582,4202.05127,4208.717772999999,4206.922852000001,4181.153809,4215.0,4226.025879,4214.743652,4206.025879,4191.922852000001,4195.641113000001,4202.563965
4239.743652,4200.256348,4193.461426,4202.563965,4205.769043,4204.102539,4169.102539,4200.769043,4215.641113000001,4208.589844,4202.179688,4185.256348,4190.769043,4199.743652
4256.922852000001,4208.717772999999,4202.563965,4212.307617,4200.897461,4190.384765999999,4178.205078,4197.05127,4214.230957,4214.358886999999,4208.717772999999,4190.128418,4201.282227000001,4211.794922
4266.153809,4219.230957,4213.205078,4219.230957,4204.871582,4192.05127,4189.230957,4201.025879,4222.307617,4222.307617,4220.128418,4196.794922,4213.846191,4222.563965
4252.307617,4211.025879,4203.846191,4207.94873,4206.153809,4205.256348,4192.05127,4199.230957,4214.487305,4210.384765999999,4212.307617,4189.358886999999,4202.05127,4214.358886999999
4247.563965,4203.077147999999,4199.615234000001,4202.563965,4205.512695,4205.641113000001,4207.179688,4196.922852000001,4198.717772999999,4202.436035,4204.102539,4183.717772999999,4194.102539,4210.384765999999
4257.820313,4201.025879,4209.230957,4207.563965,4200.897461,4192.692383,4222.820313,4206.666504,4198.333496,4208.205078,4210.641113000001,4192.94873,4204.615234000001,4218.077147999999
4252.307617,4194.487305,4205.128418,4201.025879,4192.436035,4190.0,4217.563965,4208.077147999999,4203.974121,4206.538574,4207.94873,4196.153809,4206.666504,4212.820313
4238.077147999999,4192.05127,4193.846191,4192.94873,4193.333496,4197.820313,4214.230957,4201.282227000001,4205.256348,4202.692383,4199.871582,4186.666504,4200.0,4201.922852000001
4243.589844,4198.077147999999,4199.102539,4199.487305,4197.179688,4198.205078,4217.94873,4214.230957,4209.871582,4206.922852000001,4202.05127,4185.256348,4201.410156,4205.512695
4256.025879,4204.358886999999,4211.410156,4210.384765999999,4201.025879,4201.538574,4210.769043,4220.0,4215.384765999999,4211.153809,4205.0,4193.077147999999,4207.307617,4213.974121
4252.307617,4204.871582,4212.820313,4211.794922,4202.05127,4205.384765999999,4205.512695,4213.717772999999,4220.0,4207.05127,4199.102539,4192.563965,4202.94873,4211.666504
4244.487305,4203.461426,4205.512695,4208.205078,4196.922852000001,4197.820313,4210.0,4222.05127,4220.769043,4196.410156,4191.410156,4187.307617,4190.641113000001,4199.871582
4250.0,4207.820313,4202.307617,4208.333496,4197.05127,4196.922852000001,4204.102539,4213.974121,4210.769043,4191.538574,4189.102539,4191.794922,4190.512695,4196.538574
4262.563965,4218.846191,4208.205078,4212.307617,4208.846191,4209.102539,4186.666504,4191.282227000001,4208.589844,4202.94873,4198.205078,4203.461426,4207.179688,4209.871582
4270.897461,4228.333496,4218.461426,4219.615234000001,4220.897461,4216.025879,4187.692383,4205.897461,4222.94873,4220.897461,4214.487305,4212.436035,4226.282227000001,4224.102539
4272.307617,4228.077147999999,4219.743652,4222.563965,4219.743652,4209.487305,4199.230957,4220.384765999999,4222.179688,4222.05127,4218.333496,4213.333496,4228.589844,4227.05127
4271.025879,4223.461426,4215.0,4216.922852000001,4208.846191,4202.436035,4203.077147999999,4201.922852000001,4210.769043,4213.589844,4212.820313,4211.025879,4221.153809,4226.025879
4271.153809,4225.769043,4216.282227000001,4213.589844,4204.615234000001,4202.563965,4212.05127,4207.05127,4219.871582,4219.487305,4215.897461,4210.641113000001,4228.589844,4227.820313
4264.871582,4224.871582,4211.922852000001,4211.922852000001,4208.717772999999,4207.05127,4217.179688,4217.307617,4221.025879,4217.179688,4211.410156,4203.589844,4231.922852000001,4217.563965
4251.410156,4213.846191,4198.077147999999,4207.179688,4210.897461,4211.282227000001,4209.871582,4198.717772999999,4205.384765999999,4201.025879,4194.615234000001,4193.077147999999,4212.820313,4199.102539
4240.512695,4205.769043,4192.563965,4201.666504,4206.025879,4211.282227000001,4216.025879,4203.077147999999,4210.897461,4202.05127,4191.794922,4191.794922,4203.205078,4196.922852000001
4236.794922,4204.102539,4199.615234000001,4199.230957,4200.897461,4208.333496,4236.538574,4222.307617,4221.025879,4212.692383,4199.358886999999,4196.282227000001,4211.922852000001,4206.282227000001
4241.025879,4208.077147999999,4206.282227000001,4202.05127,4205.128418,4208.717772999999,4233.461426,4212.692383,4216.922852000001,4214.871582,4201.794922,4200.641113000001,4216.538574,4210.128418
4248.717772999999,4213.846191,4209.871582,4208.974121,4207.692383,4211.922852000001,4209.615234000001,4200.512695,4217.307617,4216.794922,4203.461426,4205.512695,4215.512695,4211.666504
4262.94873,4222.436035,4220.0,4219.871582,4205.512695,4212.436035,4212.436035,4222.94873,4234.102539,4230.256348,4211.666504,4212.94873,4223.205078,4222.05127
4274.487305,4231.666504,4231.666504,4228.077147999999,4211.410156,4213.205078,4229.743652,4242.05127,4244.743652,4243.205078,4219.487305,4219.615234000001,4232.692383,4233.077147999999
4268.461426,4230.384765999999,4229.615234000001,4224.871582,4218.077147999999,4213.589844,4222.820313,4236.153809,4241.282227000001,4241.025879,4217.436035,4222.179688,4232.307617,4232.563965
4262.436035,4230.384765999999,4219.871582,4222.307617,4218.974121,4220.0,4211.410156,4235.0,4238.717772999999,4233.077147999999,4213.205078,4219.230957,4230.512695,4231.922852000001
4265.0,4233.846191,4215.641113000001,4221.922852000001,4215.0,4228.846191,4218.589844,4226.282227000001,4233.205078,4229.871582,4211.410156,4213.461426,4231.153809,4232.820313
4257.94873,4222.820313,4210.512695,4210.769043,4212.563965,4229.487305,4222.05127,4202.94873,4220.641113000001,4223.717772999999,4203.589844,4205.897461,4226.410156,4222.692383
4244.615234000001,4208.589844,4200.384765999999,4200.256348,4218.717772999999,4224.743652,4210.0,4188.461426,4206.282227000001,4208.461426,4188.846191,4193.589844,4211.794922,4208.717772999999
4244.487305,4214.871582,4196.666504,4201.282227000001,4221.922852000001,4217.820313,4209.871582,4191.025879,4199.358886999999,4196.153809,4179.358886999999,4188.846191,4200.0,4205.256348
4253.333496,4229.871582,4205.384765999999,4213.205078,4219.871582,4213.846191,4223.846191,4203.846191,4210.769043,4201.666504,4183.589844,4194.615234000001,4205.256348,4212.05127
4251.666504,4227.820313,4209.487305,4219.487305,4215.0,4206.666504,4221.666504,4209.230957,4222.563965,4213.717772999999,4188.974121,4197.179688,4214.230957,4213.717772999999
4245.512695,4219.102539,4205.897461,4210.897461,4206.922852000001,4201.410156,4214.230957,4208.461426,4220.769043,4215.384765999999,4185.897461,4198.846191,4213.846191,4210.256348
4248.717772999999,4219.230957,4209.487305,4208.589844,4202.307617,4208.077147999999,4221.025879,4216.410156,4218.846191,4213.589844,4183.461426,4201.025879,4214.871582,4212.820313
4248.846191,4216.282227000001,4207.307617,4209.102539,4198.846191,4205.128418,4217.179688,4213.077147999999,4211.153809,4207.563965,4173.846191,4191.922852000001,4208.717772999999,4209.487305
4245.384765999999,4211.282227000001,4199.871582,4205.641113000001,4199.230957,4198.974121,4206.410156,4195.256348,4200.128418,4199.871582,4160.897461,4181.794922,4197.820313,4202.563965
4248.205078,4216.153809,4200.0,4206.282227000001,4207.179688,4216.025879,4210.641113000001,4199.230957,4204.615234000001,4201.538574,4162.563965,4185.128418,4203.589844,4209.871582
4254.487305,4222.436035,4200.641113000001,4209.743652,4211.794922,4224.743652,4210.0,4211.538574,4211.794922,4211.410156,4176.666504,4192.94873,4220.128418,4227.563965
4265.128418,4227.692383,4206.025879,4213.205078,4212.563965,4212.563965,4202.692383,4216.666504,4222.820313,4226.153809,4193.205078,4204.230957,4232.563965,4240.897461
4273.846191,4231.922852000001,4214.615234000001,4217.692383,4222.820313,4222.179688,4209.230957,4223.077147999999,4237.307617,4235.897461,4205.0,4210.897461,4238.846191,4246.538574
4273.589844,4233.205078,4215.0,4217.94873,4232.563965,4239.743652,4220.128418,4216.922852000001,4232.436035,4236.153809,4210.384765999999,4207.307617,4241.538574,4249.871582
4267.563965,4230.0,4210.384765999999,4212.179688,4226.282227000001,4223.846191,4219.871582,4208.077147999999,4220.0,4229.743652,4207.436035,4206.153809,4240.769043,4248.333496
4257.307617,4217.563965,4206.794922,4208.077147999999,4214.102539,4203.205078,4214.615234000001,4208.461426,4218.461426,4221.922852000001,4203.077147999999,4204.102539,4232.94873,4239.615234000001
4243.589844,4203.846191,4200.769043,4202.563965,4206.794922,4210.897461,4218.717772999999,4206.538574,4214.871582,4216.794922,4198.974121,4194.358886999999,4216.538574,4228.461426
4232.820313,4196.666504,4191.666504,4192.436035,4198.205078,4216.538574,4222.436035,4201.025879,4202.05127,4207.05127,4185.128418,4183.717772999999,4197.307617,4217.179688
4230.0,4194.615234000001,4186.538574,4188.846191,4190.897461,4203.205078,4213.974121,4192.820313,4196.282227000001,4191.410156,4173.205078,4178.974121,4190.128418,4205.897461
4232.05127,4196.153809,4189.871582,4193.717772999999,4191.922852000001,4196.025879,4205.769043,4188.589844,4201.153809,4188.717772999999,4174.230957,4180.0,4192.820313,4201.922852000001
4235.512695,4193.974121,4192.179688,4194.743652,4195.256348,4204.615234000001,4205.769043,4205.128418,4209.358886999999,4200.769043,4178.717772999999,4182.307617,4193.846191,4206.025879
4238.974121,4192.307617,4191.282227000001,4192.692383,4198.974121,4216.282227000001,4213.717772999999,4224.358886999999,4221.025879,4209.615234000001,4184.102539,4185.384765999999,4200.641113000001,4215.641113000001
4242.436035,4196.794922,4193.205078,4195.641113000001,4205.512695,4218.205078,4215.384765999999,4215.384765999999,4224.487305,4210.384765999999,4190.256348,4191.666504,4210.256348,4223.077147999999
4251.538574,4213.077147999999,4202.05127,4204.743652,4214.487305,4218.461426,4208.974121,4208.974121,4224.230957,4219.615234000001,4201.025879,4206.153809,4222.563965,4229.487305
4269.615234000001,4233.333496,4213.974121,4216.666504,4225.641113000001,4227.820313,4211.410156,4225.384765999999,4239.487305,4240.256348,4221.666504,4220.0,4246.410156,4244.230957
4279.230957,4237.307617,4219.487305,4219.743652,4231.666504,4234.871582,4216.153809,4228.077147999999,4247.179688,4244.615234000001,4229.358886999999,4221.410156,4255.384765999999,4256.025879
4269.230957,4223.974121,4214.102539,4212.94873,4228.461426,4229.358886999999,4210.384765999999,4211.794922,4226.282227000001,4224.358886999999,4212.179688,4214.358886999999,4235.897461,4248.077147999999
4256.153809,4211.025879,4204.358886999999,4203.333496,4218.974121,4214.358886999999,4211.153809,4206.666504,4207.179688,4205.512695,4197.94873,4206.282227000001,4217.179688,4231.794922
4252.820313,4209.102539,4203.333496,4202.94873,4210.256348,4203.205078,4220.897461,4220.0,4213.077147999999,4206.410156,4200.256348,4203.077147999999,4213.333496,4229.230957
4251.794922,4211.538574,4207.563965,4206.922852000001,4206.794922,4204.102539,4220.256348,4226.025879,4220.0,4211.410156,4203.077147999999,4201.922852000001,4208.846191,4228.589844
4243.846191,4206.282227000001,4203.333496,4197.94873,4204.871582,4207.307617,4215.384765999999,4200.0,4204.743652,4199.871582,4192.820313,4194.487305,4197.436035,4214.871582
4236.538574,4199.615234000001,4193.846191,4190.512695,4205.256348,4208.205078,4221.922852000001,4180.384765999999,4191.794922,4191.410156,4182.436035,4185.128418,4190.897461,4205.128418
4237.307617,4201.794922,4191.282227000001,4195.512695,4207.563965,4209.743652,4223.077147999999,4202.307617,4200.384765999999,4197.692383,4184.487305,4185.384765999999,4192.05127,4207.820313
4241.282227000001,4206.153809,4196.666504,4198.333496,4207.94873,4208.974121,4214.871582,4219.102539,4210.0,4203.589844,4189.230957,4188.974121,4198.205078,4209.615234000001
4245.0,4211.538574,4200.0,4199.743652,4214.487305,4217.436035,4217.05127,4203.589844,4211.794922,4209.615234000001,4195.0,4188.974121,4207.05127,4205.897461
4247.307617,4216.025879,4195.128418,4200.769043,4222.436035,4232.179688,4216.410156,4194.743652,4214.358886999999,4214.230957,4197.94873,4190.512695,4207.692383,4205.897461
4247.692383,4212.307617,4191.153809,4195.384765999999,4220.897461,4230.256348,4210.512695,4216.410156,4220.641113000001,4213.333496,4195.769043,4193.205078,4210.128418,4210.769043
4253.077147999999,4214.615234000001,4200.769043,4199.871582,4218.333496,4219.358886999999,4218.717772999999,4241.410156,4230.641113000001,4220.0,4202.179688,4199.615234000001,4222.692383,4220.512695
4261.666504,4227.179688,4208.589844,4215.128418,4222.692383,4221.538574,4214.743652,4228.333496,4233.846191,4225.384765999999,4212.820313,4204.871582,4226.666504,4228.333496
4262.307617,4231.666504,4211.153809,4223.333496,4230.0,4230.384765999999,4197.307617,4195.641113000001,4224.615234000001,4220.0,4211.666504,4202.436035,4219.871582,4228.333496
4253.974121,4222.05127,4215.512695,4220.128418,4225.0,4220.0,4202.307617,4189.615234000001,4214.487305,4210.641113000001,4198.717772999999,4198.333496,4211.922852000001,4223.974121
4247.179688,4215.512695,4214.743652,4213.974121,4210.769043,4198.589844,4209.871582,4200.384765999999,4206.410156,4199.358886999999,4191.794922,4198.077147999999,4203.333496,4220.512695
4245.641113000001,4220.512695,4211.922852000001,4213.717772999999,4206.666504,4195.384765999999,4194.743652,4190.512695,4198.333496,4196.794922,4199.487305,4198.461426,4204.743652,4225.769043
4246.666504,4220.769043,4209.358886999999,4214.102539,4206.025879,4197.436035,4198.974121,4172.179688,4191.666504,4204.102539,4207.179688,4196.153809,4213.717772999999,4231.794922
4251.794922,4215.897461,4208.205078,4213.717772999999,4208.589844,4193.077147999999,4220.769043,4172.436035,4194.487305,4208.846191,4206.538574,4196.794922,4215.128418,4228.846191
4255.0,4216.282227000001,4206.538574,4215.641113000001,4220.897461,4202.692383,4217.436035,4190.897461,4209.358886999999,4212.436035,4204.743652,4197.94873,4212.179688,4224.743652
4250.641113000001,4218.974121,4201.922852000001,4213.717772999999,4225.128418,4221.922852000001,4212.820313,4216.666504,4227.94873,4223.077147999999,4208.077147999999,4194.358886999999,4218.077147999999,4227.692383
4243.461426,4212.563965,4195.512695,4205.128418,4216.794922,4226.794922,4222.692383,4224.358886999999,4237.436035,4231.025879,4210.641113000001,4190.256348,4224.487305,4228.461426
4240.128418,4203.461426,4189.743652,4197.179688,4212.820313,4223.333496,4225.512695,4224.102539,4241.538574,4232.436035,4208.461426,4192.94873,4220.256348,4222.436035
4248.461426,4211.025879,4194.871582,4200.384765999999,4217.307617,4229.487305,4226.666504,4241.025879,4252.563965,4238.077147999999,4212.563965,4201.410156,4222.692383,4226.025879
4253.974121,4221.153809,4202.05127,4206.282227000001,4219.615234000001,4235.0,4231.922852000001,4248.205078,4251.282227000001,4235.384765999999,4219.358886999999,4202.692383,4228.333496,4232.692383
4247.692383,4217.94873,4199.615234000001,4206.922852000001,4218.974121,4227.563965,4225.512695,4233.333496,4232.179688,4221.282227000001,4213.077147999999,4199.743652,4218.974121,4226.153809
4245.641113000001,4215.897461,4201.538574,4211.282227000001,4218.333496,4214.230957,4212.692383,4217.436035,4218.717772999999,4217.820313,4210.384765999999,4202.820313,4215.897461,4222.820313
4250.641113000001,4217.820313,4213.333496,4215.897461,4212.692383,4206.153809,4207.563965,4201.282227000001,4210.897461,4217.563965,4217.307617,4206.410156,4225.384765999999,4229.487305
4254.358886999999,4220.256348,4220.0,4218.205078,4213.846191,4207.820313,4203.461426,4187.436035,4199.871582,4206.666504,4216.282227000001,4205.769043,4226.282227000001,4233.974121
4257.94873,4224.871582,4220.897461,4223.077147999999,4223.717772999999,4210.0,4198.205078,4180.0,4188.846191,4200.128418,4212.94873,4207.179688,4220.256348,4234.487305
4261.025879,4225.256348,4225.384765999999,4227.692383,4222.820313,4204.487305,4198.717772999999,4179.358886999999,4187.692383,4205.384765999999,4216.282227000001,4212.179688,4220.512695,4237.436035
4262.94873,4227.05127,4229.615234000001,4229.102539,4216.153809,4201.282227000001,4209.358886999999,4196.794922,4207.94873,4215.512695,4221.922852000001,4215.769043,4229.358886999999,4244.615234000001
4260.512695,4231.794922,4229.230957,4225.512695,4218.077147999999,4206.025879,4216.153809,4208.333496,4229.487305,4223.717772999999,4222.692383,4215.128418,4235.0,4246.282227000001
4255.0,4226.794922,4223.717772999999,4218.461426,4224.102539,4218.333496,4221.538574,4207.692383,4236.153809,4228.589844,4220.641113000001,4210.512695,4231.025879,4236.794922
4255.128418,4225.897461,4216.153809,4218.077147999999,4227.563965,4230.256348,4235.641113000001,4233.333496,4251.410156,4239.615234000001,4224.230957,4208.974121,4231.410156,4232.179688
4258.205078,4234.358886999999,4214.871582,4221.025879,4225.128418,4223.333496,4238.077147999999,4254.230957,4270.256348,4252.307617,4231.282227000001,4212.820313,4239.615234000001,4239.743652
4253.077147999999,4227.820313,4215.256348,4213.461426,4222.94873,4218.077147999999,4233.717772999999,4243.461426,4267.436035,4249.487305,4232.05127,4211.922852000001,4239.743652,4242.820313
4243.846191,4210.384765999999,4203.974121,4201.794922,4221.794922,4230.256348,4226.153809,4233.846191,4248.333496,4231.666504,4222.436035,4202.692383,4227.692383,4231.922852000001
4238.205078,4202.563965,4196.410156,4200.0,4215.512695,4232.179688,4213.461426,4225.641113000001,4233.077147999999,4220.512695,4214.102539,4200.0,4219.358886999999,4222.692383
4233.333496,4199.230957,4200.0,4200.256348,4205.256348,4211.025879,4209.487305,4216.153809,4228.974121,4222.05127,4214.487305,4203.974121,4220.897461,4222.692383
4229.102539,4198.974121,4196.153809,4197.820313,4200.128418,4191.922852000001,4203.461426,4212.692383,4219.871582,4215.256348,4209.743652,4198.077147999999,4217.692383,4219.871582
4229.871582,4210.384765999999,4188.333496,4204.487305,4211.538574,4197.94873,4189.230957,4190.256348,4195.256348,4195.512695,4193.333496,4184.102539,4204.615234000001,4208.333496
4227.563965,4216.794922,4188.461426,4211.410156,4225.512695,4209.743652,4180.512695,4157.563965,4174.230957,4181.538574,4182.05127,4176.282227000001,4193.077147999999,4198.846191
4228.205078,4220.897461,4199.743652,4213.333496,4228.077147999999,4207.307617,4180.897461,4162.94873,4182.179688,4192.179688,4192.179688,4186.410156,4201.666504,4211.538574
4244.102539,4234.487305,4218.205078,4223.333496,4227.05127,4199.487305,4188.205078,4200.897461,4210.256348,4220.256348,4213.205078,4205.0,4225.512695,4235.769043
4247.94873,4234.871582,4219.615234000001,4225.769043,4220.769043,4196.922852000001,4195.897461,4214.230957,4218.717772999999,4225.256348,4213.846191,4203.717772999999,4228.974121,4232.94873
4233.846191,4227.179688,4206.153809,4215.641113000001,4216.025879,4205.897461,4202.692383,4199.358886999999,4211.153809,4214.871582,4202.436035,4189.743652,4215.769043,4215.769043
4227.820313,4227.563965,4200.384765999999,4211.794922,4222.563965,4217.05127,4210.769043,4196.666504,4216.922852000001,4220.641113000001,4204.871582,4189.487305,4214.743652,4214.102539
4222.05127,4216.153809,4193.461426,4203.846191,4222.307617,4215.384765999999,4216.025879,4199.871582,4221.794922,4220.512695,4202.692383,4190.769043,4211.922852000001,4209.230957
4212.820313,4196.538574,4184.743652,4187.94873,4205.769043,4214.487305,4228.846191,4197.179688,4214.871582,4203.333496,4183.205078,4180.512695,4194.358886999999,4193.589844
4208.461426,4188.333496,4182.94873,4181.922852000001,4196.410156,4224.230957,4241.794922,4205.769043,4211.538574,4191.025879,4168.717772999999,4170.512695,4175.256348,4182.94873
4201.538574,4186.410156,4180.769043,4183.333496,4200.0,4219.743652,4224.487305,4211.794922,4212.692383,4186.410156,4165.512695,4166.538574,4162.94873,4174.871582
4187.820313,4177.563965,4174.102539,4174.615234000001,4195.128418,4206.282227000001,4204.230957,4188.717772999999,4199.487305,4174.487305,4154.358886999999,4158.333496,4151.922852000001,4162.692383
4180.769043,4168.974121,4170.897461,4163.846191,4189.358886999999,4210.512695,4202.179688,4166.794922,4180.384765999999,4163.077147999999,4144.487305,4153.205078,4143.333496,4158.205078
4190.512695,4180.256348,4176.922852000001,4173.974121,4204.358886999999,4216.410156,4189.102539,4175.897461,4188.717772999999,4172.820313,4157.820313,4164.102539,4149.871582,4170.128418
4205.769043,4200.512695,4184.358886999999,4191.410156,4218.717772999999,4203.333496,4173.717772999999,4188.205078,4212.436035,4195.0,4176.153809,4176.282227000001,4168.846191,4183.461426
4212.436035,4206.666504,4189.358886999999,4195.128418,4215.769043,4199.230957,4185.384765999999,4191.410156,4215.0,4205.384765999999,4179.230957,4178.461426,4179.102539,4186.025879
4218.205078,4214.615234000001,4196.282227000001,4196.922852000001,4222.563965,4216.666504,4195.512695,4193.717772999999,4206.153809,4204.487305,4182.820313,4184.743652,4184.743652,4191.282227000001
4235.128418,4233.589844,4205.512695,4209.102539,4239.743652,4216.282227000001,4190.512695,4192.563965,4209.230957,4212.05127,4201.153809,4198.205078,4203.205078,4213.077147999999
4251.153809,4245.897461,4217.179688,4223.077147999999,4243.077147999999,4202.94873,4199.743652,4192.436035,4215.769043,4230.384765999999,4223.205078,4208.205078,4228.077147999999,4234.102539
4251.282227000001,4243.589844,4223.461426,4225.128418,4235.128418,4206.538574,4210.512695,4190.256348,4212.05127,4235.128418,4225.897461,4211.794922,4234.487305,4232.436035
4239.615234000001,4232.179688,4217.820313,4216.794922,4226.538574,4209.487305,4219.230957,4189.487305,4206.153809,4214.358886999999,4206.025879,4206.922852000001,4220.897461,4221.153809
4226.538574,4218.461426,4210.256348,4208.846191,4215.512695,4200.0,4238.333496,4204.102539,4205.897461,4197.563965,4190.897461,4194.615234000001,4206.153809,4211.922852000001
4212.820313,4203.461426,4201.025879,4197.05127,4199.871582,4195.641113000001,4246.025879,4216.538574,4204.358886999999,4193.974121,4181.282227000001,4181.025879,4186.282227000001,4191.282227000001
4195.897461,4188.974121,4185.512695,4181.025879,4189.743652,4207.563965,4242.436035,4218.846191,4204.358886999999,4187.94873,4164.615234000001,4169.230957,4164.358886999999,4170.512695
4180.0,4178.077147999999,4173.717772999999,4173.717772999999,4191.153809,4216.282227000001,4242.820313,4221.410156,4208.333496,4181.153809,4153.589844,4163.974121,4157.692383,4169.487305
4173.974121,4173.846191,4169.615234000001,4175.897461,4198.717772999999,4210.256348,4236.538574,4216.025879,4211.282227000001,4182.692383,4154.871582,4165.128418,4161.025879,4169.743652
4178.333496,4181.666504,4168.589844,4180.256348,4206.922852000001,4210.769043,4223.333496,4212.563965,4218.205078,4195.641113000001,4160.769043,4168.333496,4165.769043,4165.384765999999
4182.436035,4189.487305,4169.743652,4183.461426,4210.256348,4218.333496,4217.563965,4214.358886999999,4223.077147999999,4204.743652,4161.538574,4169.871582,4170.384765999999,4170.256348
4183.846191,4190.128418,4173.333496,4188.589844,4213.077147999999,4213.077147999999,4211.025879,4197.307617,4214.358886999999,4202.05127,4160.256348,4168.974121,4178.846191,4173.846191
4193.077147999999,4198.205078,4178.589844,4195.769043,4219.358886999999,4204.102539,4198.974121,4173.333496,4201.666504,4197.94873,4165.769043,4171.538574,4188.974121,4179.871582
4213.077147999999,4216.153809,4187.820313,4202.179688,4224.871582,4206.922852000001,4191.025879,4167.307617,4198.589844,4201.794922,4179.230957,4184.358886999999,4200.512695,4201.666504
4231.538574,4230.512695,4200.769043,4212.692383,4235.384765999999,4218.461426,4189.615234000001,4169.615234000001,4201.922852000001,4214.358886999999,4192.179688,4200.128418,4215.0,4225.512695
4240.512695,4238.461426,4214.871582,4224.102539,4244.743652,4216.282227000001,4193.846191,4176.794922,4204.102539,4224.487305,4199.615234000001,4211.410156,4230.512695,4240.641113000001
4248.333496,4244.487305,4229.102539,4230.128418,4243.717772999999,4205.641113000001,4203.461426,4194.102539,4209.615234000001,4230.384765999999,4208.333496,4219.230957,4243.846191,4252.05127
4255.0,4246.538574,4237.436035,4236.410156,4240.512695,4208.589844,4214.615234000001,4205.512695,4221.794922,4237.563965,4213.461426,4221.153809,4249.102539,4258.461426
4247.179688,4237.179688,4228.461426,4232.692383,4226.025879,4212.563965,4222.820313,4217.436035,4231.410156,4236.282227000001,4202.692383,4211.025879,4236.666504,4248.974121
4228.589844,4217.436035,4211.282227000001,4214.358886999999,4206.025879,4205.384765999999,4235.897461,4245.769043,4236.410156,4220.512695,4181.153809,4194.230957,4209.230957,4226.153809
4216.282227000001,4198.589844,4199.102539,4201.282227000001,4203.077147999999,4199.743652,4243.846191,4248.205078,4231.410156,4204.743652,4165.128418,4182.307617,4186.410156,4206.282227000001
4213.333496,4194.487305,4189.743652,4200.641113000001,4202.563965,4204.102539,4242.307617,4226.922852000001,4222.692383,4202.179688,4162.436035,4177.563965,4179.358886999999,4200.641113000001
4209.743652,4194.230957,4183.717772999999,4194.358886999999,4193.333496,4207.94873,4246.025879,4229.743652,4225.384765999999,4206.025879,4164.358886999999,4175.256348,4177.307617,4202.436035
4203.974121,4184.230957,4181.538574,4180.512695,4190.512695,4205.512695,4246.666504,4230.512695,4221.025879,4198.589844,4159.487305,4173.717772999999,4171.410156,4200.769043
4207.436035,4182.820313,4183.589844,4181.922852000001,4196.410156,4204.230957,4239.615234000001,4213.333496,4206.666504,4188.717772999999,4160.128418,4176.025879,4173.974121,4203.589844
4217.94873,4193.205078,4187.436035,4192.307617,4198.974121,4204.615234000001,4229.230957,4198.589844,4200.384765999999,4192.307617,4174.358886999999,4182.307617,4187.820313,4210.512695
4225.641113000001,4200.897461,4187.563965,4193.333496,4200.0,4206.153809,4218.461426,4179.743652,4195.256348,4196.282227000001,4181.410156,4187.94873,4196.410156,4213.589844
4232.820313,4209.230957,4188.333496,4198.974121,4207.692383,4207.05127,4216.153809,4175.256348,4197.307617,4202.05127,4184.615234000001,4192.820313,4202.563965,4220.769043
4235.0,4217.179688,4190.512695,4208.461426,4212.179688,4207.94873,4211.922852000001,4196.025879,4211.025879,4212.820313,4192.94873,4196.410156,4209.487305,4228.077147999999
4227.94873,4217.563965,4192.692383,4209.230957,4219.102539,4216.025879,4197.820313,4188.589844,4203.589844,4211.282227000001,4195.512695,4197.692383,4207.94873,4224.743652
4229.743652,4223.205078,4198.717772999999,4215.512695,4230.769043,4218.846191,4188.077147999999,4154.871582,4184.230957,4205.256348,4199.102539,4199.871582,4211.794922,4223.717772999999
4244.743652,4234.871582,4208.077147999999,4229.871582,4228.077147999999,4205.128418,4199.230957,4160.128418,4190.769043,4214.615234000001,4211.025879,4205.384765999999,4229.487305,4233.589844
4246.794922,4234.487305,4213.974121,4229.871582,4217.307617,4197.436035,4218.077147999999,4193.461426,4207.692383,4224.230957,4216.922852000001,4207.692383,4235.769043,4237.94873
4233.077147999999,4221.282227000001,4210.384765999999,4218.077147999999,4211.538574,4202.692383,4218.974121,4210.128418,4213.589844,4220.256348,4208.974121,4202.436035,4219.615234000001,4231.410156
4228.846191,4214.102539,4203.077147999999,4213.205078,4210.512695,4205.0,4210.256348,4206.922852000001,4216.794922,4218.077147999999,4201.922852000001,4198.205078,4207.563965,4226.153809
4227.179688,4209.871582,4197.692383,4207.436035,4205.512695,4205.0,4216.410156,4200.769043,4213.974121,4216.282227000001,4197.820313,4194.487305,4205.0,4218.589844
4217.05127,4196.666504,4190.384765999999,4193.461426,4198.974121,4207.820313,4225.384765999999,4199.102539,4201.025879,4203.077147999999,4186.922852000001,4187.820313,4195.512695,4206.153809
4213.333496,4188.333496,4184.871582,4189.358886999999,4200.256348,4207.820313,4223.846191,4204.230957,4201.282227000001,4195.384765999999,4181.794922,4186.025879,4192.05127,4203.461426
4212.94873,4184.102539,4182.179688,4190.0,4195.0,4202.05127,4229.743652,4216.025879,4212.307617,4199.871582,4185.641113000001,4186.410156,4191.410156,4205.0
4207.94873,4181.025879,4179.743652,4187.05127,4189.871582,4206.153809,4230.769043,4208.333496,4208.461426,4201.282227000001,4182.94873,4185.256348,4183.205078,4202.563965
4210.897461,4191.922852000001,4182.436035,4193.461426,4204.615234000001,4220.0,4211.666504,4178.717772999999,4197.307617,4198.974121,4183.589844,4186.794922,4188.589844,4204.358886999999
4224.743652,4209.487305,4193.205078,4207.692383,4222.179688,4217.563965,4200.897461,4174.358886999999,4203.717772999999,4208.461426,4197.436035,4194.487305,4212.05127,4212.692383
4239.102539,4223.974121,4208.077147999999,4221.666504,4223.717772999999,4205.0,4206.666504,4197.436035,4222.307617,4231.282227000001,4214.102539,4205.769043,4231.922852000001,4227.307617
4244.487305,4228.461426,4214.615234000001,4226.410156,4223.333496,4204.487305,4203.717772999999,4185.384765999999,4215.769043,4238.589844,4220.0,4209.358886999999,4235.256348,4239.743652
4239.487305,4223.589844,4210.384765999999,4220.0,4228.077147999999,4211.666504,4195.897461,4166.025879,4199.230957,4223.589844,4213.846191,4205.0,4230.384765999999,4237.563965
4234.871582,4223.589844,4208.461426,4218.461426,4230.0,4213.974121,4203.077147999999,4194.358886999999,4201.025879,4217.436035,4207.563965,4201.538574,4228.333496,4229.230957
4232.563965,4222.563965,4207.307617,4219.102539,4224.743652,4206.410156,4209.487305,4208.461426,4199.230957,4216.922852000001,4202.179688,4196.538574,4222.436035,4223.589844
4227.307617,4210.769043,4202.436035,4211.153809,4213.333496,4195.769043,4210.256348,4209.615234000001,4201.666504,4210.128418,4198.205078,4192.05127,4214.230957,4215.897461
4221.538574,4204.230957,4201.794922,4202.436035,4202.692383,4193.077147999999,4212.692383,4230.897461,4213.333496,4207.820313,4197.307617,4193.717772999999,4212.436035,4209.871582
4217.307617,4201.922852000001,4200.256348,4199.487305,4200.384765999999,4197.563965,4216.025879,4222.179688,4204.358886999999,4200.641113000001,4191.153809,4192.436035,4206.282227000001,4207.05127
4217.436035,4194.743652,4193.461426,4198.974121,4206.025879,4201.666504,4223.717772999999,4194.487305,4196.922852000001,4193.077147999999,4184.615234000001,4185.384765999999,4193.461426,4205.769043
4215.897461,4191.794922,4187.563965,4196.666504,4204.743652,4203.589844,4221.153809,4195.0,4211.666504,4196.025879,4185.0,4185.256348,4186.025879,4203.205078
4210.641113000001,4194.102539,4188.589844,4194.487305,4201.025879,4207.692383,4204.487305,4202.692383,4216.538574,4201.282227000001,4189.743652,4190.128418,4188.077147999999,4200.256348
4211.153809,4195.769043,4194.358886999999,4198.846191,4210.641113000001,4215.384765999999,4197.692383,4195.384765999999,4211.153809,4205.512695,4195.128418,4187.692383,4197.692383,4203.717772999999
4215.128418,4203.974121,4197.94873,4205.769043,4217.820313,4213.077147999999,4205.384765999999,4195.0,4217.307617,4213.333496,4198.333496,4185.0,4205.897461,4209.743652
4211.025879,4206.794922,4191.538574,4202.563965,4209.102539,4205.897461,4214.615234000001,4195.256348,4216.666504,4211.922852000001,4192.436035,4180.512695,4201.666504,4204.743652
4200.641113000001,4194.358886999999,4178.717772999999,4193.461426,4206.794922,4213.333496,4209.487305,4180.256348,4203.461426,4198.333496,4178.333496,4169.358886999999,4188.974121,4190.897461
4209.871582,4203.077147999999,4187.94873,4202.179688,4227.179688,4226.538574,4195.512695,4170.256348,4200.641113000001,4204.230957,4183.205078,4174.743652,4199.230957,4196.410156
4235.512695,4229.743652,4217.179688,4223.077147999999,4240.256348,4222.563965,4197.563965,4191.153809,4211.538574,4223.717772999999,4204.358886999999,4193.717772999999,4222.563965,4218.846191
4239.102539,4229.487305,4223.333496,4224.230957,4228.077147999999,4204.615234000001,4207.94873,4220.0,4213.589844,4217.307617,4207.820313,4194.102539,4219.615234000001,4225.769043
4233.846191,4219.487305,4216.794922,4216.153809,4218.077147999999,4197.307617,4212.05127,4222.179688,4204.615234000001,4209.487305,4206.025879,4193.846191,4217.179688,4226.153809
4245.512695,4225.0,4228.077147999999,4220.384765999999,4221.153809,4202.563965,4221.025879,4231.538574,4210.897461,4224.230957,4223.846191,4212.05127,4235.769043,4236.153809
4249.615234000001,4222.820313,4233.077147999999,4221.282227000001,4219.615234000001,4205.384765999999,4230.128418,4252.563965,4225.512695,4228.077147999999,4231.410156,4218.205078,4238.077147999999,4237.563965
4236.538574,4213.333496,4220.256348,4214.102539,4215.384765999999,4200.256348,4222.307617,4239.871582,4221.922852000001,4215.512695,4215.0,4208.205078,4220.641113000001,4224.743652
4227.692383,4214.487305,4213.974121,4212.05127,4216.025879,4192.179688,4208.846191,4210.128418,4211.666504,4212.563965,4204.871582,4203.205078,4214.230957,4213.461426
4222.436035,4213.846191,4211.153809,4211.922852000001,4216.153809,4194.615234000001,4206.153809,4204.615234000001,4214.102539,4209.743652,4204.102539,4197.692383,4209.102539,4203.333496
4204.615234000001,4200.0,4196.025879,4201.153809,4212.307617,4205.512695,4205.769043,4202.692383,4214.230957,4195.256348,4190.769043,4184.743652,4189.743652,4187.05127
4189.487305,4185.897461,4179.230957,4187.179688,4204.358886999999,4205.641113000001,4211.538574,4197.436035,4207.820313,4187.820313,4175.897461,4175.384765999999,4177.307617,4173.077147999999
4193.333496,4185.256348,4177.820313,4186.410156,4202.94873,4203.333496,4221.666504,4205.769043,4212.94873,4196.410156,4182.820313,4177.820313,4185.0,4177.179688
4201.410156,4191.922852000001,4182.692383,4193.077147999999,4210.256348,4212.563965,4210.897461,4205.897461,4219.871582,4207.179688,4196.666504,4184.871582,4197.307617,4191.794922
4203.333496,4201.025879,4184.102539,4197.307617,4218.077147999999,4218.974121,4194.615234000001,4193.333496,4215.128418,4211.666504,4199.230957,4189.230957,4200.769043,4196.538574
4206.666504,4205.897461,4188.333496,4198.461426,4222.820313,4213.333496,4197.436035,4188.461426,4205.128418,4210.0,4198.333496,4191.794922,4198.846191,4195.897461
4219.871582,4212.563965,4203.077147999999,4204.487305,4229.487305,4210.128418,4199.487305,4190.512695,4208.077147999999,4218.589844,4210.641113000001,4202.820313,4210.641113000001,4209.487305
4233.717772999999,4225.256348,4216.153809,4215.769043,4233.717772999999,4219.615234000001,4206.025879,4208.974121,4231.410156,4242.05127,4232.94873,4217.307617,4236.153809,4228.077147999999
4227.692383,4217.94873,4207.94873,4211.025879,4221.282227000001,4221.538574,4229.743652,4229.487305,4237.436035,4241.922852000001,4230.641113000001,4213.974121,4236.666504,4218.846191
4212.563965,4201.410156,4197.179688,4198.205078,4209.871582,4211.153809,4227.436035,4222.94873,4221.922852000001,4221.282227000001,4211.538574,4202.94873,4218.846191,4199.615234000001
4212.05127,4205.641113000001,4205.897461,4200.512695,4212.692383,4202.692383,4199.230957,4213.077147999999,4218.077147999999,4218.077147999999,4207.94873,4200.897461,4218.461426,4201.666504
4205.384765999999,4197.94873,4202.563965,4197.307617,4204.230957,4196.025879,4204.230957,4219.358886999999,4212.05127,4204.871582,4196.538574,4188.846191,4205.256348,4195.0
4182.436035,4176.282227000001,4182.94873,4184.358886999999,4195.256348,4197.94873,4225.897461,4221.025879,4201.538574,4180.384765999999,4173.974121,4172.05127,4180.256348,4171.794922
4171.410156,4176.922852000001,4177.05127,4181.538574,4206.922852000001,4201.153809,4221.025879,4214.615234000001,4207.307617,4184.615234000001,4175.512695,4176.794922,4183.077147999999,4166.922852000001
4174.358886999999,4179.871582,4179.230957,4181.922852000001,4208.974121,4200.769043,4214.358886999999,4216.025879,4217.05127,4195.769043,4189.615234000001,4183.333496,4195.897461,4174.743652
4173.974121,4173.205078,4176.666504,4178.846191,4197.563965,4209.102539,4220.256348,4219.487305,4216.282227000001,4192.94873,4188.077147999999,4176.153809,4199.102539,4173.589844
4171.538574,4174.743652,4175.384765999999,4176.538574,4200.256348,4215.897461,4216.153809,4205.0,4202.179688,4188.589844,4181.282227000001,4172.820313,4198.461426,4170.769043
4177.05127,4180.256348,4178.974121,4176.153809,4212.436035,4212.05127,4216.282227000001,4190.769043,4193.846191,4190.641113000001,4186.282227000001,4177.307617,4198.205078,4177.179688
4188.717772999999,4183.333496,4185.128418,4183.461426,4217.820313,4213.974121,4222.436035,4201.538574,4205.897461,4203.333496,4197.179688,4185.897461,4206.153809,4190.256348
4202.05127,4193.717772999999,4194.871582,4196.153809,4222.436035,4223.461426,4214.102539,4214.230957,4217.94873,4222.307617,4206.153809,4200.0,4225.128418,4204.230957
4214.615234000001,4210.769043,4203.974121,4204.615234000001,4230.769043,4223.846191,4212.05127,4214.230957,4219.230957,4232.307617,4214.743652,4210.128418,4241.538574,4212.05127
4218.589844,4214.102539,4201.794922,4204.871582,4232.563965,4213.717772999999,4217.436035,4218.077147999999,4221.666504,4228.717772999999,4217.307617,4208.717772999999,4238.589844,4209.230957
4209.871582,4201.794922,4196.922852000001,4202.820313,4230.0,4204.487305,4204.358886999999,4224.487305,4224.743652,4221.794922,4206.025879,4203.333496,4221.794922,4199.487305
4195.512695,4193.717772999999,4193.717772999999,4200.641113000001,4222.563965,4200.641113000001,4183.589844,4219.102539,4222.05127,4215.641113000001,4192.05127,4193.077147999999,4206.666504,4187.436035
4189.743652,4196.922852000001,4189.102539,4197.179688,4214.615234000001,4201.025879,4184.358886999999,4216.538574,4221.922852000001,4212.436035,4188.846191,4183.717772999999,4204.358886999999,4180.0
4191.410156,4199.487305,4188.077147999999,4200.0,4221.410156,4204.743652,4204.230957,4228.974121,4227.436035,4213.589844,4190.769043,4184.615234000001,4205.128418,4181.282227000001
4184.230957,4190.384765999999,4188.717772999999,4198.205078,4222.436035,4205.641113000001,4221.922852000001,4236.794922,4225.256348,4209.743652,4183.461426,4185.128418,4193.974121,4177.692383
4167.94873,4171.538574,4179.102539,4180.128418,4205.641113000001,4205.512695,4230.641113000001,4233.461426,4209.743652,4196.282227000001,4167.94873,4175.512695,4178.717772999999,4163.205078
4164.487305,4157.94873,4167.436035,4166.922852000001,4203.589844,4209.487305,4226.025879,4228.205078,4198.846191,4186.666504,4162.563965,4168.717772999999,4175.512695,4157.05127
4176.410156,4165.512695,4170.897461,4173.717772999999,4210.897461,4209.487305,4217.820313,4222.94873,4202.820313,4193.461426,4171.666504,4173.333496,4186.282227000001,4167.05127
4187.563965,4188.974121,4183.333496,4186.666504,4209.743652,4212.05127,4228.077147999999,4230.0,4215.641113000001,4211.538574,4187.179688,4181.025879,4203.205078,4181.794922
4188.461426,4197.05127,4187.820313,4187.94873,4209.743652,4218.205078,4241.025879,4251.153809,4229.871582,4222.307617,4198.717772999999,4187.436035,4214.487305,4193.974121
4187.94873,4186.282227000001,4184.871582,4183.077147999999,4211.922852000001,4214.230957,4227.436035,4247.05127,4233.077147999999,4222.436035,4201.922852000001,4192.563965,4217.563965,4200.0
4194.230957,4186.153809,4183.205078,4185.384765999999,4215.641113000001,4210.512695,4203.846191,4208.205078,4221.794922,4222.692383,4203.717772999999,4195.641113000001,4224.615234000001,4198.589844
4201.794922,4198.589844,4187.436035,4196.922852000001,4227.820313,4214.743652,4192.436035,4179.743652,4208.717772999999,4224.358886999999,4202.692383,4195.769043,4232.94873,4195.769043
4206.410156,4206.538574,4197.563965,4208.717772999999,4242.05127,4210.128418,4183.205078,4181.922852000001,4210.512695,4226.666504,4200.512695,4193.717772999999,4233.974121,4197.820313
4202.179688,4202.179688,4199.871582,4206.538574,4234.230957,4200.384765999999,4185.769043,4188.974121,4212.436035,4221.153809,4196.282227000001,4187.563965,4223.589844,4194.102539
4190.897461,4188.333496,4187.692383,4195.0,4216.794922,4207.307617,4212.436035,4196.410156,4202.05127,4202.94873,4183.205078,4180.897461,4206.282227000001,4183.205078
4188.846191,4180.384765999999,4183.589844,4191.282227000001,4220.769043,4216.922852000001,4220.128418,4223.077147999999,4202.05127,4196.025879,4175.384765999999,4183.205078,4200.128418,4180.256348
4195.128418,4183.589844,4192.436035,4194.102539,4228.846191,4204.102539,4196.666504,4239.871582,4215.641113000001,4209.102539,4182.820313,4189.102539,4207.307617,4187.692383
4194.743652,4185.256348,4197.563965,4193.589844,4218.974121,4191.538574,4200.512695,4234.230957,4223.461426,4214.871582,4189.871582,4189.487305,4213.589844,4192.692383
4187.692383,4179.358886999999,4191.282227000001,4185.256348,4206.666504,4194.487305,4221.794922,4231.794922,4215.256348,4202.436035,4181.538574,4184.743652,4205.641113000001,4187.820313
4194.230957,4182.563965,4190.128418,4181.410156,4209.743652,4195.128418,4218.205078,4234.230957,4208.077147999999,4196.666504,4178.717772999999,4189.102539,4201.794922,4193.717772999999
4210.641113000001,4196.025879,4198.974121,4193.333496,4216.282227000001,4197.94873,4217.05127,4226.025879,4210.128418,4204.871582,4189.102539,4202.563965,4216.794922,4212.94873
4209.743652,4195.128418,4194.743652,4200.128418,4219.487305,4207.820313,4211.794922,4205.384765999999,4207.307617,4206.794922,4188.717772999999,4203.333496,4221.538574,4214.615234000001
4204.230957,4192.563965,4189.230957,4197.307617,4224.102539,4208.333496,4191.282227000001,4201.282227000001,4210.384765999999,4210.512695,4186.282227000001,4198.846191,4217.563965,4206.922852000001
4212.692383,4202.820313,4201.666504,4200.256348,4220.897461,4202.05127,4193.333496,4214.615234000001,4221.794922,4222.820313,4190.256348,4204.358886999999,4228.333496,4213.461426
4213.333496,4201.794922,4203.717772999999,4202.307617,4210.512695,4205.0,4207.436035,4211.153809,4216.410156,4219.487305,4183.974121,4203.077147999999,4228.589844,4215.897461
4200.769043,4187.94873,4188.205078,4197.820313,4210.256348,4213.077147999999,4208.589844,4188.333496,4199.615234000001,4204.871582,4174.358886999999,4189.102539,4210.128418,4205.512695
4191.794922,4178.077147999999,4177.05127,4189.230957,4213.974121,4211.410156,4205.897461,4183.974121,4196.794922,4198.717772999999,4167.436035,4181.025879,4199.358886999999,4194.743652
4187.436035,4174.358886999999,4175.256348,4183.461426,4211.538574,4206.922852000001,4205.256348,4202.179688,4202.94873,4199.487305,4161.282227000001,4177.05127,4193.717772999999,4187.179688
4185.769043,4174.615234000001,4176.538574,4183.974121,4207.05127,4211.153809,4217.692383,4216.282227000001,4205.384765999999,4198.205078,4164.230957,4170.384765999999,4188.974121,4189.102539
4194.230957,4175.0,4180.769043,4186.538574,4201.922852000001,4209.487305,4234.230957,4233.717772999999,4211.153809,4195.512695,4170.128418,4172.307617,4195.769043,4197.692383
4203.846191,4180.128418,4187.179688,4193.077147999999,4201.794922,4196.794922,4219.102539,4243.846191,4220.384765999999,4201.025879,4172.820313,4179.615234000001,4206.538574,4201.794922
4206.025879,4192.692383,4192.05127,4199.871582,4207.692383,4196.410156,4197.436035,4225.897461,4223.205078,4211.922852000001,4183.717772999999,4184.358886999999,4210.769043,4206.410156
4207.563965,4197.563965,4190.256348,4198.846191,4210.128418,4209.358886999999,4208.846191,4212.05127,4222.307617,4214.743652,4196.282227000001,4190.512695,4213.589844,4218.717772999999
4210.128418,4193.333496,4187.692383,4194.871582,4205.384765999999,4213.205078,4217.692383,4213.717772999999,4218.974121,4210.512695,4199.230957,4196.666504,4218.333496,4226.538574
4209.871582,4193.205078,4193.717772999999,4197.05127,4200.769043,4205.897461,4202.94873,4209.871582,4212.820313,4209.358886999999,4200.769043,4202.563965,4219.487305,4226.153809
4206.153809,4189.871582,4199.615234000001,4196.794922,4199.743652,4204.102539,4207.179688,4218.717772999999,4212.436035,4210.0,4204.743652,4203.717772999999,4214.615234000001,4224.358886999999
4198.333496,4176.794922,4189.871582,4186.025879,4197.563965,4204.487305,4219.358886999999,4218.717772999999,4203.333496,4201.025879,4198.333496,4190.256348,4203.717772999999,4215.256348
4192.94873,4177.563965,4180.128418,4181.794922,4200.769043,4203.205078,4202.179688,4175.512695,4181.538574,4189.743652,4185.897461,4177.05127,4198.205078,4203.205078
4196.025879,4194.871582,4182.94873,4194.871582,4211.025879,4206.538574,4189.615234000001,4158.333496,4185.512695,4196.153809,4183.974121,4175.384765999999,4200.512695,4200.641113000001
4190.0,4192.307617,4175.128418,4193.717772999999,4202.692383,4201.666504,4202.94873,4196.538574,4207.436035,4200.897461,4179.871582,4169.102539,4187.436035,4189.615234000001
4176.794922,4176.282227000001,4160.128418,4176.410156,4185.128418,4196.153809,4211.538574,4216.282227000001,4208.077147999999,4189.487305,4166.922852000001,4160.384765999999,4165.384765999999,4169.743652
4178.717772999999,4178.077147999999,4163.461426,4176.538574,4192.05127,4201.666504,4206.153809,4200.128418,4200.256348,4183.461426,4162.307617,4162.94873,4161.922852000001,4170.769043
4189.358886999999,4187.436035,4175.256348,4187.05127,4201.794922,4203.461426,4205.128418,4192.179688,4198.974121,4183.461426,4168.589844,4170.0,4168.974121,4182.820313
4198.846191,4193.077147999999,4181.153809,4190.128418,4196.794922,4198.846191,4213.461426,4206.410156,4201.666504,4182.692383,4176.666504,4177.94873,4172.94873,4183.333496
4207.820313,4197.692383,4186.666504,4194.358886999999,4193.974121,4196.922852000001,4215.256348,4218.461426,4206.538574,4182.692383,4182.307617,4188.333496,4176.025879,4186.282227000001
4215.384765999999,4199.743652,4194.230957,4201.922852000001,4200.0,4200.128418,4208.077147999999,4218.461426,4204.615234000001,4188.077147999999,4188.333496,4196.410156,4181.922852000001,4198.589844
4222.436035,4200.256348,4202.94873,4207.436035,4203.974121,4199.743652,4206.410156,4218.205078,4201.922852000001,4197.94873,4196.794922,4205.256348,4195.384765999999,4207.820313
4231.538574,4205.897461,4212.563965,4212.563965,4201.282227000001,4194.487305,4207.94873,4217.94873,4209.102539,4207.436035,4208.589844,4214.102539,4209.743652,4215.512695
4235.641113000001,4214.615234000001,4214.871582,4217.94873,4206.282227000001,4197.307617,4199.102539,4214.230957,4217.94873,4215.641113000001,4215.256348,4212.94873,4211.666504,4218.846191
4221.922852000001,4210.0,4202.692383,4213.846191,4210.384765999999,4201.922852000001,4187.563965,4198.846191,4209.102539,4209.102539,4205.128418,4202.179688,4200.897461,4206.538574
4200.384765999999,4193.974121,4185.769043,4200.769043,4206.666504,4199.358886999999,4191.282227000001,4172.563965,4184.487305,4185.512695,4184.615234000001,4189.102539,4186.282227000001,4188.461426
4191.666504,4185.769043,4177.307617,4193.461426,4208.846191,4202.436035,4203.205078,4164.615234000001,4177.307617,4172.563965,4173.717772999999,4181.153809,4174.871582,4182.307617
4191.282227000001,4183.589844,4172.436035,4188.974121,4206.922852000001,4202.307617,4201.282227000001,4174.358886999999,4181.282227000001,4170.641113000001,4168.589844,4176.666504,4164.743652,4176.410156
4189.358886999999,4180.384765999999,4173.077147999999,4186.153809,4196.410156,4193.974121,4194.230957,4178.589844,4175.512695,4167.307617,4163.717772999999,4173.717772999999,4161.025879,4166.922852000001
4192.692383,4185.256348,4183.461426,4193.589844,4197.436035,4199.358886999999,4201.794922,4191.794922,4176.282227000001,4173.333496,4168.717772999999,4180.0,4168.461426,4172.05127
4202.436035,4195.641113000001,4188.205078,4198.846191,4207.05127,4211.922852000001,4217.94873,4218.846191,4194.230957,4189.871582,4176.025879,4192.436035,4180.897461,4184.102539
4213.077147999999,4200.641113000001,4188.205078,4199.615234000001,4208.589844,4208.846191,4226.153809,4236.538574,4212.94873,4203.589844,4186.410156,4201.538574,4193.205078,4193.205078
4216.538574,4202.820313,4192.692383,4205.128418,4204.358886999999,4198.077147999999,4222.820313,4240.0,4213.461426,4204.102539,4198.205078,4205.897461,4196.794922,4200.897461
4220.641113000001,4211.025879,4201.922852000001,4217.307617,4206.666504,4199.487305,4201.025879,4224.871582,4206.794922,4200.897461,4202.692383,4211.794922,4201.153809,4210.641113000001
4236.794922,4223.461426,4217.820313,4230.641113000001,4216.922852000001,4202.692383,4166.666504,4199.743652,4211.025879,4211.666504,4211.025879,4218.333496,4218.205078,4225.384765999999
4249.743652,4228.717772999999,4230.256348,4237.692383,4222.820313,4194.358886999999,4161.153809,4195.0,4219.743652,4223.333496,4221.922852000001,4219.230957,4229.615234000001,4234.743652
4234.743652,4220.128418,4219.615234000001,4227.692383,4210.897461,4189.743652,4186.666504,4198.205078,4211.025879,4210.641113000001,4211.410156,4208.846191,4212.05127,4221.666504
4201.153809,4199.358886999999,4191.794922,4202.436035,4190.512695,4195.128418,4195.256348,4177.820313,4185.769043,4181.794922,4180.512695,4185.641113000001,4179.743652,4189.871582
4186.282227000001,4186.153809,4178.974121,4188.461426,4187.179688,4200.256348,4197.563965,4171.794922,4180.0,4172.179688,4168.077147999999,4171.794922,4169.358886999999,4172.94873
4187.820313,4186.794922,4181.025879,4190.0,4191.410156,4196.153809,4217.820313,4202.05127,4196.153809,4181.794922,4178.333496,4177.692383,4176.922852000001,4176.922852000001
4185.769043,4183.589844,4179.230957,4188.846191,4183.205078,4191.794922,4224.230957,4211.922852000001,4203.205078,4186.025879,4183.974121,4186.922852000001,4181.282227000001,4180.897461
4186.666504,4182.563965,4182.692383,4188.077147999999,4184.871582,4202.179688,4217.307617,4197.563965,4200.769043,4188.461426,4186.538574,4191.538574,4186.538574,4186.666504
4197.436035,4194.743652,4190.769043,4195.641113000001,4203.205078,4212.563965,4218.205078,4200.769043,4202.820313,4196.538574,4194.487305,4198.333496,4196.025879,4199.871582
4213.717772999999,4209.743652,4196.666504,4205.256348,4211.794922,4204.230957,4213.974121,4206.410156,4202.436035,4201.410156,4204.102539,4206.666504,4206.538574,4213.974121
4222.820313,4215.0,4205.128418,4211.153809,4209.615234000001,4195.897461,4200.512695,4201.153809,4195.512695,4197.436035,4209.102539,4214.102539,4213.333496,4219.871582
4220.512695,4211.153809,4210.256348,4212.05127,4207.436035,4197.179688,4189.615234000001,4199.743652,4190.769043,4190.641113000001,4207.05127,4214.102539,4208.205078,4216.025879
4221.538574,4211.922852000001,4213.846191,4216.538574,4204.487305,4190.769043,4182.692383,4200.128418,4195.384765999999,4191.794922,4205.0,4207.563965,4202.436035,4217.179688
4228.077147999999,4216.282227000001,4225.256348,4221.410156,4201.410156,4177.563965,4173.205078,4196.410156,4204.615234000001,4199.358886999999,4208.205078,4209.230957,4207.307617,4226.922852000001
4222.692383,4211.794922,4227.94873,4216.538574,4198.717772999999,4178.461426,4173.589844,4202.436035,4210.0,4200.897461,4208.077147999999,4212.820313,4206.666504,4223.846191
4207.05127,4200.384765999999,4210.256348,4207.563965,4197.436035,4195.256348,4192.563965,4220.0,4212.436035,4197.820313,4198.717772999999,4203.846191,4193.333496,4205.256348
4194.102539,4191.282227000001,4189.615234000001,4197.179688,4196.282227000001,4208.846191,4204.487305,4222.563965,4215.256348,4196.922852000001,4186.794922,4192.179688,4181.410156,4194.487305
4183.974121,4184.615234000001,4180.384765999999,4189.743652,4194.230957,4215.769043,4204.615234000001,4214.358886999999,4217.179688,4195.769043,4182.692383,4187.692383,4178.333496,4195.0
4177.820313,4179.871582,4177.820313,4188.077147999999,4191.282227000001,4218.461426,4212.179688,4208.846191,4208.077147999999,4186.922852000001,4183.589844,4184.871582,4177.94873,4192.820313
4177.436035,4181.025879,4176.025879,4188.333496,4190.384765999999,4219.102539,4220.384765999999,4210.897461,4200.128418,4181.282227000001,4186.794922,4183.717772999999,4180.0,4193.205078
4187.820313,4188.717772999999,4181.282227000001,4191.410156,4195.512695,4219.102539,4218.461426,4217.563965,4210.512695,4195.769043,4201.153809,4191.922852000001,4193.717772999999,4205.256348
4202.179688,4195.256348,4190.641113000001,4195.512695,4198.717772999999,4216.410156,4217.563965,4210.0,4208.461426,4206.153809,4211.538574,4197.563965,4206.794922,4213.974121
4209.102539,4203.077147999999,4199.230957,4201.538574,4205.0,4216.410156,4224.615234000001,4210.0,4196.153809,4202.05127,4211.410156,4200.128418,4214.743652,4217.692383
4217.05127,4215.641113000001,4211.025879,4213.589844,4215.769043,4208.717772999999,4214.358886999999,4218.589844,4202.94873,4208.717772999999,4220.384765999999,4209.743652,4228.974121,4228.846191
4225.641113000001,4223.461426,4221.666504,4223.333496,4213.461426,4187.436035,4183.461426,4191.794922,4201.794922,4217.692383,4228.205078,4220.897461,4235.128418,4237.820313
4222.307617,4222.820313,4222.436035,4223.717772999999,4200.769043,4178.846191,4171.538574,4152.563965,4176.282227000001,4205.641113000001,4218.461426,4216.922852000001,4222.436035,4232.179688
4211.282227000001,4210.512695,4216.410156,4217.307617,4193.461426,4183.077147999999,4181.538574,4170.512695,4167.179688,4186.153809,4205.384765999999,4202.94873,4205.384765999999,4218.974121
4206.025879,4199.358886999999,4211.794922,4210.897461,4193.333496,4182.820313,4190.384765999999,4206.410156,4180.897461,4185.384765999999,4203.846191,4201.153809,4200.641113000001,4213.589844
4198.205078,4197.563965,4204.871582,4205.256348,4192.307617,4184.871582,4185.128418,4187.05127,4181.153809,4191.538574,4203.846191,4202.692383,4199.102539,4211.666504
4179.487305,4180.769043,4186.025879,4188.717772999999,4183.974121,4188.717772999999,4175.641113000001,4165.0,4171.538574,4180.897461,4190.512695,4190.128418,4182.820313,4195.384765999999
4167.692383,4159.102539,4170.0,4171.025879,4175.384765999999,4193.974121,4194.230957,4198.846191,4186.153809,4173.589844,4180.0,4180.128418,4170.384765999999,4178.333496
4164.743652,4152.563965,4162.94873,4162.179688,4176.666504,4199.871582,4217.820313,4235.0,4204.102539,4175.769043,4178.333496,4179.230957,4168.205078,4175.641113000001
4159.358886999999,4153.333496,4156.794922,4156.666504,4184.615234000001,4204.102539,4210.512695,4222.307617,4196.922852000001,4170.256348,4170.641113000001,4176.922852000001,4160.641113000001,4171.666504
4164.230957,4160.769043,4161.410156,4165.128418,4189.871582,4212.692383,4208.461426,4212.820313,4203.974121,4178.205078,4175.384765999999,4184.230957,4165.384765999999,4176.153809
4178.205078,4172.563965,4170.641113000001,4178.333496,4185.769043,4217.692383,4232.436035,4234.487305,4225.897461,4198.333496,4194.743652,4197.94873,4183.974121,4194.230957
4184.487305,4178.077147999999,4170.897461,4180.769043,4186.666504,4214.615234000001,4227.94873,4232.820313,4219.358886999999,4198.717772999999,4195.641113000001,4194.743652,4185.256348,4196.153809
4191.153809,4185.641113000001,4176.410156,4187.692383,4201.410156,4207.563965,4197.179688,4211.922852000001,4210.897461,4198.846191,4192.94873,4193.333496,4189.102539,4195.641113000001
4207.307617,4203.589844,4194.743652,4205.256348,4206.666504,4195.769043,4191.922852000001,4214.358886999999,4228.205078,4220.897461,4216.025879,4213.077147999999,4222.307617,4218.717772999999
4217.307617,4213.717772999999,4207.820313,4214.871582,4195.769043,4182.94873,4192.179688,4203.589844,4222.05127,4229.102539,4234.615234000001,4224.615234000001,4250.0,4238.846191
4214.102539,4205.384765999999,4206.922852000001,4213.077147999999,4188.333496,4175.897461,4175.769043,4161.922852000001,4183.205078,4205.897461,4223.205078,4212.94873,4241.025879,4232.307617
4208.205078,4195.384765999999,4206.538574,4209.615234000001,4191.666504,4172.563965,4169.615234000001,4153.717772999999,4167.94873,4190.897461,4212.692383,4205.512695,4223.333496,4224.615234000001
4201.153809,4185.897461,4205.897461,4202.05127,4189.102539,4162.179688,4173.974121,4179.871582,4176.794922,4196.025879,4216.538574,4207.563965,4219.102539,4226.666504
4189.871582,4171.666504,4197.436035,4190.128418,4176.666504,4157.563965,4172.94873,4189.102539,4181.153809,4200.384765999999,4213.846191,4204.743652,4216.922852000001,4222.179688
4179.102539,4164.358886999999,4187.179688,4180.641113000001,4174.230957,4172.94873,4179.615234000001,4194.487305,4188.974121,4201.153809,4207.05127,4198.717772999999,4212.05127,4212.820313
4172.307617,4164.102539,4179.102539,4175.128418,4180.641113000001,4188.077147999999,4191.666504,4213.461426,4204.615234000001,4204.102539,4204.615234000001,4195.128418,4205.897461,4207.692383
4171.025879,4161.922852000001,4176.025879,4175.641113000001,4184.871582,4198.333496,4198.589844,4232.563965,4220.384765999999,4210.769043,4205.0,4197.307617,4202.307617,4209.615234000001
4167.820313,4158.077147999999,4172.563965,4176.153809,4186.410156,4211.538574,4207.94873,4235.0,4225.256348,4211.794922,4204.102539,4199.615234000001,4197.94873,4205.256348
4159.102539,4155.256348,4161.282227000001,4165.769043,4186.794922,4211.282227000001,4208.333496,4221.282227000001,4213.589844,4203.205078,4195.769043,4197.692383,4190.256348,4197.820313
4156.025879,4156.025879,4155.0,4159.230957,4188.846191,4202.563965,4202.436035,4215.641113000001,4205.512695,4197.563965,4186.794922,4194.615234000001,4186.282227000001,4199.615234000001
4157.307617,4156.666504,4159.102539,4164.615234000001,4186.922852000001,4203.589844,4201.794922,4215.769043,4207.820313,4194.743652,4182.436035,4188.333496,4183.717772999999,4196.538574
4160.897461,4160.128418,4166.410156,4171.922852000001,4186.922852000001,4205.384765999999,4203.205078,4215.897461,4207.94873,4194.487305,4188.717772999999,4184.358886999999,4192.05127,4193.333496
4166.794922,4163.461426,4170.512695,4175.384765999999,4193.846191,4199.743652,4203.974121,4206.153809,4194.358886999999,4192.692383,4193.461426,4184.487305,4205.384765999999,4197.692383
4169.871582,4166.410156,4174.871582,4178.077147999999,4193.974121,4190.256348,4193.846191,4174.358886999999,4172.179688,4185.897461,4187.05127,4185.0,4206.282227000001,4199.358886999999
4177.820313,4175.641113000001,4186.410156,4189.487305,4190.769043,4180.0,4178.461426,4159.743652,4170.128418,4190.256348,4191.410156,4192.179688,4208.077147999999,4204.487305
4186.410156,4177.436035,4195.0,4196.666504,4191.410156,4178.077147999999,4181.922852000001,4185.897461,4183.205078,4202.94873,4204.871582,4202.94873,4215.769043,4215.512695
4182.820313,4167.820313,4190.769043,4192.05127,4188.974121,4179.743652,4195.769043,4208.461426,4182.436035,4202.692383,4205.128418,4205.512695,4217.307617,4216.538574
4179.743652,4166.666504,4187.307617,4188.846191,4187.179688,4176.794922,4194.230957,4206.538574,4180.897461,4202.563965,4202.05127,4207.94873,4220.897461,4216.410156
4185.256348,4167.563965,4191.666504,4185.512695,4186.410156,4176.666504,4191.282227000001,4211.666504,4193.589844,4212.436035,4206.538574,4213.589844,4228.077147999999,4225.641113000001
4178.974121,4153.205078,4185.256348,4169.743652,4174.487305,4186.282227000001,4209.487305,4222.692383,4199.358886999999,4210.769043,4201.538574,4207.563965,4221.153809,4222.94873
4164.615234000001,4141.794922,4168.205078,4157.05127,4165.769043,4200.512695,4217.94873,4222.307617,4196.282227000001,4200.256348,4189.102539,4194.102539,4212.179688,4210.897461
4161.794922,4142.436035,4162.307617,4159.358886999999,4173.333496,4208.717772999999,4206.666504,4215.0,4198.717772999999,4199.871582,4184.230957,4187.179688,4211.538574,4209.358886999999
4158.974121,4139.102539,4162.179688,4158.461426,4179.102539,4205.769043,4206.282227000001,4212.179688,4205.0,4204.871582,4182.692383,4183.846191,4209.743652,4207.94873
4153.717772999999,4133.333496,4155.769043,4151.153809,4175.128418,4195.641113000001,4210.128418,4207.820313,4204.743652,4203.589844,4179.871582,4182.179688,4206.410156,4200.641113000001
4160.0,4134.743652,4156.538574,4154.487305,4177.179688,4201.666504,4212.94873,4200.512695,4200.769043,4198.974121,4178.461426,4181.666504,4205.0,4199.487305
4168.589844,4143.205078,4167.179688,4165.897461,4184.487305,4214.743652,4212.692383,4200.769043,4203.974121,4198.846191,4183.846191,4181.025879,4205.897461,4205.0
4171.025879,4155.512695,4171.538574,4172.94873,4184.871582,4200.384765999999,4191.922852000001,4205.128418,4208.846191,4203.589844,4193.205078,4182.436035,4208.077147999999,4209.871582
4181.794922,4168.077147999999,4178.077147999999,4181.922852000001,4185.384765999999,4183.205078,4176.666504,4204.230957,4204.230957,4212.94873,4205.641113000001,4189.230957,4217.563965,4218.974121
4193.077147999999,4168.846191,4187.94873,4186.410156,4187.179688,4189.743652,4186.666504,4192.05127,4190.128418,4212.05127,4210.769043,4197.692383,4218.205078,4226.538574
4196.794922,4166.922852000001,4193.846191,4185.0,4188.846191,4195.769043,4189.871582,4189.743652,4185.0,4202.307617,4211.282227000001,4205.512695,4209.102539,4231.410156
4207.05127,4177.820313,4204.487305,4194.102539,4190.512695,4187.563965,4189.743652,4213.846191,4194.102539,4205.512695,4219.102539,4213.846191,4215.897461,4241.922852000001
4220.769043,4185.256348,4214.871582,4202.692383,4186.153809,4175.256348,4202.05127,4226.410156,4198.205078,4212.179688,4225.897461,4221.153809,4228.589844,4250.256348
4225.769043,4183.077147999999,4219.358886999999,4201.153809,4184.230957,4172.05127,4211.794922,4214.487305,4198.333496,4210.512695,4231.282227000001,4228.205078,4229.871582,4252.692383
4214.358886999999,4175.384765999999,4213.333496,4190.256348,4185.897461,4180.512695,4215.897461,4205.769043,4196.410156,4199.615234000001,4227.436035,4221.666504,4223.461426,4243.846191
4199.358886999999,4166.922852000001,4200.641113000001,4181.538574,4182.563965,4185.897461,4215.769043,4216.794922,4199.358886999999,4192.436035,4218.846191,4205.128418,4222.94873,4228.717772999999
4196.922852000001,4166.538574,4196.410156,4180.769043,4176.025879,4180.384765999999,4209.743652,4238.717772999999,4218.333496,4202.820313,4223.846191,4207.307617,4230.0,4226.666504
4195.769043,4163.589844,4193.589844,4177.436035,4172.179688,4174.743652,4204.743652,4236.282227000001,4225.256348,4209.871582,4227.563965,4215.769043,4231.922852000001,4226.410156
4186.410156,4158.974121,4185.128418,4174.487305,4179.743652,4186.410156,4201.666504,4210.128418,4209.487305,4202.307617,4216.282227000001,4206.794922,4227.436035,4217.94873
4180.512695,4160.256348,4180.641113000001,4176.666504,4189.871582,4201.794922,4197.563965,4199.743652,4201.025879,4198.205078,4204.102539,4195.128418,4220.128418,4212.307617
4182.820313,4162.179688,4180.769043,4175.769043,4185.128418,4201.025879,4195.769043,4199.487305,4203.205078,4198.846191,4202.820313,4195.897461,4211.282227000001,4207.820313
4189.743652,4170.128418,4185.0,4180.641113000001,4183.846191,4197.692383,4194.743652,4187.94873,4201.410156,4199.615234000001,4208.205078,4201.922852000001,4212.94873,4206.794922
4198.589844,4183.205078,4194.743652,4195.897461,4194.743652,4196.538574,4188.974121,4176.538574,4195.769043,4204.102539,4216.153809,4207.94873,4222.692383,4215.897461
4199.743652,4183.846191,4197.05127,4197.94873,4196.666504,4188.974121,4182.436035,4170.641113000001,4189.871582,4201.538574,4218.333496,4207.436035,4220.897461,4219.743652
4196.794922,4178.974121,4190.641113000001,4189.358886999999,4193.846191,4184.615234000001,4177.820313,4161.794922,4182.692383,4191.410156,4214.102539,4203.205078,4213.333496,4213.333496
4204.102539,4186.153809,4197.820313,4196.538574,4194.871582,4191.410156,4179.358886999999,4170.769043,4191.025879,4198.461426,4222.05127,4213.205078,4220.641113000001,4219.871582
4212.05127,4193.846191,4209.871582,4206.282227000001,4194.487305,4198.461426,4184.230957,4200.769043,4215.641113000001,4220.0,4235.256348,4226.538574,4231.794922,4232.563965
4198.974121,4185.0,4200.641113000001,4192.179688,4191.153809,4194.358886999999,4188.205078,4215.256348,4217.820313,4217.94873,4226.538574,4217.436035,4222.94873,4221.282227000001
4179.358886999999,4171.025879,4185.0,4173.717772999999,4187.179688,4187.179688,4193.717772999999,4213.333496,4207.05127,4201.794922,4210.769043,4204.871582,4209.615234000001,4202.563965
4172.563965,4163.205078,4182.94873,4170.384765999999,4181.025879,4187.179688,4192.563965,4214.871582,4216.666504,4205.256348,4210.128418,4207.436035,4204.615234000001,4200.384765999999
4166.410156,4154.615234000001,4177.692383,4165.769043,4174.358886999999,4189.230957,4190.769043,4212.436035,4222.94873,4206.666504,4205.256348,4205.256348,4196.153809,4198.461426
4161.794922,4150.128418,4167.94873,4159.743652,4174.871582,4188.077147999999,4200.512695,4209.743652,4213.333496,4198.205078,4196.025879,4197.94873,4191.794922,4189.102539
4164.358886999999,4151.922852000001,4162.692383,4160.128418,4176.282227000001,4191.025879,4200.897461,4208.589844,4206.538574,4196.666504,4196.410156,4194.871582,4193.846191,4185.641113000001
4168.333496,4151.410156,4162.563965,4163.077147999999,4178.333496,4203.205078,4195.897461,4202.05127,4205.256348,4198.589844,4197.179688,4191.922852000001,4193.717772999999,4189.871582
4172.692383,4150.769043,4168.589844,4166.794922,4182.692383,4217.436035,4208.461426,4198.205078,4200.897461,4197.820313,4192.94873,4191.922852000001,4191.538574,4190.512695
4173.589844,4152.94873,4170.256348,4167.692383,4184.487305,4218.974121,4208.589844,4194.358886999999,4189.871582,4186.282227000001,4184.358886999999,4190.897461,4184.230957,4183.205078
4178.589844,4165.641113000001,4167.436035,4174.871582,4190.769043,4205.384765999999,4186.922852000001,4185.384765999999,4181.538574,4175.128418,4180.256348,4186.410156,4181.794922,4183.077147999999
4196.666504,4186.538574,4180.0,4190.128418,4195.769043,4186.538574,4178.589844,4185.641113000001,4192.436035,4190.512695,4192.692383,4192.692383,4194.743652,4200.512695
4204.487305,4194.102539,4195.256348,4194.743652,4188.846191,4179.615234000001,4187.563965,4192.94873,4202.436035,4207.820313,4204.487305,4205.128418,4201.153809,4211.794922
4191.666504,4183.846191,4194.230957,4188.589844,4186.666504,4190.128418,4193.333496,4191.153809,4191.922852000001,4195.897461,4200.769043,4203.589844,4193.205078,4205.128418
4188.333496,4180.128418,4193.974121,4189.102539,4194.615234000001,4195.512695,4188.077147999999,4185.641113000001,4188.717772999999,4187.436035,4200.256348,4200.0,4196.410156,4205.512695
4196.025879,4186.410156,4201.282227000001,4194.102539,4193.846191,4187.436035,4187.307617,4202.05127,4205.769043,4202.94873,4210.384765999999,4205.641113000001,4207.179688,4214.102539
4192.563965,4184.871582,4199.743652,4192.179688,4185.256348,4187.563965,4201.282227000001,4227.94873,4219.487305,4210.0,4216.410156,4207.179688,4204.230957,4212.05127
4186.153809,4179.615234000001,4193.589844,4191.025879,4187.307617,4199.615234000001,4208.205078,4225.512695,4218.717772999999,4205.384765999999,4214.615234000001,4202.563965,4197.94873,4206.538574
4183.589844,4178.589844,4190.641113000001,4192.05127,4192.563965,4206.794922,4206.410156,4210.641113000001,4213.461426,4206.153809,4209.871582,4196.538574,4198.974121,4204.358886999999
4173.846191,4172.563965,4180.897461,4184.102539,4185.641113000001,4211.282227000001,4214.487305,4210.0,4204.358886999999,4201.922852000001,4199.358886999999,4189.487305,4192.94873,4196.666504
4170.128418,4167.05127,4174.230957,4176.282227000001,4180.0,4219.487305,4222.436035,4211.153809,4201.666504,4198.205078,4194.230957,4186.538574,4186.410156,4189.102539
4177.307617,4172.820313,4180.641113000001,4177.307617,4185.512695,4220.0,4221.410156,4206.922852000001,4207.563965,4204.487305,4200.128418,4185.512695,4195.0,4189.615234000001
4177.179688,4173.717772999999,4183.333496,4175.128418,4190.0,4212.05127,4214.743652,4207.94873,4203.717772999999,4202.563965,4199.615234000001,4185.641113000001,4199.102539,4189.743652
4174.743652,4169.615234000001,4182.94873,4174.358886999999,4191.410156,4207.94873,4196.025879,4196.666504,4192.94873,4192.563965,4195.256348,4192.436035,4192.692383,4191.666504
4181.794922,4175.256348,4188.717772999999,4185.128418,4192.563965,4204.487305,4176.153809,4172.307617,4183.461426,4186.410156,4198.205078,4198.974121,4189.615234000001,4197.94873
4187.820313,4188.333496,4197.307617,4193.974121,4195.384765999999,4198.717772999999,4179.230957,4168.333496,4174.743652,4183.974121,4200.769043,4200.769043,4192.05127,4200.769043
4189.615234000001,4198.333496,4205.0,4198.461426,4194.615234000001,4190.128418,4190.384765999999,4190.641113000001,4181.025879,4188.333496,4201.794922,4202.436035,4196.666504,4204.102539
4194.230957,4199.230957,4209.102539,4201.153809,4186.538574,4180.256348,4189.102539,4214.487305,4201.153809,4195.897461,4206.666504,4205.128418,4199.102539,4209.102539
4197.692383,4200.512695,4210.0,4200.128418,4187.05127,4186.282227000001,4195.897461,4215.512695,4213.333496,4200.512695,4209.871582,4205.641113000001,4201.025879,4211.025879
4191.666504,4195.641113000001,4202.307617,4195.128418,4192.307617,4197.94873,4204.230957,4198.205078,4208.461426,4201.025879,4206.153809,4203.205078,4199.871582,4207.563965
4183.205078,4186.410156,4188.589844,4188.205078,4188.461426,4189.871582,4196.410156,4190.512695,4202.307617,4199.487305,4201.282227000001,4196.794922,4194.102539,4201.410156
4180.897461,4189.358886999999,4184.102539,4187.179688,4191.025879,4184.743652,4191.025879,4205.512695,4208.205078,4200.641113000001,4198.589844,4190.256348,4191.666504,4197.179688
4177.05127,4190.769043,4185.256348,4187.820313,4196.922852000001,4201.025879,4200.897461,4221.153809,4213.461426,4200.256348,4195.512695,4188.205078,4191.410156,4192.563965
4173.589844,4185.384765999999,4182.820313,4186.025879,4193.205078,4209.743652,4212.436035,4227.820313,4214.871582,4202.94873,4199.743652,4190.128418,4194.230957,4192.05127
4176.025879,4187.692383,4179.871582,4183.717772999999,4191.410156,4200.512695,4217.179688,4225.0,4215.0,4207.692383,4202.692383,4191.025879,4196.922852000001,4194.871582
4178.846191,4192.179688,4181.025879,4182.436035,4191.922852000001,4201.153809,4219.230957,4213.077147999999,4206.538574,4201.153809,4194.615234000001,4188.846191,4194.871582,4192.436035
4178.461426,4185.0,4184.487305,4182.436035,4190.256348,4210.256348,4209.230957,4214.102539,4198.589844,4192.179688,4192.179688,4191.153809,4193.846191,4190.769043
4174.615234000001,4177.563965,4183.077147999999,4181.153809,4190.769043,4205.897461,4190.256348,4199.230957,4187.179688,4185.256348,4191.666504,4193.974121,4191.538574,4191.538574
4178.974121,4185.384765999999,4185.384765999999,4186.666504,4195.256348,4199.615234000001,4185.128418,4165.512695,4176.794922,4182.94873,4185.641113000001,4193.077147999999,4189.358886999999,4192.307617
4186.025879,4195.128418,4192.307617,4193.717772999999,4198.333496,4200.384765999999,4190.897461,4185.641113000001,4190.256348,4191.282227000001,4186.922852000001,4195.128418,4187.692383,4192.179688
4183.077147999999,4192.179688,4189.487305,4192.692383,4196.538574,4196.794922,4191.410156,4229.358886999999,4207.820313,4193.461426,4189.230957,4193.205078,4182.94873,4187.820313
4179.230957,4192.05127,4182.307617,4192.94873,4199.230957,4196.666504,4189.743652,4214.230957,4200.256348,4190.256348,4186.666504,4186.538574,4184.871582,4187.179688
4179.230957,4197.692383,4183.333496,4190.641113000001,4201.538574,4201.153809,4184.487305,4184.871582,4191.666504,4192.94873,4188.077147999999,4191.025879,4194.230957,4191.538574
4182.307617,4201.666504,4186.025879,4189.871582,4203.333496,4200.0,4177.436035,4206.153809,4208.461426,4199.615234000001,4195.512695,4202.05127,4202.820313,4193.333496
4186.410156,4199.487305,4187.307617,4196.153809,4204.230957,4197.436035,4189.487305,4238.077147999999,4228.461426,4209.743652,4202.436035,4204.487305,4205.769043,4196.153809
4178.717772999999,4184.230957,4184.615234000001,4191.282227000001,4197.436035,4199.871582,4204.871582,4234.102539,4222.692383,4212.179688,4195.384765999999,4200.512695,4197.563965,4196.025879
4172.05127,4178.974121,4178.589844,4182.563965,4198.205078,4206.538574,4198.205078,4211.025879,4204.487305,4198.333496,4182.307617,4198.846191,4186.538574,4185.384765999999
4179.871582,4191.922852000001,4179.487305,4188.205078,4202.436035,4201.794922,4191.666504,4199.743652,4196.153809,4183.846191,4177.179688,4198.589844,4177.307617,4175.769043
4184.743652,4196.666504,4185.769043,4197.05127,4199.230957,4193.717772999999,4202.436035,4198.205078,4191.153809,4179.743652,4173.974121,4199.102539,4165.641113000001,4177.307617
4185.128418,4200.256348,4190.897461,4201.922852000001,4200.512695,4196.666504,4202.692383,4188.077147999999,4179.615234000001,4175.512695,4170.769043,4200.897461,4160.0,4183.461426
4197.436035,4219.102539,4194.487305,4210.641113000001,4204.871582,4196.666504,4183.461426,4170.0,4168.077147999999,4168.846191,4171.410156,4200.897461,4160.897461,4187.436035
4208.077147999999,4232.563965,4199.743652,4217.307617,4208.846191,4195.897461,4177.563965,4166.153809,4170.769043,4171.153809,4176.922852000001,4201.410156,4164.230957,4190.512695
4202.692383,4225.512695,4199.743652,4213.589844,4213.205078,4195.0,4180.256348,4176.922852000001,4182.563965,4176.282227000001,4180.128418,4202.94873,4176.410156,4191.025879
4195.769043,4215.0,4193.461426,4207.563965,4209.358886999999,4187.563965,4177.563965,4197.563965,4190.897461,4177.307617,4177.692383,4202.692383,4182.820313,4189.615234000001
4194.615234000001,4212.563965,4194.743652,4207.692383,4205.512695,4191.025879,4182.94873,4218.461426,4197.436035,4179.871582,4177.05127,4200.512695,4175.641113000001,4191.538574
4193.717772999999,4213.333496,4200.769043,4211.410156,4212.563965,4199.102539,4189.358886999999,4220.256348,4200.128418,4183.077147999999,4180.256348,4200.897461,4176.410156,4194.487305
4193.461426,4212.307617,4198.077147999999,4208.589844,4212.307617,4194.743652,4192.820313,4214.102539,4200.256348,4184.743652,4181.666504,4202.692383,4184.615234000001,4193.846191
4190.641113000001,4206.153809,4192.05127,4200.128418,4198.974121,4192.179688,4200.512695,4212.692383,4197.94873,4187.05127,4175.769043,4198.846191,4181.153809,4188.461426
4184.358886999999,4196.538574,4190.769043,4191.282227000001,4193.461426,4197.563965,4209.102539,4214.102539,4192.94873,4183.077147999999,4167.307617,4195.256348,4174.102539,4182.179688
4184.487305,4198.589844,4191.794922,4190.256348,4204.102539,4205.641113000001,4212.436035,4222.563965,4194.487305,4178.333496,4167.692383,4198.333496,4178.717772999999,4185.0
4193.589844,4213.333496,4198.205078,4199.871582,4212.692383,4205.256348,4202.307617,4228.974121,4198.717772999999,4182.436035,4172.05127,4201.666504,4186.025879,4192.563965
4202.307617,4223.333496,4211.025879,4211.794922,4212.436035,4194.487305,4188.589844,4211.666504,4193.205078,4187.436035,4168.589844,4200.897461,4190.128418,4198.846191
4206.666504,4223.974121,4214.871582,4215.256348,4212.179688,4195.384765999999,4189.487305,4176.153809,4181.666504,4188.461426,4166.922852000001,4200.769043,4190.128418,4206.666504
4209.615234000001,4225.384765999999,4211.025879,4212.179688,4215.641113000001,4208.461426,4185.897461,4159.487305,4175.384765999999,4190.256348,4172.563965,4203.333496,4188.461426,4213.974121
4218.974121,4232.692383,4217.436035,4220.0,4218.846191,4208.461426,4173.077147999999,4181.538574,4186.794922,4198.846191,4182.05127,4207.563965,4198.974121,4218.974121
4229.615234000001,4236.282227000001,4227.94873,4227.563965,4212.820313,4194.230957,4175.512695,4215.256348,4206.025879,4209.615234000001,4194.615234000001,4213.333496,4211.282227000001,4228.974121
4227.820313,4232.05127,4227.436035,4218.846191,4200.897461,4192.563965,4191.153809,4221.922852000001,4207.436035,4210.512695,4201.538574,4214.230957,4208.077147999999,4237.307617
4215.897461,4221.666504,4216.025879,4207.820313,4193.974121,4198.846191,4198.461426,4205.512695,4188.589844,4193.974121,4191.282227000001,4204.102539,4197.05127,4226.922852000001
4205.641113000001,4206.538574,4203.205078,4202.05127,4188.717772999999,4193.717772999999,4200.256348,4202.05127,4175.512695,4172.179688,4174.102539,4189.871582,4182.307617,4207.94873
4202.179688,4202.563965,4199.102539,4196.282227000001,4186.794922,4195.512695,4210.128418,4221.410156,4182.94873,4168.589844,4170.384765999999,4185.128418,4168.461426,4202.179688
4198.846191,4207.692383,4195.641113000001,4190.256348,4188.589844,4205.0,4213.846191,4229.615234000001,4190.384765999999,4175.769043,4175.897461,4185.641113000001,4167.820313,4200.0
4194.230957,4202.692383,4188.717772999999,4188.461426,4185.641113000001,4198.205078,4204.230957,4222.179688,4189.102539,4179.358886999999,4175.897461,4181.153809,4178.717772999999,4194.487305
4193.589844,4195.512695,4183.717772999999,4189.615234000001,4181.666504,4189.743652,4199.615234000001,4218.205078,4190.128418,4180.128418,4171.282227000001,4176.538574,4178.333496,4193.333496
4196.153809,4198.717772999999,4178.461426,4186.922852000001,4181.666504,4193.717772999999,4191.666504,4196.282227000001,4184.358886999999,4173.974121,4167.307617,4174.871582,4161.666504,4190.641113000001
4202.05127,4209.230957,4184.615234000001,4190.897461,4184.358886999999,4195.128418,4179.487305,4175.512695,4180.256348,4176.666504,4173.717772999999,4179.871582,4164.102539,4192.05127
4211.153809,4218.333496,4202.692383,4203.589844,4188.974121,4188.333496,4175.512695,4185.512695,4188.846191,4189.487305,4185.512695,4187.563965,4188.589844,4206.410156
4220.769043,4219.615234000001,4213.077147999999,4208.461426,4191.922852000001,4183.974121,4174.871582,4183.077147999999,4185.0,4184.743652,4192.94873,4195.128418,4197.436035,4217.692383
4226.922852000001,4217.436035,4214.230957,4208.717772999999,4193.461426,4185.384765999999,4171.794922,4161.666504,4172.179688,4175.128418,4197.179688,4202.307617,4191.025879,4221.025879
4227.307617,4221.794922,4216.410156,4212.563965,4193.461426,4190.128418,4171.153809,4174.358886999999,4177.820313,4182.179688,4198.333496,4203.333496,4191.153809,4224.871582
4230.512695,4230.641113000001,4219.230957,4215.512695,4191.538574,4190.384765999999,4180.641113000001,4212.436035,4196.666504,4193.461426,4203.589844,4203.589844,4199.230957,4228.717772999999
4235.641113000001,4229.358886999999,4219.102539,4212.563965,4191.538574,4185.897461,4190.0,4221.410156,4202.820313,4194.615234000001,4211.153809,4206.282227000001,4204.487305,4227.692383
4229.358886999999,4217.820313,4212.05127,4206.922852000001,4193.974121,4191.282227000001,4189.358886999999,4209.487305,4196.410156,4187.820313,4208.846191,4201.025879,4200.641113000001,4222.692383
4221.410156,4213.333496,4204.487305,4203.717772999999,4194.487305,4202.05127,4193.077147999999,4213.205078,4196.794922,4189.615234000001,4207.436035,4193.077147999999,4200.641113000001,4221.922852000001
4216.794922,4212.307617,4197.94873,4199.358886999999,4190.641113000001,4201.794922,4205.897461,4214.871582,4201.666504,4195.769043,4205.769043,4188.205078,4202.692383,4218.333496
4203.846191,4205.769043,4186.666504,4192.563965,4190.897461,4199.743652,4213.589844,4205.256348,4199.358886999999,4189.871582,4194.871582,4179.230957,4193.077147999999,4202.179688
4191.025879,4195.897461,4175.384765999999,4185.897461,4194.871582,4202.692383,4213.205078,4207.563965,4192.307617,4179.230957,4186.410156,4168.205078,4180.256348,4185.897461
4192.05127,4192.94873,4173.333496,4185.128418,4189.871582,4199.102539,4210.128418,4216.922852000001,4192.563965,4179.230957,4186.666504,4165.641113000001,4176.025879,4184.230957
4200.0,4204.871582,4181.538574,4191.666504,4185.256348,4193.077147999999,4200.256348,4205.384765999999,4193.589844,4185.384765999999,4190.384765999999,4171.666504,4180.512695,4192.05127
4202.563965,4212.436035,4187.94873,4193.461426,4187.436035,4189.358886999999,4194.743652,4183.333496,4178.333496,4177.436035,4190.128418,4176.025879,4183.333496,4191.794922
4205.128418,4212.179688,4192.692383,4196.538574,4195.256348,4187.307617,4198.717772999999,4180.0,4167.563965,4168.333496,4187.692383,4177.307617,4184.871582,4190.384765999999
4213.205078,4224.358886999999,4203.974121,4211.538574,4206.922852000001,4192.05127,4189.871582,4176.153809,4173.461426,4179.871582,4196.538574,4185.128418,4196.025879,4201.410156
4219.743652,4236.922852000001,4209.871582,4217.820313,4209.871582,4190.0,4174.487305,4164.230957,4176.666504,4195.384765999999,4208.205078,4196.153809,4208.461426,4212.179688
4224.487305,4234.230957,4209.871582,4214.615234000001,4207.94873,4186.282227000001,4176.410156,4177.436035,4185.0,4202.307617,4213.205078,4202.436035,4215.641113000001,4218.461426
4228.077147999999,4230.897461,4210.512695,4221.153809,4215.0,4196.666504,4184.615234000001,4210.128418,4210.512695,4210.0,4217.563965,4204.615234000001,4219.743652,4221.666504
4222.94873,4232.563965,4207.05127,4223.717772999999,4219.230957,4203.589844,4183.589844,4221.153809,4224.102539,4215.128418,4219.102539,4201.410156,4217.94873,4213.205078
4207.692383,4225.512695,4196.794922,4212.307617,4210.897461,4203.717772999999,4189.230957,4217.436035,4216.922852000001,4210.641113000001,4211.282227000001,4191.794922,4209.615234000001,4198.461426
4194.871582,4208.333496,4186.666504,4202.563965,4203.333496,4215.512695,4202.436035,4225.769043,4215.897461,4205.512695,4201.153809,4185.384765999999,4201.794922,4191.538574
4193.461426,4200.897461,4183.461426,4201.410156,4203.461426,4224.871582,4212.307617,4237.436035,4223.461426,4203.461426,4199.615234000001,4186.025879,4200.897461,4191.666504
4194.102539,4204.358886999999,4181.922852000001,4198.589844,4202.307617,4213.717772999999,4220.0,4236.153809,4216.794922,4199.102539,4196.922852000001,4185.897461,4201.666504,4188.974121
4187.563965,4201.153809,4177.307617,4191.666504,4199.102539,4208.205078,4218.589844,4213.077147999999,4194.230957,4191.538574,4189.230957,4181.794922,4196.666504,4185.641113000001
4185.641113000001,4200.128418,4181.025879,4193.974121,4200.0,4215.769043,4209.743652,4191.794922,4185.0,4188.077147999999,4191.282227000001,4182.05127,4195.128418,4186.282227000001
4195.769043,4206.666504,4192.94873,4202.179688,4202.94873,4207.563965,4202.307617,4185.897461,4187.05127,4187.05127,4197.692383,4190.769043,4200.512695,4195.641113000001
4213.589844,4216.153809,4208.077147999999,4207.820313,4207.820313,4194.743652,4198.846191,4181.025879,4179.487305,4186.538574,4200.384765999999,4201.282227000001,4209.615234000001,4214.358886999999
4230.897461,4234.102539,4226.538574,4218.717772999999,4212.94873,4200.641113000001,4198.461426,4174.615234000001,4172.692383,4189.487305,4206.922852000001,4208.461426,4219.743652,4229.487305
4241.153809,4246.794922,4235.128418,4229.743652,4215.128418,4203.205078,4190.128418,4181.025879,4178.589844,4196.153809,4220.384765999999,4213.461426,4226.922852000001,4235.128418
4250.384765999999,4247.692383,4236.538574,4235.897461,4218.589844,4193.461426,4185.128418,4206.410156,4198.974121,4213.333496,4236.410156,4220.897461,4239.615234000001,4241.153809
4254.487305,4247.179688,4237.436035,4238.461426,4216.794922,4195.128418,4191.153809,4216.794922,4214.615234000001,4226.025879,4240.128418,4223.461426,4247.692383,4245.512695
4240.769043,4241.282227000001,4227.179688,4231.153809,4210.641113000001,4207.179688,4196.922852000001,4196.922852000001,4203.333496,4215.512695,4225.256348,4213.461426,4230.512695,4233.205078
4221.538574,4224.102539,4213.846191,4217.05127,4208.205078,4208.717772999999,4200.897461,4197.563965,4196.922852000001,4200.256348,4215.384765999999,4202.820313,4209.871582,4215.256348
4208.461426,4210.769043,4203.846191,4206.410156,4204.230957,4204.358886999999,4199.487305,4221.666504,4214.230957,4198.461426,4212.820313,4198.589844,4207.179688,4205.769043
4194.487305,4201.666504,4190.0,4198.333496,4197.563965,4208.589844,4195.769043,4219.358886999999,4215.641113000001,4192.307617,4196.538574,4190.512695,4200.769043,4196.410156
4183.717772999999,4190.256348,4179.871582,4185.512695,4188.589844,4207.179688,4196.153809,4200.512695,4194.871582,4173.974121,4181.666504,4180.256348,4182.563965,4184.487305
4182.692383,4186.282227000001,4180.897461,4179.743652,4182.436035,4200.256348,4197.820313,4198.974121,4187.820313,4165.769043,4183.589844,4176.153809,4179.230957,4180.128418
4186.794922,4188.461426,4183.589844,4187.05127,4187.820313,4203.717772999999,4197.94873,4199.615234000001,4194.102539,4169.743652,4185.256348,4175.769043,4185.897461,4187.436035
4193.846191,4190.384765999999,4182.563965,4191.922852000001,4195.128418,4200.384765999999,4199.615234000001,4191.282227000001,4193.205078,4171.922852000001,4185.641113000001,4179.230957,4188.333496,4196.025879
4206.025879,4201.282227000001,4187.820313,4197.563965,4196.025879,4189.871582,4205.769043,4189.358886999999,4190.897461,4175.897461,4195.256348,4186.794922,4196.153809,4202.05127
4214.487305,4214.743652,4196.538574,4206.153809,4195.769043,4194.615234000001,4205.384765999999,4190.641113000001,4188.461426,4178.974121,4203.333496,4192.179688,4203.974121,4204.487305
4213.974121,4216.025879,4198.974121,4204.743652,4198.333496,4197.307617,4197.820313,4185.256348,4180.897461,4177.05127,4203.205078,4198.589844,4203.333496,4205.641113000001
4221.025879,4220.256348,4204.743652,4206.794922,4207.94873,4190.897461,4193.461426,4184.871582,4186.025879,4189.230957,4213.974121,4206.410156,4214.102539,4217.05127
4232.94873,4231.025879,4215.256348,4219.871582,4212.820313,4189.358886999999,4193.589844,4207.307617,4206.410156,4210.512695,4229.487305,4209.358886999999,4228.846191,4226.666504
4232.563965,4228.205078,4220.384765999999,4222.692383,4207.436035,4192.307617,4198.333496,4226.538574,4211.282227000001,4212.94873,4229.358886999999,4207.94873,4222.692383,4221.922852000001
4221.025879,4214.102539,4213.974121,4212.05127,4202.820313,4194.743652,4204.871582,4210.256348,4190.897461,4196.410156,4217.436035,4199.230957,4211.794922,4212.563965
4213.205078,4204.743652,4203.461426,4203.077147999999,4197.94873,4190.897461,4205.769043,4198.589844,4178.974121,4180.769043,4206.282227000001,4187.563965,4206.282227000001,4204.487305
4214.230957,4205.512695,4203.077147999999,4200.0,4194.358886999999,4186.025879,4210.512695,4210.641113000001,4189.743652,4179.230957,4203.717772999999,4187.94873,4199.230957,4196.025879
4207.820313,4198.974121,4203.461426,4193.974121,4192.307617,4187.94873,4213.333496,4211.153809,4194.358886999999,4176.410156,4196.025879,4189.102539,4186.922852000001,4186.922852000001
4193.077147999999,4181.538574,4190.512695,4185.897461,4187.563965,4189.358886999999,4201.025879,4204.871582,4190.897461,4165.256348,4180.128418,4178.846191,4175.256348,4177.692383
4186.922852000001,4178.461426,4179.230957,4183.205078,4188.974121,4191.410156,4196.794922,4204.871582,4192.179688,4165.384765999999,4177.692383,4171.282227000001,4172.563965,4171.538574
4200.384765999999,4196.025879,4190.512695,4191.410156,4202.436035,4199.871582,4208.589844,4202.307617,4196.794922,4180.0,4192.05127,4184.102539,4184.615234000001,4179.358886999999
4215.512695,4212.692383,4207.820313,4207.179688,4213.846191,4205.0,4212.820313,4208.205078,4204.743652,4191.410156,4203.974121,4198.717772999999,4204.743652,4194.487305
4209.615234000001,4205.769043,4203.333496,4209.871582,4211.153809,4198.205078,4204.871582,4206.282227000001,4196.794922,4183.717772999999,4197.436035,4191.410156,4204.358886999999,4192.692383
4200.512695,4199.102539,4192.94873,4203.846191,4208.589844,4201.410156,4207.436035,4193.846191,4186.153809,4180.641113000001,4190.512695,4181.794922,4198.846191,4183.205078
4206.538574,4212.563965,4199.487305,4206.282227000001,4217.307617,4212.436035,4215.0,4204.358886999999,4201.025879,4201.666504,4199.615234000001,4185.256348,4212.307617,4188.846191
4216.666504,4220.897461,4209.487305,4210.0,4219.358886999999,4206.282227000001,4203.589844,4204.487305,4207.307617,4208.717772999999,4205.0,4186.794922,4217.692383,4197.563965
4223.077147999999,4223.461426,4213.589844,4217.05127,4218.589844,4202.307617,4192.692383,4179.615234000001,4187.563965,4193.589844,4202.820313,4187.820313,4211.922852000001,4201.794922
4230.384765999999,4235.256348,4222.820313,4229.743652,4227.692383,4210.512695,4197.563965,4179.102539,4181.538574,4197.307617,4208.077147999999,4200.769043,4216.025879,4212.94873
4240.769043,4245.897461,4236.538574,4236.922852000001,4227.94873,4206.025879,4205.384765999999,4203.461426,4195.769043,4215.897461,4223.205078,4215.769043,4225.128418,4227.179688
4244.230957,4243.974121,4243.205078,4235.897461,4214.230957,4188.974121,4211.153809,4225.769043,4204.230957,4221.538574,4237.692383,4221.922852000001,4229.871582,4232.94873
4235.897461,4232.179688,4238.846191,4230.512695,4205.256348,4177.94873,4210.897461,4239.358886999999,4204.487305,4216.666504,4238.974121,4219.743652,4228.205078,4227.692383
4230.512695,4225.128418,4235.512695,4225.641113000001,4206.538574,4181.153809,4216.666504,4240.128418,4206.410156,4215.897461,4232.692383,4215.769043,4221.794922,4223.846191
4233.589844,4225.0,4233.846191,4224.230957,4206.282227000001,4187.820313,4228.589844,4224.487305,4207.94873,4218.717772999999,4228.846191,4211.025879,4217.307617,4225.256348
4225.769043,4220.641113000001,4224.487305,4220.384765999999,4204.230957,4182.94873,4226.666504,4215.384765999999,4209.230957,4217.179688,4220.0,4199.615234000001,4209.487305,4217.307617
4207.692383,4214.102539,4213.589844,4213.205078,4205.769043,4186.666504,4226.153809,4241.666504,4222.820313,4215.641113000001,4208.974121,4190.641113000001,4201.794922,4200.384765999999
4198.846191,4209.871582,4206.153809,4209.358886999999,4208.461426,4208.589844,4235.769043,4251.666504,4230.256348,4215.897461,4202.179688,4188.077147999999,4203.846191,4192.820313
4203.717772999999,4208.589844,4201.794922,4209.615234000001,4219.230957,4222.307617,4229.102539,4214.743652,4220.897461,4219.615234000001,4199.358886999999,4186.922852000001,4213.077147999999,4196.410156
4207.820313,4211.538574,4200.897461,4211.410156,4227.563965,4222.05127,4227.94873,4203.717772999999,4218.974121,4222.820313,4201.666504,4185.256348,4216.666504,4196.666504
4204.743652,4213.205078,4198.333496,4210.0,4226.794922,4228.717772999999,4239.743652,4220.256348,4216.922852000001,4213.589844,4198.974121,4183.333496,4209.102539,4189.871582
4206.410156,4210.128418,4198.974121,4206.794922,4231.410156,4241.282227000001,4217.820313,4203.974121,4203.717772999999,4205.128418,4193.333496,4184.487305,4204.230957,4190.384765999999
4218.717772999999,4216.922852000001,4211.282227000001,4214.358886999999,4233.461426,4232.94873,4184.102539,4187.692383,4203.589844,4216.025879,4204.743652,4194.487305,4218.717772999999,4206.410156
4233.077147999999,4235.897461,4222.692383,4229.102539,4225.512695,4211.025879,4185.769043,4198.461426,4214.230957,4229.743652,4220.641113000001,4207.94873,4238.205078,4224.615234000001
4244.615234000001,4248.461426,4226.153809,4235.128418,4227.820313,4209.358886999999,4191.794922,4193.077147999999,4206.153809,4225.641113000001,4215.128418,4210.256348,4236.922852000001,4232.820313
4247.05127,4246.538574,4224.743652,4229.230957,4229.615234000001,4215.384765999999,4184.102539,4178.589844,4187.563965,4210.128418,4200.512695,4204.615234000001,4219.615234000001,4231.025879
4241.025879,4241.922852000001,4221.410156,4226.794922,4216.922852000001,4205.897461,4194.487305,4190.256348,4182.179688,4199.358886999999,4198.589844,4201.025879,4207.05127,4227.692383
4233.461426,4238.589844,4218.333496,4229.358886999999,4205.641113000001,4191.922852000001,4212.692383,4207.563965,4183.846191,4193.846191,4196.538574,4200.128418,4195.641113000001,4225.0
4227.05127,4229.615234000001,4212.436035,4223.333496,4199.487305,4191.410156,4218.974121,4216.025879,4186.666504,4183.974121,4186.410156,4193.974121,4182.05127,4217.179688
4226.922852000001,4225.128418,4209.615234000001,4218.333496,4196.153809,4201.666504,4231.538574,4229.230957,4200.256348,4187.307617,4186.153809,4188.461426,4181.153809,4212.820313
4221.410156,4221.794922,4203.717772999999,4216.153809,4196.282227000001,4210.769043,4241.025879,4243.333496,4216.666504,4202.436035,4195.0,4185.256348,4185.128418,4212.94873
4204.871582,4209.358886999999,4188.846191,4208.974121,4198.974121,4216.794922,4227.563965,4229.487305,4213.846191,4202.563965,4193.205078,4173.461426,4179.871582,4205.0
4201.922852000001,4206.282227000001,4182.05127,4208.717772999999,4203.846191,4223.333496,4210.512695,4196.794922,4201.666504,4195.641113000001,4184.358886999999,4165.128418,4175.384765999999,4194.743652
4217.05127,4214.743652,4188.589844,4214.230957,4205.128418,4222.94873,4212.179688,4193.333496,4201.666504,4196.153809,4182.05127,4168.717772999999,4172.94873,4193.205078
4224.487305,4215.256348,4193.077147999999,4215.769043,4201.922852000001,4213.974121,4215.641113000001,4209.230957,4205.641113000001,4198.077147999999,4186.666504,4172.820313,4171.794922,4194.743652
4220.641113000001,4215.0,4192.94873,4215.512695,4201.025879,4209.358886999999,4201.794922,4211.153809,4203.974121,4197.820313,4194.743652,4177.307617,4183.333496,4197.179688
4223.846191,4228.717772999999,4198.974121,4221.025879,4208.077147999999,4211.922852000001,4188.589844,4195.769043,4198.077147999999,4200.128418,4201.538574,4184.487305,4195.512695,4204.358886999999
4229.230957,4236.282227000001,4202.563965,4224.487305,4213.077147999999,4207.05127,4183.846191,4168.717772999999,4183.461426,4196.538574,4199.743652,4184.487305,4192.307617,4206.153809
4228.589844,4232.563965,4203.846191,4222.692383,4207.94873,4194.487305,4180.769043,4164.487305,4177.307617,4191.025879,4196.153809,4182.94873,4191.794922,4204.230957
4227.05127,4231.666504,4207.692383,4222.692383,4201.922852000001,4191.025879,4188.333496,4191.666504,4189.743652,4190.128418,4196.410156,4187.692383,4197.179688,4204.743652
4223.717772999999,4227.563965,4201.410156,4217.692383,4197.820313,4193.589844,4195.256348,4193.589844,4188.077147999999,4181.922852000001,4189.230957,4185.0,4187.563965,4198.333496
4225.769043,4228.717772999999,4199.102539,4216.666504,4195.641113000001,4196.025879,4193.717772999999,4175.897461,4178.974121,4178.589844,4186.410156,4182.820313,4181.538574,4194.871582
4235.256348,4239.871582,4211.410156,4226.922852000001,4202.307617,4199.102539,4195.384765999999,4191.538574,4192.692383,4191.666504,4201.410156,4195.128418,4199.615234000001,4205.384765999999
4236.025879,4239.871582,4213.461426,4228.846191,4208.077147999999,4198.461426,4201.922852000001,4209.230957,4202.563965,4198.461426,4208.205078,4202.436035,4211.922852000001,4207.692383
4232.563965,4235.128418,4206.538574,4225.641113000001,4210.128418,4203.846191,4207.563965,4210.897461,4203.461426,4197.94873,4203.717772999999,4196.153809,4206.922852000001,4198.205078
4231.794922,4234.871582,4206.410156,4229.230957,4210.641113000001,4210.384765999999,4198.077147999999,4214.615234000001,4209.487305,4202.563965,4204.230957,4190.641113000001,4200.512695,4194.230957
4224.743652,4227.820313,4205.256348,4225.384765999999,4208.974121,4205.256348,4182.94873,4204.871582,4205.512695,4202.436035,4201.153809,4188.974121,4195.128418,4192.94873
4219.871582,4224.230957,4203.205078,4217.820313,4208.974121,4197.05127,4190.769043,4196.538574,4203.589844,4198.974121,4197.820313,4187.436035,4195.512695,4192.05127
4224.871582,4225.0,4205.0,4218.461426,4200.641113000001,4193.589844,4211.666504,4209.615234000001,4213.974121,4196.538574,4199.230957,4187.436035,4194.871582,4193.846191
4224.615234000001,4221.025879,4201.538574,4219.102539,4193.589844,4198.846191,4212.307617,4209.102539,4209.871582,4190.769043,4196.025879,4184.615234000001,4188.461426,4190.641113000001
4214.487305,4218.205078,4193.461426,4212.820313,4200.897461,4203.205078,4198.077147999999,4175.641113000001,4185.641113000001,4183.846191,4192.05127,4176.666504,4185.769043,4184.230957
4212.692383,4220.641113000001,4192.692383,4208.974121,4209.487305,4202.05127,4190.0,4163.205078,4175.897461,4181.538574,4193.974121,4174.615234000001,4188.846191,4184.358886999999
4220.128418,4222.692383,4196.025879,4214.230957,4207.436035,4200.384765999999,4196.922852000001,4189.358886999999,4187.307617,4187.05127,4199.230957,4181.538574,4196.794922,4189.102539
4223.846191,4223.589844,4196.025879,4217.820313,4204.743652,4207.179688,4207.05127,4195.128418,4188.589844,4191.025879,4203.461426,4188.333496,4204.743652,4191.794922
4229.615234000001,4233.077147999999,4203.205078,4223.333496,4215.897461,4218.846191,4200.0,4179.743652,4185.641113000001,4193.205078,4209.102539,4194.230957,4212.692383,4201.410156
4240.897461,4247.05127,4217.692383,4234.487305,4226.538574,4216.410156,4188.589844,4193.077147999999,4202.692383,4206.538574,4220.641113000001,4203.846191,4222.820313,4218.589844
4250.128418,4253.461426,4224.102539,4240.641113000001,4227.436035,4206.410156,4196.025879,4221.922852000001,4220.512695,4225.641113000001,4233.717772999999,4216.410156,4235.897461,4227.05127
4257.307617,4257.692383,4230.384765999999,4245.128418,4230.256348,4209.230957,4202.94873,4241.153809,4230.256348,4238.205078,4243.974121,4227.820313,4248.461426,4231.282227000001
4255.256348,4254.230957,4232.692383,4242.94873,4224.871582,4216.538574,4202.307617,4241.922852000001,4228.717772999999,4231.922852000001,4239.358886999999,4226.666504,4239.102539,4230.512695
4238.717772999999,4234.615234000001,4214.743652,4228.589844,4208.461426,4207.307617,4210.384765999999,4216.410156,4202.94873,4207.820313,4216.153809,4213.461426,4215.0,4214.871582
4220.0,4213.205078,4197.05127,4212.692383,4199.102539,4192.563965,4207.94873,4207.436035,4185.256348,4190.641113000001,4195.641113000001,4199.102539,4200.512695,4196.538574
4211.025879,4203.205078,4196.025879,4203.589844,4192.307617,4189.871582,4193.846191,4221.538574,4194.102539,4186.922852000001,4189.487305,4186.666504,4188.077147999999,4188.333496
4207.692383,4204.102539,4195.128418,4202.563965,4188.205078,4203.461426,4202.179688,4200.256348,4194.230957,4180.512695,4184.102539,4178.589844,4171.666504,4182.307617
4196.666504,4201.794922,4180.384765999999,4200.128418,4195.641113000001,4216.153809,4210.384765999999,4161.153809,4174.871582,4162.94873,4165.641113000001,4170.897461,4155.256348,4165.128418
4188.589844,4199.871582,4172.436035,4195.128418,4199.871582,4209.230957,4196.025879,4170.384765999999,4172.563965,4158.974121,4157.563965,4165.128418,4154.871582,4154.871582
4195.641113000001,4209.487305,4182.692383,4196.282227000001,4199.230957,4203.717772999999,4189.743652,4195.0,4185.769043,4174.230957,4171.410156,4171.282227000001,4174.102539,4168.205078
4204.743652,4214.871582,4187.307617,4200.769043,4200.641113000001,4206.666504,4195.897461,4174.615234000001,4176.153809,4175.512695,4179.487305,4181.794922,4186.410156,4180.128418
4213.846191,4221.282227000001,4189.102539,4207.563965,4203.333496,4211.153809,4201.666504,4160.641113000001,4171.025879,4173.589844,4183.974121,4189.358886999999,4192.94873,4186.794922
4228.205078,4241.538574,4204.358886999999,4218.974121,4213.077147999999,4214.358886999999,4200.769043,4179.230957,4191.410156,4191.410156,4200.641113000001,4200.0,4209.487305,4204.102539
4237.307617,4252.692383,4216.153809,4228.461426,4224.102539,4209.871582,4189.358886999999,4184.230957,4198.333496,4206.538574,4213.077147999999,4207.563965,4220.897461,4215.256348
4238.974121,4246.282227000001,4218.717772999999,4230.0,4223.077147999999,4203.846191,4188.589844,4188.974121,4191.282227000001,4205.897461,4215.769043,4207.563965,4221.538574,4212.94873
4248.589844,4247.94873,4228.974121,4232.692383,4219.615234000001,4200.256348,4194.102539,4219.615234000001,4210.0,4214.743652,4222.94873,4214.358886999999,4229.615234000001,4220.512695
4257.563965,4257.692383,4241.922852000001,4237.94873,4218.846191,4198.205078,4190.512695,4246.538574,4240.256348,4234.743652,4233.333496,4224.102539,4241.282227000001,4232.307617
4250.641113000001,4250.512695,4237.94873,4235.256348,4213.333496,4196.922852000001,4186.922852000001,4248.205078,4240.128418,4234.230957,4233.205078,4218.589844,4238.846191,4225.0
4232.436035,4231.794922,4221.153809,4221.922852000001,4207.94873,4202.820313,4191.282227000001,4234.615234000001,4218.717772999999,4211.922852000001,4220.897461,4207.436035,4223.461426,4206.922852000001
4216.922852000001,4220.384765999999,4209.358886999999,4210.384765999999,4207.94873,4214.871582,4199.615234000001,4213.077147999999,4205.641113000001,4196.922852000001,4207.692383,4200.512695,4209.102539,4195.641113000001
4205.0,4210.384765999999,4197.179688,4202.820313,4207.179688,4216.153809,4198.461426,4192.307617,4195.769043,4188.205078,4195.384765999999,4191.025879,4200.256348,4183.974121
4198.589844,4201.794922,4185.897461,4195.512695,4206.153809,4212.436035,4199.102539,4198.333496,4189.743652,4180.769043,4189.230957,4183.205078,4198.205078,4172.820313
4200.769043,4205.128418,4188.974121,4194.102539,4206.282227000001,4215.897461,4208.461426,4212.820313,4196.922852000001,4189.102539,4193.333496,4183.846191,4205.512695,4178.717772999999
4204.743652,4212.94873,4196.538574,4200.128418,4207.179688,4221.666504,4208.461426,4199.230957,4201.538574,4200.128418,4199.871582,4189.358886999999,4211.922852000001,4193.589844
4204.487305,4212.692383,4198.333496,4204.871582,4210.641113000001,4221.538574,4202.94873,4187.692383,4196.282227000001,4194.743652,4202.307617,4196.153809,4208.333496,4195.384765999999
4198.717772999999,4207.563965,4195.256348,4203.461426,4207.820313,4213.974121,4198.333496,4187.307617,4184.230957,4181.794922,4196.794922,4196.922852000001,4198.461426,4187.94873
4204.487305,4216.538574,4201.538574,4211.922852000001,4211.538574,4210.384765999999,4180.769043,4159.871582,4170.641113000001,4183.461426,4199.230957,4197.820313,4197.692383,4193.717772999999
4225.128418,4238.461426,4219.743652,4231.410156,4230.128418,4213.717772999999,4165.384765999999,4138.717772999999,4172.307617,4196.922852000001,4215.641113000001,4208.589844,4207.94873,4210.256348
4235.897461,4247.436035,4231.025879,4238.589844,4231.282227000001,4204.871582,4176.282227000001,4172.692383,4190.256348,4204.615234000001,4223.077147999999,4215.128418,4211.153809,4215.769043
4235.769043,4246.538574,4230.641113000001,4237.820313,4221.666504,4195.256348,4186.538574,4209.871582,4207.179688,4212.307617,4222.436035,4216.538574,4210.0,4215.384765999999
4238.077147999999,4247.307617,4230.897461,4239.487305,4223.717772999999,4197.820313,4176.922852000001,4207.820313,4209.871582,4217.563965,4225.128418,4223.589844,4211.666504,4219.487305
4235.512695,4238.589844,4231.153809,4233.974121,4217.307617,4193.589844,4182.94873,4211.153809,4205.256348,4208.333496,4216.666504,4219.743652,4200.0,4213.333496
4222.563965,4225.0,4223.333496,4223.461426,4200.512695,4189.230957,4216.025879,4229.615234000001,4203.589844,4193.205078,4198.461426,4204.487305,4179.615234000001,4196.666504
4214.358886999999,4222.307617,4212.94873,4217.436035,4198.205078,4192.563965,4223.974121,4228.077147999999,4202.94873,4185.769043,4192.563965,4199.230957,4179.358886999999,4189.871582
4219.487305,4231.666504,4214.871582,4223.205078,4209.743652,4191.153809,4192.94873,4210.512695,4206.153809,4194.743652,4206.282227000001,4206.794922,4198.846191,4200.128418
4221.922852000001,4235.512695,4222.820313,4227.94873,4214.615234000001,4189.871582,4187.307617,4210.512695,4212.563965,4207.94873,4215.512695,4206.666504,4204.487305,4204.358886999999
4201.922852000001,4216.025879,4209.102539,4211.153809,4207.05127,4192.563965,4212.563965,4208.589844,4201.025879,4189.487305,4195.0,4185.897461,4180.897461,4183.974121
4188.589844,4199.743652,4189.743652,4198.077147999999,4206.025879,4195.128418,4203.717772999999,4175.897461,4181.282227000001,4170.0,4176.538574,4168.974121,4172.436035,4170.128418
4202.563965,4211.282227000001,4199.230957,4209.871582,4216.538574,4201.922852000001,4176.282227000001,4157.436035,4189.230957,4195.512695,4195.512695,4181.153809,4203.974121,4188.717772999999
4211.922852000001,4224.615234000001,4217.179688,4222.94873,4222.820313,4213.205078,4189.743652,4180.897461,4212.179688,4221.922852000001,4220.384765999999,4199.358886999999,4231.666504,4207.307617
4206.025879,4220.384765999999,4209.871582,4221.538574,4221.794922,4210.769043,4212.820313,4190.256348,4206.025879,4206.794922,4213.077147999999,4193.717772999999,4221.282227000001,4200.128418
4196.794922,4211.153809,4191.538574,4211.922852000001,4217.436035,4197.820313,4201.282227000001,4179.102539,4187.436035,4186.282227000001,4191.410156,4177.436035,4198.717772999999,4185.384765999999
4192.436035,4206.025879,4192.692383,4206.538574,4216.282227000001,4207.307617,4197.05127,4199.871582,4192.820313,4189.230957,4186.025879,4171.538574,4192.94873,4180.897461
4198.974121,4208.205078,4206.153809,4211.410156,4222.436035,4225.897461,4223.974121,4227.179688,4206.282227000001,4198.333496,4194.358886999999,4179.871582,4201.538574,4187.436035
4211.538574,4216.922852000001,4216.410156,4220.897461,4225.0,4218.846191,4236.922852000001,4231.794922,4215.641113000001,4212.820313,4208.589844,4197.307617,4218.205078,4204.102539
4216.410156,4222.179688,4218.333496,4224.743652,4221.922852000001,4204.358886999999,4221.153809,4232.179688,4220.0,4224.230957,4221.153809,4205.641113000001,4226.025879,4211.666504
4217.179688,4222.820313,4216.794922,4224.871582,4225.128418,4212.692383,4210.128418,4223.333496,4212.05127,4217.563965,4221.922852000001,4198.461426,4218.846191,4203.974121
4218.974121,4223.589844,4217.94873,4223.461426,4228.589844,4222.692383,4209.615234000001,4211.153809,4204.102539,4210.384765999999,4215.897461,4190.384765999999,4215.641113000001,4202.820313
4212.692383,4219.487305,4215.384765999999,4215.512695,4221.153809,4206.282227000001,4195.897461,4206.538574,4203.717772999999,4208.461426,4214.102539,4188.589844,4213.717772999999,4206.025879
4207.563965,4212.692383,4208.974121,4209.743652,4213.205078,4195.769043,4189.615234000001,4193.846191,4196.153809,4202.307617,4211.922852000001,4188.333496,4205.512695,4204.102539
4207.05127,4208.461426,4207.820313,4212.05127,4210.128418,4206.282227000001,4207.692383,4183.333496,4189.230957,4196.794922,4204.487305,4183.333496,4199.102539,4202.05127
4194.615234000001,4200.0,4202.05127,4208.205078,4202.307617,4200.641113000001,4207.94873,4189.102539,4193.974121,4191.666504,4194.230957,4173.205078,4185.769043,4194.871582
4184.743652,4198.461426,4192.94873,4201.922852000001,4202.563965,4193.589844,4191.794922,4188.461426,4198.974121,4190.641113000001,4188.333496,4166.538574,4179.102539,4185.769043
4185.256348,4201.666504,4187.307617,4198.077147999999,4210.769043,4215.0,4195.0,4179.487305,4196.538574,4195.384765999999,4183.333496,4164.358886999999,4188.077147999999,4180.128418
4184.230957,4198.205078,4181.282227000001,4192.179688,4210.0,4225.769043,4209.487305,4194.871582,4193.205078,4193.589844,4174.102539,4162.307617,4188.589844,4176.794922
4187.94873,4203.077147999999,4186.794922,4197.820313,4209.230957,4210.769043,4218.333496,4227.05127,4205.512695,4196.282227000001,4176.153809,4166.410156,4191.025879,4183.974121
4198.846191,4214.487305,4202.179688,4211.538574,4212.692383,4206.922852000001,4215.128418,4225.0,4214.487305,4206.025879,4189.358886999999,4175.128418,4202.307617,4198.717772999999
4203.077147999999,4213.974121,4204.871582,4214.230957,4214.615234000001,4216.666504,4211.282227000001,4197.179688,4197.436035,4199.230957,4192.05127,4175.128418,4197.692383,4201.666504
4205.0,4209.230957,4204.102539,4211.410156,4212.820313,4213.333496,4208.333496,4192.563965,4181.922852000001,4184.230957,4188.717772999999,4172.436035,4191.666504,4201.922852000001
4218.974121,4212.94873,4217.05127,4220.769043,4208.974121,4202.94873,4194.615234000001,4200.128418,4185.769043,4186.025879,4195.256348,4178.717772999999,4207.563965,4214.230957
4231.666504,4220.897461,4225.256348,4231.025879,4208.589844,4205.384765999999,4187.94873,4198.077147999999,4191.922852000001,4196.922852000001,4205.512695,4184.743652,4222.307617,4223.846191
4224.358886999999,4219.102539,4216.282227000001,4222.692383,4204.230957,4208.077147999999,4194.743652,4192.563965,4191.666504,4200.641113000001,4206.025879,4180.512695,4217.179688,4219.743652
4210.512695,4207.692383,4206.153809,4209.358886999999,4195.256348,4204.102539,4193.717772999999,4189.102539,4197.820313,4205.128418,4202.307617,4172.692383,4208.717772999999,4212.179688
4206.410156,4200.769043,4201.282227000001,4205.512695,4195.512695,4206.666504,4190.256348,4191.538574,4206.538574,4212.307617,4203.589844,4169.487305,4208.333496,4210.769043
4206.025879,4201.153809,4198.333496,4203.589844,4201.410156,4214.871582,4205.897461,4210.512695,4212.820313,4212.05127,4205.0,4168.974121,4210.641113000001,4207.94873
4207.32373,4203.461426,4200.993652,4206.442383,4203.57373,4214.663574,4205.0,4208.669922,4208.077147999999,4208.589844,4204.407227000001,4169.936035,4207.516113000001,4206.987305
4208.621582,4205.769043,4203.653809,4209.294922,4205.737305,4214.455078,4204.102539,4206.827147999999,4203.333496,4205.128418,4203.813965,4170.897461,4204.391113000001,4206.025879
4209.919922,4208.077147999999,4206.313965,4212.147461,4207.900879,4214.246582,4203.205078,4204.983886999999,4198.589844,4201.666504,4203.221191,4171.858886999999,4201.266113000001,4205.063965
4211.217772999999,4210.384765999999,4208.974121,4215.0,4210.063965,4214.038574,4202.307617,4203.141113000001,4193.846191,4198.205078,4202.628418,4172.820313,4198.141113000001,4204.102539
4212.516113000001,4212.692383,4211.634765999999,4217.852539,4212.227539,4213.830078,4201.410156,4201.297852000001,4189.102539,4194.743652,4202.035156,4173.782227000001,4195.016113000001,4203.141113000001
4213.813965,4215.0,4214.294922,4220.705078,4214.391113000001,4213.621582,4200.512695,4199.455078,4184.358886999999,4191.282227000001,4201.442383,4174.743652,4191.891113000001,4202.179688
4215.112305,4217.307617,4216.955078,4223.557617,4216.554688,4213.413574,4199.615234000001,4197.612305,4179.615234000001,4187.820313,4200.849121,4175.705078,4188.766113000001,4201.217772999999
4216.410156,4219.615234000001,4219.615234000001,4226.410156,4218.717772999999,4213.205078,4198.717772999999,4195.769043,4174.871582,4184.358886999999,4200.256348,4176.666504,4185.641113000001,4200.256348
4211.922852000001,4216.153809,4220.769043,4219.102539,4207.94873,4206.922852000001,4208.205078,4185.769043,4167.94873,4182.692383,4198.589844,4173.717772999999,4182.563965,4194.871582
4213.461426,4218.205078,4219.358886999999,4215.897461,4203.205078,4194.487305,4192.820313,4166.538574,4169.487305,4190.0,4204.230957,4179.358886999999,4196.666504,4197.179688
4227.05127,4225.897461,4229.102539,4226.922852000001,4208.333496,4196.922852000001,4183.461426,4180.897461,4193.846191,4213.461426,4228.461426,4197.179688,4222.05127,4219.871582
4233.461426,4227.692383,4238.077147999999,4232.179688,4209.871582,4207.05127,4195.512695,4206.922852000001,4217.05127,4228.846191,4244.358886999999,4207.563965,4228.974121,4234.102539
4219.358886999999,4220.384765999999,4223.077147999999,4219.871582,4206.794922,4207.179688,4200.641113000001,4199.871582,4210.384765999999,4215.769043,4232.436035,4197.436035,4210.512695,4217.820313
4204.102539,4208.846191,4202.179688,4209.102539,4206.410156,4208.333496,4201.025879,4192.692383,4201.025879,4202.436035,4213.205078,4180.512695,4193.205078,4194.487305
4205.641113000001,4202.436035,4203.205078,4205.897461,4204.487305,4211.538574,4216.666504,4220.897461,4218.717772999999,4208.846191,4211.538574,4179.230957,4192.692383,4192.436035
4213.974121,4211.410156,4215.256348,4208.461426,4206.922852000001,4211.282227000001,4231.922852000001,4244.487305,4234.358886999999,4220.128418,4223.205078,4189.230957,4197.307617,4204.358886999999
4210.641113000001,4221.794922,4214.230957,4213.717772999999,4212.179688,4211.153809,4232.179688,4236.922852000001,4225.641113000001,4217.05127,4224.615234000001,4189.487305,4194.102539,4201.794922
4202.436035,4221.153809,4208.717772999999,4217.179688,4214.487305,4208.077147999999,4225.512695,4224.487305,4216.025879,4203.333496,4214.615234000001,4180.641113000001,4186.922852000001,4188.974121
4204.615234000001,4224.102539,4213.589844,4222.563965,4218.205078,4202.436035,4230.641113000001,4239.358886999999,4221.410156,4200.128418,4212.307617,4178.717772999999,4185.384765999999,4189.358886999999
4214.871582,4229.487305,4221.538574,4229.102539,4214.871582,4201.794922,4226.922852000001,4247.820313,4225.384765999999,4211.282227000001,4217.179688,4185.641113000001,4191.794922,4197.563965
4225.897461,4229.358886999999,4228.461426,4235.0,4211.666504,4202.820313,4204.487305,4212.179688,4212.179688,4212.94873,4220.384765999999,4191.922852000001,4202.307617,4202.94873
4225.0,4227.436035,4230.0,4235.897461,4217.820313,4199.230957,4197.307617,4170.641113000001,4186.025879,4194.871582,4214.487305,4189.102539,4204.871582,4203.205078
4212.436035,4225.0,4223.205078,4229.230957,4219.358886999999,4197.563965,4200.769043,4160.769043,4168.717772999999,4182.05127,4205.128418,4180.769043,4199.230957,4197.820313
4216.538574,4230.897461,4224.230957,4229.615234000001,4220.512695,4209.615234000001,4199.230957,4180.0,4188.717772999999,4196.794922,4214.871582,4184.487305,4207.05127,4200.641113000001
4227.820313,4236.794922,4232.563965,4234.358886999999,4223.461426,4221.153809,4207.307617,4200.128418,4215.769043,4212.436035,4228.333496,4194.230957,4217.436035,4211.025879
4211.922852000001,4223.205078,4225.641113000001,4223.205078,4217.179688,4213.589844,4222.05127,4203.461426,4210.641113000001,4204.102539,4216.410156,4190.0,4205.512695,4205.256348
4191.666504,4208.846191,4214.743652,4210.641113000001,4209.358886999999,4208.846191,4229.871582,4206.025879,4206.538574,4200.256348,4207.307617,4182.820313,4191.538574,4192.820313
4191.666504,4211.025879,4214.487305,4213.974121,4214.358886999999,4224.487305,4243.461426,4232.563965,4229.230957,4215.128418,4217.94873,4185.897461,4191.794922,4194.871582
4195.769043,4214.102539,4213.077147999999,4215.897461,4220.769043,4230.769043,4255.0,4271.410156,4254.102539,4226.282227000001,4222.436035,4188.333496,4196.410156,4201.410156
4200.128418,4214.358886999999,4214.743652,4213.461426,4214.743652,4215.512695,4245.384765999999,4282.820313,4260.0,4230.897461,4220.384765999999,4190.769043,4203.589844,4206.538574
4212.563965,4220.384765999999,4228.077147999999,4220.384765999999,4210.641113000001,4214.871582,4239.102539,4262.436035,4255.128418,4235.128418,4227.563965,4197.179688,4212.436035,4212.94873
4221.153809,4231.538574,4238.974121,4231.538574,4220.0,4230.0,4245.128418,4241.282227000001,4250.641113000001,4232.179688,4233.205078,4197.692383,4215.512695,4215.641113000001
4212.307617,4229.487305,4230.0,4229.102539,4220.128418,4220.769043,4238.333496,4239.102539,4237.307617,4215.256348,4221.025879,4188.846191,4199.487305,4206.922852000001
4203.717772999999,4220.256348,4220.641113000001,4223.333496,4208.205078,4205.128418,4228.077147999999,4237.179688,4217.820313,4198.846191,4207.05127,4181.538574,4181.666504,4199.871582
4209.358886999999,4221.025879,4226.794922,4226.794922,4208.589844,4208.333496,4230.0,4216.282227000001,4200.256348,4193.333496,4207.436035,4182.820313,4184.871582,4203.846191
4215.384765999999,4220.769043,4231.794922,4229.230957,4206.922852000001,4206.794922,4232.436035,4192.179688,4191.794922,4190.384765999999,4210.256348,4187.436035,4194.358886999999,4206.025879
4205.512695,4215.384765999999,4223.974121,4225.256348,4195.384765999999,4203.077147999999,4231.153809,4181.153809,4188.333496,4188.077147999999,4206.410156,4183.077147999999,4191.538574,4202.820313
4191.025879,4211.282227000001,4210.641113000001,4218.846191,4198.974121,4215.512695,4224.615234000001,4183.974121,4182.820313,4185.256348,4199.743652,4175.512695,4178.717772999999,4194.743652
4190.128418,4210.256348,4211.282227000001,4217.05127,4212.307617,4226.410156,4217.436035,4198.589844,4190.897461,4191.538574,4201.282227000001,4181.666504,4180.256348,4192.820313
4192.05127,4209.871582,4216.666504,4215.0,4215.769043,4222.820313,4217.820313,4210.384765999999,4209.358886999999,4205.256348,4212.05127,4187.820313,4192.820313,4197.692383
4191.666504,4209.743652,4210.769043,4210.769043,4216.410156,4219.487305,4218.717772999999,4216.666504,4221.282227000001,4213.974121,4220.769043,4187.563965,4197.692383,4200.512695
4198.589844,4209.230957,4210.0,4214.871582,4222.307617,4227.436035,4225.0,4234.230957,4235.0,4226.666504,4227.179688,4197.05127,4202.307617,4205.384765999999
4205.256348,4207.820313,4217.820313,4218.461426,4222.436035,4233.077147999999,4228.846191,4255.512695,4251.666504,4236.538574,4230.384765999999,4205.769043,4207.179688,4207.436035
4201.025879,4211.794922,4218.589844,4213.461426,4218.974121,4225.512695,4226.794922,4254.358886999999,4249.487305,4229.743652,4225.256348,4197.307617,4201.025879,4199.358886999999
4194.743652,4212.820313,4215.384765999999,4213.846191,4217.05127,4217.307617,4228.461426,4239.102539,4232.563965,4214.615234000001,4213.974121,4187.692383,4191.666504,4188.846191
4198.717772999999,4210.128418,4220.641113000001,4222.692383,4211.922852000001,4210.384765999999,4218.333496,4240.769043,4228.077147999999,4207.05127,4208.589844,4188.974121,4194.487305,4188.846191
4210.0,4219.230957,4227.820313,4227.563965,4210.512695,4204.230957,4204.230957,4239.102539,4226.538574,4207.436035,4212.820313,4191.922852000001,4201.153809,4198.077147999999
4208.974121,4223.461426,4223.846191,4223.333496,4213.717772999999,4202.563965,4205.897461,4210.512695,4209.102539,4199.743652,4210.256348,4187.179688,4193.717772999999,4195.384765999999
4199.487305,4216.922852000001,4216.922852000001,4219.615234000001,4213.717772999999,4203.589844,4208.461426,4187.94873,4193.717772999999,4190.512695,4201.922852000001,4180.256348,4186.282227000001,4183.589844
4205.769043,4222.94873,4222.05127,4225.641113000001,4214.871582,4210.897461,4207.436035,4198.846191,4198.974121,4196.794922,4209.358886999999,4186.282227000001,4200.769043,4188.333496
4216.666504,4229.487305,4228.846191,4230.256348,4212.179688,4213.205078,4213.846191,4205.512695,4198.846191,4204.102539,4221.538574,4196.666504,4219.743652,4202.179688
4216.922852000001,4225.512695,4230.641113000001,4231.538574,4209.615234000001,4211.794922,4220.897461,4202.563965,4195.641113000001,4209.871582,4228.205078,4200.256348,4225.512695,4208.205078
4210.769043,4219.871582,4230.769043,4227.179688,4209.615234000001,4220.384765999999,4226.025879,4215.0,4204.615234000001,4219.102539,4233.333496,4200.384765999999,4222.94873,4210.128418
4194.102539,4203.589844,4218.846191,4207.563965,4202.94873,4229.615234000001,4232.563965,4222.692383,4204.871582,4210.256348,4222.820313,4192.563965,4209.230957,4195.512695
4179.615234000001,4185.897461,4204.358886999999,4197.179688,4199.102539,4225.256348,4233.077147999999,4234.615234000001,4212.05127,4199.615234000001,4207.05127,4179.871582,4196.410156,4175.384765999999
4177.179688,4187.94873,4201.794922,4201.282227000001,4199.102539,4214.358886999999,4226.794922,4260.256348,4239.487305,4214.871582,4207.692383,4173.333496,4195.512695,4175.641113000001
4173.461426,4194.102539,4203.077147999999,4200.384765999999,4199.102539,4212.179688,4228.333496,4262.307617,4251.153809,4226.410156,4210.512695,4171.282227000001,4194.358886999999,4177.179688
4167.94873,4188.974121,4201.025879,4195.769043,4201.666504,4214.102539,4232.94873,4245.256348,4240.641113000001,4216.538574,4202.179688,4168.077147999999,4184.615234000001,4165.641113000001
4174.743652,4190.641113000001,4205.128418,4202.05127,4206.666504,4212.436035,4224.230957,4235.641113000001,4232.05127,4209.615234000001,4196.666504,4168.589844,4184.102539,4165.256348
4195.641113000001,4210.897461,4222.692383,4223.846191,4218.333496,4207.563965,4206.025879,4223.846191,4227.179688,4216.538574,4203.974121,4177.436035,4200.0,4183.589844
4211.794922,4224.615234000001,4235.256348,4240.128418,4223.589844,4196.410156,4188.077147999999,4204.871582,4220.512695,4222.307617,4211.794922,4190.128418,4209.230957,4198.846191
4210.128418,4216.025879,4232.05127,4235.256348,4211.922852000001,4194.230957,4182.820313,4198.974121,4215.769043,4215.128418,4211.794922,4195.384765999999,4209.487305,4201.538574
4202.179688,4208.205078,4227.820313,4223.717772999999,4204.743652,4207.436035,4195.384765999999,4201.282227000001,4203.974121,4198.077147999999,4207.179688,4190.769043,4210.897461,4198.205078
4201.538574,4208.077147999999,4227.692383,4220.256348,4211.922852000001,4210.0,4202.94873,4195.641113000001,4189.487305,4185.897461,4204.230957,4188.461426,4214.230957,4194.615234000001
4201.410156,4199.487305,4223.846191,4216.666504,4215.769043,4207.692383,4197.436035,4181.922852000001,4183.717772999999,4186.538574,4207.179688,4187.436035,4219.230957,4191.666504
4192.05127,4189.743652,4217.307617,4206.282227000001,4207.820313,4210.0,4193.717772999999,4168.974121,4173.333496,4181.025879,4206.666504,4182.436035,4214.230957,4185.641113000001
4183.717772999999,4193.589844,4211.282227000001,4202.563965,4201.410156,4203.717772999999,4194.102539,4176.410156,4166.538574,4171.666504,4199.230957,4181.153809,4203.333496,4183.717772999999
4181.410156,4198.077147999999,4204.871582,4207.692383,4206.025879,4200.897461,4201.025879,4197.692383,4183.589844,4183.589844,4198.461426,4182.692383,4207.94873,4186.538574
4176.153809,4190.128418,4197.692383,4205.128418,4211.538574,4213.077147999999,4217.820313,4211.666504,4202.563965,4200.128418,4201.025879,4179.102539,4213.974121,4181.666504
4171.538574,4188.846191,4197.692383,4200.128418,4213.974121,4224.230957,4226.282227000001,4231.538574,4217.436035,4209.487305,4203.205078,4178.846191,4207.179688,4177.436035
4173.974121,4196.025879,4204.743652,4206.282227000001,4212.307617,4217.436035,4216.025879,4248.974121,4238.205078,4224.487305,4210.128418,4182.436035,4206.794922,4182.94873
4173.077147999999,4188.974121,4201.794922,4203.205078,4206.410156,4207.179688,4202.692383,4239.615234000001,4239.615234000001,4228.077147999999,4207.05127,4180.769043,4202.692383,4181.922852000001
4169.102539,4182.820313,4195.384765999999,4192.692383,4210.0,4213.461426,4197.05127,4231.410156,4228.205078,4213.589844,4199.358886999999,4184.102539,4194.230957,4177.179688
4175.256348,4192.563965,4204.358886999999,4196.794922,4214.487305,4211.666504,4193.589844,4230.384765999999,4225.0,4207.05127,4203.589844,4192.94873,4201.922852000001,4185.769043
4191.922852000001,4202.05127,4224.230957,4209.743652,4207.820313,4192.179688,4185.897461,4223.205078,4220.256348,4211.666504,4210.384765999999,4199.487305,4213.077147999999,4201.025879
4201.410156,4200.512695,4231.922852000001,4212.436035,4208.205078,4189.871582,4179.871582,4221.538574,4213.974121,4207.179688,4205.641113000001,4202.820313,4213.077147999999,4206.410156
4196.153809,4200.512695,4222.692383,4208.333496,4215.512695,4203.589844,4185.769043,4211.153809,4210.128418,4195.769043,4194.743652,4198.333496,4212.563965,4202.05127
4191.282227000001,4206.153809,4219.102539,4208.717772999999,4211.922852000001,4205.128418,4193.333496,4185.897461,4204.871582,4198.333496,4192.436035,4189.230957,4214.871582,4197.692383
4190.512695,4202.05127,4219.230957,4205.769043,4203.846191,4202.179688,4192.307617,4183.589844,4202.563965,4206.025879,4193.589844,4182.563965,4206.025879,4195.256348
4185.128418,4189.871582,4209.871582,4195.384765999999,4198.077147999999,4202.563965,4201.538574,4210.128418,4207.820313,4200.256348,4186.025879,4178.333496,4191.922852000001,4192.563965
4178.461426,4182.05127,4200.641113000001,4189.102539,4191.153809,4198.461426,4217.436035,4214.358886999999,4201.794922,4187.94873,4174.743652,4174.487305,4183.333496,4186.794922
4175.0,4176.794922,4198.077147999999,4189.743652,4186.538574,4196.794922,4216.410156,4192.820313,4179.743652,4177.307617,4167.820313,4171.538574,4173.333496,4177.563965
4172.563965,4170.641113000001,4193.974121,4186.794922,4185.512695,4201.794922,4209.615234000001,4186.794922,4170.0,4170.128418,4164.487305,4166.922852000001,4165.897461,4172.820313
4167.94873,4163.846191,4188.205078,4176.410156,4178.333496,4198.974121,4203.717772999999,4192.179688,4175.384765999999,4165.897461,4162.692383,4162.179688,4163.205078,4173.589844
4165.512695,4160.769043,4189.102539,4176.153809,4171.538574,4192.692383,4204.615234000001,4188.717772999999,4179.230957,4169.102539,4168.717772999999,4165.769043,4164.743652,4180.384765999999
4176.538574,4170.897461,4198.205078,4192.94873,4180.256348,4192.179688,4215.769043,4194.230957,4189.230957,4185.0,4184.487305,4176.282227000001,4177.820313,4193.717772999999
4196.538574,4191.666504,4209.743652,4206.666504,4192.563965,4189.615234000001,4213.461426,4216.794922,4214.358886999999,4205.0,4203.333496,4188.461426,4198.205078,4205.128418
4207.179688,4207.307617,4216.410156,4211.922852000001,4201.282227000001,4197.179688,4198.205078,4224.358886999999,4233.974121,4218.333496,4218.333496,4197.692383,4211.410156,4208.974121
4203.077147999999,4208.974121,4217.820313,4215.128418,4208.333496,4209.615234000001,4193.846191,4226.153809,4240.0,4223.717772999999,4222.820313,4200.384765999999,4213.461426,4210.512695
4200.256348,4206.410156,4220.128418,4213.461426,4203.333496,4198.077147999999,4197.563965,4245.897461,4245.769043,4226.538574,4222.820313,4200.897461,4214.487305,4209.615234000001
4210.641113000001,4207.820313,4225.0,4213.717772999999,4193.333496,4184.871582,4198.846191,4253.077147999999,4248.077147999999,4229.102539,4227.692383,4202.179688,4218.974121,4210.769043
4213.461426,4204.871582,4223.974121,4213.717772999999,4195.641113000001,4197.436035,4197.179688,4225.384765999999,4233.974121,4217.436035,4222.692383,4197.820313,4217.179688,4209.871582
4195.384765999999,4192.692383,4210.256348,4201.538574,4199.102539,4201.666504,4190.641113000001,4201.153809,4211.025879,4196.794922,4205.641113000001,4185.897461,4202.692383,4195.384765999999
4178.589844,4174.743652,4195.512695,4186.410156,4186.538574,4181.538574,4190.128418,4203.077147999999,4188.205078,4178.846191,4190.384765999999,4176.794922,4182.820313,4179.743652
4178.205078,4163.846191,4193.589844,4182.436035,4177.94873,4177.179688,4200.512695,4197.307617,4169.358886999999,4162.820313,4180.897461,4175.641113000001,4175.0,4176.538574
4186.025879,4174.615234000001,4202.563965,4185.512695,4186.025879,4190.256348,4207.692383,4199.743652,4180.256348,4165.769043,4187.436035,4180.897461,4190.256348,4185.256348
4189.615234000001,4184.230957,4206.794922,4185.769043,4189.358886999999,4187.94873,4209.871582,4217.563965,4200.128418,4183.461426,4201.410156,4186.794922,4206.666504,4193.333496
4184.487305,4176.153809,4199.487305,4183.974121,4188.589844,4186.794922,4211.922852000001,4202.692383,4192.307617,4186.538574,4200.128418,4186.666504,4203.589844,4188.461426
4178.333496,4176.410156,4192.179688,4186.922852000001,4193.717772999999,4199.743652,4211.153809,4177.436035,4188.077147999999,4184.487305,4194.743652,4185.769043,4198.846191,4181.153809
4183.333496,4187.563965,4194.871582,4192.94873,4197.563965,4196.794922,4204.102539,4186.410156,4205.641113000001,4193.846191,4199.871582,4189.102539,4204.743652,4185.256348
4195.897461,4195.897461,4208.205078,4203.846191,4203.589844,4189.358886999999,4198.461426,4209.871582,4224.743652,4212.05127,4214.358886999999,4198.846191,4214.615234000001,4196.025879
4206.282227000001,4208.589844,4223.589844,4219.102539,4215.256348,4202.05127,4201.153809,4228.205078,4240.897461,4236.025879,4234.230957,4209.358886999999,4225.512695,4206.025879
4211.794922,4222.436035,4233.205078,4229.102539,4216.538574,4208.974121,4210.769043,4247.307617,4254.743652,4251.282227000001,4245.897461,4212.307617,4235.384765999999,4215.769043
4210.769043,4224.102539,4233.205078,4227.179688,4210.769043,4197.563965,4215.128418,4247.436035,4250.256348,4246.025879,4241.922852000001,4209.743652,4239.358886999999,4214.743652
4204.230957,4213.974121,4225.384765999999,4218.461426,4211.410156,4192.179688,4208.589844,4231.282227000001,4230.256348,4232.05127,4233.461426,4205.256348,4229.871582,4203.974121
4201.666504,4209.487305,4223.974121,4216.282227000001,4213.846191,4196.410156,4196.282227000001,4218.333496,4215.0,4220.897461,4226.410156,4199.358886999999,4214.743652,4202.94873
4201.153809,4209.743652,4225.128418,4211.410156,4204.230957,4189.102539,4185.897461,4192.692383,4197.179688,4206.538574,4218.205078,4193.974121,4203.974121,4206.538574
4194.615234000001,4196.794922,4217.692383,4196.794922,4188.589844,4177.692383,4190.512695,4175.128418,4174.358886999999,4187.05127,4208.333496,4189.743652,4191.666504,4198.846191
4182.820313,4178.717772999999,4206.794922,4186.153809,4190.0,4183.589844,4196.922852000001,4176.538574,4162.05127,4171.282227000001,4197.05127,4182.05127,4178.077147999999,4185.897461
4177.05127,4176.922852000001,4200.128418,4187.307617,4198.077147999999,4192.94873,4190.0,4176.794922,4170.256348,4173.974121,4196.153809,4177.179688,4178.077147999999,4181.282227000001
4186.538574,4192.94873,4206.794922,4194.743652,4195.769043,4189.743652,4194.102539,4190.384765999999,4201.282227000001,4203.205078,4213.333496,4187.563965,4197.05127,4193.077147999999
4191.410156,4196.538574,4210.769043,4194.487305,4189.230957,4190.769043,4213.974121,4203.461426,4222.436035,4218.974121,4216.410156,4190.512695,4200.641113000001,4197.05127
4179.230957,4180.641113000001,4196.282227000001,4185.128418,4194.743652,4207.820313,4218.461426,4198.974121,4213.461426,4202.179688,4196.538574,4177.563965,4180.384765999999,4178.974121
4174.102539,4176.922852000001,4190.769043,4185.897461,4205.384765999999,4217.563965,4209.743652,4219.487305,4216.538574,4202.436035,4194.743652,4177.307617,4180.897461,4174.230957
4182.307617,4188.461426,4204.358886999999,4195.897461,4199.871582,4208.717772999999,4205.897461,4247.307617,4241.666504,4228.077147999999,4212.436035,4192.307617,4197.692383,4191.794922
4193.333496,4202.94873,4217.05127,4205.512695,4199.487305,4210.0,4212.820313,4239.615234000001,4251.410156,4240.256348,4223.205078,4201.922852000001,4206.922852000001,4207.563965
4202.436035,4214.615234000001,4223.974121,4215.384765999999,4215.512695,4217.179688,4215.256348,4232.692383,4242.436035,4241.922852000001,4228.846191,4202.179688,4220.769043,4215.384765999999
4203.461426,4216.538574,4226.666504,4218.846191,4220.769043,4203.205078,4198.205078,4235.512695,4231.922852000001,4241.410156,4231.922852000001,4200.0,4231.025879,4216.025879
4207.563965,4218.717772999999,4231.794922,4219.487305,4217.05127,4189.102539,4189.358886999999,4224.358886999999,4223.846191,4233.717772999999,4235.384765999999,4204.871582,4229.871582,4216.794922
4218.077147999999,4224.230957,4241.025879,4221.922852000001,4216.410156,4191.538574,4195.0,4206.666504,4210.897461,4222.692383,4236.410156,4209.358886999999,4229.871582,4222.94873
4214.102539,4217.563965,4237.436035,4218.205078,4209.102539,4188.205078,4193.333496,4195.769043,4188.589844,4205.128418,4223.461426,4202.820313,4220.128418,4221.666504
4201.794922,4203.717772999999,4224.102539,4212.05127,4196.282227000001,4172.820313,4190.897461,4198.717772999999,4175.512695,4188.077147999999,4210.641113000001,4197.307617,4204.230957,4208.461426
4196.410156,4198.333496,4219.102539,4205.512695,4193.461426,4170.897461,4187.436035,4194.871582,4175.256348,4186.794922,4211.410156,4199.487305,4204.102539,4199.487305
4193.461426,4195.897461,4215.769043,4198.717772999999,4199.102539,4190.128418,4182.692383,4172.436035,4175.641113000001,4196.153809,4213.717772999999,4195.641113000001,4208.717772999999,4197.179688
4186.410156,4188.333496,4202.563965,4192.94873,4199.487305,4207.05127,4195.512695,4167.563965,4182.563965,4199.487305,4210.128418,4187.307617,4203.461426,4190.512695
4177.692383,4183.589844,4191.153809,4187.94873,4191.794922,4210.256348,4219.487305,4202.820313,4205.641113000001,4205.769043,4210.897461,4184.743652,4198.974121,4180.384765999999
4170.769043,4185.384765999999,4191.666504,4185.0,4190.641113000001,4213.974121,4223.846191,4239.743652,4233.974121,4224.102539,4217.05127,4185.897461,4203.846191,4177.692383
4163.717772999999,4180.256348,4192.05127,4182.179688,4193.589844,4214.487305,4220.641113000001,4244.358886999999,4239.743652,4226.538574,4211.794922,4182.05127,4201.794922,4176.153809
4165.384765999999,4178.461426,4193.717772999999,4184.358886999999,4192.436035,4208.974121,4222.94873,4234.615234000001,4226.538574,4215.769043,4206.025879,4180.384765999999,4198.205078,4174.615234000001
4179.102539,4191.153809,4201.922852000001,4195.128418,4193.717772999999,4208.846191,4211.410156,4228.077147999999,4221.538574,4216.153809,4214.615234000001,4190.384765999999,4202.563965,4182.692383
4193.333496,4201.282227000001,4209.230957,4207.563965,4200.0,4208.333496,4192.05127,4227.179688,4226.538574,4222.820313,4221.282227000001,4197.820313,4207.179688,4193.717772999999
4197.94873,4200.641113000001,4212.94873,4211.025879,4203.846191,4202.436035,4189.871582,4220.512695,4219.615234000001,4219.358886999999,4220.641113000001,4195.384765999999,4210.0,4198.846191
4196.025879,4196.025879,4213.077147999999,4206.666504,4199.743652,4193.077147999999,4195.512695,4201.282227000001,4197.94873,4203.974121,4218.077147999999,4193.589844,4208.205078,4201.794922
4203.333496,4197.179688,4217.436035,4209.871582,4195.769043,4187.563965,4195.256348,4192.820313,4191.410156,4199.487305,4219.102539,4200.128418,4206.922852000001,4209.487305
4210.641113000001,4204.102539,4224.615234000001,4217.94873,4199.871582,4192.05127,4195.769043,4194.102539,4195.512695,4206.922852000001,4222.563965,4205.512695,4208.589844,4213.461426
4209.102539,4207.94873,4222.563965,4216.922852000001,4199.487305,4196.410156,4197.179688,4187.179688,4186.922852000001,4203.333496,4221.922852000001,4204.487305,4207.179688,4208.077147999999
4206.153809,4205.0,4213.077147999999,4211.666504,4192.563965,4192.692383,4197.563965,4170.256348,4168.717772999999,4189.487305,4212.820313,4201.666504,4201.282227000001,4203.205078
4202.05127,4197.307617,4208.717772999999,4209.102539,4189.358886999999,4180.897461,4195.384765999999,4165.256348,4160.256348,4182.563965,4201.794922,4196.153809,4194.487305,4198.589844
4193.589844,4190.256348,4210.384765999999,4204.615234000001,4187.563965,4175.769043,4202.820313,4203.974121,4182.692383,4189.230957,4204.871582,4191.153809,4191.282227000001,4188.974121
4181.410156,4182.94873,4204.358886999999,4195.897461,4184.615234000001,4191.153809,4219.358886999999,4249.615234000001,4210.769043,4196.922852000001,4206.410156,4185.0,4179.871582,4177.179688
4171.025879,4173.974121,4191.922852000001,4188.846191,4185.512695,4212.563965,4218.461426,4241.025879,4212.436035,4195.512695,4194.230957,4176.666504,4166.025879,4167.692383
4167.563965,4170.641113000001,4187.820313,4187.820313,4187.307617,4216.666504,4215.0,4218.974121,4214.743652,4198.589844,4190.256348,4171.410156,4167.692383,4165.641113000001
4169.871582,4172.820313,4188.077147999999,4186.410156,4185.0,4208.205078,4216.153809,4233.974121,4231.153809,4208.974121,4197.436035,4171.153809,4175.512695,4171.025879
4175.897461,4177.94873,4188.846191,4187.94873,4189.230957,4203.717772999999,4203.589844,4239.871582,4234.358886999999,4214.102539,4199.871582,4176.410156,4182.436035,4180.128418
4182.563965,4184.743652,4195.384765999999,4197.563965,4198.717772999999,4204.358886999999,4188.717772999999,4209.871582,4221.410156,4211.153809,4201.538574,4182.436035,4188.077147999999,4186.538574
4187.692383,4188.333496,4201.538574,4202.94873,4199.102539,4202.563965,4187.179688,4186.538574,4209.871582,4205.384765999999,4206.282227000001,4188.589844,4189.358886999999,4190.769043
4197.692383,4194.871582,4209.102539,4207.692383,4201.153809,4203.205078,4191.538574,4194.230957,4208.077147999999,4204.871582,4213.205078,4195.769043,4196.025879,4201.794922
4208.846191,4202.563965,4219.102539,4216.410156,4205.256348,4201.153809,4188.461426,4206.794922,4212.436035,4207.820313,4220.128418,4201.666504,4203.333496,4211.794922
4208.589844,4200.641113000001,4218.077147999999,4217.692383,4201.025879,4191.666504,4183.333496,4195.512695,4207.05127,4205.769043,4218.589844,4203.077147999999,4197.692383,4208.974121
4204.358886999999,4196.282227000001,4210.0,4212.179688,4200.512695,4190.641113000001,4191.153809,4177.94873,4191.153809,4199.230957,4210.128418,4200.256348,4188.974121,4202.692383
4205.384765999999,4196.922852000001,4211.410156,4210.897461,4202.94873,4198.589844,4207.692383,4185.512695,4185.897461,4196.794922,4205.897461,4199.487305,4187.692383,4205.128418
4202.820313,4196.538574,4213.974121,4213.205078,4202.179688,4202.436035,4214.743652,4207.307617,4196.153809,4202.307617,4208.461426,4198.205078,4191.153809,4209.487305
4193.333496,4186.794922,4205.512695,4206.025879,4201.025879,4201.153809,4213.333496,4215.769043,4200.641113000001,4205.512695,4208.461426,4193.717772999999,4191.922852000001,4201.538574
4190.0,4181.282227000001,4198.846191,4195.897461,4197.820313,4204.871582,4210.769043,4211.666504,4197.820313,4206.282227000001,4206.666504,4192.05127,4188.717772999999,4193.205078
4189.102539,4186.922852000001,4202.05127,4196.153809,4191.153809,4213.846191,4216.794922,4216.282227000001,4208.974121,4212.94873,4208.846191,4193.589844,4190.384765999999,4197.94873
4185.128418,4186.410156,4202.307617,4201.025879,4190.769043,4213.333496,4226.666504,4230.256348,4222.05127,4215.128418,4210.256348,4192.563965,4195.256348,4203.077147999999
4190.641113000001,4184.615234000001,4201.025879,4206.153809,4200.128418,4207.94873,4217.94873,4235.769043,4221.666504,4214.102539,4214.743652,4194.743652,4200.641113000001,4204.102539
4202.05127,4194.230957,4206.410156,4209.358886999999,4198.717772999999,4206.922852000001,4199.615234000001,4223.717772999999,4221.410156,4223.974121,4222.179688,4200.769043,4207.692383,4210.512695
4205.769043,4201.794922,4210.128418,4207.94873,4192.05127,4204.358886999999,4193.077147999999,4198.461426,4220.897461,4229.871582,4221.794922,4200.0,4210.897461,4215.897461
4210.256348,4201.282227000001,4212.820313,4212.436035,4198.461426,4200.256348,4199.871582,4198.589844,4217.94873,4224.871582,4215.512695,4198.077147999999,4210.0,4214.358886999999
4214.743652,4197.563965,4215.512695,4217.05127,4202.179688,4200.128418,4209.358886999999,4227.563965,4219.615234000001,4220.128418,4209.871582,4198.846191,4205.897461,4211.025879
4212.94873,4195.384765999999,4216.282227000001,4213.846191,4202.436035,4200.897461,4206.922852000001,4226.153809,4221.410156,4221.410156,4208.846191,4200.897461,4205.897461,4212.94873
4216.025879,4199.487305,4217.563965,4215.512695,4205.0,4196.025879,4198.974121,4196.794922,4219.743652,4228.846191,4212.307617,4204.743652,4215.0,4221.025879
4212.94873,4193.717772999999,4210.641113000001,4213.589844,4190.641113000001,4190.128418,4204.743652,4198.077147999999,4213.333496,4219.615234000001,4203.205078,4200.641113000001,4206.922852000001,4216.666504
4205.128418,4177.692383,4201.794922,4203.717772999999,4178.461426,4194.743652,4215.641113000001,4213.077147999999,4201.794922,4198.333496,4185.512695,4190.897461,4186.282227000001,4203.461426
4212.179688,4181.794922,4206.666504,4204.871582,4186.282227000001,4203.333496,4207.820313,4191.794922,4193.077147999999,4197.692383,4187.05127,4195.0,4189.102539,4207.820313
4218.846191,4196.538574,4214.230957,4214.615234000001,4189.743652,4207.307617,4196.538574,4169.358886999999,4191.922852000001,4208.589844,4198.461426,4206.538574,4201.666504,4217.820313
4210.256348,4191.153809,4209.743652,4212.05127,4180.641113000001,4209.358886999999,4203.077147999999,4178.333496,4192.179688,4205.128418,4193.846191,4203.717772999999,4194.487305,4209.743652
4203.205078,4173.717772999999,4199.358886999999,4199.358886999999,4168.077147999999,4202.179688,4210.641113000001,4191.794922,4193.974121,4195.0,4183.077147999999,4195.512695,4181.538574,4198.205078
4206.666504,4167.436035,4198.205078,4194.358886999999,4161.410156,4194.102539,4208.461426,4193.974121,4199.358886999999,4192.179688,4185.897461,4194.487305,4181.410156,4199.358886999999
4210.512695,4172.94873,4205.512695,4197.94873,4169.102539,4198.205078,4207.820313,4199.487305,4202.436035,4196.410156,4196.410156,4197.436035,4188.077147999999,4205.897461
4218.717772999999,4179.487305,4212.692383,4203.974121,4175.256348,4197.307617,4208.974121,4218.717772999999,4211.153809,4208.717772999999,4205.769043,4204.615234000001,4197.94873,4213.077147999999
4225.769043,4179.102539,4215.128418,4208.205078,4168.589844,4189.487305,4203.974121,4225.0,4220.769043,4217.692383,4212.692383,4211.282227000001,4205.128418,4219.487305
4220.641113000001,4178.589844,4211.666504,4206.153809,4164.615234000001,4192.692383,4200.769043,4207.436035,4214.102539,4214.358886999999,4214.871582,4210.0,4205.897461,4220.897461
4221.153809,4187.179688,4213.333496,4207.563965,4173.461426,4202.179688,4207.179688,4202.436035,4206.538574,4213.205078,4219.230957,4209.743652,4210.0,4224.102539
4228.974121,4192.307617,4218.461426,4217.436035,4179.871582,4194.615234000001,4200.897461,4212.307617,4210.256348,4218.077147999999,4223.717772999999,4213.717772999999,4214.487305,4226.282227000001
4233.205078,4190.512695,4217.563965,4221.922852000001,4174.871582,4183.974121,4197.179688,4202.436035,4205.0,4216.410156,4218.333496,4213.717772999999,4213.077147999999,4220.0
4239.487305,4197.179688,4219.230957,4223.461426,4174.615234000001,4195.384765999999,4218.461426,4194.358886999999,4201.282227000001,4214.871582,4216.153809,4215.0,4217.05127,4218.205078
4240.769043,4200.256348,4221.794922,4223.205078,4179.358886999999,4203.461426,4223.333496,4204.102539,4204.615234000001,4215.512695,4220.0,4217.307617,4218.077147999999,4220.384765999999
4234.871582,4190.256348,4217.436035,4216.282227000001,4177.820313,4194.102539,4212.563965,4205.0,4196.538574,4210.0,4216.538574,4215.512695,4210.0,4215.256348
4236.922852000001,4185.0,4215.897461,4215.384765999999,4175.512695,4192.692383,4218.461426,4197.307617,4191.025879,4207.307617,4218.589844,4217.179688,4212.436035,4214.102539
4235.512695,4180.641113000001,4215.512695,4214.487305,4172.179688,4202.179688,4221.666504,4191.666504,4188.589844,4200.641113000001,4219.743652,4213.205078,4208.205078,4214.230957
4226.153809,4176.922852000001,4210.512695,4209.615234000001,4171.153809,4201.025879,4210.0,4198.974121,4191.922852000001,4195.256348,4214.230957,4202.307617,4194.358886999999,4208.205078
4226.153809,4182.307617,4208.205078,4211.666504,4178.974121,4195.769043,4200.641113000001,4214.102539,4206.410156,4208.589844,4220.0,4205.0,4201.538574,4207.05127
4222.94873,4182.307617,4208.205078,4214.743652,4182.179688,4201.666504,4204.230957,4213.461426,4207.307617,4217.563965,4224.615234000001,4210.769043,4210.641113000001,4207.436035
4214.743652,4172.563965,4203.205078,4208.077147999999,4172.436035,4206.410156,4217.05127,4205.897461,4198.077147999999,4208.461426,4218.461426,4204.487305,4199.871582,4201.025879
4220.512695,4172.820313,4196.922852000001,4204.358886999999,4169.871582,4203.717772999999,4221.794922,4213.717772999999,4209.487305,4211.410156,4217.820313,4203.205078,4197.179688,4199.487305
4229.487305,4185.769043,4199.871582,4214.615234000001,4180.512695,4203.461426,4209.358886999999,4229.102539,4230.384765999999,4230.897461,4229.230957,4210.0,4213.461426,4207.94873
4227.05127,4191.153809,4204.102539,4221.666504,4180.512695,4202.05127,4199.487305,4228.589844,4227.05127,4231.025879,4234.358886999999,4211.153809,4221.025879,4211.922852000001
4231.410156,4195.769043,4206.538574,4225.897461,4174.615234000001,4194.230957,4196.410156,4216.153809,4220.128418,4224.230957,4233.717772999999,4213.846191,4220.0,4215.256348
4243.846191,4206.922852000001,4215.0,4237.436035,4186.538574,4195.128418,4195.512695,4202.436035,4224.743652,4234.358886999999,4238.717772999999,4222.436035,4227.563965,4220.769043
4240.512695,4204.230957,4214.487305,4237.05127,4198.974121,4195.384765999999,4199.871582,4188.974121,4215.512695,4228.974121,4232.05127,4218.846191,4227.05127,4212.94873
4234.230957,4196.025879,4205.256348,4227.94873,4192.05127,4189.358886999999,4206.282227000001,4184.871582,4202.692383,4213.846191,4222.307617,4209.487305,4219.487305,4206.025879
4238.205078,4195.897461,4206.794922,4227.436035,4177.94873,4191.794922,4207.820313,4198.461426,4207.94873,4219.102539,4228.077147999999,4208.846191,4221.153809,4212.436035
4234.615234000001,4187.563965,4206.922852000001,4223.333496,4171.025879,4191.666504,4205.512695,4212.05127,4211.410156,4220.384765999999,4228.077147999999,4207.692383,4218.589844,4209.230957
4221.794922,4175.769043,4196.666504,4213.077147999999,4172.94873,4188.077147999999,4206.666504,4204.358886999999,4205.641113000001,4209.358886999999,4213.077147999999,4203.333496,4206.922852000001,4197.94873
4215.384765999999,4173.077147999999,4193.333496,4209.230957,4171.794922,4194.871582,4216.666504,4205.0,4213.717772999999,4212.692383,4209.615234000001,4206.025879,4201.153809,4200.256348
4219.102539,4176.922852000001,4199.102539,4213.205078,4169.743652,4209.487305,4236.153809,4232.307617,4231.025879,4222.692383,4223.461426,4214.487305,4209.358886999999,4209.230957
4226.794922,4184.487305,4204.871582,4220.769043,4178.717772999999,4217.307617,4243.717772999999,4240.512695,4234.871582,4224.358886999999,4230.256348,4218.205078,4218.717772999999,4213.077147999999
4237.05127,4190.128418,4212.563965,4227.05127,4185.256348,4209.743652,4224.230957,4220.512695,4232.179688,4226.922852000001,4230.256348,4222.820313,4222.05127,4219.743652
4239.102539,4192.307617,4216.538574,4227.820313,4185.0,4208.077147999999,4211.794922,4220.384765999999,4232.563965,4229.358886999999,4231.410156,4228.333496,4224.230957,4225.512695
4231.794922,4194.615234000001,4210.512695,4223.974121,4186.538574,4213.717772999999,4209.230957,4226.025879,4222.436035,4219.871582,4225.256348,4223.077147999999,4217.563965,4219.230957
4229.871582,4192.563965,4207.05127,4220.512695,4187.820313,4211.666504,4200.512695,4207.05127,4209.871582,4212.94873,4220.641113000001,4219.230957,4212.436035,4215.512695
4240.0,4192.94873,4215.128418,4223.846191,4189.487305,4212.94873,4199.743652,4203.461426,4221.153809,4223.974121,4231.538574,4230.256348,4222.94873,4226.025879
4247.436035,4206.538574,4223.589844,4234.358886999999,4195.128418,4212.692383,4197.820313,4224.358886999999,4237.94873,4237.05127,4242.436035,4236.922852000001,4232.307617,4234.743652
4241.794922,4217.307617,4221.538574,4240.128418,4197.05127,4196.794922,4187.94873,4222.179688,4229.102539,4233.974121,4236.794922,4227.05127,4226.410156,4228.205078
4231.410156,4209.743652,4213.077147999999,4234.230957,4189.615234000001,4187.692383,4195.128418,4195.897461,4205.769043,4218.205078,4223.717772999999,4218.717772999999,4211.410156,4215.128418
4227.94873,4203.461426,4208.077147999999,4228.717772999999,4186.666504,4201.410156,4219.358886999999,4186.410156,4197.692383,4209.230957,4216.153809,4219.102539,4202.563965,4208.974121
4227.94873,4203.717772999999,4207.05127,4227.692383,4190.384765999999,4209.358886999999,4228.077147999999,4199.230957,4205.641113000001,4212.820313,4215.384765999999,4216.538574,4203.717772999999,4206.410156
4224.102539,4196.922852000001,4203.461426,4224.102539,4189.230957,4206.410156,4220.384765999999,4206.666504,4211.282227000001,4214.743652,4215.641113000001,4212.94873,4202.94873,4199.615234000001
4223.589844,4194.358886999999,4201.025879,4223.846191,4187.307617,4214.102539,4223.974121,4216.538574,4222.179688,4218.461426,4216.025879,4213.589844,4200.512695,4194.871582
4222.05127,4195.256348,4197.820313,4222.94873,4185.512695,4217.820313,4230.769043,4236.410156,4236.794922,4225.384765999999,4215.512695,4210.512695,4199.102539,4198.077147999999
4213.205078,4189.615234000001,4187.436035,4211.410156,4181.794922,4212.05127,4221.794922,4236.410156,4232.307617,4220.897461,4211.025879,4204.487305,4192.05127,4198.333496
4211.794922,4187.05127,4184.230957,4207.179688,4184.102539,4212.307617,4210.256348,4225.384765999999,4222.05127,4214.230957,4211.282227000001,4204.358886999999,4186.282227000001,4196.922852000001
4220.641113000001,4189.615234000001,4193.974121,4217.05127,4185.128418,4209.487305,4212.94873,4239.358886999999,4232.179688,4220.897461,4218.589844,4210.0,4192.436035,4203.461426
4232.307617,4197.307617,4205.897461,4227.179688,4185.0,4204.871582,4214.615234000001,4263.717772999999,4248.974121,4234.102539,4229.615234000001,4220.897461,4205.769043,4219.230957
4238.589844,4207.820313,4212.436035,4229.358886999999,4193.077147999999,4209.102539,4197.179688,4242.179688,4235.897461,4236.025879,4236.410156,4228.461426,4215.384765999999,4231.025879
4237.179688,4211.794922,4213.461426,4227.436035,4197.94873,4201.025879,4176.153809,4190.641113000001,4208.589844,4224.871582,4233.333496,4226.282227000001,4215.0,4225.512695
4240.769043,4214.102539,4220.512695,4233.846191,4191.666504,4184.102539,4179.871582,4183.333496,4210.641113000001,4224.230957,4235.512695,4226.666504,4217.94873,4221.922852000001
4251.153809,4218.333496,4230.0,4243.974121,4184.871582,4188.205078,4191.666504,4199.358886999999,4223.333496,4231.410156,4242.820313,4230.897461,4228.717772999999,4230.897461
4248.205078,4214.230957,4225.256348,4235.0,4186.410156,4199.615234000001,4192.563965,4189.487305,4212.179688,4225.0,4237.307617,4226.282227000001,4225.256348,4228.077147999999
4229.487305,4199.615234000001,4206.666504,4215.384765999999,4186.410156,4198.589844,4205.641113000001,4185.897461,4196.922852000001,4213.333496,4220.0,4213.333496,4209.358886999999,4209.615234000001
4210.256348,4184.743652,4190.769043,4205.512695,4183.077147999999,4205.0,4223.333496,4203.333496,4194.102539,4205.384765999999,4202.436035,4202.179688,4201.153809,4196.153809
4201.922852000001,4181.922852000001,4186.794922,4206.025879,4187.05127,4218.333496,4216.410156,4210.0,4195.769043,4198.589844,4195.641113000001,4196.538574,4197.563965,4191.666504
4200.384765999999,4183.077147999999,4185.512695,4205.512695,4185.0,4207.179688,4209.487305,4211.794922,4200.512695,4198.589844,4198.333496,4194.871582,4189.615234000001,4186.794922
4197.820313,4176.922852000001,4181.410156,4199.230957,4170.769043,4194.871582,4221.794922,4225.512695,4206.153809,4205.769043,4203.077147999999,4197.307617,4188.846191,4186.794922
4198.846191,4178.333496,4182.94873,4196.410156,4172.563965,4208.589844,4221.025879,4228.077147999999,4210.512695,4208.717772999999,4207.307617,4200.128418,4196.538574,4195.897461
4201.153809,4182.563965,4185.256348,4197.820313,4178.717772999999,4212.692383,4207.692383,4216.666504,4207.179688,4199.743652,4205.0,4198.077147999999,4190.128418,4200.256348
4201.282227000001,4177.05127,4182.307617,4198.846191,4173.461426,4210.128418,4214.358886999999,4224.358886999999,4203.717772999999,4190.769043,4198.205078,4195.769043,4178.974121,4196.025879
4212.563965,4182.05127,4190.0,4207.820313,4187.94873,4227.436035,4217.05127,4235.641113000001,4213.717772999999,4197.94873,4202.436035,4203.589844,4194.871582,4199.230957
4237.820313,4212.179688,4215.897461,4231.922852000001,4209.230957,4226.025879,4197.179688,4219.102539,4227.94873,4222.436035,4225.512695,4219.487305,4232.307617,4223.846191
4251.538574,4232.94873,4233.974121,4247.94873,4199.615234000001,4191.410156,4183.974121,4200.512695,4228.077147999999,4240.128418,4245.897461,4231.153809,4257.179688,4245.256348
4242.436035,4217.563965,4225.0,4234.102539,4179.358886999999,4174.230957,4179.358886999999,4194.871582,4212.563965,4231.282227000001,4239.743652,4229.615234000001,4249.871582,4234.743652
4234.230957,4202.436035,4213.205078,4223.077147999999,4179.743652,4187.94873,4174.358886999999,4192.436035,4207.820313,4218.717772999999,4227.820313,4220.897461,4233.077147999999,4220.256348
4230.256348,4205.128418,4213.461426,4227.05127,4186.922852000001,4196.025879,4179.487305,4196.666504,4214.102539,4219.230957,4228.717772999999,4218.846191,4228.717772999999,4221.666504
4215.897461,4193.077147999999,4204.358886999999,4215.0,4180.0,4191.794922,4194.487305,4204.487305,4210.256348,4216.922852000001,4224.615234000001,4216.282227000001,4220.128418,4210.897461
4200.641113000001,4173.589844,4186.794922,4197.05127,4173.974121,4202.436035,4215.256348,4207.820313,4202.692383,4209.230957,4210.0,4206.538574,4201.025879,4190.256348
4192.179688,4169.743652,4176.153809,4194.230957,4176.153809,4217.436035,4228.589844,4210.641113000001,4201.025879,4199.615234000001,4195.512695,4197.94873,4190.128418,4186.410156
4186.666504,4167.820313,4175.384765999999,4195.256348,4180.512695,4214.871582,4223.077147999999,4215.641113000001,4204.743652,4193.717772999999,4189.743652,4195.769043,4193.717772999999,4188.589844
4187.179688,4167.179688,4178.974121,4193.846191,4180.769043,4209.102539,4216.410156,4216.794922,4211.666504,4202.563965,4197.05127,4196.666504,4200.256348,4188.205078
4193.461426,4177.179688,4182.563965,4196.025879,4175.512695,4209.743652,4217.436035,4216.538574,4219.487305,4213.333496,4205.641113000001,4199.743652,4205.256348,4196.538574
4198.974121,4183.077147999999,4185.897461,4199.615234000001,4177.179688,4210.641113000001,4216.666504,4218.077147999999,4222.94873,4212.692383,4207.563965,4205.0,4211.538574,4205.512695
4202.179688,4182.307617,4190.256348,4201.410156,4183.333496,4208.974121,4209.102539,4207.436035,4216.538574,4206.410156,4210.641113000001,4209.743652,4214.615234000001,4203.846191
4211.794922,4192.179688,4200.512695,4211.153809,4185.897461,4207.05127,4201.153809,4196.025879,4214.487305,4210.769043,4218.461426,4219.487305,4222.436035,4210.128418
4227.179688,4208.333496,4216.282227000001,4227.307617,4190.769043,4203.333496,4192.820313,4200.0,4221.282227000001,4227.05127,4228.846191,4232.436035,4239.230957,4230.897461
4234.230957,4210.384765999999,4221.922852000001,4231.153809,4195.384765999999,4196.025879,4180.256348,4195.897461,4218.846191,4232.563965,4233.461426,4236.282227000001,4246.538574,4239.871582
4232.94873,4207.563965,4222.563965,4227.05127,4195.0,4194.102539,4182.179688,4189.615234000001,4215.769043,4228.205078,4231.410156,4234.487305,4245.256348,4236.922852000001
4227.436035,4205.512695,4219.487305,4224.230957,4192.179688,4199.358886999999,4203.333496,4207.820313,4221.794922,4222.820313,4222.436035,4228.717772999999,4240.256348,4230.512695
4215.256348,4194.487305,4204.871582,4217.436035,4195.512695,4206.282227000001,4216.538574,4220.0,4220.512695,4211.922852000001,4204.871582,4213.589844,4222.94873,4214.743652
4203.333496,4188.589844,4192.94873,4208.717772999999,4197.436035,4206.922852000001,4213.077147999999,4209.615234000001,4216.794922,4205.256348,4191.666504,4200.256348,4208.974121,4202.563965
4198.461426,4189.615234000001,4190.0,4203.589844,4186.538574,4207.05127,4214.615234000001,4212.692383,4221.922852000001,4208.461426,4187.94873,4198.717772999999,4207.692383,4201.794922
4195.256348,4183.717772999999,4186.282227000001,4197.563965,4178.974121,4218.589844,4224.358886999999,4223.589844,4224.102539,4209.615234000001,4185.897461,4200.384765999999,4207.436035,4200.512695
4194.358886999999,4175.384765999999,4182.307617,4188.846191,4178.077147999999,4221.410156,4225.512695,4214.487305,4217.692383,4205.0,4182.692383,4198.589844,4203.333496,4196.666504
4197.179688,4176.538574,4180.897461,4186.410156,4174.871582,4214.487305,4222.692383,4197.820313,4205.0,4196.922852000001,4180.256348,4193.077147999999,4196.538574,4194.230957
4196.922852000001,4176.922852000001,4175.897461,4187.563965,4174.230957,4216.538574,4218.461426,4193.717772999999,4192.179688,4185.256348,4175.128418,4186.794922,4190.512695,4193.461426
4197.307617,4172.94873,4174.615234000001,4185.384765999999,4174.358886999999,4213.077147999999,4204.743652,4199.615234000001,4192.307617,4181.666504,4174.102539,4187.94873,4192.94873,4198.461426
4211.025879,4184.615234000001,4190.641113000001,4193.461426,4173.461426,4203.717772999999,4197.307617,4200.0,4198.077147999999,4193.717772999999,4188.846191,4200.128418,4208.717772999999,4213.461426
4227.05127,4201.025879,4206.410156,4210.128418,4175.256348,4205.897461,4210.256348,4192.94873,4197.94873,4202.436035,4202.692383,4205.0,4222.307617,4222.94873
4226.666504,4201.666504,4205.897461,4212.94873,4177.692383,4208.077147999999,4217.563965,4196.538574,4202.820313,4203.077147999999,4204.102539,4200.897461,4222.563965,4220.384765999999
4222.563965,4196.922852000001,4203.333496,4207.820313,4177.307617,4207.436035,4210.512695,4207.820313,4218.717772999999,4213.461426,4211.794922,4205.256348,4224.487305,4222.436035
4224.871582,4194.230957,4204.102539,4208.205078,4175.512695,4208.717772999999,4205.769043,4200.512695,4225.641113000001,4223.333496,4218.333496,4208.333496,4229.871582,4227.05127
4226.922852000001,4198.077147999999,4202.05127,4209.358886999999,4181.410156,4206.666504,4205.769043,4202.436035,4231.666504,4227.820313,4216.025879,4204.615234000001,4232.436035,4224.743652
4229.871582,4207.05127,4203.589844,4209.358886999999,4191.282227000001,4212.692383,4205.769043,4240.897461,4253.461426,4238.589844,4220.897461,4206.153809,4232.436035,4225.512695
4233.205078,4208.461426,4210.128418,4210.128418,4186.922852000001,4224.358886999999,4209.230957,4259.743652,4260.897461,4247.05127,4228.333496,4210.641113000001,4233.077147999999,4230.769043
4229.487305,4200.128418,4208.974121,4211.282227000001,4179.102539,4219.487305,4216.666504,4236.153809,4240.641113000001,4240.0,4225.0,4204.743652,4230.769043,4226.922852000001
4222.692383,4197.307617,4203.846191,4209.743652,4182.94873,4202.820313,4220.384765999999,4212.307617,4219.230957,4222.94873,4217.94873,4196.922852000001,4222.563965,4221.282227000001
4228.846191,4205.641113000001,4209.743652,4209.743652,4183.589844,4196.794922,4217.05127,4209.358886999999,4213.846191,4216.666504,4219.615234000001,4202.820313,4222.820313,4226.410156
4242.563965,4211.794922,4221.282227000001,4217.94873,4179.358886999999,4202.307617,4212.820313,4222.179688,4217.563965,4220.256348,4227.820313,4213.077147999999,4229.102539,4230.0
4246.538574,4209.358886999999,4225.128418,4221.666504,4179.871582,4203.077147999999,4210.769043,4229.102539,4212.692383,4218.333496,4232.563965,4216.153809,4228.205078,4230.384765999999
4247.436035,4212.05127,4226.410156,4218.974121,4182.436035,4198.333496,4208.461426,4212.436035,4203.846191,4216.025879,4235.512695,4219.230957,4234.743652,4238.974121
4250.128418,4218.846191,4227.307617,4217.94873,4183.333496,4199.102539,4209.358886999999,4194.358886999999,4201.922852000001,4220.128418,4238.205078,4224.102539,4248.589844,4244.358886999999
4242.94873,4206.794922,4216.922852000001,4210.897461,4181.282227000001,4204.871582,4211.666504,4194.358886999999,4200.512695,4212.05127,4230.256348,4214.230957,4236.794922,4231.794922
4231.922852000001,4192.563965,4204.871582,4204.230957,4181.666504,4202.820313,4206.025879,4197.179688,4200.897461,4201.794922,4219.230957,4200.641113000001,4213.077147999999,4219.871582
4229.871582,4197.05127,4204.358886999999,4205.769043,4183.846191,4194.230957,4198.974121,4201.410156,4213.077147999999,4211.410156,4221.153809,4201.410156,4209.487305,4220.641113000001
4228.333496,4195.641113000001,4204.230957,4201.410156,4184.358886999999,4199.743652,4205.769043,4217.05127,4225.769043,4220.128418,4223.205078,4201.794922,4212.94873,4218.333496
4218.461426,4184.743652,4195.384765999999,4190.256348,4184.743652,4211.666504,4207.563965,4222.563965,4227.179688,4215.897461,4217.436035,4194.615234000001,4209.230957,4209.743652
4209.743652,4180.384765999999,4183.717772999999,4186.538574,4183.461426,4207.436035,4197.05127,4211.538574,4221.153809,4211.666504,4212.94873,4188.461426,4197.692383,4200.128418
4208.974121,4183.333496,4181.666504,4190.256348,4183.974121,4205.641113000001,4203.461426,4220.897461,4222.05127,4214.102539,4214.487305,4186.794922,4193.461426,4195.256348
4213.333496,4187.820313,4186.282227000001,4193.205078,4186.666504,4218.205078,4215.512695,4242.179688,4230.512695,4218.846191,4216.922852000001,4190.897461,4205.384765999999,4200.128418
4224.102539,4201.666504,4194.871582,4203.717772999999,4196.794922,4222.563965,4211.538574,4227.179688,4230.128418,4227.692383,4224.230957,4201.666504,4222.820313,4210.384765999999
4231.794922,4212.563965,4200.384765999999,4212.307617,4208.077147999999,4210.256348,4206.282227000001,4198.077147999999,4215.256348,4230.384765999999,4231.282227000001,4205.769043,4232.436035,4216.282227000001
4225.256348,4203.846191,4195.384765999999,4204.487305,4202.307617,4203.205078,4207.436035,4197.563965,4199.871582,4213.461426,4227.820313,4200.128418,4230.0,4213.846191
4223.205078,4200.256348,4196.153809,4203.589844,4193.717772999999,4217.307617,4205.0,4200.512695,4195.512695,4203.846191,4225.0,4199.615234000001,4229.358886999999,4212.692383
4229.871582,4205.897461,4202.820313,4211.794922,4198.974121,4225.384765999999,4205.512695,4194.615234000001,4196.794922,4207.692383,4221.794922,4201.153809,4227.94873,4210.512695
4227.05127,4202.94873,4198.974121,4205.256348,4197.692383,4206.153809,4211.153809,4202.94873,4203.717772999999,4204.487305,4213.461426,4194.230957,4218.846191,4204.615234000001
4219.487305,4197.179688,4191.794922,4191.794922,4184.102539,4197.179688,4214.230957,4218.205078,4219.871582,4204.487305,4210.384765999999,4192.307617,4208.589844,4202.692383
4218.461426,4194.102539,4195.128418,4190.384765999999,4174.487305,4216.153809,4225.769043,4227.820313,4232.179688,4216.025879,4213.717772999999,4198.589844,4207.94873,4205.0
4220.384765999999,4193.205078,4200.897461,4196.153809,4172.692383,4228.717772999999,4247.820313,4240.897461,4237.307617,4223.077147999999,4215.256348,4195.769043,4212.307617,4207.307617
4214.230957,4190.512695,4192.820313,4191.538574,4171.666504,4226.666504,4251.538574,4240.897461,4230.384765999999,4211.025879,4205.256348,4180.0,4200.641113000001,4198.846191
4202.94873,4187.692383,4180.641113000001,4183.333496,4177.820313,4228.717772999999,4224.743652,4218.589844,4217.179688,4198.974121,4195.128418,4172.307617,4189.230957,4186.794922
4204.615234000001,4196.282227000001,4183.846191,4192.436035,4193.205078,4234.871582,4208.974121,4211.922852000001,4222.563965,4215.128418,4206.922852000001,4183.717772999999,4207.692383,4193.974121
4210.384765999999,4202.307617,4189.358886999999,4200.0,4198.333496,4235.897461,4210.0,4211.025879,4220.769043,4223.974121,4216.153809,4190.256348,4220.0,4205.0
4214.615234000001,4203.461426,4191.922852000001,4195.641113000001,4194.871582,4226.410156,4196.794922,4194.487305,4202.179688,4212.820313,4212.94873,4191.922852000001,4217.820313,4210.512695
4233.205078,4217.563965,4208.846191,4206.025879,4197.94873,4211.538574,4182.179688,4195.512695,4212.94873,4227.307617,4233.589844,4209.487305,4242.179688,4230.256348
4251.666504,4229.743652,4225.641113000001,4221.538574,4200.256348,4209.358886999999,4193.461426,4217.820313,4238.589844,4249.615234000001,4256.538574,4226.282227000001,4267.307617,4248.974121
4242.307617,4221.282227000001,4219.102539,4212.179688,4195.256348,4225.897461,4215.641113000001,4209.871582,4223.077147999999,4232.05127,4242.436035,4217.692383,4249.230957,4236.538574
4220.897461,4205.128418,4203.974121,4192.307617,4187.05127,4228.846191,4215.128418,4184.358886999999,4196.410156,4202.94873,4221.025879,4200.256348,4222.179688,4215.384765999999
4216.666504,4197.05127,4200.897461,4187.820313,4183.077147999999,4215.641113000001,4215.0,4217.05127,4214.102539,4208.205078,4222.692383,4199.487305,4223.589844,4215.897461
4216.922852000001,4192.563965,4201.282227000001,4187.436035,4183.589844,4220.641113000001,4233.205078,4251.410156,4229.743652,4219.230957,4223.846191,4203.717772999999,4227.307617,4215.256348
4205.128418,4186.922852000001,4194.358886999999,4177.563965,4184.743652,4231.153809,4238.205078,4215.256348,4209.487305,4207.05127,4210.128418,4197.179688,4215.128418,4200.641113000001
4196.538574,4181.922852000001,4186.666504,4170.641113000001,4183.589844,4224.230957,4229.487305,4200.769043,4206.025879,4199.102539,4204.871582,4186.922852000001,4207.436035,4193.333496
4193.846191,4174.871582,4177.692383,4168.974121,4181.153809,4219.102539,4223.077147999999,4222.05127,4214.615234000001,4201.666504,4201.538574,4180.0,4203.974121,4189.487305
4189.358886999999,4172.692383,4169.358886999999,4167.179688,4185.641113000001,4229.487305,4218.846191,4200.641113000001,4201.410156,4197.05127,4191.025879,4179.487305,4197.563965,4185.0
4190.0,4178.717772999999,4177.692383,4173.846191,4194.487305,4225.256348,4213.717772999999,4192.692383,4207.820313,4198.846191,4201.025879,4189.230957,4204.102539,4195.128418
4198.974121,4186.282227000001,4192.179688,4183.717772999999,4197.307617,4209.615234000001,4208.077147999999,4222.436035,4232.179688,4214.871582,4226.794922,4203.461426,4223.333496,4212.563965
4211.794922,4199.743652,4199.743652,4191.153809,4203.974121,4217.94873,4205.897461,4215.641113000001,4223.974121,4222.820313,4234.615234000001,4212.05127,4238.717772999999,4221.282227000001
4226.922852000001,4214.743652,4208.205078,4201.282227000001,4213.205078,4223.717772999999,4203.974121,4200.769043,4215.128418,4224.230957,4234.871582,4219.230957,4248.205078,4230.384765999999
4237.05127,4222.05127,4215.769043,4208.974121,4212.692383,4210.128418,4195.897461,4215.128418,4230.384765999999,4233.717772999999,4246.410156,4226.666504,4252.563965,4238.846191
4236.538574,4224.230957,4216.794922,4209.871582,4211.666504,4209.102539,4188.717772999999,4215.128418,4236.794922,4242.179688,4253.846191,4223.974121,4255.641113000001,4237.307617
4227.692383,4218.974121,4214.230957,4203.717772999999,4206.410156,4215.128418,4197.692383,4205.128418,4227.820313,4236.538574,4244.358886999999,4212.307617,4253.974121,4229.358886999999
4213.846191,4206.794922,4210.641113000001,4193.589844,4198.717772999999,4217.94873,4216.025879,4214.743652,4223.974121,4223.333496,4230.256348,4202.692383,4238.333496,4219.743652
4196.794922,4195.512695,4198.461426,4182.05127,4197.692383,4226.282227000001,4223.205078,4220.384765999999,4220.641113000001,4210.641113000001,4217.692383,4191.922852000001,4214.871582,4205.769043
4188.717772999999,4188.333496,4185.384765999999,4175.769043,4194.102539,4227.307617,4220.384765999999,4214.230957,4210.256348,4200.897461,4209.230957,4182.94873,4203.846191,4191.922852000001
4194.358886999999,4186.794922,4187.179688,4177.05127,4189.487305,4218.333496,4222.436035,4211.794922,4203.717772999999,4202.307617,4210.897461,4183.717772999999,4208.846191,4190.128418
4193.717772999999,4191.153809,4195.128418,4174.615234000001,4189.871582,4215.128418,4224.871582,4217.307617,4207.692383,4207.820313,4215.256348,4188.205078,4210.641113000001,4193.974121
4187.563965,4195.384765999999,4196.666504,4172.820313,4193.205078,4219.615234000001,4215.256348,4226.538574,4216.153809,4211.666504,4215.512695,4191.025879,4207.692383,4193.974121
4193.461426,4200.256348,4196.922852000001,4177.05127,4198.077147999999,4221.538574,4197.563965,4215.384765999999,4218.077147999999,4221.282227000001,4217.563965,4198.077147999999,4215.384765999999,4194.230957
4199.743652,4205.641113000001,4198.461426,4178.846191,4203.333496,4218.717772999999,4198.589844,4207.05127,4221.153809,4230.128418,4220.769043,4202.820313,4229.102539,4195.897461
4190.384765999999,4203.333496,4193.974121,4174.230957,4203.717772999999,4223.589844,4221.538574,4217.436035,4228.974121,4223.333496,4214.615234000001,4194.487305,4222.820313,4191.410156
4182.307617,4193.333496,4187.94873,4168.974121,4202.05127,4228.461426,4220.769043,4201.282227000001,4222.436035,4211.410156,4200.641113000001,4182.820313,4201.922852000001,4182.05127
4190.512695,4192.307617,4193.974121,4172.820313,4206.666504,4224.487305,4205.384765999999,4191.025879,4222.692383,4219.871582,4201.794922,4185.512695,4205.256348,4184.230957
4196.538574,4201.922852000001,4206.025879,4180.897461,4212.436035,4224.230957,4217.820313,4233.717772999999,4242.94873,4238.333496,4221.153809,4201.666504,4225.769043,4200.512695
4195.128418,4204.743652,4209.871582,4183.461426,4209.230957,4222.692383,4228.461426,4245.769043,4236.666504,4233.717772999999,4230.512695,4209.230957,4233.846191,4211.666504
4203.205078,4205.769043,4212.436035,4185.897461,4202.563965,4214.871582,4224.743652,4210.256348,4209.615234000001,4218.846191,4226.538574,4207.563965,4235.897461,4210.897461
4213.589844,4210.769043,4216.666504,4188.974121,4203.461426,4211.794922,4232.05127,4208.974121,4203.205078,4213.461426,4223.589844,4210.769043,4233.589844,4210.512695
4210.128418,4212.05127,4216.025879,4188.333496,4212.563965,4214.230957,4234.487305,4213.333496,4200.0,4210.256348,4220.384765999999,4213.717772999999,4225.897461,4213.205078
4203.077147999999,4209.102539,4211.922852000001,4186.025879,4212.307617,4214.871582,4221.410156,4183.077147999999,4182.820313,4208.077147999999,4218.077147999999,4209.615234000001,4228.333496,4213.974121
4205.128418,4205.256348,4209.358886999999,4183.846191,4200.897461,4211.538574,4212.436035,4169.871582,4177.692383,4208.205078,4218.717772999999,4206.538574,4233.333496,4212.307617
4205.512695,4197.563965,4206.410156,4177.436035,4198.589844,4210.384765999999,4219.743652,4185.384765999999,4188.205078,4205.128418,4215.641113000001,4205.384765999999,4227.179688,4208.846191
4196.025879,4187.05127,4194.743652,4168.589844,4201.410156,4215.128418,4225.897461,4200.256348,4198.846191,4202.179688,4205.897461,4196.538574,4216.538574,4202.05127
4189.871582,4189.615234000001,4189.358886999999,4169.358886999999,4199.230957,4220.0,4217.820313,4215.256348,4219.743652,4211.922852000001,4206.794922,4194.743652,4214.615234000001,4197.179688
4190.128418,4199.102539,4195.641113000001,4178.461426,4203.205078,4225.0,4216.410156,4218.205078,4234.871582,4223.974121,4213.333496,4201.153809,4219.615234000001,4196.410156
4183.846191,4194.615234000001,4191.153809,4175.641113000001,4207.820313,4225.897461,4226.282227000001,4202.307617,4222.563965,4217.94873,4201.666504,4193.077147999999,4211.794922,4188.717772999999
4176.794922,4186.922852000001,4183.333496,4168.077147999999,4202.94873,4220.512695,4222.436035,4200.384765999999,4214.102539,4210.641113000001,4189.487305,4180.384765999999,4198.974121,4178.461426
4182.94873,4190.897461,4190.512695,4174.871582,4204.871582,4221.922852000001,4206.410156,4211.025879,4224.230957,4216.282227000001,4195.512695,4183.974121,4200.0,4178.846191
4197.307617,4197.94873,4201.153809,4184.871582,4213.461426,4225.897461,4208.205078,4216.538574,4228.205078,4222.179688,4200.897461,4193.846191,4206.025879,4187.820313
4202.05127,4201.410156,4201.666504,4186.282227000001,4213.717772999999,4218.717772999999,4223.077147999999,4215.384765999999,4217.05127,4218.205078,4196.538574,4191.282227000001,4207.563965,4191.538574
4194.743652,4198.974121,4198.205078,4183.205078,4211.025879,4207.179688,4219.358886999999,4207.307617,4197.820313,4204.230957,4193.589844,4185.128418,4209.230957,4187.820313
4191.922852000001,4195.512695,4197.692383,4182.307617,4210.256348,4205.512695,4201.538574,4190.897461,4178.589844,4191.410156,4191.794922,4187.820313,4212.05127,4189.487305
4196.153809,4193.461426,4197.307617,4179.743652,4208.077147999999,4210.128418,4197.820313,4177.307617,4170.897461,4187.94873,4190.512695,4194.102539,4211.666504,4193.461426
4200.128418,4190.897461,4197.820313,4175.897461,4202.820313,4207.692383,4210.897461,4185.897461,4181.538574,4198.205078,4198.205078,4200.128418,4215.0,4199.743652
4203.589844,4196.410156,4203.974121,4179.230957,4198.974121,4205.0,4224.102539,4205.128418,4200.128418,4214.743652,4208.846191,4206.666504,4230.384765999999,4214.615234000001
4199.358886999999,4198.717772999999,4203.974121,4178.333496,4194.102539,4209.230957,4226.153809,4198.077147999999,4198.846191,4214.230957,4202.820313,4203.461426,4237.179688,4218.846191
4187.692383,4185.769043,4189.871582,4166.794922,4190.256348,4210.256348,4210.641113000001,4172.307617,4182.563965,4199.230957,4184.615234000001,4189.871582,4223.077147999999,4203.205078
4184.871582,4180.512695,4183.974121,4162.692383,4194.615234000001,4202.94873,4187.94873,4172.436035,4191.538574,4202.820313,4182.307617,4185.769043,4218.205078,4197.692383
4187.94873,4185.512695,4187.94873,4165.512695,4194.743652,4201.410156,4188.461426,4211.538574,4223.205078,4218.205078,4189.615234000001,4190.384765999999,4225.256348,4204.871582
4186.666504,4183.333496,4183.974121,4162.820313,4192.307617,4212.436035,4208.974121,4247.436035,4238.333496,4218.589844,4186.794922,4186.538574,4217.563965,4198.589844
4184.871582,4180.0,4178.846191,4162.94873,4197.05127,4218.717772999999,4208.333496,4233.589844,4228.974121,4210.256348,4180.0,4177.820313,4200.769043,4184.871582
4183.461426,4180.0,4177.179688,4164.358886999999,4201.025879,4217.94873,4191.025879,4192.94873,4212.692383,4202.05127,4175.769043,4175.512695,4191.922852000001,4181.410156
4187.179688,4186.153809,4180.128418,4165.512695,4196.666504,4218.589844,4195.0,4198.589844,4210.641113000001,4202.692383,4180.256348,4181.666504,4193.974121,4191.025879
4197.692383,4193.205078,4190.256348,4172.436035,4183.974121,4209.358886999999,4217.820313,4236.153809,4217.05127,4210.0,4191.538574,4190.512695,4202.436035,4201.538574
4200.128418,4187.692383,4194.358886999999,4176.410156,4178.333496,4196.538574,4228.974121,4218.461426,4198.589844,4199.743652,4193.205078,4188.333496,4203.205078,4201.153809
4193.205078,4181.922852000001,4187.179688,4172.692383,4185.0,4196.025879,4213.846191,4159.743652,4163.077147999999,4177.307617,4184.358886999999,4180.384765999999,4193.333496,4196.666504
4197.436035,4190.641113000001,4188.205078,4172.820313,4189.615234000001,4195.641113000001,4197.820313,4143.974121,4160.641113000001,4177.436035,4191.153809,4187.692383,4199.358886999999,4202.563965
4209.871582,4200.128418,4201.922852000001,4179.743652,4183.205078,4190.256348,4215.0,4182.820313,4187.307617,4198.717772999999,4211.282227000001,4202.179688,4221.410156,4216.666504
4209.230957,4198.461426,4205.256348,4180.769043,4175.769043,4192.179688,4235.641113000001,4206.025879,4189.743652,4199.871582,4212.179688,4200.384765999999,4224.487305,4221.282227000001
4208.461426,4203.717772999999,4201.666504,4183.717772999999,4188.077147999999,4198.333496,4213.461426,4183.589844,4175.0,4186.922852000001,4205.256348,4188.589844,4218.589844,4218.333496
4217.820313,4213.717772999999,4205.384765999999,4190.384765999999,4204.487305,4202.307617,4180.897461,4173.205078,4185.769043,4194.487305,4211.538574,4189.743652,4224.358886999999,4217.820313
4217.307617,4210.897461,4206.410156,4187.94873,4204.230957,4210.769043,4184.230957,4202.179688,4212.692383,4210.256348,4216.410156,4197.563965,4226.025879,4216.794922
4206.666504,4205.641113000001,4200.769043,4184.230957,4197.692383,4210.0,4201.794922,4225.0,4224.487305,4215.769043,4213.589844,4193.974121,4220.0,4211.025879
4196.922852000001,4199.871582,4189.487305,4178.077147999999,4195.0,4197.436035,4199.871582,4216.282227000001,4216.282227000001,4209.615234000001,4205.128418,4180.769043,4211.794922,4199.102539
4190.769043,4190.384765999999,4179.743652,4171.666504,4198.077147999999,4206.153809,4191.538574,4217.94873,4215.256348,4204.230957,4196.025879,4175.512695,4203.205078,4189.487305
4192.05127,4189.102539,4181.025879,4175.384765999999,4207.563965,4225.128418,4197.05127,4236.794922,4229.615234000001,4212.563965,4201.794922,4180.128418,4203.461426,4190.128418
4194.615234000001,4195.256348,4186.025879,4180.256348,4210.256348,4219.487305,4210.769043,4234.230957,4236.153809,4223.717772999999,4213.461426,4181.794922,4206.538574,4195.769043
4195.512695,4196.666504,4191.538574,4178.461426,4197.820313,4207.436035,4227.94873,4231.410156,4235.384765999999,4226.922852000001,4215.641113000001,4181.794922,4209.102539,4200.128418
4197.179688,4191.538574,4195.128418,4174.230957,4190.256348,4213.333496,4238.717772999999,4232.94873,4230.512695,4222.692383,4212.05127,4181.153809,4211.025879,4197.820313
4197.436035,4190.384765999999,4195.641113000001,4173.077147999999,4195.128418,4226.153809,4233.717772999999,4202.94873,4211.025879,4212.94873,4207.179688,4178.461426,4208.077147999999,4192.436035
4200.641113000001,4198.333496,4200.384765999999,4176.922852000001,4199.102539,4222.692383,4224.871582,4177.05127,4198.589844,4208.974121,4209.102539,4182.307617,4212.179688,4199.743652
4210.512695,4207.563965,4210.897461,4184.487305,4196.025879,4200.256348,4217.563965,4188.461426,4205.641113000001,4214.871582,4219.102539,4191.538574,4226.538574,4212.94873
4224.102539,4215.769043,4221.922852000001,4196.025879,4201.282227000001,4194.871582,4215.256348,4204.871582,4216.666504,4222.94873,4230.384765999999,4199.743652,4239.615234000001,4222.179688
4232.179688,4222.692383,4226.794922,4206.666504,4213.461426,4211.538574,4216.666504,4206.282227000001,4219.615234000001,4220.897461,4233.461426,4202.436035,4242.436035,4229.871582
4227.820313,4222.94873,4220.512695,4204.615234000001,4218.461426,4221.666504,4212.692383,4200.0,4210.384765999999,4206.410156,4223.205078,4197.692383,4231.153809,4225.641113000001
4221.153809,4219.615234000001,4214.487305,4198.717772999999,4224.102539,4222.307617,4204.230957,4207.436035,4213.333496,4204.230957,4217.94873,4191.410156,4227.94873,4216.025879
4217.05127,4213.333496,4212.563965,4199.230957,4221.794922,4218.589844,4200.769043,4225.0,4226.666504,4212.692383,4223.077147999999,4189.871582,4235.641113000001,4215.769043
4210.0,4206.794922,4206.410156,4196.153809,4211.025879,4217.436035,4202.94873,4234.871582,4229.615234000001,4212.436035,4221.922852000001,4189.615234000001,4231.538574,4215.128418
4201.666504,4203.461426,4197.820313,4189.487305,4210.384765999999,4222.307617,4205.128418,4239.230957,4231.922852000001,4212.563965,4215.128418,4185.0,4218.846191,4207.05127
4190.128418,4194.743652,4186.794922,4180.256348,4211.794922,4224.871582,4212.179688,4237.05127,4228.077147999999,4210.769043,4207.05127,4177.307617,4206.025879,4197.692383
4178.077147999999,4182.307617,4178.717772999999,4169.230957,4202.94873,4227.307617,4220.128418,4215.256348,4207.692383,4198.717772999999,4194.487305,4169.358886999999,4190.641113000001,4188.717772999999
4182.05127,4180.769043,4182.436035,4167.692383,4195.641113000001,4225.128418,4217.820313,4198.461426,4196.794922,4193.461426,4188.589844,4165.897461,4185.769043,4188.077147999999
4200.769043,4188.846191,4194.871582,4176.538574,4198.461426,4210.641113000001,4219.102539,4208.717772999999,4207.94873,4203.589844,4201.538574,4172.307617,4199.871582,4202.436035
4210.769043,4195.384765999999,4203.717772999999,4184.871582,4200.897461,4206.538574,4223.589844,4203.974121,4211.410156,4208.205078,4213.333496,4181.794922,4208.846191,4212.820313
4211.153809,4197.05127,4205.128418,4186.025879,4203.846191,4213.589844,4215.769043,4182.307617,4203.717772999999,4205.512695,4209.743652,4186.922852000001,4206.153809,4207.820313
4214.487305,4201.025879,4208.461426,4188.974121,4211.794922,4208.589844,4203.589844,4180.0,4204.615234000001,4210.0,4207.436035,4190.384765999999,4211.410156,4205.512695
4215.641113000001,4204.871582,4209.487305,4190.0,4208.846191,4199.358886999999,4195.256348,4189.230957,4208.846191,4211.538574,4210.128418,4191.922852000001,4219.487305,4212.179688
4215.384765999999,4206.410156,4208.974121,4190.641113000001,4201.538574,4202.820313,4195.384765999999,4201.025879,4213.717772999999,4211.025879,4214.358886999999,4192.05127,4224.358886999999,4218.461426
4211.922852000001,4203.333496,4207.563965,4192.820313,4209.615234000001,4210.769043,4197.563965,4203.589844,4212.05127,4213.205078,4215.512695,4188.717772999999,4226.922852000001,4219.358886999999
4199.487305,4196.153809,4199.358886999999,4183.461426,4212.692383,4205.256348,4185.256348,4191.153809,4201.410156,4207.94873,4208.717772999999,4179.743652,4220.512695,4211.410156
4196.153809,4197.94873,4195.641113000001,4176.922852000001,4206.410156,4197.692383,4183.077147999999,4200.384765999999,4205.128418,4208.717772999999,4208.461426,4177.692383,4212.436035,4206.922852000001
4202.179688,4199.102539,4198.974121,4180.512695,4206.410156,4202.820313,4204.230957,4237.179688,4221.922852000001,4217.563965,4211.282227000001,4183.205078,4207.436035,4206.538574
4204.102539,4193.461426,4201.538574,4182.179688,4207.179688,4210.897461,4212.179688,4248.205078,4226.282227000001,4215.128418,4208.077147999999,4180.384765999999,4202.05127,4201.922852000001
4203.077147999999,4189.743652,4200.512695,4181.025879,4201.410156,4215.256348,4215.512695,4222.05127,4211.153809,4201.666504,4204.358886999999,4176.025879,4196.922852000001,4198.077147999999
4195.384765999999,4179.487305,4192.179688,4175.256348,4195.512695,4215.641113000001,4237.436035,4211.153809,4192.436035,4188.461426,4195.769043,4176.025879,4189.487305,4193.077147999999
4187.820313,4174.358886999999,4184.743652,4170.512695,4202.05127,4213.717772999999,4234.743652,4213.333496,4190.384765999999,4182.820313,4189.230957,4174.102539,4183.974121,4188.846191
4192.692383,4185.897461,4188.974121,4174.230957,4209.871582,4211.538574,4201.538574,4189.102539,4196.025879,4186.153809,4197.820313,4172.820313,4188.717772999999,4195.769043
4202.436035,4195.512695,4198.205078,4182.179688,4208.077147999999,4213.589844,4200.384765999999,4175.641113000001,4201.666504,4196.794922,4209.102539,4179.230957,4204.487305,4209.615234000001
4208.205078,4197.307617,4201.410156,4187.307617,4210.641113000001,4215.128418,4221.153809,4195.384765999999,4210.897461,4206.666504,4212.307617,4185.256348,4219.358886999999,4214.871582
4213.846191,4203.589844,4203.717772999999,4190.641113000001,4217.692383,4208.717772999999,4204.871582,4191.794922,4211.153809,4208.717772999999,4215.256348,4180.769043,4218.589844,4215.512695
4214.358886999999,4208.717772999999,4205.512695,4192.436035,4214.615234000001,4206.666504,4182.307617,4170.0,4200.512695,4205.769043,4214.230957,4174.615234000001,4207.820313,4218.077147999999
4211.410156,4208.461426,4207.307617,4194.230957,4212.307617,4208.717772999999,4191.025879,4184.230957,4200.0,4206.794922,4210.641113000001,4178.205078,4207.563965,4218.077147999999
4211.794922,4206.538574,4210.512695,4194.871582,4216.794922,4201.153809,4199.615234000001,4209.102539,4209.871582,4215.384765999999,4215.769043,4185.897461,4215.128418,4218.461426
4212.307617,4202.94873,4214.487305,4193.461426,4210.897461,4193.589844,4196.153809,4219.358886999999,4218.077147999999,4220.512695,4225.384765999999,4186.538574,4216.410156,4218.333496
4209.615234000001,4197.692383,4214.487305,4191.666504,4202.436035,4195.256348,4195.897461,4230.769043,4220.897461,4213.333496,4223.717772999999,4183.589844,4211.282227000001,4212.179688
4204.230957,4188.846191,4206.282227000001,4189.487305,4205.641113000001,4203.846191,4206.410156,4227.05127,4210.897461,4201.794922,4208.333496,4180.384765999999,4201.153809,4201.410156
4203.333496,4184.102539,4201.282227000001,4188.205078,4210.384765999999,4205.897461,4215.641113000001,4220.897461,4207.436035,4203.717772999999,4201.538574,4179.230957,4196.538574,4196.410156
4206.025879,4187.307617,4202.94873,4188.846191,4205.769043,4201.025879,4213.974121,4226.025879,4215.897461,4208.846191,4210.0,4185.897461,4199.102539,4197.94873
4204.487305,4189.230957,4203.333496,4190.128418,4202.563965,4202.563965,4210.897461,4221.538574,4212.692383,4207.05127,4212.436035,4189.230957,4200.769043,4200.384765999999
4203.333496,4189.743652,4202.692383,4191.666504,4208.589844,4207.307617,4210.0,4207.563965,4203.589844,4207.820313,4208.461426,4184.743652,4205.897461,4202.692383
4205.897461,4190.256348,4202.563965,4195.384765999999,4218.205078,4219.615234000001,4209.102539,4191.282227000001,4196.410156,4204.871582,4207.563965,4182.05127,4208.205078,4201.282227000001
4203.974121,4188.974121,4197.179688,4194.743652,4226.922852000001,4237.436035,4216.922852000001,4181.666504,4187.179688,4191.794922,4202.05127,4180.641113000001,4198.589844,4198.333496
4200.641113000001,4187.692383,4192.179688,4192.563965,4228.717772999999,4231.794922,4221.410156,4185.128418,4190.128418,4187.94873,4198.077147999999,4180.0,4195.512695,4201.922852000001
4209.487305,4198.589844,4201.794922,4202.307617,4228.205078,4211.794922,4201.538574,4187.436035,4210.128418,4207.563965,4215.641113000001,4187.436035,4215.897461,4214.358886999999
4220.897461,4213.846191,4213.333496,4213.461426,4229.358886999999,4211.922852000001,4189.487305,4178.974121,4216.794922,4227.05127,4232.692383,4197.94873,4233.846191,4223.974121
4220.512695,4212.05127,4213.333496,4211.153809,4227.94873,4217.436035,4205.0,4197.179688,4220.897461,4226.282227000001,4223.974121,4197.563965,4226.538574,4220.384765999999
4212.179688,4199.358886999999,4210.769043,4204.358886999999,4225.512695,4204.615234000001,4203.717772999999,4235.0,4234.743652,4221.666504,4213.846191,4192.692383,4213.205078,4212.436035
4209.871582,4196.538574,4212.05127,4203.846191,4219.743652,4184.871582,4185.897461,4237.307617,4230.0,4226.282227000001,4220.769043,4190.384765999999,4212.692383,4210.641113000001
4220.0,4206.794922,4216.666504,4210.897461,4217.820313,4177.307617,4196.922852000001,4225.897461,4223.717772999999,4234.102539,4228.846191,4191.282227000001,4222.05127,4215.897461
4223.077147999999,4206.922852000001,4217.94873,4214.743652,4219.358886999999,4187.307617,4211.922852000001,4222.05127,4227.179688,4225.769043,4222.179688,4191.666504,4222.179688,4216.153809
4213.846191,4191.153809,4210.641113000001,4203.846191,4213.461426,4194.102539,4200.128418,4213.461426,4217.05127,4206.538574,4209.230957,4190.384765999999,4212.436035,4206.410156
4210.0,4183.589844,4202.692383,4192.563965,4205.256348,4191.282227000001,4196.025879,4207.05127,4202.436035,4198.846191,4202.94873,4186.282227000001,4207.820313,4200.641113000001
4205.0,4181.282227000001,4194.230957,4187.820313,4202.307617,4195.128418,4200.128418,4198.077147999999,4194.743652,4190.641113000001,4193.333496,4174.358886999999,4197.05127,4197.820313
4195.512695,4176.538574,4185.384765999999,4183.461426,4206.666504,4199.871582,4196.922852000001,4182.692383,4189.358886999999,4180.256348,4184.230957,4167.307617,4185.512695,4193.717772999999
4192.563965,4174.871582,4184.230957,4181.794922,4212.179688,4198.333496,4202.563965,4174.487305,4189.615234000001,4185.384765999999,4187.563965,4170.256348,4189.358886999999,4192.94873
4189.102539,4172.179688,4184.871582,4182.563965,4212.436035,4202.436035,4204.230957,4173.461426,4190.384765999999,4194.102539,4191.410156,4172.05127,4194.358886999999,4191.922852000001
4187.820313,4177.05127,4187.05127,4190.641113000001,4215.897461,4212.94873,4195.0,4183.333496,4199.230957,4205.512695,4200.641113000001,4175.641113000001,4205.256348,4196.025879
4194.487305,4189.871582,4192.307617,4197.692383,4225.897461,4208.974121,4192.436035,4201.410156,4219.487305,4219.102539,4212.436035,4182.820313,4223.205078,4203.333496
4199.487305,4190.641113000001,4195.0,4195.512695,4227.820313,4194.871582,4196.153809,4207.179688,4226.538574,4221.666504,4207.692383,4183.333496,4223.846191,4200.641113000001
4204.487305,4182.94873,4203.077147999999,4197.94873,4222.692383,4196.282227000001,4203.461426,4211.025879,4229.230957,4222.436035,4202.307617,4180.641113000001,4214.102539,4196.794922
4211.922852000001,4181.153809,4211.410156,4201.282227000001,4221.282227000001,4203.205078,4206.794922,4222.436035,4234.230957,4223.461426,4204.358886999999,4182.436035,4210.641113000001,4201.538574
4210.384765999999,4180.512695,4206.153809,4193.461426,4219.230957,4201.666504,4202.820313,4229.615234000001,4225.897461,4212.94873,4198.077147999999,4182.179688,4203.333496,4203.974121
4202.563965,4172.820313,4196.025879,4184.230957,4214.743652,4196.025879,4198.205078,4224.102539,4214.743652,4201.922852000001,4186.025879,4179.871582,4190.897461,4198.461426
4201.410156,4170.641113000001,4193.589844,4187.179688,4214.487305,4190.897461,4196.025879,4207.179688,4212.307617,4202.94873,4180.384765999999,4177.563965,4188.461426,4194.615234000001
4204.871582,4177.94873,4195.384765999999,4194.102539,4211.922852000001,4192.05127,4196.922852000001,4195.0,4211.538574,4206.922852000001,4180.641113000001,4176.025879,4194.615234000001,4198.589844
4198.333496,4172.820313,4186.666504,4185.256348,4199.743652,4199.871582,4200.512695,4186.538574,4197.692383,4194.743652,4175.0,4169.743652,4187.179688,4199.743652
4188.717772999999,4157.179688,4175.384765999999,4173.205078,4197.179688,4209.102539,4206.922852000001,4181.153809,4179.358886999999,4173.974121,4164.871582,4159.487305,4173.205078,4193.846191
4190.769043,4159.615234000001,4176.282227000001,4178.974121,4202.692383,4207.179688,4206.794922,4185.512695,4180.128418,4174.743652,4167.563965,4159.615234000001,4177.692383,4196.666504
4199.102539,4175.384765999999,4182.820313,4190.641113000001,4202.94873,4201.922852000001,4194.615234000001,4177.179688,4191.153809,4194.871582,4181.794922,4168.846191,4193.974121,4209.615234000001
4203.461426,4180.512695,4181.922852000001,4191.666504,4212.05127,4209.358886999999,4190.641113000001,4159.487305,4191.666504,4204.230957,4188.717772999999,4169.615234000001,4199.230957,4216.153809
4203.974121,4177.179688,4178.205078,4187.563965,4218.205078,4218.077147999999,4202.94873,4175.384765999999,4196.666504,4203.077147999999,4185.769043,4164.358886999999,4194.743652,4214.230957
4206.794922,4179.230957,4185.128418,4190.0,4213.461426,4219.358886999999,4210.0,4214.358886999999,4222.692383,4215.128418,4191.410156,4171.922852000001,4201.410156,4219.615234000001
4212.307617,4185.384765999999,4195.128418,4193.974121,4221.794922,4213.974121,4203.717772999999,4231.922852000001,4243.589844,4230.769043,4202.179688,4181.538574,4212.692383,4226.538574
4220.384765999999,4189.487305,4202.307617,4196.153809,4229.487305,4203.333496,4200.0,4232.563965,4245.641113000001,4232.436035,4207.05127,4184.743652,4214.230957,4228.461426
4227.05127,4190.0,4208.333496,4200.897461,4215.897461,4201.410156,4201.922852000001,4233.589844,4243.974121,4231.538574,4212.820313,4190.641113000001,4212.692383,4232.436035
4228.205078,4185.0,4209.615234000001,4203.717772999999,4208.461426,4210.0,4201.153809,4235.128418,4240.0,4233.461426,4217.436035,4195.384765999999,4212.692383,4236.025879
4227.436035,4178.205078,4207.94873,4199.743652,4212.94873,4205.641113000001,4203.717772999999,4237.307617,4236.282227000001,4230.769043,4217.436035,4194.102539,4212.436035,4235.897461
4221.666504,4172.436035,4203.205078,4190.0,4204.743652,4191.153809,4211.794922,4225.512695,4225.512695,4222.436035,4213.717772999999,4188.717772999999,4206.025879,4229.358886999999
4210.256348,4161.538574,4191.153809,4179.102539,4191.153809,4192.179688,4220.769043,4200.256348,4201.025879,4207.05127,4202.692383,4177.179688,4189.487305,4216.794922
4208.717772999999,4156.410156,4183.205078,4178.974121,4194.358886999999,4207.563965,4224.487305,4194.102539,4194.871582,4201.538574,4196.282227000001,4171.666504,4179.230957,4212.436035
4209.358886999999,4161.153809,4180.897461,4182.563965,4203.717772999999,4215.641113000001,4215.512695,4187.820313,4205.897461,4204.743652,4198.846191,4175.641113000001,4181.410156,4212.692383
4195.128418,4163.461426,4168.974121,4175.641113000001,4201.410156,4213.846191,4208.589844,4168.846191,4200.128418,4194.615234000001,4192.436035,4167.820313,4176.410156,4201.025879
4185.641113000001,4159.102539,4160.769043,4172.05127,4196.666504,4209.358886999999,4211.922852000001,4181.153809,4195.0,4185.0,4181.538574,4156.153809,4167.05127,4191.922852000001
4187.820313,4156.922852000001,4166.666504,4177.692383,4201.666504,4203.589844,4201.922852000001,4201.282227000001,4204.358886999999,4189.487305,4185.641113000001,4160.641113000001,4167.563965,4198.589844
4195.384765999999,4167.692383,4177.692383,4185.769043,4208.589844,4202.820313,4187.307617,4206.794922,4218.461426,4206.410156,4203.717772999999,4174.358886999999,4180.0,4210.0
4205.769043,4177.563965,4187.820313,4192.307617,4203.333496,4202.307617,4190.897461,4219.487305,4230.128418,4220.256348,4215.512695,4183.846191,4191.025879,4216.538574
4215.641113000001,4181.410156,4194.487305,4198.974121,4202.179688,4197.179688,4195.641113000001,4225.0,4230.256348,4217.179688,4212.307617,4186.794922,4190.769043,4217.05127
4226.922852000001,4190.256348,4202.436035,4207.436035,4221.153809,4200.384765999999,4193.333496,4211.794922,4221.794922,4213.461426,4212.436035,4188.974121,4193.846191,4218.717772999999
4233.974121,4191.025879,4207.436035,4209.871582,4230.256348,4206.794922,4196.410156,4207.436035,4216.538574,4213.974121,4218.461426,4190.769043,4199.615234000001,4221.538574
4233.205078,4181.922852000001,4208.974121,4205.897461,4213.077147999999,4204.871582,4208.205078,4214.743652,4213.333496,4208.717772999999,4217.05127,4191.538574,4199.102539,4222.820313
4230.897461,4180.128418,4209.615234000001,4203.717772999999,4195.256348,4200.128418,4213.974121,4204.358886999999,4203.461426,4200.384765999999,4213.333496,4190.641113000001,4193.974121,4225.641113000001
4234.487305,4184.487305,4207.563965,4205.128418,4197.94873,4193.461426,4208.589844,4186.922852000001,4195.641113000001,4199.615234000001,4215.769043,4192.307617,4191.025879,4229.487305
4237.692383,4186.666504,4205.512695,4207.692383,4211.538574,4192.05127,4206.922852000001,4177.05127,4194.102539,4200.384765999999,4217.179688,4192.563965,4192.05127,4230.256348
4232.307617,4186.282227000001,4203.717772999999,4210.384765999999,4209.615234000001,4197.307617,4212.05127,4173.717772999999,4191.025879,4192.820313,4210.512695,4185.641113000001,4190.0,4225.384765999999
4218.589844,4180.769043,4195.256348,4206.025879,4194.871582,4200.769043,4212.179688,4176.666504,4189.615234000001,4181.794922,4201.666504,4178.077147999999,4183.589844,4217.307617
4208.461426,4172.94873,4183.974121,4194.743652,4194.487305,4199.871582,4203.077147999999,4184.230957,4195.128418,4179.358886999999,4194.743652,4172.820313,4176.410156,4213.333496
4211.922852000001,4172.307617,4185.384765999999,4190.384765999999,4202.436035,4192.692383,4200.128418,4198.717772999999,4207.820313,4188.589844,4194.230957,4174.102539,4174.615234000001,4217.05127
4219.102539,4178.461426,4196.410156,4197.307617,4202.179688,4190.512695,4219.743652,4227.563965,4228.846191,4202.436035,4204.871582,4180.641113000001,4181.025879,4225.641113000001
4222.05127,4184.102539,4197.436035,4202.05127,4201.282227000001,4197.563965,4228.205078,4249.743652,4241.025879,4211.282227000001,4213.077147999999,4185.641113000001,4190.769043,4231.025879
4225.128418,4186.153809,4195.384765999999,4200.256348,4207.307617,4204.102539,4204.358886999999,4224.615234000001,4225.641113000001,4206.025879,4205.769043,4185.641113000001,4190.0,4229.230957
4226.410156,4184.358886999999,4200.128418,4201.282227000001,4210.641113000001,4204.230957,4200.512695,4189.487305,4206.538574,4193.589844,4192.820313,4179.615234000001,4175.641113000001,4221.922852000001
4220.256348,4179.871582,4197.820313,4199.102539,4207.436035,4199.743652,4215.256348,4188.205078,4196.025879,4181.666504,4182.94873,4173.589844,4158.974121,4214.871582
4223.461426,4183.205078,4195.384765999999,4200.128418,4213.333496,4197.436035,4199.487305,4191.922852000001,4190.769043,4179.358886999999,4186.025879,4177.436035,4159.871582,4220.512695
4240.512695,4195.769043,4207.05127,4210.641113000001,4217.563965,4198.461426,4182.05127,4189.615234000001,4201.922852000001,4193.461426,4202.820313,4187.563965,4179.487305,4233.589844
4248.333496,4198.205078,4219.230957,4216.153809,4208.589844,4196.153809,4198.205078,4204.102539,4220.384765999999,4210.512695,4218.333496,4196.153809,4194.615234000001,4242.05127
4238.974121,4187.94873,4216.922852000001,4209.871582,4206.922852000001,4197.563965,4214.871582,4205.384765999999,4212.692383,4210.512695,4219.615234000001,4200.0,4192.692383,4243.461426
4226.538574,4174.743652,4202.94873,4196.410156,4204.230957,4201.922852000001,4210.512695,4173.717772999999,4184.615234000001,4191.666504,4207.179688,4193.333496,4177.563965,4233.589844
4221.922852000001,4167.94873,4196.666504,4191.410156,4188.077147999999,4186.282227000001,4208.333496,4168.974121,4185.0,4183.461426,4203.077147999999,4190.769043,4170.641113000001,4223.717772999999
4219.102539,4168.974121,4202.563965,4193.974121,4183.589844,4165.0,4214.230957,4198.717772999999,4213.974121,4195.128418,4210.384765999999,4199.230957,4174.871582,4223.846191
4216.153809,4171.666504,4202.692383,4195.384765999999,4194.743652,4172.05127,4217.307617,4209.487305,4230.897461,4204.487305,4210.769043,4198.077147999999,4174.487305,4224.615234000001
4209.743652,4170.897461,4192.436035,4193.205078,4194.487305,4192.05127,4213.461426,4199.743652,4228.333496,4200.128418,4202.94873,4185.256348,4164.871582,4215.128418
4194.743652,4163.461426,4184.102539,4186.025879,4187.307617,4194.230957,4211.153809,4206.794922,4222.05127,4190.0,4193.589844,4179.743652,4149.871582,4205.0
4190.0,4164.358886999999,4183.461426,4186.666504,4198.974121,4193.333496,4211.410156,4217.563965,4221.410156,4190.0,4191.410156,4181.794922,4148.974121,4204.615234000001
4199.743652,4177.307617,4183.589844,4196.282227000001,4211.666504,4202.179688,4198.589844,4207.436035,4222.436035,4196.282227000001,4192.436035,4180.128418,4161.282227000001,4204.615234000001
4203.846191,4183.205078,4186.666504,4197.94873,4205.384765999999,4203.846191,4191.666504,4203.974121,4223.205078,4198.333496,4192.692383,4179.230957,4166.025879,4205.897461
4203.846191,4183.846191,4195.384765999999,4194.871582,4200.769043,4207.94873,4202.179688,4210.384765999999,4216.794922,4198.077147999999,4199.358886999999,4185.0,4165.897461,4214.615234000001
4207.692383,4184.358886999999,4198.333496,4200.384765999999,4212.307617,4211.153809,4192.563965,4193.589844,4200.641113000001,4194.487305,4206.153809,4191.666504,4167.179688,4219.743652
4215.641113000001,4187.563965,4201.153809,4206.666504,4218.205078,4195.769043,4174.743652,4175.769043,4196.538574,4193.974121,4211.666504,4198.974121,4171.538574,4225.897461
4225.128418,4193.974121,4216.153809,4209.230957,4204.487305,4180.512695,4192.307617,4187.436035,4206.922852000001,4201.922852000001,4222.436035,4204.615234000001,4176.794922,4242.563965
4230.128418,4190.641113000001,4224.230957,4208.974121,4188.589844,4180.769043,4208.461426,4191.410156,4202.563965,4200.128418,4225.641113000001,4203.077147999999,4170.512695,4247.692383
4224.230957,4178.974121,4213.589844,4200.512695,4186.666504,4178.846191,4193.846191,4175.0,4188.205078,4183.846191,4212.820313,4197.436035,4154.487305,4234.230957
4211.538574,4170.256348,4202.307617,4189.102539,4183.974121,4168.333496,4191.794922,4175.0,4188.846191,4173.974121,4198.333496,4190.256348,4145.769043,4222.692383
4205.641113000001,4170.769043,4198.333496,4188.846191,4178.974121,4174.230957,4203.974121,4193.333496,4201.282227000001,4178.717772999999,4194.487305,4183.333496,4145.256348,4217.436035
4206.025879,4172.179688,4193.974121,4194.230957,4186.538574,4190.128418,4201.410156,4210.128418,4216.666504,4188.461426,4198.205078,4181.153809,4147.05127,4214.615234000001
4201.922852000001,4168.205078,4188.333496,4190.256348,4189.358886999999,4191.282227000001,4195.641113000001,4222.179688,4227.820313,4196.025879,4203.846191,4182.692383,4151.153809,4214.871582
4200.0,4171.666504,4187.05127,4190.384765999999,4189.102539,4190.0,4196.153809,4229.358886999999,4231.922852000001,4204.102539,4206.794922,4185.641113000001,4157.05127,4216.153809
4199.230957,4176.282227000001,4182.94873,4192.820313,4198.974121,4197.05127,4191.666504,4204.358886999999,4219.615234000001,4201.025879,4201.538574,4180.128418,4153.205078,4209.358886999999
4190.641113000001,4170.641113000001,4174.743652,4185.128418,4199.230957,4199.871582,4187.307617,4167.179688,4197.563965,4184.358886999999,4190.897461,4169.358886999999,4141.794922,4199.487305
4189.871582,4170.256348,4178.589844,4183.974121,4195.0,4195.256348,4193.205078,4180.641113000001,4199.102539,4182.436035,4191.025879,4172.436035,4146.282227000001,4203.461426
4201.538574,4180.897461,4190.256348,4194.743652,4199.615234000001,4192.820313,4196.922852000001,4203.717772999999,4204.487305,4188.077147999999,4195.769043,4186.410156,4154.102539,4214.743652
4211.282227000001,4188.717772999999,4201.025879,4204.358886999999,4206.025879,4195.641113000001,4192.692383,4174.615234000001,4184.487305,4181.922852000001,4193.846191,4192.94873,4145.128418,4219.743652
4223.974121,4196.282227000001,4214.615234000001,4210.897461,4207.05127,4195.384765999999,4184.102539,4153.205078,4176.025879,4184.102539,4201.794922,4198.846191,4148.717772999999,4229.230957
4238.846191,4208.461426,4226.666504,4218.077147999999,4201.922852000001,4182.820313,4179.230957,4179.102539,4193.846191,4201.025879,4220.512695,4211.794922,4176.282227000001,4247.563965
4243.205078,4216.282227000001,4234.615234000001,4225.769043,4198.846191,4168.077147999999,4188.461426,4198.589844,4202.436035,4210.769043,4234.615234000001,4220.384765999999,4194.743652,4261.153809
4237.05127,4210.897461,4233.333496,4225.256348,4198.846191,4165.128418,4197.05127,4190.384765999999,4192.05127,4201.410156,4234.615234000001,4219.230957,4187.692383,4260.256348
4225.769043,4195.0,4216.410156,4210.897461,4193.974121,4169.230957,4196.282227000001,4193.205078,4187.179688,4184.230957,4220.0,4208.461426,4168.974121,4245.128418
4216.794922,4188.205078,4203.461426,4202.563965,4189.102539,4169.487305,4196.794922,4212.692383,4202.05127,4186.410156,4210.0,4199.871582,4162.307617,4232.820313
4213.077147999999,4190.512695,4202.94873,4204.487305,4188.846191,4169.871582,4198.846191,4215.897461,4221.025879,4206.025879,4214.743652,4202.05127,4174.230957,4232.179688
4210.256348,4187.179688,4198.077147999999,4198.974121,4183.333496,4180.0,4202.563965,4211.794922,4226.410156,4214.871582,4217.179688,4201.025879,4181.410156,4231.153809
4203.846191,4179.615234000001,4189.230957,4189.743652,4180.769043,4190.128418,4207.307617,4210.512695,4218.589844,4205.0,4205.384765999999,4190.512695,4170.641113000001,4222.94873
4196.153809,4173.589844,4184.871582,4188.846191,4193.077147999999,4198.205078,4203.333496,4198.461426,4207.436035,4192.307617,4193.589844,4181.794922,4158.717772999999,4212.307617
4193.589844,4180.0,4183.717772999999,4194.230957,4201.282227000001,4197.436035,4187.563965,4193.205078,4205.512695,4195.897461,4195.0,4183.333496,4161.794922,4212.307617
4198.205078,4199.743652,4188.846191,4201.282227000001,4194.743652,4180.128418,4176.153809,4200.384765999999,4208.717772999999,4208.077147999999,4204.743652,4188.589844,4173.077147999999,4223.846191
4205.384765999999,4212.179688,4198.589844,4206.282227000001,4194.358886999999,4177.179688,4178.846191,4188.589844,4202.307617,4206.282227000001,4211.153809,4191.666504,4178.333496,4231.922852000001
4216.282227000001,4214.871582,4208.205078,4211.666504,4203.846191,4192.436035,4173.333496,4163.077147999999,4191.410156,4198.717772999999,4213.205078,4199.358886999999,4179.358886999999,4236.666504
4228.589844,4223.589844,4218.846191,4224.487305,4208.461426,4189.487305,4156.282227000001,4161.922852000001,4193.589844,4206.153809,4221.025879,4211.794922,4188.205078,4247.692383
4229.871582,4229.487305,4225.641113000001,4231.922852000001,4206.410156,4173.846191,4153.717772999999,4167.94873,4196.794922,4212.692383,4228.205078,4216.282227000001,4195.128418,4253.846191
4220.256348,4214.871582,4218.717772999999,4217.05127,4199.230957,4171.666504,4169.615234000001,4160.128418,4182.179688,4197.179688,4216.282227000001,4210.641113000001,4178.461426,4240.641113000001
4209.487305,4197.563965,4207.692383,4200.512695,4192.05127,4182.05127,4191.538574,4171.025879,4173.333496,4181.538574,4194.230957,4203.077147999999,4155.897461,4226.410156
4198.461426,4192.05127,4200.769043,4197.692383,4196.025879,4190.128418,4203.205078,4194.615234000001,4184.102539,4180.897461,4184.743652,4193.461426,4150.897461,4221.282227000001
4191.282227000001,4187.692383,4194.871582,4198.205078,4203.589844,4186.922852000001,4203.205078,4212.94873,4204.487305,4190.0,4185.769043,4188.205078,4154.358886999999,4216.282227000001
4188.974121,4185.512695,4189.230957,4194.743652,4198.077147999999,4180.641113000001,4209.102539,4231.794922,4218.717772999999,4200.256348,4183.333496,4187.307617,4153.974121,4211.538574
4179.230957,4180.256348,4177.820313,4185.128418,4186.922852000001,4190.384765999999,4215.384765999999,4231.922852000001,4212.436035,4196.538574,4171.153809,4176.922852000001,4144.230957,4205.256348
4168.461426,4173.333496,4167.94873,4177.563965,4190.128418,4205.769043,4204.487305,4204.230957,4201.025879,4186.410156,4161.666504,4166.282227000001,4139.230957,4201.410156
4172.307617,4171.153809,4173.205078,4179.487305,4189.230957,4198.974121,4195.769043,4199.871582,4209.230957,4190.128418,4166.153809,4172.179688,4149.487305,4205.256348
4184.743652,4174.615234000001,4186.538574,4186.153809,4176.666504,4186.666504,4198.205078,4219.230957,4215.256348,4199.743652,4174.615234000001,4182.179688,4156.922852000001,4212.563965
4197.563965,4185.641113000001,4195.897461,4198.717772999999,4180.256348,4194.230957,4193.717772999999,4199.743652,4196.794922,4198.589844,4179.615234000001,4186.922852000001,4156.794922,4223.333496
4207.94873,4193.846191,4203.333496,4209.102539,4192.94873,4204.743652,4187.179688,4167.692383,4181.794922,4195.512695,4184.230957,4188.333496,4162.179688,4235.384765999999
4215.0,4199.102539,4214.615234000001,4213.333496,4196.922852000001,4206.153809,4185.769043,4174.358886999999,4189.358886999999,4204.102539,4193.205078,4192.436035,4175.897461,4244.615234000001
4220.0,4204.871582,4219.102539,4218.461426,4197.820313,4207.436035,4184.743652,4178.717772999999,4188.205078,4209.487305,4200.512695,4195.256348,4180.769043,4248.077147999999
4222.307617,4208.333496,4216.153809,4220.128418,4199.743652,4202.94873,4182.307617,4166.666504,4176.538574,4198.974121,4198.461426,4190.897461,4170.641113000001,4248.077147999999
4224.871582,4211.794922,4220.897461,4220.128418,4198.077147999999,4195.0,4184.102539,4185.641113000001,4187.436035,4198.205078,4202.307617,4192.05127,4172.94873,4253.077147999999
4222.94873,4208.461426,4223.589844,4219.871582,4193.461426,4194.615234000001,4184.743652,4209.743652,4201.282227000001,4208.846191,4209.358886999999,4197.820313,4181.410156,4256.922852000001
4210.512695,4194.487305,4212.563965,4208.461426,4191.922852000001,4195.128418,4192.820313,4201.153809,4196.666504,4203.974121,4202.94873,4192.307617,4168.205078,4245.512695
4196.282227000001,4181.922852000001,4198.974121,4194.871582,4192.05127,4198.461426,4212.94873,4208.589844,4201.153809,4193.333496,4191.282227000001,4178.461426,4148.333496,4227.820313
4187.94873,4174.487305,4186.666504,4190.384765999999,4182.307617,4206.282227000001,4223.205078,4238.077147999999,4212.94873,4195.0,4185.256348,4169.487305,4138.846191,4217.563965
4182.820313,4169.743652,4181.025879,4188.974121,4170.384765999999,4207.436035,4226.538574,4244.230957,4219.102539,4206.025879,4187.820313,4169.230957,4136.666504,4213.461426
4177.179688,4169.487305,4184.615234000001,4185.128418,4168.333496,4200.384765999999,4231.282227000001,4232.563965,4221.538574,4211.538574,4193.333496,4172.436035,4139.358886999999,4212.179688
4176.666504,4168.205078,4181.922852000001,4181.922852000001,4169.487305,4201.538574,4225.512695,4221.922852000001,4212.307617,4201.153809,4190.512695,4171.282227000001,4138.461426,4214.230957
4185.128418,4172.307617,4179.230957,4185.512695,4179.487305,4211.025879,4209.743652,4210.128418,4196.282227000001,4192.692383,4187.179688,4168.717772999999,4136.666504,4218.077147999999
4198.205078,4190.512695,4193.333496,4196.922852000001,4190.128418,4206.922852000001,4203.077147999999,4212.05127,4197.436035,4199.230957,4197.05127,4179.615234000001,4147.692383,4224.358886999999
4211.410156,4207.820313,4211.282227000001,4207.820313,4188.589844,4199.871582,4213.846191,4227.436035,4208.589844,4209.102539,4210.512695,4193.589844,4161.282227000001,4233.077147999999
4218.333496,4213.846191,4217.05127,4212.179688,4190.641113000001,4204.230957,4216.410156,4222.692383,4209.615234000001,4214.487305,4217.820313,4194.743652,4163.846191,4241.666504
4224.615234000001,4218.205078,4221.153809,4217.179688,4201.538574,4202.94873,4200.769043,4215.897461,4209.358886999999,4217.563965,4224.358886999999,4200.512695,4165.256348,4253.077147999999
4237.179688,4226.922852000001,4230.512695,4226.538574,4205.128418,4191.025879,4192.94873,4225.256348,4211.282227000001,4219.871582,4231.282227000001,4213.974121,4172.563965,4265.0
4242.692383,4233.077147999999,4233.333496,4228.974121,4200.769043,4183.461426,4195.256348,4211.794922,4203.717772999999,4220.0,4233.974121,4211.025879,4181.410156,4267.563965
4234.358886999999,4232.94873,4227.05127,4224.102539,4203.589844,4186.666504,4193.717772999999,4192.436035,4192.307617,4217.436035,4232.179688,4200.128418,4185.769043,4261.282227000001
4226.922852000001,4227.307617,4221.922852000001,4221.025879,4205.769043,4192.820313,4197.307617,4206.153809,4190.0,4214.102539,4227.436035,4199.230957,4179.615234000001,4256.282227000001
4221.794922,4215.641113000001,4216.922852000001,4215.897461,4193.717772999999,4190.384765999999,4200.769043,4211.025879,4187.692383,4207.179688,4218.589844,4195.0,4163.717772999999,4251.025879
4213.333496,4207.179688,4209.743652,4207.692383,4181.666504,4189.358886999999,4195.769043,4198.974121,4185.897461,4201.538574,4212.436035,4186.922852000001,4156.538574,4244.871582
4204.487305,4201.538574,4202.179688,4197.563965,4180.512695,4198.077147999999,4194.615234000001,4201.666504,4185.256348,4196.666504,4205.769043,4183.717772999999,4153.717772999999,4239.102539
4199.615234000001,4195.512695,4197.307617,4191.794922,4185.769043,4200.897461,4197.307617,4197.692383,4176.410156,4188.846191,4196.538574,4177.563965,4143.974121,4229.487305
4199.230957,4195.641113000001,4195.641113000001,4194.102539,4191.410156,4198.333496,4198.974121,4192.94873,4174.615234000001,4183.461426,4193.333496,4168.589844,4138.205078,4223.205078
4195.256348,4195.641113000001,4191.025879,4191.282227000001,4188.846191,4199.230957,4204.102539,4211.666504,4182.563965,4179.615234000001,4191.153809,4168.846191,4136.410156,4220.897461
4198.333496,4199.102539,4194.743652,4191.666504,4182.820313,4200.641113000001,4205.128418,4218.589844,4189.230957,4185.256348,4195.897461,4180.256348,4140.256348,4224.230957
4210.256348,4211.794922,4205.769043,4202.820313,4184.358886999999,4199.487305,4196.666504,4203.205078,4191.538574,4195.512695,4205.769043,4189.615234000001,4146.922852000001,4233.974121
4210.641113000001,4220.384765999999,4203.589844,4206.282227000001,4191.410156,4193.205078,4190.512695,4198.846191,4189.102539,4192.307617,4201.794922,4185.128418,4145.769043,4237.436035
4210.512695,4224.615234000001,4203.974121,4208.333496,4197.692383,4192.692383,4193.589844,4217.307617,4191.666504,4192.436035,4201.153809,4186.922852000001,4150.897461,4237.436035
4222.05127,4231.922852000001,4218.077147999999,4219.871582,4199.487305,4200.769043,4200.0,4228.461426,4193.589844,4201.410156,4212.436035,4198.077147999999,4164.230957,4244.102539
4224.230957,4233.846191,4223.461426,4225.128418,4197.563965,4203.461426,4212.563965,4215.128418,4182.94873,4200.0,4212.94873,4197.692383,4167.05127,4248.589844
4211.666504,4225.384765999999,4215.512695,4215.769043,4192.05127,4193.717772999999,4215.897461,4197.563965,4168.717772999999,4190.128418,4201.794922,4189.230957,4157.94873,4239.743652
4205.769043,4217.94873,4208.205078,4205.384765999999,4184.487305,4186.922852000001,4202.94873,4197.94873,4167.820313,4186.410156,4197.179688,4186.410156,4152.692383,4228.461426
4207.820313,4217.820313,4203.333496,4204.615234000001,4184.102539,4199.487305,4206.922852000001,4214.487305,4181.538574,4192.820313,4203.205078,4185.512695,4156.666504,4230.512695
4208.333496,4215.641113000001,4200.769043,4206.794922,4193.077147999999,4209.230957,4217.179688,4215.512695,4190.897461,4203.974121,4211.025879,4183.589844,4164.743652,4238.077147999999
4205.769043,4210.641113000001,4201.794922,4201.922852000001,4200.128418,4205.769043,4208.974121,4201.025879,4191.538574,4209.102539,4213.461426,4183.333496,4170.0,4236.922852000001
4201.025879,4211.666504,4201.410156,4196.922852000001,4200.384765999999,4209.615234000001,4206.410156,4206.025879,4195.384765999999,4208.461426,4211.025879,4182.307617,4167.436035,4232.307617
4199.487305,4215.0,4197.563965,4198.974121,4195.0,4217.94873,4219.230957,4227.94873,4204.615234000001,4212.94873,4208.717772999999,4181.153809,4164.102539,4229.358886999999
4198.205078,4212.820313,4193.717772999999,4198.461426,4192.179688,4218.461426,4219.358886999999,4233.077147999999,4208.205078,4216.666504,4209.615234000001,4182.820313,4167.179688,4226.538574
4195.769043,4207.563965,4191.410156,4192.820313,4196.025879,4213.846191,4206.410156,4215.769043,4200.0,4213.077147999999,4212.436035,4183.974121,4171.410156,4226.922852000001
4200.769043,4209.487305,4194.230957,4197.94873,4203.717772999999,4213.974121,4206.025879,4213.974121,4199.230957,4216.794922,4219.487305,4188.077147999999,4174.743652,4231.666504
4209.871582,4220.384765999999,4204.487305,4212.179688,4207.820313,4217.436035,4211.153809,4236.922852000001,4213.846191,4226.666504,4228.205078,4192.692383,4180.128418,4235.769043
4211.282227000001,4222.692383,4208.974121,4214.102539,4201.922852000001,4217.307617,4209.358886999999,4242.820313,4214.102539,4223.461426,4226.666504,4191.153809,4182.05127,4234.230957
4205.897461,4210.897461,4202.692383,4203.589844,4196.410156,4209.743652,4208.589844,4219.102539,4187.94873,4209.615234000001,4213.974121,4182.307617,4170.512695,4225.769043
4197.692383,4200.641113000001,4193.589844,4195.0,4195.641113000001,4200.256348,4212.436035,4195.769043,4167.820313,4196.410156,4204.230957,4174.615234000001,4155.897461,4213.333496
4194.358886999999,4204.871582,4194.487305,4195.128418,4193.589844,4200.384765999999,4217.05127,4195.384765999999,4169.871582,4193.974121,4206.666504,4173.717772999999,4155.512695,4209.230957
4198.461426,4210.897461,4198.077147999999,4196.922852000001,4192.436035,4205.256348,4223.589844,4207.436035,4179.615234000001,4200.769043,4210.512695,4174.358886999999,4159.743652,4210.897461
4196.666504,4205.384765999999,4191.922852000001,4192.179688,4191.025879,4204.358886999999,4222.179688,4215.769043,4186.282227000001,4198.846191,4205.641113000001,4174.230957,4151.922852000001,4208.589844
4190.256348,4202.563965,4189.102539,4189.615234000001,4195.0,4204.358886999999,4213.333496,4214.230957,4190.0,4194.358886999999,4205.128418,4176.794922,4147.563965,4207.692383
4190.128418,4207.563965,4191.410156,4191.538574,4200.256348,4204.230957,4216.538574,4216.794922,4196.025879,4200.128418,4211.410156,4181.410156,4156.666504,4206.410156
4190.256348,4206.282227000001,4188.846191,4190.0,4191.794922,4201.025879,4221.153809,4230.128418,4203.333496,4207.307617,4212.307617,4182.436035,4161.538574,4201.025879
4185.641113000001,4197.820313,4186.538574,4187.179688,4187.179688,4202.563965,4212.179688,4249.743652,4211.794922,4213.974121,4212.436035,4179.230957,4160.641113000001,4201.025879
4187.563965,4199.230957,4186.538574,4188.974121,4199.743652,4204.871582,4200.641113000001,4253.333496,4210.256348,4215.384765999999,4213.461426,4178.077147999999,4163.846191,4204.615234000001
4197.179688,4219.871582,4189.102539,4197.820313,4207.820313,4202.820313,4197.820313,4226.282227000001,4195.512695,4208.205078,4211.794922,4181.922852000001,4169.871582,4205.769043
4203.589844,4237.820313,4196.410156,4208.333496,4202.692383,4197.692383,4198.461426,4206.538574,4186.922852000001,4205.512695,4213.717772999999,4189.230957,4175.512695,4210.769043
4203.461426,4234.230957,4200.641113000001,4209.743652,4201.025879,4194.230957,4197.05127,4212.179688,4185.384765999999,4208.717772999999,4217.436035,4191.410156,4172.820313,4215.0
4206.282227000001,4229.230957,4200.769043,4209.358886999999,4208.846191,4198.333496,4196.282227000001,4207.692383,4179.230957,4205.0,4217.692383,4190.384765999999,4172.179688,4214.871582
4212.307617,4236.153809,4206.666504,4213.205078,4209.487305,4197.820313,4195.897461,4182.436035,4166.153809,4200.384765999999,4216.538574,4194.102539,4183.205078,4221.025879
4212.820313,4240.256348,4211.153809,4213.846191,4205.512695,4193.717772999999,4196.410156,4171.538574,4164.615234000001,4203.589844,4215.0,4196.922852000001,4186.410156,4227.820313
4204.743652,4232.05127,4205.897461,4207.563965,4206.794922,4196.538574,4197.94873,4183.205078,4174.102539,4200.256348,4208.717772999999,4191.025879,4170.0,4216.922852000001
4193.974121,4218.974121,4199.487305,4196.794922,4200.256348,4198.846191,4206.025879,4206.666504,4182.05127,4191.410156,4200.897461,4186.794922,4158.333496,4202.05127
4194.102539,4217.307617,4200.128418,4193.974121,4192.05127,4198.333496,4219.871582,4232.05127,4190.641113000001,4196.922852000001,4201.282227000001,4192.436035,4163.974121,4206.410156
4195.256348,4217.307617,4193.974121,4194.743652,4194.358886999999,4192.179688,4211.794922,4220.897461,4187.436035,4197.94873,4197.436035,4190.0,4156.410156,4205.384765999999
4188.589844,4210.256348,4181.025879,4190.769043,4194.871582,4186.922852000001,4191.282227000001,4206.666504,4182.307617,4187.436035,4188.461426,4178.717772999999,4145.256348,4190.512695
4188.589844,4209.615234000001,4179.230957,4191.538574,4193.846191,4198.077147999999,4193.589844,4227.307617,4192.05127,4193.846191,4194.102539,4178.461426,4159.487305,4191.025879
4187.94873,4212.05127,4180.384765999999,4192.820313,4197.820313,4207.307617,4201.922852000001,4235.256348,4196.282227000001,4204.871582,4199.615234000001,4179.358886999999,4171.153809,4195.128418
4183.846191,4211.666504,4177.94873,4191.666504,4203.333496,4202.436035,4201.794922,4226.153809,4190.641113000001,4202.307617,4194.230957,4172.436035,4168.077147999999,4187.94873
4190.641113000001,4218.589844,4184.230957,4197.820313,4203.589844,4200.0,4207.179688,4231.282227000001,4192.436035,4202.94873,4197.563965,4174.230957,4174.615234000001,4191.410156
4199.358886999999,4225.769043,4189.102539,4207.307617,4202.179688,4203.077147999999,4207.05127,4220.256348,4187.820313,4203.461426,4202.692383,4179.102539,4184.615234000001,4197.692383
4201.794922,4229.487305,4188.333496,4211.666504,4208.589844,4203.717772999999,4195.641113000001,4189.358886999999,4171.666504,4198.205078,4198.974121,4173.846191,4186.794922,4195.0
4203.333496,4233.717772999999,4190.384765999999,4211.282227000001,4212.307617,4199.358886999999,4188.077147999999,4180.897461,4164.102539,4194.102539,4195.128418,4172.436035,4183.461426,4197.94873
4204.102539,4237.05127,4196.666504,4214.230957,4208.974121,4193.846191,4193.077147999999,4194.358886999999,4168.589844,4195.512695,4199.102539,4181.282227000001,4181.153809,4207.05127
4209.358886999999,4240.512695,4208.205078,4223.077147999999,4211.922852000001,4190.769043,4198.461426,4210.769043,4185.769043,4209.871582,4212.179688,4190.641113000001,4194.487305,4216.025879
4212.692383,4236.410156,4210.384765999999,4220.384765999999,4213.205078,4185.897461,4191.153809,4221.153809,4194.743652,4217.436035,4216.922852000001,4192.436035,4202.94873,4216.410156
4205.897461,4229.230957,4201.538574,4209.358886999999,4208.461426,4184.230957,4182.563965,4223.461426,4187.692383,4207.692383,4209.743652,4186.282227000001,4193.717772999999,4208.974121
4204.615234000001,4233.717772999999,4202.436035,4209.743652,4206.666504,4193.974121,4196.153809,4227.94873,4191.666504,4205.897461,4210.897461,4182.563965,4194.102539,4211.794922
4207.692383,4235.384765999999,4203.461426,4211.922852000001,4204.102539,4203.205078,4227.436035,4232.820313,4198.717772999999,4207.563965,4210.384765999999,4181.538574,4195.769043,4214.743652
4195.128418,4218.461426,4186.410156,4201.153809,4199.871582,4199.871582,4233.461426,4226.410156,4186.153809,4194.615234000001,4189.743652,4168.974121,4177.692383,4195.384765999999
4179.743652,4206.153809,4172.05127,4190.897461,4204.230957,4194.102539,4212.307617,4220.641113000001,4178.077147999999,4186.538574,4176.025879,4153.846191,4166.922852000001,4177.179688
4180.0,4214.358886999999,4176.282227000001,4195.897461,4211.282227000001,4201.025879,4206.153809,4221.794922,4189.230957,4196.282227000001,4183.717772999999,4153.846191,4178.333496,4184.230957
4177.94873,4214.487305,4174.358886999999,4198.461426,4209.871582,4209.358886999999,4212.820313,4216.538574,4188.205078,4194.743652,4180.897461,4155.256348,4178.461426,4186.794922
4174.487305,4204.871582,4166.025879,4193.589844,4210.256348,4204.487305,4207.563965,4215.897461,4179.102539,4186.025879,4170.0,4149.358886999999,4171.538574,4178.077147999999
4186.025879,4210.641113000001,4173.333496,4201.025879,4213.846191,4201.282227000001,4205.256348,4224.871582,4186.794922,4195.0,4176.666504,4151.410156,4183.077147999999,4185.384765999999
4199.102539,4222.307617,4185.128418,4215.641113000001,4213.589844,4210.0,4211.538574,4218.717772999999,4188.205078,4200.769043,4185.256348,4163.333496,4194.871582,4200.256348
4207.820313,4228.461426,4190.384765999999,4221.538574,4218.461426,4208.589844,4201.538574,4204.102539,4183.077147999999,4198.974121,4185.256348,4172.692383,4201.410156,4208.333496
4211.282227000001,4226.794922,4190.256348,4216.922852000001,4217.94873,4191.666504,4187.05127,4207.179688,4192.94873,4204.871582,4187.179688,4171.666504,4204.102539,4212.05127
4208.077147999999,4218.077147999999,4186.410156,4209.102539,4205.0,4188.589844,4189.487305,4211.666504,4198.717772999999,4210.128418,4192.307617,4170.512695,4200.769043,4212.307617
4205.897461,4209.743652,4180.256348,4203.461426,4196.153809,4198.846191,4198.974121,4211.282227000001,4194.102539,4209.102539,4194.871582,4172.820313,4196.025879,4209.615234000001
4198.589844,4198.974121,4171.410156,4196.153809,4196.666504,4196.538574,4206.538574,4221.922852000001,4196.153809,4209.487305,4189.615234000001,4165.769043,4183.461426,4199.743652
4187.563965,4193.333496,4167.820313,4193.974121,4199.230957,4194.871582,4218.974121,4233.077147999999,4201.025879,4212.820313,4187.820313,4158.717772999999,4175.512695,4193.846191
4186.538574,4195.769043,4171.794922,4196.666504,4196.282227000001,4207.820313,4227.94873,4242.563965,4201.538574,4211.410156,4194.358886999999,4164.743652,4181.025879,4199.487305
4190.256348,4190.384765999999,4171.025879,4192.692383,4189.615234000001,4209.102539,4230.769043,4256.153809,4204.743652,4204.871582,4194.358886999999,4167.820313,4183.846191,4199.743652
4189.743652,4187.307617,4166.666504,4190.0,4192.692383,4202.563965,4234.743652,4252.179688,4207.820313,4203.333496,4190.384765999999,4162.436035,4186.282227000001,4192.307617
4193.717772999999,4203.974121,4173.205078,4198.333496,4200.0,4206.410156,4221.922852000001,4222.436035,4204.615234000001,4211.282227000001,4197.307617,4165.128418,4200.0,4196.666504
4201.410156,4219.743652,4183.461426,4206.666504,4198.974121,4210.128418,4199.358886999999,4207.307617,4206.922852000001,4218.077147999999,4208.205078,4174.487305,4207.820313,4208.717772999999
4204.871582,4215.128418,4181.153809,4204.487305,4198.333496,4209.743652,4194.487305,4207.692383,4202.179688,4211.666504,4203.846191,4172.179688,4195.897461,4206.282227000001
4206.794922,4211.538574,4177.179688,4202.05127,4201.666504,4206.025879,4198.077147999999,4200.256348,4188.717772999999,4198.974121,4192.692383,4166.794922,4185.897461,4197.563965
4209.743652,4220.769043,4183.333496,4208.205078,4201.666504,4193.974121,4187.94873,4207.05127,4197.436035,4200.512695,4196.025879,4174.743652,4193.589844,4203.589844
4210.769043,4220.256348,4187.820313,4207.436035,4198.589844,4183.846191,4176.538574,4223.974121,4213.333496,4211.538574,4207.563965,4182.94873,4203.205078,4211.794922
4212.692383,4207.94873,4185.128418,4199.102539,4195.128418,4188.205078,4193.333496,4241.794922,4216.410156,4215.512695,4212.436035,4180.128418,4200.897461,4208.205078
4209.871582,4202.179688,4180.256348,4195.512695,4193.333496,4196.922852000001,4216.282227000001,4254.102539,4212.563965,4209.487305,4208.846191,4176.538574,4191.410156,4199.487305
4197.820313,4202.179688,4172.563965,4192.05127,4191.666504,4196.794922,4220.256348,4240.384765999999,4203.717772999999,4199.358886999999,4201.410156,4173.077147999999,4177.563965,4193.077147999999
4194.230957,4205.641113000001,4172.563965,4189.615234000001,4195.256348,4201.410156,4224.743652,4225.769043,4199.487305,4200.512695,4199.615234000001,4171.538574,4170.384765999999,4192.05127
4201.666504,4208.077147999999,4178.333496,4194.230957,4199.102539,4211.410156,4222.179688,4222.692383,4202.307617,4207.307617,4202.692383,4176.538574,4182.05127,4197.05127
4207.05127,4209.487305,4181.410156,4201.794922,4200.641113000001,4209.871582,4204.615234000001,4208.461426,4201.282227000001,4206.538574,4205.128418,4182.692383,4202.94873,4205.641113000001
4210.641113000001,4215.512695,4187.692383,4207.94873,4201.922852000001,4201.666504,4200.384765999999,4197.94873,4196.410156,4205.769043,4211.794922,4186.282227000001,4216.538574,4214.230957
4211.153809,4212.179688,4189.230957,4206.666504,4193.717772999999,4193.205078,4197.820313,4204.358886999999,4192.436035,4205.256348,4211.666504,4186.538574,4215.897461,4210.384765999999
4204.230957,4201.025879,4181.538574,4199.358886999999,4185.769043,4188.205078,4187.179688,4203.589844,4186.794922,4198.846191,4203.077147999999,4182.05127,4204.487305,4195.769043
4200.128418,4208.717772999999,4181.282227000001,4202.307617,4195.128418,4191.666504,4190.0,4195.641113000001,4184.487305,4192.94873,4201.153809,4178.846191,4196.922852000001,4193.205078
4205.384765999999,4224.743652,4187.563965,4212.563965,4206.025879,4191.025879,4186.922852000001,4194.871582,4187.179688,4191.794922,4201.025879,4178.589844,4198.589844,4199.102539
4203.974121,4225.128418,4182.436035,4210.512695,4203.077147999999,4181.538574,4174.743652,4196.153809,4184.487305,4189.743652,4193.461426,4172.692383,4190.897461,4192.307617
4198.717772999999,4223.077147999999,4176.025879,4205.128418,4201.025879,4180.769043,4183.205078,4209.487305,4184.871582,4190.897461,4194.487305,4170.769043,4178.333496,4186.794922
4203.974121,4227.05127,4181.666504,4208.974121,4206.922852000001,4193.333496,4198.717772999999,4224.743652,4195.769043,4198.846191,4207.436035,4180.384765999999,4184.358886999999,4193.589844
4204.743652,4220.256348,4182.692383,4203.717772999999,4204.102539,4195.384765999999,4200.897461,4219.743652,4201.282227000001,4203.461426,4209.487305,4182.436035,4194.615234000001,4191.922852000001
4196.153809,4208.461426,4174.871582,4190.512695,4197.820313,4187.692383,4203.589844,4211.538574,4199.615234000001,4202.563965,4203.461426,4177.563965,4193.205078,4187.05127
4197.05127,4210.256348,4174.230957,4193.846191,4200.0,4192.692383,4212.05127,4228.461426,4208.461426,4208.589844,4206.282227000001,4181.666504,4190.128418,4191.794922
4200.512695,4213.846191,4176.025879,4201.794922,4202.436035,4199.358886999999,4210.384765999999,4236.538574,4207.307617,4206.538574,4203.333496,4184.487305,4180.641113000001,4190.256348
4197.436035,4209.487305,4172.94873,4195.641113000001,4203.461426,4197.05127,4198.333496,4203.461426,4186.922852000001,4188.846191,4190.897461,4176.410156,4168.461426,4183.846191
4203.589844,4214.871582,4177.05127,4195.256348,4204.871582,4191.666504,4189.230957,4184.743652,4186.025879,4189.487305,4193.846191,4176.922852000001,4179.487305,4188.846191
4215.384765999999,4228.589844,4187.307617,4208.333496,4201.538574,4188.974121,4193.461426,4204.615234000001,4200.769043,4203.461426,4206.410156,4187.94873,4197.05127,4198.205078
4217.179688,4235.128418,4191.153809,4217.179688,4204.743652,4194.358886999999,4193.717772999999,4206.025879,4198.461426,4202.179688,4208.461426,4188.846191,4198.461426,4202.820313
4204.230957,4217.94873,4181.410156,4204.230957,4205.641113000001,4194.743652,4181.922852000001,4184.487305,4184.230957,4186.410156,4198.205078,4178.974121,4190.256348,4196.922852000001
4189.615234000001,4192.692383,4169.102539,4186.025879,4196.922852000001,4180.897461,4186.794922,4186.538574,4178.717772999999,4176.410156,4185.0,4171.794922,4183.205078,4181.410156
4191.025879,4199.358886999999,4169.487305,4192.179688,4199.487305,4175.897461,4199.615234000001,4211.282227000001,4188.717772999999,4184.487305,4187.179688,4172.692383,4188.333496,4175.256348
4196.538574,4216.922852000001,4173.717772999999,4199.615234000001,4202.94873,4188.205078,4200.128418,4226.794922,4201.410156,4196.666504,4198.717772999999,4178.717772999999,4199.743652,4181.025879
4196.282227000001,4215.256348,4173.333496,4190.769043,4195.512695,4197.820313,4205.512695,4238.077147999999,4208.974121,4204.615234000001,4204.487305,4184.102539,4206.410156,4186.410156
4197.436035,4211.538574,4165.512695,4189.230957,4194.487305,4194.358886999999,4208.717772999999,4244.230957,4210.769043,4204.487305,4200.0,4180.641113000001,4202.692383,4182.436035
4196.282227000001,4218.974121,4154.230957,4196.153809,4202.307617,4190.512695,4193.846191,4222.94873,4200.641113000001,4198.077147999999,4191.153809,4173.589844,4196.794922,4172.05127
4192.94873,4223.846191,4155.769043,4199.102539,4209.358886999999,4196.922852000001,4191.410156,4193.717772999999,4187.563965,4192.692383,4189.615234000001,4176.282227000001,4198.461426,4171.153809
4198.205078,4223.461426,4165.128418,4203.205078,4212.563965,4199.871582,4196.794922,4188.589844,4182.692383,4187.179688,4191.538574,4179.102539,4197.179688,4178.333496
4207.563965,4229.358886999999,4169.102539,4211.153809,4212.692383,4192.436035,4182.307617,4201.922852000001,4185.512695,4182.820313,4192.94873,4175.641113000001,4194.358886999999,4180.512695
4212.436035,4234.102539,4170.384765999999,4212.692383,4211.794922,4185.0,4173.846191,4200.0,4182.692383,4186.410156,4196.153809,4176.025879,4196.794922,4179.487305
4208.846191,4232.05127,4170.128418,4208.846191,4211.538574,4189.230957,4182.563965,4177.436035,4168.589844,4187.179688,4192.563965,4176.922852000001,4196.282227000001,4179.615234000001
4202.563965,4233.461426,4167.05127,4211.794922,4215.256348,4201.410156,4192.563965,4181.794922,4167.94873,4178.333496,4185.641113000001,4171.538574,4191.282227000001,4178.461426
4203.205078,4240.384765999999,4166.282227000001,4215.641113000001,4215.897461,4197.05127,4197.692383,4204.487305,4180.512695,4174.358886999999,4187.820313,4169.102539,4192.692383,4177.692383
4202.563965,4240.256348,4165.769043,4209.102539,4208.974121,4184.102539,4209.487305,4204.487305,4177.94873,4173.846191,4186.794922,4170.0,4190.256348,4173.077147999999
4196.282227000001,4237.563965,4163.846191,4202.05127,4210.897461,4192.436035,4217.307617,4198.461426,4173.717772999999,4170.384765999999,4182.692383,4168.974121,4181.922852000001,4168.077147999999
4198.077147999999,4245.128418,4166.794922,4205.769043,4218.717772999999,4206.282227000001,4198.461426,4201.666504,4187.436035,4178.589844,4191.410156,4170.384765999999,4189.871582,4176.794922
4207.05127,4249.871582,4172.179688,4211.922852000001,4215.0,4201.282227000001,4184.487305,4211.025879,4203.717772999999,4196.410156,4201.922852000001,4175.0,4204.358886999999,4186.025879
4207.307617,4238.589844,4168.974121,4206.153809,4211.153809,4195.128418,4193.974121,4223.077147999999,4208.461426,4203.333496,4199.358886999999,4173.589844,4204.487305,4179.487305
4204.487305,4233.461426,4166.153809,4204.615234000001,4220.512695,4203.717772999999,4196.153809,4225.384765999999,4207.94873,4203.589844,4197.820313,4171.282227000001,4202.436035,4174.615234000001
4204.230957,4242.436035,4171.922852000001,4214.615234000001,4225.128418,4208.333496,4192.563965,4211.025879,4199.102539,4199.230957,4196.025879,4168.846191,4197.436035,4173.974121
4200.897461,4247.307617,4173.461426,4218.846191,4221.922852000001,4203.974121,4197.436035,4192.179688,4177.179688,4179.615234000001,4181.538574,4164.358886999999,4181.538574,4165.384765999999
4211.282227000001,4255.641113000001,4177.692383,4224.743652,4233.461426,4206.538574,4195.384765999999,4185.641113000001,4172.563965,4178.205078,4184.487305,4174.230957,4190.128418,4173.589844
4232.05127,4272.820313,4195.641113000001,4239.102539,4246.410156,4210.897461,4188.589844,4202.94873,4201.153809,4215.256348,4213.974121,4196.666504,4227.307617,4200.641113000001
4233.846191,4275.384765999999,4203.717772999999,4241.922852000001,4244.743652,4208.974121,4194.487305,4221.282227000001,4221.153809,4233.461426,4224.230957,4202.05127,4235.897461,4202.820313
4214.358886999999,4256.794922,4188.461426,4226.410156,4238.846191,4201.794922,4198.974121,4196.282227000001,4199.358886999999,4203.077147999999,4196.922852000001,4186.666504,4205.512695,4178.333496
4205.897461,4247.94873,4177.94873,4216.922852000001,4232.94873,4193.077147999999,4192.307617,4175.384765999999,4184.102539,4188.974121,4183.461426,4181.538574,4197.563965,4174.102539
4218.846191,4257.820313,4187.692383,4223.461426,4229.358886999999,4197.307617,4191.538574,4213.846191,4217.820313,4218.205078,4209.102539,4194.743652,4235.256348,4197.179688
4219.358886999999,4251.794922,4187.692383,4219.230957,4228.077147999999,4212.692383,4196.410156,4246.025879,4237.692383,4227.692383,4220.0,4194.615234000001,4253.589844,4201.025879
4204.487305,4235.256348,4170.769043,4205.128418,4225.0,4215.512695,4198.461426,4233.974121,4216.666504,4205.512695,4204.487305,4181.538574,4234.102539,4183.846191
4205.128418,4234.871582,4164.743652,4202.692383,4222.05127,4208.461426,4209.871582,4232.94873,4215.384765999999,4205.512695,4206.794922,4179.871582,4233.077147999999,4184.615234000001
4210.769043,4235.641113000001,4169.871582,4205.128418,4218.717772999999,4206.282227000001,4221.410156,4242.820313,4229.615234000001,4216.794922,4216.538574,4182.05127,4246.410156,4191.666504
4198.205078,4224.615234000001,4166.666504,4200.641113000001,4216.282227000001,4211.410156,4213.717772999999,4218.205078,4204.743652,4198.589844,4201.666504,4172.307617,4232.820313,4175.128418
4191.410156,4225.897461,4163.333496,4203.461426,4223.717772999999,4213.589844,4188.717772999999,4192.05127,4175.897461,4181.538574,4189.230957,4168.205078,4221.025879,4160.769043
4206.794922,4242.307617,4174.743652,4215.897461,4233.974121,4205.128418,4171.538574,4198.205078,4183.846191,4188.846191,4198.589844,4178.846191,4236.794922,4173.846191
4217.05127,4253.974121,4187.05127,4223.205078,4241.282227000001,4205.512695,4181.153809,4200.256348,4188.077147999999,4193.333496,4202.563965,4182.820313,4245.769043,4183.205078
4212.05127,4256.282227000001,4190.512695,4225.641113000001,4247.820313,4217.307617,4195.512695,4189.487305,4175.897461,4188.461426,4196.538574,4179.871582,4233.974121,4177.307617
4211.410156,4254.743652,4195.897461,4227.820313,4246.025879,4218.589844,4198.205078,4203.333496,4186.922852000001,4194.871582,4201.282227000001,4184.102539,4225.384765999999,4180.512695
4215.0,4253.461426,4199.230957,4225.384765999999,4239.358886999999,4206.794922,4200.512695,4226.153809,4209.487305,4203.461426,4210.512695,4188.333496,4228.846191,4188.077147999999
4216.282227000001,4256.794922,4198.974121,4222.436035,4237.307617,4198.077147999999,4199.743652,4216.410156,4209.743652,4204.102539,4211.922852000001,4188.717772999999,4236.794922,4187.307617
4221.538574,4257.94873,4206.153809,4226.538574,4237.94873,4202.436035,4194.230957,4206.922852000001,4212.179688,4212.05127,4217.05127,4194.871582,4241.666504,4191.666504
4219.487305,4243.974121,4204.487305,4220.512695,4233.589844,4203.589844,4192.692383,4220.128418,4220.256348,4213.974121,4218.077147999999,4197.820313,4231.794922,4194.358886999999
4209.743652,4231.282227000001,4190.384765999999,4205.641113000001,4234.487305,4195.384765999999,4187.820313,4224.102539,4211.922852000001,4206.922852000001,4211.922852000001,4190.512695,4226.666504,4182.820313
4214.487305,4238.077147999999,4191.922852000001,4206.538574,4238.333496,4195.0,4181.794922,4215.512695,4209.230957,4216.922852000001,4219.230957,4189.615234000001,4249.743652,4180.641113000001
4213.461426,4235.512695,4192.820313,4204.358886999999,4228.974121,4206.794922,4191.282227000001,4208.717772999999,4208.077147999999,4216.666504,4219.102539,4186.922852000001,4254.615234000001,4180.769043
4191.922852000001,4219.871582,4176.794922,4191.794922,4226.410156,4216.282227000001,4201.538574,4201.666504,4188.077147999999,4189.358886999999,4195.128418,4172.436035,4227.179688,4162.563965
4183.974121,4216.538574,4172.820313,4192.307617,4234.230957,4205.0,4195.897461,4195.769043,4173.717772999999,4174.871582,4178.333496,4164.487305,4213.717772999999,4150.256348
4201.153809,4225.128418,4186.922852000001,4206.410156,4234.487305,4191.538574,4190.128418,4196.538574,4180.512695,4181.538574,4181.538574,4171.153809,4221.025879,4156.282227000001
4207.307617,4231.153809,4192.436035,4214.102539,4234.871582,4202.692383,4200.384765999999,4194.615234000001,4178.333496,4176.538574,4181.025879,4173.846191,4214.871582,4156.794922
4201.153809,4228.717772999999,4187.307617,4211.666504,4240.0,4211.666504,4204.871582,4186.410156,4165.256348,4162.692383,4171.153809,4167.94873,4200.512695,4152.436035
4207.436035,4229.487305,4189.743652,4209.615234000001,4237.436035,4198.333496,4191.153809,4183.461426,4170.128418,4169.358886999999,4168.846191,4173.205078,4207.436035,4162.820313
4219.102539,4240.641113000001,4198.461426,4215.128418,4231.794922,4191.922852000001,4178.077147999999,4191.666504,4188.333496,4191.410156,4178.077147999999,4185.512695,4227.05127,4178.846191
4226.794922,4249.743652,4202.94873,4222.307617,4233.589844,4200.641113000001,4179.358886999999,4212.436035,4207.179688,4207.563965,4188.333496,4190.384765999999,4232.692383,4187.307617
4226.153809,4241.666504,4199.230957,4216.794922,4231.538574,4200.128418,4190.897461,4232.563965,4221.153809,4215.0,4192.692383,4187.94873,4226.666504,4188.717772999999
4214.871582,4225.0,4189.871582,4206.153809,4224.230957,4196.410156,4191.666504,4226.282227000001,4217.820313,4212.436035,4189.615234000001,4180.769043,4223.205078,4180.0
4207.436035,4222.05127,4186.153809,4205.128418,4226.922852000001,4205.512695,4187.179688,4205.256348,4209.230957,4209.487305,4190.128418,4178.974121,4227.307617,4176.282227000001
4205.256348,4219.615234000001,4184.871582,4202.820313,4230.256348,4212.820313,4196.666504,4206.794922,4209.230957,4207.692383,4192.179688,4183.461426,4223.846191,4182.179688
4193.717772999999,4201.282227000001,4172.692383,4188.205078,4217.94873,4205.512695,4205.0,4215.384765999999,4196.538574,4192.05127,4179.358886999999,4176.666504,4205.256348,4171.922852000001
4187.05127,4190.897461,4167.179688,4181.282227000001,4209.743652,4201.794922,4201.794922,4208.461426,4176.153809,4177.436035,4170.128418,4168.205078,4198.846191,4158.974121
4200.0,4196.410156,4182.05127,4189.102539,4212.436035,4209.871582,4202.94873,4200.769043,4170.897461,4177.05127,4179.743652,4177.05127,4210.769043,4170.128418
4210.512695,4198.461426,4192.05127,4192.94873,4206.153809,4206.282227000001,4204.743652,4197.94873,4168.717772999999,4176.538574,4186.410156,4185.128418,4215.641113000001,4181.922852000001
4213.461426,4201.666504,4190.641113000001,4194.102539,4199.230957,4189.102539,4190.384765999999,4185.512695,4160.769043,4173.333496,4186.153809,4184.487305,4215.512695,4182.563965
4219.743652,4211.666504,4195.641113000001,4200.0,4204.102539,4182.179688,4184.615234000001,4169.487305,4159.615234000001,4174.487305,4192.05127,4190.0,4220.769043,4188.205078
4228.461426,4222.179688,4206.922852000001,4209.230957,4209.871582,4191.282227000001,4194.871582,4179.615234000001,4177.05127,4185.512695,4205.384765999999,4198.077147999999,4233.717772999999,4199.102539
4230.769043,4228.333496,4207.436035,4210.769043,4210.0,4203.461426,4191.794922,4202.94873,4198.333496,4199.871582,4213.333496,4200.384765999999,4247.307617,4202.05127
4224.615234000001,4224.487305,4199.871582,4202.692383,4214.487305,4208.717772999999,4187.179688,4217.307617,4209.871582,4202.05127,4207.94873,4197.563965,4246.922852000001,4198.205078
4218.589844,4217.692383,4194.743652,4199.615234000001,4221.666504,4207.820313,4194.615234000001,4226.922852000001,4215.256348,4196.282227000001,4196.666504,4191.282227000001,4232.94873,4192.307617
4211.282227000001,4211.666504,4185.897461,4197.307617,4217.307617,4205.128418,4191.922852000001,4227.436035,4216.025879,4195.0,4190.384765999999,4184.615234000001,4217.692383,4182.692383
4202.307617,4202.94873,4174.230957,4189.743652,4213.974121,4207.179688,4185.0,4225.0,4217.820313,4198.717772999999,4192.436035,4181.794922,4215.128418,4174.487305
4198.333496,4196.794922,4170.641113000001,4184.230957,4215.0,4208.589844,4198.589844,4233.077147999999,4222.179688,4201.410156,4196.538574,4179.358886999999,4223.077147999999,4173.205078
4200.512695,4199.230957,4173.589844,4183.974121,4210.256348,4204.487305,4215.897461,4236.282227000001,4217.94873,4199.743652,4197.179688,4178.846191,4226.794922,4175.512695
4205.897461,4207.05127,4179.871582,4187.94873,4210.769043,4203.589844,4212.179688,4220.0,4206.282227000001,4197.05127,4198.589844,4182.820313,4226.025879,4178.333496
4214.743652,4216.666504,4188.717772999999,4197.563965,4216.538574,4206.410156,4203.846191,4209.615234000001,4200.641113000001,4197.820313,4204.358886999999,4188.333496,4228.974121,4181.922852000001
4226.794922,4229.358886999999,4199.230957,4211.538574,4221.538574,4207.179688,4206.666504,4212.692383,4197.307617,4200.641113000001,4211.794922,4197.307617,4240.897461,4193.205078
4233.974121,4237.179688,4207.436035,4218.846191,4225.512695,4199.230957,4198.461426,4207.436035,4187.05127,4198.461426,4217.94873,4206.922852000001,4253.974121,4207.179688
4234.487305,4237.05127,4207.94873,4219.230957,4225.256348,4189.743652,4181.666504,4198.333496,4177.820313,4189.230957,4217.820313,4207.692383,4256.538574,4208.846191
4236.282227000001,4241.153809,4209.487305,4224.487305,4223.333496,4193.846191,4190.512695,4195.128418,4176.282227000001,4185.641113000001,4216.410156,4202.307617,4254.230957,4202.94873
4234.102539,4241.922852000001,4207.179688,4225.641113000001,4224.871582,4200.512695,4196.666504,4183.205078,4172.692383,4186.410156,4214.230957,4195.641113000001,4249.230957,4199.358886999999
4225.384765999999,4231.794922,4192.692383,4213.974121,4227.307617,4203.589844,4179.102539,4171.538574,4169.358886999999,4181.922852000001,4206.538574,4187.94873,4233.846191,4192.563965
4218.846191,4227.563965,4186.410156,4205.897461,4228.461426,4212.05127,4183.461426,4190.128418,4186.025879,4185.256348,4205.128418,4188.589844,4228.717772999999,4187.563965
4218.846191,4229.102539,4194.487305,4208.717772999999,4227.820313,4216.153809,4206.282227000001,4220.897461,4211.153809,4202.179688,4213.974121,4198.846191,4242.692383,4190.641113000001
4216.666504,4223.205078,4194.230957,4207.563965,4222.05127,4207.563965,4204.487305,4234.102539,4225.384765999999,4217.179688,4221.410156,4202.820313,4247.692383,4191.410156
4205.641113000001,4211.922852000001,4183.846191,4197.307617,4218.589844,4199.102539,4191.794922,4233.589844,4229.743652,4220.0,4218.077147999999,4197.179688,4239.615234000001,4184.358886999999
4200.512695,4209.743652,4183.974121,4194.358886999999,4221.282227000001,4200.512695,4196.282227000001,4233.717772999999,4232.05127,4222.307617,4212.820313,4197.436035,4240.512695,4180.641113000001
4206.153809,4218.717772999999,4191.794922,4201.538574,4225.769043,4212.563965,4211.538574,4240.384765999999,4229.487305,4223.077147999999,4213.077147999999,4202.179688,4242.692383,4182.563965
4206.666504,4222.307617,4193.333496,4203.333496,4227.94873,4221.282227000001,4215.769043,4244.487305,4219.743652,4213.205078,4211.538574,4197.820313,4237.820313,4183.333496
4209.230957,4224.487305,4198.717772999999,4206.410156,4228.333496,4209.358886999999,4205.0,4229.743652,4211.794922,4210.0,4213.589844,4197.179688,4245.512695,4189.743652
4223.461426,4232.820313,4209.102539,4213.205078,4224.871582,4193.846191,4193.717772999999,4193.461426,4198.205078,4212.179688,4218.077147999999,4207.436035,4252.179688,4197.436035
4233.589844,4236.666504,4213.333496,4216.922852000001,4225.0,4205.769043,4193.333496,4159.487305,4180.769043,4202.820313,4216.538574,4210.0,4245.897461,4198.333496
4232.820313,4233.333496,4210.897461,4220.384765999999,4229.871582,4222.692383,4196.282227000001,4167.436035,4181.025879,4192.94873,4210.897461,4201.922852000001,4239.358886999999,4195.128418
4228.589844,4228.205078,4203.974121,4215.897461,4223.974121,4206.538574,4194.358886999999,4201.153809,4193.846191,4192.820313,4205.769043,4199.487305,4230.641113000001,4189.487305
4226.922852000001,4226.410156,4201.922852000001,4209.743652,4217.307617,4192.307617,4200.0,4208.589844,4199.358886999999,4198.589844,4208.205078,4204.487305,4229.230957,4192.307617
4222.179688,4225.641113000001,4202.179688,4210.0,4219.230957,4206.794922,4196.538574,4193.589844,4197.94873,4204.615234000001,4213.205078,4202.692383,4237.436035,4196.794922
4212.179688,4220.128418,4195.897461,4205.897461,4217.563965,4206.666504,4177.179688,4198.205078,4200.512695,4207.94873,4212.179688,4199.615234000001,4235.384765999999,4188.974121
4211.410156,4214.743652,4195.128418,4202.692383,4215.512695,4193.077147999999,4183.589844,4225.256348,4219.358886999999,4217.179688,4217.05127,4204.487305,4230.384765999999,4185.256348
4213.974121,4212.820313,4198.077147999999,4203.589844,4213.205078,4196.794922,4209.358886999999,4236.538574,4235.256348,4225.897461,4225.769043,4206.666504,4235.897461,4194.102539
4210.641113000001,4217.179688,4196.922852000001,4202.94873,4214.487305,4208.717772999999,4216.922852000001,4233.717772999999,4233.974121,4225.0,4226.794922,4200.512695,4242.436035,4197.307617
4211.666504,4221.922852000001,4197.05127,4204.102539,4223.717772999999,4207.94873,4202.05127,4228.974121,4230.512695,4225.0,4223.589844,4195.897461,4243.846191,4190.641113000001
4211.922852000001,4214.743652,4193.846191,4201.538574,4217.94873,4195.897461,4189.871582,4213.077147999999,4217.820313,4217.307617,4214.230957,4192.436035,4235.897461,4184.871582
4212.179688,4212.436035,4192.179688,4200.897461,4210.128418,4194.487305,4188.077147999999,4196.410156,4200.384765999999,4200.128418,4206.282227000001,4186.538574,4232.307617,4183.205078
4222.820313,4231.025879,4201.922852000001,4215.641113000001,4225.641113000001,4207.307617,4183.974121,4175.512695,4192.179688,4194.487305,4211.153809,4185.256348,4243.333496,4184.615234000001
4223.846191,4238.333496,4202.94873,4222.563965,4232.436035,4214.230957,4182.94873,4154.871582,4181.282227000001,4192.820313,4212.563965,4183.846191,4241.410156,4182.820313
4210.128418,4223.077147999999,4191.282227000001,4210.641113000001,4219.615234000001,4207.05127,4188.333496,4159.615234000001,4169.743652,4181.666504,4204.358886999999,4180.512695,4225.897461,4181.538574
4208.205078,4217.820313,4191.922852000001,4205.769043,4217.436035,4201.922852000001,4192.179688,4176.282227000001,4174.871582,4178.077147999999,4202.05127,4187.820313,4224.871582,4187.05127
4212.05127,4219.487305,4199.487305,4208.846191,4219.871582,4201.922852000001,4194.871582,4175.641113000001,4184.487305,4184.743652,4206.025879,4192.05127,4232.307617,4190.769043
4209.743652,4210.128418,4196.922852000001,4204.230957,4209.358886999999,4193.717772999999,4201.153809,4180.512695,4182.94873,4190.641113000001,4208.077147999999,4183.846191,4233.589844,4189.487305
4211.538574,4208.205078,4191.794922,4200.384765999999,4206.666504,4191.922852000001,4200.897461,4211.282227000001,4198.974121,4200.256348,4211.282227000001,4183.205078,4238.717772999999,4187.692383
4208.846191,4215.641113000001,4190.384765999999,4201.794922,4217.05127,4207.05127,4200.897461,4224.615234000001,4222.820313,4210.256348,4215.897461,4187.94873,4246.922852000001,4186.538574
4198.461426,4215.0,4184.230957,4197.307617,4217.820313,4209.358886999999,4204.615234000001,4210.769043,4225.641113000001,4214.102539,4215.769043,4183.077147999999,4247.820313,4182.692383
4202.05127,4213.589844,4181.666504,4197.05127,4214.615234000001,4194.102539,4197.05127,4215.0,4230.897461,4221.025879,4215.769043,4178.077147999999,4250.641113000001,4182.307617
4211.794922,4214.230957,4184.102539,4203.589844,4221.410156,4190.769043,4181.922852000001,4215.512695,4230.384765999999,4221.282227000001,4216.153809,4179.230957,4248.717772999999,4184.358886999999
4210.128418,4212.692383,4187.05127,4203.846191,4227.94873,4195.0,4168.974121,4179.743652,4201.666504,4206.538574,4213.717772999999,4180.897461,4240.0,4189.102539
4211.666504,4219.487305,4196.538574,4207.436035,4223.974121,4195.512695,4170.384765999999,4161.153809,4187.563965,4200.384765999999,4217.94873,4187.820313,4247.94873,4200.0
4215.641113000001,4221.794922,4198.333496,4210.384765999999,4213.717772999999,4201.666504,4190.641113000001,4184.102539,4201.538574,4201.153809,4220.0,4188.846191,4253.205078,4196.794922
4208.461426,4213.589844,4187.563965,4201.666504,4213.205078,4207.436035,4197.94873,4193.846191,4198.717772999999,4192.05127,4205.256348,4178.846191,4230.512695,4178.846191
4200.641113000001,4213.974121,4184.871582,4199.230957,4223.333496,4205.256348,4187.179688,4182.05127,4185.256348,4186.025879,4193.333496,4178.589844,4217.563965,4175.641113000001
4203.846191,4218.205078,4192.436035,4207.563965,4223.974121,4209.102539,4199.230957,4187.563965,4193.205078,4190.384765999999,4200.384765999999,4185.897461,4233.717772999999,4185.769043
4203.589844,4218.589844,4193.333496,4209.358886999999,4219.871582,4219.102539,4222.94873,4191.410156,4198.205078,4191.538574,4205.641113000001,4182.05127,4244.102539,4182.692383
4198.205078,4220.128418,4188.589844,4207.436035,4221.922852000001,4216.282227000001,4213.589844,4182.436035,4190.641113000001,4188.077147999999,4200.641113000001,4174.230957,4239.102539,4175.769043
4202.820313,4222.563965,4191.410156,4211.282227000001,4223.846191,4213.333496,4205.641113000001,4193.717772999999,4194.871582,4193.717772999999,4203.205078,4176.666504,4239.102539,4180.512695
4208.717772999999,4226.025879,4197.179688,4215.128418,4230.769043,4218.846191,4216.922852000001,4209.743652,4205.641113000001,4205.769043,4210.512695,4181.666504,4243.589844,4188.717772999999
4207.94873,4230.897461,4200.641113000001,4219.871582,4239.743652,4211.153809,4203.589844,4206.666504,4212.692383,4215.128418,4216.922852000001,4184.358886999999,4251.153809,4196.666504
4214.871582,4232.563965,4204.871582,4225.641113000001,4236.538574,4197.436035,4183.717772999999,4201.282227000001,4221.794922,4224.487305,4226.410156,4189.615234000001,4260.769043,4204.487305
4221.153809,4224.615234000001,4205.897461,4217.820313,4222.307617,4196.282227000001,4189.230957,4206.025879,4220.769043,4222.692383,4223.717772999999,4190.256348,4251.025879,4201.794922
4216.282227000001,4220.256348,4201.282227000001,4208.461426,4218.974121,4193.974121,4189.487305,4216.666504,4212.179688,4210.897461,4213.589844,4189.487305,4237.820313,4198.077147999999
4217.94873,4228.974121,4203.077147999999,4216.794922,4231.153809,4193.333496,4176.410156,4220.256348,4220.897461,4218.974121,4222.05127,4197.307617,4252.179688,4211.922852000001
4218.333496,4227.436035,4201.794922,4216.922852000001,4233.589844,4204.230957,4176.410156,4202.94873,4223.333496,4228.461426,4226.922852000001,4196.410156,4258.846191,4215.897461
4203.077147999999,4207.307617,4187.563965,4199.615234000001,4217.94873,4213.205078,4198.717772999999,4197.692383,4206.410156,4211.282227000001,4210.128418,4182.692383,4232.436035,4196.025879
4191.922852000001,4195.641113000001,4181.794922,4192.820313,4204.743652,4204.102539,4213.077147999999,4213.717772999999,4196.922852000001,4190.769043,4198.077147999999,4176.282227000001,4210.0,4184.102539
4193.974121,4204.487305,4187.692383,4199.358886999999,4209.743652,4190.769043,4195.128418,4205.512695,4195.128418,4193.077147999999,4198.974121,4176.538574,4215.384765999999,4190.128418
4192.820313,4211.794922,4186.666504,4201.153809,4214.871582,4202.692383,4183.589844,4182.820313,4192.05127,4201.025879,4200.256348,4175.128418,4224.102539,4191.666504
4180.641113000001,4198.461426,4176.153809,4194.358886999999,4211.794922,4222.179688,4204.871582,4181.666504,4184.871582,4190.641113000001,4192.307617,4167.94873,4213.333496,4176.153809
4169.871582,4183.589844,4167.307617,4187.563965,4218.589844,4219.358886999999,4215.769043,4188.333496,4172.563965,4170.897461,4175.384765999999,4155.512695,4195.256348,4160.128418
4176.025879,4191.025879,4168.846191,4190.641113000001,4225.384765999999,4210.128418,4202.307617,4193.077147999999,4176.025879,4174.230957,4174.487305,4156.410156,4199.615234000001,4167.563965
4199.743652,4212.563965,4185.384765999999,4205.256348,4223.717772999999,4214.102539,4190.769043,4200.0,4199.102539,4205.641113000001,4200.256348,4178.077147999999,4225.897461,4196.410156
4219.230957,4225.128418,4202.05127,4216.025879,4229.487305,4212.307617,4181.794922,4210.128418,4215.384765999999,4226.538574,4219.871582,4195.512695,4243.974121,4213.974121
4219.615234000001,4221.410156,4200.0,4212.436035,4234.743652,4196.794922,4174.358886999999,4220.512695,4217.692383,4222.307617,4216.282227000001,4195.128418,4244.230957,4213.461426
4213.205078,4215.512695,4192.692383,4205.128418,4228.589844,4200.0,4179.615234000001,4212.94873,4208.589844,4215.384765999999,4210.128418,4193.333496,4237.820313,4214.358886999999
4212.05127,4211.538574,4191.666504,4204.230957,4226.794922,4212.307617,4184.230957,4198.846191,4198.461426,4213.974121,4206.153809,4192.05127,4228.717772999999,4216.538574
4209.743652,4200.128418,4188.846191,4202.436035,4222.05127,4203.461426,4184.230957,4208.205078,4204.615234000001,4210.769043,4196.922852000001,4187.436035,4220.0,4211.410156
4202.94873,4191.538574,4187.307617,4198.846191,4209.615234000001,4191.794922,4198.589844,4228.205078,4214.871582,4205.0,4190.641113000001,4183.717772999999,4218.333496,4204.102539
4195.641113000001,4191.282227000001,4186.538574,4194.871582,4202.307617,4193.333496,4209.743652,4214.102539,4202.563965,4194.487305,4182.179688,4177.307617,4210.512695,4201.282227000001
4186.922852000001,4184.871582,4179.358886999999,4190.0,4195.769043,4198.077147999999,4205.769043,4181.922852000001,4186.410156,4184.230957,4169.230957,4167.820313,4194.871582,4195.384765999999
4179.615234000001,4175.128418,4170.512695,4186.538574,4195.384765999999,4203.077147999999,4214.871582,4181.153809,4188.333496,4184.102539,4164.871582,4161.666504,4189.487305,4186.153809
4175.0,4170.512695,4163.333496,4180.769043,4203.717772999999,4208.974121,4226.153809,4190.128418,4186.922852000001,4179.487305,4164.487305,4158.205078,4188.461426,4179.487305
4179.102539,4172.820313,4163.205078,4181.666504,4211.025879,4216.153809,4212.692383,4189.230957,4186.025879,4178.846191,4169.871582,4160.897461,4193.974121,4183.974121
4192.436035,4184.102539,4175.0,4194.743652,4213.589844,4223.077147999999,4203.461426,4195.128418,4197.692383,4197.436035,4188.717772999999,4172.820313,4213.461426,4201.794922
4209.743652,4199.487305,4188.846191,4206.794922,4217.307617,4223.974121,4214.871582,4198.974121,4205.128418,4220.897461,4210.0,4187.820313,4234.615234000001,4224.230957
4227.436035,4212.94873,4199.615234000001,4214.102539,4221.538574,4224.358886999999,4218.205078,4197.820313,4210.0,4236.153809,4226.410156,4200.0,4245.641113000001,4243.333496
4235.128418,4213.461426,4204.230957,4215.897461,4219.102539,4226.794922,4208.461426,4212.05127,4215.128418,4237.436035,4229.743652,4204.358886999999,4240.512695,4244.487305
4229.358886999999,4205.0,4201.922852000001,4212.94873,4220.256348,4220.128418,4198.461426,4230.256348,4215.128418,4229.615234000001,4221.538574,4201.025879,4233.974121,4233.717772999999
4222.820313,4202.307617,4204.102539,4209.615234000001,4218.461426,4202.94873,4191.025879,4236.025879,4215.128418,4227.05127,4219.615234000001,4197.05127,4238.333496,4230.384765999999
4226.153809,4202.179688,4211.025879,4210.769043,4201.282227000001,4186.538574,4192.563965,4242.307617,4221.922852000001,4228.717772999999,4224.487305,4195.897461,4235.769043,4235.256348
4222.94873,4194.871582,4207.563965,4209.230957,4190.641113000001,4189.102539,4209.102539,4236.794922,4217.563965,4219.358886999999,4217.563965,4190.512695,4218.846191,4229.871582
4201.538574,4178.333496,4192.563965,4196.153809,4193.846191,4205.384765999999,4222.820313,4209.615234000001,4192.692383,4195.128418,4197.692383,4176.538574,4201.538574,4209.871582
4189.230957,4169.230957,4186.153809,4189.102539,4193.717772999999,4210.256348,4220.384765999999,4197.179688,4178.974121,4180.0,4189.102539,4167.820313,4194.102539,4200.769043
4194.615234000001,4174.230957,4190.512695,4197.94873,4189.743652,4202.820313,4211.794922,4203.461426,4187.692383,4186.153809,4193.205078,4166.282227000001,4197.05127,4207.563965
4196.025879,4180.512695,4187.563965,4198.717772999999,4193.717772999999,4202.563965,4206.538574,4192.94873,4191.282227000001,4193.846191,4194.358886999999,4166.282227000001,4204.230957,4210.897461
4196.666504,4184.615234000001,4186.410156,4194.487305,4204.230957,4217.692383,4213.717772999999,4184.743652,4190.512695,4199.871582,4198.974121,4173.589844,4212.436035,4211.410156
4207.820313,4189.615234000001,4196.025879,4202.05127,4212.179688,4229.358886999999,4222.94873,4189.871582,4193.077147999999,4207.563965,4209.487305,4182.563965,4217.436035,4218.205078
4221.538574,4202.94873,4207.05127,4213.077147999999,4219.102539,4225.769043,4217.179688,4196.922852000001,4197.820313,4217.436035,4220.641113000001,4188.077147999999,4229.102539,4233.717772999999
4229.358886999999,4215.897461,4213.846191,4218.717772999999,4223.717772999999,4219.487305,4209.743652,4209.487305,4209.871582,4229.102539,4234.230957,4195.0,4252.179688,4248.077147999999
4225.897461,4209.230957,4212.563965,4216.282227000001,4219.358886999999,4221.153809,4217.179688,4215.641113000001,4213.461426,4227.820313,4236.282227000001,4194.358886999999,4256.922852000001,4243.974121
4220.384765999999,4200.0,4211.794922,4214.743652,4218.717772999999,4226.282227000001,4225.512695,4223.717772999999,4216.282227000001,4222.94873,4228.461426,4186.922852000001,4240.641113000001,4235.256348
4226.025879,4209.230957,4220.0,4222.94873,4221.410156,4221.153809,4219.358886999999,4244.102539,4237.05127,4234.743652,4235.0,4192.94873,4235.0,4244.871582
4231.025879,4217.692383,4228.717772999999,4231.794922,4214.487305,4205.769043,4214.487305,4247.307617,4246.538574,4248.589844,4247.820313,4202.820313,4240.0,4253.461426
4220.769043,4206.666504,4222.307617,4225.769043,4205.897461,4197.94873,4220.256348,4235.384765999999,4231.794922,4239.871582,4240.0,4196.666504,4231.153809,4241.282227000001
4204.487305,4189.615234000001,4205.512695,4207.94873,4201.025879,4199.487305,4227.436035,4227.692383,4210.641113000001,4213.077147999999,4214.487305,4183.717772999999,4207.692383,4222.436035
4196.666504,4183.205078,4196.282227000001,4198.717772999999,4200.897461,4210.128418,4235.256348,4214.102539,4192.563965,4192.94873,4197.307617,4175.0,4189.871582,4215.128418
4196.922852000001,4184.487305,4195.897461,4200.769043,4206.922852000001,4218.461426,4233.077147999999,4208.333496,4186.666504,4189.230957,4197.820313,4172.563965,4187.179688,4216.794922
4203.077147999999,4188.205078,4197.820313,4206.153809,4208.974121,4212.179688,4226.538574,4220.256348,4192.179688,4193.974121,4201.410156,4176.410156,4195.512695,4220.384765999999
4210.641113000001,4193.205078,4199.487305,4206.410156,4207.94873,4214.358886999999,4225.0,4211.794922,4191.410156,4198.717772999999,4204.871582,4180.897461,4204.615234000001,4227.307617
4213.333496,4197.436035,4201.282227000001,4204.230957,4215.256348,4228.205078,4216.922852000001,4187.563965,4187.05127,4206.025879,4214.871582,4186.410156,4213.333496,4236.025879
4217.94873,4201.666504,4208.846191,4212.05127,4220.641113000001,4227.563965,4215.769043,4195.769043,4197.692383,4216.538574,4228.205078,4198.974121,4225.512695,4248.333496
4228.461426,4207.05127,4221.410156,4223.717772999999,4213.589844,4212.820313,4220.512695,4215.897461,4207.94873,4225.769043,4235.897461,4212.563965,4235.897461,4258.205078
4234.230957,4212.179688,4230.384765999999,4229.743652,4210.641113000001,4204.230957,4212.436035,4210.0,4206.153809,4229.102539,4238.974121,4215.641113000001,4242.05127,4259.487305
4226.282227000001,4211.666504,4228.589844,4228.461426,4216.538574,4210.256348,4210.641113000001,4203.589844,4202.563965,4224.358886999999,4236.794922,4206.922852000001,4237.692383,4250.512695
4214.487305,4202.307617,4219.102539,4220.512695,4215.512695,4216.922852000001,4215.128418,4214.871582,4202.436035,4214.102539,4225.0,4197.179688,4218.846191,4237.307617
4219.871582,4199.102539,4220.897461,4220.897461,4211.282227000001,4214.358886999999,4211.025879,4234.358886999999,4215.897461,4216.282227000001,4223.205078,4201.153809,4217.05127,4237.307617
4231.538574,4204.871582,4230.769043,4228.077147999999,4213.205078,4207.563965,4221.282227000001,4253.974121,4234.487305,4228.717772999999,4232.692383,4207.307617,4233.589844,4247.692383
4218.205078,4197.563965,4223.333496,4219.102539,4208.589844,4210.384765999999,4242.436035,4255.256348,4231.666504,4223.333496,4225.512695,4197.307617,4220.897461,4244.358886999999
4194.487305,4178.461426,4204.743652,4201.025879,4198.717772999999,4219.871582,4238.589844,4236.410156,4214.615234000001,4206.282227000001,4206.922852000001,4182.692383,4192.05127,4228.205078
4196.025879,4174.358886999999,4200.0,4200.0,4203.461426,4217.05127,4219.358886999999,4225.897461,4212.692383,4207.05127,4205.128418,4181.538574,4197.820313,4226.025879
4208.333496,4182.436035,4206.282227000001,4207.94873,4205.641113000001,4211.153809,4222.94873,4231.282227000001,4220.128418,4218.333496,4216.538574,4189.487305,4215.641113000001,4233.589844
4204.358886999999,4181.666504,4205.128418,4202.563965,4188.974121,4216.410156,4235.641113000001,4224.102539,4207.692383,4210.256348,4213.333496,4189.102539,4203.974121,4228.077147999999
4204.743652,4178.461426,4201.538574,4197.563965,4181.922852000001,4213.717772999999,4216.922852000001,4202.307617,4187.563965,4197.05127,4206.922852000001,4185.897461,4194.871582,4228.461426
4220.897461,4191.794922,4209.358886999999,4212.563965,4203.589844,4208.077147999999,4196.153809,4192.436035,4190.256348,4208.461426,4221.282227000001,4195.512695,4214.230957,4248.717772999999
4224.102539,4202.307617,4214.487305,4224.358886999999,4219.358886999999,4216.922852000001,4201.794922,4193.717772999999,4196.153809,4217.563965,4230.256348,4198.461426,4217.692383,4255.641113000001
4214.743652,4200.384765999999,4213.333496,4219.743652,4210.256348,4225.128418,4207.307617,4200.256348,4190.384765999999,4210.769043,4224.615234000001,4189.871582,4204.487305,4242.820313
4221.538574,4209.358886999999,4225.512695,4225.512695,4207.05127,4217.563965,4209.743652,4219.230957,4202.820313,4218.461426,4234.102539,4195.897461,4214.230957,4243.461426
4230.512695,4217.05127,4237.307617,4235.128418,4214.871582,4207.820313,4217.820313,4240.512695,4226.794922,4234.615234000001,4246.282227000001,4208.589844,4224.358886999999,4252.307617
4219.615234000001,4205.0,4229.615234000001,4227.05127,4216.025879,4214.743652,4221.153809,4248.717772999999,4231.794922,4232.179688,4235.769043,4201.538574,4209.743652,4250.384765999999
4207.563965,4195.512695,4219.230957,4218.846191,4211.410156,4224.358886999999,4219.871582,4247.94873,4228.589844,4223.717772999999,4225.128418,4189.871582,4198.461426,4241.922852000001
4207.179688,4197.05127,4217.820313,4215.897461,4205.0,4219.871582,4226.025879,4244.102539,4230.0,4223.846191,4225.384765999999,4190.0,4198.974121,4233.846191
4201.410156,4190.256348,4211.922852000001,4205.128418,4200.512695,4219.615234000001,4238.589844,4234.230957,4218.717772999999,4216.410156,4218.077147999999,4189.743652,4192.179688,4227.307617
4195.512695,4183.333496,4209.358886999999,4200.641113000001,4204.102539,4229.230957,4241.794922,4232.436035,4212.179688,4211.282227000001,4215.641113000001,4192.179688,4189.102539,4230.128418
4208.974121,4193.846191,4220.897461,4213.205078,4209.871582,4230.769043,4232.563965,4245.512695,4230.384765999999,4228.205078,4230.897461,4200.641113000001,4203.077147999999,4239.871582
4215.512695,4199.358886999999,4221.282227000001,4215.256348,4210.641113000001,4224.615234000001,4224.358886999999,4245.897461,4231.666504,4234.230957,4233.333496,4197.563965,4202.307617,4233.589844
4199.102539,4186.538574,4206.282227000001,4197.94873,4207.179688,4222.94873,4223.077147999999,4230.256348,4211.282227000001,4211.282227000001,4217.692383,4187.692383,4183.717772999999,4217.436035
4197.179688,4183.974121,4208.589844,4197.05127,4200.897461,4220.256348,4228.974121,4232.692383,4216.794922,4210.256348,4222.563965,4194.743652,4193.461426,4225.128418
4207.179688,4194.615234000001,4220.256348,4212.94873,4195.256348,4215.769043,4232.692383,4235.128418,4224.102539,4225.128418,4234.487305,4203.589844,4212.179688,4238.717772999999
4200.512695,4195.0,4214.871582,4215.0,4200.128418,4214.102539,4220.897461,4206.410156,4196.666504,4206.410156,4218.077147999999,4191.666504,4194.743652,4223.461426
4200.0,4199.487305,4213.461426,4214.871582,4207.563965,4211.666504,4203.717772999999,4189.487305,4185.256348,4192.94873,4205.256348,4184.102539,4181.282227000001,4213.077147999999
4214.615234000001,4211.410156,4224.743652,4224.358886999999,4204.615234000001,4209.358886999999,4202.820313,4220.384765999999,4210.769043,4212.692383,4219.358886999999,4195.512695,4195.256348,4229.743652
4216.922852000001,4213.846191,4226.538574,4225.512695,4203.077147999999,4212.05127,4216.794922,4252.563965,4221.153809,4221.922852000001,4231.025879,4203.974121,4203.846191,4237.94873
4203.717772999999,4204.230957,4214.487305,4214.743652,4203.846191,4214.358886999999,4224.358886999999,4231.025879,4193.461426,4203.589844,4219.358886999999,4193.333496,4197.05127,4227.05127
4201.538574,4200.769043,4209.358886999999,4214.358886999999,4204.358886999999,4213.077147999999,4209.102539,4195.256348,4175.512695,4197.179688,4211.153809,4187.05127,4195.0,4225.512695
4217.05127,4211.922852000001,4222.179688,4227.05127,4211.410156,4216.025879,4191.666504,4209.871582,4204.487305,4224.230957,4231.153809,4202.563965,4209.358886999999,4243.974121
4224.102539,4215.769043,4229.871582,4229.358886999999,4216.538574,4223.077147999999,4198.205078,4237.436035,4226.794922,4237.307617,4243.461426,4209.487305,4218.461426,4252.94873
4214.871582,4207.692383,4221.282227000001,4221.025879,4214.230957,4222.94873,4203.077147999999,4231.410156,4215.512695,4220.384765999999,4230.0,4196.538574,4207.692383,4242.563965
4207.692383,4203.077147999999,4214.743652,4216.794922,4209.102539,4216.282227000001,4191.538574,4230.256348,4222.307617,4222.692383,4227.436035,4193.974121,4201.282227000001,4237.820313
4209.487305,4200.897461,4217.692383,4215.384765999999,4204.358886999999,4214.871582,4198.205078,4244.102539,4246.922852000001,4243.846191,4238.333496,4200.769043,4205.512695,4242.692383
4208.461426,4196.025879,4219.743652,4214.615234000001,4201.025879,4219.230957,4223.846191,4236.922852000001,4241.922852000001,4241.794922,4231.794922,4194.871582,4198.461426,4239.102539
4199.615234000001,4189.743652,4215.128418,4215.128418,4200.641113000001,4221.538574,4230.0,4231.153809,4223.077147999999,4223.205078,4214.102539,4184.358886999999,4184.230957,4225.641113000001
4197.94873,4190.128418,4216.153809,4217.820313,4205.769043,4221.282227000001,4216.666504,4246.922852000001,4224.358886999999,4219.743652,4209.487305,4183.846191,4186.922852000001,4223.333496
4199.230957,4192.05127,4215.512695,4218.333496,4210.0,4219.871582,4208.589844,4236.794922,4218.589844,4219.102539,4205.641113000001,4180.256348,4190.641113000001,4224.743652
4189.358886999999,4188.974121,4202.94873,4213.205078,4208.589844,4216.922852000001,4205.128418,4208.589844,4196.410156,4204.358886999999,4193.974121,4170.0,4181.538574,4215.641113000001
4190.128418,4191.794922,4201.666504,4213.846191,4212.436035,4218.974121,4207.436035,4209.102539,4190.0,4197.692383,4193.846191,4173.333496,4180.769043,4218.077147999999
4207.05127,4202.307617,4214.102539,4220.0,4220.128418,4222.820313,4208.461426,4210.0,4194.358886999999,4204.487305,4205.128418,4188.589844,4190.769043,4233.717772999999
4213.205078,4205.384765999999,4217.563965,4223.205078,4217.563965,4218.717772999999,4200.512695,4209.487305,4196.410156,4210.641113000001,4209.871582,4194.615234000001,4194.871582,4239.871582
4215.769043,4205.512695,4219.743652,4226.282227000001,4209.102539,4213.205078,4195.897461,4241.538574,4216.666504,4224.102539,4214.615234000001,4196.153809,4201.666504,4241.794922
4226.153809,4215.769043,4230.512695,4230.256348,4209.871582,4218.077147999999,4204.743652,4257.307617,4243.205078,4247.820313,4228.205078,4205.897461,4218.717772999999,4251.666504
4225.512695,4220.641113000001,4233.077147999999,4229.743652,4218.846191,4228.589844,4218.461426,4235.641113000001,4245.256348,4258.333496,4236.666504,4211.794922,4227.307617,4256.410156
4212.436035,4202.94873,4221.794922,4220.384765999999,4211.025879,4227.436035,4228.205078,4239.487305,4235.897461,4244.230957,4225.0,4200.0,4212.307617,4244.615234000001
4201.153809,4180.128418,4208.461426,4208.333496,4197.179688,4225.512695,4231.794922,4253.846191,4228.205078,4223.589844,4197.05127,4179.102539,4185.256348,4222.692383
4189.358886999999,4172.563965,4199.615234000001,4201.666504,4200.0,4231.153809,4224.743652,4243.589844,4222.05127,4214.487305,4180.641113000001,4163.846191,4168.077147999999,4206.666504
4184.102539,4172.94873,4195.256348,4198.205078,4195.0,4220.897461,4219.615234000001,4244.102539,4220.384765999999,4215.0,4185.0,4162.436035,4163.974121,4212.436035
4190.384765999999,4169.487305,4194.871582,4195.512695,4182.563965,4215.897461,4233.717772999999,4252.94873,4218.205078,4214.102539,4189.743652,4170.256348,4165.256348,4223.717772999999
4191.922852000001,4165.128418,4194.871582,4194.230957,4184.615234000001,4231.922852000001,4240.384765999999,4240.128418,4208.846191,4207.307617,4186.794922,4174.615234000001,4166.025879,4220.256348
4190.384765999999,4171.666504,4197.05127,4199.358886999999,4190.128418,4231.666504,4222.94873,4230.641113000001,4202.436035,4206.538574,4190.769043,4176.922852000001,4172.307617,4218.589844
4194.853515999999,4174.707031,4200.878906,4201.685059,4189.834961,4228.241699,4222.143066,4230.402832,4201.245605,4206.39209,4195.292969,4179.890136999999,4175.439453,4221.831543
4199.322265999999,4177.74707,4204.707031,4204.01123,4189.541992,4224.816895,4221.336914,4230.165039,4200.055176,4206.245605,4199.816895,4182.856934,4178.571289,4225.073242
4203.791015999999,4180.787598,4208.534668,4206.336914,4189.249022999999,4221.39209,4220.53125,4229.926758,4198.864258,4206.099121,4204.34082,4185.824219,4181.703125,4228.314941
4208.260254,4183.827636999999,4212.362793,4208.663086,4188.956055,4217.966797,4219.725098,4229.688477000001,4197.673828,4205.952147999999,4208.864258,4188.791015999999,4184.834961,4231.556640999999
4212.729004,4186.868164,4216.19043,4210.98877,4188.663086,4214.541992,4218.919434,4229.450684,4196.483397999999,4205.805664,4213.388184,4191.758301,4187.966797,4234.79834
4217.197754,4189.908203,4220.018555,4213.314941,4188.370117,4211.117188,4218.11377,4229.212402,4195.292969,4205.65918,4217.912109000001,4194.725098,4191.099121,4238.040527
4221.666504,4192.94873,4223.846191,4215.641113000001,4188.077147999999,4207.692383,4217.307617,4228.974121,4194.102539,4205.512695,4222.436035,4197.692383,4194.230957,4241.282227000001
4195.0,4168.333496,4204.230957,4199.743652,4177.563965,4205.384765999999,4213.461426,4218.974121,4179.487305,4180.769043,4193.717772999999,4179.102539,4166.666504,4216.538574
4177.563965,4150.512695,4187.307617,4187.179688,4169.615234000001,4203.333496,4213.461426,4202.692383,4167.179688,4168.205078,4173.717772999999,4160.897461,4145.0,4198.205078
4177.820313,4153.461426,4180.128418,4184.102539,4175.512695,4213.717772999999,4217.179688,4207.563965,4181.922852000001,4177.563965,4177.436035,4160.384765999999,4148.077147999999,4195.0
4185.769043,4165.384765999999,4182.820313,4191.025879,4183.589844,4226.666504,4224.487305,4230.512695,4212.179688,4197.563965,4190.384765999999,4170.0,4165.0,4201.922852000001
4183.077147999999,4165.384765999999,4181.922852000001,4193.205078,4187.692383,4228.205078,4225.256348,4236.794922,4220.641113000001,4205.256348,4193.205078,4166.666504,4171.282227000001,4205.769043
4175.641113000001,4160.0,4173.589844,4185.897461,4192.436035,4225.0,4208.846191,4222.179688,4203.974121,4195.641113000001,4187.94873,4155.769043,4163.461426,4198.717772999999
4191.025879,4176.153809,4183.077147999999,4195.256348,4196.922852000001,4226.025879,4198.077147999999,4225.897461,4209.230957,4206.410156,4202.692383,4169.358886999999,4173.461426,4207.692383
4222.179688,4199.615234000001,4210.128418,4215.897461,4195.897461,4226.153809,4203.846191,4246.794922,4238.846191,4240.512695,4237.436035,4202.820313,4206.025879,4240.769043
4239.358886999999,4209.230957,4227.179688,4223.846191,4198.205078,4224.871582,4200.897461,4246.410156,4244.230957,4254.230957,4256.666504,4219.743652,4225.0,4264.487305
4236.794922,4208.333496,4227.692383,4223.846191,4203.077147999999,4221.153809,4192.307617,4225.641113000001,4217.05127,4233.974121,4244.487305,4212.307617,4217.179688,4259.743652
4236.025879,4203.846191,4228.461426,4226.282227000001,4201.025879,4215.769043,4195.512695,4216.666504,4195.512695,4215.256348,4229.358886999999,4204.615234000001,4210.641113000001,4251.538574
4240.897461,4198.589844,4237.307617,4226.666504,4197.179688,4205.897461,4193.589844,4227.692383,4194.871582,4214.743652,4233.333496,4206.666504,4215.384765999999,4252.820313
4234.230957,4190.0,4237.94873,4219.487305,4192.692383,4188.974121,4183.333496,4236.538574,4195.512695,4211.922852000001,4236.922852000001,4206.025879,4208.846191,4247.563965
4215.769043,4175.512695,4222.820313,4207.94873,4185.384765999999,4188.333496,4187.692383,4234.358886999999,4189.230957,4197.307617,4222.692383,4192.692383,4190.512695,4231.025879
4196.025879,4155.769043,4200.256348,4191.410156,4174.871582,4203.333496,4196.922852000001,4226.025879,4177.94873,4178.077147999999,4195.512695,4171.666504,4172.692383,4206.922852000001
4187.692383,4147.179688,4186.153809,4179.871582,4167.307617,4199.230957,4193.333496,4224.487305,4177.692383,4172.436035,4177.692383,4159.615234000001,4163.974121,4195.128418
4193.717772999999,4154.102539,4186.922852000001,4183.205078,4171.666504,4194.487305,4196.282227000001,4233.846191,4198.589844,4187.820313,4184.358886999999,4161.282227000001,4174.102539,4200.256348
4195.128418,4162.692383,4184.871582,4189.743652,4183.333496,4220.384765999999,4206.794922,4226.025879,4209.743652,4201.538574,4191.538574,4161.666504,4188.589844,4195.384765999999
4190.128418,4167.307617,4176.025879,4191.282227000001,4192.692383,4238.846191,4208.974121,4209.230957,4208.589844,4207.692383,4187.820313,4160.512695,4194.102539,4188.077147999999
4195.0,4168.589844,4177.436035,4193.205078,4195.512695,4230.0,4210.769043,4225.769043,4226.410156,4222.436035,4194.487305,4171.282227000001,4203.846191,4202.307617
4209.615234000001,4172.563965,4188.077147999999,4198.205078,4193.974121,4230.384765999999,4213.846191,4253.461426,4249.615234000001,4242.692383,4214.358886999999,4184.230957,4223.205078,4223.077147999999
4215.897461,4179.743652,4195.897461,4205.256348,4195.512695,4241.666504,4208.846191,4246.538574,4246.153809,4247.05127,4222.820313,4187.820313,4234.615234000001,4228.205078
4212.179688,4180.384765999999,4201.538574,4207.692383,4199.871582,4235.384765999999,4204.358886999999,4232.563965,4231.153809,4233.974121,4216.666504,4192.307617,4231.666504,4226.794922
4212.563965,4175.897461,4212.05127,4206.794922,4197.436035,4220.0,4209.487305,4250.512695,4231.794922,4228.589844,4217.307617,4201.282227000001,4227.05127,4233.205078
4222.94873,4177.820313,4226.794922,4213.974121,4190.384765999999,4212.94873,4215.0,4268.974121,4237.307617,4236.025879,4223.846191,4204.743652,4226.922852000001,4243.077147999999
4230.512695,4183.333496,4235.0,4223.205078,4191.794922,4210.641113000001,4209.358886999999,4254.615234000001,4226.538574,4231.922852000001,4221.410156,4200.769043,4224.615234000001,4243.461426
4228.717772999999,4185.512695,4235.256348,4223.717772999999,4194.487305,4202.307617,4199.743652,4239.871582,4212.436035,4219.615234000001,4213.846191,4198.461426,4220.641113000001,4238.077147999999
4223.077147999999,4182.05127,4229.102539,4217.05127,4183.846191,4184.871582,4197.563965,4243.974121,4205.0,4210.512695,4206.922852000001,4194.358886999999,4210.769043,4233.589844
4215.897461,4175.128418,4217.179688,4211.153809,4172.820313,4180.128418,4202.179688,4249.358886999999,4200.641113000001,4204.230957,4199.487305,4186.282227000001,4195.128418,4227.563965
4208.205078,4169.230957,4203.974121,4205.769043,4177.179688,4193.077147999999,4199.487305,4250.128418,4201.922852000001,4203.717772999999,4195.0,4178.461426,4188.846191,4219.487305
4201.282227000001,4163.333496,4195.769043,4197.692383,4182.94873,4199.871582,4193.717772999999,4242.94873,4203.077147999999,4202.820313,4193.717772999999,4175.256348,4195.897461,4212.436035
4196.282227000001,4164.230957,4191.666504,4194.615234000001,4189.615234000001,4205.0,4205.769043,4231.666504,4202.94873,4199.871582,4194.487305,4180.641113000001,4203.846191,4209.230957
4192.179688,4168.205078,4183.589844,4193.205078,4196.922852000001,4215.769043,4219.230957,4226.153809,4211.666504,4207.307617,4196.025879,4182.94873,4202.05127,4209.230957
4194.102539,4169.743652,4182.94873,4196.410156,4192.692383,4222.692383,4218.205078,4232.307617,4228.717772999999,4225.128418,4198.077147999999,4180.769043,4203.974121,4210.128418
4200.769043,4176.666504,4195.641113000001,4208.461426,4190.641113000001,4227.692383,4215.384765999999,4247.94873,4245.384765999999,4237.692383,4205.641113000001,4187.563965,4216.410156,4216.538574
4199.743652,4180.512695,4202.436035,4212.563965,4196.410156,4230.256348,4214.743652,4259.230957,4249.230957,4236.153809,4209.358886999999,4194.102539,4219.871582,4222.307617
4196.410156,4174.487305,4203.717772999999,4206.410156,4197.436035,4226.922852000001,4217.692383,4252.05127,4238.589844,4225.897461,4203.717772999999,4190.128418,4214.102539,4220.256348
4199.358886999999,4170.128418,4209.487305,4203.461426,4191.538574,4225.512695,4219.615234000001,4243.461426,4226.538574,4217.05127,4201.538574,4191.666504,4211.922852000001,4217.692383
4201.922852000001,4172.563965,4215.0,4206.153809,4186.794922,4217.05127,4208.846191,4251.538574,4221.794922,4214.102539,4203.333496,4198.589844,4210.641113000001,4218.846191
4199.615234000001,4172.94873,4214.487305,4208.333496,4185.769043,4198.077147999999,4195.128418,4242.307617,4210.256348,4206.922852000001,4198.717772999999,4194.743652,4206.666504,4216.153809
4198.717772999999,4170.384765999999,4214.871582,4209.615234000001,4186.666504,4192.179688,4198.974121,4215.512695,4192.307617,4196.794922,4191.794922,4190.769043,4207.563965,4213.589844
4202.692383,4174.871582,4218.205078,4211.025879,4194.230957,4209.358886999999,4214.615234000001,4220.641113000001,4196.666504,4201.025879,4196.410156,4199.487305,4214.102539,4219.102539
4198.077147999999,4177.820313,4211.153809,4210.512695,4202.307617,4226.666504,4217.05127,4228.846191,4207.692383,4207.436035,4198.461426,4200.769043,4214.871582,4217.05127
4187.307617,4171.282227000001,4193.974121,4206.666504,4204.358886999999,4226.794922,4203.717772999999,4200.128418,4195.0,4199.230957,4187.436035,4185.256348,4212.563965,4202.820313
4192.692383,4176.153809,4189.358886999999,4204.871582,4202.692383,4220.256348,4202.692383,4199.102539,4195.384765999999,4203.974121,4190.128418,4183.974121,4223.846191,4202.05127
4205.0,4188.717772999999,4195.641113000001,4208.461426,4198.589844,4215.769043,4215.512695,4237.820313,4222.179688,4222.94873,4202.820313,4198.974121,4234.871582,4213.589844
4199.743652,4181.538574,4189.743652,4206.922852000001,4197.307617,4217.05127,4212.94873,4238.846191,4229.358886999999,4220.641113000001,4194.871582,4201.153809,4226.922852000001,4214.358886999999
4188.846191,4165.256348,4183.846191,4199.743652,4197.05127,4221.153809,4201.794922,4227.94873,4220.384765999999,4209.871582,4183.589844,4191.538574,4218.077147999999,4204.615234000001
4190.128418,4164.743652,4194.358886999999,4197.94873,4188.846191,4218.205078,4209.102539,4252.436035,4225.769043,4212.563965,4189.230957,4191.282227000001,4219.102539,4200.128418
4196.538574,4173.461426,4208.333496,4204.743652,4184.743652,4211.282227000001,4222.692383,4259.358886999999,4228.461426,4214.871582,4192.820313,4197.05127,4222.692383,4202.94873
4199.487305,4171.666504,4212.436035,4208.461426,4192.05127,4205.641113000001,4216.282227000001,4237.563965,4216.794922,4207.179688,4186.538574,4198.461426,4220.384765999999,4203.974121
4196.538574,4166.794922,4211.666504,4207.05127,4193.589844,4206.538574,4209.743652,4232.436035,4206.922852000001,4199.358886999999,4186.666504,4197.307617,4215.897461,4201.282227000001
4195.256348,4172.307617,4217.436035,4212.563965,4191.025879,4216.794922,4214.358886999999,4229.615234000001,4200.0,4199.358886999999,4191.410156,4196.922852000001,4220.0,4202.820313
4202.05127,4180.641113000001,4223.846191,4218.717772999999,4198.846191,4212.692383,4203.461426,4216.153809,4194.871582,4206.153809,4193.717772999999,4201.282227000001,4230.512695,4209.743652
4207.94873,4185.256348,4223.589844,4218.717772999999,4207.05127,4199.615234000001,4193.333496,4222.179688,4203.717772999999,4216.666504,4199.615234000001,4209.743652,4237.436035,4215.128418
4207.05127,4193.974121,4219.615234000001,4220.769043,4207.820313,4210.384765999999,4202.307617,4226.025879,4213.974121,4226.025879,4207.563965,4215.384765999999,4243.717772999999,4219.487305
4203.974121,4201.666504,4215.128418,4222.94873,4211.282227000001,4226.538574,4208.717772999999,4212.563965,4216.410156,4230.256348,4207.05127,4212.692383,4249.871582,4218.974121
4202.179688,4195.128418,4210.897461,4219.230957,4209.615234000001,4225.256348,4210.384765999999,4224.871582,4221.922852000001,4228.461426,4199.102539,4207.179688,4241.410156,4211.410156
4196.410156,4182.436035,4206.153809,4212.05127,4199.358886999999,4218.974121,4211.666504,4243.077147999999,4220.512695,4217.692383,4187.307617,4201.410156,4221.410156,4200.512695
4188.717772999999,4177.05127,4204.743652,4207.05127,4201.922852000001,4219.487305,4206.410156,4239.230957,4215.128418,4209.358886999999,4178.717772999999,4194.102539,4211.410156,4193.077147999999
4186.025879,4176.153809,4205.769043,4205.384765999999,4209.615234000001,4225.641113000001,4207.692383,4246.025879,4220.641113000001,4212.692383,4180.897461,4193.461426,4215.0,4196.794922
4180.128418,4168.333496,4201.922852000001,4200.769043,4201.410156,4229.102539,4219.615234000001,4250.128418,4218.974121,4211.794922,4180.128418,4194.358886999999,4213.333496,4197.436035
4175.0,4162.307617,4201.794922,4196.153809,4194.743652,4221.025879,4220.641113000001,4231.153809,4206.666504,4204.743652,4171.153809,4189.102539,4206.025879,4190.128418
4178.077147999999,4164.871582,4206.410156,4194.615234000001,4196.153809,4208.974121,4202.692383,4220.384765999999,4203.461426,4202.179688,4164.102539,4189.743652,4201.538574,4188.461426
4183.205078,4165.128418,4206.282227000001,4192.692383,4192.05127,4214.358886999999,4193.333496,4232.692383,4208.077147999999,4203.205078,4163.461426,4200.897461,4199.871582,4193.974121
4188.077147999999,4165.384765999999,4205.0,4195.256348,4192.820313,4225.897461,4202.307617,4239.871582,4208.589844,4203.077147999999,4168.846191,4204.487305,4208.077147999999,4201.538574
4195.384765999999,4172.307617,4207.05127,4201.538574,4201.282227000001,4219.230957,4197.692383,4224.487305,4204.102539,4199.743652,4170.256348,4201.666504,4217.05127,4208.717772999999
4208.974121,4190.384765999999,4216.153809,4213.205078,4207.436035,4211.538574,4188.717772999999,4214.487305,4208.974121,4207.692383,4176.410156,4211.153809,4224.230957,4221.666504
4221.153809,4203.846191,4224.230957,4223.461426,4207.436035,4218.846191,4200.769043,4221.410156,4217.563965,4220.769043,4188.077147999999,4217.307617,4232.692383,4230.256348
4217.563965,4193.461426,4215.769043,4217.307617,4199.230957,4224.743652,4208.333496,4218.846191,4206.666504,4208.974121,4181.794922,4200.897461,4225.641113000001,4219.487305
4202.179688,4178.077147999999,4203.461426,4205.512695,4194.615234000001,4217.820313,4201.153809,4205.512695,4190.512695,4187.692383,4164.358886999999,4182.307617,4207.05127,4205.0
4195.512695,4176.666504,4209.230957,4204.358886999999,4195.128418,4211.538574,4207.307617,4216.282227000001,4195.641113000001,4190.897461,4163.589844,4183.717772999999,4200.0,4204.615234000001
4200.641113000001,4180.256348,4216.922852000001,4209.615234000001,4190.384765999999,4217.94873,4224.102539,4241.153809,4207.692383,4200.897461,4170.641113000001,4191.410156,4205.256348,4206.538574
4198.461426,4175.384765999999,4208.077147999999,4205.384765999999,4183.717772999999,4221.538574,4221.794922,4237.94873,4205.769043,4197.563965,4170.897461,4188.077147999999,4209.358886999999,4198.846191
4193.333496,4171.922852000001,4203.846191,4197.563965,4185.256348,4208.846191,4207.05127,4225.641113000001,4209.743652,4201.282227000001,4174.487305,4188.205078,4218.461426,4201.282227000001
4194.615234000001,4172.692383,4208.717772999999,4196.282227000001,4188.333496,4204.871582,4207.692383,4239.743652,4223.461426,4211.153809,4181.025879,4196.538574,4224.871582,4207.05127
4193.846191,4165.0,4201.153809,4192.820313,4184.871582,4220.641113000001,4218.461426,4255.641113000001,4222.94873,4206.153809,4179.487305,4198.974121,4212.820313,4196.153809
4194.102539,4165.512695,4194.743652,4190.512695,4186.282227000001,4227.94873,4215.384765999999,4248.205078,4222.692383,4208.461426,4185.897461,4199.615234000001,4211.794922,4192.94873
4203.589844,4178.333496,4203.846191,4195.641113000001,4191.410156,4220.897461,4204.102539,4238.717772999999,4235.769043,4226.538574,4204.487305,4205.256348,4230.641113000001,4208.717772999999
4214.615234000001,4187.820313,4209.615234000001,4202.563965,4194.487305,4221.794922,4203.333496,4236.153809,4238.333496,4233.717772999999,4212.179688,4208.717772999999,4242.05127,4220.256348
4226.025879,4203.846191,4215.0,4214.230957,4203.077147999999,4228.077147999999,4203.461426,4223.205078,4227.563965,4237.05127,4217.307617,4213.717772999999,4251.410156,4228.974121
4239.615234000001,4223.846191,4227.94873,4228.846191,4210.769043,4225.897461,4195.384765999999,4210.0,4226.538574,4243.205078,4230.0,4225.128418,4264.871582,4246.153809
4245.128418,4225.769043,4233.205078,4235.256348,4212.436035,4218.589844,4193.205078,4211.794922,4225.897461,4237.307617,4230.0,4227.820313,4258.589844,4248.846191
4236.794922,4213.717772999999,4227.436035,4230.0,4210.0,4208.717772999999,4195.641113000001,4215.0,4209.358886999999,4221.922852000001,4211.153809,4215.641113000001,4235.641113000001,4231.410156
4222.692383,4200.0,4218.717772999999,4217.94873,4199.743652,4203.589844,4203.333496,4210.512695,4190.512695,4202.94873,4193.589844,4202.179688,4219.358886999999,4215.128418
4211.282227000001,4186.282227000001,4211.922852000001,4207.820313,4190.0,4209.102539,4223.205078,4215.641113000001,4186.410156,4187.307617,4186.538574,4191.538574,4209.743652,4203.717772999999
4210.0,4181.794922,4210.128418,4208.717772999999,4190.512695,4204.102539,4227.05127,4234.615234000001,4200.769043,4191.410156,4189.358886999999,4185.897461,4206.794922,4199.102539
4210.897461,4182.563965,4209.102539,4210.384765999999,4187.563965,4193.461426,4211.410156,4238.205078,4211.922852000001,4203.205078,4194.487305,4187.820313,4214.102539,4201.025879
4204.230957,4177.563965,4203.717772999999,4203.461426,4176.538574,4197.94873,4214.487305,4229.102539,4211.025879,4201.922852000001,4190.897461,4190.769043,4219.743652,4200.512695
4196.922852000001,4172.436035,4198.077147999999,4196.794922,4172.307617,4205.0,4230.128418,4249.230957,4216.666504,4199.230957,4185.384765999999,4188.974121,4214.487305,4196.922852000001
4199.743652,4177.307617,4197.307617,4198.846191,4181.666504,4207.94873,4221.025879,4264.358886999999,4227.179688,4204.743652,4189.615234000001,4187.563965,4213.717772999999,4197.307617
4210.641113000001,4188.717772999999,4200.384765999999,4205.769043,4193.589844,4211.282227000001,4197.820313,4228.717772999999,4226.794922,4214.102539,4197.94873,4193.205078,4226.538574,4205.641113000001
4221.666504,4200.512695,4206.666504,4212.05127,4198.974121,4213.974121,4196.153809,4210.384765999999,4229.615234000001,4225.0,4208.974121,4204.743652,4239.487305,4218.717772999999
4228.589844,4211.666504,4215.128418,4218.846191,4207.307617,4220.769043,4199.743652,4231.153809,4237.179688,4228.974121,4220.512695,4210.128418,4240.897461,4228.974121
4226.538574,4211.153809,4217.820313,4221.922852000001,4211.538574,4221.666504,4184.487305,4208.717772999999,4216.794922,4216.153809,4216.410156,4206.794922,4230.897461,4225.0
4220.641113000001,4200.384765999999,4216.666504,4221.538574,4206.153809,4212.05127,4180.384765999999,4167.563965,4190.769043,4203.846191,4202.820313,4203.974121,4220.897461,4216.282227000001
4217.94873,4199.871582,4216.153809,4221.666504,4204.871582,4203.846191,4196.794922,4177.563965,4189.230957,4201.025879,4194.871582,4195.256348,4213.077147999999,4209.230957
4213.974121,4205.769043,4211.282227000001,4220.641113000001,4206.410156,4201.922852000001,4200.128418,4199.230957,4191.410156,4195.128418,4188.205078,4182.820313,4203.974121,4197.179688
4210.897461,4206.282227000001,4210.897461,4222.436035,4206.025879,4206.025879,4196.410156,4206.922852000001,4197.05127,4197.05127,4188.717772999999,4183.333496,4207.692383,4195.0
4211.922852000001,4205.641113000001,4216.410156,4223.846191,4202.436035,4202.94873,4206.025879,4219.871582,4208.846191,4209.487305,4197.563965,4189.615234000001,4215.769043,4202.94873
4213.974121,4202.820313,4210.641113000001,4221.282227000001,4193.077147999999,4190.897461,4215.641113000001,4226.153809,4210.641113000001,4210.128418,4197.692383,4187.692383,4210.641113000001,4197.94873
4210.512695,4193.589844,4196.666504,4213.846191,4185.384765999999,4193.205078,4215.0,4217.307617,4204.487305,4199.743652,4188.077147999999,4181.794922,4204.871582,4185.641113000001
4210.0,4193.077147999999,4195.641113000001,4208.333496,4188.589844,4204.230957,4211.410156,4220.0,4210.256348,4203.589844,4188.205078,4182.692383,4213.974121,4190.512695
4214.871582,4201.410156,4198.589844,4210.0,4194.743652,4201.922852000001,4207.307617,4243.333496,4227.436035,4217.692383,4197.692383,4186.153809,4225.897461,4201.410156
4213.077147999999,4199.871582,4192.179688,4212.05127,4192.94873,4201.666504,4205.384765999999,4241.538574,4227.563965,4216.025879,4197.436035,4184.615234000001,4226.025879,4196.153809
4212.820313,4196.794922,4193.589844,4213.077147999999,4195.256348,4215.384765999999,4213.077147999999,4210.769043,4211.025879,4207.820313,4194.487305,4185.256348,4225.897461,4192.692383
4218.717772999999,4199.487305,4202.94873,4214.358886999999,4201.282227000001,4217.436035,4220.256348,4212.436035,4211.282227000001,4209.230957,4198.077147999999,4187.692383,4232.179688,4199.230957
4222.563965,4198.461426,4206.282227000001,4216.410156,4201.538574,4208.717772999999,4210.256348,4233.717772999999,4220.256348,4208.589844,4196.025879,4184.102539,4235.384765999999,4198.077147999999
4222.94873,4197.05127,4206.025879,4220.769043,4199.871582,4214.358886999999,4199.102539,4207.94873,4206.153809,4200.641113000001,4190.384765999999,4182.436035,4235.384765999999,4192.307617
4219.102539,4192.436035,4200.256348,4217.436035,4200.384765999999,4216.794922,4201.922852000001,4157.692383,4178.461426,4186.794922,4184.871582,4181.538574,4227.307617,4186.666504
4213.589844,4188.333496,4196.025879,4209.358886999999,4205.897461,4203.077147999999,4202.179688,4152.307617,4170.641113000001,4175.769043,4177.94873,4171.410156,4215.0,4178.205078
4214.871582,4195.512695,4201.922852000001,4212.820313,4207.179688,4202.179688,4200.641113000001,4183.717772999999,4188.077147999999,4183.461426,4180.897461,4173.974121,4218.205078,4176.282227000001
4210.769043,4192.820313,4199.487305,4213.974121,4196.794922,4216.025879,4210.0,4201.666504,4198.717772999999,4189.615234000001,4181.282227000001,4183.205078,4222.692383,4173.077147999999
4198.846191,4180.384765999999,4189.743652,4203.461426,4193.589844,4216.794922,4224.487305,4210.0,4200.641113000001,4189.615234000001,4175.128418,4174.743652,4216.538574,4165.384765999999
4196.922852000001,4181.410156,4188.333496,4199.102539,4197.179688,4210.128418,4228.846191,4225.0,4212.692383,4201.282227000001,4182.94873,4169.102539,4217.05127,4167.692383
4202.436035,4187.563965,4188.461426,4202.820313,4196.025879,4215.0,4222.563965,4232.563965,4224.615234000001,4211.410156,4194.743652,4175.384765999999,4223.717772999999,4173.589844
4207.94873,4189.487305,4190.384765999999,4204.871582,4198.974121,4223.205078,4222.307617,4231.282227000001,4225.384765999999,4212.820313,4196.282227000001,4177.179688,4228.846191,4177.563965
4211.410156,4191.794922,4197.307617,4204.871582,4200.769043,4214.487305,4223.974121,4225.384765999999,4217.179688,4212.179688,4196.282227000001,4180.0,4229.871582,4184.871582
4216.153809,4196.538574,4204.230957,4206.153809,4193.974121,4197.179688,4211.025879,4216.922852000001,4211.666504,4211.666504,4201.282227000001,4192.179688,4229.102539,4193.717772999999
4220.769043,4198.461426,4207.307617,4207.692383,4195.897461,4199.358886999999,4193.974121,4212.05127,4209.102539,4207.307617,4203.077147999999,4196.666504,4226.410156,4195.128418
4214.615234000001,4191.282227000001,4200.128418,4206.666504,4204.102539,4212.436035,4194.487305,4202.820313,4197.179688,4194.358886999999,4193.717772999999,4186.153809,4211.025879,4186.282227000001
4201.025879,4181.666504,4191.025879,4202.820313,4205.256348,4208.717772999999,4201.410156,4180.512695,4178.974121,4179.743652,4180.256348,4175.769043,4193.717772999999,4172.94873
4194.358886999999,4176.410156,4187.94873,4196.666504,4197.820313,4198.589844,4194.102539,4171.922852000001,4171.153809,4168.974121,4169.102539,4169.230957,4184.871582,4162.820313
4191.922852000001,4169.871582,4185.256348,4192.820313,4192.820313,4205.128418,4195.641113000001,4185.512695,4174.743652,4159.615234000001,4158.717772999999,4164.615234000001,4175.641113000001,4154.871582
4188.717772999999,4164.230957,4183.205078,4192.307617,4195.384765999999,4214.102539,4213.461426,4189.871582,4185.512695,4161.410156,4154.871582,4162.179688,4171.922852000001,4148.974121
4196.794922,4172.05127,4187.94873,4194.230957,4196.794922,4209.743652,4215.641113000001,4203.589844,4216.025879,4191.410156,4172.179688,4167.179688,4192.307617,4154.871582
4207.307617,4186.282227000001,4192.179688,4201.538574,4197.179688,4210.769043,4207.692383,4226.794922,4238.974121,4218.717772999999,4193.461426,4173.333496,4214.743652,4164.358886999999
4204.230957,4190.641113000001,4186.410156,4207.94873,4203.974121,4216.922852000001,4205.769043,4214.358886999999,4226.410156,4211.794922,4193.461426,4176.025879,4213.077147999999,4163.461426
4202.94873,4190.256348,4183.589844,4210.897461,4209.615234000001,4212.307617,4201.153809,4191.922852000001,4211.538574,4203.333496,4189.615234000001,4181.794922,4211.538574,4162.179688
4205.384765999999,4190.128418,4185.384765999999,4209.102539,4209.230957,4210.641113000001,4197.179688,4195.128418,4209.102539,4206.794922,4193.589844,4183.717772999999,4220.641113000001,4164.358886999999
4203.846191,4188.077147999999,4186.025879,4208.205078,4213.589844,4214.358886999999,4198.589844,4200.897461,4204.871582,4206.794922,4198.333496,4182.820313,4225.384765999999,4164.487305
4217.05127,4198.077147999999,4199.487305,4222.563965,4223.589844,4204.615234000001,4195.769043,4205.512695,4209.743652,4213.589844,4209.743652,4194.487305,4238.846191,4174.487305
4232.436035,4204.358886999999,4213.846191,4228.461426,4217.179688,4188.077147999999,4194.102539,4207.692383,4206.410156,4214.487305,4213.333496,4203.974121,4248.846191,4185.256348
4224.871582,4189.358886999999,4207.436035,4210.512695,4201.538574,4186.282227000001,4200.512695,4198.077147999999,4185.256348,4194.487305,4198.077147999999,4196.922852000001,4232.692383,4179.230957
4220.128418,4186.282227000001,4205.0,4207.307617,4204.615234000001,4191.922852000001,4194.743652,4209.871582,4194.615234000001,4194.487305,4196.538574,4196.666504,4225.128418,4177.692383
4228.589844,4201.025879,4218.077147999999,4222.436035,4211.794922,4189.230957,4185.897461,4227.563965,4223.974121,4215.128418,4208.846191,4203.461426,4239.743652,4188.077147999999
4220.512695,4196.538574,4211.666504,4217.179688,4202.307617,4192.94873,4193.077147999999,4193.589844,4209.615234000001,4202.820313,4195.0,4190.0,4231.282227000001,4181.153809
4200.641113000001,4176.922852000001,4189.871582,4198.333496,4192.563965,4202.179688,4196.153809,4153.974121,4179.230957,4177.820313,4170.256348,4171.410156,4204.358886999999,4163.846191
4192.820313,4176.538574,4184.615234000001,4194.871582,4199.102539,4205.384765999999,4189.743652,4166.794922,4186.794922,4182.94873,4170.512695,4171.025879,4201.666504,4160.641113000001
4193.589844,4184.871582,4186.794922,4201.153809,4211.153809,4211.794922,4189.102539,4190.128418,4206.282227000001,4194.358886999999,4177.307617,4173.974121,4209.743652,4159.358886999999
4190.512695,4176.666504,4179.743652,4198.846191,4210.256348,4214.487305,4189.487305,4190.128418,4207.563965,4190.897461,4170.641113000001,4169.487305,4202.307617,4154.358886999999
4183.205078,4167.820313,4176.538574,4191.666504,4208.077147999999,4212.05127,4191.410156,4191.025879,4205.0,4192.94873,4168.846191,4168.717772999999,4196.410156,4153.589844
4182.692383,4173.846191,4183.846191,4195.384765999999,4218.333496,4215.0,4194.102539,4189.743652,4203.205078,4201.666504,4177.05127,4175.256348,4203.205078,4154.871582
4196.538574,4188.461426,4196.282227000001,4207.563965,4223.461426,4210.897461,4193.589844,4180.384765999999,4198.461426,4203.077147999999,4182.94873,4186.410156,4214.102539,4165.384765999999
4211.538574,4195.0,4206.410156,4213.077147999999,4215.256348,4202.563965,4207.563965,4186.538574,4194.230957,4203.974121,4187.94873,4194.487305,4220.384765999999,4181.410156
4216.025879,4195.256348,4208.333496,4215.769043,4214.487305,4202.307617,4213.846191,4197.563965,4192.436035,4209.487305,4195.384765999999,4197.820313,4226.153809,4187.563965
4220.512695,4201.538574,4211.025879,4223.717772999999,4223.333496,4204.487305,4198.333496,4196.538574,4193.589844,4212.179688,4200.512695,4203.333496,4235.128418,4191.666504
4225.641113000001,4206.025879,4220.256348,4228.333496,4227.563965,4210.769043,4193.846191,4191.794922,4194.487305,4211.025879,4199.358886999999,4207.179688,4237.05127,4198.589844
4223.974121,4203.205078,4222.692383,4224.230957,4222.94873,4207.179688,4190.0,4185.897461,4193.077147999999,4207.179688,4191.666504,4200.384765999999,4226.794922,4196.025879
4225.512695,4198.077147999999,4218.846191,4222.563965,4209.102539,4185.641113000001,4182.05127,4197.94873,4204.615234000001,4207.563965,4186.410156,4195.897461,4220.641113000001,4193.461426
4228.589844,4191.410156,4218.333496,4219.487305,4196.538574,4181.794922,4193.846191,4221.538574,4217.307617,4211.666504,4188.717772999999,4197.563965,4219.358886999999,4196.538574
4221.282227000001,4183.589844,4213.717772999999,4212.692383,4199.487305,4206.153809,4202.307617,4218.077147999999,4216.666504,4212.05127,4187.563965,4192.05127,4214.615234000001,4192.436035
4211.410156,4182.307617,4202.820313,4208.333496,4204.871582,4213.846191,4196.922852000001,4209.358886999999,4218.974121,4209.743652,4181.153809,4184.871582,4210.641113000001,4180.128418
4199.102539,4170.897461,4189.487305,4195.769043,4192.179688,4200.384765999999,4207.692383,4223.461426,4219.358886999999,4199.358886999999,4171.410156,4180.641113000001,4200.256348,4165.769043
4190.0,4158.846191,4183.974121,4187.820313,4184.871582,4205.512695,4212.179688,4225.897461,4211.666504,4193.205078,4169.358886999999,4179.487305,4189.871582,4162.436035
4196.538574,4168.461426,4190.769043,4199.358886999999,4197.692383,4218.717772999999,4195.512695,4197.820313,4205.769043,4200.128418,4178.846191,4184.102539,4193.333496,4169.102539
4201.025879,4172.692383,4189.230957,4205.897461,4202.563965,4220.0,4200.128418,4171.538574,4191.282227000001,4195.512695,4179.743652,4181.794922,4193.205078,4168.077147999999
4198.974121,4167.179688,4183.589844,4203.846191,4200.128418,4219.487305,4212.94873,4171.282227000001,4171.922852000001,4181.410156,4174.230957,4174.230957,4183.589844,4167.563965
4206.410156,4168.846191,4191.794922,4209.358886999999,4201.794922,4218.974121,4197.94873,4177.94873,4169.871582,4179.358886999999,4176.922852000001,4176.922852000001,4185.769043,4175.512695
4223.717772999999,4177.820313,4207.94873,4220.0,4208.589844,4212.563965,4178.077147999999,4162.05127,4179.358886999999,4193.589844,4189.615234000001,4188.333496,4209.487305,4185.512695
4230.641113000001,4180.256348,4212.05127,4221.794922,4214.487305,4201.666504,4175.384765999999,4139.102539,4173.077147999999,4195.384765999999,4195.641113000001,4189.615234000001,4221.410156,4189.615234000001
4227.563965,4173.846191,4210.641113000001,4215.384765999999,4208.974121,4192.94873,4175.641113000001,4163.717772999999,4171.153809,4185.641113000001,4194.102539,4187.692383,4213.589844,4190.769043
4239.102539,4178.846191,4222.563965,4220.641113000001,4203.974121,4191.410156,4180.0,4208.461426,4200.128418,4199.615234000001,4206.025879,4201.922852000001,4221.666504,4201.666504
4249.487305,4185.512695,4228.077147999999,4228.589844,4208.589844,4198.717772999999,4187.307617,4195.512695,4210.512695,4215.0,4212.05127,4210.128418,4228.589844,4208.205078
4236.922852000001,4177.563965,4216.282227000001,4219.487305,4211.282227000001,4204.871582,4183.589844,4168.974121,4192.692383,4206.410156,4200.128418,4199.102539,4211.666504,4194.487305
4223.205078,4164.743652,4208.333496,4207.563965,4203.205078,4202.436035,4191.794922,4200.769043,4202.307617,4202.179688,4194.230957,4192.05127,4199.230957,4180.897461
4223.205078,4161.794922,4208.589844,4208.333496,4199.871582,4204.871582,4212.05127,4227.436035,4225.128418,4211.025879,4195.769043,4194.358886999999,4200.897461,4176.794922
4218.974121,4162.692383,4202.94873,4208.205078,4206.538574,4213.589844,4210.0,4204.358886999999,4220.256348,4209.743652,4192.05127,4190.897461,4200.128418,4169.230957
4210.641113000001,4158.333496,4191.666504,4200.0,4203.974121,4219.230957,4206.922852000001,4189.871582,4207.05127,4200.641113000001,4187.820313,4181.410156,4198.461426,4163.717772999999
4206.153809,4151.538574,4186.025879,4194.871582,4197.94873,4224.102539,4219.358886999999,4193.589844,4197.94873,4191.282227000001,4183.846191,4175.256348,4197.05127,4163.589844
4202.94873,4149.487305,4186.538574,4195.0,4199.743652,4227.820313,4213.717772999999,4175.512695,4178.717772999999,4177.692383,4176.794922,4173.461426,4193.974121,4163.846191
4210.0,4157.307617,4190.897461,4198.461426,4203.846191,4222.563965,4199.102539,4152.563965,4159.871582,4170.641113000001,4177.436035,4176.666504,4196.666504,4170.384765999999
4221.025879,4166.666504,4198.717772999999,4204.871582,4207.820313,4214.743652,4203.333496,4150.128418,4156.153809,4178.077147999999,4187.94873,4183.205078,4204.615234000001,4181.282227000001
4224.615234000001,4175.128418,4208.333496,4212.692383,4212.307617,4211.410156,4199.230957,4160.256348,4169.102539,4192.563965,4200.897461,4192.563965,4220.128418,4189.743652
4231.025879,4185.256348,4216.538574,4219.487305,4212.179688,4206.410156,4188.846191,4178.333496,4188.974121,4204.230957,4212.05127,4200.641113000001,4239.102539,4199.487305
4231.538574,4183.461426,4217.820313,4218.974121,4208.589844,4202.05127,4197.307617,4194.487305,4198.077147999999,4207.692383,4214.615234000001,4196.666504,4244.743652,4198.461426
4220.512695,4174.871582,4213.846191,4216.410156,4211.538574,4200.512695,4190.769043,4190.769043,4202.563965,4211.922852000001,4210.256348,4190.0,4234.743652,4185.0
4219.230957,4180.384765999999,4212.94873,4220.0,4218.205078,4201.666504,4183.461426,4197.179688,4220.0,4226.538574,4211.153809,4192.307617,4224.358886999999,4179.487305
4214.487305,4179.743652,4206.410156,4213.846191,4212.05127,4199.615234000001,4204.743652,4218.717772999999,4227.05127,4225.384765999999,4207.05127,4190.384765999999,4211.410156,4173.077147999999
4193.205078,4162.692383,4193.717772999999,4197.05127,4201.282227000001,4196.025879,4212.307617,4206.538574,4204.102539,4202.05127,4188.333496,4178.333496,4195.512695,4156.922852000001
4185.128418,4160.897461,4188.333496,4195.256348,4205.128418,4206.794922,4202.820313,4186.153809,4194.102539,4194.102539,4179.102539,4171.666504,4198.333496,4151.922852000001
4193.717772999999,4168.846191,4188.333496,4200.769043,4206.922852000001,4214.615234000001,4209.615234000001,4193.333496,4203.333496,4198.846191,4180.897461,4172.692383,4200.256348,4156.282227000001
4191.025879,4163.333496,4186.282227000001,4195.512695,4199.358886999999,4211.666504,4225.769043,4193.461426,4193.461426,4187.563965,4175.769043,4173.461426,4184.230957,4151.922852000001
4180.769043,4160.897461,4183.846191,4191.538574,4204.743652,4211.794922,4218.205078,4172.436035,4173.717772999999,4174.102539,4169.487305,4172.436035,4176.794922,4147.179688
4185.0,4170.256348,4184.102539,4196.666504,4212.94873,4205.128418,4196.025879,4161.922852000001,4169.487305,4177.179688,4171.410156,4171.410156,4182.820313,4153.589844
4194.358886999999,4173.077147999999,4189.871582,4201.282227000001,4208.717772999999,4201.282227000001,4201.538574,4175.0,4177.692383,4182.05127,4177.692383,4174.487305,4187.05127,4162.563965
4198.461426,4175.128418,4200.128418,4200.641113000001,4207.179688,4211.666504,4214.230957,4185.641113000001,4187.692383,4188.205078,4189.871582,4187.563965,4198.717772999999,4172.692383
4204.102539,4186.282227000001,4209.871582,4204.743652,4215.641113000001,4211.794922,4198.974121,4182.436035,4195.897461,4202.179688,4201.538574,4197.94873,4214.871582,4182.179688
4205.256348,4184.743652,4210.897461,4207.307617,4221.025879,4201.153809,4182.436035,4174.487305,4193.205078,4204.487305,4194.743652,4188.846191,4207.307617,4176.666504
4198.333496,4172.820313,4203.333496,4199.358886999999,4219.230957,4198.589844,4183.846191,4177.820313,4188.077147999999,4194.102539,4186.025879,4179.743652,4197.820313,4168.077147999999
4200.897461,4177.307617,4205.897461,4200.128418,4217.94873,4203.974121,4192.307617,4199.871582,4202.179688,4206.025879,4202.692383,4192.05127,4220.512695,4179.487305
4205.641113000001,4179.743652,4213.333496,4206.282227000001,4216.922852000001,4211.410156,4203.846191,4218.333496,4215.897461,4224.102539,4215.512695,4197.820313,4238.077147999999,4187.692383
4194.743652,4161.410156,4204.743652,4193.974121,4209.615234000001,4207.820313,4208.846191,4215.256348,4209.230957,4210.128418,4200.0,4184.487305,4222.179688,4173.846191
4191.794922,4157.179688,4200.256348,4186.025879,4205.897461,4192.179688,4206.538574,4207.179688,4206.538574,4198.589844,4195.0,4181.153809,4216.025879,4172.179688
4204.871582,4171.538574,4210.0,4197.820313,4209.615234000001,4194.102539,4216.025879,4206.410156,4213.077147999999,4210.384765999999,4210.769043,4190.256348,4229.487305,4184.743652
4207.692383,4173.846191,4212.563965,4201.794922,4213.717772999999,4210.128418,4226.538574,4200.769043,4207.692383,4210.641113000001,4211.153809,4193.077147999999,4225.384765999999,4185.897461
4199.230957,4169.102539,4207.05127,4195.0,4216.538574,4207.05127,4210.128418,4193.205078,4195.897461,4196.538574,4199.102539,4190.769043,4210.641113000001,4180.256348
4199.743652,4172.05127,4203.589844,4192.94873,4220.769043,4200.256348,4186.153809,4180.897461,4188.846191,4189.230957,4196.538574,4189.871582,4208.333496,4176.794922
4204.743652,4177.820313,4202.692383,4193.589844,4221.538574,4208.846191,4195.512695,4170.641113000001,4187.179688,4193.333496,4200.384765999999,4190.769043,4212.692383,4173.717772999999
4196.153809,4170.769043,4197.563965,4189.102539,4213.077147999999,4208.333496,4219.487305,4175.769043,4184.615234000001,4189.871582,4193.717772999999,4187.820313,4207.179688,4165.256348
4182.94873,4155.897461,4190.256348,4182.307617,4206.922852000001,4198.974121,4214.230957,4177.05127,4175.769043,4175.641113000001,4179.871582,4177.179688,4196.025879,4155.641113000001
4180.512695,4151.538574,4190.128418,4176.922852000001,4206.282227000001,4199.358886999999,4205.769043,4165.769043,4169.230957,4168.974121,4176.282227000001,4170.512695,4188.589844,4153.461426
4182.563965,4155.384765999999,4194.871582,4175.0,4200.897461,4194.871582,4216.153809,4167.307617,4173.589844,4172.436035,4182.94873,4175.128418,4188.717772999999,4153.589844
4188.333496,4163.205078,4200.256348,4183.589844,4204.230957,4182.692383,4210.128418,4191.410156,4187.179688,4181.538574,4193.589844,4185.128418,4201.538574,4159.743652
4198.205078,4175.128418,4207.436035,4195.128418,4216.538574,4182.05127,4193.077147999999,4201.153809,4199.487305,4195.769043,4202.94873,4194.743652,4216.282227000001,4178.589844
4199.871582,4179.871582,4210.897461,4198.333496,4220.128418,4188.205078,4199.230957,4186.410156,4201.025879,4204.615234000001,4204.487305,4197.820313,4218.205078,4185.641113000001
4196.666504,4176.153809,4206.666504,4196.025879,4217.436035,4185.512695,4206.410156,4179.615234000001,4199.615234000001,4204.102539,4202.563965,4195.256348,4210.641113000001,4173.717772999999
4199.615234000001,4180.769043,4203.333496,4196.410156,4216.922852000001,4185.128418,4196.153809,4187.94873,4205.897461,4205.512695,4206.153809,4196.282227000001,4212.692383,4174.230957
4206.922852000001,4191.794922,4207.179688,4200.128418,4220.128418,4197.436035,4196.666504,4198.717772999999,4216.922852000001,4211.538574,4212.692383,4202.307617,4224.871582,4187.436035
4205.769043,4188.077147999999,4206.922852000001,4197.692383,4221.025879,4203.461426,4211.025879,4206.794922,4219.358886999999,4208.333496,4212.179688,4203.205078,4223.717772999999,4184.487305
4198.717772999999,4174.615234000001,4200.384765999999,4191.282227000001,4217.563965,4208.205078,4224.743652,4208.846191,4213.589844,4199.358886999999,4205.128418,4196.153809,4210.897461,4171.410156
4192.692383,4166.666504,4194.230957,4186.025879,4212.820313,4221.282227000001,4228.589844,4187.820313,4200.512695,4187.563965,4189.102539,4187.820313,4201.666504,4163.077147999999
4179.615234000001,4158.717772999999,4186.025879,4178.205078,4207.307617,4215.897461,4221.153809,4168.077147999999,4180.384765999999,4167.94873,4170.641113000001,4179.102539,4190.384765999999,4153.589844
4166.794922,4154.230957,4181.282227000001,4173.589844,4201.538574,4193.846191,4220.128418,4182.820313,4172.94873,4156.410156,4168.589844,4170.897461,4181.794922,4147.820313
4168.974121,4162.436035,4188.589844,4179.358886999999,4202.563965,4184.743652,4216.794922,4190.512695,4180.256348,4168.589844,4179.102539,4173.333496,4192.563965,4150.769043
4175.0,4171.282227000001,4193.589844,4188.205078,4207.05127,4191.666504,4204.102539,4166.538574,4180.897461,4183.461426,4183.717772999999,4184.358886999999,4208.205078,4153.333496
4175.384765999999,4170.641113000001,4190.0,4190.769043,4210.384765999999,4195.256348,4198.333496,4157.94873,4170.128418,4178.205078,4183.205078,4188.333496,4210.256348,4155.256348
4184.230957,4172.563965,4196.282227000001,4191.410156,4215.512695,4186.666504,4195.256348,4181.282227000001,4176.538574,4176.153809,4191.025879,4191.538574,4212.179688,4166.922852000001
4203.846191,4188.974121,4217.307617,4202.820313,4221.538574,4178.589844,4189.487305,4201.922852000001,4207.179688,4203.333496,4209.230957,4205.897461,4230.384765999999,4186.025879
4217.94873,4207.436035,4231.282227000001,4218.461426,4225.384765999999,4182.436035,4192.307617,4205.256348,4222.692383,4228.974121,4223.461426,4219.102539,4249.487305,4197.820313
4221.153809,4210.0,4230.641113000001,4221.538574,4227.179688,4181.025879,4193.717772999999,4202.179688,4215.897461,4224.487305,4223.461426,4221.153809,4247.563965,4199.102539
4214.230957,4200.128418,4221.922852000001,4211.538574,4225.769043,4176.025879,4197.307617,4201.410156,4215.256348,4214.102539,4216.025879,4215.0,4228.205078,4189.615234000001
4197.692383,4184.358886999999,4206.282227000001,4195.897461,4218.589844,4188.077147999999,4215.897461,4204.102539,4214.743652,4209.871582,4204.230957,4200.128418,4203.461426,4170.512695
4190.0,4177.692383,4199.102539,4191.282227000001,4216.538574,4199.102539,4220.897461,4209.615234000001,4209.871582,4207.94873,4200.0,4189.743652,4195.769043,4161.410156
4188.461426,4175.256348,4200.128418,4193.589844,4213.077147999999,4190.641113000001,4213.846191,4207.436035,4204.102539,4202.307617,4196.538574,4184.358886999999,4194.358886999999,4158.974121
4176.666504,4158.974121,4191.025879,4182.820313,4199.102539,4185.384765999999,4221.666504,4191.922852000001,4186.153809,4181.538574,4178.077147999999,4171.025879,4173.077147999999,4145.769043
4172.436035,4151.922852000001,4186.282227000001,4177.692383,4203.461426,4197.307617,4222.436035,4176.922852000001,4172.94873,4170.641113000001,4169.871582,4167.692383,4163.846191,4141.410156
4176.410156,4160.897461,4190.512695,4187.05127,4215.384765999999,4200.769043,4207.307617,4156.410156,4167.179688,4175.897461,4173.077147999999,4176.794922,4176.794922,4148.846191
4172.307617,4164.102539,4186.538574,4185.256348,4210.897461,4191.282227000001,4204.230957,4141.025879,4157.820313,4167.820313,4165.769043,4176.922852000001,4177.05127,4148.589844
4182.692383,4171.922852000001,4189.102539,4184.871582,4215.769043,4195.897461,4212.436035,4164.615234000001,4172.820313,4170.256348,4171.794922,4183.461426,4184.743652,4159.743652
4217.179688,4198.205078,4213.717772999999,4209.358886999999,4236.922852000001,4211.025879,4214.358886999999,4198.846191,4209.102539,4209.230957,4203.461426,4210.512695,4223.461426,4190.769043
4240.641113000001,4213.077147999999,4232.692383,4228.717772999999,4242.692383,4213.461426,4211.410156,4210.512695,4226.410156,4236.538574,4222.307617,4225.897461,4246.538574,4206.538574
4241.025879,4205.128418,4226.282227000001,4218.589844,4230.128418,4205.641113000001,4208.205078,4223.333496,4227.307617,4226.538574,4214.102539,4217.307617,4233.974121,4198.974121
4244.358886999999,4204.358886999999,4218.077147999999,4212.436035,4225.128418,4203.205078,4206.666504,4234.615234000001,4232.179688,4221.666504,4208.333496,4214.743652,4227.179688,4195.641113000001
4250.769043,4208.461426,4221.538574,4223.333496,4225.0,4196.922852000001,4206.282227000001,4222.179688,4234.230957,4229.743652,4211.153809,4215.897461,4235.897461,4200.769043
4245.769043,4198.077147999999,4216.922852000001,4219.358886999999,4216.025879,4188.077147999999,4210.256348,4217.179688,4226.794922,4222.692383,4203.333496,4208.077147999999,4234.871582,4192.94873
4238.077147999999,4184.102539,4204.230957,4204.102539,4213.333496,4200.384765999999,4222.05127,4221.282227000001,4213.205078,4207.05127,4187.05127,4199.487305,4222.179688,4175.384765999999
4233.205078,4175.384765999999,4196.153809,4199.487305,4218.461426,4207.05127,4224.102539,4193.974121,4196.025879,4193.589844,4175.512695,4189.615234000001,4207.179688,4166.153809
4229.358886999999,4168.333496,4188.077147999999,4196.025879,4213.077147999999,4192.820313,4212.820313,4156.922852000001,4179.743652,4181.538574,4170.897461,4181.666504,4192.05127,4165.897461
4229.358886999999,4168.717772999999,4183.846191,4191.666504,4201.794922,4197.436035,4216.666504,4157.692383,4174.230957,4181.410156,4172.563965,4183.589844,4184.743652,4166.666504
4230.641113000001,4167.436035,4185.384765999999,4186.153809,4195.641113000001,4209.487305,4226.153809,4164.743652,4170.769043,4179.487305,4171.282227000001,4184.358886999999,4185.769043,4164.230957
4235.0,4165.128418,4188.974121,4185.641113000001,4196.666504,4203.589844,4218.717772999999,4147.436035,4162.94873,4170.769043,4171.794922,4183.461426,4195.769043,4166.922852000001
4247.179688,4181.538574,4195.256348,4200.384765999999,4208.589844,4206.282227000001,4208.205078,4147.05127,4173.717772999999,4185.256348,4192.436035,4194.871582,4214.487305,4179.743652
4260.256348,4199.230957,4198.846191,4207.563965,4220.384765999999,4217.820313,4210.128418,4175.769043,4198.205078,4211.153809,4214.102539,4206.794922,4228.974121,4191.282227000001
4264.358886999999,4200.641113000001,4200.512695,4199.487305,4219.615234000001,4212.563965,4217.692383,4205.641113000001,4219.871582,4222.94873,4218.589844,4210.769043,4241.153809,4198.461426
4263.974121,4196.025879,4205.512695,4198.974121,4214.871582,4203.717772999999,4216.794922,4230.128418,4237.820313,4228.717772999999,4219.102539,4214.102539,4249.358886999999,4201.410156
4268.461426,4195.128418,4208.717772999999,4208.205078,4217.563965,4207.692383,4212.05127,4237.05127,4240.769043,4229.358886999999,4218.461426,4214.743652,4243.589844,4197.692383
4274.102539,4197.179688,4207.820313,4210.256348,4221.538574,4208.974121,4211.153809,4218.461426,4226.538574,4219.358886999999,4213.333496,4211.538574,4234.102539,4196.794922
4266.410156,4190.512695,4206.282227000001,4203.077147999999,4210.0,4196.025879,4216.025879,4202.563965,4213.846191,4205.384765999999,4205.897461,4204.871582,4226.666504,4195.384765999999
4252.179688,4181.282227000001,4204.871582,4196.153809,4195.897461,4185.384765999999,4219.743652,4208.333496,4210.512695,4198.333496,4200.897461,4198.717772999999,4217.820313,4184.743652
4248.589844,4179.615234000001,4201.153809,4194.487305,4197.307617,4187.563965,4214.487305,4196.666504,4196.666504,4193.077147999999,4196.153809,4194.743652,4210.0,4175.256348
4250.512695,4178.589844,4198.589844,4196.153809,4206.153809,4194.615234000001,4209.230957,4158.589844,4175.769043,4186.410156,4190.641113000001,4190.769043,4204.487305,4174.230957
4256.153809,4181.282227000001,4203.846191,4195.769043,4213.846191,4193.717772999999,4207.692383,4145.384765999999,4175.769043,4190.384765999999,4195.384765999999,4194.743652,4207.436035,4178.974121
4266.410156,4192.179688,4210.897461,4198.333496,4215.897461,4184.743652,4202.94873,4160.384765999999,4186.410156,4200.512695,4207.179688,4203.589844,4217.820313,4184.615234000001
4268.077147999999,4200.256348,4210.0,4206.025879,4213.461426,4188.205078,4206.282227000001,4165.256348,4184.871582,4200.512695,4212.692383,4202.820313,4224.102539,4189.230957
4267.436035,4204.230957,4208.717772999999,4209.487305,4215.897461,4205.897461,4211.922852000001,4161.794922,4185.769043,4205.512695,4220.256348,4204.743652,4235.128418,4198.333496
4280.769043,4216.153809,4215.769043,4212.94873,4224.487305,4208.846191,4205.0,4183.589844,4215.769043,4231.153809,4238.461426,4215.512695,4257.307617,4213.205078
4290.897461,4222.307617,4221.282227000001,4216.794922,4224.743652,4195.256348,4207.436035,4218.077147999999,4244.743652,4245.128418,4243.589844,4214.871582,4264.871582,4215.769043
4277.05127,4210.512695,4216.794922,4213.333496,4216.153809,4198.205078,4219.102539,4214.487305,4236.282227000001,4226.538574,4226.666504,4202.307617,4247.436035,4198.846191
4257.05127,4197.94873,4208.205078,4205.384765999999,4218.589844,4217.94873,4224.615234000001,4187.436035,4217.179688,4208.589844,4210.512695,4193.717772999999,4225.384765999999,4180.0
4249.487305,4190.897461,4202.05127,4196.410156,4219.358886999999,4218.205078,4228.461426,4195.128418,4215.512695,4204.487305,4202.563965,4189.102539,4213.717772999999,4171.538574
4242.692383,4181.538574,4194.871582,4186.538574,4207.307617,4205.384765999999,4227.05127,4209.230957,4208.974121,4195.512695,4195.384765999999,4181.666504,4208.333496,4169.871582
4233.077147999999,4177.307617,4187.563965,4181.282227000001,4204.230957,4204.615234000001,4214.102539,4182.692383,4189.487305,4183.333496,4190.0,4174.358886999999,4202.692383,4169.871582
4232.307617,4184.487305,4194.871582,4187.179688,4206.410156,4198.589844,4207.94873,4183.846191,4192.692383,4187.436035,4194.487305,4182.05127,4201.922852000001,4175.641113000001
4242.94873,4192.94873,4212.820313,4198.077147999999,4197.94873,4185.128418,4215.384765999999,4217.563965,4207.692383,4201.794922,4207.692383,4199.358886999999,4212.820313,4189.743652
4249.871582,4197.563965,4215.256348,4201.666504,4196.410156,4190.128418,4208.461426,4187.563965,4193.717772999999,4200.512695,4213.589844,4202.563965,4222.307617,4197.692383
4248.974121,4203.589844,4207.179688,4198.846191,4205.897461,4192.94873,4186.282227000001,4140.897461,4177.820313,4190.0,4210.256348,4198.589844,4222.179688,4195.0
4256.794922,4212.179688,4215.0,4203.333496,4209.615234000001,4179.487305,4187.563965,4167.692383,4192.05127,4197.820313,4217.820313,4207.563965,4229.743652,4201.794922
4263.205078,4211.922852000001,4224.230957,4210.512695,4207.692383,4183.205078,4205.769043,4192.94873,4200.769043,4212.05127,4229.743652,4213.974121,4239.871582,4212.692383
4252.820313,4205.0,4217.692383,4206.025879,4210.0,4204.358886999999,4205.384765999999,4170.641113000001,4191.538574,4213.461426,4227.436035,4208.846191,4239.102539,4208.461426
4236.666504,4197.307617,4208.333496,4196.410156,4207.692383,4209.102539,4201.282227000001,4169.743652,4193.461426,4207.94873,4214.487305,4198.846191,4227.94873,4194.358886999999
4223.846191,4183.077147999999,4198.846191,4186.922852000001,4197.05127,4194.487305,4213.974121,4186.153809,4197.94873,4197.179688,4197.307617,4184.230957,4208.717772999999,4178.846191
4211.794922,4173.846191,4188.461426,4179.358886999999,4196.666504,4190.897461,4221.538574,4180.769043,4190.384765999999,4186.025879,4186.922852000001,4169.743652,4198.461426,4164.743652
4206.538574,4175.128418,4182.436035,4177.94873,4204.230957,4202.179688,4216.666504,4169.230957,4180.128418,4182.94873,4188.846191,4166.794922,4201.922852000001,4160.641113000001
4215.769043,4181.794922,4184.487305,4183.461426,4203.205078,4204.230957,4222.692383,4180.512695,4187.94873,4188.205078,4196.282227000001,4179.230957,4208.717772999999,4170.128418
4223.205078,4189.615234000001,4190.897461,4195.256348,4197.436035,4192.820313,4227.94873,4205.384765999999,4205.512695,4194.871582,4201.666504,4188.717772999999,4210.769043,4179.102539
4214.487305,4188.205078,4188.461426,4196.153809,4196.410156,4185.128418,4214.358886999999,4198.846191,4193.846191,4187.820313,4195.512695,4179.871582,4201.410156,4172.307617
4206.282227000001,4181.153809,4183.205078,4185.128418,4198.846191,4191.410156,4210.769043,4183.205078,4183.974121,4180.384765999999,4189.102539,4175.256348,4194.102539,4165.769043
4214.358886999999,4184.230957,4187.94873,4183.846191,4202.436035,4200.0,4217.692383,4201.538574,4206.666504,4193.974121,4201.153809,4188.974121,4205.384765999999,4174.615234000001
4232.05127,4199.615234000001,4198.974121,4196.025879,4209.871582,4201.025879,4203.846191,4197.820313,4212.179688,4210.641113000001,4220.384765999999,4202.307617,4222.436035,4190.128418
4245.512695,4210.769043,4210.769043,4206.282227000001,4217.179688,4198.205078,4187.05127,4161.538574,4200.128418,4218.461426,4232.179688,4207.563965,4230.384765999999,4203.589844
4244.743652,4205.0,4214.871582,4205.0,4216.538574,4195.0,4196.410156,4172.307617,4212.692383,4220.897461,4234.358886999999,4209.230957,4233.846191,4206.282227000001
4235.512695,4196.410156,4210.0,4201.410156,4211.410156,4197.436035,4212.05127,4211.282227000001,4228.333496,4220.512695,4231.282227000001,4206.794922,4237.307617,4198.717772999999
4230.769043,4200.0,4206.666504,4203.333496,4213.717772999999,4208.717772999999,4215.128418,4210.256348,4222.692383,4218.333496,4226.410156,4201.538574,4233.717772999999,4192.436035
4221.410156,4196.538574,4200.128418,4198.717772999999,4215.256348,4212.820313,4216.794922,4192.307617,4210.128418,4204.615234000001,4210.641113000001,4189.871582,4216.410156,4179.871582
4201.025879,4178.461426,4185.256348,4183.974121,4207.05127,4202.436035,4223.846191,4192.563965,4200.0,4185.0,4187.94873,4173.205078,4196.153809,4155.897461
4188.974121,4172.563965,4178.333496,4175.641113000001,4203.333496,4192.563965,4220.256348,4189.615234000001,4191.794922,4176.666504,4181.282227000001,4169.358886999999,4189.102539,4147.307617
4196.025879,4178.974121,4183.974121,4180.128418,4205.0,4192.692383,4205.256348,4189.102539,4197.692383,4183.077147999999,4193.974121,4180.897461,4192.692383,4159.743652
4200.128418,4173.846191,4182.820313,4179.615234000001,4196.282227000001,4192.94873,4216.282227000001,4197.307617,4199.871582,4183.333496,4197.307617,4182.820313,4189.358886999999,4162.05127
4192.307617,4166.282227000001,4173.717772999999,4171.538574,4184.102539,4182.05127,4238.333496,4187.94873,4181.666504,4169.615234000001,4186.538574,4172.436035,4178.846191,4152.692383
4200.128418,4185.256348,4179.871582,4183.205078,4195.897461,4178.461426,4221.666504,4170.641113000001,4184.102539,4179.230957,4196.282227000001,4178.077147999999,4193.717772999999,4163.974121
4222.820313,4214.487305,4199.102539,4209.871582,4217.820313,4191.282227000001,4187.563965,4176.794922,4216.794922,4216.282227000001,4225.256348,4197.563965,4227.307617,4191.282227000001
4222.563965,4214.102539,4202.94873,4212.94873,4218.205078,4194.102539,4186.538574,4195.641113000001,4223.461426,4226.025879,4231.410156,4196.922852000001,4230.897461,4196.538574
4201.922852000001,4195.641113000001,4191.666504,4197.563965,4208.205078,4178.589844,4204.871582,4187.820313,4197.563965,4199.102539,4209.743652,4179.358886999999,4207.307617,4180.128418
4196.666504,4195.897461,4190.897461,4198.333496,4211.538574,4172.436035,4204.487305,4172.820313,4196.410156,4192.563965,4204.102539,4175.769043,4207.94873,4175.0
4200.641113000001,4204.615234000001,4196.922852000001,4205.641113000001,4224.871582,4191.410156,4194.230957,4181.794922,4212.307617,4207.94873,4216.538574,4179.487305,4226.025879,4177.94873
4189.230957,4192.179688,4186.538574,4194.487305,4222.692383,4200.641113000001,4189.102539,4186.410156,4201.666504,4198.333496,4206.025879,4171.794922,4217.307617,4163.717772999999
4174.871582,4176.538574,4175.0,4182.563965,4205.384765999999,4183.589844,4196.153809,4185.641113000001,4194.230957,4184.102539,4191.666504,4167.179688,4198.077147999999,4151.666504
4167.563965,4178.205078,4176.153809,4182.436035,4198.974121,4182.179688,4209.358886999999,4196.410156,4203.205078,4190.769043,4195.384765999999,4170.128418,4193.717772999999,4155.512695
4159.487305,4176.282227000001,4173.077147999999,4176.153809,4200.384765999999,4204.487305,4211.153809,4193.333496,4197.692383,4190.0,4188.205078,4165.256348,4186.153809,4153.461426
4158.974121,4167.563965,4168.333496,4169.358886999999,4196.410156,4205.384765999999,4218.589844,4186.538574,4195.384765999999,4182.307617,4175.512695,4159.743652,4178.461426,4147.179688
4169.102539,4167.307617,4173.589844,4173.589844,4193.333496,4182.692383,4231.666504,4207.307617,4211.666504,4190.512695,4183.205078,4166.282227000001,4186.922852000001,4150.384765999999
4181.794922,4181.538574,4185.512695,4187.436035,4203.461426,4177.820313,4221.153809,4214.871582,4216.282227000001,4205.128418,4200.512695,4178.717772999999,4202.94873,4163.077147999999
4200.897461,4205.0,4201.025879,4204.487305,4216.538574,4194.102539,4210.512695,4200.128418,4215.256348,4218.717772999999,4217.692383,4195.0,4220.769043,4183.077147999999
4211.666504,4211.025879,4210.769043,4206.538574,4211.922852000001,4196.922852000001,4224.487305,4205.128418,4222.307617,4221.794922,4224.615234000001,4204.102539,4227.436035,4191.666504
4203.717772999999,4202.692383,4213.333496,4201.410156,4207.563965,4185.0,4223.589844,4221.153809,4222.179688,4211.282227000001,4215.256348,4196.282227000001,4217.179688,4182.692383
4197.05127,4207.179688,4217.307617,4208.077147999999,4222.05127,4186.794922,4198.846191,4215.769043,4218.333496,4209.358886999999,4210.0,4187.179688,4210.897461,4178.974121
4196.410156,4212.94873,4218.461426,4212.820313,4230.769043,4200.769043,4196.410156,4197.436035,4214.615234000001,4215.512695,4210.0,4188.717772999999,4214.230957,4182.436035
4190.641113000001,4203.077147999999,4210.769043,4206.153809,4221.025879,4200.512695,4208.717772999999,4183.717772999999,4200.512695,4207.05127,4199.743652,4187.563965,4211.666504,4176.153809
4180.897461,4190.641113000001,4198.461426,4197.179688,4208.717772999999,4182.563965,4200.512695,4171.282227000001,4183.205078,4185.0,4186.410156,4178.461426,4195.384765999999,4163.589844
4177.179688,4190.384765999999,4192.307617,4193.205078,4205.384765999999,4175.897461,4195.384765999999,4168.717772999999,4183.974121,4178.974121,4187.436035,4175.641113000001,4190.256348,4160.897461
4181.794922,4196.153809,4196.666504,4194.358886999999,4206.666504,4183.461426,4210.641113000001,4185.384765999999,4200.128418,4195.512695,4200.128418,4181.794922,4206.282227000001,4168.717772999999
4186.922852000001,4196.282227000001,4196.410156,4193.717772999999,4205.897461,4178.974121,4215.0,4203.717772999999,4209.743652,4206.794922,4201.538574,4183.205078,4210.897461,4171.153809
4181.538574,4192.307617,4186.538574,4189.615234000001,4206.922852000001,4172.436035,4206.922852000001,4203.461426,4203.846191,4197.692383,4190.256348,4177.307617,4195.641113000001,4161.922852000001
4171.025879,4191.538574,4179.230957,4187.692383,4211.025879,4185.897461,4205.0,4192.05127,4196.538574,4185.897461,4182.179688,4172.436035,4188.333496,4153.589844
4170.256348,4193.974121,4177.692383,4187.307617,4213.974121,4198.205078,4203.461426,4191.153809,4200.128418,4191.282227000001,4182.820313,4172.820313,4197.692383,4156.282227000001
4180.641113000001,4199.358886999999,4183.077147999999,4192.563965,4218.974121,4192.179688,4203.974121,4201.282227000001,4206.922852000001,4204.230957,4188.717772999999,4176.666504,4208.333496,4167.179688
4192.307617,4206.666504,4194.358886999999,4203.077147999999,4222.436035,4187.307617,4211.025879,4207.307617,4208.077147999999,4206.666504,4191.025879,4181.666504,4210.128418,4177.307617
4197.563965,4213.974121,4201.794922,4207.692383,4220.769043,4196.922852000001,4217.436035,4202.563965,4205.128418,4204.102539,4190.0,4186.794922,4206.794922,4182.563965
4195.0,4215.641113000001,4201.538574,4204.358886999999,4223.846191,4201.922852000001,4213.077147999999,4197.436035,4203.205078,4206.794922,4188.846191,4188.205078,4203.589844,4183.205078
4187.563965,4209.615234000001,4198.205078,4199.358886999999,4230.897461,4192.307617,4196.922852000001,4196.794922,4199.615234000001,4202.05127,4184.102539,4181.282227000001,4201.410156,4176.410156
4181.922852000001,4205.0,4196.922852000001,4196.153809,4226.025879,4190.641113000001,4189.102539,4186.666504,4192.307617,4191.922852000001,4178.717772999999,4173.717772999999,4202.563965,4169.487305
4182.179688,4205.0,4197.94873,4196.153809,4214.358886999999,4199.743652,4197.179688,4171.282227000001,4190.641113000001,4192.94873,4178.077147999999,4172.563965,4202.179688,4172.94873
4190.256348,4208.589844,4202.307617,4201.922852000001,4211.025879,4197.820313,4205.897461,4179.230957,4201.538574,4201.282227000001,4180.256348,4180.256348,4200.897461,4182.05127
4192.307617,4206.922852000001,4202.05127,4201.922852000001,4212.94873,4187.692383,4210.769043,4199.358886999999,4209.230957,4202.692383,4178.974121,4184.743652,4201.282227000001,4179.615234000001
4179.615234000001,4197.692383,4191.538574,4192.05127,4211.410156,4189.230957,4211.282227000001,4191.025879,4195.897461,4192.307617,4173.077147999999,4175.897461,4198.846191,4167.05127
4180.0,4199.102539,4190.641113000001,4194.615234000001,4211.922852000001,4202.820313,4209.743652,4184.871582,4195.769043,4190.384765999999,4173.333496,4171.794922,4201.794922,4170.0
4195.384765999999,4208.077147999999,4200.384765999999,4205.256348,4214.871582,4203.717772999999,4209.487305,4205.769043,4211.666504,4202.307617,4180.256348,4178.846191,4206.153809,4183.461426
4197.307617,4206.410156,4198.974121,4206.025879,4214.743652,4195.128418,4208.077147999999,4206.666504,4205.0,4202.563965,4179.615234000001,4177.94873,4196.153809,4183.461426
4188.589844,4201.153809,4189.743652,4203.333496,4213.589844,4197.436035,4201.153809,4192.179688,4194.615234000001,4192.692383,4175.256348,4168.974121,4185.256348,4177.563965
4185.641113000001,4199.743652,4188.717772999999,4201.922852000001,4207.436035,4202.820313,4197.820313,4199.871582,4203.717772999999,4190.897461,4176.410156,4168.077147999999,4185.641113000001,4177.820313
4186.410156,4196.282227000001,4191.410156,4202.179688,4205.512695,4203.717772999999,4205.384765999999,4202.94873,4206.025879,4196.153809,4179.230957,4170.256348,4185.769043,4177.820313
4183.461426,4192.436035,4186.666504,4202.692383,4211.666504,4205.641113000001,4211.922852000001,4191.410156,4201.666504,4198.205078,4179.871582,4164.487305,4183.461426,4172.307617
4177.05127,4190.0,4180.128418,4197.692383,4211.153809,4204.487305,4217.307617,4200.512695,4209.102539,4198.717772999999,4181.025879,4156.666504,4183.589844,4167.05127
4177.563965,4196.794922,4184.615234000001,4197.179688,4209.102539,4198.717772999999,4217.05127,4206.153809,4212.692383,4203.717772999999,4190.769043,4160.512695,4191.538574,4174.487305
4192.179688,4208.846191,4199.358886999999,4208.717772999999,4211.666504,4195.512695,4204.487305,4181.282227000001,4203.974121,4210.769043,4203.846191,4177.05127,4208.717772999999,4192.05127
4200.256348,4208.333496,4206.410156,4214.871582,4212.307617,4202.05127,4210.256348,4173.717772999999,4194.102539,4207.94873,4203.589844,4183.846191,4212.307617,4196.538574
4191.922852000001,4204.615234000001,4200.0,4210.0,4214.871582,4209.871582,4224.871582,4189.743652,4186.025879,4193.717772999999,4192.563965,4177.436035,4195.128418,4187.307617
4195.0,4217.94873,4201.282227000001,4212.307617,4224.871582,4204.102539,4208.717772999999,4186.922852000001,4191.282227000001,4198.333496,4196.153809,4182.692383,4200.512695,4193.333496
4210.769043,4233.461426,4211.025879,4220.641113000001,4224.871582,4188.589844,4189.102539,4174.743652,4204.871582,4218.974121,4214.358886999999,4193.589844,4228.077147999999,4210.256348
4210.769043,4226.922852000001,4206.794922,4215.641113000001,4209.743652,4181.922852000001,4196.410156,4176.666504,4200.897461,4214.743652,4215.384765999999,4187.563965,4226.410156,4206.538574
4200.769043,4216.282227000001,4197.05127,4207.179688,4208.717772999999,4193.461426,4199.358886999999,4182.436035,4194.615234000001,4201.025879,4203.205078,4180.384765999999,4206.538574,4191.025879
4200.0,4215.128418,4196.025879,4206.282227000001,4219.615234000001,4199.615234000001,4189.102539,4189.102539,4206.538574,4209.358886999999,4203.974121,4184.871582,4205.0,4192.05127
4199.358886999999,4209.358886999999,4192.94873,4202.05127,4214.743652,4197.94873,4197.05127,4202.179688,4215.256348,4216.282227000001,4209.487305,4187.436035,4208.333496,4200.641113000001
4191.025879,4198.846191,4186.794922,4193.461426,4204.230957,4206.282227000001,4215.128418,4214.102539,4213.717772999999,4210.897461,4205.128418,4181.538574,4205.769043,4195.512695
4186.282227000001,4194.615234000001,4184.743652,4189.615234000001,4208.077147999999,4210.769043,4218.333496,4213.077147999999,4213.589844,4212.179688,4199.487305,4175.384765999999,4204.615234000001,4182.307617
4187.563965,4195.384765999999,4183.974121,4191.025879,4214.102539,4205.641113000001,4225.512695,4206.025879,4211.666504,4210.769043,4198.974121,4169.358886999999,4199.743652,4176.666504
4188.846191,4195.128418,4183.974121,4192.179688,4209.871582,4200.897461,4230.384765999999,4203.461426,4201.025879,4195.384765999999,4196.794922,4163.461426,4191.538574,4176.794922
4197.436035,4207.436035,4195.641113000001,4198.717772999999,4209.615234000001,4191.922852000001,4213.589844,4208.589844,4198.974121,4195.0,4201.794922,4170.256348,4197.05127,4187.563965
4215.384765999999,4227.179688,4213.461426,4213.461426,4220.0,4190.769043,4207.436035,4205.0,4204.615234000001,4212.05127,4218.077147999999,4186.282227000001,4212.94873,4208.461426
4225.512695,4233.717772999999,4220.128418,4221.538574,4231.410156,4205.897461,4211.025879,4182.563965,4196.922852000001,4213.333496,4227.05127,4194.358886999999,4220.128418,4218.077147999999
4233.077147999999,4242.563965,4225.128418,4224.102539,4235.256348,4201.025879,4192.307617,4175.512695,4193.589844,4211.410156,4231.282227000001,4200.384765999999,4226.282227000001,4220.128418
4244.230957,4254.102539,4236.153809,4231.025879,4225.384765999999,4168.077147999999,4175.256348,4191.153809,4210.512695,4227.179688,4242.820313,4210.769043,4242.05127,4232.820313
4239.871582,4248.077147999999,4233.717772999999,4228.461426,4213.333496,4157.820313,4186.538574,4193.589844,4217.179688,4230.512695,4243.333496,4212.563965,4243.974121,4234.743652
4219.743652,4234.358886999999,4218.205078,4214.871582,4216.794922,4183.077147999999,4202.05127,4196.666504,4217.05127,4221.922852000001,4230.0,4204.871582,4228.717772999999,4214.743652
4206.410156,4223.333496,4207.307617,4207.05127,4218.974121,4199.358886999999,4206.153809,4216.538574,4229.743652,4226.282227000001,4223.461426,4202.179688,4219.487305,4200.641113000001
4195.384765999999,4210.897461,4195.769043,4200.512695,4208.077147999999,4201.794922,4222.05127,4219.102539,4222.05127,4220.512695,4213.974121,4196.922852000001,4210.897461,4190.897461
4179.358886999999,4207.05127,4185.897461,4192.05127,4210.128418,4216.538574,4236.922852000001,4206.538574,4204.102539,4202.94873,4196.794922,4183.846191,4199.871582,4177.307617
4179.358886999999,4217.05127,4191.666504,4195.769043,4223.333496,4227.436035,4227.05127,4218.717772999999,4223.333496,4209.487305,4198.333496,4182.820313,4206.794922,4181.794922
4197.692383,4225.384765999999,4203.205078,4208.846191,4224.102539,4220.641113000001,4218.846191,4235.641113000001,4248.077147999999,4230.384765999999,4214.871582,4194.743652,4220.641113000001,4197.94873
4202.307617,4223.461426,4201.153809,4212.05127,4219.358886999999,4216.410156,4221.666504,4211.538574,4228.205078,4223.846191,4212.692383,4194.871582,4213.333496,4196.922852000001
4193.846191,4218.333496,4195.897461,4207.563965,4222.94873,4217.05127,4206.922852000001,4180.641113000001,4200.256348,4200.641113000001,4199.230957,4184.871582,4201.153809,4188.333496
4205.256348,4228.461426,4211.794922,4215.0,4226.794922,4207.563965,4189.615234000001,4188.717772999999,4208.205078,4206.025879,4208.974121,4192.563965,4211.922852000001,4202.307617
4230.641113000001,4247.436035,4232.692383,4230.0,4217.94873,4193.589844,4201.282227000001,4200.384765999999,4217.307617,4228.589844,4232.436035,4212.563965,4232.94873,4225.897461
4241.153809,4256.794922,4238.974121,4239.743652,4212.94873,4185.769043,4210.256348,4197.307617,4214.615234000001,4236.538574,4245.0,4221.794922,4249.871582,4236.538574
4238.461426,4254.743652,4236.282227000001,4240.897461,4219.487305,4187.179688,4203.846191,4207.563965,4215.512695,4231.410156,4244.358886999999,4221.538574,4255.512695,4236.794922
4233.589844,4247.436035,4229.358886999999,4235.256348,4221.922852000001,4197.307617,4209.358886999999,4211.282227000001,4210.769043,4220.897461,4238.077147999999,4214.615234000001,4244.615234000001,4231.282227000001
4225.384765999999,4244.102539,4222.692383,4229.743652,4221.666504,4203.077147999999,4219.487305,4192.94873,4203.589844,4211.410156,4233.974121,4204.102539,4233.717772999999,4223.333496
4210.512695,4235.512695,4212.563965,4218.077147999999,4219.102539,4198.333496,4219.230957,4180.769043,4200.512695,4204.871582,4224.743652,4195.769043,4221.153809,4212.563965
4201.922852000001,4223.974121,4200.128418,4207.820313,4218.077147999999,4203.333496,4214.230957,4189.487305,4204.230957,4203.205078,4212.692383,4189.615234000001,4206.282227000001,4200.897461
4203.333496,4221.794922,4195.384765999999,4208.717772999999,4219.230957,4217.692383,4216.025879,4208.974121,4218.974121,4208.461426,4209.230957,4185.769043,4208.846191,4192.692383
4195.128418,4214.615234000001,4191.025879,4204.487305,4213.974121,4210.769043,4220.512695,4219.358886999999,4227.307617,4208.077147999999,4204.358886999999,4179.871582,4210.384765999999,4182.692383
4183.333496,4203.717772999999,4183.846191,4197.307617,4211.922852000001,4201.922852000001,4217.436035,4216.410156,4223.974121,4204.358886999999,4197.179688,4174.871582,4200.384765999999,4172.692383
4185.128418,4208.205078,4183.717772999999,4201.538574,4218.205078,4216.153809,4208.589844,4211.666504,4227.563965,4210.769043,4197.692383,4175.0,4202.820313,4172.307617
4194.871582,4219.743652,4190.769043,4208.974121,4221.538574,4223.205078,4208.077147999999,4206.282227000001,4233.974121,4217.436035,4205.641113000001,4179.487305,4214.615234000001,4180.384765999999
4202.179688,4223.077147999999,4195.512695,4211.794922,4224.358886999999,4212.05127,4209.871582,4197.94873,4223.717772999999,4212.820313,4212.179688,4187.563965,4212.820313,4183.846191
4204.615234000001,4226.025879,4199.358886999999,4214.743652,4227.307617,4205.384765999999,4209.358886999999,4197.436035,4210.641113000001,4207.692383,4211.538574,4196.794922,4204.102539,4185.641113000001
4211.922852000001,4235.128418,4206.282227000001,4219.487305,4221.410156,4208.846191,4213.333496,4194.358886999999,4205.384765999999,4209.743652,4212.563965,4203.717772999999,4210.512695,4197.307617
4224.102539,4241.538574,4212.692383,4220.0,4217.94873,4205.897461,4206.410156,4180.0,4198.333496,4210.384765999999,4219.615234000001,4208.077147999999,4223.974121,4208.333496
4230.256348,4243.461426,4218.333496,4222.94873,4227.692383,4198.205078,4195.641113000001,4185.128418,4194.743652,4210.769043,4228.333496,4214.230957,4233.717772999999,4213.717772999999
4233.333496,4247.563965,4226.410156,4232.563965,4236.025879,4201.282227000001,4201.153809,4202.307617,4200.897461,4220.128418,4240.641113000001,4219.487305,4245.384765999999,4224.615234000001
4236.666504,4249.871582,4229.743652,4236.538574,4234.358886999999,4207.05127,4205.769043,4196.410156,4201.922852000001,4227.820313,4247.692383,4217.94873,4252.692383,4231.025879
4230.769043,4246.538574,4224.871582,4230.384765999999,4233.205078,4207.179688,4209.230957,4185.512695,4197.692383,4223.333496,4238.974121,4212.563965,4245.512695,4222.94873
4215.128418,4237.179688,4214.358886999999,4221.666504,4226.794922,4203.077147999999,4221.666504,4200.512695,4203.333496,4212.307617,4224.487305,4202.692383,4227.05127,4206.922852000001
4203.205078,4227.179688,4203.461426,4211.282227000001,4217.436035,4207.307617,4222.563965,4223.205078,4216.410156,4207.820313,4216.666504,4193.589844,4213.333496,4193.846191
4198.205078,4220.769043,4196.538574,4205.0,4221.153809,4220.128418,4219.487305,4230.769043,4229.743652,4214.102539,4211.410156,4190.769043,4209.230957,4186.922852000001
4202.94873,4214.487305,4188.717772999999,4204.358886999999,4220.512695,4218.717772999999,4229.743652,4224.230957,4235.0,4217.692383,4203.846191,4187.307617,4201.282227000001,4181.025879
4221.922852000001,4209.871582,4180.769043,4199.615234000001,4210.641113000001,4211.666504,4226.282227000001,4210.897461,4229.871582,4211.538574,4197.563965,4179.487305,4187.94873,4175.897461
4251.025879,4211.025879,4182.179688,4194.871582,4209.230957,4215.769043,4209.743652,4209.358886999999,4224.487305,4209.743652,4196.410156,4173.846191,4185.128418,4174.743652
4282.307617,4216.153809,4188.461426,4201.025879,4212.307617,4214.871582,4205.384765999999,4209.871582,4218.589844,4212.05127,4199.487305,4175.0,4187.820313,4178.589844
4304.102539,4222.563965,4194.487305,4209.487305,4215.128418,4205.641113000001,4204.230957,4196.794922,4213.589844,4208.333496,4203.461426,4181.025879,4181.282227000001,4186.922852000001
4312.692383,4227.436035,4201.922852000001,4214.743652,4220.897461,4203.589844,4191.794922,4189.871582,4217.05127,4207.94873,4210.0,4191.666504,4179.487305,4198.333496
4321.538574,4236.282227000001,4207.05127,4224.102539,4225.641113000001,4206.794922,4185.0,4195.0,4218.846191,4218.717772999999,4218.589844,4201.025879,4198.846191,4206.025879
4332.05127,4247.179688,4206.922852000001,4228.461426,4229.102539,4209.871582,4189.743652,4186.538574,4210.256348,4220.897461,4220.512695,4201.153809,4214.358886999999,4203.589844
4328.974121,4239.358886999999,4204.871582,4217.563965,4232.307617,4211.538574,4194.487305,4174.487305,4202.563965,4205.641113000001,4210.128418,4194.871582,4205.384765999999,4195.384765999999
4322.179688,4222.820313,4203.077147999999,4206.794922,4226.410156,4210.256348,4204.358886999999,4192.179688,4204.230957,4194.487305,4199.871582,4191.153809,4192.563965,4191.153809
4323.717772999999,4216.282227000001,4195.769043,4202.563965,4213.333496,4206.794922,4217.179688,4206.153809,4199.487305,4190.641113000001,4194.487305,4188.974121,4187.05127,4187.179688
4322.179688,4212.05127,4186.025879,4197.94873,4209.871582,4202.436035,4222.179688,4191.922852000001,4187.179688,4184.615234000001,4187.436035,4180.384765999999,4177.94873,4177.436035
4315.641113000001,4211.666504,4187.436035,4199.871582,4220.256348,4202.563965,4223.333496,4189.743652,4191.538574,4189.358886999999,4189.871582,4172.179688,4174.230957,4171.922852000001
4307.179688,4213.461426,4187.692383,4201.666504,4222.436035,4206.666504,4220.897461,4201.794922,4205.769043,4197.563965,4191.538574,4166.922852000001,4175.641113000001,4167.94873
4301.153809,4205.128418,4177.179688,4193.589844,4212.94873,4206.153809,4221.282227000001,4209.358886999999,4214.871582,4194.487305,4181.410156,4163.333496,4171.025879,4160.769043
4301.282227000001,4199.615234000001,4175.128418,4193.205078,4216.794922,4205.384765999999,4225.128418,4225.256348,4227.692383,4197.820313,4180.769043,4168.589844,4168.589844,4162.563965
4309.743652,4212.307617,4186.666504,4204.487305,4225.897461,4211.282227000001,4221.153809,4234.615234000001,4239.358886999999,4215.769043,4194.358886999999,4182.05127,4176.666504,4173.077147999999
4325.897461,4225.384765999999,4194.487305,4207.94873,4223.717772999999,4213.846191,4211.666504,4222.94873,4240.128418,4225.128418,4204.102539,4189.743652,4187.563965,4181.922852000001
4344.487305,4228.077147999999,4196.666504,4207.563965,4225.641113000001,4209.358886999999,4198.205078,4205.897461,4236.538574,4219.102539,4207.05127,4189.615234000001,4192.820313,4190.128418
4354.615234000001,4233.461426,4202.179688,4217.307617,4233.846191,4211.794922,4193.974121,4198.333496,4231.538574,4218.846191,4212.563965,4193.589844,4197.692383,4201.282227000001
4346.794922,4240.897461,4207.179688,4224.487305,4232.436035,4218.333496,4209.487305,4201.025879,4223.589844,4221.922852000001,4215.512695,4198.461426,4203.077147999999,4206.538574
4336.153809,4243.717772999999,4210.897461,4222.692383,4226.153809,4213.846191,4215.897461,4199.102539,4217.563965,4218.077147999999,4214.615234000001,4199.487305,4204.615234000001,4204.230957
4334.615234000001,4241.282227000001,4213.846191,4221.794922,4225.256348,4202.820313,4203.077147999999,4194.102539,4214.230957,4212.05127,4212.692383,4197.05127,4202.307617,4203.461426
4330.256348,4233.974121,4211.025879,4218.717772999999,4223.846191,4195.897461,4202.94873,4200.0,4206.025879,4203.205078,4205.128418,4187.94873,4194.487305,4202.692383
4324.358886999999,4229.358886999999,4212.692383,4214.487305,4219.615234000001,4197.94873,4220.0,4210.512695,4206.025879,4201.153809,4201.794922,4186.025879,4191.025879,4200.256348
4322.692383,4229.358886999999,4216.794922,4212.563965,4215.128418,4205.897461,4234.871582,4217.307617,4217.692383,4209.743652,4205.641113000001,4195.769043,4193.205078,4198.333496
4311.666504,4220.769043,4202.820313,4201.153809,4212.692383,4206.153809,4239.102539,4219.102539,4216.282227000001,4203.846191,4196.153809,4193.077147999999,4182.307617,4188.077147999999
4298.205078,4212.436035,4188.461426,4190.512695,4217.692383,4201.025879,4226.153809,4216.538574,4211.153809,4194.102539,4180.256348,4181.794922,4173.333496,4178.461426
4300.769043,4219.871582,4193.974121,4198.974121,4221.025879,4207.307617,4224.230957,4221.666504,4228.461426,4210.897461,4186.666504,4183.974121,4190.897461,4185.641113000001
4299.743652,4224.102539,4196.153809,4204.615234000001,4213.205078,4215.128418,4242.436035,4235.0,4244.102539,4226.282227000001,4194.743652,4184.615234000001,4201.153809,4188.717772999999
4286.025879,4216.282227000001,4185.0,4197.05127,4212.179688,4212.179688,4235.641113000001,4226.025879,4230.769043,4214.102539,4179.102539,4172.563965,4186.153809,4179.358886999999
4284.230957,4212.436035,4183.077147999999,4196.410156,4220.641113000001,4216.922852000001,4209.487305,4202.05127,4216.410156,4202.179688,4168.333496,4171.153809,4185.897461,4183.589844
4298.333496,4218.974121,4195.384765999999,4207.436035,4223.589844,4221.410156,4206.538574,4207.179688,4230.128418,4214.102539,4184.743652,4183.974121,4208.589844,4203.333496
4304.230957,4223.589844,4205.512695,4213.205078,4220.769043,4209.615234000001,4216.282227000001,4222.692383,4244.102539,4227.179688,4201.538574,4189.358886999999,4219.743652,4212.307617
4297.563965,4217.05127,4201.922852000001,4208.461426,4218.589844,4205.128418,4219.230957,4209.743652,4230.641113000001,4216.666504,4193.589844,4183.461426,4206.025879,4206.794922
4298.589844,4212.05127,4199.615234000001,4210.0,4219.358886999999,4211.794922,4214.871582,4186.538574,4206.794922,4203.205078,4184.102539,4179.358886999999,4197.05127,4203.077147999999
4308.077147999999,4215.897461,4211.282227000001,4218.333496,4218.589844,4210.128418,4209.615234000001,4180.641113000001,4197.179688,4201.025879,4191.666504,4184.230957,4205.256348,4206.538574
4310.641113000001,4220.128418,4222.692383,4222.563965,4219.615234000001,4211.410156,4222.307617,4193.717772999999,4205.128418,4203.846191,4202.563965,4190.897461,4213.974121,4210.769043
4304.230957,4220.512695,4219.102539,4221.025879,4219.487305,4215.897461,4236.282227000001,4206.282227000001,4214.743652,4207.94873,4203.846191,4189.102539,4213.461426,4209.230957
4297.179688,4220.769043,4210.0,4217.05127,4212.05127,4208.461426,4225.256348,4207.692383,4217.436035,4209.743652,4200.0,4184.358886999999,4211.153809,4209.487305
4292.307617,4221.025879,4207.692383,4214.615234000001,4209.230957,4207.563965,4219.487305,4209.487305,4218.974121,4206.666504,4198.461426,4183.333496,4214.743652,4210.641113000001
4287.820313,4215.0,4205.384765999999,4211.538574,4208.589844,4211.025879,4231.025879,4217.179688,4221.666504,4205.769043,4197.307617,4180.512695,4216.282227000001,4203.589844
4285.128418,4206.666504,4202.307617,4210.0,4203.461426,4205.641113000001,4231.282227000001,4222.820313,4226.153809,4212.05127,4196.922852000001,4172.94873,4210.384765999999,4194.743652
4279.102539,4205.384765999999,4198.205078,4205.769043,4198.589844,4202.436035,4214.871582,4212.307617,4224.615234000001,4209.230957,4194.487305,4167.563965,4203.205078,4190.384765999999
4271.410156,4208.589844,4188.205078,4198.846191,4198.589844,4207.436035,4204.358886999999,4194.358886999999,4214.102539,4200.897461,4190.256348,4166.794922,4201.153809,4187.05127
4273.589844,4210.0,4185.641113000001,4200.256348,4202.692383,4214.102539,4208.717772999999,4198.461426,4216.794922,4209.102539,4199.102539,4170.641113000001,4206.922852000001,4191.025879
4274.358886999999,4210.897461,4194.102539,4206.538574,4205.0,4208.717772999999,4205.0,4216.410156,4230.512695,4220.512695,4211.794922,4179.358886999999,4212.05127,4203.461426
4270.128418,4219.102539,4206.282227000001,4214.743652,4208.333496,4205.0,4198.333496,4214.102539,4228.846191,4217.94873,4216.025879,4189.487305,4217.692383,4212.05127
4280.641113000001,4227.307617,4217.436035,4226.666504,4215.641113000001,4217.692383,4215.512695,4204.102539,4223.589844,4216.666504,4218.974121,4198.717772999999,4226.794922,4215.641113000001
4300.0,4228.974121,4222.179688,4234.102539,4218.333496,4220.512695,4227.436035,4205.128418,4227.94873,4225.384765999999,4222.94873,4200.512695,4229.102539,4217.307617
4306.282227000001,4235.769043,4220.769043,4233.077147999999,4220.384765999999,4206.922852000001,4210.0,4201.025879,4227.94873,4228.077147999999,4222.436035,4194.615234000001,4228.589844,4216.922852000001
4298.589844,4236.025879,4215.128418,4224.743652,4218.846191,4202.307617,4202.179688,4196.666504,4222.436035,4217.563965,4215.512695,4188.846191,4224.358886999999,4210.769043
4292.05127,4223.846191,4212.05127,4219.230957,4210.641113000001,4211.922852000001,4225.384765999999,4210.512695,4222.563965,4210.256348,4207.820313,4188.717772999999,4213.589844,4202.692383
4291.538574,4226.410156,4216.025879,4226.538574,4211.282227000001,4224.102539,4238.205078,4223.077147999999,4230.0,4218.589844,4211.666504,4188.077147999999,4210.897461,4206.922852000001
4282.692383,4232.307617,4212.94873,4224.102539,4216.282227000001,4226.666504,4222.307617,4211.410156,4227.94873,4215.769043,4209.102539,4177.179688,4205.0,4205.769043
4266.282227000001,4220.384765999999,4201.794922,4210.641113000001,4212.563965,4220.384765999999,4215.641113000001,4199.358886999999,4215.769043,4197.307617,4193.717772999999,4169.102539,4191.410156,4193.333496
4263.846191,4215.512695,4202.436035,4214.102539,4210.256348,4218.974121,4224.743652,4207.820313,4217.436035,4204.615234000001,4198.333496,4175.128418,4195.384765999999,4198.589844
4270.769043,4224.102539,4209.487305,4224.358886999999,4214.102539,4222.307617,4220.512695,4218.589844,4232.820313,4223.333496,4220.128418,4186.025879,4210.897461,4212.179688
4273.846191,4226.922852000001,4212.179688,4223.333496,4213.461426,4221.666504,4210.128418,4215.641113000001,4237.563965,4222.307617,4229.102539,4196.282227000001,4219.358886999999,4215.769043
4279.358886999999,4226.794922,4220.0,4225.128418,4215.256348,4217.94873,4208.333496,4204.743652,4229.102539,4221.025879,4229.743652,4204.102539,4231.410156,4221.410156
4276.282227000001,4223.846191,4220.641113000001,4222.820313,4210.769043,4210.384765999999,4206.025879,4201.025879,4224.487305,4220.256348,4227.05127,4197.179688,4231.794922,4220.128418
4262.692383,4213.461426,4207.692383,4208.974121,4198.077147999999,4204.102539,4201.666504,4206.666504,4222.563965,4208.205078,4211.922852000001,4188.717772999999,4210.128418,4205.256348
4262.436035,4212.436035,4206.666504,4207.179688,4202.436035,4207.94873,4199.358886999999,4209.358886999999,4221.794922,4205.512695,4203.589844,4196.025879,4204.358886999999,4200.769043
4270.0,4222.436035,4216.794922,4216.794922,4214.230957,4215.0,4205.512695,4215.641113000001,4230.384765999999,4216.282227000001,4213.589844,4198.205078,4217.179688,4208.846191
4264.871582,4221.153809,4217.307617,4217.94873,4209.487305,4217.563965,4220.769043,4224.230957,4235.384765999999,4215.128418,4216.153809,4187.05127,4215.128418,4207.563965
4254.487305,4216.666504,4212.179688,4213.589844,4203.974121,4214.102539,4225.897461,4212.820313,4223.461426,4207.307617,4207.05127,4183.974121,4204.871582,4201.410156
4245.897461,4220.0,4209.615234000001,4212.307617,4205.384765999999,4209.743652,4216.538574,4198.077147999999,4210.0,4204.230957,4200.897461,4187.563965,4202.692383,4200.512695
4235.0,4219.102539,4205.128418,4209.871582,4200.0,4211.666504,4208.589844,4198.974121,4204.743652,4198.846191,4195.128418,4180.128418,4202.436035,4198.333496
4228.974121,4217.94873,4202.94873,4208.589844,4201.025879,4216.794922,4213.205078,4203.077147999999,4205.897461,4199.487305,4193.717772999999,4173.077147999999,4203.717772999999,4195.128418
4223.333496,4217.307617,4202.692383,4210.128418,4209.230957,4211.538574,4220.128418,4198.205078,4201.794922,4200.641113000001,4196.794922,4173.461426,4201.410156,4190.512695
4214.358886999999,4216.794922,4200.512695,4210.897461,4212.820313,4207.563965,4217.692383,4194.487305,4199.230957,4202.05127,4200.512695,4175.384765999999,4204.102539,4190.769043
4217.692383,4223.589844,4204.487305,4215.384765999999,4216.794922,4218.974121,4211.538574,4208.205078,4218.205078,4216.794922,4212.563965,4183.333496,4223.205078,4201.153809
4226.282227000001,4231.025879,4209.230957,4215.384765999999,4214.358886999999,4217.563965,4208.205078,4225.641113000001,4239.102539,4231.666504,4227.820313,4197.05127,4238.461426,4214.102539
4223.974121,4227.94873,4209.487305,4212.692383,4208.974121,4206.153809,4210.769043,4224.487305,4240.0,4234.358886999999,4231.794922,4204.358886999999,4236.666504,4221.666504
4217.307617,4218.461426,4208.974121,4210.0,4208.333496,4212.05127,4207.179688,4212.563965,4231.666504,4230.0,4225.256348,4200.0,4228.717772999999,4218.974121
4217.179688,4219.871582,4209.871582,4205.897461,4210.0,4219.615234000001,4199.743652,4214.487305,4230.512695,4225.256348,4222.820313,4198.717772999999,4226.153809,4212.307617
4216.538574,4227.692383,4210.512695,4203.974121,4211.153809,4215.897461,4212.820313,4226.922852000001,4232.307617,4225.128418,4224.871582,4201.922852000001,4229.358886999999,4208.205078
4207.94873,4220.641113000001,4205.641113000001,4202.307617,4204.487305,4206.410156,4230.128418,4221.794922,4222.05127,4219.615234000001,4215.512695,4196.282227000001,4226.922852000001,4205.128418
4203.974121,4212.179688,4206.538574,4203.974121,4199.615234000001,4204.230957,4223.461426,4208.846191,4208.974121,4206.410156,4204.102539,4188.205078,4220.128418,4205.384765999999
4205.384765999999,4218.461426,4216.922852000001,4207.563965,4204.871582,4211.282227000001,4211.282227000001,4205.128418,4200.384765999999,4195.897461,4204.487305,4187.692383,4218.461426,4207.05127
4201.538574,4218.333496,4220.128418,4207.179688,4208.461426,4211.794922,4214.743652,4203.461426,4188.077147999999,4188.205078,4201.410156,4188.846191,4214.358886999999,4202.820313
4198.974121,4216.538574,4216.025879,4211.922852000001,4211.666504,4209.102539,4216.922852000001,4193.205078,4179.487305,4187.307617,4197.436035,4185.641113000001,4211.794922,4198.589844
4196.282227000001,4223.205078,4213.717772999999,4214.487305,4218.333496,4213.461426,4203.974121,4176.922852000001,4180.256348,4189.358886999999,4201.666504,4181.538574,4215.512695,4197.05127
4195.384765999999,4226.025879,4215.0,4211.922852000001,4217.563965,4212.94873,4198.846191,4176.538574,4183.846191,4190.256348,4206.410156,4185.384765999999,4219.230957,4199.487305
4199.743652,4227.307617,4220.256348,4214.615234000001,4214.487305,4204.102539,4201.410156,4184.871582,4191.922852000001,4199.743652,4213.077147999999,4195.512695,4223.589844,4208.205078
4203.717772999999,4230.769043,4224.615234000001,4218.717772999999,4221.153809,4205.769043,4189.871582,4183.846191,4207.94873,4213.333496,4223.974121,4201.666504,4226.922852000001,4217.307617
4205.384765999999,4234.358886999999,4224.102539,4219.230957,4229.358886999999,4217.563965,4186.025879,4196.410156,4227.820313,4223.333496,4235.256348,4208.077147999999,4237.94873,4223.589844
4204.230957,4235.384765999999,4221.922852000001,4219.743652,4222.820313,4218.717772999999,4206.666504,4224.230957,4241.794922,4230.641113000001,4243.205078,4215.512695,4249.615234000001,4224.487305
4203.205078,4235.0,4221.922852000001,4219.871582,4212.94873,4217.692383,4218.461426,4235.128418,4248.846191,4239.871582,4244.615234000001,4216.153809,4246.538574,4221.666504
4200.641113000001,4231.666504,4219.871582,4215.512695,4216.666504,4218.974121,4208.589844,4238.589844,4255.769043,4241.922852000001,4239.358886999999,4212.563965,4238.589844,4218.205078
4191.794922,4222.692383,4212.05127,4207.05127,4213.589844,4212.692383,4204.871582,4246.666504,4251.922852000001,4229.102539,4229.615234000001,4206.025879,4231.410156,4212.94873
4177.94873,4214.230957,4204.615234000001,4201.410156,4203.589844,4216.025879,4215.384765999999,4226.922852000001,4225.641113000001,4210.0,4216.153809,4193.205078,4218.461426,4203.717772999999
4167.307617,4209.487305,4197.820313,4198.205078,4207.692383,4223.205078,4218.077147999999,4192.563965,4193.974121,4193.589844,4199.230957,4181.025879,4203.974121,4192.05127
4166.666504,4206.538574,4194.230957,4195.384765999999,4211.922852000001,4212.692383,4206.153809,4179.743652,4177.307617,4182.820313,4190.128418,4180.641113000001,4197.05127,4185.0
4172.179688,4206.794922,4197.820313,4196.410156,4208.205078,4204.615234000001,4196.025879,4178.589844,4172.307617,4177.436035,4190.897461,4181.922852000001,4192.179688,4183.589844
4179.102539,4214.102539,4204.871582,4203.589844,4209.743652,4203.717772999999,4189.487305,4174.358886999999,4168.589844,4175.641113000001,4196.153809,4180.641113000001,4196.282227000001,4186.922852000001
4192.436035,4230.897461,4216.282227000001,4215.897461,4214.743652,4194.743652,4188.846191,4175.641113000001,4173.205078,4186.410156,4212.94873,4190.897461,4223.205078,4201.410156
4210.128418,4245.641113000001,4231.922852000001,4227.563965,4219.743652,4195.512695,4195.641113000001,4188.974121,4191.410156,4208.846191,4235.128418,4209.487305,4247.436035,4221.282227000001
4216.922852000001,4246.538574,4240.0,4230.641113000001,4226.410156,4207.179688,4188.589844,4200.769043,4207.94873,4219.358886999999,4243.717772999999,4217.94873,4248.717772999999,4227.436035
4219.615234000001,4252.94873,4240.769043,4237.179688,4233.461426,4205.0,4175.256348,4206.153809,4219.615234000001,4225.384765999999,4245.384765999999,4219.871582,4252.05127,4226.922852000001
4223.461426,4266.538574,4240.512695,4245.897461,4236.922852000001,4204.487305,4183.717772999999,4210.128418,4224.102539,4231.153809,4242.436035,4220.384765999999,4256.410156,4228.717772999999
4212.563965,4258.589844,4233.974121,4237.94873,4233.717772999999,4215.0,4199.358886999999,4213.077147999999,4214.230957,4216.282227000001,4225.128418,4211.538574,4237.820313,4221.025879
4190.128418,4235.128418,4220.256348,4222.820313,4223.974121,4214.230957,4201.922852000001,4207.05127,4201.922852000001,4197.563965,4207.94873,4198.974121,4213.205078,4207.05127
4167.94873,4217.692383,4204.230957,4208.205078,4211.794922,4207.179688,4208.846191,4199.230957,4201.410156,4191.794922,4197.436035,4188.333496,4199.358886999999,4192.307617
4151.025879,4202.820313,4192.05127,4193.461426,4205.128418,4212.307617,4222.563965,4205.0,4204.230957,4184.487305,4184.230957,4178.846191,4185.256348,4176.282227000001
4144.487305,4193.077147999999,4186.538574,4187.05127,4208.333496,4222.563965,4217.307617,4204.102539,4197.94873,4175.384765999999,4176.410156,4176.538574,4172.563965,4165.897461
4147.307617,4196.922852000001,4187.05127,4189.487305,4215.769043,4229.230957,4211.025879,4200.256348,4198.846191,4184.871582,4185.512695,4184.102539,4175.512695,4169.358886999999
4155.897461,4205.128418,4196.538574,4191.922852000001,4214.230957,4221.410156,4222.820313,4217.05127,4215.384765999999,4205.641113000001,4201.025879,4195.128418,4190.0,4182.692383
4171.025879,4209.358886999999,4206.025879,4198.333496,4208.205078,4207.692383,4226.666504,4221.025879,4219.102539,4212.820313,4204.615234000001,4202.692383,4198.846191,4191.794922
4186.538574,4221.282227000001,4214.871582,4214.487305,4216.410156,4214.487305,4212.436035,4204.871582,4216.025879,4216.922852000001,4207.94873,4206.410156,4207.563965,4198.846191
4197.563965,4239.871582,4226.153809,4224.102539,4226.410156,4220.897461,4205.0,4209.487305,4224.743652,4229.743652,4220.512695,4212.05127,4223.077147999999,4211.282227000001
4207.436035,4251.410156,4233.205078,4226.410156,4230.512695,4211.025879,4209.487305,4227.307617,4228.461426,4238.333496,4227.820313,4219.230957,4236.666504,4223.846191
4217.692383,4258.846191,4239.358886999999,4237.05127,4238.717772999999,4211.538574,4193.846191,4222.692383,4227.692383,4239.358886999999,4231.025879,4221.666504,4249.487305,4232.05127
4224.230957,4263.846191,4247.307617,4249.230957,4242.05127,4218.846191,4173.717772999999,4209.487305,4236.410156,4245.128418,4238.717772999999,4223.205078,4259.743652,4236.794922
4218.333496,4257.05127,4243.974121,4244.358886999999,4236.666504,4216.538574,4189.487305,4203.717772999999,4235.512695,4243.333496,4235.641113000001,4219.358886999999,4251.410156,4229.871582
4196.794922,4241.282227000001,4222.820313,4226.153809,4233.974121,4215.384765999999,4203.333496,4186.538574,4212.692383,4220.128418,4210.256348,4202.179688,4225.512695,4207.307617
4180.512695,4230.641113000001,4208.205078,4216.922852000001,4227.563965,4213.717772999999,4187.692383,4177.563965,4201.666504,4203.205078,4192.820313,4190.128418,4209.615234000001,4192.820313
4179.230957,4225.256348,4209.358886999999,4217.307617,4210.512695,4203.461426,4188.846191,4194.230957,4207.692383,4205.256348,4195.128418,4188.333496,4208.077147999999,4189.871582
4172.692383,4213.846191,4205.256348,4210.512695,4196.922852000001,4198.717772999999,4212.179688,4204.102539,4203.333496,4198.461426,4188.461426,4178.846191,4198.717772999999,4178.974121
4160.384765999999,4207.692383,4197.820313,4202.05127,4197.820313,4201.666504,4215.256348,4196.410156,4194.743652,4184.615234000001,4175.128418,4171.025879,4182.563965,4170.384765999999
4162.692383,4213.333496,4202.94873,4204.102539,4203.333496,4200.384765999999,4205.769043,4186.410156,4192.307617,4185.512695,4178.077147999999,4179.871582,4178.205078,4181.025879
4173.974121,4220.384765999999,4210.256348,4210.384765999999,4200.769043,4200.384765999999,4209.487305,4186.410156,4195.769043,4193.589844,4186.538574,4188.717772999999,4186.025879,4192.436035
4177.692383,4225.0,4206.153809,4209.743652,4205.384765999999,4210.641113000001,4215.769043,4205.769043,4203.846191,4194.615234000001,4183.846191,4188.461426,4192.820313,4188.846191
4177.307617,4228.333496,4201.922852000001,4208.333496,4225.256348,4220.641113000001,4214.871582,4218.077147999999,4205.641113000001,4194.871582,4179.743652,4191.153809,4194.358886999999,4188.589844
4186.666504,4237.94873,4210.512695,4218.974121,4236.794922,4228.589844,4213.461426,4198.717772999999,4206.666504,4208.974121,4188.333496,4197.179688,4202.563965,4201.922852000001
4202.692383,4252.94873,4223.333496,4231.410156,4236.025879,4237.179688,4199.358886999999,4186.153809,4226.153809,4232.179688,4201.410156,4203.717772999999,4218.589844,4214.358886999999
4213.461426,4261.153809,4230.897461,4235.512695,4237.94873,4228.077147999999,4177.820313,4204.743652,4246.922852000001,4243.589844,4206.153809,4209.871582,4228.589844,4219.102539
4212.94873,4258.974121,4232.692383,4240.384765999999,4235.128418,4209.102539,4180.128418,4216.538574,4243.077147999999,4237.307617,4200.641113000001,4206.666504,4228.717772999999,4219.743652
4203.589844,4247.692383,4228.205078,4239.358886999999,4215.897461,4202.179688,4194.230957,4212.179688,4229.358886999999,4224.871582,4192.692383,4197.179688,4217.820313,4214.743652
4193.974121,4234.230957,4220.384765999999,4228.205078,4200.897461,4203.333496,4195.128418,4200.897461,4216.666504,4211.666504,4184.487305,4192.692383,4196.153809,4205.769043
4184.871582,4222.179688,4210.0,4218.461426,4201.025879,4203.461426,4198.974121,4183.077147999999,4194.615234000001,4192.436035,4170.384765999999,4186.922852000001,4169.743652,4196.282227000001
4175.256348,4209.358886999999,4199.358886999999,4206.282227000001,4197.436035,4197.820313,4207.563965,4182.436035,4176.025879,4170.128418,4153.461426,4176.025879,4147.692383,4183.461426
4175.897461,4205.641113000001,4198.717772999999,4200.256348,4191.025879,4196.153809,4206.025879,4193.333496,4175.897461,4163.717772999999,4152.307617,4175.128418,4144.487305,4181.282227000001
4186.410156,4211.666504,4201.922852000001,4207.94873,4191.153809,4206.538574,4207.94873,4176.153809,4172.94873,4171.794922,4164.102539,4183.589844,4150.512695,4193.461426
4197.94873,4221.538574,4204.743652,4216.794922,4197.307617,4215.384765999999,4210.0,4157.436035,4169.871582,4177.692383,4171.282227000001,4189.871582,4155.128418,4206.794922
4211.794922,4232.94873,4215.0,4222.05127,4205.641113000001,4214.487305,4199.358886999999,4174.358886999999,4185.641113000001,4185.0,4177.820313,4193.589844,4164.358886999999,4221.025879
4227.94873,4245.512695,4226.410156,4231.153809,4208.333496,4208.846191,4189.615234000001,4193.333496,4202.307617,4200.512695,4191.282227000001,4198.077147999999,4180.769043,4237.307617
4241.153809,4255.0,4230.512695,4240.512695,4208.846191,4206.666504,4198.333496,4192.179688,4209.102539,4218.077147999999,4207.05127,4206.410156,4196.282227000001,4246.153809
4244.743652,4255.384765999999,4230.384765999999,4239.871582,4211.666504,4212.179688,4203.846191,4191.922852000001,4214.871582,4222.05127,4211.153809,4210.256348,4200.512695,4242.94873
4231.666504,4245.512695,4222.820313,4231.025879,4211.153809,4218.205078,4188.077147999999,4193.589844,4215.0,4210.384765999999,4201.153809,4200.512695,4190.512695,4231.410156
4215.256348,4240.897461,4216.153809,4223.717772999999,4201.282227000001,4212.307617,4189.615234000001,4198.589844,4217.820313,4208.717772999999,4195.256348,4190.641113000001,4180.384765999999,4222.307617
4210.897461,4242.05127,4216.794922,4222.436035,4186.794922,4197.563965,4208.205078,4199.230957,4219.102539,4214.358886999999,4197.05127,4191.410156,4176.794922,4218.717772999999
4214.615234000001,4238.077147999999,4217.307617,4223.846191,4184.230957,4193.333496,4206.025879,4189.743652,4203.077147999999,4203.717772999999,4192.692383,4194.871582,4172.563965,4219.230957
4215.384765999999,4238.461426,4221.025879,4225.0,4193.333496,4199.615234000001,4199.230957,4186.153809,4187.94873,4184.743652,4185.256348,4196.666504,4170.0,4225.641113000001
4217.307617,4248.717772999999,4228.333496,4228.333496,4195.641113000001,4194.230957,4207.563965,4184.871582,4183.461426,4178.717772999999,4189.102539,4200.641113000001,4169.487305,4230.512695
4227.692383,4254.230957,4230.384765999999,4233.717772999999,4193.461426,4185.384765999999,4207.820313,4168.589844,4170.128418,4180.384765999999,4197.436035,4202.563965,4173.077147999999,4233.974121
4234.230957,4252.563965,4229.358886999999,4235.128418,4197.307617,4187.563965,4196.666504,4153.205078,4159.743652,4180.0,4198.717772999999,4200.769043,4182.307617,4241.794922
4232.436035,4256.282227000001,4230.512695,4231.025879,4202.692383,4191.153809,4191.794922,4162.05127,4174.358886999999,4188.461426,4203.333496,4203.333496,4193.333496,4246.282227000001
4232.05127,4263.077147999999,4228.717772999999,4233.846191,4208.589844,4196.922852000001,4200.0,4187.94873,4198.717772999999,4206.538574,4216.538574,4208.077147999999,4200.897461,4245.641113000001
4231.794922,4258.717772999999,4223.846191,4238.333496,4216.538574,4211.666504,4217.307617,4200.512695,4209.487305,4214.358886999999,4220.641113000001,4208.589844,4201.794922,4244.230957
4232.179688,4257.05127,4223.461426,4236.153809,4221.666504,4222.307617,4218.333496,4191.025879,4212.179688,4213.333496,4214.230957,4204.871582,4205.769043,4243.205078
4223.461426,4256.153809,4214.743652,4226.282227000001,4215.641113000001,4216.794922,4205.769043,4184.230957,4213.461426,4210.256348,4210.0,4195.256348,4203.717772999999,4235.384765999999
4201.794922,4240.384765999999,4199.358886999999,4213.974121,4208.077147999999,4211.794922,4209.358886999999,4192.05127,4210.384765999999,4200.897461,4202.692383,4185.641113000001,4186.410156,4223.461426
4195.512695,4230.0,4196.666504,4209.358886999999,4209.358886999999,4211.922852000001,4217.307617,4193.461426,4204.358886999999,4195.641113000001,4196.410156,4184.358886999999,4174.358886999999,4217.179688
4208.974121,4235.897461,4204.615234000001,4210.512695,4207.692383,4209.358886999999,4215.256348,4187.05127,4197.563965,4194.487305,4197.05127,4188.589844,4177.692383,4218.461426
4218.077147999999,4243.077147999999,4218.974121,4217.563965,4203.461426,4207.563965,4227.05127,4187.179688,4192.307617,4190.897461,4202.94873,4195.384765999999,4186.025879,4231.282227000001
4219.487305,4244.743652,4232.820313,4226.538574,4201.922852000001,4194.871582,4236.922852000001,4181.794922,4182.307617,4188.077147999999,4208.077147999999,4201.922852000001,4190.256348,4242.692383
4231.025879,4249.230957,4239.743652,4235.256348,4199.615234000001,4178.333496,4216.666504,4169.358886999999,4172.94873,4192.563965,4216.025879,4209.743652,4197.94873,4249.230957
4252.94873,4263.205078,4254.230957,4248.846191,4204.230957,4182.179688,4205.128418,4184.102539,4190.897461,4210.641113000001,4233.077147999999,4223.589844,4214.743652,4264.230957
4263.717772999999,4275.769043,4269.743652,4258.461426,4213.974121,4191.282227000001,4212.94873,4212.307617,4216.922852000001,4226.410156,4244.102539,4232.436035,4227.94873,4278.589844
4261.282227000001,4276.666504,4266.538574,4259.358886999999,4223.205078,4196.666504,4208.589844,4210.0,4223.077147999999,4233.077147999999,4246.153809,4232.307617,4234.743652,4277.94873
4257.94873,4270.641113000001,4257.820313,4256.410156,4231.666504,4212.820313,4201.153809,4199.102539,4231.666504,4244.871582,4248.589844,4231.794922,4242.94873,4270.897461
4247.05127,4262.179688,4246.410156,4244.871582,4223.589844,4227.436035,4211.410156,4204.871582,4244.230957,4249.743652,4241.922852000001,4220.128418,4235.769043,4259.487305
4218.077147999999,4241.410156,4218.077147999999,4220.897461,4205.641113000001,4230.512695,4227.94873,4195.897461,4226.666504,4222.05127,4211.538574,4193.717772999999,4196.922852000001,4231.153809
4191.153809,4217.179688,4193.846191,4201.538574,4205.897461,4236.538574,4230.0,4173.205078,4198.589844,4191.025879,4178.461426,4176.282227000001,4162.563965,4205.897461
4188.333496,4214.615234000001,4197.94873,4196.666504,4208.974121,4238.974121,4236.153809,4180.769043,4202.05127,4196.025879,4179.487305,4179.230957,4168.333496,4212.436035
4199.358886999999,4221.794922,4209.487305,4198.077147999999,4195.384765999999,4226.666504,4260.0,4207.307617,4213.846191,4205.384765999999,4194.615234000001,4191.025879,4184.487305,4229.230957
4208.461426,4223.589844,4212.563965,4204.358886999999,4190.384765999999,4212.436035,4257.820313,4196.666504,4200.128418,4192.820313,4193.717772999999,4196.410156,4182.179688,4234.102539
4214.487305,4228.077147999999,4218.205078,4212.05127,4204.487305,4207.692383,4221.922852000001,4164.487305,4176.410156,4183.589844,4191.666504,4196.410156,4177.94873,4238.974121
4222.94873,4232.307617,4224.358886999999,4214.102539,4207.820313,4202.436035,4206.282227000001,4164.358886999999,4168.461426,4183.461426,4199.871582,4204.487305,4183.846191,4249.615234000001
4238.589844,4241.282227000001,4233.461426,4224.102539,4201.794922,4194.871582,4217.94873,4182.563965,4178.461426,4189.230957,4213.333496,4222.05127,4197.820313,4264.230957
4250.641113000001,4257.179688,4246.410156,4242.307617,4205.897461,4190.0,4214.102539,4182.94873,4186.922852000001,4205.128418,4228.077147999999,4229.743652,4215.128418,4277.820313
4248.077147999999,4253.717772999999,4248.589844,4243.846191,4208.717772999999,4185.769043,4198.846191,4194.871582,4192.820313,4215.256348,4232.179688,4223.205078,4216.794922,4276.025879
4247.307617,4242.179688,4246.282227000001,4240.256348,4208.077147999999,4186.666504,4204.230957,4221.666504,4213.846191,4219.743652,4227.820313,4220.128418,4210.256348,4269.743652
4246.538574,4243.077147999999,4244.102539,4241.538574,4206.410156,4187.820313,4215.512695,4220.512695,4233.846191,4225.384765999999,4222.563965,4216.666504,4202.563965,4264.102539
4226.794922,4236.282227000001,4231.410156,4228.589844,4199.102539,4182.563965,4213.717772999999,4209.358886999999,4233.717772999999,4221.025879,4211.666504,4204.743652,4187.563965,4247.307617
4207.820313,4223.333496,4216.410156,4215.128418,4198.974121,4189.487305,4213.974121,4198.974121,4225.769043,4216.282227000001,4206.666504,4197.05127,4183.974121,4235.641113000001
4204.487305,4216.410156,4208.205078,4211.666504,4209.487305,4207.179688,4220.384765999999,4174.230957,4219.487305,4216.538574,4207.307617,4194.615234000001,4191.025879,4236.538574
4198.333496,4201.666504,4196.666504,4200.897461,4209.615234000001,4213.846191,4219.230957,4176.410156,4218.717772999999,4209.102539,4198.461426,4187.820313,4184.102539,4227.820313
4189.358886999999,4187.436035,4186.666504,4187.820313,4198.846191,4213.589844,4206.538574,4196.410156,4217.05127,4199.743652,4190.384765999999,4178.077147999999,4172.820313,4213.589844
4190.384765999999,4189.358886999999,4189.871582,4189.743652,4200.641113000001,4213.077147999999,4197.179688,4174.230957,4202.436035,4195.256348,4191.153809,4174.615234000001,4172.820313,4210.769043
4194.743652,4190.897461,4195.641113000001,4197.563965,4206.794922,4205.512695,4200.769043,4154.230957,4191.153809,4188.589844,4191.025879,4180.769043,4173.205078,4215.384765999999
4199.487305,4189.102539,4199.358886999999,4195.897461,4198.333496,4200.0,4211.794922,4174.743652,4188.974121,4183.589844,4192.692383,4189.743652,4177.94873,4225.0
4215.897461,4201.410156,4216.794922,4204.743652,4195.0,4199.358886999999,4207.179688,4184.871582,4187.307617,4193.333496,4209.615234000001,4200.384765999999,4197.563965,4242.563965
4236.794922,4219.743652,4242.692383,4228.205078,4205.128418,4194.487305,4189.871582,4176.538574,4192.179688,4212.05127,4230.384765999999,4213.205078,4216.538574,4260.0
4241.538574,4224.230957,4247.563965,4235.512695,4207.563965,4191.666504,4193.461426,4181.666504,4197.563965,4215.641113000001,4230.769043,4216.794922,4220.128418,4264.487305
4233.205078,4218.077147999999,4238.461426,4227.307617,4203.589844,4195.641113000001,4209.102539,4203.077147999999,4203.974121,4208.461426,4223.846191,4212.563965,4213.205078,4261.794922
4225.128418,4209.230957,4238.461426,4224.615234000001,4199.102539,4193.846191,4212.94873,4209.615234000001,4214.487305,4211.153809,4226.794922,4211.410156,4207.94873,4259.615234000001
4216.538574,4200.0,4236.666504,4221.025879,4190.384765999999,4192.05127,4215.641113000001,4199.487305,4220.897461,4214.230957,4222.692383,4205.384765999999,4203.077147999999,4252.307617
4209.358886999999,4193.205078,4225.128418,4209.743652,4189.487305,4201.922852000001,4222.05127,4206.025879,4227.436035,4212.563965,4211.410156,4196.794922,4198.205078,4244.487305
4201.153809,4181.922852000001,4214.358886999999,4198.077147999999,4194.615234000001,4211.153809,4219.487305,4220.256348,4228.717772999999,4210.256348,4205.512695,4195.128418,4191.025879,4239.230957
4186.538574,4172.692383,4209.358886999999,4193.846191,4194.102539,4210.256348,4213.461426,4217.563965,4217.563965,4203.205078,4200.512695,4189.743652,4181.153809,4229.487305
4185.897461,4176.794922,4206.922852000001,4199.487305,4191.282227000001,4203.333496,4208.974121,4200.128418,4208.461426,4197.820313,4197.692383,4182.05127,4178.333496,4222.820313
4213.333496,4179.102539,4201.538574,4201.922852000001,4187.179688,4201.282227000001,4213.717772999999,4187.05127,4203.333496,4195.0,4194.358886999999,4184.102539,4176.666504,4224.743652
4253.846191,4174.230957,4201.410156,4197.307617,4181.922852000001,4203.846191,4226.410156,4198.717772999999,4197.94873,4192.179688,4191.794922,4192.563965,4176.666504,4227.820313
4299.871582,4180.641113000001,4213.974121,4202.307617,4184.743652,4196.666504,4219.102539,4210.256348,4199.743652,4195.897461,4199.743652,4202.563965,4190.897461,4234.102539
4340.384765999999,4195.512695,4227.307617,4214.487305,4194.358886999999,4190.256348,4203.077147999999,4188.717772999999,4195.897461,4203.333496,4209.230957,4205.897461,4206.153809,4240.0
4371.282227000001,4196.153809,4228.205078,4215.897461,4196.153809,4192.94873,4200.128418,4167.94873,4184.487305,4200.384765999999,4204.871582,4200.769043,4204.487305,4234.871582
4414.615234000001,4188.333496,4217.692383,4209.358886999999,4195.256348,4192.94873,4197.179688,4173.461426,4184.230957,4191.025879,4197.820313,4199.358886999999,4201.666504,4227.94873
4471.794922,4193.974121,4212.563965,4208.846191,4205.897461,4191.922852000001,4184.230957,4165.897461,4186.025879,4189.871582,4201.025879,4205.512695,4210.897461,4234.487305
4517.179688,4201.666504,4216.666504,4209.615234000001,4207.94873,4190.0,4171.025879,4152.307617,4182.179688,4195.897461,4208.205078,4208.077147999999,4213.717772999999,4244.102539
4549.358886999999,4196.666504,4221.153809,4209.487305,4195.0,4189.615234000001,4181.666504,4174.102539,4186.538574,4198.333496,4212.820313,4205.897461,4213.333496,4243.717772999999
4569.615234000001,4189.487305,4217.05127,4208.974121,4187.179688,4191.410156,4206.153809,4199.230957,4191.666504,4187.820313,4205.641113000001,4203.846191,4210.384765999999,4237.436035
4576.282227000001,4186.538574,4210.512695,4205.512695,4186.410156,4186.153809,4214.230957,4204.871582,4192.94873,4180.512695,4194.487305,4198.589844,4196.025879,4234.102539
4590.769043,4188.846191,4211.282227000001,4206.538574,4185.897461,4181.794922,4210.769043,4210.0,4201.922852000001,4192.179688,4198.717772999999,4193.589844,4191.282227000001,4236.410156
4607.179688,4185.0,4210.897461,4207.820313,4183.205078,4187.692383,4214.102539,4210.769043,4202.563965,4194.102539,4200.897461,4193.846191,4189.487305,4233.077147999999
4610.641113000001,4178.461426,4211.922852000001,4205.512695,4182.307617,4187.563965,4215.897461,4212.820313,4197.307617,4187.563965,4192.94873,4198.589844,4181.153809,4231.153809
4616.922852000001,4181.153809,4219.743652,4207.563965,4186.282227000001,4178.205078,4212.05127,4227.820313,4213.077147999999,4202.563965,4198.333496,4200.769043,4188.461426,4239.615234000001
4627.563965,4185.512695,4224.615234000001,4211.922852000001,4188.974121,4181.153809,4211.410156,4230.128418,4229.230957,4221.153809,4209.615234000001,4198.846191,4200.384765999999,4241.025879
4633.846191,4187.179688,4220.512695,4212.307617,4191.794922,4195.128418,4204.871582,4206.410156,4223.846191,4220.128418,4206.922852000001,4197.436035,4195.512695,4235.897461
4637.563965,4187.307617,4214.230957,4208.974121,4197.436035,4198.974121,4191.666504,4190.384765999999,4213.589844,4214.230957,4200.256348,4197.179688,4195.0,4236.538574
4644.871582,4184.487305,4213.846191,4206.410156,4196.794922,4193.974121,4190.512695,4198.974121,4213.717772999999,4215.897461,4203.717772999999,4201.538574,4213.205078,4239.871582
4652.94873,4181.025879,4217.436035,4208.205078,4188.589844,4196.153809,4202.436035,4205.0,4217.307617,4221.410156,4213.846191,4208.717772999999,4224.102539,4244.743652
4667.692383,4188.461426,4222.563965,4214.487305,4190.769043,4200.641113000001,4201.153809,4192.820313,4214.102539,4223.846191,4221.282227000001,4215.128418,4223.205078,4253.717772999999
4686.794922,4204.230957,4228.205078,4224.230957,4204.230957,4196.538574,4187.820313,4181.666504,4208.077147999999,4219.743652,4221.025879,4220.897461,4223.333496,4256.538574
4692.436035,4210.641113000001,4228.077147999999,4227.307617,4205.769043,4189.615234000001,4182.307617,4179.358886999999,4198.717772999999,4209.487305,4211.282227000001,4218.333496,4216.922852000001,4248.077147999999
4692.563965,4213.333496,4226.282227000001,4225.641113000001,4196.922852000001,4186.538574,4176.666504,4189.358886999999,4195.384765999999,4204.102539,4205.897461,4215.897461,4212.692383,4246.538574
4696.794922,4218.717772999999,4234.743652,4230.897461,4193.974121,4184.487305,4175.256348,4211.666504,4210.384765999999,4213.461426,4216.025879,4226.666504,4220.897461,4257.05127
4687.05127,4209.615234000001,4236.153809,4226.666504,4184.487305,4178.717772999999,4185.512695,4216.410156,4217.692383,4216.922852000001,4216.922852000001,4231.282227000001,4217.692383,4257.563965
4670.769043,4191.282227000001,4227.820313,4215.0,4175.897461,4181.922852000001,4198.333496,4205.897461,4209.615234000001,4209.871582,4205.128418,4217.05127,4205.641113000001,4242.820313
4671.025879,4188.205078,4226.282227000001,4215.0,4186.410156,4192.563965,4203.333496,4206.794922,4210.0,4208.461426,4200.384765999999,4203.461426,4207.05127,4232.436035
4668.717772999999,4184.102539,4214.871582,4207.94873,4194.102539,4195.897461,4200.384765999999,4209.615234000001,4210.0,4206.282227000001,4190.128418,4195.769043,4202.94873,4223.589844
4655.128418,4172.563965,4194.743652,4190.128418,4187.436035,4202.94873,4207.563965,4209.487305,4204.743652,4201.794922,4172.692383,4185.0,4187.179688,4210.897461
4654.230957,4169.102539,4193.589844,4186.922852000001,4184.871582,4210.128418,4217.307617,4213.974121,4207.179688,4199.871582,4170.384765999999,4179.358886999999,4181.922852000001,4208.077147999999
4666.922852000001,4171.282227000001,4206.794922,4195.897461,4191.025879,4209.743652,4220.897461,4211.025879,4206.025879,4196.282227000001,4175.256348,4182.436035,4185.641113000001,4213.205078
4674.615234000001,4174.102539,4210.897461,4200.769043,4195.769043,4213.717772999999,4210.897461,4198.846191,4195.128418,4192.692383,4170.384765999999,4186.794922,4184.615234000001,4217.820313
4677.563965,4182.563965,4211.538574,4207.307617,4191.282227000001,4209.358886999999,4188.461426,4192.436035,4189.230957,4193.077147999999,4169.871582,4190.769043,4183.461426,4225.769043
4691.153809,4197.692383,4224.615234000001,4220.512695,4186.666504,4192.94873,4185.897461,4194.102539,4197.563965,4200.769043,4181.410156,4198.205078,4194.358886999999,4240.641113000001
4706.666504,4209.743652,4238.974121,4229.615234000001,4189.358886999999,4188.461426,4203.589844,4189.487305,4201.282227000001,4209.358886999999,4190.512695,4208.077147999999,4205.769043,4255.897461
4712.05127,4214.743652,4246.794922,4235.769043,4194.487305,4196.410156,4201.025879,4186.538574,4195.384765999999,4213.333496,4196.666504,4217.05127,4208.205078,4270.0
4710.384765999999,4211.025879,4250.897461,4240.256348,4194.615234000001,4197.307617,4185.256348,4200.641113000001,4195.128418,4211.282227000001,4204.871582,4223.333496,4210.641113000001,4277.436035
4697.307617,4196.922852000001,4248.717772999999,4233.974121,4186.025879,4190.384765999999,4195.512695,4205.384765999999,4196.153809,4201.666504,4204.487305,4220.0,4208.077147999999,4270.512695
4669.487305,4176.153809,4234.871582,4217.05127,4174.871582,4189.358886999999,4208.717772999999,4189.102539,4188.846191,4190.256348,4191.410156,4206.538574,4191.025879,4252.436035
4638.717772999999,4155.256348,4213.333496,4201.666504,4170.256348,4200.769043,4202.307617,4188.333496,4180.769043,4183.333496,4175.384765999999,4191.410156,4173.205078,4229.743652
4620.641113000001,4149.743652,4200.897461,4193.333496,4172.05127,4214.487305,4211.922852000001,4208.205078,4190.512695,4184.871582,4172.563965,4186.666504,4171.153809,4218.846191
4609.230957,4151.922852000001,4200.512695,4185.769043,4169.743652,4210.512695,4238.461426,4225.897461,4207.436035,4195.256348,4181.282227000001,4190.512695,4176.666504,4221.538574
4594.743652,4143.333496,4195.256348,4178.717772999999,4162.563965,4201.410156,4238.974121,4219.871582,4200.641113000001,4196.153809,4179.230957,4185.256348,4176.794922,4217.436035
4600.256348,4142.05127,4189.358886999999,4180.641113000001,4163.205078,4207.820313,4218.974121,4200.0,4190.256348,4186.153809,4173.461426,4179.743652,4175.128418,4212.692383
4632.05127,4162.436035,4198.846191,4193.589844,4172.563965,4209.487305,4210.128418,4202.436035,4206.025879,4194.102539,4186.794922,4190.384765999999,4180.128418,4226.794922
4660.769043,4183.846191,4215.512695,4208.846191,4181.025879,4198.717772999999,4205.769043,4213.077147999999,4217.563965,4216.410156,4206.538574,4206.538574,4194.871582,4248.333496
4681.538574,4198.461426,4227.692383,4219.871582,4185.384765999999,4196.153809,4191.282227000001,4203.589844,4207.820313,4222.307617,4216.410156,4218.461426,4207.307617,4263.717772999999
4713.589844,4211.153809,4239.102539,4227.692383,4184.102539,4191.538574,4175.128418,4205.128418,4212.820313,4224.615234000001,4227.179688,4229.615234000001,4212.94873,4278.589844
4741.922852000001,4216.025879,4247.05127,4233.205078,4179.487305,4177.307617,4165.512695,4220.897461,4227.692383,4236.153809,4238.717772999999,4232.436035,4218.589844,4286.410156
4735.641113000001,4209.487305,4239.230957,4228.205078,4178.589844,4176.922852000001,4159.358886999999,4194.102539,4209.871582,4225.0,4228.077147999999,4218.846191,4212.563965,4274.102539
4715.769043,4193.846191,4221.794922,4215.384765999999,4175.256348,4185.897461,4168.589844,4166.282227000001,4187.563965,4194.615234000001,4207.05127,4206.538574,4190.0,4253.333496
4705.769043,4177.05127,4213.333496,4208.077147999999,4168.461426,4183.974121,4194.743652,4196.282227000001,4196.282227000001,4185.512695,4200.641113000001,4205.384765999999,4175.0,4240.512695
4692.179688,4165.128418,4206.025879,4199.230957,4166.922852000001,4184.358886999999,4207.05127,4208.589844,4190.0,4184.358886999999,4194.487305,4199.230957,4167.94873,4227.94873
4674.743652,4158.461426,4192.563965,4185.641113000001,4169.615234000001,4201.794922,4207.563965,4182.692383,4168.717772999999,4176.153809,4184.743652,4187.563965,4160.769043,4214.487305
4663.461426,4155.384765999999,4189.615234000001,4181.794922,4170.384765999999,4208.846191,4216.538574,4196.410156,4185.769043,4185.512695,4188.077147999999,4185.769043,4166.153809,4211.922852000001
4653.589844,4153.461426,4195.384765999999,4182.05127,4167.94873,4194.102539,4219.230957,4230.769043,4214.871582,4203.333496,4195.512695,4188.846191,4175.641113000001,4215.641113000001
4647.820313,4157.563965,4197.94873,4182.05127,4168.717772999999,4193.461426,4215.512695,4226.666504,4212.94873,4207.820313,4198.589844,4191.666504,4181.025879,4219.743652
4656.922852000001,4168.717772999999,4205.641113000001,4192.692383,4173.333496,4205.512695,4215.128418,4205.897461,4205.769043,4212.436035,4206.025879,4202.307617,4192.94873,4230.256348
4665.897461,4180.256348,4222.436035,4208.846191,4183.974121,4200.769043,4207.179688,4212.692383,4219.487305,4226.922852000001,4217.436035,4213.846191,4210.384765999999,4244.871582
4665.512695,4189.871582,4232.692383,4217.307617,4196.922852000001,4195.128418,4197.436035,4229.487305,4231.410156,4238.077147999999,4227.563965,4215.512695,4225.384765999999,4253.205078
4666.153809,4194.615234000001,4231.025879,4218.077147999999,4196.282227000001,4199.743652,4192.307617,4215.769043,4224.743652,4235.0,4231.282227000001,4215.897461,4230.0,4252.820313
4661.538574,4193.974121,4229.102539,4219.102539,4188.461426,4197.94873,4187.436035,4187.307617,4211.153809,4221.025879,4223.333496,4217.436035,4224.102539,4247.820313
4640.897461,4184.615234000001,4224.871582,4214.102539,4184.230957,4191.410156,4186.025879,4185.256348,4198.717772999999,4201.922852000001,4207.436035,4209.102539,4213.205078,4239.871582
4613.077147999999,4176.025879,4218.589844,4203.461426,4181.153809,4191.153809,4189.871582,4208.717772999999,4199.487305,4197.692383,4204.358886999999,4203.717772999999,4208.205078,4235.0
4582.94873,4171.794922,4211.922852000001,4196.025879,4175.641113000001,4190.384765999999,4200.384765999999,4216.153809,4209.102539,4206.922852000001,4210.769043,4206.025879,4204.615234000001,4232.307617
4558.077147999999,4161.666504,4203.461426,4189.871582,4172.436035,4188.717772999999,4203.077147999999,4197.05127,4202.179688,4201.410156,4202.692383,4198.205078,4192.563965,4223.717772999999
4555.384765999999,4156.922852000001,4203.717772999999,4190.897461,4178.461426,4200.512695,4199.871582,4205.384765999999,4194.615234000001,4194.743652,4193.077147999999,4192.307617,4188.717772999999,4220.0
4558.461426,4163.077147999999,4210.0,4196.666504,4178.077147999999,4207.94873,4209.230957,4237.179688,4206.538574,4201.153809,4201.538574,4201.025879,4196.538574,4228.589844
4541.922852000001,4164.487305,4206.922852000001,4193.589844,4168.333496,4192.94873,4216.153809,4223.333496,4206.922852000001,4199.743652,4203.846191,4200.384765999999,4195.256348,4230.897461
4527.179688,4164.102539,4202.692383,4191.410156,4177.436035,4188.205078,4203.846191,4179.615234000001,4186.666504,4194.871582,4192.692383,4189.487305,4188.589844,4224.358886999999
4527.436035,4171.410156,4206.538574,4197.179688,4194.230957,4201.538574,4191.025879,4191.410156,4192.05127,4201.794922,4192.05127,4193.846191,4191.153809,4225.256348
4524.615234000001,4175.256348,4211.538574,4202.307617,4186.025879,4203.205078,4193.333496,4223.589844,4214.871582,4207.307617,4200.256348,4204.615234000001,4199.102539,4231.922852000001
4524.230957,4172.94873,4218.461426,4204.871582,4172.563965,4188.974121,4193.846191,4212.436035,4216.410156,4208.205078,4206.666504,4204.230957,4205.641113000001,4237.05127
4532.436035,4169.871582,4222.820313,4205.512695,4175.897461,4184.358886999999,4188.974121,4206.666504,4209.615234000001,4210.512695,4208.205078,4204.230957,4201.025879,4236.410156
4536.666504,4167.05127,4222.692383,4204.230957,4181.794922,4197.692383,4194.102539,4215.384765999999,4208.077147999999,4205.256348,4206.282227000001,4207.179688,4188.974121,4232.179688
4534.615234000001,4166.025879,4219.743652,4200.641113000001,4179.102539,4203.205078,4200.512695,4211.153809,4203.205078,4194.487305,4201.538574,4202.820313,4183.333496,4230.641113000001
4529.358886999999,4161.794922,4209.871582,4193.589844,4174.358886999999,4192.94873,4203.974121,4214.230957,4202.692383,4192.307617,4196.666504,4195.769043,4183.589844,4228.846191
4524.871582,4159.358886999999,4205.641113000001,4191.794922,4175.0,4195.128418,4206.794922,4222.179688,4212.436035,4201.794922,4201.282227000001,4194.871582,4189.230957,4228.205078
4525.256348,4161.922852000001,4210.128418,4196.025879,4179.487305,4208.589844,4206.410156,4216.025879,4212.820313,4206.538574,4206.794922,4195.897461,4199.487305,4230.641113000001
4528.974121,4165.769043,4210.384765999999,4198.717772999999,4183.974121,4208.589844,4205.769043,4216.666504,4208.461426,4205.512695,4211.025879,4200.128418,4208.461426,4235.0
4526.794922,4170.256348,4206.922852000001,4201.153809,4184.743652,4200.0,4204.871582,4220.641113000001,4213.077147999999,4208.717772999999,4216.410156,4205.641113000001,4213.589844,4238.974121
4518.333496,4174.743652,4205.512695,4203.846191,4182.307617,4199.871582,4200.384765999999,4200.769043,4208.461426,4207.179688,4216.025879,4203.333496,4214.615234000001,4237.820313
4519.743652,4178.333496,4207.692383,4207.692383,4188.846191,4203.589844,4186.282227000001,4189.871582,4200.769043,4199.871582,4213.974121,4202.436035,4215.512695,4237.820313
4530.0,4182.692383,4214.871582,4213.717772999999,4199.487305,4204.743652,4183.461426,4205.384765999999,4209.102539,4204.743652,4220.384765999999,4212.820313,4221.410156,4242.436035
4534.102539,4186.282227000001,4222.94873,4218.205078,4196.282227000001,4205.897461,4204.615234000001,4220.0,4222.692383,4220.128418,4230.769043,4222.307617,4231.666504,4247.563965
4525.256348,4181.410156,4220.897461,4215.384765999999,4190.0,4205.256348,4210.641113000001,4214.871582,4220.128418,4222.94873,4229.358886999999,4215.641113000001,4235.512695,4246.666504
4508.333496,4173.589844,4212.05127,4208.077147999999,4194.487305,4204.615234000001,4193.974121,4196.538574,4206.025879,4209.487305,4218.461426,4201.410156,4222.820313,4236.794922
4495.384765999999,4173.846191,4208.333496,4204.743652,4192.563965,4203.589844,4195.641113000001,4203.717772999999,4202.820313,4200.897461,4210.897461,4198.077147999999,4204.487305,4224.358886999999
4488.974121,4169.230957,4207.436035,4199.871582,4178.846191,4197.94873,4211.025879,4223.846191,4205.512695,4199.871582,4205.384765999999,4201.025879,4192.94873,4219.871582
4478.589844,4158.974121,4203.846191,4195.769043,4179.615234000001,4197.94873,4216.794922,4218.205078,4202.692383,4196.794922,4200.512695,4193.846191,4189.743652,4219.102539
4467.307617,4159.871582,4200.641113000001,4198.717772999999,4187.820313,4206.282227000001,4220.769043,4203.333496,4198.077147999999,4195.128418,4201.025879,4188.846191,4190.256348,4213.589844
4476.282227000001,4170.384765999999,4205.128418,4205.0,4185.384765999999,4209.615234000001,4215.641113000001,4200.128418,4196.794922,4200.256348,4205.769043,4197.05127,4195.512695,4217.692383
4497.820313,4178.974121,4214.615234000001,4208.589844,4187.436035,4205.256348,4201.153809,4207.05127,4204.102539,4208.333496,4215.0,4204.487305,4206.410156,4233.461426
4499.743652,4175.256348,4214.102539,4207.05127,4188.974121,4197.94873,4199.358886999999,4216.538574,4209.615234000001,4207.563965,4222.820313,4205.641113000001,4208.333496,4235.641113000001
4493.205078,4170.641113000001,4211.666504,4208.717772999999,4185.128418,4198.077147999999,4201.794922,4214.358886999999,4207.307617,4207.692383,4225.897461,4209.743652,4208.077147999999,4231.922852000001
4500.897461,4183.461426,4221.666504,4221.153809,4193.846191,4206.538574,4187.307617,4196.282227000001,4207.820313,4223.205078,4233.717772999999,4217.692383,4222.436035,4245.0
4509.871582,4197.436035,4233.846191,4231.025879,4208.333496,4207.563965,4167.94873,4181.538574,4209.102539,4233.205078,4241.538574,4219.102539,4233.205078,4256.538574
4505.256348,4194.230957,4233.717772999999,4225.256348,4209.102539,4206.794922,4169.615234000001,4188.461426,4210.0,4231.410156,4240.128418,4214.615234000001,4228.717772999999,4250.769043
4492.94873,4183.205078,4227.436035,4218.077147999999,4202.692383,4217.94873,4191.282227000001,4211.794922,4220.128418,4234.871582,4235.128418,4208.461426,4224.743652,4243.589844
4479.871582,4178.077147999999,4221.282227000001,4217.563965,4199.487305,4224.615234000001,4210.641113000001,4223.461426,4226.410156,4236.922852000001,4231.025879,4199.615234000001,4222.436035,4238.077147999999
4466.666504,4169.358886999999,4210.384765999999,4210.0,4195.897461,4215.512695,4217.05127,4220.641113000001,4220.128418,4225.384765999999,4223.717772999999,4190.0,4211.410156,4223.461426
4447.94873,4149.230957,4196.538574,4191.025879,4184.230957,4208.205078,4218.333496,4231.410156,4218.717772999999,4209.358886999999,4210.256348,4179.358886999999,4195.0,4204.230957
4430.0,4133.717772999999,4186.666504,4178.333496,4173.205078,4215.897461,4226.282227000001,4242.820313,4218.205078,4196.538574,4192.05127,4171.410156,4177.307617,4192.820313
4427.05127,4134.743652,4185.0,4179.487305,4173.974121,4222.563965,4231.538574,4224.871582,4210.512695,4190.512695,4182.563965,4173.461426,4171.666504,4191.794922
4437.307617,4148.717772999999,4194.102539,4184.102539,4180.256348,4214.358886999999,4218.077147999999,4213.974121,4214.871582,4197.05127,4196.922852000001,4186.794922,4188.974121,4200.0
4441.922852000001,4162.820313,4209.230957,4193.461426,4186.410156,4207.307617,4204.102539,4234.615234000001,4226.410156,4205.769043,4213.974121,4195.769043,4206.153809,4212.94873
4440.384765999999,4169.615234000001,4217.179688,4203.589844,4192.94873,4210.256348,4208.589844,4231.922852000001,4216.666504,4203.974121,4211.410156,4192.563965,4205.897461,4220.256348
4449.615234000001,4178.589844,4218.205078,4211.410156,4205.641113000001,4210.256348,4204.230957,4205.769043,4205.384765999999,4210.512695,4213.717772999999,4193.589844,4213.205078,4225.128418
4463.333496,4195.256348,4226.025879,4223.974121,4214.615234000001,4200.897461,4176.794922,4201.282227000001,4208.974121,4227.179688,4231.922852000001,4204.743652,4240.384765999999,4237.436035
4473.461426,4208.717772999999,4242.436035,4237.692383,4210.769043,4196.794922,4165.512695,4195.897461,4204.102539,4228.077147999999,4240.769043,4218.333496,4259.487305,4251.666504
4477.307617,4207.179688,4248.974121,4236.922852000001,4207.436035,4200.897461,4178.333496,4173.077147999999,4188.974121,4213.333496,4232.820313,4220.384765999999,4249.871582,4249.615234000001
4467.563965,4190.769043,4233.333496,4217.692383,4203.589844,4191.666504,4182.307617,4171.794922,4184.102539,4203.846191,4220.128418,4209.358886999999,4228.846191,4233.461426
4458.461426,4174.871582,4222.94873,4205.769043,4195.0,4182.820313,4182.692383,4200.128418,4195.769043,4212.05127,4215.512695,4203.461426,4226.666504,4229.487305
4456.666504,4170.897461,4225.256348,4202.820313,4190.128418,4192.307617,4194.743652,4223.974121,4211.922852000001,4221.538574,4218.461426,4204.230957,4226.153809,4232.436035
4445.897461,4167.692383,4211.666504,4193.205078,4189.102539,4202.820313,4201.153809,4230.641113000001,4220.128418,4218.077147999999,4211.666504,4197.05127,4206.282227000001,4218.205078
4436.794922,4161.153809,4197.94873,4189.358886999999,4188.974121,4206.922852000001,4197.436035,4232.307617,4226.153809,4216.282227000001,4200.256348,4187.563965,4199.743652,4202.05127
4439.230957,4163.205078,4204.487305,4196.410156,4192.436035,4208.333496,4195.0,4237.179688,4229.615234000001,4220.512695,4202.563965,4186.538574,4209.487305,4202.563965
4431.282227000001,4169.230957,4208.205078,4197.307617,4192.692383,4208.589844,4196.922852000001,4241.153809,4222.307617,4213.846191,4205.641113000001,4189.743652,4203.333496,4206.282227000001
4416.410156,4170.384765999999,4204.230957,4194.102539,4187.307617,4207.563965,4199.102539,4234.358886999999,4213.333496,4201.666504,4201.282227000001,4194.102539,4193.077147999999,4207.307617
4415.128418,4173.974121,4209.487305,4197.179688,4187.05127,4203.846191,4192.563965,4215.769043,4213.589844,4202.563965,4203.205078,4198.077147999999,4198.333496,4210.256348
4420.384765999999,4185.128418,4218.717772999999,4203.461426,4193.717772999999,4203.205078,4186.025879,4215.512695,4223.461426,4216.794922,4212.94873,4200.256348,4213.974121,4216.025879
4416.794922,4185.256348,4217.307617,4204.615234000001,4199.358886999999,4207.692383,4186.538574,4222.820313,4220.512695,4216.794922,4213.205078,4200.384765999999,4219.615234000001,4218.717772999999
4407.692383,4180.384765999999,4210.897461,4204.871582,4204.487305,4205.769043,4183.461426,4195.128418,4196.153809,4200.512695,4206.025879,4197.179688,4212.94873,4219.487305
4409.230957,4193.589844,4214.102539,4211.666504,4213.846191,4202.179688,4184.102539,4171.410156,4191.025879,4205.256348,4212.436035,4199.487305,4218.974121,4226.153809
4406.282227000001,4195.512695,4213.205078,4206.538574,4214.743652,4210.256348,4189.615234000001,4184.102539,4198.589844,4210.384765999999,4212.692383,4200.384765999999,4222.179688,4220.897461
4386.282227000001,4175.512695,4199.487305,4188.461426,4205.256348,4217.179688,4189.358886999999,4202.692383,4190.512695,4192.179688,4194.615234000001,4190.384765999999,4202.436035,4201.153809
4372.820313,4167.436035,4192.563965,4183.717772999999,4192.692383,4208.974121,4189.871582,4207.820313,4192.05127,4191.282227000001,4187.692383,4184.743652,4196.282227000001,4195.512695
4369.358886999999,4168.205078,4195.384765999999,4185.897461,4176.666504,4194.230957,4196.922852000001,4215.256348,4212.436035,4207.692383,4194.358886999999,4190.0,4208.333496,4204.871582
4361.282227000001,4160.897461,4193.589844,4179.743652,4166.153809,4191.410156,4201.666504,4237.05127,4223.205078,4209.615234000001,4194.743652,4189.615234000001,4202.307617,4206.538574
4354.358886999999,4157.820313,4190.641113000001,4175.128418,4165.897461,4200.641113000001,4194.743652,4245.256348,4221.922852000001,4207.436035,4189.358886999999,4180.769043,4195.512695,4205.128418
4356.025879,4165.128418,4194.871582,4182.179688,4171.282227000001,4202.179688,4186.025879,4221.153809,4220.897461,4211.538574,4187.692383,4180.897461,4211.153809,4212.05127
4355.128418,4166.153809,4197.563965,4188.717772999999,4173.717772999999,4198.077147999999,4191.922852000001,4210.0,4217.94873,4202.563965,4186.922852000001,4186.282227000001,4215.0,4213.205078
4348.333496,4161.153809,4195.256348,4184.358886999999,4170.512695,4202.307617,4201.410156,4226.922852000001,4212.563965,4187.05127,4185.512695,4184.358886999999,4194.102539,4207.820313
4341.666504,4161.666504,4196.666504,4182.820313,4172.820313,4211.025879,4195.0,4205.384765999999,4200.897461,4180.769043,4182.307617,4179.615234000001,4180.769043,4206.538574
4339.615234000001,4168.846191,4200.512695,4192.05127,4180.384765999999,4208.589844,4180.897461,4165.128418,4192.820313,4182.820313,4181.794922,4181.922852000001,4187.692383,4210.641113000001
4348.077147999999,4182.820313,4207.179688,4202.307617,4179.230957,4201.794922,4188.205078,4179.102539,4203.205078,4195.897461,4197.94873,4192.436035,4205.256348,4218.974121
4352.820313,4194.358886999999,4216.025879,4204.871582,4174.487305,4204.487305,4201.922852000001,4207.179688,4209.358886999999,4208.205078,4214.358886999999,4200.641113000001,4219.358886999999,4226.922852000001
4344.615234000001,4190.641113000001,4215.769043,4203.974121,4177.692383,4205.512695,4199.230957,4201.410156,4197.307617,4203.077147999999,4210.897461,4199.358886999999,4217.436035,4225.384765999999
4334.743652,4183.974121,4209.871582,4202.692383,4178.205078,4202.436035,4195.512695,4195.256348,4192.692383,4196.922852000001,4204.615234000001,4191.538574,4206.666504,4217.05127
4328.333496,4184.743652,4210.128418,4198.205078,4166.025879,4195.256348,4195.0,4214.743652,4206.153809,4204.743652,4208.846191,4187.307617,4198.205078,4213.077147999999
4326.282227000001,4190.128418,4217.436035,4200.769043,4163.589844,4190.641113000001,4194.743652,4238.205078,4219.871582,4213.846191,4217.820313,4193.589844,4205.512695,4218.077147999999
4328.461426,4194.358886999999,4220.384765999999,4209.358886999999,4178.717772999999,4200.128418,4198.461426,4228.205078,4220.897461,4214.487305,4221.794922,4199.743652,4217.563965,4222.436035
4323.846191,4192.94873,4211.410156,4206.410156,4179.743652,4209.487305,4201.025879,4204.743652,4210.384765999999,4208.205078,4214.615234000001,4196.410156,4208.589844,4212.563965
4310.769043,4187.94873,4203.461426,4197.307617,4171.538574,4206.666504,4200.128418,4207.307617,4205.897461,4202.820313,4208.461426,4192.307617,4196.666504,4201.282227000001
4298.461426,4183.205078,4198.717772999999,4193.974121,4174.743652,4202.563965,4203.717772999999,4207.94873,4208.077147999999,4199.102539,4207.436035,4190.0,4200.641113000001,4199.615234000001
4288.974121,4179.230957,4188.589844,4191.922852000001,4175.128418,4210.512695,4208.333496,4196.538574,4205.641113000001,4197.563965,4205.0,4179.743652,4202.820313,4197.307617
4283.461426,4180.0,4180.128418,4187.436035,4174.102539,4223.077147999999,4201.153809,4195.128418,4208.077147999999,4200.0,4204.743652,4174.615234000001,4198.077147999999,4193.461426
4282.820313,4183.974121,4182.436035,4187.307617,4185.641113000001,4230.0,4196.538574,4194.615234000001,4215.128418,4200.128418,4206.922852000001,4182.05127,4197.94873,4193.589844
4290.897461,4191.538574,4192.820313,4198.461426,4196.282227000001,4229.230957,4201.025879,4207.307617,4226.794922,4207.179688,4214.871582,4188.461426,4210.641113000001,4202.820313
4301.666504,4203.846191,4203.846191,4210.641113000001,4190.641113000001,4216.410156,4198.333496,4236.410156,4241.153809,4222.307617,4230.512695,4194.230957,4227.436035,4215.512695
4301.538574,4211.410156,4210.256348,4211.282227000001,4185.384765999999,4204.230957,4188.717772999999,4232.179688,4234.615234000001,4220.769043,4236.794922,4204.102539,4227.563965,4220.384765999999
4295.897461,4208.589844,4209.743652,4206.666504,4191.025879,4208.589844,4184.102539,4202.820313,4208.077147999999,4203.846191,4226.153809,4204.871582,4215.0,4217.179688
4294.487305,4201.282227000001,4208.589844,4204.615234000001,4190.769043,4211.538574,4178.589844,4192.05127,4196.282227000001,4195.769043,4216.922852000001,4198.717772999999,4211.153809,4213.205078
4288.717772999999,4195.769043,4208.461426,4201.538574,4181.922852000001,4201.282227000001,4180.128418,4189.487305,4198.717772999999,4195.384765999999,4215.128418,4195.641113000001,4207.05127,4207.820313
4270.512695,4186.666504,4198.846191,4191.922852000001,4177.307617,4194.743652,4193.846191,4184.102539,4186.538574,4183.333496,4205.512695,4181.025879,4189.230957,4197.179688
4258.717772999999,4173.589844,4184.358886999999,4182.179688,4175.897461,4198.589844,4192.94873,4182.179688,4175.897461,4171.410156,4192.94873,4165.256348,4174.230957,4186.153809
4259.487305,4173.077147999999,4180.128418,4181.666504,4174.615234000001,4208.846191,4189.743652,4182.820313,4189.230957,4178.589844,4192.820313,4169.230957,4178.846191,4183.846191
4249.743652,4177.179688,4175.897461,4180.512695,4171.922852000001,4210.256348,4197.436035,4188.077147999999,4198.461426,4179.487305,4191.922852000001,4171.666504,4180.897461,4180.0
4240.256348,4177.307617,4171.666504,4178.077147999999,4178.077147999999,4199.230957,4191.025879,4211.025879,4202.563965,4173.333496,4188.333496,4171.282227000001,4180.641113000001,4176.282227000001
4251.666504,4186.666504,4184.487305,4187.94873,4190.897461,4198.846191,4184.487305,4237.179688,4225.769043,4197.307617,4203.717772999999,4188.333496,4204.487305,4189.487305
4260.128418,4197.436035,4196.538574,4196.794922,4187.94873,4207.436035,4195.641113000001,4233.974121,4238.846191,4221.025879,4217.05127,4201.922852000001,4224.871582,4201.922852000001
4252.05127,4196.025879,4192.692383,4193.974121,4175.897461,4202.563965,4195.512695,4219.230957,4225.769043,4209.102539,4208.974121,4196.794922,4214.487305,4198.333496
4252.94873,4193.461426,4193.333496,4193.846191,4180.256348,4196.410156,4178.333496,4217.820313,4215.769043,4198.846191,4204.358886999999,4195.0,4206.025879,4197.820313
4268.589844,4201.025879,4202.436035,4200.897461,4195.897461,4205.0,4175.384765999999,4208.333496,4208.717772999999,4203.333496,4210.128418,4203.846191,4217.436035,4208.333496
4282.436035,4206.410156,4206.666504,4210.897461,4196.666504,4207.307617,4179.487305,4183.717772999999,4191.922852000001,4196.282227000001,4212.692383,4209.871582,4225.0,4215.384765999999
4286.922852000001,4201.538574,4205.384765999999,4212.692383,4184.871582,4192.692383,4172.179688,4172.05127,4175.384765999999,4183.461426,4211.794922,4206.666504,4219.230957,4213.461426
4284.871582,4197.563965,4201.153809,4201.666504,4184.102539,4183.846191,4168.461426,4175.512695,4170.769043,4181.282227000001,4206.410156,4195.897461,4211.538574,4206.666504
4276.538574,4192.94873,4193.717772999999,4190.256348,4187.307617,4193.333496,4175.641113000001,4174.358886999999,4172.692383,4179.615234000001,4195.512695,4184.615234000001,4204.358886999999,4194.102539
4265.769043,4183.717772999999,4187.307617,4187.436035,4183.205078,4203.461426,4185.384765999999,4165.128418,4170.897461,4172.05127,4187.179688,4173.974121,4198.974121,4179.871582
4265.769043,4187.179688,4186.410156,4191.153809,4181.794922,4201.922852000001,4196.794922,4173.333496,4181.153809,4176.025879,4191.025879,4171.410156,4203.717772999999,4178.461426
4275.0,4198.717772999999,4186.794922,4193.717772999999,4184.743652,4200.256348,4202.05127,4203.846191,4207.563965,4197.05127,4200.512695,4178.846191,4211.282227000001,4187.692383
4274.871582,4196.922852000001,4185.897461,4193.333496,4185.384765999999,4210.256348,4204.230957,4220.897461,4225.769043,4211.666504,4203.846191,4178.205078,4211.794922,4183.974121
4266.153809,4191.153809,4185.769043,4193.717772999999,4187.820313,4217.820313,4208.461426,4220.512695,4231.025879,4208.461426,4200.897461,4174.230957,4210.641113000001,4172.94873
4261.282227000001,4192.179688,4182.179688,4192.94873,4190.641113000001,4210.128418,4201.922852000001,4228.461426,4235.769043,4204.230957,4199.743652,4179.615234000001,4206.794922,4174.615234000001
4257.820313,4193.974121,4177.436035,4190.384765999999,4196.025879,4211.794922,4196.410156,4233.077147999999,4235.0,4208.077147999999,4203.589844,4184.487305,4197.436035,4182.820313
4256.794922,4197.436035,4180.769043,4193.333496,4204.102539,4222.563965,4199.871582,4225.384765999999,4231.922852000001,4212.436035,4209.615234000001,4185.641113000001,4194.743652,4188.717772999999
4263.333496,4205.384765999999,4191.025879,4201.025879,4203.974121,4217.436035,4195.512695,4225.769043,4233.333496,4213.205078,4214.615234000001,4190.512695,4202.820313,4191.666504
4272.436035,4209.487305,4198.205078,4205.512695,4203.333496,4208.589844,4183.717772999999,4229.615234000001,4221.922852000001,4207.05127,4214.358886999999,4193.974121,4206.410156,4188.717772999999
4276.666504,4214.487305,4205.128418,4211.666504,4206.666504,4209.230957,4184.102539,4220.256348,4203.717772999999,4201.794922,4215.256348,4196.666504,4210.512695,4191.794922
4273.717772999999,4222.307617,4214.487305,4219.615234000001,4207.94873,4206.410156,4189.230957,4195.512695,4192.179688,4200.128418,4219.615234000001,4202.436035,4216.794922,4204.102539
4262.692383,4217.94873,4212.563965,4213.589844,4203.717772999999,4192.820313,4182.563965,4169.615234000001,4174.743652,4186.666504,4212.563965,4199.743652,4206.025879,4203.205078
4250.641113000001,4206.153809,4203.077147999999,4201.794922,4191.666504,4189.743652,4186.794922,4173.077147999999,4164.615234000001,4175.256348,4203.717772999999,4193.974121,4190.512695,4193.717772999999
4242.563965,4203.333496,4203.717772999999,4203.589844,4188.461426,4205.0,4205.641113000001,4193.589844,4177.179688,4187.436035,4209.615234000001,4196.410156,4193.333496,4196.794922
4231.922852000001,4201.538574,4201.922852000001,4204.230957,4198.589844,4209.487305,4206.794922,4200.897461,4193.205078,4199.743652,4212.820313,4196.666504,4199.615234000001,4195.769043
4220.512695,4195.128418,4185.897461,4195.769043,4202.05127,4202.94873,4194.487305,4202.436035,4200.0,4198.589844,4206.666504,4187.94873,4197.05127,4182.94873
4211.666504,4191.282227000001,4175.897461,4193.717772999999,4191.922852000001,4210.0,4193.717772999999,4202.563965,4205.769043,4201.025879,4206.025879,4182.179688,4196.538574,4175.897461
4211.153809,4192.05127,4181.153809,4198.077147999999,4190.641113000001,4216.666504,4197.307617,4211.666504,4217.94873,4210.0,4211.922852000001,4190.384765999999,4205.641113000001,4178.846191
4212.94873,4194.743652,4185.641113000001,4198.717772999999,4201.922852000001,4211.410156,4197.179688,4226.282227000001,4229.743652,4214.615234000001,4214.615234000001,4198.077147999999,4213.205078,4180.641113000001
4202.05127,4194.743652,4179.230957,4192.94873,4203.333496,4214.358886999999,4197.692383,4216.282227000001,4225.512695,4207.820313,4210.256348,4193.846191,4209.487305,4176.282227000001
4199.871582,4202.563965,4184.358886999999,4196.666504,4200.128418,4223.717772999999,4204.102539,4216.025879,4225.0,4210.512695,4214.487305,4194.487305,4213.717772999999,4177.94873
4212.307617,4219.102539,4199.743652,4209.230957,4206.794922,4217.05127,4207.820313,4229.230957,4230.128418,4220.0,4224.358886999999,4200.769043,4222.436035,4186.410156
4218.333496,4222.692383,4201.282227000001,4211.922852000001,4213.589844,4211.410156,4198.461426,4207.179688,4212.94873,4208.974121,4221.922852000001,4200.0,4212.94873,4188.846191
4221.025879,4220.256348,4203.846191,4210.512695,4211.410156,4218.846191,4192.692383,4193.974121,4200.384765999999,4202.179688,4223.205078,4202.179688,4207.820313,4195.128418
4216.410156,4217.820313,4207.820313,4210.256348,4203.461426,4216.153809,4199.615234000001,4210.384765999999,4205.256348,4210.0,4227.563965,4201.922852000001,4210.769043,4201.922852000001
4202.436035,4211.538574,4196.282227000001,4204.487305,4200.384765999999,4209.102539,4202.820313,4203.077147999999,4198.846191,4201.922852000001,4213.846191,4190.384765999999,4200.769043,4189.358886999999
4200.128418,4206.410156,4186.410156,4197.179688,4203.077147999999,4213.205078,4196.666504,4189.358886999999,4192.05127,4190.897461,4200.512695,4184.615234000001,4193.974121,4176.025879
4205.897461,4204.358886999999,4187.307617,4194.358886999999,4202.436035,4214.358886999999,4186.666504,4192.179688,4193.333496,4191.538574,4199.230957,4187.563965,4197.179688,4176.025879
4200.769043,4201.794922,4185.641113000001,4192.307617,4198.333496,4207.307617,4182.307617,4189.102539,4186.666504,4187.179688,4195.0,4184.615234000001,4192.692383,4172.307617
4198.205078,4202.05127,4184.615234000001,4189.615234000001,4196.410156,4198.589844,4190.897461,4195.256348,4186.410156,4190.512695,4196.025879,4181.538574,4190.128418,4168.077147999999
4205.769043,4206.153809,4188.974121,4190.769043,4198.846191,4196.153809,4198.077147999999,4214.102539,4202.563965,4207.563965,4208.717772999999,4186.666504,4202.307617,4175.128418
4203.589844,4206.666504,4190.0,4194.871582,4202.307617,4207.436035,4191.282227000001,4222.179688,4212.94873,4211.922852000001,4216.025879,4192.94873,4211.025879,4181.794922
4191.538574,4202.436035,4189.871582,4193.461426,4201.794922,4216.922852000001,4192.05127,4224.102539,4209.743652,4205.897461,4212.179688,4192.179688,4204.615234000001,4177.436035
4184.871582,4202.692383,4191.410156,4192.820313,4200.512695,4204.871582,4204.487305,4228.333496,4210.769043,4211.794922,4212.307617,4189.230957,4203.589844,4176.922852000001
4184.615234000001,4205.641113000001,4190.769043,4195.0,4199.358886999999,4189.358886999999,4198.461426,4219.615234000001,4211.410156,4215.256348,4214.358886999999,4192.436035,4207.179688,4183.589844
4183.333496,4202.692383,4192.307617,4192.94873,4201.282227000001,4192.307617,4183.461426,4194.358886999999,4199.615234000001,4202.692383,4209.230957,4195.641113000001,4202.94873,4186.153809
4180.384765999999,4199.871582,4195.769043,4192.179688,4205.128418,4200.641113000001,4185.897461,4179.871582,4192.05127,4193.846191,4206.666504,4194.487305,4201.025879,4182.179688
4175.641113000001,4203.205078,4192.436035,4194.230957,4202.692383,4195.512695,4187.179688,4184.102539,4193.717772999999,4192.692383,4202.94873,4192.94873,4203.333496,4175.256348
4169.230957,4208.846191,4189.871582,4194.743652,4204.871582,4191.666504,4178.333496,4197.563965,4196.794922,4194.743652,4196.410156,4187.692383,4203.846191,4174.102539
4166.282227000001,4207.820313,4190.641113000001,4192.436035,4209.743652,4197.94873,4182.436035,4208.589844,4195.512695,4195.0,4193.589844,4177.307617,4204.487305,4172.692383
4158.333496,4199.487305,4185.384765999999,4185.512695,4198.205078,4197.820313,4195.128418,4201.025879,4188.974121,4188.846191,4191.410156,4170.512695,4199.743652,4162.94873
4146.153809,4198.077147999999,4180.769043,4181.794922,4189.230957,4202.179688,4199.358886999999,4190.0,4187.820313,4188.717772999999,4190.0,4174.615234000001,4195.769043,4158.846191
4140.641113000001,4202.179688,4184.871582,4185.769043,4205.641113000001,4218.205078,4198.717772999999,4196.794922,4193.205078,4196.794922,4192.563965,4179.615234000001,4201.153809,4165.897461
4140.769043,4202.563965,4189.615234000001,4190.897461,4216.538574,4220.512695,4202.692383,4210.641113000001,4195.641113000001,4199.102539,4194.743652,4176.922852000001,4204.230957,4169.615234000001
4142.94873,4203.205078,4192.05127,4192.94873,4202.436035,4206.922852000001,4205.641113000001,4211.153809,4197.307617,4198.333496,4195.0,4176.666504,4200.128418,4169.487305
4146.922852000001,4206.922852000001,4196.666504,4195.256348,4195.769043,4200.512695,4197.563965,4202.692383,4202.563965,4202.436035,4201.538574,4187.94873,4201.282227000001,4176.153809
4147.820313,4206.410156,4199.871582,4195.769043,4203.205078,4202.692383,4191.153809,4203.077147999999,4201.410156,4201.922852000001,4204.743652,4198.205078,4204.615234000001,4181.153809
4144.102539,4206.410156,4199.743652,4193.717772999999,4203.974121,4195.512695,4183.717772999999,4198.077147999999,4188.846191,4193.461426,4197.820313,4194.615234000001,4202.05127,4178.333496
4146.794922,4215.897461,4204.230957,4199.102539,4204.743652,4190.128418,4173.077147999999,4180.897461,4188.974121,4197.05127,4195.512695,4191.410156,4207.94873,4181.794922
4151.410156,4220.128418,4208.333496,4203.846191,4207.436035,4196.666504,4178.077147999999,4181.025879,4202.307617,4206.153809,4198.333496,4195.256348,4216.153809,4187.563965
4142.563965,4210.641113000001,4201.025879,4196.025879,4199.487305,4197.05127,4192.563965,4198.205078,4202.179688,4197.307617,4191.410156,4190.512695,4207.563965,4181.282227000001
4132.820313,4205.128418,4193.974121,4193.077147999999,4197.179688,4198.077147999999,4199.871582,4202.820313,4198.846191,4190.256348,4181.410156,4181.410156,4201.153809,4176.538574
4126.666504,4202.436035,4188.589844,4194.743652,4201.666504,4210.512695,4203.333496,4200.769043,4203.589844,4192.436035,4177.05127,4176.794922,4203.717772999999,4177.436035
4117.05127,4190.512695,4179.358886999999,4186.410156,4193.205078,4216.666504,4211.025879,4198.461426,4192.05127,4182.563965,4171.025879,4171.922852000001,4191.922852000001,4169.102539
4116.025879,4191.794922,4183.974121,4186.794922,4192.179688,4211.794922,4214.102539,4194.102539,4178.846191,4180.256348,4172.692383,4169.743652,4186.282227000001,4169.743652
4129.358886999999,4208.333496,4198.846191,4200.128418,4203.974121,4209.743652,4208.333496,4205.0,4192.307617,4197.436035,4190.128418,4180.256348,4209.743652,4190.641113000001
4140.0,4212.436035,4203.205078,4202.692383,4201.922852000001,4209.871582,4206.666504,4216.025879,4204.230957,4206.538574,4205.897461,4194.230957,4230.128418,4200.769043
4140.384765999999,4207.820313,4199.871582,4196.922852000001,4191.153809,4207.179688,4207.94873,4201.922852000001,4197.436035,4205.128418,4209.487305,4199.102539,4230.512695,4193.589844
4138.333496,4210.128418,4200.512695,4198.461426,4193.846191,4207.179688,4205.384765999999,4194.487305,4199.871582,4207.563965,4210.641113000001,4201.794922,4229.230957,4193.077147999999
4138.846191,4211.538574,4203.974121,4203.205078,4201.025879,4206.922852000001,4203.077147999999,4204.358886999999,4204.102539,4206.666504,4214.487305,4202.820313,4228.974121,4199.743652
4141.410156,4212.436035,4205.512695,4206.922852000001,4200.128418,4205.128418,4199.358886999999,4201.025879,4195.641113000001,4204.615234000001,4217.05127,4204.102539,4228.974121,4201.922852000001
4142.179688,4221.025879,4206.282227000001,4206.922852000001,4205.256348,4210.0,4188.461426,4193.846191,4199.487305,4211.153809,4220.384765999999,4206.153809,4232.307617,4200.256348
4137.436035,4217.307617,4202.179688,4198.974121,4206.922852000001,4209.487305,4179.615234000001,4198.205078,4211.282227000001,4211.410156,4216.666504,4199.615234000001,4223.077147999999,4192.307617
4124.358886999999,4200.512695,4189.102539,4189.102539,4194.871582,4198.333496,4185.897461,4196.666504,4205.128418,4196.538574,4202.94873,4186.282227000001,4204.358886999999,4176.538574
4111.410156,4199.230957,4177.820313,4184.487305,4193.589844,4198.974121,4198.077147999999,4194.871582,4198.333496,4188.461426,4197.179688,4181.922852000001,4202.692383,4168.333496
4105.512695,4203.333496,4173.717772999999,4179.743652,4203.589844,4210.769043,4197.05127,4197.820313,4201.538574,4189.230957,4196.666504,4181.922852000001,4201.282227000001,4167.692383
4104.102539,4201.282227000001,4177.179688,4179.230957,4203.461426,4216.282227000001,4196.025879,4200.128418,4200.256348,4186.410156,4193.205078,4175.384765999999,4193.205078,4168.974121
4104.615234000001,4209.487305,4186.282227000001,4189.615234000001,4196.666504,4210.897461,4211.410156,4210.641113000001,4203.333496,4192.563965,4201.538574,4177.179688,4205.0,4175.769043
4107.94873,4224.102539,4196.025879,4199.102539,4198.846191,4203.077147999999,4221.666504,4216.153809,4212.179688,4207.436035,4215.0,4188.974121,4221.666504,4184.615234000001
4120.769043,4233.717772999999,4207.436035,4205.512695,4210.641113000001,4210.256348,4218.717772999999,4205.384765999999,4211.282227000001,4216.410156,4218.974121,4195.512695,4224.358886999999,4190.128418
4130.641113000001,4241.025879,4217.179688,4212.692383,4215.769043,4218.077147999999,4215.128418,4199.487305,4205.0,4216.410156,4221.282227000001,4200.0,4229.230957,4195.512695
4121.153809,4242.307617,4215.384765999999,4214.743652,4210.128418,4203.974121,4204.487305,4190.0,4194.358886999999,4211.922852000001,4226.794922,4205.641113000001,4241.025879,4201.538574
4103.589844,4234.871582,4206.794922,4207.820313,4206.153809,4191.282227000001,4195.128418,4171.025879,4181.922852000001,4201.282227000001,4225.384765999999,4199.615234000001,4240.128418,4199.615234000001
4093.718018,4224.871582,4200.512695,4194.871582,4203.333496,4198.846191,4205.256348,4174.102539,4181.922852000001,4190.897461,4216.922852000001,4185.769043,4227.563965,4192.94873
4095.7692869999996,4222.692383,4198.846191,4192.563965,4201.922852000001,4205.897461,4212.05127,4203.077147999999,4201.153809,4198.333496,4219.230957,4185.769043,4228.589844,4192.94873
4098.077147999999,4224.743652,4198.461426,4197.820313,4204.871582,4201.666504,4203.717772999999,4217.05127,4214.358886999999,4207.307617,4222.692383,4187.94873,4235.641113000001,4191.410156
4088.718018,4219.102539,4191.538574,4191.153809,4204.358886999999,4197.692383,4199.358886999999,4210.0,4208.974121,4202.820313,4211.666504,4177.563965,4227.05127,4180.769043
4070.897461,4212.05127,4181.922852000001,4182.94873,4203.461426,4204.230957,4198.333496,4206.666504,4205.641113000001,4197.820313,4201.410156,4169.102539,4212.436035,4171.666504
4064.2307130000004,4213.077147999999,4181.666504,4186.025879,4210.128418,4216.410156,4197.307617,4202.692383,4203.077147999999,4196.410156,4201.025879,4168.717772999999,4208.589844,4170.769043
4078.5898439999996,4221.153809,4188.205078,4190.897461,4216.025879,4219.743652,4208.974121,4200.769043,4199.358886999999,4199.358886999999,4207.692383,4170.897461,4216.410156,4175.897461
4095.384521,4226.794922,4190.0,4189.487305,4212.94873,4214.358886999999,4214.358886999999,4205.641113000001,4198.974121,4203.333496,4215.128418,4173.846191,4223.333496,4183.717772999999
4099.871582,4227.436035,4189.102539,4190.769043,4210.384765999999,4213.846191,4204.487305,4202.563965,4195.897461,4198.974121,4213.205078,4176.153809,4220.0,4187.307617
4103.205078,4233.205078,4197.563965,4199.615234000001,4215.128418,4217.692383,4206.282227000001,4195.0,4193.589844,4197.820313,4212.307617,4178.974121,4222.436035,4191.153809
4110.256348,4236.666504,4208.333496,4204.230957,4211.410156,4205.384765999999,4211.794922,4198.717772999999,4194.615234000001,4204.102539,4220.641113000001,4186.922852000001,4233.717772999999,4196.282227000001
4108.589844,4231.794922,4211.025879,4204.230957,4199.615234000001,4190.256348,4206.538574,4199.102539,4191.666504,4198.333496,4220.384765999999,4192.179688,4233.589844,4194.743652
4101.538574,4236.794922,4212.563965,4208.333496,4199.358886999999,4195.512695,4203.846191,4184.230957,4190.512695,4190.769043,4210.897461,4189.871582,4226.282227000001,4194.743652
4101.666504,4250.512695,4216.153809,4214.358886999999,4205.897461,4198.589844,4200.769043,4178.974121,4197.820313,4196.794922,4210.897461,4188.461426,4224.743652,4201.410156
4101.410156,4247.05127,4212.94873,4209.871582,4205.641113000001,4190.128418,4197.820313,4180.641113000001,4195.512695,4193.205078,4208.846191,4182.436035,4218.205078,4195.256348
4094.615479,4232.94873,4201.922852000001,4199.358886999999,4201.153809,4195.256348,4204.487305,4180.384765999999,4186.410156,4179.615234000001,4194.487305,4171.666504,4203.333496,4178.461426
4094.2856450000004,4233.351563,4201.978027,4199.358886999999,4204.102539,4199.212402,4204.322265999999,4180.165039,4186.538574,4181.538574,4195.952147999999,4172.893555,4205.036621,4178.388184
4093.9560549999997,4233.754395,4202.033203,4199.358886999999,4207.05127,4203.168457,4204.157715,4179.944824,4186.666504,4183.461426,4197.41748,4174.121094,4206.739746,4178.314941
4093.626465,4234.157715,4202.087890999999,4199.358886999999,4210.0,4207.124511999999,4203.992676,4179.725098,4186.794922,4185.384765999999,4198.882813,4175.348145,4208.443359000001,4178.241699
4093.296631,4234.560547,4202.143066,4199.358886999999,4212.94873,4211.080566,4203.827636999999,4179.505371,4186.922852000001,4187.307617,4200.348145,4176.575195,4210.146484000001,4178.168457
4092.9670409999994,4234.963379,4202.197754,4199.358886999999,4215.897461,4215.036621,4203.663086,4179.285645,4187.05127,4189.230957,4201.812988000001,4177.802246,4211.849609000001,4178.095215
4092.6374509999996,4235.366211,4202.25293,4199.358886999999,4218.846191,4218.992676,4203.498047,4179.065918,4187.179688,4191.153809,4203.27832,4179.029297,4213.553223,4178.021973
4092.3076170000004,4235.769043,4202.307617,4199.358886999999,4221.794922,4222.94873,4203.333496,4178.846191,4187.307617,4193.077147999999,4204.743652,4180.256348,4215.256348,4177.94873
4091.1538090000004,4234.358886999999,4202.692383,4201.153809,4217.820313,4216.538574,4202.436035,4185.769043,4192.820313,4194.743652,4205.0,4181.794922,4212.307617,4179.102539
4093.3332520000004,4232.05127,4201.922852000001,4201.410156,4213.333496,4205.641113000001,4197.307617,4195.769043,4197.563965,4191.538574,4206.794922,4185.0,4208.589844,4179.230957
4090.897461,4232.436035,4199.743652,4199.358886999999,4217.307617,4209.102539,4197.05127,4176.410156,4188.077147999999,4189.743652,4204.743652,4184.615234000001,4205.0,4178.974121
4088.205078,4230.128418,4197.692383,4194.871582,4217.820313,4214.102539,4213.974121,4165.0,4182.820313,4189.487305,4204.743652,4184.743652,4195.128418,4179.230957
4092.179443,4228.589844,4202.436035,4196.922852000001,4215.769043,4212.692383,4226.922852000001,4203.077147999999,4198.077147999999,4192.692383,4210.128418,4188.846191,4189.743652,4180.769043
4093.5898439999996,4234.230957,4209.615234000001,4201.153809,4216.538574,4208.205078,4213.846191,4221.282227000001,4206.025879,4198.461426,4210.512695,4191.538574,4194.230957,4183.205078
4088.3332520000004,4236.922852000001,4207.820313,4197.820313,4215.897461,4208.077147999999,4205.641113000001,4195.384765999999,4200.0,4196.922852000001,4205.384765999999,4190.769043,4196.410156,4183.974121
4087.179443,4234.358886999999,4201.538574,4192.692383,4210.128418,4210.512695,4218.974121,4201.538574,4201.025879,4190.256348,4203.589844,4191.282227000001,4190.128418,4185.0
4091.6667479999996,4234.743652,4201.538574,4192.692383,4211.282227000001,4212.179688,4213.205078,4214.615234000001,4196.282227000001,4183.846191,4200.384765999999,4191.666504,4181.794922,4179.743652
4090.641113,4231.538574,4203.846191,4194.615234000001,4217.94873,4212.94873,4187.820313,4185.256348,4180.897461,4176.025879,4196.153809,4187.307617,4181.410156,4172.692383
4083.8461909999996,4221.153809,4201.922852000001,4193.589844,4213.846191,4209.615234000001,4197.05127,4176.666504,4181.153809,4176.666504,4198.205078,4186.538574,4188.717772999999,4172.563965
4077.9487299999996,4219.871582,4196.666504,4191.666504,4211.538574,4205.128418,4214.358886999999,4198.333496,4191.282227000001,4187.05127,4201.025879,4189.615234000001,4189.358886999999,4170.0
4072.3076170000004,4223.846191,4190.897461,4187.05127,4215.512695,4201.794922,4196.025879,4188.077147999999,4186.794922,4185.641113000001,4194.102539,4183.717772999999,4181.153809,4159.358886999999
4070.0,4220.0,4191.025879,4182.94873,4209.487305,4197.179688,4178.589844,4168.333496,4181.410156,4177.563965,4187.05127,4179.487305,4179.615234000001,4157.307617
4068.718018,4216.282227000001,4196.538574,4185.384765999999,4203.077147999999,4195.769043,4191.410156,4173.205078,4183.846191,4181.922852000001,4191.538574,4184.871582,4181.794922,4163.205078
4061.794922,4212.563965,4196.282227000001,4187.179688,4208.205078,4198.974121,4210.641113000001,4183.974121,4184.102539,4184.871582,4193.974121,4190.256348,4174.487305,4162.179688
4066.025635,4215.128418,4197.820313,4191.922852000001,4214.230957,4199.871582,4206.666504,4189.871582,4191.282227000001,4188.333496,4196.282227000001,4197.563965,4174.615234000001,4166.282227000001
4082.5642090000006,4226.666504,4206.025879,4201.153809,4214.743652,4206.410156,4198.333496,4184.358886999999,4197.05127,4198.333496,4204.743652,4202.436035,4185.0,4175.897461
4085.1281740000004,4225.897461,4204.743652,4199.871582,4215.256348,4215.0,4206.666504,4191.025879,4196.282227000001,4194.743652,4200.897461,4200.512695,4177.94873,4172.563965
4079.743652,4219.743652,4200.384765999999,4194.871582,4216.282227000001,4212.820313,4226.538574,4225.641113000001,4207.94873,4190.0,4192.820313,4199.871582,4169.358886999999,4167.563965
4085.641113,4226.794922,4203.846191,4201.153809,4220.384765999999,4215.384765999999,4236.538574,4234.358886999999,4216.922852000001,4199.871582,4199.743652,4201.666504,4182.436035,4174.487305
4090.512939,4235.128418,4207.05127,4206.922852000001,4226.538574,4226.794922,4227.179688,4201.410156,4204.230957,4207.94873,4209.743652,4200.128418,4199.358886999999,4183.077147999999
4080.0,4233.333496,4203.717772999999,4202.563965,4227.436035,4224.743652,4216.794922,4181.153809,4193.589844,4203.205078,4206.282227000001,4196.410156,4197.820313,4176.153809
4063.5898439999996,4225.128418,4190.512695,4192.692383,4223.846191,4212.05127,4206.025879,4175.769043,4189.358886999999,4190.384765999999,4190.0,4186.794922,4183.333496,4156.538574
4060.1281740000004,4221.538574,4182.563965,4187.692383,4224.102539,4213.077147999999,4198.717772999999,4174.743652,4188.974121,4187.05127,4183.974121,4182.94873,4181.922852000001,4152.307617
4067.3076170000004,4225.897461,4192.820313,4193.974121,4225.512695,4214.487305,4204.102539,4184.487305,4200.769043,4196.666504,4196.282227000001,4195.512695,4192.436035,4167.179688
4066.281982,4230.769043,4201.666504,4204.102539,4225.512695,4207.692383,4209.743652,4184.230957,4205.256348,4198.461426,4202.05127,4202.05127,4194.615234000001,4171.282227000001
4062.179443,4232.436035,4197.307617,4207.307617,4230.512695,4214.871582,4207.05127,4176.410156,4201.410156,4197.05127,4197.436035,4196.153809,4197.179688,4164.230957
4066.538574,4233.974121,4196.538574,4206.410156,4234.358886999999,4224.102539,4211.410156,4190.256348,4211.153809,4207.179688,4202.307617,4196.794922,4208.974121,4168.717772999999
4071.538574,4239.230957,4204.615234000001,4210.641113000001,4232.436035,4221.025879,4221.794922,4213.974121,4225.641113000001,4218.589844,4214.230957,4206.922852000001,4217.94873,4180.897461
4070.0,4240.256348,4208.205078,4212.820313,4230.128418,4221.282227000001,4218.333496,4216.666504,4228.846191,4220.128418,4216.538574,4209.102539,4218.846191,4184.743652
4063.076904,4232.05127,4202.307617,4204.743652,4229.743652,4225.128418,4215.0,4215.384765999999,4223.846191,4212.307617,4208.461426,4201.410156,4210.512695,4177.436035
4059.102539,4232.179688,4198.589844,4202.179688,4232.436035,4219.743652,4221.153809,4225.0,4223.333496,4205.256348,4205.641113000001,4198.846191,4202.179688,4173.846191
4066.538574,4242.820313,4205.0,4209.743652,4229.871582,4211.282227000001,4215.384765999999,4217.692383,4227.563965,4210.256348,4212.820313,4202.563965,4209.358886999999,4181.538574
4072.820557,4239.871582,4210.512695,4209.487305,4221.025879,4211.922852000001,4210.641113000001,4199.102539,4221.666504,4209.615234000001,4210.897461,4202.563965,4210.897461,4183.846191
4059.358887,4225.384765999999,4202.436035,4196.410156,4219.487305,4219.487305,4223.717772999999,4202.820313,4211.666504,4194.230957,4195.128418,4194.102539,4191.794922,4173.205078
4040.512939,4220.256348,4194.743652,4188.846191,4220.769043,4217.692383,4224.871582,4200.769043,4207.692383,4186.666504,4186.538574,4184.743652,4180.641113000001,4163.589844
4042.0512700000004,4224.487305,4200.0,4192.820313,4220.512695,4209.743652,4216.153809,4180.256348,4207.94873,4193.077147999999,4188.461426,4183.077147999999,4188.974121,4162.436035
4051.025635,4224.743652,4201.410156,4195.128418,4226.538574,4208.333496,4213.974121,4183.974121,4211.153809,4197.179688,4187.563965,4187.179688,4193.846191,4164.615234000001
4050.1281740000004,4224.615234000001,4195.512695,4193.589844,4229.871582,4209.615234000001,4202.05127,4191.666504,4216.025879,4198.461426,4186.410156,4191.025879,4197.179688,4170.0
4052.9487299999996,4230.384765999999,4198.461426,4195.384765999999,4226.794922,4213.077147999999,4195.641113000001,4184.743652,4225.384765999999,4208.205078,4195.769043,4194.358886999999,4209.102539,4180.769043
4060.897461,4230.512695,4206.025879,4198.077147999999,4228.461426,4216.538574,4209.871582,4197.563965,4238.717772999999,4219.487305,4205.0,4200.641113000001,4218.205078,4187.307617
4060.256348,4226.538574,4205.384765999999,4197.179688,4232.05127,4217.820313,4221.153809,4220.384765999999,4243.589844,4219.871582,4199.871582,4202.94873,4216.282227000001,4182.179688
4053.3332520000004,4224.102539,4197.307617,4195.384765999999,4225.897461,4218.589844,4216.922852000001,4213.461426,4232.179688,4210.897461,4186.410156,4197.820313,4207.692383,4175.128418
4051.4101560000004,4216.922852000001,4194.102539,4194.230957,4216.538574,4214.743652,4215.128418,4204.487305,4222.307617,4203.589844,4181.794922,4196.410156,4202.563965,4179.871582
4053.076904,4212.179688,4200.384765999999,4197.94873,4215.512695,4209.615234000001,4223.846191,4230.512695,4231.538574,4207.307617,4191.153809,4202.307617,4205.641113000001,4192.436035
4053.718018,4213.974121,4202.94873,4202.179688,4216.666504,4208.589844,4232.563965,4234.102539,4227.436035,4203.974121,4192.307617,4199.743652,4201.025879,4194.615234000001
4056.4101560000004,4214.487305,4199.743652,4201.794922,4217.563965,4210.128418,4234.487305,4188.974121,4197.179688,4184.487305,4177.820313,4187.692383,4184.743652,4184.487305
4059.487061,4213.461426,4200.897461,4201.025879,4217.563965,4208.333496,4217.05127,4154.615234000001,4178.974121,4174.230957,4170.256348,4181.538574,4178.846191,4177.692383
4061.1538090000004,4218.077147999999,4203.846191,4202.820313,4219.102539,4208.846191,4198.333496,4170.512695,4188.205078,4182.307617,4180.384765999999,4184.743652,4186.794922,4184.615234000001
4063.974365,4225.384765999999,4208.077147999999,4207.820313,4227.05127,4209.230957,4206.282227000001,4192.179688,4202.179688,4194.230957,4195.128418,4192.563965,4197.692383,4196.282227000001
4064.8718259999996,4224.615234000001,4209.743652,4207.820313,4230.0,4201.538574,4215.384765999999,4172.436035,4206.922852000001,4202.307617,4201.153809,4199.358886999999,4203.717772999999,4196.282227000001
4061.923096,4221.538574,4205.0,4206.282227000001,4228.717772999999,4207.307617,4206.922852000001,4163.974121,4218.205078,4211.153809,4202.563965,4198.589844,4205.897461,4192.307617
4062.3076170000004,4229.871582,4205.769043,4210.897461,4235.384765999999,4228.333496,4206.794922,4202.692383,4239.615234000001,4218.461426,4208.205078,4196.410156,4210.384765999999,4199.615234000001
4070.1281740000004,4241.666504,4215.769043,4215.897461,4243.974121,4232.05127,4217.179688,4230.0,4253.461426,4224.102539,4218.846191,4202.820313,4213.717772999999,4209.358886999999
4071.4101560000004,4239.102539,4221.666504,4217.436035,4242.94873,4223.205078,4213.717772999999,4214.358886999999,4248.077147999999,4226.153809,4223.461426,4208.205078,4213.846191,4209.743652
4055.512939,4221.794922,4213.589844,4206.666504,4230.897461,4220.641113000001,4210.897461,4208.846191,4228.846191,4208.974121,4209.871582,4195.512695,4202.692383,4199.358886999999
4040.7692869999996,4213.461426,4205.128418,4194.230957,4222.563965,4218.974121,4227.94873,4223.589844,4215.256348,4189.230957,4195.512695,4185.384765999999,4190.512695,4193.589844
4038.718018,4218.077147999999,4205.641113000001,4197.307617,4225.897461,4216.922852000001,4245.256348,4216.538574,4210.0,4190.0,4198.205078,4193.333496,4193.461426,4196.153809
4035.641113,4218.589844,4207.179688,4204.358886999999,4224.615234000001,4217.179688,4240.512695,4201.153809,4206.282227000001,4195.384765999999,4204.230957,4197.692383,4201.666504,4197.179688
4035.897461,4220.641113000001,4210.769043,4205.0,4222.05127,4219.871582,4228.461426,4199.102539,4207.436035,4199.358886999999,4209.615234000001,4196.538574,4209.871582,4202.820313
4041.281982,4227.692383,4213.717772999999,4205.512695,4231.666504,4221.794922,4229.358886999999,4190.128418,4208.974121,4205.512695,4215.641113000001,4201.282227000001,4215.0,4210.128418
4048.718018,4233.077147999999,4217.692383,4213.077147999999,4241.153809,4219.487305,4231.025879,4175.512695,4209.871582,4211.410156,4220.641113000001,4208.461426,4218.205078,4212.307617
4058.076904,4243.589844,4226.153809,4224.487305,4243.589844,4215.384765999999,4222.436035,4178.077147999999,4221.025879,4219.487305,4231.282227000001,4213.717772999999,4225.897461,4214.871582
4061.025635,4253.846191,4230.512695,4226.410156,4243.717772999999,4214.615234000001,4204.487305,4187.692383,4238.333496,4230.0,4239.487305,4219.358886999999,4233.333496,4216.794922
4058.3332520000004,4255.512695,4231.922852000001,4223.717772999999,4246.794922,4219.358886999999,4193.077147999999,4195.256348,4245.641113000001,4237.94873,4240.128418,4222.436035,4235.897461,4215.897461
4053.461426,4245.384765999999,4226.922852000001,4220.128418,4243.333496,4216.666504,4198.333496,4213.589844,4242.436035,4234.358886999999,4234.102539,4213.077147999999,4227.05127,4211.025879
4046.794922,4231.922852000001,4213.717772999999,4208.846191,4229.743652,4204.358886999999,4207.94873,4225.384765999999,4236.282227000001,4219.358886999999,4222.692383,4201.282227000001,4211.153809,4202.307617
4042.6923829999996,4228.589844,4209.102539,4199.615234000001,4225.0,4206.922852000001,4217.436035,4215.256348,4230.769043,4211.922852000001,4214.615234000001,4198.846191,4203.461426,4196.666504
4034.8718259999996,4223.461426,4208.461426,4196.922852000001,4226.025879,4220.769043,4229.615234000001,4210.512695,4221.282227000001,4205.512695,4205.128418,4195.769043,4194.871582,4189.743652
4020.641113,4209.871582,4195.512695,4189.615234000001,4219.871582,4223.077147999999,4234.358886999999,4219.102539,4207.179688,4188.205078,4191.922852000001,4186.538574,4178.717772999999,4175.0
4014.8718259999996,4204.615234000001,4183.974121,4181.410156,4218.846191,4218.846191,4226.153809,4203.333496,4195.641113000001,4177.05127,4187.692383,4181.282227000001,4173.846191,4168.205078
4022.6923829999996,4210.641113000001,4188.205078,4184.487305,4223.333496,4210.256348,4219.230957,4172.179688,4190.384765999999,4179.487305,4193.461426,4182.94873,4182.94873,4177.05127
4036.281982,4220.384765999999,4203.205078,4197.820313,4222.05127,4195.512695,4213.717772999999,4172.307617,4191.153809,4186.794922,4202.94873,4192.563965,4196.025879,4191.153809
4048.718018,4235.256348,4217.563965,4208.717772999999,4221.922852000001,4191.410156,4206.153809,4186.794922,4191.666504,4197.820313,4216.538574,4206.666504,4211.666504,4206.538574
4054.615479,4248.717772999999,4222.436035,4213.717772999999,4230.769043,4200.769043,4209.615234000001,4182.05127,4196.153809,4211.410156,4229.358886999999,4213.589844,4225.128418,4218.461426
4056.281982,4250.384765999999,4223.846191,4217.436035,4238.205078,4204.102539,4210.384765999999,4177.94873,4206.666504,4218.717772999999,4230.897461,4212.692383,4231.410156,4220.256348
4047.6923829999996,4244.743652,4220.128418,4214.871582,4232.692383,4192.436035,4194.102539,4184.615234000001,4207.436035,4213.205078,4220.128418,4205.0,4223.205078,4210.128418
4033.205078,4238.589844,4210.384765999999,4208.205078,4223.846191,4188.077147999999,4188.589844,4190.769043,4207.94873,4208.333496,4211.538574,4195.641113000001,4208.205078,4199.358886999999
4027.820557,4232.820313,4204.615234000001,4208.974121,4228.461426,4204.230957,4195.769043,4196.282227000001,4224.871582,4214.230957,4212.692383,4195.641113000001,4206.922852000001,4196.153809
4026.6667479999996,4228.589844,4202.05127,4208.205078,4241.282227000001,4220.384765999999,4197.94873,4205.384765999999,4240.128418,4222.692383,4213.461426,4196.794922,4211.410156,4194.358886999999
4021.1538090000004,4228.205078,4201.282227000001,4201.410156,4239.743652,4219.487305,4208.205078,4211.666504,4237.692383,4223.846191,4207.94873,4192.692383,4205.0,4192.179688
4020.897461,4226.410156,4203.077147999999,4197.692383,4225.384765999999,4213.974121,4224.230957,4213.333496,4229.358886999999,4217.307617,4203.846191,4194.487305,4199.487305,4193.077147999999
4022.4357909999994,4219.358886999999,4199.743652,4196.153809,4219.615234000001,4213.974121,4231.282227000001,4210.769043,4221.153809,4206.922852000001,4206.282227000001,4198.717772999999,4205.256348,4194.358886999999
4018.5898439999996,4214.230957,4195.512695,4194.615234000001,4218.589844,4207.563965,4226.922852000001,4201.153809,4207.307617,4196.282227000001,4207.307617,4196.794922,4207.94873,4194.871582
4026.794922,4218.846191,4204.871582,4201.922852000001,4216.025879,4199.102539,4220.641113000001,4198.589844,4197.05127,4191.666504,4207.94873,4199.615234000001,4206.153809,4202.692383
4041.4101560000004,4228.077147999999,4217.692383,4212.179688,4222.563965,4202.563965,4221.153809,4198.333496,4191.794922,4190.384765999999,4214.487305,4208.589844,4208.589844,4211.794922
4037.5642090000006,4225.128418,4214.615234000001,4207.307617,4225.897461,4211.282227000001,4222.94873,4186.410156,4182.436035,4180.512695,4217.94873,4211.025879,4206.153809,4207.563965
4033.718018,4220.128418,4207.820313,4202.94873,4225.384765999999,4217.307617,4223.077147999999,4189.615234000001,4188.461426,4181.153809,4220.384765999999,4212.307617,4202.692383,4203.589844
4048.974365,4231.666504,4214.102539,4220.769043,4237.563965,4216.538574,4224.230957,4211.666504,4212.307617,4205.256348,4231.153809,4220.512695,4211.666504,4215.641113000001
4062.179443,4245.0,4222.563965,4233.589844,4246.794922,4214.358886999999,4217.692383,4207.436035,4221.282227000001,4220.641113000001,4234.743652,4225.769043,4217.436035,4220.641113000001
4060.0,4242.563965,4220.128418,4220.641113000001,4240.384765999999,4222.692383,4209.743652,4188.333496,4218.846191,4214.358886999999,4223.717772999999,4217.563965,4212.563965,4207.179688
4062.179443,4238.333496,4217.179688,4212.436035,4238.333496,4224.743652,4213.205078,4205.0,4233.461426,4219.487305,4222.563965,4211.666504,4216.410156,4204.358886999999
4070.0,4242.820313,4223.333496,4222.692383,4241.410156,4210.641113000001,4214.615234000001,4228.846191,4250.0,4234.358886999999,4229.102539,4214.615234000001,4220.641113000001,4212.05127
4064.487061,4239.358886999999,4220.512695,4221.794922,4234.358886999999,4209.871582,4213.077147999999,4218.846191,4240.897461,4227.179688,4218.846191,4209.230957,4202.563965,4202.820313
4054.102539,4227.179688,4206.922852000001,4208.846191,4230.0,4220.384765999999,4214.615234000001,4204.615234000001,4225.0,4211.666504,4205.897461,4198.461426,4183.974121,4188.205078
4053.205078,4228.589844,4205.128418,4209.743652,4234.871582,4220.641113000001,4215.897461,4208.589844,4224.358886999999,4213.846191,4211.922852000001,4200.0,4190.0,4193.077147999999
4054.743652,4233.974121,4210.0,4215.384765999999,4233.846191,4220.769043,4220.897461,4209.615234000001,4226.025879,4220.384765999999,4221.025879,4206.666504,4197.692383,4202.692383
4057.820557,4228.333496,4211.410156,4214.871582,4227.05127,4226.922852000001,4229.102539,4209.358886999999,4220.128418,4217.179688,4222.05127,4206.794922,4199.743652,4203.846191
4061.025635,4229.102539,4217.692383,4219.358886999999,4230.897461,4228.589844,4235.641113000001,4225.769043,4220.769043,4216.153809,4226.538574,4210.256348,4213.846191,4207.436035
4055.1281740000004,4235.384765999999,4219.615234000001,4222.179688,4241.282227000001,4229.102539,4234.743652,4221.025879,4218.846191,4214.743652,4227.94873,4216.410156,4218.333496,4209.615234000001
4052.179443,4232.05127,4214.487305,4218.846191,4242.563965,4236.538574,4232.179688,4183.077147999999,4202.563965,4207.436035,4223.589844,4214.615234000001,4208.461426,4207.05127
4059.615479,4229.102539,4216.410156,4215.897461,4238.461426,4237.820313,4222.179688,4167.436035,4197.05127,4203.333496,4222.94873,4213.717772999999,4206.153809,4209.487305
4063.3332520000004,4235.256348,4219.230957,4218.333496,4243.717772999999,4231.153809,4213.333496,4191.025879,4210.128418,4206.922852000001,4225.512695,4217.94873,4209.871582,4215.0
4064.487061,4241.922852000001,4218.461426,4226.538574,4254.871582,4231.794922,4221.282227000001,4218.333496,4227.179688,4217.05127,4228.974121,4218.461426,4208.974121,4218.077147999999
4065.384521,4239.102539,4221.538574,4227.563965,4255.384765999999,4237.307617,4225.256348,4222.436035,4233.461426,4219.743652,4225.769043,4211.410156,4203.077147999999,4215.128418
4066.794922,4232.563965,4224.743652,4220.897461,4251.410156,4231.922852000001,4221.410156,4221.025879,4236.282227000001,4217.05127,4220.512695,4211.410156,4199.743652,4211.666504
4068.974365,4225.128418,4218.077147999999,4214.871582,4243.589844,4217.307617,4226.794922,4225.384765999999,4235.256348,4214.743652,4216.025879,4210.512695,4195.128418,4207.563965
4069.743652,4218.589844,4210.128418,4207.692383,4233.077147999999,4213.205078,4231.794922,4218.205078,4224.358886999999,4207.05127,4209.743652,4200.769043,4189.871582,4201.794922
4077.0512700000004,4223.846191,4216.025879,4208.717772999999,4236.025879,4222.436035,4227.05127,4215.384765999999,4226.666504,4211.025879,4215.384765999999,4203.974121,4199.743652,4205.0
4085.512939,4234.358886999999,4224.487305,4220.256348,4240.256348,4224.871582,4227.436035,4217.05127,4234.358886999999,4227.94873,4229.487305,4216.922852000001,4216.922852000001,4212.692383
4081.281982,4235.512695,4224.230957,4223.974121,4237.436035,4218.589844,4228.461426,4206.153809,4225.512695,4230.256348,4232.94873,4219.102539,4221.794922,4213.974121
4072.0512700000004,4234.230957,4221.282227000001,4220.641113000001,4239.743652,4220.256348,4219.102539,4194.230957,4211.666504,4219.102539,4226.666504,4215.641113000001,4214.102539,4209.358886999999
4062.3076170000004,4236.153809,4216.282227000001,4219.743652,4243.589844,4228.205078,4218.461426,4198.205078,4209.358886999999,4214.102539,4220.641113000001,4215.384765999999,4205.641113000001,4201.153809
4053.461426,4236.282227000001,4213.846191,4218.717772999999,4244.871582,4233.717772999999,4231.538574,4214.871582,4221.410156,4220.897461,4219.487305,4216.153809,4206.410156,4199.743652
4065.384521,4235.641113000001,4216.538574,4217.820313,4245.0,4231.666504,4238.589844,4226.794922,4235.769043,4230.256348,4221.666504,4217.307617,4214.487305,4205.384765999999
4092.4357909999994,4231.025879,4213.333496,4215.897461,4239.358886999999,4221.794922,4239.615234000001,4225.512695,4237.563965,4225.0,4214.743652,4211.025879,4209.230957,4199.358886999999
4108.333496,4223.205078,4207.692383,4210.128418,4234.871582,4220.0,4240.384765999999,4226.153809,4233.846191,4215.512695,4208.205078,4200.384765999999,4201.410156,4190.512695
4122.307617,4225.641113000001,4214.871582,4210.512695,4236.922852000001,4227.94873,4239.230957,4244.487305,4245.0,4223.717772999999,4219.358886999999,4206.922852000001,4215.256348,4202.436035
4144.487305,4234.102539,4224.102539,4217.820313,4237.179688,4227.563965,4238.333496,4252.94873,4250.384765999999,4233.461426,4228.974121,4219.230957,4224.358886999999,4212.179688
4161.538574,4232.692383,4223.205078,4218.846191,4237.179688,4218.846191,4235.256348,4239.871582,4233.974121,4226.153809,4224.230957,4217.563965,4212.436035,4206.025879
4176.153809,4234.743652,4228.205078,4221.282227000001,4245.0,4218.461426,4230.0,4233.333496,4229.743652,4227.563965,4226.282227000001,4218.589844,4214.743652,4212.179688
4195.384765999999,4247.179688,4237.307617,4230.769043,4250.512695,4221.282227000001,4227.179688,4238.589844,4245.512695,4242.94873,4237.94873,4229.615234000001,4233.461426,4225.256348
4205.256348,4248.205078,4235.0,4235.128418,4246.538574,4212.820313,4230.641113000001,4229.615234000001,4240.897461,4243.589844,4237.820313,4230.769043,4231.410156,4220.384765999999
4205.641113000001,4245.256348,4228.589844,4234.358886999999,4249.487305,4206.153809,4227.05127,4200.512695,4216.922852000001,4232.05127,4228.589844,4220.769043,4217.820313,4212.820313
4203.333496,4247.307617,4222.307617,4229.102539,4253.589844,4211.410156,4208.846191,4176.025879,4203.461426,4223.333496,4219.871582,4210.897461,4211.666504,4210.897461
4195.512695,4240.0,4217.05127,4224.487305,4242.436035,4220.128418,4204.102539,4185.384765999999,4202.563965,4217.436035,4211.666504,4206.282227000001,4205.384765999999,4203.974121
4187.436035,4226.666504,4215.384765999999,4222.436035,4233.333496,4223.461426,4220.384765999999,4210.384765999999,4206.794922,4213.846191,4206.794922,4202.94873,4199.487305,4194.358886999999
4180.897461,4219.102539,4203.974121,4209.871582,4233.717772999999,4220.0,4228.461426,4207.05127,4204.615234000001,4203.333496,4197.563965,4191.410156,4188.846191,4182.563965
4180.897461,4218.333496,4195.0,4200.512695,4233.589844,4225.512695,4230.769043,4202.94873,4204.230957,4197.05127,4189.743652,4184.102539,4180.769043,4174.230957
4184.615234000001,4210.897461,4201.282227000001,4201.410156,4230.384765999999,4237.179688,4234.230957,4216.538574,4213.717772999999,4205.384765999999,4190.0,4191.794922,4181.922852000001,4177.563965
4183.461426,4199.230957,4203.205078,4194.871582,4224.871582,4228.846191,4221.153809,4211.794922,4215.512695,4210.128418,4190.256348,4200.769043,4183.333496,4184.358886999999
4190.384765999999,4209.358886999999,4203.846191,4201.538574,4224.743652,4217.05127,4223.717772999999,4207.692383,4215.128418,4211.025879,4198.077147999999,4205.512695,4193.077147999999,4193.974121
4209.743652,4238.461426,4221.025879,4227.436035,4237.05127,4220.0,4238.974121,4228.717772999999,4228.461426,4223.717772999999,4214.102539,4212.820313,4214.487305,4208.717772999999
4225.897461,4257.563965,4235.641113000001,4239.102539,4247.307617,4216.794922,4224.358886999999,4242.94873,4246.922852000001,4243.333496,4225.769043,4222.692383,4229.615234000001,4221.794922
4233.333496,4262.307617,4238.461426,4240.256348,4245.128418,4209.615234000001,4204.615234000001,4237.179688,4251.153809,4254.358886999999,4232.436035,4228.077147999999,4233.077147999999,4228.077147999999
4238.846191,4266.153809,4247.05127,4247.05127,4241.282227000001,4214.102539,4205.256348,4233.974121,4245.0,4254.230957,4237.436035,4227.563965,4236.153809,4232.692383
4238.461426,4267.563965,4253.589844,4248.717772999999,4241.538574,4216.025879,4206.666504,4230.0,4241.922852000001,4249.743652,4236.922852000001,4226.025879,4233.205078,4235.512695
4222.307617,4256.153809,4241.282227000001,4240.897461,4238.205078,4211.794922,4207.563965,4219.230957,4240.256348,4240.0,4226.025879,4219.743652,4216.922852000001,4226.025879
4191.922852000001,4233.717772999999,4219.615234000001,4226.794922,4230.384765999999,4222.05127,4217.436035,4197.436035,4225.769043,4217.179688,4202.820313,4201.666504,4193.461426,4202.05127
4168.333496,4215.641113000001,4205.128418,4211.282227000001,4224.358886999999,4232.436035,4223.589844,4181.282227000001,4210.384765999999,4194.743652,4183.333496,4183.461426,4178.205078,4183.077147999999
4165.769043,4209.871582,4200.769043,4205.128418,4216.025879,4224.743652,4229.102539,4193.974121,4215.384765999999,4195.0,4185.128418,4178.717772999999,4182.307617,4184.615234000001
4167.94873,4206.025879,4198.333496,4203.974121,4211.922852000001,4224.871582,4233.974121,4213.205078,4221.922852000001,4204.743652,4194.743652,4183.461426,4188.846191,4188.846191
4167.94873,4209.230957,4199.871582,4205.897461,4220.128418,4227.179688,4221.153809,4215.769043,4220.384765999999,4206.153809,4200.769043,4191.538574,4189.871582,4188.461426
4174.871582,4226.282227000001,4209.487305,4218.205078,4224.487305,4217.436035,4216.794922,4219.358886999999,4226.282227000001,4210.641113000001,4213.205078,4199.743652,4200.128418,4197.692383
4181.153809,4243.846191,4218.589844,4229.487305,4224.230957,4219.487305,4228.974121,4223.589844,4232.692383,4218.846191,4225.512695,4202.563965,4210.0,4210.512695
4182.307617,4252.436035,4220.256348,4228.333496,4233.077147999999,4228.589844,4219.102539,4217.307617,4224.871582,4216.666504,4223.717772999999,4203.333496,4200.256348,4214.102539
4190.641113000001,4267.179688,4227.436035,4235.0,4247.692383,4228.077147999999,4200.769043,4213.077147999999,4220.512695,4219.102539,4224.743652,4210.897461,4196.794922,4220.769043
4197.692383,4282.820313,4239.358886999999,4250.0,4250.897461,4229.102539,4209.487305,4205.897461,4223.974121,4226.666504,4232.94873,4219.230957,4207.820313,4229.743652
4192.436035,4277.94873,4238.205078,4249.871582,4247.692383,4231.025879,4216.025879,4198.461426,4222.05127,4222.307617,4230.641113000001,4217.820313,4205.897461,4223.846191
4186.153809,4268.461426,4235.897461,4244.358886999999,4250.0,4225.897461,4205.384765999999,4214.358886999999,4229.102539,4223.717772999999,4226.282227000001,4215.384765999999,4200.128418,4217.05127
4181.153809,4267.436035,4238.461426,4245.256348,4245.256348,4217.179688,4200.769043,4228.077147999999,4241.282227000001,4231.410156,4226.153809,4214.615234000001,4201.410156,4217.179688
4172.692383,4265.641113000001,4238.205078,4246.153809,4231.922852000001,4207.820313,4206.282227000001,4216.282227000001,4238.974121,4227.436035,4224.102539,4210.897461,4197.692383,4211.410156
4163.846191,4259.102539,4237.307617,4245.0,4223.974121,4205.0,4219.743652,4222.563965,4237.820313,4220.384765999999,4220.512695,4207.307617,4186.025879,4206.025879
4155.0,4255.897461,4234.871582,4240.897461,4222.563965,4211.538574,4225.384765999999,4242.563965,4244.615234000001,4219.230957,4216.538574,4205.769043,4175.897461,4206.025879
4150.512695,4261.282227000001,4230.769043,4239.358886999999,4226.666504,4217.563965,4213.846191,4222.307617,4235.897461,4217.820313,4217.307617,4203.077147999999,4181.153809,4207.179688
4146.922852000001,4261.410156,4225.512695,4238.589844,4232.179688,4217.692383,4211.025879,4193.077147999999,4218.974121,4215.128418,4221.025879,4201.922852000001,4190.384765999999,4208.589844
4132.05127,4248.846191,4217.94873,4229.230957,4231.538574,4220.128418,4219.358886999999,4199.871582,4216.410156,4209.743652,4216.666504,4201.282227000001,4184.487305,4205.256348
4119.871582,4243.077147999999,4210.384765999999,4219.615234000001,4233.974121,4229.102539,4210.512695,4208.846191,4218.974121,4204.487305,4207.563965,4195.384765999999,4182.563965,4199.743652
4123.717772999999,4244.615234000001,4207.820313,4219.487305,4240.897461,4232.436035,4207.563965,4199.358886999999,4213.846191,4200.641113000001,4206.666504,4189.358886999999,4190.769043,4200.512695
4131.794922,4243.461426,4214.230957,4226.153809,4237.820313,4227.563965,4220.0,4193.589844,4206.538574,4197.436035,4211.153809,4189.871582,4191.025879,4204.358886999999
4133.205078,4247.307617,4223.846191,4231.538574,4229.743652,4220.128418,4204.358886999999,4186.025879,4196.794922,4195.769043,4208.589844,4190.769043,4187.179688,4204.743652
4130.641113000001,4252.563965,4226.282227000001,4232.820313,4231.025879,4220.256348,4177.307617,4179.743652,4190.897461,4193.205078,4200.512695,4189.487305,4185.512695,4202.436035
4122.94873,4247.820313,4219.230957,4230.256348,4235.384765999999,4224.102539,4176.538574,4185.384765999999,4197.05127,4192.692383,4197.05127,4187.179688,4181.794922,4198.461426
4106.666504,4232.820313,4208.717772999999,4222.692383,4223.077147999999,4214.743652,4193.461426,4195.384765999999,4202.436035,4193.205078,4191.922852000001,4183.589844,4175.384765999999,4187.563965
4098.974121,4223.717772999999,4204.358886999999,4217.692383,4213.589844,4212.436035,4214.487305,4215.512695,4211.282227000001,4198.077147999999,4188.077147999999,4182.692383,4173.077147999999,4178.589844
4106.922852000001,4228.333496,4208.461426,4222.05127,4223.333496,4228.974121,4217.436035,4231.410156,4222.820313,4207.307617,4196.153809,4188.077147999999,4173.717772999999,4181.282227000001
4114.615234000001,4232.307617,4215.897461,4228.846191,4228.333496,4230.0,4203.077147999999,4227.94873,4227.94873,4210.769043,4203.461426,4192.692383,4175.128418,4190.256348
4110.0,4225.0,4217.179688,4226.666504,4219.743652,4215.512695,4210.641113000001,4215.512695,4225.897461,4205.256348,4199.871582,4189.230957,4178.333496,4193.333496
4101.025879,4219.871582,4211.282227000001,4218.589844,4213.205078,4220.0,4231.282227000001,4202.307617,4216.410156,4199.230957,4198.461426,4185.384765999999,4184.487305,4193.333496
4102.692383,4231.025879,4212.307617,4218.333496,4217.692383,4231.666504,4229.102539,4200.128418,4211.538574,4202.94873,4202.307617,4187.05127,4191.922852000001,4200.512695
4107.820313,4238.077147999999,4220.641113000001,4225.256348,4220.256348,4224.487305,4224.230957,4212.563965,4214.871582,4206.282227000001,4200.512695,4188.974121,4188.717772999999,4206.538574
4105.512695,4233.589844,4221.410156,4229.487305,4218.333496,4217.563965,4219.743652,4203.974121,4205.128418,4195.128418,4192.692383,4186.538574,4177.692383,4203.333496
4104.487305,4236.282227000001,4220.0,4230.384765999999,4224.487305,4227.436035,4201.538574,4173.589844,4189.358886999999,4186.922852000001,4189.871582,4187.05127,4179.102539,4201.282227000001
4108.333496,4240.0,4221.538574,4229.230957,4237.94873,4236.025879,4185.897461,4162.307617,4190.897461,4194.102539,4197.94873,4191.282227000001,4188.717772999999,4203.205078
4106.410156,4237.692383,4219.871582,4228.846191,4243.205078,4227.179688,4189.487305,4174.230957,4197.563965,4202.436035,4208.974121,4192.307617,4195.0,4203.974121
4101.282227000001,4232.94873,4216.410156,4227.563965,4229.615234000001,4217.436035,4212.307617,4196.153809,4203.333496,4203.974121,4212.563965,4192.436035,4194.487305,4204.230957
4094.8718259999996,4222.820313,4207.94873,4219.102539,4220.384765999999,4231.282227000001,4221.538574,4215.897461,4212.307617,4200.769043,4206.153809,4192.05127,4183.205078,4197.179688
4088.461426,4221.538574,4202.94873,4216.153809,4233.205078,4241.282227000001,4207.307617,4215.769043,4217.05127,4203.077147999999,4203.589844,4189.102539,4178.333496,4186.794922
4089.102539,4230.897461,4207.05127,4221.282227000001,4235.897461,4221.410156,4205.897461,4216.666504,4227.436035,4216.410156,4208.589844,4186.794922,4186.153809,4185.769043
4090.897461,4227.820313,4208.461426,4220.512695,4218.846191,4214.487305,4235.0,4241.153809,4243.846191,4221.025879,4207.436035,4187.307617,4187.94873,4186.025879
4096.410156,4223.333496,4211.282227000001,4218.974121,4221.153809,4233.333496,4253.333496,4250.0,4244.615234000001,4218.077147999999,4210.128418,4194.871582,4194.358886999999,4192.563965
4107.692383,4232.820313,4217.820313,4223.333496,4233.461426,4232.436035,4239.358886999999,4227.436035,4230.0,4221.538574,4221.538574,4204.871582,4210.128418,4207.05127
4114.743652,4236.666504,4217.307617,4224.230957,4228.205078,4227.05127,4232.307617,4219.358886999999,4222.692383,4221.410156,4223.077147999999,4208.717772999999,4215.256348,4213.333496
4112.692383,4230.384765999999,4213.589844,4221.282227000001,4223.974121,4241.410156,4230.641113000001,4212.820313,4214.487305,4207.05127,4211.153809,4204.487305,4212.05127,4209.358886999999
4113.461426,4233.205078,4221.410156,4228.974121,4232.692383,4243.717772999999,4208.974121,4182.436035,4198.205078,4198.077147999999,4206.282227000001,4202.692383,4210.769043,4208.974121
4122.307617,4241.538574,4232.692383,4237.692383,4240.384765999999,4232.05127,4201.666504,4170.769043,4191.666504,4204.102539,4211.794922,4206.538574,4210.256348,4212.563965
4127.94873,4240.641113000001,4233.846191,4232.94873,4239.487305,4231.025879,4217.436035,4190.128418,4194.487305,4205.769043,4215.769043,4209.230957,4216.538574,4214.102539
4128.205078,4242.05127,4232.436035,4233.717772999999,4239.230957,4232.94873,4213.717772999999,4213.461426,4206.666504,4215.256348,4227.563965,4212.179688,4235.128418,4223.333496
4128.589844,4249.871582,4235.128418,4242.436035,4242.94873,4228.717772999999,4197.307617,4233.077147999999,4233.333496,4241.922852000001,4246.153809,4217.820313,4254.487305,4234.230957
4118.717772999999,4240.897461,4231.282227000001,4233.077147999999,4241.922852000001,4228.461426,4206.922852000001,4232.05127,4243.333496,4247.179688,4241.794922,4209.230957,4251.025879,4222.820313
4095.897461,4217.692383,4212.05127,4215.512695,4238.461426,4233.077147999999,4228.846191,4214.743652,4227.94873,4222.05127,4215.384765999999,4188.589844,4226.025879,4194.743652
4084.615479,4207.563965,4199.230957,4209.871582,4235.256348,4226.922852000001,4231.794922,4214.487305,4223.077147999999,4209.358886999999,4202.94873,4184.871582,4210.512695,4183.461426
4093.205078,4218.333496,4207.94873,4212.436035,4231.025879,4222.692383,4225.128418,4236.538574,4243.974121,4229.743652,4217.436035,4201.282227000001,4222.307617,4198.974121
4100.128418,4228.333496,4214.615234000001,4219.230957,4232.307617,4236.153809,4230.512695,4261.538574,4261.794922,4242.563965,4227.179688,4207.436035,4235.256348,4209.487305
4092.820557,4217.179688,4201.025879,4218.589844,4229.487305,4242.563965,4240.384765999999,4249.230957,4242.820313,4221.153809,4207.692383,4192.436035,4219.871582,4195.641113000001
4087.0512700000004,4206.666504,4192.179688,4212.563965,4223.077147999999,4236.282227000001,4233.974121,4207.563965,4214.743652,4204.102539,4193.077147999999,4184.230957,4209.487305,4187.179688
4090.0,4212.436035,4198.333496,4214.743652,4225.256348,4234.358886999999,4213.333496,4191.410156,4209.615234000001,4212.05127,4204.743652,4191.794922,4219.102539,4198.077147999999
4093.3332520000004,4215.256348,4200.256348,4216.538574,4227.563965,4233.846191,4207.563965,4199.615234000001,4207.94873,4210.769043,4207.820313,4193.077147999999,4217.05127,4203.589844
4095.512939,4210.641113000001,4199.743652,4214.743652,4225.512695,4226.538574,4216.538574,4193.974121,4195.256348,4196.794922,4200.769043,4189.230957,4205.128418,4198.974121
4098.333496,4214.358886999999,4205.769043,4218.974121,4228.333496,4214.230957,4213.846191,4185.128418,4189.743652,4198.333496,4208.461426,4194.230957,4210.897461,4202.05127
4104.743652,4226.153809,4213.461426,4226.666504,4235.128418,4213.974121,4207.692383,4194.615234000001,4200.897461,4213.974121,4221.794922,4203.589844,4230.384765999999,4215.769043
4110.512695,4230.641113000001,4219.102539,4228.589844,4236.538574,4227.563965,4211.153809,4209.102539,4212.692383,4223.846191,4223.077147999999,4203.974121,4236.153809,4223.846191
4115.256348,4231.282227000001,4228.333496,4229.871582,4238.333496,4223.333496,4208.205078,4227.179688,4224.230957,4229.487305,4225.256348,4202.820313,4236.922852000001,4224.102539
4116.922852000001,4232.563965,4232.94873,4233.589844,4239.102539,4206.794922,4200.641113000001,4236.666504,4228.717772999999,4234.230957,4233.717772999999,4206.153809,4240.641113000001,4224.358886999999
4108.205078,4223.717772999999,4221.410156,4227.307617,4234.102539,4213.846191,4206.153809,4219.743652,4215.384765999999,4224.487305,4224.871582,4200.641113000001,4232.307617,4218.717772999999
4099.358886999999,4215.769043,4212.94873,4217.179688,4233.717772999999,4227.820313,4217.05127,4224.615234000001,4213.974121,4212.05127,4208.717772999999,4190.256348,4225.128418,4209.102539
4095.512939,4213.974121,4215.0,4212.94873,4231.410156,4218.846191,4225.256348,4256.282227000001,4228.974121,4212.563965,4207.307617,4187.307617,4228.846191,4202.692383
4087.9487299999996,4208.589844,4208.333496,4210.512695,4222.820313,4211.282227000001,4232.436035,4239.871582,4219.487305,4209.871582,4205.128418,4184.230957,4222.436035,4194.615234000001
4076.538574,4203.589844,4195.384765999999,4206.025879,4222.563965,4222.307617,4230.641113000001,4196.025879,4200.641113000001,4200.128418,4192.179688,4170.128418,4204.871582,4184.743652
4071.281982,4204.743652,4191.666504,4201.538574,4228.077147999999,4228.077147999999,4218.717772999999,4193.205078,4208.333496,4200.128418,4186.922852000001,4164.487305,4207.05127,4184.230957
4073.8461909999996,4204.102539,4195.512695,4202.820313,4226.025879,4222.94873,4216.025879,4211.410156,4221.922852000001,4210.897461,4194.743652,4173.589844,4222.820313,4192.179688
4077.179443,4200.256348,4199.358886999999,4204.615234000001,4221.538574,4215.0,4221.922852000001,4215.0,4220.128418,4214.102539,4199.102539,4177.307617,4224.871582,4197.563965
4081.6667479999996,4203.205078,4204.102539,4206.025879,4224.743652,4215.897461,4219.358886999999,4208.077147999999,4212.820313,4209.487305,4199.487305,4178.717772999999,4218.589844,4198.461426
4085.512939,4207.94873,4210.256348,4211.410156,4238.205078,4232.563965,4211.794922,4203.717772999999,4205.512695,4206.538574,4200.256348,4184.487305,4222.179688,4197.307617
4093.974365,4213.333496,4219.615234000001,4219.102539,4246.410156,4232.179688,4204.487305,4215.256348,4207.307617,4213.333496,4207.563965,4195.256348,4241.794922,4206.282227000001
4116.282227000001,4232.436035,4233.717772999999,4228.077147999999,4239.358886999999,4209.358886999999,4211.282227000001,4244.102539,4231.666504,4237.05127,4229.615234000001,4212.563965,4269.615234000001,4231.922852000001
4127.692383,4244.743652,4241.922852000001,4231.538574,4233.205078,4210.512695,4228.205078,4255.641113000001,4245.897461,4249.871582,4240.512695,4220.512695,4277.563965,4245.641113000001
4119.743652,4233.205078,4236.538574,4229.487305,4241.153809,4228.974121,4227.436035,4234.743652,4233.205078,4235.384765999999,4224.615234000001,4214.871582,4263.077147999999,4236.794922
4117.307617,4227.692383,4232.179688,4229.615234000001,4244.102539,4222.94873,4219.230957,4223.333496,4231.025879,4231.922852000001,4215.641113000001,4212.94873,4258.461426,4234.102539
4113.205078,4227.820313,4228.333496,4222.94873,4228.461426,4210.512695,4225.128418,4235.384765999999,4240.256348,4241.153809,4217.05127,4210.0,4256.025879,4235.512695
4096.538574,4207.563965,4212.05127,4205.769043,4219.358886999999,4218.974121,4236.025879,4232.179688,4232.05127,4227.05127,4203.846191,4196.794922,4237.05127,4219.487305
4086.4101560000004,4190.256348,4199.871582,4198.846191,4222.94873,4225.0,4241.794922,4211.922852000001,4219.102539,4207.307617,4190.897461,4188.974121,4221.282227000001,4205.512695
4085.256348,4192.563965,4200.897461,4203.717772999999,4218.589844,4215.384765999999,4240.128418,4212.563965,4222.563965,4208.077147999999,4191.666504,4186.922852000001,4217.179688,4207.820313
4082.0512700000004,4194.358886999999,4201.410156,4204.358886999999,4215.384765999999,4212.820313,4236.410156,4234.230957,4231.282227000001,4213.846191,4193.333496,4181.410156,4215.512695,4207.563965
4082.179443,4187.563965,4197.179688,4197.820313,4219.102539,4224.102539,4237.436035,4235.512695,4221.153809,4206.410156,4187.179688,4176.282227000001,4209.743652,4199.615234000001
4080.897461,4186.794922,4194.230957,4194.487305,4219.487305,4232.179688,4226.282227000001,4220.641113000001,4207.179688,4197.179688,4181.666504,4174.871582,4202.820313,4196.153809
4080.641113,4202.307617,4202.94873,4208.333496,4222.05127,4226.025879,4207.05127,4229.743652,4220.384765999999,4210.128418,4193.846191,4187.05127,4213.846191,4207.307617
4084.2307130000004,4213.333496,4213.205078,4222.05127,4223.461426,4216.410156,4214.743652,4238.717772999999,4227.436035,4224.102539,4209.487305,4199.487305,4231.153809,4217.436035
4081.025635,4208.077147999999,4211.025879,4214.871582,4222.05127,4216.666504,4224.230957,4216.538574,4201.410156,4210.0,4206.666504,4193.077147999999,4224.743652,4213.461426
4077.6923829999996,4205.641113000001,4205.512695,4206.410156,4222.179688,4216.794922,4204.358886999999,4195.769043,4188.974121,4195.897461,4202.94873,4189.358886999999,4213.974121,4208.974121
4086.4101560000004,4214.358886999999,4213.333496,4211.153809,4219.102539,4207.820313,4195.641113000001,4206.410156,4212.05127,4212.563965,4218.974121,4205.769043,4227.307617,4220.128418
4091.6667479999996,4216.922852000001,4220.0,4214.358886999999,4215.256348,4202.436035,4215.384765999999,4218.589844,4228.461426,4231.410156,4233.589844,4214.871582,4240.0,4234.102539
4080.512939,4205.128418,4211.666504,4206.025879,4210.769043,4202.563965,4221.025879,4222.563965,4227.436035,4230.128418,4229.743652,4203.333496,4228.717772999999,4226.282227000001
4077.3076170000004,4200.512695,4206.410156,4199.230957,4206.153809,4205.256348,4212.692383,4231.794922,4235.641113000001,4227.307617,4223.846191,4196.025879,4219.358886999999,4212.94873
4083.205078,4206.666504,4205.641113000001,4200.128418,4208.974121,4210.128418,4213.974121,4231.538574,4244.871582,4229.102539,4220.769043,4195.512695,4221.025879,4211.153809
4070.1281740000004,4204.358886999999,4198.077147999999,4197.563965,4212.307617,4206.922852000001,4216.153809,4226.666504,4236.666504,4219.487305,4208.589844,4187.692383,4208.461426,4202.179688
4052.179443,4197.307617,4193.589844,4195.0,4211.153809,4205.769043,4218.974121,4233.589844,4224.102539,4207.05127,4198.333496,4181.153809,4192.436035,4189.615234000001
4051.6667479999996,4195.512695,4194.102539,4196.025879,4212.692383,4210.897461,4218.974121,4227.692383,4215.0,4199.871582,4197.307617,4183.205078,4193.077147999999,4191.666504
4060.0,4201.153809,4196.538574,4200.128418,4214.230957,4206.922852000001,4205.384765999999,4200.128418,4207.05127,4196.538574,4200.512695,4189.487305,4201.410156,4198.461426
4071.794922,4210.128418,4202.179688,4205.128418,4211.153809,4202.563965,4195.128418,4194.615234000001,4207.179688,4201.666504,4206.410156,4194.230957,4203.846191,4199.358886999999
4080.7692869999996,4213.461426,4201.666504,4205.512695,4208.461426,4209.102539,4201.153809,4206.538574,4199.102539,4199.487305,4206.538574,4194.102539,4199.102539,4200.512695
4080.1281740000004,4215.128418,4200.512695,4206.666504,4212.692383,4210.897461,4208.077147999999,4190.512695,4177.820313,4187.820313,4205.384765999999,4193.077147999999,4201.538574,4204.615234000001
4081.025635,4220.256348,4209.743652,4209.358886999999,4210.641113000001,4196.153809,4197.94873,4162.307617,4169.487305,4190.384765999999,4213.589844,4196.794922,4213.589844,4212.94873
4086.923096,4214.487305,4212.820313,4211.025879,4204.615234000001,4186.922852000001,4182.94873,4162.692383,4177.05127,4201.025879,4219.102539,4200.0,4219.358886999999,4216.922852000001
4083.461426,4200.897461,4209.358886999999,4213.205078,4212.436035,4193.717772999999,4189.358886999999,4192.436035,4192.179688,4208.589844,4220.641113000001,4203.974121,4222.179688,4214.102539
4068.205078,4198.205078,4212.692383,4210.769043,4216.922852000001,4200.256348,4208.974121,4215.0,4210.384765999999,4218.717772999999,4226.922852000001,4212.307617,4227.307617,4215.641113000001
4061.794922,4202.820313,4215.641113000001,4206.922852000001,4212.820313,4204.743652,4209.871582,4211.666504,4221.538574,4226.025879,4230.769043,4216.922852000001,4229.102539,4218.974121
4069.8718259999996,4199.871582,4211.794922,4204.871582,4213.846191,4204.487305,4198.077147999999,4220.256348,4230.128418,4225.384765999999,4227.820313,4212.820313,4230.769043,4217.94873
4068.461426,4190.256348,4207.94873,4199.102539,4210.128418,4195.256348,4205.384765999999,4250.897461,4238.461426,4226.282227000001,4222.436035,4206.025879,4232.94873,4213.461426
4051.1538090000004,4190.0,4205.512695,4196.794922,4203.461426,4193.974121,4217.563965,4251.282227000001,4234.871582,4222.94873,4215.512695,4202.307617,4222.820313,4206.282227000001
4038.3332520000004,4197.179688,4203.333496,4200.641113000001,4207.94873,4202.563965,4209.615234000001,4219.615234000001,4217.94873,4207.820313,4207.563965,4199.615234000001,4210.769043,4201.666504
4035.256348,4193.461426,4199.102539,4196.282227000001,4206.025879,4199.487305,4203.077147999999,4206.025879,4200.512695,4194.230957,4199.871582,4192.820313,4207.436035,4200.769043
4028.5898439999996,4185.769043,4193.461426,4187.563965,4192.179688,4192.05127,4208.974121,4206.666504,4191.282227000001,4191.025879,4192.436035,4186.153809,4202.05127,4196.410156
4035.384521,4196.153809,4201.922852000001,4194.615234000001,4197.436035,4197.307617,4209.487305,4200.0,4195.641113000001,4196.153809,4199.743652,4194.230957,4206.922852000001,4203.333496
4048.8461909999996,4215.384765999999,4216.666504,4209.358886999999,4213.589844,4204.358886999999,4198.333496,4194.487305,4199.615234000001,4202.436035,4217.307617,4207.692383,4224.487305,4222.436035
4039.2307130000004,4213.205078,4212.307617,4209.102539,4208.974121,4194.358886999999,4181.666504,4185.641113000001,4183.461426,4190.769043,4212.05127,4202.307617,4221.666504,4221.153809
4035.1281740000004,4209.230957,4210.512695,4208.461426,4205.769043,4185.0,4183.589844,4175.0,4173.461426,4181.794922,4202.820313,4195.384765999999,4213.333496,4217.179688
4051.6667479999996,4221.410156,4226.410156,4218.205078,4219.358886999999,4191.666504,4202.820313,4178.205078,4183.461426,4192.94873,4214.487305,4205.384765999999,4225.897461,4229.358886999999
4052.4357909999994,4223.205078,4225.897461,4215.384765999999,4220.0,4192.94873,4202.94873,4196.025879,4190.0,4197.179688,4218.846191,4207.563965,4231.410156,4227.94873
4042.6923829999996,4216.922852000001,4214.487305,4207.179688,4213.333496,4189.615234000001,4192.05127,4215.128418,4196.025879,4199.487305,4213.974121,4200.256348,4227.436035,4217.94873
4042.6923829999996,4218.589844,4216.282227000001,4212.05127,4218.461426,4197.820313,4199.615234000001,4210.641113000001,4200.769043,4209.871582,4215.897461,4199.230957,4232.820313,4219.102539
4037.3076170000004,4213.717772999999,4213.717772999999,4210.256348,4216.922852000001,4202.307617,4208.717772999999,4202.307617,4196.025879,4209.487305,4213.461426,4196.282227000001,4227.692383,4215.512695
4029.102539,4202.05127,4205.512695,4198.077147999999,4205.769043,4194.615234000001,4204.230957,4218.205078,4197.307617,4203.205078,4207.94873,4189.615234000001,4214.615234000001,4206.666504
4030.256348,4202.307617,4201.922852000001,4196.153809,4204.102539,4194.743652,4202.692383,4218.717772999999,4197.94873,4201.153809,4207.820313,4187.94873,4216.282227000001,4206.538574
4025.384521,4205.128418,4196.794922,4198.589844,4210.256348,4210.0,4209.358886999999,4195.0,4186.666504,4192.692383,4201.794922,4184.615234000001,4214.102539,4205.897461
4020.641113,4201.282227000001,4196.153809,4198.333496,4214.615234000001,4218.333496,4212.05127,4197.563965,4188.461426,4187.820313,4195.128418,4180.0,4197.563965,4200.641113000001
4027.820557,4202.179688,4203.589844,4201.538574,4215.641113000001,4213.077147999999,4214.358886999999,4219.102539,4206.666504,4200.0,4204.230957,4188.077147999999,4194.230957,4200.769043
4029.615479,4203.974121,4205.384765999999,4202.436035,4215.256348,4215.641113000001,4218.717772999999,4214.871582,4206.666504,4206.025879,4211.922852000001,4196.025879,4207.05127,4204.615234000001
4030.384521,4202.436035,4206.025879,4199.487305,4214.743652,4216.666504,4209.230957,4200.128418,4194.230957,4199.615234000001,4207.820313,4195.128418,4211.153809,4206.410156
4045.0,4204.102539,4218.717772999999,4202.94873,4212.820313,4204.230957,4200.641113000001,4208.974121,4199.102539,4201.538574,4210.128418,4201.410156,4211.410156,4208.461426
4057.0512700000004,4214.102539,4233.589844,4214.615234000001,4212.94873,4195.384765999999,4199.358886999999,4218.461426,4206.025879,4211.025879,4221.538574,4214.871582,4226.282227000001,4219.615234000001
4051.6667479999996,4220.641113000001,4236.794922,4220.256348,4213.589844,4191.153809,4187.94873,4205.256348,4196.025879,4212.05127,4224.871582,4216.410156,4242.563965,4229.615234000001
4045.1281740000004,4218.974121,4233.974121,4215.769043,4215.0,4191.794922,4182.179688,4196.666504,4183.589844,4204.871582,4219.102539,4204.871582,4237.820313,4223.974121
4047.4357909999994,4216.410156,4230.256348,4210.0,4216.666504,4195.128418,4192.307617,4209.230957,4182.05127,4199.487305,4214.615234000001,4199.358886999999,4218.077147999999,4215.0
4046.794922,4214.230957,4224.743652,4210.384765999999,4211.025879,4190.641113000001,4201.538574,4222.179688,4189.102539,4202.692383,4213.461426,4202.05127,4207.692383,4215.256348
4043.8461909999996,4213.077147999999,4219.358886999999,4210.769043,4206.153809,4191.666504,4209.358886999999,4220.256348,4198.077147999999,4210.0,4213.589844,4200.256348,4212.563965,4214.102539
4043.974365,4216.025879,4215.641113000001,4207.94873,4215.641113000001,4213.077147999999,4219.743652,4220.128418,4204.871582,4211.538574,4211.666504,4196.025879,4213.589844,4210.0
4048.205078,4221.538574,4217.05127,4210.0,4226.282227000001,4227.563965,4223.461426,4226.282227000001,4207.307617,4213.333496,4213.333496,4199.871582,4213.846191,4215.641113000001
4048.718018,4215.512695,4213.974121,4210.0,4220.512695,4219.102539,4221.538574,4221.282227000001,4202.563965,4211.282227000001,4214.487305,4200.128418,4214.358886999999,4215.512695
4046.1538090000004,4205.256348,4207.179688,4205.0,4215.512695,4219.615234000001,4221.153809,4212.179688,4198.077147999999,4201.794922,4208.333496,4189.358886999999,4205.641113000001,4205.641113000001
4050.256348,4207.94873,4210.384765999999,4203.717772999999,4219.358886999999,4237.563965,4232.692383,4219.871582,4204.743652,4200.384765999999,4206.538574,4187.94873,4204.102539,4207.05127
4058.5898439999996,4213.461426,4216.282227000001,4203.205078,4217.563965,4242.692383,4242.436035,4232.820313,4213.461426,4206.794922,4212.692383,4198.205078,4217.563965,4215.128418
4070.0,4220.384765999999,4220.641113000001,4210.641113000001,4220.512695,4226.794922,4218.461426,4226.538574,4218.077147999999,4215.769043,4221.794922,4205.769043,4232.179688,4218.717772999999
4081.1538090000004,4231.410156,4231.538574,4226.025879,4228.717772999999,4215.0,4185.512695,4215.769043,4224.615234000001,4232.692383,4233.077147999999,4210.769043,4241.410156,4224.615234000001
4082.6923829999996,4237.179688,4241.538574,4230.384765999999,4227.563965,4215.512695,4191.666504,4223.205078,4233.077147999999,4246.538574,4239.743652,4219.358886999999,4245.897461,4231.922852000001
4069.2307130000004,4238.205078,4239.743652,4225.384765999999,4222.563965,4212.563965,4213.461426,4231.794922,4236.410156,4246.666504,4240.0,4224.615234000001,4247.563965,4234.615234000001
4040.7692869999996,4231.666504,4230.128418,4219.615234000001,4220.0,4205.512695,4213.589844,4225.641113000001,4226.153809,4236.282227000001,4232.307617,4217.05127,4238.974121,4228.077147999999
4008.205078,4215.0,4219.487305,4209.230957,4218.205078,4203.717772999999,4212.94873,4231.282227000001,4217.436035,4225.384765999999,4216.153809,4203.974121,4220.256348,4210.769043
3990.7692869999996,4208.333496,4213.974121,4201.794922,4214.871582,4204.358886999999,4219.871582,4247.436035,4223.461426,4222.820313,4208.077147999999,4200.897461,4212.179688,4202.563965
3988.718018,4214.358886999999,4215.256348,4205.128418,4212.820313,4206.282227000001,4221.922852000001,4235.769043,4220.641113000001,4225.0,4213.717772999999,4206.538574,4222.563965,4210.512695
3983.205078,4211.922852000001,4212.179688,4208.333496,4218.205078,4214.487305,4222.692383,4207.05127,4201.410156,4215.769043,4210.256348,4203.077147999999,4222.94873,4210.769043
3974.487061,4203.974121,4208.717772999999,4205.512695,4219.743652,4213.333496,4219.230957,4212.692383,4198.333496,4203.846191,4199.487305,4197.179688,4210.384765999999,4204.871582
3974.743652,4206.922852000001,4213.974121,4204.487305,4212.820313,4203.077147999999,4218.333496,4235.256348,4208.333496,4204.743652,4201.153809,4202.820313,4209.743652,4209.102539
3974.8718259999996,4212.179688,4216.410156,4204.615234000001,4210.512695,4208.333496,4219.102539,4211.538574,4196.538574,4203.205078,4203.461426,4201.153809,4212.05127,4210.256348
3966.6667479999996,4213.461426,4210.512695,4205.512695,4215.128418,4220.641113000001,4207.307617,4173.333496,4180.641113000001,4196.153809,4198.589844,4190.256348,4204.743652,4199.871582
3963.461426,4219.615234000001,4212.05127,4212.436035,4222.436035,4214.102539,4194.615234000001,4181.538574,4195.128418,4207.307617,4205.512695,4191.282227000001,4208.077147999999,4202.307617
3968.974365,4225.0,4223.974121,4221.025879,4228.589844,4198.974121,4196.538574,4210.256348,4220.128418,4229.102539,4219.230957,4203.461426,4227.179688,4216.282227000001
3971.794922,4223.077147999999,4230.384765999999,4221.794922,4227.692383,4199.871582,4203.846191,4228.974121,4227.692383,4233.974121,4222.563965,4209.871582,4233.846191,4219.871582
3957.3076170000004,4211.794922,4217.436035,4209.743652,4220.384765999999,4205.897461,4204.615234000001,4228.717772999999,4216.538574,4221.666504,4211.025879,4202.05127,4216.794922,4210.128418
3935.384521,4197.05127,4197.179688,4193.974121,4217.436035,4203.846191,4200.384765999999,4213.461426,4199.487305,4209.487305,4191.153809,4185.769043,4205.128418,4196.538574
3932.179443,4198.717772999999,4193.974121,4194.230957,4217.820313,4201.538574,4199.615234000001,4217.307617,4200.769043,4214.102539,4188.846191,4179.102539,4217.05127,4193.846191
3943.5898439999996,4208.846191,4204.487305,4206.410156,4213.077147999999,4200.897461,4208.717772999999,4236.666504,4216.282227000001,4226.922852000001,4200.512695,4186.153809,4227.436035,4204.230957
3945.0,4206.794922,4208.205078,4206.538574,4214.102539,4208.717772999999,4218.717772999999,4230.256348,4215.897461,4226.538574,4199.615234000001,4189.487305,4217.692383,4213.589844
3939.487061,4202.563965,4205.897461,4197.179688,4216.025879,4217.820313,4218.846191,4222.820313,4203.974121,4218.333496,4191.922852000001,4185.897461,4209.230957,4214.230957
3942.0512700000004,4203.077147999999,4205.897461,4196.922852000001,4205.384765999999,4208.077147999999,4204.871582,4222.563965,4196.794922,4215.512695,4192.436035,4186.410156,4214.743652,4215.512695
3947.6923829999996,4200.384765999999,4207.563965,4201.794922,4202.692383,4200.769043,4195.512695,4205.897461,4193.461426,4217.179688,4198.077147999999,4188.589844,4223.974121,4220.897461
3939.358887,4196.025879,4205.897461,4198.589844,4210.512695,4212.05127,4208.717772999999,4196.410156,4192.94873,4218.333496,4198.589844,4184.487305,4219.615234000001,4220.128418
3917.9487299999996,4194.871582,4202.307617,4196.282227000001,4206.153809,4217.94873,4214.871582,4197.563965,4193.846191,4212.820313,4193.077147999999,4180.0,4207.94873,4211.794922
3901.538574,4188.461426,4201.410156,4202.563965,4201.282227000001,4210.512695,4199.871582,4196.666504,4194.871582,4203.846191,4191.025879,4181.410156,4208.333496,4207.692383
3898.461426,4180.512695,4206.794922,4205.0,4210.0,4206.794922,4198.461426,4213.205078,4203.846191,4210.384765999999,4201.410156,4187.179688,4220.384765999999,4218.589844
3899.102539,4188.846191,4213.717772999999,4203.589844,4214.358886999999,4215.769043,4217.05127,4236.538574,4219.358886999999,4230.128418,4217.05127,4193.717772999999,4234.871582,4233.461426
3883.461426,4182.05127,4202.307617,4203.333496,4193.205078,4210.512695,4207.179688,4224.487305,4207.179688,4216.538574,4208.333496,4185.0,4223.717772999999,4218.846191
3867.6923829999996,4158.333496,4186.538574,4205.512695,4172.94873,4194.230957,4185.128418,4201.153809,4185.512695,4190.0,4191.922852000001,4173.205078,4202.179688,4198.589844
3883.3332520000004,4175.897461,4198.589844,4207.94873,4193.333496,4201.794922,4210.128418,4224.871582,4211.922852000001,4217.05127,4211.794922,4186.538574,4223.589844,4221.410156
3894.487061,4202.563965,4207.05127,4196.282227000001,4215.384765999999,4214.230957,4241.410156,4254.743652,4237.179688,4247.05127,4230.0,4198.461426,4246.153809,4240.897461
3876.281982,4186.410156,4194.102539,4184.871582,4200.641113000001,4208.077147999999,4223.589844,4233.461426,4210.897461,4225.0,4213.333496,4186.410156,4226.538574,4220.128418
3865.641113,4176.025879,4192.436035,4195.897461,4185.897461,4206.282227000001,4191.922852000001,4192.820313,4190.384765999999,4208.461426,4205.384765999999,4180.769043,4213.461426,4212.179688
3869.615479,4188.077147999999,4197.692383,4201.538574,4187.692383,4215.769043,4195.641113000001,4182.307617,4196.794922,4214.615234000001,4211.922852000001,4187.05127,4213.461426,4222.05127
3863.461426,4184.102539,4192.820313,4190.512695,4183.205078,4211.153809,4209.487305,4194.102539,4193.461426,4204.871582,4204.743652,4182.179688,4197.179688,4212.94873
3860.0,4182.563965,4195.0,4192.307617,4175.769043,4194.743652,4196.153809,4195.769043,4187.307617,4196.666504,4202.820313,4180.0,4196.666504,4210.128418
3867.179443,4198.717772999999,4206.153809,4202.563965,4172.820313,4195.897461,4191.153809,4194.615234000001,4197.94873,4205.384765999999,4214.871582,4190.641113000001,4215.128418,4226.025879
3865.897461,4198.717772999999,4207.94873,4200.641113000001,4169.615234000001,4209.102539,4214.487305,4208.333496,4203.333496,4205.512695,4218.077147999999,4191.538574,4215.0,4226.538574
3861.794922,4188.461426,4203.333496,4193.077147999999,4164.230957,4204.487305,4215.897461,4222.179688,4196.153809,4196.794922,4211.794922,4181.922852000001,4212.05127,4216.794922
3870.641113,4195.897461,4207.179688,4196.282227000001,4160.0,4194.487305,4197.563965,4224.358886999999,4199.487305,4205.0,4216.282227000001,4185.384765999999,4225.512695,4222.692383
3882.6923829999996,4212.436035,4215.0,4204.102539,4167.692383,4209.230957,4205.0,4213.461426,4208.077147999999,4221.025879,4229.230957,4199.871582,4234.871582,4233.974121
3884.487061,4215.641113000001,4213.077147999999,4202.05127,4173.205078,4221.538574,4216.025879,4197.05127,4200.256348,4216.794922,4230.897461,4200.512695,4232.179688,4234.230957
3887.5642090000006,4210.256348,4209.102539,4200.256348,4163.846191,4214.358886999999,4209.615234000001,4200.641113000001,4194.615234000001,4206.282227000001,4227.692383,4192.692383,4233.846191,4234.871582
3895.0,4211.666504,4211.025879,4204.743652,4156.922852000001,4205.641113000001,4207.94873,4216.410156,4201.025879,4210.256348,4230.897461,4195.256348,4238.205078,4241.153809
3894.8718259999996,4211.538574,4212.307617,4208.333496,4160.641113000001,4202.94873,4211.410156,4212.436035,4198.974121,4216.153809,4231.282227000001,4200.256348,4234.358886999999,4242.692383
3888.5898439999996,4200.512695,4211.922852000001,4204.358886999999,4159.487305,4203.974121,4206.794922,4196.794922,4188.717772999999,4209.615234000001,4225.256348,4196.666504,4223.974121,4237.179688
3886.6667479999996,4197.05127,4213.205078,4201.538574,4155.641113000001,4196.666504,4195.384765999999,4186.282227000001,4183.205078,4201.153809,4218.846191,4190.512695,4217.692383,4234.743652
3890.897461,4206.922852000001,4216.410156,4208.333496,4159.615234000001,4183.846191,4191.922852000001,4180.256348,4180.256348,4200.641113000001,4214.487305,4188.974121,4215.769043,4234.358886999999
3889.2307130000004,4209.871582,4214.230957,4210.641113000001,4158.846191,4188.077147999999,4198.846191,4184.615234000001,4179.615234000001,4197.820313,4209.102539,4185.0,4204.358886999999,4227.05127
3881.538574,4207.307617,4206.922852000001,4206.922852000001,4163.974121,4203.846191,4195.641113000001,4199.487305,4190.641113000001,4196.153809,4206.282227000001,4179.358886999999,4198.077147999999,4219.487305
3874.8718259999996,4207.307617,4197.307617,4204.102539,4176.282227000001,4207.94873,4192.436035,4210.0,4200.128418,4200.128418,4206.282227000001,4176.794922,4206.410156,4216.282227000001
3869.8718259999996,4203.974121,4188.205078,4200.0,4174.102539,4204.358886999999,4204.871582,4212.820313,4195.512695,4200.641113000001,4208.205078,4174.743652,4209.230957,4210.897461
3874.358887,4212.05127,4194.102539,4204.230957,4177.94873,4210.0,4212.307617,4220.384765999999,4199.743652,4205.641113000001,4219.615234000001,4179.615234000001,4215.384765999999,4213.974121
3888.974365,4228.205078,4209.102539,4217.563965,4196.282227000001,4216.410156,4209.102539,4233.589844,4217.820313,4221.538574,4234.615234000001,4193.589844,4236.025879,4230.256348
3897.4357909999994,4230.897461,4212.05127,4223.589844,4203.205078,4216.666504,4208.461426,4236.666504,4222.820313,4227.307617,4238.205078,4197.05127,4245.128418,4235.256348
3891.1538090000004,4225.256348,4204.871582,4218.077147999999,4191.922852000001,4217.820313,4213.461426,4230.0,4206.538574,4212.94873,4227.05127,4185.897461,4229.230957,4224.102539
3885.641113,4219.230957,4202.692383,4213.589844,4182.179688,4218.717772999999,4216.153809,4221.666504,4191.922852000001,4203.461426,4217.179688,4183.077147999999,4214.358886999999,4222.05127
3897.9487299999996,4219.358886999999,4214.615234000001,4220.128418,4184.743652,4209.743652,4207.05127,4211.922852000001,4197.692383,4217.692383,4225.128418,4193.974121,4224.487305,4236.025879
3910.256348,4220.641113000001,4222.820313,4224.487305,4184.743652,4194.615234000001,4187.820313,4194.230957,4202.692383,4225.641113000001,4230.256348,4193.974121,4232.563965,4240.128418
3900.384521,4206.538574,4210.641113000001,4213.205078,4174.358886999999,4194.487305,4184.230957,4170.256348,4181.666504,4202.94873,4213.333496,4178.589844,4211.282227000001,4223.974121
3888.974365,4193.461426,4201.153809,4205.0,4166.025879,4204.871582,4198.077147999999,4168.846191,4171.153809,4188.846191,4203.589844,4173.333496,4197.307617,4215.0
3895.1281740000004,4200.512695,4206.538574,4211.153809,4165.641113000001,4197.563965,4199.358886999999,4195.641113000001,4196.282227000001,4204.487305,4214.102539,4181.282227000001,4211.410156,4221.794922
3900.897461,4209.358886999999,4208.846191,4213.974121,4166.666504,4187.94873,4197.94873,4223.077147999999,4219.358886999999,4219.615234000001,4221.666504,4185.897461,4223.461426,4225.128418
3897.4357909999994,4210.256348,4204.358886999999,4211.282227000001,4172.436035,4202.436035,4207.179688,4226.025879,4213.461426,4219.102539,4220.769043,4180.512695,4223.333496,4221.666504
3898.3332520000004,4216.282227000001,4201.282227000001,4216.538574,4178.461426,4221.025879,4215.0,4211.794922,4200.641113000001,4210.128418,4216.922852000001,4172.820313,4223.974121,4219.871582
3907.0512700000004,4223.333496,4199.230957,4224.230957,4176.794922,4218.205078,4215.0,4207.692383,4200.384765999999,4205.256348,4215.0,4174.615234000001,4226.538574,4225.0
3920.384521,4223.461426,4203.846191,4226.282227000001,4176.922852000001,4208.205078,4212.692383,4212.436035,4203.461426,4212.436035,4224.230957,4189.230957,4231.538574,4236.025879
3934.615479,4224.743652,4212.94873,4226.153809,4178.717772999999,4212.820313,4222.179688,4220.512695,4206.025879,4224.102539,4240.128418,4202.820313,4240.769043,4243.333496
3937.3076170000004,4223.717772999999,4209.871582,4222.563965,4173.205078,4219.358886999999,4226.538574,4225.512695,4204.871582,4222.179688,4240.256348,4199.743652,4239.743652,4235.641113000001
3928.8461909999996,4213.461426,4199.487305,4215.512695,4166.794922,4207.820313,4207.436035,4213.846191,4196.025879,4207.94873,4222.307617,4188.461426,4222.05127,4221.922852000001
3926.4101560000004,4204.615234000001,4200.641113000001,4215.256348,4171.666504,4197.94873,4195.641113000001,4200.256348,4193.077147999999,4204.871582,4213.205078,4183.333496,4211.794922,4219.871582
3933.5898439999996,4207.307617,4207.563965,4219.743652,4179.615234000001,4203.717772999999,4203.077147999999,4204.230957,4202.820313,4210.256348,4217.820313,4188.589844,4219.871582,4222.94873
3936.025635,4208.717772999999,4205.641113000001,4219.871582,4180.512695,4206.666504,4204.615234000001,4196.410156,4201.666504,4203.717772999999,4215.256348,4192.179688,4221.282227000001,4216.282227000001
3930.512939,4200.897461,4199.358886999999,4215.0,4179.358886999999,4204.102539,4201.922852000001,4182.820313,4187.307617,4192.94873,4203.333496,4184.487305,4204.487305,4206.282227000001
3929.615479,4192.692383,4199.487305,4210.769043,4175.128418,4198.461426,4211.282227000001,4206.538574,4192.05127,4196.025879,4200.384765999999,4181.922852000001,4197.94873,4206.025879
3935.0,4196.153809,4204.743652,4213.461426,4171.794922,4193.589844,4223.846191,4230.256348,4208.717772999999,4203.205078,4209.615234000001,4188.333496,4210.0,4213.461426
3941.1538090000004,4205.0,4206.153809,4218.077147999999,4179.487305,4201.794922,4222.94873,4220.897461,4205.897461,4199.230957,4216.282227000001,4189.230957,4212.94873,4217.179688
3949.615479,4209.743652,4203.333496,4217.05127,4191.794922,4215.897461,4212.820313,4214.743652,4196.410156,4200.256348,4218.205078,4190.128418,4209.487305,4218.333496
3957.9487299999996,4212.692383,4204.871582,4218.333496,4197.307617,4219.743652,4215.641113000001,4217.179688,4205.0,4216.025879,4227.436035,4199.871582,4224.871582,4224.230957
3958.5898439999996,4208.846191,4204.230957,4218.717772999999,4196.666504,4217.692383,4222.94873,4206.410156,4213.077147999999,4225.897461,4237.05127,4202.307617,4238.589844,4229.230957
3961.281982,4208.846191,4202.307617,4218.974121,4200.769043,4216.666504,4214.358886999999,4206.538574,4214.358886999999,4228.461426,4237.436035,4199.615234000001,4234.230957,4231.794922
3964.743652,4211.025879,4200.512695,4218.589844,4205.256348,4220.0,4201.538574,4210.897461,4213.333496,4222.436035,4228.333496,4198.333496,4220.641113000001,4229.230957
3953.718018,4195.128418,4190.128418,4207.05127,4206.025879,4231.794922,4200.128418,4193.461426,4198.717772999999,4202.820313,4207.563965,4181.666504,4198.974121,4211.025879
3950.256348,4180.256348,4188.461426,4199.615234000001,4204.487305,4229.230957,4203.333496,4187.436035,4194.615234000001,4197.820313,4197.692383,4168.974121,4191.282227000001,4199.230957
3962.5642090000006,4187.692383,4200.256348,4206.922852000001,4197.179688,4200.769043,4208.205078,4199.615234000001,4206.410156,4211.410156,4211.794922,4179.358886999999,4208.461426,4207.563965
3968.8461909999996,4198.333496,4205.641113000001,4212.05127,4198.461426,4188.717772999999,4215.128418,4199.487305,4204.743652,4212.563965,4220.384765999999,4185.769043,4218.333496,4211.922852000001
3968.8461909999996,4193.461426,4203.205078,4209.615234000001,4205.769043,4201.410156,4209.743652,4198.333496,4197.820313,4202.94873,4211.025879,4179.102539,4208.461426,4206.666504
3973.076904,4190.384765999999,4204.358886999999,4211.025879,4200.384765999999,4202.820313,4194.615234000001,4206.666504,4203.846191,4204.743652,4210.256348,4179.358886999999,4205.897461,4210.384765999999
3983.205078,4199.358886999999,4210.0,4217.820313,4202.94873,4196.282227000001,4193.589844,4208.077147999999,4210.0,4214.743652,4220.256348,4185.897461,4213.333496,4219.487305
3986.1538090000004,4204.871582,4208.077147999999,4218.077147999999,4220.128418,4201.153809,4204.743652,4202.94873,4208.205078,4217.692383,4215.769043,4182.563965,4208.589844,4214.615234000001
3977.179443,4199.871582,4192.307617,4211.538574,4222.94873,4214.358886999999,4213.461426,4205.256348,4208.589844,4214.487305,4205.769043,4173.205078,4199.358886999999,4205.897461
3972.820557,4195.641113000001,4177.94873,4206.153809,4218.717772999999,4220.769043,4214.358886999999,4210.0,4213.077147999999,4215.641113000001,4210.384765999999,4171.153809,4203.461426,4208.461426
3980.1281740000004,4201.153809,4181.794922,4208.077147999999,4226.922852000001,4209.743652,4208.205078,4218.333496,4225.384765999999,4228.461426,4220.897461,4179.615234000001,4216.922852000001,4215.384765999999
3984.102539,4202.94873,4190.384765999999,4211.410156,4227.436035,4196.538574,4204.230957,4233.717772999999,4232.820313,4235.384765999999,4222.820313,4187.692383,4222.692383,4213.974121
3981.6667479999996,4198.077147999999,4190.769043,4209.743652,4217.05127,4200.512695,4210.384765999999,4224.358886999999,4214.230957,4222.436035,4216.282227000001,4183.846191,4217.563965,4209.615234000001
3985.897461,4197.820313,4195.0,4211.282227000001,4217.307617,4210.256348,4213.333496,4187.692383,4191.922852000001,4209.102539,4212.307617,4178.717772999999,4213.589844,4212.436035
3988.974365,4196.794922,4199.102539,4213.461426,4219.487305,4202.436035,4203.461426,4162.563965,4183.589844,4203.461426,4208.077147999999,4178.589844,4210.0,4209.358886999999
3985.7692869999996,4188.333496,4196.025879,4210.256348,4212.179688,4186.922852000001,4195.128418,4161.153809,4174.487305,4191.922852000001,4197.94873,4176.410156,4202.820313,4200.641113000001
3991.923096,4189.743652,4201.282227000001,4211.794922,4208.205078,4187.307617,4197.563965,4166.153809,4171.410156,4187.179688,4198.461426,4177.94873,4203.077147999999,4206.794922
4003.461426,4200.128418,4208.589844,4218.333496,4211.153809,4197.436035,4199.871582,4170.384765999999,4183.333496,4196.922852000001,4208.846191,4184.230957,4209.743652,4215.384765999999
4004.8718259999996,4198.077147999999,4200.384765999999,4217.436035,4221.410156,4207.820313,4202.94873,4189.487305,4195.256348,4199.487305,4205.641113000001,4182.94873,4207.820313,4209.102539
4000.897461,4199.743652,4191.153809,4217.563965,4235.512695,4215.0,4213.589844,4215.641113000001,4204.615234000001,4206.410156,4200.897461,4178.846191,4209.102539,4206.153809
4003.3332520000004,4212.94873,4193.333496,4222.820313,4236.922852000001,4211.410156,4223.717772999999,4226.922852000001,4218.461426,4224.358886999999,4208.717772999999,4184.102539,4219.871582,4213.846191
4008.974365,4216.025879,4196.153809,4223.974121,4234.358886999999,4213.717772999999,4230.512695,4234.102539,4233.461426,4234.358886999999,4215.512695,4192.179688,4225.641113000001,4221.410156
4011.794922,4210.641113000001,4196.025879,4222.692383,4237.179688,4224.743652,4234.871582,4247.436035,4239.743652,4237.563965,4217.820313,4193.717772999999,4228.333496,4225.769043
4006.025635,4204.358886999999,4192.436035,4219.230957,4223.077147999999,4219.230957,4233.974121,4241.666504,4227.436035,4232.05127,4214.615234000001,4186.922852000001,4225.128418,4220.897461
3990.384521,4192.05127,4183.205078,4210.0,4205.641113000001,4202.692383,4230.256348,4218.846191,4210.256348,4214.358886999999,4199.615234000001,4176.282227000001,4208.589844,4207.05127
3983.076904,4180.769043,4180.256348,4202.179688,4206.666504,4194.358886999999,4220.256348,4206.025879,4202.307617,4203.974121,4188.333496,4172.820313,4194.102539,4199.615234000001
3994.8718259999996,4184.487305,4192.94873,4207.179688,4209.743652,4205.384765999999,4213.974121,4205.769043,4203.205078,4211.538574,4195.512695,4177.563965,4198.205078,4208.205078
4009.358887,4187.05127,4205.769043,4215.0,4208.717772999999,4216.025879,4214.743652,4202.307617,4204.487305,4213.333496,4201.666504,4180.641113000001,4208.333496,4218.717772999999
4015.641113,4188.589844,4204.615234000001,4216.153809,4212.307617,4199.230957,4205.0,4190.897461,4202.436035,4209.102539,4199.230957,4181.025879,4211.794922,4222.563965
4019.615479,4201.410156,4203.333496,4221.410156,4218.077147999999,4192.05127,4195.641113000001,4191.025879,4207.692383,4216.025879,4203.205078,4182.820313,4215.641113000001,4229.230957
4017.820557,4202.563965,4203.717772999999,4221.922852000001,4223.205078,4217.94873,4197.05127,4206.538574,4215.897461,4218.205078,4204.102539,4182.307617,4214.230957,4232.307617
4017.0512700000004,4195.0,4199.615234000001,4216.282227000001,4231.922852000001,4227.820313,4197.307617,4217.94873,4218.717772999999,4215.128418,4202.692383,4181.794922,4215.384765999999,4227.820313
4028.076904,4202.94873,4199.102539,4219.871582,4232.179688,4212.563965,4198.974121,4216.410156,4221.666504,4221.922852000001,4212.94873,4184.230957,4227.179688,4231.410156
4038.718018,4211.794922,4200.769043,4224.871582,4221.153809,4208.333496,4207.820313,4216.025879,4224.102539,4230.897461,4222.436035,4188.846191,4230.512695,4240.256348
4035.256348,4205.0,4197.94873,4218.077147999999,4217.307617,4214.358886999999,4219.487305,4216.538574,4216.538574,4226.794922,4217.05127,4189.230957,4219.743652,4233.717772999999
4022.0512700000004,4190.384765999999,4186.922852000001,4206.025879,4219.230957,4214.743652,4224.743652,4202.692383,4202.436035,4211.538574,4206.538574,4183.974121,4207.94873,4215.641113000001
4021.538574,4183.461426,4185.512695,4205.128418,4221.538574,4213.846191,4215.256348,4198.717772999999,4204.615234000001,4210.897461,4210.769043,4185.128418,4210.128418,4214.743652
4030.1281740000004,4189.487305,4198.589844,4212.94873,4223.205078,4208.846191,4199.871582,4211.794922,4215.0,4223.333496,4223.846191,4187.436035,4219.102539,4225.128418
4025.256348,4194.487305,4202.563965,4213.589844,4216.538574,4197.179688,4203.974121,4213.077147999999,4209.615234000001,4220.384765999999,4222.436035,4181.025879,4215.256348,4220.512695
4022.4357909999994,4194.358886999999,4200.512695,4213.077147999999,4210.0,4194.230957,4217.563965,4204.615234000001,4202.307617,4212.820313,4217.307617,4180.384765999999,4211.922852000001,4216.282227000001
4029.615479,4194.743652,4202.692383,4215.512695,4215.256348,4198.333496,4205.0,4202.05127,4201.025879,4211.025879,4217.05127,4182.05127,4213.333496,4219.871582
4033.076904,4196.282227000001,4205.0,4216.282227000001,4220.0,4195.384765999999,4191.922852000001,4192.179688,4195.641113000001,4204.743652,4215.256348,4178.205078,4210.384765999999,4218.077147999999
4039.8718259999996,4207.94873,4206.410156,4220.897461,4221.410156,4197.563965,4201.410156,4185.897461,4201.538574,4211.538574,4221.538574,4184.487305,4218.717772999999,4225.256348
4048.205078,4220.0,4206.410156,4229.743652,4229.358886999999,4214.615234000001,4207.05127,4203.974121,4219.487305,4230.897461,4229.102539,4191.410156,4234.230957,4237.820313
4044.102539,4217.692383,4201.153809,4230.769043,4237.179688,4226.025879,4205.512695,4217.307617,4224.102539,4232.179688,4223.974121,4182.692383,4233.333496,4229.358886999999
4040.512939,4210.256348,4195.128418,4219.615234000001,4232.05127,4216.282227000001,4207.692383,4226.922852000001,4225.641113000001,4225.0,4222.436035,4179.230957,4225.641113000001,4220.897461
4048.5898439999996,4208.846191,4197.307617,4214.615234000001,4224.358886999999,4213.205078,4210.128418,4244.487305,4237.05127,4227.307617,4229.102539,4189.615234000001,4222.692383,4235.128418
4055.7692869999996,4213.205078,4205.0,4222.436035,4229.871582,4229.743652,4217.94873,4229.615234000001,4230.256348,4226.025879,4231.538574,4194.743652,4215.128418,4244.871582
4053.974365,4212.436035,4208.717772999999,4222.05127,4230.641113000001,4229.102539,4229.743652,4195.897461,4211.282227000001,4216.538574,4229.358886999999,4189.102539,4203.333496,4235.256348
4051.4101560000004,4205.769043,4206.922852000001,4213.974121,4222.94873,4212.94873,4227.436035,4195.0,4210.512695,4211.794922,4227.563965,4185.769043,4199.871582,4226.153809
4051.025635,4199.871582,4207.179688,4214.102539,4224.230957,4213.846191,4222.307617,4212.94873,4216.922852000001,4213.333496,4224.871582,4190.256348,4201.794922,4226.410156
4050.897461,4199.743652,4210.128418,4217.563965,4226.794922,4216.153809,4223.846191,4221.922852000001,4215.0,4215.128418,4224.743652,4195.512695,4203.717772999999,4228.077147999999
4054.358887,4207.820313,4213.333496,4219.743652,4223.077147999999,4205.0,4221.153809,4215.384765999999,4210.641113000001,4216.666504,4227.94873,4194.358886999999,4205.641113000001,4225.897461
4058.3332520000004,4211.410156,4212.563965,4221.922852000001,4225.128418,4200.256348,4209.743652,4183.717772999999,4199.743652,4212.94873,4223.974121,4188.333496,4199.358886999999,4217.563965
4058.3332520000004,4209.615234000001,4206.410156,4219.102539,4231.922852000001,4203.717772999999,4192.563965,4168.846191,4195.0,4209.615234000001,4218.461426,4184.102539,4197.692383,4213.974121
4056.923096,4209.871582,4201.153809,4213.333496,4226.922852000001,4205.897461,4192.94873,4206.153809,4215.512695,4217.692383,4224.487305,4184.871582,4207.436035,4219.358886999999
4053.974365,4206.410156,4197.94873,4209.102539,4220.897461,4213.589844,4207.436035,4226.410156,4225.0,4221.025879,4228.846191,4186.538574,4208.974121,4220.769043
4052.9487299999996,4202.563965,4196.666504,4210.0,4228.846191,4224.358886999999,4212.05127,4218.205078,4218.974121,4218.077147999999,4225.769043,4185.384765999999,4203.589844,4219.743652
4060.384521,4207.692383,4200.769043,4213.974121,4230.641113000001,4223.974121,4209.358886999999,4237.436035,4235.128418,4228.717772999999,4228.333496,4189.358886999999,4212.692383,4226.666504
4067.820557,4214.487305,4207.307617,4214.871582,4221.282227000001,4222.94873,4220.0,4248.974121,4248.077147999999,4241.666504,4235.512695,4197.179688,4227.692383,4231.922852000001
4064.102539,4209.487305,4206.410156,4211.666504,4218.717772999999,4226.794922,4237.307617,4226.410156,4234.230957,4233.974121,4231.282227000001,4194.230957,4223.333496,4226.538574
4061.025635,4203.589844,4202.820313,4212.179688,4223.846191,4220.897461,4229.871582,4214.615234000001,4220.641113000001,4219.102539,4221.666504,4187.307617,4208.333496,4222.94873
4067.3076170000004,4208.846191,4208.333496,4218.461426,4225.128418,4210.512695,4209.743652,4215.128418,4214.615234000001,4217.563965,4223.461426,4186.922852000001,4205.384765999999,4225.512695
4070.897461,4215.0,4213.589844,4223.077147999999,4222.563965,4208.846191,4205.128418,4203.589844,4207.563965,4222.05127,4227.94873,4187.05127,4210.512695,4226.025879
4067.5642090000006,4212.307617,4212.820313,4224.615234000001,4225.384765999999,4209.743652,4213.589844,4197.436035,4208.846191,4220.512695,4223.846191,4187.05127,4207.692383,4224.871582
4068.076904,4209.230957,4212.179688,4226.025879,4235.769043,4207.94873,4211.153809,4189.487305,4207.820313,4217.307617,4220.128418,4190.641113000001,4203.974121,4223.461426
4070.641113,4210.769043,4210.897461,4224.871582,4236.922852000001,4203.717772999999,4198.589844,4175.384765999999,4202.307617,4220.512695,4223.589844,4193.717772999999,4208.589844,4221.666504
4071.025635,4215.384765999999,4211.410156,4225.0,4227.820313,4205.256348,4211.410156,4201.282227000001,4221.153809,4228.205078,4228.846191,4196.025879,4212.820313,4225.512695
4069.8718259999996,4217.179688,4210.641113000001,4225.0,4231.410156,4219.615234000001,4232.436035,4226.410156,4231.282227000001,4226.410156,4229.743652,4193.974121,4213.333496,4229.102539
4068.3332520000004,4210.769043,4201.538574,4218.974121,4242.94873,4231.410156,4222.563965,4208.846191,4213.974121,4218.461426,4228.333496,4184.743652,4210.256348,4220.641113000001
4076.281982,4211.410156,4201.282227000001,4219.230957,4243.077147999999,4231.153809,4218.974121,4228.589844,4239.487305,4232.820313,4235.128418,4184.358886999999,4212.436035,4219.102539
4085.0,4218.205078,4212.94873,4225.128418,4232.307617,4231.794922,4243.717772999999,4269.358886999999,4275.641113000001,4249.871582,4242.820313,4191.922852000001,4217.820313,4228.461426
4079.8718259999996,4216.666504,4216.282227000001,4222.94873,4229.743652,4230.769043,4246.538574,4235.0,4237.05127,4238.333496,4238.974121,4190.128418,4214.871582,4230.0
4075.897461,4213.589844,4215.0,4221.153809,4238.589844,4222.307617,4227.179688,4201.794922,4205.512695,4228.077147999999,4237.179688,4188.589844,4212.05127,4228.077147999999
4082.3076170000004,4213.717772999999,4220.128418,4222.436035,4239.487305,4220.0,4233.717772999999,4240.0,4241.282227000001,4236.538574,4243.461426,4195.897461,4217.692383,4230.641113000001
4086.4101560000004,4215.256348,4223.846191,4222.179688,4237.563965,4225.897461,4243.846191,4254.102539,4252.307617,4241.538574,4246.538574,4201.153809,4223.205078,4233.205078
4083.8461909999996,4212.307617,4216.922852000001,4219.871582,4237.307617,4219.743652,4229.487305,4212.179688,4214.743652,4231.794922,4240.128418,4195.384765999999,4215.256348,4228.846191
4078.461426,4204.615234000001,4202.94873,4214.358886999999,4229.615234000001,4210.0,4226.410156,4192.436035,4202.436035,4217.94873,4229.487305,4186.025879,4201.153809,4222.563965
4076.538574,4206.794922,4200.0,4213.846191,4230.256348,4217.563965,4229.358886999999,4201.794922,4217.820313,4217.94873,4230.128418,4185.512695,4204.230957,4223.974121
4083.8461909999996,4219.615234000001,4212.179688,4221.794922,4243.846191,4223.846191,4207.563965,4211.282227000001,4230.0,4235.384765999999,4241.666504,4194.743652,4222.692383,4233.077147999999
4090.1281740000004,4219.871582,4216.666504,4223.717772999999,4244.230957,4221.153809,4209.743652,4226.538574,4238.974121,4244.230957,4245.128418,4199.615234000001,4228.974121,4237.563965
4086.6667479999996,4208.589844,4206.282227000001,4216.282227000001,4229.743652,4222.179688,4243.205078,4234.487305,4236.025879,4229.358886999999,4235.256348,4193.846191,4219.743652,4231.666504
4092.3076170000004,4211.538574,4204.358886999999,4215.256348,4230.512695,4223.205078,4237.307617,4233.077147999999,4233.846191,4225.256348,4233.846191,4192.436035,4223.461426,4233.077147999999
4106.922852000001,4222.820313,4215.256348,4222.820313,4244.102539,4223.205078,4214.615234000001,4241.538574,4248.077147999999,4243.077147999999,4246.922852000001,4200.256348,4240.256348,4241.794922
4102.436035,4216.666504,4215.0,4221.538574,4240.0,4220.769043,4236.666504,4256.666504,4249.743652,4240.512695,4243.333496,4199.487305,4235.0,4233.717772999999
4094.487061,4207.05127,4208.589844,4217.692383,4230.384765999999,4216.922852000001,4254.615234000001,4258.846191,4238.205078,4224.102539,4228.077147999999,4190.769043,4219.871582,4217.436035
4106.282227000001,4214.102539,4214.871582,4223.589844,4235.512695,4224.743652,4236.538574,4233.461426,4234.487305,4228.974121,4228.205078,4188.589844,4224.743652,4218.205078
4113.461426,4219.230957,4220.897461,4227.307617,4241.282227000001,4235.769043,4235.897461,4211.666504,4230.128418,4233.461426,4232.307617,4189.615234000001,4227.436035,4219.615234000001
4106.538574,4212.563965,4217.692383,4222.563965,4239.615234000001,4231.153809,4247.563965,4218.974121,4220.256348,4223.974121,4224.871582,4187.692383,4214.487305,4209.871582
4104.615234000001,4205.897461,4213.717772999999,4217.692383,4238.461426,4221.922852000001,4228.077147999999,4217.692383,4215.384765999999,4217.563965,4218.461426,4184.487305,4204.871582,4208.717772999999
4109.358886999999,4206.153809,4215.641113000001,4219.615234000001,4239.871582,4225.128418,4211.666504,4205.641113000001,4218.333496,4214.230957,4220.512695,4184.102539,4205.384765999999,4214.871582
4111.794922,4211.794922,4220.641113000001,4222.563965,4237.307617,4223.717772999999,4229.230957,4213.717772999999,4223.461426,4213.846191,4225.384765999999,4190.384765999999,4209.358886999999,4219.230957
4113.205078,4214.615234000001,4219.230957,4217.307617,4228.077147999999,4213.333496,4243.589844,4228.974121,4232.179688,4222.307617,4230.897461,4198.717772999999,4218.846191,4227.692383
4117.05127,4216.922852000001,4215.0,4214.743652,4230.641113000001,4219.743652,4235.128418,4232.94873,4244.102539,4233.077147999999,4237.05127,4201.410156,4235.128418,4238.333496
4122.563965,4222.820313,4217.94873,4222.179688,4246.922852000001,4233.846191,4225.128418,4230.256348,4249.230957,4240.128418,4244.358886999999,4200.641113000001,4247.05127,4241.538574
4123.589844,4227.307617,4220.897461,4227.307617,4248.717772999999,4230.0,4228.589844,4229.743652,4247.94873,4248.205078,4246.538574,4199.230957,4247.94873,4237.563965
4112.820313,4216.153809,4214.615234000001,4220.384765999999,4232.820313,4218.077147999999,4236.282227000001,4238.589844,4245.0,4245.641113000001,4233.846191,4190.512695,4231.666504,4227.179688
4096.410156,4197.563965,4206.025879,4208.205078,4224.743652,4216.282227000001,4230.0,4231.410156,4232.179688,4223.077147999999,4214.102539,4175.384765999999,4204.871582,4209.102539
4092.820557,4195.0,4205.897461,4206.410156,4231.666504,4219.743652,4215.769043,4220.512695,4221.282227000001,4209.743652,4208.333496,4170.512695,4200.384765999999,4200.512695
4097.820313,4199.358886999999,4206.922852000001,4205.897461,4235.897461,4216.282227000001,4212.05127,4231.025879,4221.025879,4214.743652,4214.102539,4178.333496,4213.077147999999,4206.922852000001
4097.563965,4195.384765999999,4206.410156,4201.922852000001,4228.589844,4213.461426,4226.794922,4217.820313,4212.563965,4214.743652,4215.0,4179.487305,4214.871582,4212.179688
4099.871582,4191.410156,4208.205078,4207.563965,4226.410156,4217.179688,4232.94873,4186.025879,4205.128418,4210.384765999999,4214.871582,4174.743652,4212.307617,4211.025879
4108.461426,4199.358886999999,4212.692383,4215.641113000001,4240.769043,4215.0,4206.538574,4195.384765999999,4217.94873,4216.538574,4217.94873,4180.769043,4221.153809,4214.871582
4115.512695,4213.077147999999,4220.256348,4218.846191,4251.666504,4210.0,4191.282227000001,4220.0,4233.589844,4230.0,4226.282227000001,4192.307617,4236.666504,4226.153809
4111.025879,4208.461426,4215.0,4213.205078,4239.615234000001,4215.641113000001,4220.897461,4213.717772999999,4225.769043,4226.794922,4226.153809,4186.666504,4231.794922,4223.461426
4105.897461,4194.487305,4201.666504,4205.897461,4227.692383,4222.179688,4240.641113000001,4212.820313,4214.871582,4213.717772999999,4216.025879,4174.230957,4214.615234000001,4212.94873
4122.563965,4207.436035,4213.077147999999,4215.641113000001,4235.128418,4214.487305,4217.94873,4236.282227000001,4230.128418,4224.615234000001,4226.666504,4183.846191,4228.077147999999,4225.897461
4142.563965,4230.0,4233.846191,4231.794922,4241.153809,4204.487305,4204.615234000001,4245.384765999999,4248.974121,4247.820313,4248.461426,4201.282227000001,4255.128418,4247.692383
4137.179688,4223.974121,4229.743652,4228.974121,4238.205078,4212.692383,4222.179688,4237.94873,4245.0,4248.205078,4247.05127,4198.974121,4251.025879,4245.128418
4121.282227000001,4204.615234000001,4212.692383,4215.384765999999,4238.461426,4225.128418,4230.897461,4222.820313,4227.179688,4231.410156,4231.666504,4182.179688,4231.153809,4227.820313
4115.0,4195.384765999999,4204.871582,4208.461426,4240.897461,4221.666504,4222.05127,4213.717772999999,4213.974121,4216.282227000001,4217.436035,4173.205078,4221.794922,4215.384765999999
4112.94873,4193.717772999999,4205.128418,4206.025879,4241.410156,4220.512695,4224.871582,4228.717772999999,4215.128418,4207.94873,4203.333496,4170.512695,4213.077147999999,4210.384765999999
4111.922852000001,4194.358886999999,4205.128418,4205.769043,4238.205078,4225.897461,4229.102539,4231.666504,4219.230957,4207.307617,4199.487305,4166.922852000001,4209.871582,4212.563965
4111.025879,4192.563965,4202.563965,4205.256348,4229.871582,4219.615234000001,4217.820313,4200.897461,4211.025879,4207.820313,4201.794922,4165.256348,4221.922852000001,4212.692383
4109.871582,4188.333496,4203.461426,4203.461426,4226.025879,4209.487305,4211.794922,4190.769043,4205.384765999999,4207.179688,4196.282227000001,4166.538574,4228.205078,4213.077147999999
4115.769043,4188.589844,4206.282227000001,4204.230957,4227.05127,4212.436035,4220.128418,4212.436035,4211.025879,4208.077147999999,4193.461426,4170.128418,4218.333496,4220.512695
4122.307617,4192.692383,4203.846191,4205.769043,4229.871582,4221.666504,4223.974121,4220.0,4214.230957,4208.461426,4196.538574,4169.102539,4207.692383,4223.846191
4121.282227000001,4191.282227000001,4198.205078,4204.102539,4227.05127,4220.0,4220.641113000001,4219.358886999999,4214.230957,4205.128418,4194.230957,4163.333496,4201.922852000001,4216.922852000001
4121.538574,4185.256348,4195.128418,4203.974121,4214.615234000001,4210.384765999999,4225.897461,4231.666504,4219.102539,4202.563965,4193.846191,4162.820313,4201.538574,4216.538574
4126.410156,4186.922852000001,4192.563965,4206.538574,4209.230957,4212.307617,4227.179688,4235.897461,4223.974121,4208.717772999999,4201.025879,4167.05127,4212.307617,4227.436035
4133.333496,4194.358886999999,4195.256348,4207.05127,4212.179688,4221.282227000001,4217.94873,4232.179688,4227.307617,4217.692383,4210.769043,4169.358886999999,4226.025879,4235.512695
4137.820313,4191.025879,4201.153809,4200.897461,4210.769043,4225.128418,4225.128418,4233.077147999999,4225.256348,4211.282227000001,4211.153809,4167.179688,4224.487305,4234.487305
4135.256348,4180.641113000001,4198.333496,4192.94873,4211.794922,4223.205078,4230.769043,4221.410156,4209.358886999999,4192.05127,4200.897461,4162.692383,4210.256348,4227.94873
4141.666504,4185.641113000001,4200.128418,4201.666504,4220.512695,4220.769043,4206.282227000001,4202.563965,4207.307617,4200.0,4204.102539,4166.666504,4210.384765999999,4229.487305
4148.461426,4199.230957,4206.025879,4216.794922,4225.384765999999,4220.897461,4188.589844,4199.871582,4223.205078,4223.205078,4220.128418,4172.563965,4225.769043,4236.538574
4134.102539,4195.128418,4195.641113000001,4208.846191,4220.0,4218.461426,4198.717772999999,4198.589844,4214.615234000001,4211.666504,4215.384765999999,4162.307617,4223.589844,4230.0
4124.743652,4185.897461,4185.512695,4193.846191,4211.922852000001,4209.743652,4204.743652,4192.179688,4197.692383,4193.461426,4205.384765999999,4154.102539,4209.102539,4222.692383
4134.615234000001,4186.153809,4192.563965,4195.512695,4205.769043,4199.615234000001,4200.641113000001,4197.436035,4204.615234000001,4200.641113000001,4210.641113000001,4162.05127,4210.512695,4227.820313
4141.153809,4188.846191,4200.769043,4198.717772999999,4206.153809,4199.871582,4200.641113000001,4201.794922,4203.589844,4204.230957,4208.717772999999,4162.436035,4218.461426,4232.179688
4143.589844,4190.769043,4200.769043,4196.282227000001,4212.307617,4207.820313,4205.128418,4196.666504,4192.307617,4197.307617,4204.487305,4155.897461,4216.282227000001,4229.743652
4151.922852000001,4193.205078,4199.743652,4196.410156,4214.743652,4208.717772999999,4210.384765999999,4209.487305,4205.384765999999,4200.641113000001,4211.153809,4162.05127,4211.666504,4228.461426
4159.743652,4201.794922,4202.563965,4201.282227000001,4218.589844,4215.384765999999,4224.487305,4231.282227000001,4226.282227000001,4212.05127,4218.461426,4171.922852000001,4220.256348,4234.102539
4162.307617,4209.358886999999,4210.128418,4206.922852000001,4227.436035,4231.153809,4236.538574,4230.769043,4228.205078,4217.307617,4223.717772999999,4173.205078,4234.871582,4238.589844
4155.384765999999,4202.820313,4209.487305,4203.974121,4224.230957,4229.487305,4225.384765999999,4219.871582,4219.743652,4211.666504,4221.153809,4170.897461,4230.897461,4229.358886999999
4146.282227000001,4194.871582,4204.871582,4201.922852000001,4215.384765999999,4212.563965,4206.794922,4224.230957,4219.743652,4208.974121,4217.563965,4170.256348,4222.563965,4220.641113000001
4144.230957,4196.666504,4210.128418,4205.641113000001,4213.974121,4204.230957,4202.307617,4224.871582,4221.025879,4216.153809,4221.794922,4170.256348,4228.333496,4225.384765999999
4140.128418,4194.102539,4211.025879,4200.512695,4211.282227000001,4202.820313,4204.743652,4212.179688,4213.589844,4214.871582,4223.846191,4168.461426,4225.769043,4228.205078
4139.871582,4188.589844,4207.563965,4196.153809,4204.102539,4201.025879,4204.358886999999,4211.666504,4207.436035,4206.666504,4221.922852000001,4170.512695,4212.692383,4227.820313
4153.077147999999,4196.666504,4213.333496,4208.846191,4210.0,4205.512695,4200.0,4209.871582,4206.794922,4209.487305,4226.538574,4180.256348,4212.94873,4237.05127
4161.794922,4204.871582,4218.589844,4217.563965,4219.230957,4210.897461,4197.692383,4193.333496,4203.333496,4216.410156,4231.794922,4188.205078,4220.0,4244.871582
4156.153809,4195.384765999999,4212.820313,4205.512695,4208.589844,4206.922852000001,4203.589844,4191.794922,4197.563965,4213.205078,4228.333496,4186.538574,4215.128418,4238.205078
4151.410156,4185.641113000001,4205.897461,4197.563965,4200.769043,4200.641113000001,4207.179688,4211.025879,4200.897461,4207.307617,4225.128418,4182.307617,4212.563965,4230.0
4150.641113000001,4193.077147999999,4202.692383,4204.487305,4210.512695,4204.487305,4202.05127,4216.538574,4206.538574,4207.820313,4222.05127,4179.230957,4216.794922,4229.487305
4141.922852000001,4196.922852000001,4193.846191,4203.077147999999,4213.077147999999,4209.743652,4199.615234000001,4206.025879,4206.153809,4206.666504,4211.922852000001,4172.563965,4206.666504,4222.563965
4137.436035,4192.692383,4194.743652,4199.615234000001,4211.410156,4211.410156,4206.922852000001,4215.641113000001,4213.077147999999,4210.0,4209.743652,4169.102539,4199.230957,4214.615234000001
4140.384765999999,4192.436035,4204.358886999999,4204.871582,4213.077147999999,4214.487305,4213.846191,4232.563965,4222.307617,4214.102539,4213.846191,4169.230957,4205.897461,4213.717772999999
4135.897461,4192.05127,4201.666504,4205.0,4209.871582,4211.282227000001,4206.538574,4232.179688,4222.179688,4209.615234000001,4212.179688,4167.179688,4204.743652,4210.512695
4127.692383,4191.282227000001,4195.384765999999,4201.794922,4207.179688,4212.307617,4208.333496,4223.205078,4215.256348,4203.717772999999,4207.692383,4165.769043,4195.384765999999,4205.897461
4119.615234000001,4184.743652,4191.538574,4195.769043,4202.563965,4216.538574,4222.179688,4218.077147999999,4203.333496,4190.897461,4196.794922,4160.384765999999,4185.384765999999,4199.358886999999
4126.153809,4187.692383,4195.641113000001,4196.794922,4203.846191,4213.077147999999,4210.769043,4222.436035,4203.077147999999,4190.769043,4194.871582,4162.436035,4189.871582,4199.615234000001
4150.512695,4211.153809,4214.487305,4214.102539,4216.922852000001,4210.641113000001,4184.487305,4217.692383,4216.410156,4217.307617,4218.077147999999,4179.743652,4218.846191,4218.846191
4160.384765999999,4219.743652,4226.922852000001,4223.461426,4218.846191,4211.794922,4183.974121,4193.205078,4213.205078,4229.487305,4233.974121,4192.179688,4237.05127,4236.153809
4151.025879,4205.641113000001,4221.025879,4213.205078,4209.615234000001,4210.641113000001,4194.487305,4177.94873,4198.205078,4215.512695,4225.769043,4191.025879,4223.333496,4231.538574
4145.384765999999,4193.589844,4213.077147999999,4199.871582,4206.922852000001,4199.871582,4191.922852000001,4188.846191,4191.410156,4201.410156,4211.538574,4183.077147999999,4204.102539,4218.589844
4146.666504,4192.179688,4208.846191,4194.230957,4211.922852000001,4198.461426,4195.897461,4197.692383,4189.358886999999,4194.743652,4203.717772999999,4174.358886999999,4199.358886999999,4212.820313
4147.563965,4198.205078,4203.717772999999,4196.025879,4215.769043,4213.589844,4207.307617,4200.256348,4196.153809,4199.230957,4208.077147999999,4174.230957,4206.025879,4215.0
4147.563965,4200.641113000001,4205.128418,4200.897461,4209.615234000001,4217.692383,4215.769043,4211.794922,4206.410156,4210.256348,4216.410156,4178.846191,4210.897461,4216.922852000001
4142.692383,4191.666504,4208.589844,4197.94873,4202.05127,4212.692383,4216.922852000001,4217.307617,4208.846191,4208.846191,4209.615234000001,4173.717772999999,4202.05127,4211.538574
4130.897461,4180.769043,4199.743652,4190.512695,4205.0,4216.794922,4202.179688,4208.589844,4205.128418,4197.179688,4192.94873,4163.717772999999,4187.820313,4198.205078
4124.358886999999,4178.846191,4189.871582,4188.077147999999,4206.922852000001,4223.205078,4204.230957,4202.436035,4197.307617,4190.512695,4186.282227000001,4159.230957,4182.94873,4188.974121
4127.692383,4184.230957,4196.410156,4193.205078,4203.846191,4215.641113000001,4218.974121,4213.205078,4200.128418,4195.769043,4193.717772999999,4164.102539,4187.307617,4195.512695
4134.487305,4191.922852000001,4207.436035,4202.820313,4206.794922,4205.897461,4201.538574,4215.641113000001,4211.794922,4201.922852000001,4203.077147999999,4175.256348,4191.282227000001,4208.077147999999
4146.282227000001,4204.487305,4215.641113000001,4210.512695,4213.846191,4211.666504,4182.563965,4197.692383,4210.384765999999,4204.102539,4213.461426,4187.179688,4203.461426,4219.871582
4158.077147999999,4210.897461,4224.358886999999,4210.897461,4216.794922,4221.922852000001,4190.0,4183.717772999999,4201.410156,4209.487305,4224.230957,4194.230957,4217.563965,4230.0
4158.589844,4203.333496,4223.205078,4203.846191,4211.794922,4217.307617,4190.641113000001,4175.641113000001,4200.128418,4209.871582,4226.282227000001,4193.717772999999,4213.333496,4230.384765999999
4155.256348,4199.615234000001,4216.025879,4202.692383,4206.666504,4203.846191,4185.128418,4175.641113000001,4204.487305,4206.538574,4224.743652,4192.179688,4209.102539,4228.974121
4165.0,4207.94873,4223.589844,4209.743652,4207.820313,4205.0,4193.717772999999,4194.615234000001,4212.05127,4213.333496,4229.102539,4199.743652,4222.307617,4237.179688
4174.871582,4209.615234000001,4232.692383,4211.153809,4208.974121,4214.615234000001,4207.05127,4215.769043,4219.102539,4222.692383,4232.179688,4207.436035,4230.641113000001,4240.897461
4165.512695,4198.333496,4219.871582,4203.589844,4201.410156,4214.487305,4219.102539,4219.358886999999,4219.743652,4220.0,4227.05127,4196.282227000001,4217.05127,4228.717772999999
4146.282227000001,4190.641113000001,4202.05127,4196.922852000001,4200.0,4211.025879,4217.179688,4217.820313,4219.230957,4213.205078,4215.384765999999,4176.538574,4205.512695,4212.820313
4129.487305,4185.384765999999,4194.487305,4194.102539,4210.384765999999,4210.897461,4207.820313,4219.358886999999,4216.538574,4207.179688,4201.410156,4168.205078,4201.410156,4198.333496
4121.538574,4178.077147999999,4191.025879,4190.641113000001,4206.666504,4210.897461,4218.846191,4217.692383,4209.230957,4202.563965,4194.102539,4169.487305,4192.05127,4191.153809
4126.153809,4183.077147999999,4193.077147999999,4194.487305,4200.769043,4215.0,4217.94873,4215.897461,4206.410156,4205.0,4199.871582,4170.128418,4190.769043,4195.641113000001
4136.410156,4191.410156,4200.769043,4202.436035,4211.794922,4222.179688,4190.512695,4199.230957,4197.436035,4204.230957,4206.538574,4171.282227000001,4199.487305,4203.205078
4147.179688,4192.307617,4211.282227000001,4207.692383,4210.897461,4213.974121,4192.436035,4193.717772999999,4193.846191,4203.077147999999,4210.384765999999,4182.05127,4208.717772999999,4215.0
4158.717772999999,4201.666504,4225.769043,4214.615234000001,4200.256348,4197.307617,4213.717772999999,4225.897461,4213.589844,4211.666504,4220.641113000001,4194.358886999999,4220.128418,4230.128418
4165.512695,4213.846191,4230.256348,4217.692383,4208.717772999999,4197.307617,4189.102539,4216.410156,4213.461426,4214.871582,4228.717772999999,4194.615234000001,4228.077147999999,4235.769043
4170.641113000001,4216.153809,4224.615234000001,4217.563965,4221.410156,4207.692383,4160.0,4163.333496,4183.974121,4207.05127,4228.846191,4190.769043,4227.307617,4234.102539
4179.230957,4220.0,4227.692383,4221.794922,4216.794922,4208.461426,4191.153809,4178.333496,4188.461426,4207.179688,4230.0,4196.153809,4226.794922,4237.820313
4183.717772999999,4229.230957,4231.794922,4227.05127,4211.410156,4209.102539,4223.205078,4232.436035,4221.153809,4220.256348,4232.563965,4201.922852000001,4232.563965,4243.205078
4178.077147999999,4228.974121,4223.205078,4225.256348,4217.05127,4223.589844,4214.102539,4232.436035,4232.179688,4231.282227000001,4230.512695,4196.410156,4232.179688,4236.794922
4160.512695,4212.563965,4205.128418,4214.487305,4221.538574,4231.153809,4201.538574,4207.307617,4218.717772999999,4221.666504,4216.410156,4182.436035,4215.512695,4215.256348
4140.512695,4194.615234000001,4190.128418,4203.205078,4220.897461,4223.205078,4204.487305,4207.05127,4207.692383,4197.94873,4197.179688,4171.666504,4192.692383,4194.487305
4131.666504,4184.871582,4185.256348,4198.333496,4216.153809,4221.666504,4220.897461,4217.692383,4206.410156,4185.256348,4186.282227000001,4166.410156,4181.153809,4187.179688
4126.922852000001,4180.128418,4180.769043,4192.692383,4208.589844,4224.102539,4227.820313,4209.358886999999,4195.769043,4183.846191,4179.102539,4157.820313,4178.717772999999,4178.846191
4123.589844,4182.820313,4176.410156,4191.666504,4212.05127,4219.230957,4209.487305,4199.102539,4195.384765999999,4189.358886999999,4179.102539,4154.615234000001,4180.512695,4170.641113000001
4130.384765999999,4195.769043,4185.0,4206.410156,4226.025879,4217.179688,4195.384765999999,4214.615234000001,4220.384765999999,4204.743652,4190.384765999999,4164.230957,4190.769043,4176.922852000001
4142.307617,4207.179688,4198.846191,4219.487305,4228.589844,4223.205078,4202.692383,4222.436035,4225.512695,4216.538574,4198.589844,4175.128418,4203.333496,4191.666504
4153.205078,4210.512695,4204.743652,4217.563965,4221.153809,4229.615234000001,4201.666504,4197.179688,4207.563965,4218.717772999999,4204.358886999999,4180.641113000001,4211.666504,4203.333496
4157.94873,4209.102539,4202.692383,4212.692383,4220.384765999999,4224.102539,4181.410156,4183.077147999999,4205.897461,4214.102539,4212.307617,4183.846191,4210.641113000001,4205.128418
4157.179688,4205.897461,4204.102539,4212.820313,4222.94873,4212.179688,4181.153809,4193.717772999999,4209.358886999999,4205.256348,4211.153809,4186.666504,4204.230957,4203.717772999999
4166.410156,4210.769043,4214.871582,4215.769043,4216.025879,4205.897461,4203.589844,4200.0,4203.589844,4206.922852000001,4213.846191,4194.230957,4211.538574,4215.0
4179.743652,4217.563965,4225.384765999999,4217.692383,4207.436035,4204.743652,4211.794922,4214.871582,4213.333496,4216.666504,4227.563965,4205.0,4224.358886999999,4231.410156
4175.0,4214.871582,4224.615234000001,4218.205078,4211.282227000001,4211.153809,4206.282227000001,4232.563965,4226.666504,4218.846191,4226.794922,4204.358886999999,4220.512695,4227.94873
4154.615234000001,4200.384765999999,4211.410156,4208.974121,4212.94873,4213.589844,4202.563965,4218.974121,4212.820313,4204.102539,4203.974121,4188.846191,4201.410156,4204.743652
4145.128418,4184.102539,4197.436035,4196.282227000001,4207.179688,4207.820313,4202.820313,4202.820313,4192.05127,4185.256348,4186.025879,4175.128418,4187.692383,4188.717772999999
4148.974121,4180.897461,4195.384765999999,4192.94873,4206.153809,4207.307617,4199.743652,4216.922852000001,4194.358886999999,4185.256348,4188.461426,4172.05127,4191.282227000001,4190.0
4143.205078,4180.641113000001,4193.846191,4190.384765999999,4202.692383,4208.077147999999,4198.846191,4220.512695,4200.128418,4190.128418,4189.871582,4168.461426,4188.717772999999,4187.436035
4124.230957,4175.641113000001,4181.025879,4185.0,4197.820313,4213.974121,4212.820313,4191.153809,4188.205078,4183.333496,4177.692383,4155.641113000001,4173.589844,4168.846191
4114.615234000001,4171.666504,4172.820313,4180.769043,4203.077147999999,4220.769043,4220.256348,4200.128418,4192.179688,4178.077147999999,4165.641113000001,4147.436035,4170.897461,4155.0
4126.666504,4174.487305,4181.410156,4182.179688,4207.692383,4212.563965,4201.666504,4234.487305,4214.871582,4182.692383,4165.897461,4151.025879,4180.128418,4162.179688
4147.05127,4187.179688,4195.769043,4194.487305,4209.871582,4206.025879,4189.230957,4205.897461,4211.922852000001,4192.307617,4178.974121,4160.128418,4187.436035,4180.384765999999
4155.256348,4198.589844,4201.922852000001,4205.512695,4215.0,4215.512695,4203.205078,4154.615234000001,4191.153809,4198.846191,4187.94873,4170.384765999999,4193.333496,4192.179688
4154.615234000001,4202.820313,4202.179688,4206.410156,4219.230957,4218.205078,4203.846191,4167.563965,4199.230957,4203.205078,4191.410156,4179.743652,4202.563965,4199.615234000001
4162.820313,4204.743652,4203.333496,4209.358886999999,4217.820313,4208.717772999999,4189.487305,4207.94873,4218.077147999999,4206.794922,4197.436035,4187.307617,4205.512695,4209.871582
4173.333496,4205.897461,4204.487305,4213.333496,4211.538574,4211.153809,4192.94873,4212.820313,4209.871582,4200.0,4195.128418,4186.666504,4196.153809,4211.794922
4173.974121,4204.358886999999,4208.717772999999,4211.666504,4209.615234000001,4216.025879,4195.512695,4207.436035,4199.743652,4192.307617,4187.179688,4180.128418,4192.307617,4207.436035
4168.717772999999,4196.410156,4208.974121,4205.512695,4206.410156,4206.410156,4190.769043,4208.589844,4203.077147999999,4195.512695,4184.358886999999,4176.794922,4196.538574,4207.820313
4160.897461,4184.230957,4197.94873,4195.128418,4195.769043,4201.922852000001,4203.461426,4208.717772999999,4201.282227000001,4195.384765999999,4182.94873,4176.025879,4198.717772999999,4205.512695
4155.0,4176.922852000001,4188.974121,4187.307617,4190.384765999999,4210.384765999999,4216.025879,4209.102539,4195.128418,4187.820313,4177.436035,4170.641113000001,4193.077147999999,4199.487305
4155.0,4176.153809,4187.563965,4184.230957,4193.846191,4215.0,4218.077147999999,4211.794922,4195.897461,4186.153809,4172.436035,4163.717772999999,4186.794922,4197.820313
4154.230957,4174.102539,4183.974121,4180.769043,4190.384765999999,4214.487305,4230.897461,4220.897461,4199.743652,4188.589844,4170.256348,4163.077147999999,4185.769043,4196.922852000001
4154.615234000001,4172.05127,4181.025879,4179.487305,4184.871582,4212.05127,4224.487305,4208.717772999999,4196.922852000001,4185.897461,4171.410156,4164.358886999999,4188.333496,4192.179688
4166.794922,4182.307617,4189.358886999999,4189.871582,4196.538574,4206.153809,4194.102539,4185.128418,4199.743652,4192.692383,4182.05127,4167.436035,4196.025879,4197.179688
4180.897461,4194.358886999999,4199.615234000001,4202.307617,4209.743652,4207.692383,4196.922852000001,4185.512695,4204.230957,4205.641113000001,4192.820313,4172.436035,4204.102539,4208.846191
4183.846191,4193.077147999999,4199.487305,4201.153809,4208.205078,4218.974121,4212.820313,4186.794922,4194.871582,4199.230957,4190.769043,4172.563965,4205.128418,4208.333496
4189.615234000001,4194.358886999999,4201.153809,4202.563965,4206.282227000001,4217.307617,4196.922852000001,4177.692383,4189.743652,4187.179688,4191.794922,4173.589844,4203.589844,4207.307617
4200.128418,4201.794922,4210.0,4208.846191,4205.769043,4204.743652,4188.077147999999,4192.179688,4198.974121,4190.128418,4201.794922,4180.0,4204.615234000001,4214.487305
4200.512695,4202.692383,4214.871582,4208.333496,4203.077147999999,4209.102539,4199.743652,4216.282227000001,4204.871582,4194.102539,4205.128418,4183.974121,4208.077147999999,4216.153809
4193.974121,4199.102539,4213.717772999999,4206.282227000001,4201.922852000001,4219.743652,4198.461426,4213.846191,4206.666504,4190.384765999999,4202.05127,4183.589844,4208.205078,4211.666504
4191.410156,4195.384765999999,4213.461426,4206.922852000001,4197.94873,4211.282227000001,4201.666504,4214.615234000001,4213.205078,4193.846191,4205.769043,4183.717772999999,4203.461426,4209.615234000001
4189.615234000001,4192.436035,4211.538574,4205.897461,4195.256348,4202.307617,4222.436035,4224.871582,4214.871582,4198.717772999999,4209.615234000001,4181.922852000001,4204.102539,4208.205078
4181.025879,4194.230957,4202.179688,4201.410156,4201.153809,4208.077147999999,4222.307617,4214.102539,4205.384765999999,4191.025879,4204.230957,4177.94873,4207.820313,4202.05127
4179.615234000001,4199.615234000001,4198.205078,4199.230957,4206.153809,4216.025879,4211.410156,4192.05127,4198.077147999999,4189.102539,4200.512695,4178.589844,4205.512695,4199.743652
4188.077147999999,4200.0,4202.179688,4199.871582,4208.717772999999,4222.563965,4215.256348,4180.384765999999,4196.025879,4192.820313,4200.384765999999,4180.0,4199.487305,4202.307617
4186.922852000001,4199.487305,4200.512695,4200.512695,4212.94873,4219.743652,4211.666504,4192.307617,4200.256348,4187.436035,4198.846191,4178.333496,4195.512695,4203.333496
4188.333496,4206.666504,4202.05127,4206.153809,4216.794922,4211.666504,4203.333496,4211.410156,4210.256348,4192.436035,4205.128418,4183.589844,4202.05127,4207.307617
4201.282227000001,4210.384765999999,4209.743652,4211.666504,4217.05127,4216.538574,4203.846191,4200.256348,4208.717772999999,4203.205078,4213.846191,4192.179688,4211.153809,4212.179688
4205.384765999999,4204.487305,4212.05127,4210.0,4211.153809,4222.05127,4205.641113000001,4182.307617,4195.512695,4196.025879,4210.769043,4193.205078,4205.897461,4210.512695
4201.538574,4201.153809,4212.179688,4206.922852000001,4206.666504,4217.692383,4204.102539,4188.461426,4189.871582,4184.487305,4203.589844,4189.871582,4195.769043,4205.512695
4202.307617,4206.282227000001,4214.102539,4208.333496,4209.743652,4213.589844,4197.820313,4188.846191,4193.461426,4187.05127,4202.820313,4188.333496,4196.410156,4207.05127
4201.153809,4208.205078,4213.077147999999,4208.717772999999,4214.743652,4214.871582,4199.743652,4194.102539,4201.538574,4194.871582,4207.307617,4188.589844,4201.538574,4209.615234000001
4195.0,4200.384765999999,4204.871582,4202.179688,4215.769043,4214.102539,4202.179688,4216.666504,4204.230957,4192.94873,4207.563965,4186.794922,4198.589844,4202.307617
4194.615234000001,4196.282227000001,4197.436035,4200.384765999999,4212.179688,4206.538574,4183.846191,4208.589844,4196.538574,4187.436035,4202.563965,4186.410156,4198.589844,4195.769043
4198.333496,4204.487305,4200.769043,4209.487305,4211.410156,4204.102539,4183.333496,4196.666504,4201.282227000001,4189.615234000001,4202.563965,4187.820313,4206.153809,4198.333496
4198.846191,4208.717772999999,4206.282227000001,4214.743652,4214.743652,4213.461426,4211.538574,4207.436035,4204.487305,4189.743652,4203.077147999999,4186.153809,4204.230957,4199.871582
4201.025879,4206.410156,4207.94873,4211.794922,4214.615234000001,4217.05127,4208.333496,4199.102539,4190.256348,4187.94873,4201.282227000001,4186.025879,4198.717772999999,4202.05127
4208.846191,4215.0,4216.025879,4214.743652,4210.512695,4203.589844,4188.205078,4201.410156,4199.230957,4202.307617,4210.384765999999,4194.358886999999,4211.922852000001,4215.256348
4216.666504,4220.641113000001,4226.666504,4221.666504,4206.153809,4197.05127,4200.128418,4221.666504,4218.589844,4216.538574,4224.358886999999,4206.282227000001,4227.94873,4227.563965
4217.307617,4214.102539,4226.794922,4219.743652,4206.025879,4210.0,4208.717772999999,4203.077147999999,4207.94873,4211.794922,4226.025879,4209.743652,4229.743652,4229.230957
4210.128418,4209.615234000001,4217.436035,4210.128418,4210.128418,4213.205078,4198.717772999999,4173.717772999999,4188.846191,4202.94873,4215.641113000001,4202.820313,4220.512695,4220.128418
4202.05127,4206.025879,4207.307617,4201.410156,4211.410156,4206.794922,4200.512695,4180.256348,4185.897461,4196.025879,4202.820313,4192.307617,4204.102539,4205.128418
4200.897461,4201.922852000001,4206.282227000001,4202.563965,4205.0,4210.769043,4199.230957,4186.410156,4186.153809,4190.897461,4196.666504,4187.692383,4196.025879,4200.128418
4201.922852000001,4195.384765999999,4206.666504,4200.128418,4196.025879,4207.436035,4186.282227000001,4179.615234000001,4182.692383,4185.256348,4193.846191,4185.641113000001,4196.922852000001,4200.384765999999
4194.871582,4188.077147999999,4199.102539,4189.743652,4198.717772999999,4198.717772999999,4191.153809,4182.94873,4177.94873,4175.769043,4184.230957,4175.256348,4190.0,4193.333496
4198.077147999999,4193.333496,4200.641113000001,4193.333496,4208.333496,4201.153809,4198.717772999999,4197.436035,4184.743652,4179.487305,4185.512695,4171.153809,4190.641113000001,4196.282227000001
4214.743652,4206.410156,4213.589844,4206.922852000001,4205.897461,4205.512695,4190.512695,4211.794922,4207.820313,4198.846191,4203.205078,4185.512695,4205.769043,4211.794922
4217.692383,4208.589844,4217.820313,4208.333496,4203.589844,4208.205078,4191.666504,4211.922852000001,4214.487305,4207.436035,4211.153809,4196.410156,4207.436035,4216.538574
4211.538574,4203.077147999999,4211.025879,4201.794922,4211.025879,4210.128418,4202.307617,4198.077147999999,4198.717772999999,4197.179688,4203.333496,4191.922852000001,4194.487305,4207.307617
4217.563965,4205.256348,4212.692383,4206.153809,4213.717772999999,4205.128418,4198.846191,4200.512695,4197.05127,4196.025879,4205.769043,4192.94873,4196.666504,4206.410156
4229.102539,4211.922852000001,4225.384765999999,4212.436035,4208.077147999999,4203.846191,4193.461426,4221.025879,4211.410156,4211.282227000001,4222.307617,4204.358886999999,4211.025879,4222.05127
4232.179688,4215.769043,4233.077147999999,4212.820313,4210.0,4214.358886999999,4199.358886999999,4216.410156,4208.205078,4215.897461,4228.077147999999,4209.871582,4218.974121,4233.717772999999
4228.077147999999,4212.179688,4226.538574,4208.974121,4216.410156,4215.0,4198.589844,4186.410156,4188.461426,4202.307617,4219.358886999999,4204.230957,4217.692383,4226.025879
4216.794922,4201.025879,4215.641113000001,4197.179688,4211.666504,4203.333496,4188.846191,4176.538574,4180.128418,4187.179688,4206.538574,4196.153809,4206.025879,4211.794922
4213.077147999999,4199.230957,4218.974121,4192.692383,4203.974121,4204.230957,4195.384765999999,4197.307617,4187.820313,4187.94873,4206.025879,4197.436035,4201.794922,4214.487305
4222.94873,4206.538574,4228.077147999999,4202.94873,4203.717772999999,4216.153809,4211.410156,4205.256348,4192.94873,4194.487305,4215.128418,4202.94873,4211.794922,4222.179688
4224.743652,4205.769043,4225.256348,4205.512695,4202.307617,4210.897461,4213.461426,4201.153809,4197.179688,4193.461426,4214.615234000001,4202.820313,4209.102539,4215.769043
4220.384765999999,4202.563965,4225.256348,4200.384765999999,4203.333496,4195.128418,4205.641113000001,4211.794922,4210.256348,4200.769043,4210.769043,4197.307617,4198.589844,4207.05127
4219.230957,4202.05127,4227.563965,4200.897461,4207.179688,4198.333496,4197.563965,4206.410156,4208.717772999999,4205.0,4206.666504,4190.897461,4194.102539,4202.692383
4218.461426,4204.487305,4221.794922,4204.102539,4209.358886999999,4210.769043,4195.897461,4191.410156,4199.487305,4198.717772999999,4207.692383,4192.94873,4192.563965,4205.641113000001
4219.487305,4207.692383,4220.128418,4206.666504,4209.871582,4211.794922,4203.589844,4199.487305,4208.461426,4202.692383,4216.025879,4201.794922,4197.179688,4213.846191
4219.615234000001,4205.128418,4221.153809,4204.871582,4210.128418,4208.589844,4205.769043,4207.179688,4211.922852000001,4203.846191,4215.897461,4200.256348,4202.307617,4211.794922
4217.692383,4205.256348,4217.820313,4202.94873,4215.256348,4217.563965,4202.436035,4203.077147999999,4204.230957,4198.461426,4211.025879,4194.743652,4210.512695,4206.025879
4219.743652,4213.974121,4220.512695,4207.820313,4219.230957,4222.820313,4200.769043,4202.692383,4208.077147999999,4206.922852000001,4218.846191,4204.487305,4228.077147999999,4212.05127
4226.153809,4217.692383,4228.333496,4211.666504,4220.128418,4214.102539,4197.94873,4199.743652,4210.256348,4211.922852000001,4225.641113000001,4213.333496,4237.05127,4218.717772999999
4223.717772999999,4208.717772999999,4225.769043,4205.128418,4215.384765999999,4209.743652,4197.563965,4196.922852000001,4199.102539,4198.077147999999,4211.794922,4203.717772999999,4226.410156,4210.0
4217.05127,4199.871582,4217.563965,4196.666504,4203.717772999999,4212.563965,4203.461426,4200.128418,4192.307617,4192.563965,4197.820313,4192.179688,4216.410156,4198.846191
4220.0,4203.461426,4220.0,4201.410156,4200.897461,4213.205078,4211.666504,4208.333496,4200.256348,4203.077147999999,4202.94873,4197.307617,4220.256348,4201.922852000001
4227.820313,4207.692383,4222.692383,4206.922852000001,4204.230957,4202.179688,4209.230957,4217.820313,4209.230957,4206.025879,4210.897461,4206.153809,4222.94873,4206.538574
4227.820313,4203.846191,4218.333496,4201.794922,4198.846191,4194.743652,4206.025879,4208.589844,4204.358886999999,4197.820313,4208.205078,4204.615234000001,4214.102539,4203.333496
4232.179688,4205.641113000001,4223.333496,4202.94873,4198.205078,4203.974121,4208.589844,4203.333496,4206.025879,4202.307617,4210.128418,4203.589844,4203.077147999999,4208.974121
4241.666504,4213.205078,4230.256348,4213.205078,4211.538574,4207.820313,4198.077147999999,4213.077147999999,4217.307617,4216.666504,4215.256348,4204.743652,4208.205078,4216.410156
4237.820313,4213.974121,4221.922852000001,4211.538574,4217.307617,4199.230957,4180.769043,4202.179688,4212.94873,4215.128418,4208.974121,4200.128418,4222.820313,4207.307617
4224.743652,4206.153809,4210.641113000001,4199.871582,4207.820313,4198.974121,4186.153809,4191.282227000001,4199.743652,4201.282227000001,4201.666504,4197.94873,4215.512695,4196.922852000001
4216.025879,4194.743652,4206.538574,4193.974121,4200.256348,4212.94873,4200.384765999999,4203.333496,4197.307617,4194.358886999999,4195.512695,4200.512695,4190.384765999999,4193.846191
4217.179688,4192.436035,4207.94873,4195.128418,4206.410156,4225.128418,4198.077147999999,4202.692383,4201.794922,4199.230957,4191.538574,4199.871582,4186.025879,4192.307617
4220.384765999999,4196.666504,4210.897461,4195.0,4210.128418,4219.230957,4190.897461,4186.666504,4198.333496,4200.384765999999,4193.974121,4196.794922,4196.538574,4193.333496
4224.358886999999,4198.846191,4215.0,4196.282227000001,4201.025879,4206.794922,4195.897461,4188.846191,4191.538574,4194.102539,4197.05127,4199.743652,4197.436035,4200.512695
4234.358886999999,4205.0,4223.461426,4206.410156,4199.871582,4210.128418,4207.05127,4198.717772999999,4192.820313,4195.641113000001,4200.897461,4205.769043,4203.077147999999,4206.410156
4235.897461,4209.102539,4226.153809,4211.410156,4209.102539,4212.307617,4203.974121,4199.230957,4195.512695,4199.358886999999,4198.974121,4204.615234000001,4210.641113000001,4203.205078
4230.0,4205.384765999999,4221.922852000001,4208.205078,4208.974121,4199.487305,4205.256348,4200.256348,4196.025879,4199.871582,4195.641113000001,4204.230957,4208.077147999999,4202.436035
4236.410156,4208.077147999999,4225.256348,4211.666504,4200.897461,4198.461426,4220.128418,4202.94873,4202.94873,4208.077147999999,4206.153809,4214.230957,4213.717772999999,4213.461426
4249.871582,4220.128418,4234.871582,4216.538574,4204.358886999999,4214.871582,4214.615234000001,4211.922852000001,4220.897461,4223.333496,4218.717772999999,4219.487305,4226.282227000001,4222.563965
4248.333496,4222.307617,4230.641113000001,4215.384765999999,4213.846191,4219.743652,4195.256348,4222.692383,4232.436035,4225.384765999999,4213.974121,4211.666504,4219.102539,4214.871582
4238.974121,4214.102539,4216.922852000001,4214.871582,4210.897461,4210.897461,4201.153809,4214.615234000001,4223.333496,4214.615234000001,4203.333496,4204.230957,4202.179688,4204.487305
4240.384765999999,4214.102539,4217.692383,4217.179688,4208.974121,4211.922852000001,4212.692383,4198.589844,4211.410156,4209.871582,4203.205078,4202.692383,4205.384765999999,4203.974121
4245.641113000001,4222.307617,4225.128418,4217.05127,4221.922852000001,4221.794922,4197.436035,4200.897461,4213.461426,4214.615234000001,4206.794922,4200.897461,4219.615234000001,4208.077147999999
4244.871582,4221.794922,4223.717772999999,4215.384765999999,4222.563965,4227.563965,4188.974121,4211.538574,4218.589844,4220.512695,4210.512695,4198.077147999999,4221.922852000001,4210.512695
4241.153809,4214.487305,4218.717772999999,4214.615234000001,4210.641113000001,4226.153809,4204.358886999999,4204.487305,4210.641113000001,4219.487305,4211.666504,4196.410156,4213.589844,4205.897461
4238.333496,4210.897461,4215.641113000001,4208.846191,4208.333496,4217.05127,4212.692383,4196.025879,4198.589844,4210.384765999999,4203.205078,4191.666504,4205.641113000001,4198.077147999999
4236.538574,4208.974121,4217.05127,4204.487305,4210.384765999999,4209.487305,4204.358886999999,4199.487305,4197.179688,4206.153809,4197.05127,4190.512695,4206.666504,4198.717772999999
4234.743652,4210.641113000001,4218.461426,4208.846191,4209.358886999999,4210.256348,4201.025879,4196.538574,4194.615234000001,4208.461426,4199.743652,4196.538574,4209.487305,4204.871582
4234.871582,4212.179688,4215.769043,4210.512695,4208.205078,4211.794922,4210.256348,4182.05127,4186.666504,4204.487305,4198.077147999999,4195.384765999999,4203.077147999999,4203.717772999999
4235.897461,4212.436035,4215.128418,4207.05127,4209.487305,4207.307617,4212.820313,4176.538574,4189.358886999999,4197.692383,4192.820313,4190.384765999999,4201.538574,4200.256348
4236.922852000001,4213.974121,4218.461426,4206.538574,4207.820313,4201.922852000001,4202.563965,4191.282227000001,4205.769043,4202.820313,4193.333496,4192.307617,4213.205078,4201.666504
4240.512695,4217.307617,4217.563965,4208.717772999999,4203.974121,4201.153809,4196.922852000001,4213.205078,4221.922852000001,4219.871582,4197.692383,4193.461426,4224.743652,4205.128418
4239.615234000001,4217.820313,4212.692383,4206.153809,4203.846191,4205.256348,4198.717772999999,4223.077147999999,4231.410156,4229.487305,4200.128418,4189.743652,4228.589844,4206.538574
4231.666504,4211.153809,4209.358886999999,4200.128418,4205.0,4209.615234000001,4198.333496,4221.410156,4228.205078,4219.358886999999,4195.512695,4188.974121,4222.563965,4203.077147999999
4227.179688,4206.025879,4206.538574,4199.743652,4206.282227000001,4216.666504,4201.922852000001,4216.282227000001,4216.282227000001,4208.077147999999,4186.153809,4189.871582,4209.743652,4200.0
4224.487305,4205.641113000001,4204.102539,4201.025879,4207.436035,4222.563965,4198.717772999999,4202.563965,4207.05127,4206.153809,4178.846191,4187.692383,4202.05127,4199.871582
4216.282227000001,4202.436035,4200.512695,4198.205078,4207.05127,4213.205078,4190.384765999999,4193.333496,4200.128418,4201.025879,4178.077147999999,4183.717772999999,4199.743652,4197.436035
4214.871582,4197.692383,4197.820313,4193.846191,4200.641113000001,4203.846191,4204.615234000001,4196.538574,4193.589844,4191.922852000001,4179.230957,4179.487305,4192.692383,4195.641113000001
4226.025879,4200.384765999999,4201.922852000001,4196.538574,4197.436035,4211.538574,4218.589844,4189.871582,4188.205078,4189.230957,4179.102539,4184.871582,4192.179688,4204.230957
4235.512695,4208.077147999999,4211.794922,4205.897461,4203.333496,4217.436035,4211.153809,4192.436035,4192.563965,4196.282227000001,4186.794922,4195.897461,4211.666504,4216.538574
4236.538574,4206.538574,4217.179688,4207.820313,4201.410156,4207.820313,4211.410156,4211.666504,4206.666504,4208.333496,4198.589844,4197.05127,4232.179688,4220.0
4232.436035,4200.641113000001,4211.922852000001,4200.512695,4195.512695,4206.538574,4222.436035,4212.94873,4211.666504,4212.05127,4199.743652,4192.692383,4228.974121,4215.641113000001
4231.025879,4201.922852000001,4209.615234000001,4202.05127,4204.615234000001,4223.333496,4223.205078,4208.205078,4210.512695,4208.589844,4194.615234000001,4192.94873,4212.820313,4212.436035
4237.179688,4205.769043,4216.025879,4209.102539,4212.05127,4220.512695,4213.077147999999,4216.153809,4216.025879,4210.641113000001,4196.153809,4197.820313,4206.666504,4213.077147999999
4246.025879,4215.512695,4225.128418,4210.128418,4206.794922,4206.410156,4214.871582,4221.794922,4225.512695,4222.563965,4206.282227000001,4205.769043,4216.025879,4218.974121
4251.025879,4226.282227000001,4231.666504,4214.358886999999,4205.641113000001,4215.897461,4223.461426,4220.897461,4228.717772999999,4233.461426,4219.102539,4212.179688,4225.512695,4227.436035
4249.487305,4225.897461,4234.102539,4221.025879,4213.461426,4228.846191,4216.153809,4215.769043,4225.384765999999,4231.922852000001,4223.077147999999,4210.897461,4223.717772999999,4229.102539
4245.384765999999,4221.025879,4233.461426,4220.0,4217.05127,4222.820313,4203.333496,4209.615234000001,4222.05127,4224.358886999999,4218.077147999999,4203.974121,4220.0,4226.666504
4239.230957,4213.589844,4225.641113000001,4210.512695,4204.358886999999,4212.307617,4202.179688,4210.512695,4216.666504,4214.743652,4210.769043,4198.589844,4213.333496,4221.025879
4233.589844,4205.256348,4216.153809,4203.589844,4194.102539,4210.0,4209.102539,4204.102539,4205.0,4204.615234000001,4207.179688,4198.589844,4202.436035,4214.487305
4232.05127,4201.794922,4213.077147999999,4203.077147999999,4199.358886999999,4208.461426,4212.563965,4189.615234000001,4197.436035,4197.436035,4204.871582,4199.230957,4201.666504,4208.717772999999
4231.666504,4203.974121,4213.974121,4199.871582,4204.230957,4208.846191,4212.692383,4184.230957,4198.077147999999,4195.256348,4202.05127,4196.922852000001,4213.589844,4203.461426
4233.205078,4208.717772999999,4214.871582,4200.512695,4204.871582,4213.077147999999,4211.153809,4195.897461,4205.641113000001,4200.641113000001,4205.512695,4196.538574,4224.358886999999,4205.256348
4233.974121,4211.025879,4213.333496,4205.512695,4203.846191,4214.358886999999,4214.358886999999,4220.256348,4215.641113000001,4203.717772999999,4208.333496,4195.641113000001,4219.871582,4206.794922
4237.307617,4214.102539,4212.436035,4208.846191,4201.922852000001,4210.384765999999,4222.436035,4224.487305,4216.666504,4201.794922,4207.820313,4193.717772999999,4216.410156,4204.871582
4246.282227000001,4221.922852000001,4219.358886999999,4209.615234000001,4205.128418,4210.0,4225.128418,4205.512695,4210.384765999999,4207.692383,4214.615234000001,4200.0,4228.846191,4212.692383
4247.94873,4223.077147999999,4224.743652,4205.769043,4210.769043,4214.871582,4217.307617,4200.769043,4208.846191,4213.461426,4218.461426,4205.641113000001,4233.461426,4221.153809
4242.307617,4217.94873,4219.230957,4205.128418,4210.256348,4213.461426,4201.538574,4210.769043,4215.641113000001,4214.230957,4214.871582,4201.794922,4226.794922,4215.0
4240.512695,4217.307617,4213.077147999999,4207.179688,4207.692383,4206.538574,4185.641113000001,4205.641113000001,4216.025879,4215.897461,4214.871582,4196.922852000001,4225.512695,4206.410156
4241.025879,4218.461426,4212.94873,4206.410156,4209.743652,4203.974121,4180.512695,4198.333496,4209.615234000001,4215.256348,4214.358886999999,4193.333496,4223.333496,4205.256348
4240.641113000001,4216.922852000001,4216.666504,4207.179688,4212.820313,4208.974121,4196.282227000001,4192.94873,4202.94873,4208.205078,4209.487305,4191.410156,4215.769043,4202.563965
4240.256348,4215.769043,4215.769043,4206.153809,4208.717772999999,4215.128418,4212.179688,4189.358886999999,4201.025879,4204.487305,4210.384765999999,4195.512695,4214.487305,4199.743652
4241.922852000001,4216.922852000001,4212.05127,4203.717772999999,4203.846191,4217.820313,4211.538574,4208.589844,4215.128418,4212.820313,4217.94873,4201.410156,4224.871582,4205.512695
4241.025879,4213.077147999999,4210.641113000001,4204.615234000001,4202.94873,4215.256348,4211.282227000001,4213.461426,4217.820313,4211.922852000001,4215.512695,4200.0,4228.077147999999,4207.94873
4233.974121,4206.282227000001,4209.358886999999,4201.922852000001,4200.769043,4213.589844,4218.077147999999,4192.563965,4198.333496,4196.922852000001,4208.589844,4195.0,4220.128418,4200.512695
4231.282227000001,4206.410156,4208.846191,4193.974121,4201.794922,4216.538574,4216.922852000001,4203.974121,4201.666504,4199.487305,4210.769043,4194.871582,4216.794922,4198.333496
4236.282227000001,4211.025879,4210.0,4196.025879,4205.128418,4208.077147999999,4206.025879,4233.077147999999,4225.0,4214.487305,4208.077147999999,4195.128418,4216.282227000001,4199.487305
4242.179688,4217.94873,4216.666504,4208.205078,4204.743652,4198.333496,4207.692383,4217.307617,4218.974121,4211.666504,4201.538574,4190.641113000001,4213.077147999999,4197.820313
4240.641113000001,4222.179688,4218.077147999999,4210.0,4203.974121,4204.230957,4205.769043,4180.641113000001,4192.436035,4197.05127,4201.282227000001,4186.153809,4210.384765999999,4198.589844
4237.307617,4218.717772999999,4210.897461,4204.230957,4208.205078,4212.692383,4187.436035,4178.974121,4188.717772999999,4196.410156,4202.179688,4192.307617,4211.282227000001,4202.436035
4236.410156,4211.025879,4211.410156,4204.487305,4207.94873,4208.461426,4179.871582,4193.974121,4200.128418,4201.025879,4202.563965,4202.692383,4206.153809,4207.05127
4240.512695,4210.512695,4221.922852000001,4207.692383,4207.820313,4198.461426,4185.641113000001,4193.205078,4203.077147999999,4201.666504,4210.512695,4207.563965,4203.974121,4218.974121
4255.128418,4222.820313,4234.487305,4213.974121,4214.871582,4204.615234000001,4195.0,4192.179688,4205.0,4206.666504,4222.820313,4212.307617,4217.307617,4231.794922
4263.205078,4229.102539,4239.230957,4219.102539,4213.333496,4215.897461,4204.358886999999,4195.769043,4206.025879,4209.102539,4225.384765999999,4214.743652,4228.205078,4229.487305
4250.0,4216.410156,4229.230957,4211.794922,4203.205078,4208.717772999999,4206.794922,4190.384765999999,4196.922852000001,4202.692383,4217.307617,4209.871582,4223.846191,4217.94873
4236.282227000001,4206.922852000001,4215.512695,4199.615234000001,4201.922852000001,4207.820313,4209.230957,4199.615234000001,4202.05127,4202.436035,4211.922852000001,4205.384765999999,4219.487305,4212.05127
4238.077147999999,4209.102539,4213.205078,4195.256348,4202.307617,4221.666504,4220.384765999999,4216.794922,4215.769043,4207.436035,4210.641113000001,4202.94873,4213.717772999999,4209.871582
4241.410156,4205.128418,4212.94873,4197.05127,4199.871582,4219.358886999999,4228.846191,4215.384765999999,4210.769043,4203.077147999999,4204.615234000001,4194.871582,4199.102539,4201.794922
4238.205078,4200.769043,4208.205078,4198.461426,4204.743652,4213.974121,4228.333496,4214.358886999999,4207.179688,4197.94873,4200.128418,4187.692383,4194.358886999999,4195.256348
4238.077147999999,4204.230957,4207.94873,4195.897461,4203.205078,4219.871582,4227.05127,4224.102539,4215.0,4199.230957,4201.282227000001,4188.205078,4198.333496,4197.307617
4245.256348,4210.512695,4212.179688,4197.94873,4198.846191,4217.563965,4219.230957,4221.666504,4213.077147999999,4202.820313,4204.871582,4190.897461,4200.384765999999,4203.333496
4246.666504,4210.641113000001,4209.358886999999,4197.436035,4203.589844,4200.512695,4193.589844,4192.692383,4195.384765999999,4194.487305,4204.230957,4188.717772999999,4196.153809,4200.641113000001
4246.025879,4206.025879,4206.410156,4193.333496,4204.615234000001,4185.512695,4173.461426,4179.871582,4190.256348,4185.0,4202.05127,4190.769043,4193.589844,4195.897461
4258.461426,4211.666504,4218.333496,4203.717772999999,4202.307617,4192.05127,4184.230957,4205.641113000001,4205.897461,4199.743652,4211.922852000001,4204.102539,4204.230957,4205.641113000001
4264.871582,4218.205078,4226.922852000001,4211.410156,4200.897461,4207.820313,4199.871582,4216.282227000001,4211.282227000001,4212.94873,4220.128418,4208.333496,4205.256348,4211.538574
4251.410156,4214.102539,4220.897461,4202.563965,4201.666504,4208.974121,4197.05127,4194.743652,4201.282227000001,4206.282227000001,4214.615234000001,4198.205078,4192.05127,4203.077147999999
4242.307617,4206.410156,4211.666504,4193.717772999999,4205.0,4204.487305,4198.846191,4183.717772999999,4191.410156,4197.05127,4204.871582,4190.897461,4187.05127,4198.077147999999
4243.461426,4196.922852000001,4206.153809,4189.615234000001,4201.153809,4209.487305,4211.025879,4192.307617,4185.384765999999,4187.820313,4196.922852000001,4189.358886999999,4188.077147999999,4196.666504
4244.358886999999,4194.230957,4208.205078,4188.333496,4196.794922,4210.256348,4215.769043,4203.461426,4189.358886999999,4185.0,4197.05127,4191.538574,4186.153809,4198.077147999999
4245.0,4200.512695,4213.333496,4190.256348,4195.256348,4197.05127,4211.794922,4212.563965,4201.922852000001,4191.794922,4203.717772999999,4195.641113000001,4183.077147999999,4206.153809
4245.641113000001,4203.974121,4214.102539,4191.153809,4192.179688,4196.922852000001,4214.615234000001,4212.94873,4203.846191,4189.487305,4201.922852000001,4195.0,4182.05127,4205.769043
4241.794922,4203.717772999999,4210.769043,4189.102539,4197.692383,4211.538574,4220.769043,4213.589844,4203.077147999999,4184.358886999999,4197.692383,4192.307617,4185.0,4192.436035
4243.974121,4206.794922,4210.512695,4191.666504,4206.922852000001,4206.153809,4211.153809,4223.077147999999,4217.179688,4196.538574,4207.563965,4199.102539,4195.0,4189.743652
4252.307617,4213.461426,4211.794922,4197.820313,4205.0,4193.974121,4193.589844,4225.641113000001,4225.641113000001,4211.410156,4217.94873,4205.512695,4207.563965,4201.025879
4252.05127,4220.769043,4209.871582,4200.769043,4206.410156,4203.333496,4181.794922,4213.846191,4217.94873,4215.256348,4215.256348,4202.94873,4214.743652,4205.128418
4251.794922,4227.436035,4213.077147999999,4204.230957,4218.205078,4209.230957,4183.333496,4199.743652,4215.769043,4221.025879,4215.0,4204.358886999999,4215.128418,4204.487305
4253.974121,4226.282227000001,4218.846191,4207.820313,4219.871582,4195.897461,4194.615234000001,4197.820313,4213.717772999999,4224.487305,4216.153809,4203.333496,4211.025879,4205.641113000001
4248.974121,4219.743652,4214.230957,4204.487305,4209.230957,4190.0,4197.05127,4201.410156,4200.128418,4213.461426,4206.922852000001,4193.846191,4210.769043,4201.282227000001
4247.820313,4215.897461,4209.102539,4200.897461,4205.128418,4200.641113000001,4192.05127,4205.0,4196.922852000001,4203.461426,4205.384765999999,4192.94873,4213.974121,4198.846191
4251.666504,4211.666504,4208.717772999999,4199.102539,4208.461426,4204.487305,4195.384765999999,4196.922852000001,4197.05127,4195.256348,4207.820313,4198.333496,4206.538574,4199.487305
4252.179688,4210.0,4210.128418,4196.538574,4210.384765999999,4199.871582,4206.153809,4182.05127,4185.128418,4183.461426,4203.589844,4199.102539,4194.615234000001,4197.563965
4252.05127,4213.717772999999,4215.769043,4199.615234000001,4208.333496,4201.794922,4214.358886999999,4200.897461,4191.410156,4188.589844,4206.410156,4201.410156,4196.666504,4203.461426
4247.692383,4209.487305,4214.743652,4197.05127,4208.717772999999,4215.384765999999,4223.077147999999,4224.102539,4203.077147999999,4193.589844,4206.922852000001,4200.769043,4197.94873,4207.05127
4239.102539,4203.333496,4208.205078,4187.05127,4213.717772999999,4227.05127,4225.256348,4218.205078,4202.563965,4189.358886999999,4200.512695,4193.077147999999,4192.94873,4196.666504
4243.974121,4212.563965,4212.05127,4193.974121,4214.358886999999,4217.563965,4211.666504,4227.05127,4221.282227000001,4209.487305,4208.205078,4196.153809,4204.230957,4194.743652
4250.128418,4221.410156,4213.077147999999,4206.538574,4212.436035,4209.230957,4201.666504,4245.0,4241.922852000001,4234.743652,4218.717772999999,4201.666504,4217.05127,4202.05127
4237.05127,4209.615234000001,4200.256348,4197.307617,4215.769043,4221.025879,4208.846191,4225.641113000001,4231.794922,4226.282227000001,4209.230957,4191.666504,4210.641113000001,4191.153809
4225.0,4201.025879,4191.794922,4184.487305,4212.692383,4218.974121,4210.128418,4206.922852000001,4219.358886999999,4212.05127,4198.717772999999,4184.615234000001,4200.769043,4179.230957
4232.179688,4217.307617,4198.077147999999,4191.538574,4206.666504,4197.692383,4197.05127,4219.102539,4221.282227000001,4215.256348,4203.333496,4191.410156,4204.358886999999,4186.025879
4242.179688,4230.641113000001,4207.179688,4206.025879,4212.05127,4197.94873,4194.230957,4214.871582,4213.589844,4211.025879,4206.025879,4195.512695,4209.615234000001,4191.410156
4238.461426,4222.820313,4208.717772999999,4206.025879,4217.307617,4211.282227000001,4195.769043,4191.153809,4190.512695,4192.436035,4194.615234000001,4190.0,4197.179688,4183.205078
4232.692383,4218.077147999999,4205.128418,4195.256348,4211.153809,4203.589844,4188.717772999999,4191.922852000001,4178.077147999999,4182.563965,4188.461426,4186.538574,4186.282227000001,4180.128418
4237.307617,4222.307617,4206.025879,4191.794922,4200.256348,4191.282227000001,4194.487305,4209.743652,4186.666504,4185.128418,4197.307617,4193.589844,4194.358886999999,4189.230957
4244.230957,4224.230957,4212.05127,4197.692383,4202.692383,4197.436035,4208.846191,4219.743652,4200.769043,4194.358886999999,4202.563965,4202.307617,4205.512695,4196.666504
4245.641113000001,4229.102539,4212.692383,4203.077147999999,4215.256348,4205.128418,4202.436035,4227.94873,4214.102539,4210.512695,4205.769043,4205.256348,4209.230957,4198.846191
4239.743652,4227.692383,4207.179688,4199.615234000001,4212.179688,4202.179688,4195.256348,4246.922852000001,4227.436035,4223.205078,4208.077147999999,4201.666504,4207.05127,4198.077147999999
4226.794922,4212.436035,4200.128418,4189.615234000001,4199.102539,4197.563965,4207.94873,4234.871582,4217.94873,4212.179688,4195.128418,4192.820313,4198.589844,4189.743652
4222.05127,4208.974121,4196.153809,4187.563965,4196.153809,4193.717772999999,4200.256348,4191.666504,4195.256348,4194.743652,4180.128418,4187.179688,4191.282227000001,4180.0
4235.769043,4226.282227000001,4203.974121,4199.487305,4208.333496,4192.692383,4171.538574,4189.743652,4202.05127,4204.615234000001,4187.563965,4193.077147999999,4199.871582,4187.436035
4244.487305,4233.205078,4209.230957,4205.0,4211.282227000001,4187.436035,4171.794922,4218.589844,4214.487305,4215.512695,4196.282227000001,4197.05127,4205.0,4197.307617
4228.461426,4214.871582,4194.487305,4189.487305,4194.102539,4176.922852000001,4185.512695,4209.230957,4193.077147999999,4190.0,4178.717772999999,4185.897461,4182.436035,4183.077147999999
4215.512695,4202.94873,4183.589844,4180.384765999999,4193.205078,4186.922852000001,4180.128418,4183.589844,4171.282227000001,4165.0,4161.282227000001,4176.153809,4162.436035,4169.487305
4221.922852000001,4207.94873,4190.897461,4185.512695,4209.230957,4199.358886999999,4179.102539,4183.461426,4170.769043,4172.179688,4164.358886999999,4176.794922,4167.820313,4174.615234000001
4228.846191,4211.538574,4196.794922,4186.153809,4202.563965,4184.871582,4190.0,4185.256348,4172.307617,4182.05127,4167.94873,4178.589844,4177.94873,4182.820313
4232.05127,4212.692383,4198.846191,4188.717772999999,4191.153809,4181.410156,4187.307617,4180.641113000001,4170.128418,4176.025879,4165.128418,4180.0,4179.743652,4189.102539
4233.846191,4211.666504,4200.512695,4192.692383,4201.025879,4195.384765999999,4167.307617,4184.230957,4166.153809,4168.589844,4165.897461,4181.794922,4179.615234000001,4193.846191
4235.641113000001,4209.871582,4200.256348,4190.897461,4200.384765999999,4188.589844,4165.512695,4194.871582,4170.897461,4174.358886999999,4171.282227000001,4184.487305,4182.94873,4193.846191
4243.461426,4209.230957,4202.692383,4192.692383,4184.102539,4176.538574,4183.205078,4212.563965,4189.871582,4185.641113000001,4174.743652,4187.94873,4184.358886999999,4195.256348
4246.538574,4208.846191,4200.769043,4195.256348,4179.871582,4182.436035,4183.974121,4226.410156,4204.487305,4184.615234000001,4175.641113000001,4187.436035,4181.410156,4199.615234000001
4233.461426,4201.922852000001,4186.666504,4185.0,4183.717772999999,4191.282227000001,4177.436035,4213.974121,4201.922852000001,4177.94873,4170.897461,4178.461426,4173.461426,4193.589844
4217.179688,4186.282227000001,4172.563965,4168.461426,4180.512695,4193.205078,4188.589844,4191.922852000001,4195.641113000001,4176.410156,4153.589844,4167.820313,4158.717772999999,4175.769043
4217.436035,4179.743652,4171.025879,4163.846191,4180.512695,4193.077147999999,4205.897461,4200.256348,4201.025879,4181.025879,4144.487305,4165.897461,4149.615234000001,4166.410156
4225.641113000001,4188.205078,4175.512695,4169.743652,4185.769043,4193.846191,4207.307617,4218.717772999999,4214.230957,4194.102539,4154.615234000001,4168.205078,4155.384765999999,4174.102539
4223.205078,4191.282227000001,4172.179688,4169.358886999999,4179.487305,4193.974121,4201.922852000001,4213.974121,4216.153809,4198.461426,4160.897461,4165.897461,4164.487305,4178.077147999999
4217.05127,4185.0,4166.153809,4163.077147999999,4176.666504,4190.512695,4201.794922,4189.230957,4193.589844,4182.94873,4156.538574,4164.743652,4162.563965,4173.077147999999
4224.615234000001,4189.358886999999,4173.974121,4167.94873,4184.358886999999,4185.641113000001,4196.282227000001,4168.589844,4171.025879,4170.641113000001,4159.230957,4170.897461,4162.436035,4179.358886999999
4247.563965,4202.692383,4192.692383,4184.615234000001,4184.743652,4187.563965,4193.333496,4164.102539,4170.769043,4175.769043,4174.102539,4183.205078,4176.538574,4197.436035
4267.307617,4209.358886999999,4209.102539,4195.0,4179.615234000001,4188.205078,4195.769043,4163.205078,4171.025879,4180.384765999999,4187.307617,4192.94873,4190.256348,4214.871582
4276.538574,4217.563965,4220.256348,4202.436035,4189.615234000001,4182.563965,4186.794922,4162.05127,4164.487305,4180.769043,4197.436035,4200.384765999999,4198.974121,4226.922852000001
4290.128418,4234.102539,4232.179688,4218.205078,4205.384765999999,4176.794922,4174.358886999999,4180.641113000001,4179.487305,4197.436035,4212.05127,4212.307617,4212.563965,4235.384765999999
4296.666504,4238.077147999999,4236.666504,4221.025879,4200.256348,4171.282227000001,4182.563965,4205.0,4196.282227000001,4208.589844,4217.436035,4215.641113000001,4215.0,4233.717772999999
4284.743652,4226.666504,4227.179688,4210.512695,4191.282227000001,4171.538574,4188.974121,4204.615234000001,4190.769043,4197.692383,4208.974121,4208.717772999999,4203.205078,4228.333496
4276.282227000001,4223.589844,4222.307617,4211.538574,4196.794922,4174.871582,4175.128418,4209.358886999999,4201.666504,4200.641113000001,4209.615234000001,4207.436035,4206.922852000001,4230.897461
4272.179688,4221.922852000001,4220.641113000001,4208.717772999999,4194.230957,4178.717772999999,4183.205078,4226.922852000001,4225.0,4214.487305,4212.05127,4201.410156,4212.179688,4224.615234000001
4249.230957,4202.307617,4203.205078,4186.922852000001,4176.538574,4192.563965,4219.615234000001,4221.410156,4218.205078,4204.230957,4190.897461,4179.871582,4186.025879,4196.922852000001
4222.820313,4178.846191,4178.846191,4168.461426,4170.897461,4203.589844,4226.153809,4197.436035,4198.846191,4185.0,4165.897461,4164.615234000001,4157.179688,4168.974121
4223.333496,4175.512695,4178.077147999999,4169.102539,4181.666504,4201.922852000001,4213.589844,4202.436035,4205.769043,4187.436035,4163.974121,4166.410156,4157.05127,4165.0
4237.05127,4187.692383,4194.615234000001,4178.205078,4190.384765999999,4208.077147999999,4223.205078,4232.179688,4225.641113000001,4197.563965,4176.025879,4173.589844,4171.153809,4179.102539
4241.153809,4195.512695,4198.589844,4182.307617,4195.384765999999,4213.077147999999,4219.230957,4225.512695,4222.05127,4197.436035,4182.436035,4180.256348,4178.205078,4189.743652
4243.461426,4198.846191,4195.0,4183.589844,4196.794922,4201.025879,4193.333496,4196.410156,4205.769043,4195.641113000001,4184.102539,4185.128418,4179.871582,4190.256348
4254.615234000001,4207.94873,4202.820313,4191.666504,4195.0,4192.563965,4188.461426,4194.487305,4202.820313,4197.94873,4190.128418,4191.794922,4185.0,4197.563965
4273.461426,4222.692383,4219.230957,4206.666504,4196.538574,4190.512695,4190.128418,4201.666504,4205.128418,4205.384765999999,4202.692383,4202.436035,4198.589844,4219.102539
4291.410156,4238.717772999999,4234.743652,4219.871582,4203.333496,4184.102539,4184.358886999999,4196.538574,4201.922852000001,4214.230957,4216.282227000001,4212.05127,4214.487305,4234.102539
4296.666504,4243.974121,4241.922852000001,4223.846191,4204.358886999999,4175.128418,4191.794922,4187.307617,4191.538574,4210.0,4217.820313,4214.102539,4213.205078,4231.153809
4291.794922,4236.666504,4238.461426,4223.589844,4195.897461,4174.358886999999,4198.717772999999,4180.897461,4180.128418,4199.743652,4211.282227000001,4210.512695,4202.692383,4228.846191
4292.05127,4232.563965,4236.794922,4223.461426,4193.077147999999,4177.05127,4193.461426,4195.641113000001,4185.512695,4204.230957,4214.487305,4212.436035,4207.307617,4235.384765999999
4294.743652,4232.692383,4241.410156,4220.256348,4197.94873,4175.128418,4189.871582,4207.436035,4196.025879,4212.94873,4222.436035,4216.410156,4216.153809,4236.153809
4289.230957,4231.282227000001,4241.282227000001,4217.563965,4199.230957,4180.641113000001,4187.179688,4178.974121,4190.641113000001,4210.897461,4219.358886999999,4212.436035,4214.102539,4229.358886999999
4276.153809,4221.025879,4225.769043,4208.974121,4190.0,4191.282227000001,4188.333496,4163.589844,4186.153809,4203.589844,4208.077147999999,4201.538574,4202.563965,4217.05127
4263.461426,4201.666504,4207.179688,4195.0,4185.769043,4195.769043,4198.846191,4201.922852000001,4204.743652,4204.230957,4198.717772999999,4189.743652,4188.333496,4203.205078
4251.666504,4192.563965,4196.282227000001,4186.666504,4189.615234000001,4201.794922,4205.641113000001,4234.102539,4226.922852000001,4207.05127,4186.025879,4176.153809,4178.205078,4190.512695
4239.743652,4192.179688,4184.871582,4181.922852000001,4186.282227000001,4210.384765999999,4205.512695,4225.0,4230.384765999999,4202.94873,4169.743652,4167.94873,4172.179688,4179.230957
4236.282227000001,4189.487305,4177.563965,4180.897461,4184.487305,4209.230957,4221.282227000001,4228.717772999999,4236.538574,4207.307617,4170.641113000001,4172.563965,4172.179688,4176.922852000001
4238.589844,4187.05127,4183.461426,4184.487305,4190.384765999999,4207.94873,4235.256348,4248.333496,4248.205078,4215.384765999999,4181.153809,4179.102539,4176.153809,4182.307617
4247.436035,4196.666504,4197.692383,4193.205078,4192.94873,4212.94873,4219.358886999999,4242.94873,4248.205078,4214.615234000001,4185.0,4185.897461,4182.692383,4192.563965
4265.128418,4216.794922,4210.641113000001,4206.666504,4193.205078,4214.358886999999,4206.153809,4228.333496,4246.025879,4218.077147999999,4196.410156,4195.256348,4193.077147999999,4209.102539
4276.153809,4229.230957,4217.179688,4216.153809,4196.153809,4211.538574,4214.615234000001,4225.769043,4237.94873,4222.820313,4210.0,4202.179688,4198.974121,4223.205078
4282.05127,4232.820313,4225.641113000001,4221.025879,4199.743652,4203.974121,4216.666504,4220.897461,4217.692383,4218.717772999999,4211.538574,4209.487305,4206.153809,4231.410156
4291.282227000001,4237.820313,4235.512695,4224.487305,4195.0,4189.230957,4202.436035,4193.077147999999,4194.871582,4208.333496,4208.717772999999,4213.846191,4213.974121,4237.820313
4293.589844,4235.384765999999,4232.307617,4222.307617,4184.743652,4178.461426,4190.769043,4164.615234000001,4178.974121,4192.436035,4204.230957,4208.333496,4204.102539,4236.153809
4290.384765999999,4227.436035,4225.256348,4219.487305,4184.358886999999,4182.307617,4188.846191,4164.102539,4177.05127,4186.153809,4199.358886999999,4202.94873,4192.436035,4229.102539
4286.282227000001,4225.897461,4222.436035,4216.922852000001,4182.436035,4187.94873,4199.743652,4185.384765999999,4189.615234000001,4196.153809,4198.205078,4205.769043,4193.717772999999,4227.692383
4274.487305,4225.0,4212.692383,4208.461426,4172.563965,4195.897461,4218.846191,4211.153809,4206.922852000001,4201.922852000001,4198.846191,4205.0,4192.820313,4225.0
4267.563965,4222.692383,4205.897461,4206.025879,4176.922852000001,4203.589844,4221.025879,4228.461426,4220.384765999999,4205.769043,4203.589844,4201.794922,4193.846191,4223.974121
4278.077147999999,4231.538574,4210.641113000001,4212.05127,4186.922852000001,4199.871582,4216.025879,4237.436035,4232.94873,4221.538574,4213.077147999999,4204.102539,4203.846191,4232.307617
4284.615234000001,4240.128418,4211.538574,4213.077147999999,4179.487305,4194.102539,4228.589844,4239.230957,4238.077147999999,4227.563965,4212.692383,4206.922852000001,4205.128418,4237.307617
4282.179688,4239.871582,4208.205078,4212.179688,4170.128418,4193.333496,4232.820313,4235.256348,4228.077147999999,4213.077147999999,4203.461426,4207.692383,4196.282227000001,4232.307617
4290.769043,4246.410156,4214.743652,4218.205078,4178.589844,4198.846191,4219.487305,4226.538574,4215.641113000001,4202.436035,4201.666504,4214.358886999999,4195.0,4234.487305
4304.487305,4258.589844,4224.615234000001,4227.692383,4189.230957,4207.563965,4211.794922,4213.205078,4209.230957,4201.153809,4205.512695,4221.666504,4197.692383,4245.128418
4307.563965,4261.538574,4228.846191,4231.025879,4184.487305,4200.641113000001,4201.922852000001,4196.282227000001,4199.102539,4194.871582,4201.282227000001,4218.589844,4192.94873,4250.384765999999
4308.333496,4261.666504,4228.589844,4231.282227000001,4175.384765999999,4183.077147999999,4187.692383,4182.436035,4187.179688,4185.769043,4194.743652,4213.974121,4187.05127,4249.743652
4318.589844,4268.461426,4228.077147999999,4237.05127,4182.05127,4187.307617,4181.538574,4170.769043,4182.692383,4182.692383,4197.563965,4218.461426,4191.666504,4253.461426
4326.538574,4276.538574,4231.538574,4242.820313,4191.410156,4199.743652,4182.436035,4153.333496,4175.769043,4184.487305,4205.897461,4224.358886999999,4205.897461,4262.307617
4326.794922,4280.641113000001,4236.538574,4242.307617,4186.025879,4191.410156,4193.077147999999,4162.05127,4175.256348,4188.589844,4211.153809,4227.05127,4212.692383,4271.666504
4325.641113000001,4274.615234000001,4233.846191,4236.153809,4174.358886999999,4181.282227000001,4208.717772999999,4201.025879,4192.307617,4192.94873,4211.538574,4226.538574,4204.615234000001,4276.025879
4320.0,4261.282227000001,4224.743652,4230.769043,4170.0,4190.641113000001,4217.563965,4220.256348,4201.666504,4193.974121,4210.641113000001,4224.102539,4196.025879,4269.615234000001
4310.769043,4251.025879,4217.307617,4227.05127,4167.563965,4194.743652,4219.358886999999,4214.230957,4197.307617,4191.538574,4210.384765999999,4220.897461,4193.205078,4255.897461
4303.333496,4243.205078,4211.794922,4219.871582,4156.666504,4181.410156,4218.077147999999,4218.205078,4201.922852000001,4188.717772999999,4204.743652,4217.692383,4186.794922,4249.230957
4306.025879,4242.563965,4214.743652,4217.94873,4151.922852000001,4180.641113000001,4214.230957,4234.487305,4214.871582,4196.410156,4201.794922,4217.563965,4184.358886999999,4258.077147999999
4317.436035,4248.333496,4224.615234000001,4227.563965,4162.307617,4190.0,4216.153809,4229.102539,4210.128418,4203.077147999999,4205.256348,4222.307617,4190.897461,4265.256348
4323.461426,4251.153809,4229.615234000001,4236.025879,4170.641113000001,4186.922852000001,4217.05127,4207.436035,4197.692383,4197.820313,4206.666504,4228.589844,4192.436035,4260.769043
4314.615234000001,4247.307617,4225.0,4230.897461,4160.384765999999,4175.256348,4200.0,4199.487305,4192.563965,4188.974121,4204.230957,4228.974121,4184.487305,4256.410156
4310.512695,4248.589844,4222.179688,4231.153809,4152.563965,4168.077147999999,4174.358886999999,4190.128418,4185.641113000001,4186.153809,4205.512695,4225.897461,4181.025879,4258.974121
4323.974121,4260.256348,4229.871582,4242.94873,4167.307617,4173.461426,4173.333496,4170.384765999999,4179.743652,4195.256348,4214.487305,4230.128418,4189.743652,4269.230957
4326.666504,4256.922852000001,4231.922852000001,4238.589844,4175.0,4182.563965,4195.384765999999,4166.282227000001,4175.256348,4191.922852000001,4215.128418,4232.307617,4186.922852000001,4273.589844
4318.333496,4242.563965,4226.282227000001,4226.538574,4169.230957,4184.230957,4197.307617,4185.128418,4176.538574,4177.179688,4203.205078,4226.666504,4167.563965,4268.077147999999
4320.769043,4241.922852000001,4226.538574,4230.384765999999,4165.0,4182.307617,4186.025879,4199.230957,4191.666504,4183.589844,4197.94873,4223.846191,4159.871582,4265.641113000001
4319.102539,4239.615234000001,4225.0,4230.256348,4159.487305,4184.615234000001,4189.871582,4193.974121,4196.794922,4189.487305,4195.256348,4218.077147999999,4156.410156,4263.589844
4301.794922,4222.692383,4212.94873,4216.282227000001,4155.641113000001,4184.230957,4197.94873,4191.666504,4186.410156,4172.436035,4180.641113000001,4203.461426,4138.717772999999,4250.897461
4290.0,4211.410156,4202.307617,4208.205078,4151.282227000001,4175.897461,4200.512695,4214.358886999999,4189.743652,4165.641113000001,4167.692383,4196.538574,4127.05127,4240.0
4299.102539,4218.589844,4207.692383,4210.897461,4149.487305,4170.641113000001,4198.717772999999,4220.769043,4198.974121,4177.307617,4173.589844,4203.846191,4143.333496,4247.692383
4310.769043,4229.102539,4216.025879,4216.922852000001,4155.512695,4170.897461,4187.563965,4184.230957,4193.974121,4185.897461,4186.538574,4210.769043,4167.436035,4261.794922
4304.615234000001,4228.205078,4211.794922,4219.102539,4154.615234000001,4166.538574,4180.769043,4172.307617,4194.102539,4191.922852000001,4191.282227000001,4211.666504,4174.615234000001,4264.615234000001
4301.025879,4226.282227000001,4211.538574,4218.974121,4149.615234000001,4171.153809,4196.538574,4207.692383,4212.563965,4203.461426,4198.333496,4220.0,4177.94873,4265.384765999999
4311.410156,4226.153809,4223.077147999999,4222.05127,4154.487305,4180.769043,4202.179688,4222.692383,4225.128418,4214.102539,4210.512695,4233.077147999999,4188.077147999999,4274.230957
4313.589844,4221.410156,4224.743652,4222.307617,4155.512695,4176.666504,4198.333496,4210.128418,4222.05127,4215.769043,4213.717772999999,4232.179688,4193.205078,4281.025879
4307.307617,4219.102539,4220.128418,4219.615234000001,4152.94873,4184.230957,4221.666504,4218.205078,4220.128418,4212.820313,4209.615234000001,4223.461426,4192.307617,4283.205078
4310.0,4224.871582,4226.282227000001,4223.974121,4163.974121,4202.05127,4229.743652,4224.871582,4217.307617,4213.589844,4210.641113000001,4230.769043,4195.128418,4289.615234000001
4314.102539,4228.717772999999,4232.179688,4230.512695,4174.358886999999,4197.563965,4207.563965,4215.641113000001,4206.410156,4212.563965,4213.461426,4240.128418,4195.0,4293.974121
4306.153809,4217.436035,4223.077147999999,4223.205078,4166.410156,4188.077147999999,4209.358886999999,4222.820313,4195.128418,4196.922852000001,4201.153809,4226.666504,4178.077147999999,4283.846191
4305.128418,4212.820313,4218.589844,4218.461426,4158.461426,4191.538574,4222.563965,4232.307617,4191.666504,4184.230957,4186.922852000001,4217.94873,4167.563965,4280.897461
4321.666504,4229.615234000001,4232.94873,4235.769043,4170.384765999999,4192.307617,4205.897461,4216.922852000001,4196.794922,4196.282227000001,4197.563965,4232.94873,4184.102539,4300.384765999999
4328.205078,4237.179688,4239.487305,4243.974121,4177.563965,4183.461426,4190.641113000001,4196.538574,4200.897461,4206.794922,4207.820313,4237.307617,4194.102539,4307.307617
4317.307617,4226.666504,4231.538574,4231.538574,4166.282227000001,4177.179688,4199.743652,4205.384765999999,4203.974121,4203.974121,4200.512695,4224.358886999999,4185.384765999999,4292.307617
4313.077147999999,4223.589844,4231.538574,4230.384765999999,4162.692383,4178.846191,4203.077147999999,4224.871582,4210.128418,4210.128418,4201.410156,4225.128418,4189.615234000001,4289.358886999999
4318.589844,4221.794922,4236.025879,4237.436035,4161.666504,4184.615234000001,4211.538574,4235.0,4217.05127,4219.871582,4208.974121,4237.307617,4203.974121,4298.333496
4318.333496,4214.230957,4236.538574,4236.025879,4154.102539,4190.641113000001,4232.94873,4253.974121,4227.94873,4225.128418,4209.871582,4243.589844,4211.538574,4298.974121
4313.717772999999,4213.846191,4232.820313,4232.179688,4155.384765999999,4196.922852000001,4225.641113000001,4261.794922,4232.94873,4227.94873,4205.256348,4245.256348,4212.436035,4292.820313
4312.179688,4216.153809,4225.384765999999,4230.512695,4171.794922,4204.871582,4208.333496,4248.717772999999,4226.538574,4225.512695,4199.743652,4246.025879,4210.641113000001,4290.641113000001
4311.153809,4212.94873,4224.358886999999,4230.384765999999,4177.179688,4212.820313,4225.512695,4253.077147999999,4229.743652,4219.487305,4195.641113000001,4241.025879,4209.358886999999,4293.974121
4306.153809,4202.179688,4222.05127,4224.102539,4159.358886999999,4213.589844,4240.769043,4266.922852000001,4232.307617,4207.436035,4184.102539,4231.922852000001,4199.487305,4288.461426
4305.897461,4196.538574,4216.153809,4220.384765999999,4148.205078,4204.230957,4223.974121,4258.333496,4220.641113000001,4198.589844,4172.307617,4229.743652,4186.794922,4281.410156
4310.128418,4197.94873,4220.0,4226.025879,4155.0,4200.384765999999,4209.102539,4240.128418,4207.692383,4197.179688,4171.153809,4230.128418,4182.05127,4285.0
4310.256348,4195.512695,4225.512695,4229.487305,4160.769043,4208.846191,4208.974121,4236.922852000001,4203.461426,4197.307617,4174.871582,4228.205078,4183.077147999999,4289.358886999999
4314.871582,4197.436035,4227.436035,4229.230957,4149.487305,4200.384765999999,4210.0,4238.846191,4204.230957,4203.205078,4184.102539,4233.205078,4187.692383,4298.205078
4325.897461,4207.307617,4236.538574,4231.794922,4134.615234000001,4175.897461,4214.102539,4237.179688,4206.282227000001,4214.102539,4200.256348,4246.666504,4194.358886999999,4317.563965
4333.461426,4209.871582,4247.692383,4238.205078,4138.846191,4178.846191,4216.538574,4239.615234000001,4211.025879,4225.512695,4213.461426,4255.897461,4204.230957,4329.743652
4334.487305,4198.846191,4246.025879,4237.692383,4149.487305,4197.563965,4207.820313,4247.436035,4218.461426,4236.410156,4220.384765999999,4258.077147999999,4211.410156,4329.487305
4328.333496,4192.94873,4236.794922,4232.05127,4148.077147999999,4194.358886999999,4209.615234000001,4252.179688,4224.230957,4237.563965,4221.410156,4257.05127,4205.128418,4325.897461
4314.743652,4192.307617,4224.871582,4223.974121,4143.589844,4190.897461,4225.897461,4250.128418,4223.205078,4223.461426,4208.717772999999,4245.128418,4186.025879,4313.846191
4303.333496,4184.743652,4212.94873,4215.384765999999,4144.358886999999,4205.641113000001,4226.282227000001,4261.922852000001,4230.641113000001,4220.128418,4196.025879,4232.436035,4177.820313,4300.641113000001
4298.461426,4175.897461,4206.282227000001,4209.230957,4141.025879,4219.743652,4222.692383,4286.282227000001,4247.563965,4230.0,4195.897461,4226.410156,4179.230957,4295.769043
4290.384765999999,4168.717772999999,4198.077147999999,4200.897461,4138.589844,4222.692383,4228.846191,4281.282227000001,4241.666504,4224.743652,4193.333496,4217.820313,4167.94873,4286.666504
4285.256348,4167.436035,4195.641113000001,4198.205078,4139.615234000001,4214.358886999999,4227.820313,4258.974121,4229.230957,4215.897461,4190.384765999999,4213.846191,4158.333496,4279.871582
4292.179688,4170.897461,4206.282227000001,4203.333496,4131.922852000001,4202.820313,4224.743652,4266.538574,4237.436035,4222.179688,4195.0,4221.538574,4163.461426,4286.922852000001
4295.641113000001,4170.256348,4211.282227000001,4206.538574,4124.102539,4200.769043,4221.153809,4276.922852000001,4232.820313,4219.102539,4194.743652,4227.05127,4160.512695,4291.410156
4297.179688,4174.487305,4214.743652,4213.717772999999,4132.179688,4199.871582,4208.974121,4267.820313,4213.333496,4206.153809,4193.589844,4230.384765999999,4154.615234000001,4292.94873
4310.897461,4190.128418,4230.512695,4228.077147999999,4141.666504,4190.769043,4204.743652,4270.641113000001,4218.077147999999,4211.666504,4205.897461,4242.692383,4171.410156,4308.717772999999
4319.487305,4193.717772999999,4241.410156,4232.307617,4138.461426,4189.743652,4215.641113000001,4267.692383,4216.153809,4215.384765999999,4214.358886999999,4248.461426,4184.358886999999,4323.846191
4317.179688,4187.563965,4241.794922,4227.94873,4139.358886999999,4193.333496,4217.563965,4236.538574,4183.077147999999,4202.563965,4212.179688,4243.333496,4175.0,4327.436035
4323.205078,4191.025879,4246.794922,4231.410156,4142.05127,4176.025879,4204.615234000001,4225.384765999999,4171.922852000001,4200.769043,4216.922852000001,4247.563965,4172.436035,4333.974121
4326.410156,4190.0,4249.358886999999,4232.94873,4130.769043,4160.769043,4198.846191,4252.307617,4191.794922,4213.205078,4224.102539,4257.436035,4181.666504,4339.102539
4309.615234000001,4181.410156,4237.692383,4223.461426,4126.794922,4182.820313,4208.717772999999,4269.743652,4201.666504,4217.820313,4221.410156,4251.282227000001,4181.666504,4330.897461
4293.717772999999,4173.846191,4222.436035,4214.102539,4136.282227000001,4206.794922,4218.846191,4270.384765999999,4207.307617,4218.589844,4217.563965,4236.538574,4175.641113000001,4320.769043
4292.179688,4169.487305,4217.05127,4213.717772999999,4142.307617,4207.563965,4216.025879,4280.256348,4226.922852000001,4227.692383,4220.256348,4232.820313,4177.436035,4319.230957
4292.563965,4168.717772999999,4218.846191,4215.384765999999,4144.230957,4213.333496,4215.641113000001,4298.717772999999,4244.102539,4237.05127,4222.820313,4233.077147999999,4175.0,4315.256348
4289.230957,4164.743652,4217.94873,4209.871582,4143.589844,4230.256348,4227.436035,4304.102539,4246.666504,4241.922852000001,4221.922852000001,4229.102539,4165.641113000001,4309.102539
4280.0,4157.94873,4210.897461,4202.820313,4142.179688,4227.563965,4227.820313,4296.025879,4248.205078,4237.692383,4217.05127,4224.615234000001,4156.538574,4306.794922
4269.230957,4156.922852000001,4202.820313,4199.358886999999,4139.615234000001,4204.102539,4209.871582,4300.0,4255.256348,4228.974121,4208.205078,4220.897461,4150.384765999999,4301.666504
4271.025879,4157.692383,4203.717772999999,4201.153809,4133.461426,4194.358886999999,4204.230957,4317.179688,4258.717772999999,4233.846191,4207.307617,4223.077147999999,4153.461426,4300.897461
4279.487305,4154.871582,4209.871582,4206.025879,4128.589844,4197.692383,4205.256348,4305.0,4243.333496,4237.692383,4207.820313,4223.589844,4152.563965,4303.589844
4285.384765999999,4165.384765999999,4216.794922,4211.922852000001,4133.974121,4196.153809,4192.436035,4268.461426,4220.128418,4221.538574,4201.025879,4217.307617,4139.743652,4300.641113000001
4297.436035,4187.307617,4232.94873,4224.102539,4142.820313,4188.589844,4195.512695,4275.769043,4218.205078,4214.871582,4203.589844,4221.922852000001,4142.05127,4306.410156
4310.0,4191.410156,4244.871582,4234.743652,4135.769043,4171.153809,4202.820313,4290.512695,4213.974121,4217.05127,4210.128418,4232.94873,4154.487305,4321.153809
4310.641113000001,4183.461426,4243.461426,4234.358886999999,4128.461426,4161.922852000001,4183.589844,4261.282227000001,4190.384765999999,4201.922852000001,4203.333496,4231.922852000001,4149.358886999999,4324.743652
4301.153809,4177.179688,4237.820313,4226.794922,4131.153809,4170.256348,4171.410156,4244.487305,4172.94873,4184.487305,4194.358886999999,4224.615234000001,4140.128418,4320.512695
4288.846191,4166.153809,4226.538574,4215.0,4125.256348,4169.358886999999,4175.641113000001,4248.717772999999,4167.307617,4181.922852000001,4191.282227000001,4217.94873,4138.077147999999,4317.179688
4276.666504,4154.743652,4209.615234000001,4205.0,4117.94873,4168.333496,4173.205078,4235.897461,4165.512695,4185.769043,4187.692383,4211.410156,4133.974121,4310.897461
4266.794922,4145.512695,4200.769043,4198.077147999999,4120.0,4190.384765999999,4182.05127,4254.487305,4185.641113000001,4194.358886999999,4185.512695,4211.282227000001,4133.717772999999,4304.871582
4264.487305,4140.897461,4204.743652,4198.333496,4124.871582,4208.846191,4205.0,4318.846191,4235.256348,4216.025879,4194.743652,4215.384765999999,4142.820313,4306.666504
4270.256348,4149.230957,4211.025879,4206.282227000001,4132.692383,4208.846191,4210.128418,4337.692383,4265.641113000001,4237.820313,4209.743652,4216.666504,4152.05127,4312.820313
4274.487305,4154.743652,4213.846191,4210.256348,4134.358886999999,4203.589844,4200.641113000001,4307.692383,4250.641113000001,4236.922852000001,4210.897461,4215.769043,4151.538574,4314.871582
4275.256348,4153.717772999999,4215.512695,4212.436035,4123.974121,4199.871582,4193.333496,4296.666504,4230.0,4222.436035,4199.615234000001,4211.282227000001,4145.769043,4312.307617
4280.128418,4161.410156,4221.666504,4218.717772999999,4119.615234000001,4198.205078,4189.230957,4310.512695,4236.410156,4217.820313,4196.922852000001,4210.641113000001,4143.205078,4310.897461
4284.743652,4165.897461,4228.205078,4221.794922,4125.769043,4200.384765999999,4190.256348,4314.230957,4238.077147999999,4217.436035,4199.230957,4212.179688,4140.384765999999,4311.025879
4286.666504,4165.128418,4232.436035,4223.717772999999,4132.179688,4201.538574,4183.077147999999,4285.512695,4210.0,4205.256348,4195.641113000001,4207.436035,4138.974121,4312.94873
4295.0,4172.94873,4239.487305,4232.436035,4133.717772999999,4189.871582,4162.436035,4251.282227000001,4187.307617,4195.512695,4197.179688,4208.333496,4145.641113000001,4318.974121
4304.743652,4181.153809,4245.897461,4240.769043,4132.307617,4176.282227000001,4163.974121,4246.538574,4188.077147999999,4200.897461,4204.358886999999,4221.025879,4152.94873,4326.410156
4305.512695,4178.846191,4246.794922,4240.384765999999,4135.0,4180.256348,4183.589844,4256.794922,4185.641113000001,4198.589844,4203.333496,4224.871582,4146.282227000001,4325.256348
4299.487305,4176.153809,4241.666504,4234.230957,4141.153809,4186.153809,4181.153809,4256.666504,4177.94873,4184.230957,4196.794922,4215.384765999999,4133.589844,4317.179688
4294.358886999999,4175.256348,4233.589844,4231.410156,4142.436035,4183.077147999999,4170.897461,4274.743652,4195.512695,4189.743652,4200.256348,4212.307617,4131.666504,4315.256348
4283.589844,4159.871582,4219.487305,4223.077147999999,4135.512695,4187.307617,4181.666504,4304.487305,4209.487305,4197.692383,4198.461426,4207.179688,4123.333496,4309.487305
4269.102539,4136.794922,4206.666504,4207.436035,4127.179688,4193.333496,4196.282227000001,4302.05127,4193.589844,4185.384765999999,4183.589844,4190.769043,4107.820313,4292.307617
4263.717772999999,4132.692383,4203.974121,4202.179688,4119.871582,4186.153809,4192.692383,4283.461426,4185.0,4179.871582,4175.641113000001,4180.769043,4103.333496,4283.461426
4261.794922,4139.743652,4204.615234000001,4204.230957,4115.384765999999,4183.077147999999,4184.615234000001,4288.589844,4194.102539,4185.128418,4178.461426,4182.307617,4100.512695,4286.153809
4261.666504,4139.358886999999,4209.102539,4202.563965,4118.717772999999,4198.205078,4190.256348,4314.358886999999,4204.487305,4187.820313,4183.077147999999,4183.717772999999,4095.897461,4287.563965
4266.538574,4139.358886999999,4217.436035,4206.666504,4127.563965,4202.94873,4188.846191,4319.615234000001,4206.922852000001,4192.436035,4186.794922,4183.589844,4098.461426,4287.692383
4276.410156,4148.846191,4228.717772999999,4223.205078,4137.307617,4191.538574,4171.666504,4304.871582,4207.563965,4198.205078,4192.179688,4191.025879,4106.794922,4296.153809
4284.871582,4153.077147999999,4235.512695,4230.512695,4144.871582,4195.0,4165.384765999999,4293.717772999999,4208.333496,4196.666504,4193.077147999999,4193.974121,4110.384765999999,4302.436035
4284.743652,4149.230957,4233.461426,4226.282227000001,4150.256348,4208.205078,4165.0,4280.128418,4207.563965,4193.846191,4188.589844,4187.563965,4112.436035,4297.179688
4289.871582,4157.307617,4239.230957,4235.512695,4158.205078,4207.436035,4157.563965,4281.153809,4215.769043,4208.974121,4200.0,4193.205078,4128.717772999999,4300.641113000001
4295.512695,4166.410156,4246.025879,4243.461426,4161.025879,4196.025879,4154.230957,4291.153809,4218.717772999999,4223.589844,4215.897461,4203.461426,4141.538574,4313.077147999999
4288.974121,4156.410156,4235.384765999999,4231.153809,4154.358886999999,4199.743652,4170.384765999999,4277.307617,4204.230957,4213.717772999999,4209.230957,4200.512695,4131.666504,4309.615234000001
4284.358886999999,4142.307617,4230.256348,4221.153809,4151.666504,4214.230957,4198.846191,4272.692383,4205.512695,4208.846191,4202.94873,4198.974121,4125.897461,4303.333496
4288.205078,4138.205078,4237.94873,4220.512695,4149.871582,4208.205078,4208.461426,4295.897461,4224.230957,4221.538574,4210.128418,4207.436035,4133.077147999999,4307.436035
4283.846191,4133.333496,4231.922852000001,4212.94873,4138.717772999999,4194.102539,4210.128418,4316.794922,4229.487305,4220.512695,4203.461426,4205.641113000001,4119.743652,4301.025879
4265.641113000001,4119.230957,4214.615234000001,4201.153809,4127.94873,4202.179688,4219.102539,4320.512695,4222.05127,4199.230957,4179.358886999999,4185.769043,4088.8461909999996,4278.846191
4251.922852000001,4107.05127,4202.179688,4194.358886999999,4130.384765999999,4213.717772999999,4217.05127,4310.512695,4213.589844,4185.384765999999,4161.538574,4166.410156,4073.461426,4260.769043
4251.282227000001,4107.692383,4197.820313,4191.922852000001,4135.512695,4199.230957,4202.307617,4295.384765999999,4206.410156,4187.94873,4158.846191,4164.615234000001,4076.025635,4258.974121
4257.179688,4113.974121,4202.820313,4195.641113000001,4133.717772999999,4190.0,4195.769043,4292.05127,4206.410156,4191.922852000001,4166.666504,4175.0,4082.820557,4266.282227000001
4266.410156,4121.282227000001,4215.769043,4208.846191,4142.820313,4210.0,4196.410156,4298.717772999999,4214.487305,4198.333496,4183.077147999999,4188.333496,4102.94873,4277.820313
4268.846191,4117.692383,4221.922852000001,4213.077147999999,4150.512695,4218.846191,4193.077147999999,4296.538574,4215.897461,4206.282227000001,4193.589844,4197.05127,4124.230957,4287.820313
4264.615234000001,4105.128418,4218.717772999999,4203.974121,4139.102539,4202.436035,4188.589844,4291.282227000001,4213.974121,4209.230957,4191.410156,4196.538574,4121.666504,4287.307617
4272.436035,4110.128418,4225.128418,4211.153809,4139.102539,4200.256348,4180.769043,4290.128418,4223.333496,4219.358886999999,4198.333496,4199.487305,4125.128418,4288.077147999999
4282.05127,4125.384765999999,4232.94873,4225.0,4153.589844,4212.179688,4178.846191,4296.410156,4230.641113000001,4231.025879,4208.333496,4205.128418,4144.487305,4294.743652
4273.205078,4123.205078,4225.769043,4217.307617,4152.05127,4207.820313,4185.897461,4305.512695,4219.102539,4221.153809,4200.128418,4194.615234000001,4143.461426,4289.358886999999
4268.461426,4120.769043,4219.358886999999,4212.436035,4141.922852000001,4195.512695,4184.615234000001,4294.487305,4204.615234000001,4208.974121,4193.077147999999,4188.333496,4131.794922,4280.512695
4278.717772999999,4134.615234000001,4226.794922,4227.692383,4141.922852000001,4190.897461,4178.717772999999,4275.512695,4203.589844,4213.717772999999,4201.666504,4199.230957,4136.282227000001,4286.666504
4280.512695,4138.589844,4233.974121,4231.922852000001,4145.128418,4190.256348,4184.102539,4278.974121,4201.538574,4211.410156,4203.589844,4197.692383,4133.461426,4290.769043
4272.436035,4123.205078,4228.333496,4213.846191,4142.307617,4187.563965,4190.128418,4287.94873,4193.589844,4195.128418,4190.384765999999,4183.077147999999,4114.230957,4277.94873
4268.461426,4111.922852000001,4223.205078,4204.871582,4137.307617,4190.769043,4196.538574,4281.666504,4191.538574,4188.974121,4180.256348,4182.692383,4108.589844,4265.128418
4261.538574,4111.153809,4219.743652,4213.077147999999,4139.615234000001,4206.025879,4211.153809,4270.512695,4195.0,4192.05127,4177.179688,4184.743652,4112.436035,4262.436035
4245.384765999999,4101.282227000001,4205.512695,4206.922852000001,4145.769043,4213.333496,4208.589844,4264.102539,4194.615234000001,4190.897461,4172.179688,4173.333496,4106.794922,4258.589844
4238.333496,4091.794922,4196.794922,4191.282227000001,4143.717772999999,4209.358886999999,4189.743652,4268.717772999999,4200.897461,4195.769043,4169.615234000001,4168.717772999999,4106.794922,4254.743652
4242.05127,4097.05127,4202.179688,4191.538574,4139.871582,4215.256348,4188.589844,4275.256348,4214.102539,4206.538574,4170.641113000001,4171.794922,4115.641113000001,4253.589844
4236.922852000001,4097.307617,4200.128418,4194.102539,4141.922852000001,4225.0,4205.512695,4283.333496,4220.384765999999,4207.94873,4170.512695,4168.205078,4116.153809,4249.743652
4232.307617,4091.025635,4196.025879,4191.153809,4144.487305,4223.589844,4211.410156,4308.205078,4229.358886999999,4211.410156,4178.077147999999,4170.512695,4125.512695,4253.333496
4240.0,4095.1281740000004,4204.230957,4196.922852000001,4149.743652,4221.666504,4204.358886999999,4321.922852000001,4235.384765999999,4217.94873,4188.461426,4182.179688,4143.846191,4267.563965
4249.743652,4105.897461,4213.589844,4207.05127,4164.358886999999,4229.615234000001,4199.358886999999,4301.666504,4225.256348,4214.358886999999,4187.05127,4188.589844,4148.461426,4278.589844
4253.461426,4107.820313,4216.025879,4208.461426,4168.846191,4227.179688,4193.205078,4286.794922,4212.436035,4205.128418,4181.794922,4187.436035,4146.410156,4280.641113000001
4255.128418,4105.256348,4213.974121,4207.307617,4154.358886999999,4210.897461,4186.025879,4282.94873,4194.871582,4192.820313,4180.512695,4187.179688,4143.717772999999,4277.436035
4259.487305,4107.94873,4214.102539,4211.025879,4147.05127,4204.230957,4178.461426,4260.128418,4167.307617,4176.538574,4174.871582,4186.153809,4136.410156,4275.384765999999
4272.94873,4117.820313,4225.897461,4220.641113000001,4149.487305,4201.794922,4165.256348,4231.282227000001,4153.077147999999,4172.05127,4172.563965,4187.94873,4138.974121,4283.589844
4289.230957,4128.717772999999,4241.666504,4230.897461,4146.794922,4197.436035,4160.0,4219.743652,4160.0,4183.077147999999,4182.307617,4192.820313,4152.692383,4295.641113000001
4286.410156,4122.179688,4240.128418,4227.307617,4142.436035,4199.102539,4171.794922,4220.0,4166.538574,4189.358886999999,4189.358886999999,4189.487305,4151.282227000001,4294.358886999999
4277.563965,4108.205078,4231.794922,4218.461426,4141.794922,4206.666504,4181.410156,4237.436035,4185.897461,4200.769043,4194.871582,4188.589844,4147.179688,4291.538574
4275.128418,4101.794922,4227.692383,4214.102539,4143.974121,4222.05127,4194.871582,4271.282227000001,4222.179688,4220.384765999999,4206.282227000001,4192.436035,4157.307617,4291.922852000001
4254.358886999999,4079.487061,4205.384765999999,4195.0,4138.717772999999,4229.871582,4210.897461,4281.666504,4224.743652,4210.128418,4193.461426,4176.794922,4140.769043,4268.205078
4223.461426,4048.8461909999996,4177.307617,4171.538574,4128.333496,4223.846191,4213.077147999999,4270.0,4207.692383,4191.153809,4164.230957,4153.589844,4104.487305,4239.358886999999
4216.794922,4046.4101560000004,4175.0,4174.230957,4130.256348,4232.563965,4217.820313,4275.128418,4223.846191,4203.717772999999,4165.384765999999,4151.410156,4100.897461,4237.94873
4219.358886999999,4052.179443,4177.94873,4180.512695,4137.563965,4249.871582,4226.922852000001,4293.205078,4240.256348,4211.794922,4176.282227000001,4157.436035,4110.512695,4238.461426
4216.922852000001,4049.743652,4175.128418,4177.179688,4136.410156,4242.563965,4225.128418,4306.025879,4228.461426,4201.025879,4173.717772999999,4158.333496,4104.230957,4229.871582
4236.538574,4066.6667479999996,4190.512695,4189.871582,4135.128418,4230.0,4220.897461,4302.307617,4226.025879,4212.436035,4190.128418,4173.717772999999,4116.153809,4246.153809
4267.94873,4092.3076170000004,4215.769043,4211.410156,4139.358886999999,4239.230957,4224.102539,4285.256348,4235.256348,4230.0,4219.358886999999,4197.820313,4146.666504,4276.153809
4276.282227000001,4102.307617,4223.717772999999,4218.589844,4149.743652,4247.307617,4213.589844,4278.846191,4223.717772999999,4219.871582,4227.179688,4204.743652,4155.641113000001,4284.102539
4279.102539,4114.871582,4227.820313,4220.897461,4162.307617,4235.256348,4184.743652,4272.94873,4204.102539,4207.94873,4226.153809,4206.538574,4155.512695,4288.333496
4296.410156,4130.641113000001,4244.615234000001,4231.794922,4166.410156,4226.025879,4171.025879,4251.410156,4199.615234000001,4214.743652,4235.641113000001,4217.307617,4168.077147999999,4306.025879
4298.846191,4124.487305,4250.256348,4233.205078,4161.153809,4227.05127,4180.0,4241.282227000001,4195.769043,4214.358886999999,4232.94873,4218.461426,4164.743652,4305.512695
4276.794922,4108.333496,4233.589844,4219.871582,4157.820313,4225.384765999999,4189.230957,4248.077147999999,4183.205078,4196.922852000001,4215.128418,4202.05127,4141.794922,4279.102539
4260.897461,4101.025879,4216.794922,4208.846191,4158.717772999999,4223.717772999999,4193.461426,4248.205078,4173.589844,4182.436035,4202.563965,4185.384765999999,4126.794922,4257.692383
4253.205078,4090.897461,4208.077147999999,4198.974121,4149.487305,4219.871582,4198.077147999999,4248.077147999999,4169.358886999999,4176.666504,4195.128418,4180.512695,4120.769043,4250.769043
4246.666504,4084.102539,4205.128418,4193.205078,4140.0,4218.589844,4202.94873,4257.05127,4177.307617,4180.384765999999,4198.333496,4186.025879,4121.153809,4250.384765999999
4240.384765999999,4088.205078,4202.05127,4195.384765999999,4148.717772999999,4226.922852000001,4206.025879,4260.128418,4199.871582,4194.615234000001,4206.025879,4187.05127,4125.384765999999,4247.436035
4231.538574,4085.7692869999996,4191.922852000001,4193.717772999999,4156.794922,4231.794922,4207.563965,4262.563965,4220.897461,4210.897461,4203.077147999999,4178.205078,4127.563965,4237.692383
4227.692383,4079.487061,4186.666504,4187.94873,4149.743652,4236.153809,4222.692383,4275.0,4236.538574,4228.589844,4203.846191,4175.897461,4134.743652,4232.436035
4227.307617,4079.615479,4188.205078,4183.205078,4142.05127,4253.461426,4244.487305,4285.256348,4247.820313,4238.077147999999,4210.128418,4179.743652,4141.410156,4233.461426
4233.205078,4094.487061,4193.077147999999,4185.641113000001,4152.436035,4260.897461,4233.077147999999,4289.743652,4255.256348,4238.077147999999,4215.512695,4183.589844,4146.410156,4240.897461
4244.871582,4111.794922,4202.563965,4196.666504,4168.333496,4244.743652,4200.897461,4283.717772999999,4254.358886999999,4239.871582,4222.820313,4189.102539,4157.307617,4252.05127
4248.333496,4110.384765999999,4207.563965,4202.94873,4168.077147999999,4234.743652,4194.102539,4272.692383,4242.692383,4237.307617,4227.307617,4190.384765999999,4161.025879,4251.922852000001
4244.358886999999,4104.871582,4207.563965,4200.256348,4164.102539,4239.102539,4207.820313,4273.589844,4228.846191,4223.461426,4222.692383,4187.94873,4151.666504,4247.307617
4248.333496,4110.769043,4212.94873,4200.897461,4170.256348,4240.769043,4208.077147999999,4265.256348,4209.358886999999,4203.846191,4217.820313,4189.102539,4147.179688,4250.512695
4256.794922,4120.641113000001,4218.846191,4207.94873,4176.922852000001,4241.538574,4197.563965,4244.230957,4189.230957,4193.846191,4217.05127,4191.025879,4159.102539,4254.102539
4252.94873,4119.487305,4212.692383,4207.307617,4169.615234000001,4237.94873,4198.461426,4253.974121,4192.307617,4198.461426,4211.922852000001,4186.025879,4171.794922,4248.846191
4240.0,4106.538574,4200.641113000001,4195.256348,4153.461426,4226.666504,4207.179688,4274.358886999999,4206.794922,4197.307617,4201.410156,4174.230957,4162.692383,4236.410156
4230.128418,4100.512695,4194.615234000001,4188.333496,4149.102539,4224.102539,4212.307617,4263.205078,4208.077147999999,4195.512695,4192.307617,4161.922852000001,4147.563965,4224.615234000001
4226.794922,4100.897461,4193.461426,4186.025879,4145.897461,4224.358886999999,4222.436035,4255.256348,4205.641113000001,4201.538574,4187.94873,4155.769043,4146.922852000001,4219.102539
4228.589844,4099.871582,4189.615234000001,4183.333496,4138.077147999999,4218.461426,4231.794922,4262.436035,4208.333496,4196.410156,4186.538574,4158.333496,4150.128418,4218.846191
4235.0,4109.615234000001,4190.256348,4191.666504,4145.256348,4220.769043,4216.794922,4254.358886999999,4210.256348,4191.153809,4192.94873,4164.230957,4153.589844,4221.666504
4239.871582,4119.487305,4197.563965,4200.256348,4155.512695,4224.743652,4196.666504,4245.641113000001,4212.179688,4203.717772999999,4204.615234000001,4167.307617,4163.333496,4228.717772999999
4238.461426,4111.153809,4196.538574,4195.128418,4154.487305,4226.025879,4199.871582,4255.0,4212.692383,4211.025879,4208.333496,4168.461426,4171.538574,4232.179688
4236.794922,4103.589844,4190.769043,4191.025879,4155.0,4226.794922,4197.05127,4249.615234000001,4207.179688,4202.307617,4206.153809,4171.153809,4170.256348,4228.205078
4236.794922,4110.0,4192.692383,4194.871582,4161.794922,4226.153809,4179.102539,4231.666504,4203.205078,4201.666504,4208.717772999999,4172.820313,4167.05127,4227.307617
4238.333496,4117.436035,4196.666504,4196.410156,4166.666504,4226.922852000001,4179.102539,4233.717772999999,4205.512695,4210.256348,4214.102539,4170.0,4169.743652,4229.615234000001
4239.743652,4121.794922,4195.256348,4195.0,4164.487305,4223.205078,4192.563965,4242.820313,4205.512695,4208.589844,4210.0,4168.077147999999,4169.102539,4224.102539
4237.692383,4126.410156,4193.205078,4195.0,4156.666504,4215.512695,4202.820313,4247.820313,4206.922852000001,4201.153809,4203.077147999999,4170.769043,4161.922852000001,4215.0
4233.333496,4125.769043,4194.230957,4193.717772999999,4155.256348,4217.307617,4213.461426,4257.563965,4212.05127,4196.794922,4202.692383,4171.153809,4159.743652,4211.794922
4233.974121,4121.666504,4195.769043,4195.0,4160.384765999999,4223.974121,4217.820313,4263.461426,4213.589844,4196.153809,4201.153809,4164.230957,4164.743652,4209.743652
4236.666504,4121.153809,4193.461426,4196.666504,4158.846191,4225.769043,4218.205078,4265.512695,4214.230957,4195.769043,4195.0,4156.153809,4163.205078,4205.512695
4226.538574,4118.205078,4179.615234000001,4186.794922,4151.794922,4226.538574,4221.538574,4269.871582,4212.820313,4189.102539,4188.461426,4148.333496,4151.410156,4197.94873
4213.461426,4108.846191,4168.333496,4176.538574,4154.102539,4230.512695,4219.743652,4262.179688,4213.717772999999,4189.743652,4187.692383,4141.025879,4148.717772999999,4191.922852000001
4218.077147999999,4108.077147999999,4172.436035,4181.794922,4165.0,4234.358886999999,4211.282227000001,4248.077147999999,4224.487305,4204.871582,4194.230957,4141.666504,4153.589844,4192.94873
4228.333496,4117.436035,4176.282227000001,4186.794922,4171.538574,4242.179688,4201.025879,4236.922852000001,4222.05127,4209.487305,4198.333496,4144.102539,4145.512695,4194.358886999999
4231.666504,4125.0,4180.0,4187.307617,4175.769043,4244.102539,4198.077147999999,4232.94873,4209.102539,4203.205078,4204.102539,4150.384765999999,4143.333496,4198.974121
4234.743652,4129.743652,4190.384765999999,4194.102539,4172.563965,4224.615234000001,4203.974121,4244.358886999999,4213.333496,4208.846191,4216.153809,4165.0,4157.563965,4212.563965
4230.769043,4123.717772999999,4191.538574,4190.384765999999,4155.769043,4207.563965,4209.102539,4248.717772999999,4217.436035,4208.205078,4212.692383,4166.666504,4151.922852000001,4212.692383
4221.410156,4115.512695,4182.94873,4180.641113000001,4146.153809,4217.692383,4218.717772999999,4238.333496,4205.512695,4192.436035,4199.358886999999,4157.05127,4134.871582,4200.641113000001
4223.589844,4123.589844,4182.692383,4186.153809,4156.282227000001,4226.922852000001,4228.333496,4242.179688,4205.384765999999,4191.922852000001,4203.205078,4159.487305,4143.717772999999,4203.461426
4231.410156,4143.077147999999,4192.179688,4198.333496,4169.743652,4222.692383,4223.846191,4255.0,4218.846191,4205.128418,4215.384765999999,4167.692383,4162.692383,4214.230957
4229.743652,4149.871582,4196.538574,4199.743652,4172.05127,4227.05127,4214.487305,4248.589844,4213.717772999999,4202.94873,4214.358886999999,4162.179688,4165.384765999999,4212.05127
4226.922852000001,4144.230957,4195.384765999999,4197.692383,4167.05127,4230.512695,4218.717772999999,4240.769043,4198.077147999999,4194.487305,4207.307617,4157.94873,4161.922852000001,4204.871582
4237.563965,4154.487305,4201.922852000001,4207.436035,4174.358886999999,4224.358886999999,4213.974121,4247.94873,4207.179688,4207.563965,4213.077147999999,4168.717772999999,4173.589844,4209.743652
4251.666504,4176.153809,4213.205078,4220.0,4193.205078,4227.820313,4184.743652,4242.692383,4223.974121,4226.025879,4227.436035,4179.743652,4189.487305,4219.102539
4245.256348,4171.025879,4212.94873,4217.05127,4194.743652,4230.128418,4172.94873,4218.205078,4212.307617,4218.461426,4225.256348,4174.871582,4180.512695,4212.820313
4219.743652,4141.282227000001,4199.230957,4196.666504,4175.128418,4219.358886999999,4194.871582,4215.128418,4194.615234000001,4197.692383,4203.333496,4160.897461,4151.410156,4190.769043
4201.025879,4121.153809,4182.94873,4176.922852000001,4161.153809,4217.307617,4219.358886999999,4238.974121,4202.692383,4189.102539,4188.333496,4152.94873,4134.871582,4171.410156
4192.94873,4114.358886999999,4171.153809,4171.153809,4157.692383,4225.897461,4222.692383,4243.717772999999,4212.179688,4184.743652,4182.563965,4142.94873,4126.922852000001,4156.538574
4181.666504,4107.05127,4157.563965,4164.615234000001,4151.922852000001,4223.077147999999,4213.589844,4229.743652,4200.769043,4172.307617,4168.077147999999,4127.307617,4111.153809,4137.179688
4175.512695,4106.794922,4147.05127,4157.05127,4153.205078,4219.230957,4213.846191,4228.589844,4194.487305,4169.358886999999,4160.769043,4120.769043,4108.205078,4128.333496
4175.384765999999,4111.282227000001,4145.128418,4156.794922,4157.436035,4222.436035,4218.077147999999,4238.205078,4208.333496,4181.025879,4169.487305,4124.871582,4117.563965,4131.538574
4173.077147999999,4111.282227000001,4145.256348,4159.615234000001,4155.384765999999,4215.897461,4208.205078,4246.538574,4214.871582,4184.230957,4171.025879,4128.717772999999,4117.307617,4129.615234000001
4181.410156,4121.282227000001,4152.94873,4167.692383,4160.641113000001,4216.025879,4208.589844,4250.897461,4207.692383,4185.897461,4172.05127,4135.769043,4124.230957,4132.436035
4204.615234000001,4139.487305,4175.384765999999,4183.461426,4171.410156,4226.538574,4219.102539,4245.128418,4204.358886999999,4196.153809,4189.230957,4151.410156,4150.256348,4151.282227000001
4228.589844,4156.410156,4201.410156,4201.025879,4181.666504,4221.153809,4198.974121,4227.307617,4199.102539,4199.230957,4206.922852000001,4165.897461,4170.897461,4171.282227000001
4249.102539,4186.025879,4217.94873,4219.230957,4194.102539,4212.179688,4172.05127,4205.897461,4183.589844,4199.230957,4218.589844,4177.94873,4184.871582,4184.615234000001
4257.179688,4209.102539,4224.230957,4230.897461,4202.05127,4212.179688,4168.846191,4190.0,4172.179688,4202.436035,4225.641113000001,4185.641113000001,4201.153809,4190.512695
4249.743652,4200.769043,4223.717772999999,4228.333496,4202.94873,4209.230957,4171.282227000001,4199.871582,4181.025879,4205.769043,4227.05127,4186.922852000001,4211.794922,4186.025879
4241.025879,4189.230957,4218.717772999999,4219.487305,4204.743652,4205.897461,4177.692383,4225.769043,4201.794922,4215.512695,4226.794922,4181.794922,4214.615234000001,4181.153809
4232.179688,4191.282227000001,4206.666504,4211.922852000001,4203.589844,4215.897461,4190.641113000001,4229.871582,4211.794922,4224.358886999999,4220.512695,4169.743652,4206.282227000001,4173.205078
4212.307617,4176.922852000001,4186.538574,4198.205078,4194.743652,4223.333496,4191.666504,4216.538574,4211.666504,4217.05127,4200.641113000001,4152.05127,4185.256348,4151.282227000001
4191.666504,4149.743652,4166.794922,4178.717772999999,4183.077147999999,4219.743652,4186.153809,4204.871582,4208.589844,4203.589844,4178.717772999999,4137.436035,4167.179688,4130.512695
4185.641113000001,4142.436035,4156.922852000001,4168.333496,4176.538574,4227.94873,4198.333496,4202.307617,4206.282227000001,4198.333496,4171.282227000001,4133.333496,4164.743652,4125.0
4184.358886999999,4147.563965,4156.410156,4166.538574,4173.846191,4233.974121,4212.563965,4216.410156,4213.846191,4195.769043,4170.769043,4132.94873,4158.077147999999,4123.717772999999
4181.666504,4148.589844,4159.743652,4165.256348,4169.615234000001,4226.410156,4208.717772999999,4234.615234000001,4225.512695,4193.974121,4167.05127,4133.846191,4144.743652,4121.666504
4182.820313,4143.717772999999,4161.922852000001,4164.230957,4171.410156,4227.307617,4201.794922,4229.230957,4215.128418,4187.436035,4163.717772999999,4135.128418,4143.717772999999,4125.512695
4184.358886999999,4137.94873,4163.077147999999,4162.307617,4179.102539,4225.769043,4205.384765999999,4206.794922,4192.05127,4173.717772999999,4162.436035,4136.922852000001,4149.487305,4132.436035
4193.333496,4152.563965,4175.512695,4169.102539,4182.820313,4209.871582,4211.025879,4215.641113000001,4198.205078,4177.820313,4172.179688,4153.846191,4165.769043,4149.743652
4198.021973,4157.692383,4178.47998,4172.74707,4183.681152,4209.01123,4210.292969,4215.439453,4197.216309,4181.648438,4174.358886999999,4154.908203,4167.161133,4153.370117
4202.710449,4162.820313,4181.446777,4176.39209,4184.541992,4208.150390999999,4209.560547,4215.238281,4196.227051,4185.476074,4176.538574,4155.970703,4168.553223,4156.996094
4207.399414,4167.94873,4184.414063,4180.036621,4185.402832,4207.289551,4208.827636999999,4215.036621,4195.238281,4189.304199,4178.717772999999,4157.033203,4169.944824,4160.622559
4212.087890999999,4173.077147999999,4187.380859000001,4183.681152,4186.263672,4206.428711,4208.095215,4214.834961,4194.249022999999,4193.131836,4180.897461,4158.095215,4171.336914,4164.249022999999
4216.776367,4178.205078,4190.348145,4187.326172,4187.124511999999,4205.567871,4207.362793,4214.633789,4193.260254,4196.959473,4183.077147999999,4159.157715,4172.729004,4167.875488000001
4221.465332,4183.333496,4193.314941,4190.970703,4187.985352000001,4204.707031,4206.629883,4214.432129,4192.270996,4200.787598,4185.256348,4160.219727000001,4174.121094,4171.501953
4226.153809,4188.461426,4196.282227000001,4194.615234000001,4188.846191,4203.846191,4205.897461,4214.230957,4191.282227000001,4204.615234000001,4187.436035,4161.282227000001,4175.512695,4175.128418
4226.410156,4185.641113000001,4197.436035,4195.256348,4182.94873,4202.94873,4209.871582,4234.615234000001,4211.282227000001,4213.461426,4193.846191,4161.794922,4183.974121,4173.846191
4212.563965,4172.179688,4185.769043,4184.871582,4177.05127,4214.102539,4212.692383,4234.743652,4210.256348,4205.641113000001,4188.461426,4159.615234000001,4181.666504,4161.025879
4198.717772999999,4164.871582,4168.846191,4171.538574,4177.307617,4215.641113000001,4200.128418,4217.563965,4197.820313,4193.461426,4176.538574,4155.512695,4170.384765999999,4151.282227000001
4204.358886999999,4175.897461,4172.179688,4177.179688,4178.589844,4211.538574,4202.179688,4231.538574,4210.384765999999,4204.615234000001,4184.871582,4158.205078,4176.794922,4160.641113000001
4215.641113000001,4185.897461,4182.563965,4188.717772999999,4177.820313,4214.871582,4217.436035,4257.05127,4231.538574,4222.820313,4203.077147999999,4165.897461,4188.077147999999,4172.692383
4221.794922,4187.692383,4185.384765999999,4190.384765999999,4178.717772999999,4219.102539,4216.666504,4252.05127,4232.05127,4226.282227000001,4211.922852000001,4172.179688,4186.794922,4175.384765999999
4221.282227000001,4190.128418,4183.974121,4184.871582,4175.0,4216.410156,4211.922852000001,4231.282227000001,4212.05127,4216.538574,4208.717772999999,4170.769043,4180.256348,4171.410156
4212.05127,4189.358886999999,4178.205078,4181.794922,4177.307617,4214.487305,4212.307617,4214.230957,4186.025879,4197.692383,4196.922852000001,4155.769043,4176.153809,4162.436035
4205.897461,4186.410156,4171.794922,4183.461426,4188.461426,4211.794922,4210.769043,4201.410156,4172.179688,4182.692383,4189.487305,4141.282227000001,4176.538574,4153.717772999999
4204.871582,4181.922852000001,4167.820313,4177.05127,4178.717772999999,4194.871582,4211.794922,4196.282227000001,4165.769043,4172.94873,4186.538574,4141.282227000001,4178.205078,4148.846191
4205.384765999999,4180.512695,4172.05127,4177.05127,4163.205078,4185.384765999999,4209.230957,4202.307617,4164.871582,4168.333496,4185.641113000001,4146.666504,4182.820313,4150.256348
4212.307617,4187.436035,4183.205078,4191.922852000001,4175.897461,4198.974121,4204.358886999999,4214.615234000001,4177.820313,4177.94873,4194.487305,4150.641113000001,4187.436035,4158.717772999999
4214.615234000001,4194.358886999999,4183.461426,4192.820313,4192.436035,4211.410156,4212.179688,4221.282227000001,4193.077147999999,4189.102539,4200.897461,4152.692383,4185.897461,4163.077147999999
4209.743652,4200.641113000001,4179.743652,4183.717772999999,4190.769043,4207.820313,4216.282227000001,4212.820313,4193.077147999999,4194.230957,4199.487305,4153.077147999999,4188.589844,4163.717772999999
4217.94873,4205.769043,4190.384765999999,4190.0,4185.128418,4205.128418,4210.897461,4204.615234000001,4189.615234000001,4200.0,4205.128418,4160.769043,4199.743652,4172.436035
4231.538574,4206.922852000001,4201.153809,4200.0,4185.0,4207.94873,4210.769043,4211.538574,4196.153809,4203.077147999999,4215.512695,4171.794922,4211.282227000001,4181.794922
4225.256348,4206.025879,4196.538574,4197.563965,4185.384765999999,4205.769043,4208.974121,4221.153809,4203.077147999999,4204.487305,4218.974121,4169.743652,4217.179688,4180.512695
4211.922852000001,4201.410156,4186.025879,4189.487305,4184.230957,4203.717772999999,4206.282227000001,4229.743652,4209.615234000001,4208.717772999999,4214.230957,4161.153809,4214.743652,4170.897461
4203.717772999999,4194.487305,4176.922852000001,4181.282227000001,4181.666504,4202.692383,4211.282227000001,4238.974121,4210.769043,4207.307617,4205.512695,4150.897461,4207.563965,4161.666504
4193.974121,4188.205078,4167.179688,4176.282227000001,4178.589844,4196.794922,4208.846191,4223.333496,4195.256348,4193.333496,4196.922852000001,4137.94873,4201.666504,4153.717772999999
4188.589844,4184.230957,4158.717772999999,4172.94873,4176.410156,4194.615234000001,4206.410156,4193.717772999999,4177.05127,4179.358886999999,4185.512695,4127.94873,4192.692383,4141.666504
4186.025879,4181.282227000001,4153.205078,4164.871582,4177.436035,4197.563965,4220.256348,4192.179688,4172.436035,4171.922852000001,4171.025879,4118.461426,4180.0,4127.05127
4182.436035,4182.05127,4152.05127,4164.358886999999,4181.666504,4197.436035,4222.179688,4203.717772999999,4172.820313,4169.102539,4165.384765999999,4115.128418,4178.846191,4125.897461
4188.717772999999,4193.461426,4159.230957,4180.384765999999,4194.743652,4206.794922,4215.128418,4197.05127,4173.717772999999,4176.410156,4177.94873,4130.256348,4197.692383,4145.641113000001
4198.589844,4207.563965,4169.871582,4190.128418,4205.0,4220.769043,4220.0,4183.077147999999,4176.025879,4183.717772999999,4192.05127,4145.256348,4212.94873,4160.897461
4205.769043,4214.615234000001,4180.641113000001,4191.538574,4201.794922,4215.769043,4215.0,4187.692383,4179.358886999999,4187.94873,4200.128418,4151.282227000001,4214.615234000001,4163.974121
4220.512695,4222.563965,4195.897461,4205.0,4202.179688,4206.410156,4206.025879,4207.563965,4190.512695,4199.230957,4213.717772999999,4165.769043,4225.384765999999,4176.410156
4233.205078,4230.384765999999,4210.641113000001,4216.794922,4207.820313,4202.307617,4212.05127,4220.384765999999,4203.974121,4211.153809,4226.794922,4178.974121,4244.358886999999,4193.974121
4228.846191,4230.0,4213.205078,4212.05127,4204.487305,4200.128418,4216.922852000001,4232.179688,4212.307617,4214.102539,4230.641113000001,4180.256348,4251.922852000001,4196.666504
4220.384765999999,4226.410156,4207.563965,4207.179688,4198.077147999999,4202.820313,4213.717772999999,4247.307617,4221.153809,4218.589844,4233.461426,4185.769043,4253.461426,4192.436035
4217.05127,4218.846191,4200.641113000001,4206.282227000001,4195.0,4203.974121,4222.179688,4243.974121,4223.205078,4222.05127,4233.077147999999,4188.205078,4249.358886999999,4186.922852000001
4209.358886999999,4208.974121,4191.153809,4196.922852000001,4191.282227000001,4206.666504,4233.077147999999,4229.102539,4215.897461,4211.025879,4218.461426,4169.871582,4230.256348,4169.871582
4195.897461,4203.846191,4179.102539,4183.333496,4190.512695,4212.436035,4226.025879,4220.897461,4207.307617,4194.230957,4196.025879,4147.179688,4208.974121,4148.333496
4187.179688,4200.384765999999,4169.102539,4176.666504,4190.769043,4210.512695,4215.641113000001,4210.641113000001,4199.871582,4187.820313,4182.820313,4139.230957,4204.615234000001,4136.153809
4190.128418,4200.769043,4170.512695,4178.333496,4191.153809,4205.384765999999,4212.692383,4202.307617,4197.94873,4195.128418,4183.333496,4141.666504,4214.230957,4140.384765999999
4198.717772999999,4210.641113000001,4178.974121,4185.128418,4197.820313,4211.153809,4216.538574,4203.589844,4201.153809,4200.897461,4189.487305,4145.0,4221.282227000001,4149.102539
4203.717772999999,4219.615234000001,4181.410156,4192.820313,4209.230957,4217.563965,4220.897461,4190.128418,4194.102539,4194.230957,4192.436035,4146.025879,4223.333496,4150.128418
4207.692383,4217.692383,4180.0,4196.025879,4214.230957,4214.487305,4210.641113000001,4166.922852000001,4179.230957,4186.538574,4188.974121,4147.94873,4221.922852000001,4151.666504
4216.282227000001,4222.563965,4189.487305,4201.153809,4216.025879,4211.153809,4196.025879,4167.692383,4181.794922,4193.717772999999,4193.974121,4155.769043,4229.487305,4159.487305
4227.563965,4233.846191,4206.538574,4210.0,4218.205078,4203.589844,4193.717772999999,4182.05127,4194.230957,4209.102539,4213.205078,4170.256348,4248.846191,4170.256348
4230.384765999999,4223.461426,4210.0,4209.871582,4205.128418,4190.769043,4199.358886999999,4193.333496,4196.025879,4209.615234000001,4222.820313,4180.641113000001,4255.0,4180.0
4222.820313,4204.615234000001,4201.153809,4199.743652,4195.641113000001,4195.769043,4213.205078,4211.025879,4196.538574,4205.384765999999,4218.974121,4179.102539,4244.102539,4182.05127
4206.794922,4194.487305,4190.0,4183.333496,4196.666504,4207.820313,4230.384765999999,4223.846191,4200.0,4201.538574,4209.871582,4167.820313,4224.487305,4166.025879
4198.717772999999,4193.205078,4181.282227000001,4173.717772999999,4189.102539,4200.128418,4240.897461,4227.563965,4205.0,4195.897461,4202.563965,4160.256348,4212.436035,4149.102539
4203.461426,4202.563965,4176.538574,4181.922852000001,4187.436035,4195.512695,4242.94873,4233.717772999999,4215.641113000001,4200.897461,4203.974121,4162.307617,4217.563965,4148.077147999999
4196.410156,4208.205078,4170.128418,4185.512695,4199.358886999999,4206.794922,4243.846191,4238.589844,4221.025879,4207.436035,4200.256348,4160.384765999999,4215.384765999999,4144.230957
4183.589844,4202.563965,4164.743652,4178.974121,4205.512695,4212.307617,4244.871582,4233.333496,4218.846191,4207.563965,4190.512695,4154.230957,4201.025879,4133.974121
4186.025879,4200.512695,4165.641113000001,4182.436035,4204.743652,4215.0,4236.410156,4217.692383,4215.384765999999,4207.692383,4191.922852000001,4154.743652,4203.205078,4133.461426
4193.077147999999,4207.563965,4170.512695,4191.794922,4213.974121,4220.769043,4221.282227000001,4193.077147999999,4204.487305,4205.769043,4199.358886999999,4162.692383,4225.128418,4143.333496
4198.333496,4218.205078,4179.487305,4196.025879,4225.641113000001,4213.077147999999,4203.974121,4174.358886999999,4190.512695,4201.538574,4204.487305,4170.0,4241.410156,4152.436035
4211.025879,4227.05127,4191.666504,4203.846191,4224.358886999999,4197.436035,4186.794922,4160.769043,4173.974121,4197.563965,4207.307617,4174.487305,4247.820313,4158.461426
4225.384765999999,4236.282227000001,4206.025879,4217.05127,4221.538574,4196.666504,4171.922852000001,4143.205078,4156.282227000001,4194.230957,4210.384765999999,4179.358886999999,4253.974121,4166.410156
4236.922852000001,4247.94873,4218.717772999999,4226.025879,4224.743652,4193.333496,4168.205078,4149.871582,4161.666504,4197.94873,4220.769043,4187.179688,4263.077147999999,4176.153809
4249.358886999999,4258.333496,4225.384765999999,4227.94873,4225.897461,4180.384765999999,4185.128418,4180.256348,4182.436035,4208.589844,4234.615234000001,4193.974121,4275.512695,4186.538574
4252.436035,4257.820313,4225.256348,4226.794922,4225.128418,4187.436035,4208.333496,4199.615234000001,4197.563965,4216.282227000001,4237.563965,4194.743652,4282.05127,4192.820313
4233.461426,4240.384765999999,4208.846191,4213.205078,4218.205078,4206.538574,4219.615234000001,4210.0,4207.563965,4215.769043,4227.179688,4183.717772999999,4271.538574,4179.743652
4212.692383,4223.846191,4188.077147999999,4197.94873,4208.461426,4215.641113000001,4230.641113000001,4227.307617,4220.384765999999,4215.641113000001,4217.94873,4166.666504,4260.769043,4160.384765999999
4201.538574,4214.871582,4178.589844,4192.05127,4208.077147999999,4223.205078,4252.820313,4242.692383,4226.794922,4211.025879,4205.0,4157.563965,4253.846191,4151.794922
4185.128418,4196.282227000001,4165.0,4177.563965,4208.846191,4227.94873,4251.922852000001,4230.769043,4211.538574,4190.512695,4180.769043,4149.358886999999,4229.871582,4135.0
4175.641113000001,4183.846191,4156.666504,4167.94873,4205.128418,4217.820313,4230.897461,4211.922852000001,4201.282227000001,4184.230957,4171.153809,4139.487305,4215.769043,4119.615234000001
4187.179688,4195.769043,4170.256348,4178.589844,4208.846191,4207.307617,4224.102539,4204.230957,4207.436035,4199.230957,4182.179688,4142.179688,4232.820313,4127.05127
4202.563965,4211.794922,4183.205078,4188.974121,4219.615234000001,4208.077147999999,4220.769043,4192.563965,4201.794922,4202.307617,4190.512695,4154.102539,4246.282227000001,4140.128418
4209.615234000001,4221.538574,4186.794922,4193.717772999999,4227.05127,4209.102539,4214.487305,4181.025879,4185.256348,4197.179688,4197.820313,4163.846191,4249.615234000001,4148.589844
4223.461426,4241.922852000001,4202.05127,4209.615234000001,4231.794922,4207.436035,4210.384765999999,4181.282227000001,4191.666504,4212.436035,4218.589844,4175.256348,4272.436035,4166.922852000001
4238.717772999999,4262.436035,4220.512695,4227.307617,4240.897461,4208.077147999999,4202.692383,4183.717772999999,4204.102539,4231.153809,4238.589844,4189.230957,4294.230957,4188.974121
4239.871582,4261.666504,4223.077147999999,4226.025879,4245.128418,4202.692383,4195.0,4170.128418,4183.461426,4224.487305,4237.692383,4192.94873,4286.025879,4193.717772999999
4243.333496,4255.512695,4224.615234000001,4220.256348,4237.692383,4192.05127,4196.410156,4168.589844,4166.666504,4212.563965,4232.94873,4193.205078,4279.615234000001,4190.0
4257.820313,4262.179688,4235.769043,4225.256348,4228.077147999999,4190.128418,4201.025879,4201.922852000001,4189.102539,4222.563965,4241.794922,4200.641113000001,4293.077147999999,4195.512695
4258.333496,4267.05127,4238.461426,4232.563965,4230.769043,4187.820313,4200.641113000001,4223.077147999999,4212.692383,4235.897461,4248.589844,4202.94873,4290.0,4198.846191
4236.282227000001,4255.897461,4223.461426,4226.410156,4237.307617,4182.563965,4213.205078,4212.563965,4205.769043,4223.077147999999,4230.256348,4184.743652,4260.0,4180.128418
4211.538574,4237.94873,4200.128418,4207.179688,4230.0,4191.666504,4228.461426,4203.333496,4192.692383,4198.589844,4198.717772999999,4161.282227000001,4229.615234000001,4149.871582
4194.615234000001,4224.230957,4182.94873,4191.922852000001,4220.384765999999,4205.641113000001,4222.692383,4198.846191,4192.179688,4186.794922,4175.641113000001,4149.871582,4207.05127,4130.384765999999
4183.589844,4222.692383,4177.692383,4188.589844,4224.358886999999,4205.641113000001,4216.922852000001,4185.897461,4193.205078,4184.743652,4166.922852000001,4143.333496,4192.563965,4121.922852000001
4173.717772999999,4221.153809,4171.410156,4183.333496,4226.282227000001,4203.846191,4216.794922,4175.641113000001,4184.871582,4173.846191,4159.230957,4131.666504,4183.589844,4111.410156
4169.871582,4210.512695,4165.384765999999,4173.974121,4222.179688,4210.0,4202.563965,4173.333496,4175.769043,4162.179688,4152.179688,4127.820313,4180.128418,4104.871582
4179.487305,4207.307617,4173.077147999999,4176.410156,4222.179688,4201.410156,4196.794922,4174.743652,4178.717772999999,4171.025879,4164.102539,4139.743652,4191.282227000001,4115.384765999999
4194.358886999999,4221.410156,4187.436035,4185.384765999999,4224.487305,4186.538574,4211.794922,4176.538574,4189.230957,4192.692383,4186.794922,4154.487305,4210.769043,4133.461426
4206.410156,4238.333496,4196.666504,4193.205078,4231.922852000001,4198.589844,4211.153809,4171.153809,4194.358886999999,4204.487305,4198.974121,4164.615234000001,4228.205078,4148.846191
4215.0,4245.512695,4202.179688,4202.692383,4242.563965,4209.615234000001,4194.358886999999,4166.410156,4184.871582,4202.692383,4198.974121,4170.384765999999,4236.025879,4157.179688
4220.512695,4251.538574,4206.410156,4209.358886999999,4243.333496,4196.025879,4206.025879,4180.769043,4180.128418,4201.794922,4198.077147999999,4172.307617,4233.846191,4154.102539
4221.153809,4258.333496,4207.436035,4210.769043,4240.384765999999,4194.743652,4232.436035,4203.461426,4193.333496,4211.025879,4200.897461,4172.692383,4236.666504,4149.615234000001
4217.820313,4255.256348,4204.743652,4209.871582,4238.974121,4206.025879,4231.666504,4208.717772999999,4198.205078,4217.94873,4202.05127,4172.94873,4246.153809,4150.512695
4215.384765999999,4248.974121,4199.102539,4207.05127,4235.256348,4198.717772999999,4217.692383,4199.487305,4186.025879,4208.974121,4197.94873,4168.589844,4244.230957,4147.563965
4215.128418,4243.589844,4194.871582,4198.077147999999,4228.461426,4182.05127,4218.974121,4195.769043,4175.384765999999,4191.282227000001,4187.05127,4160.769043,4228.077147999999,4140.384765999999
4214.102539,4233.589844,4198.974121,4189.871582,4220.897461,4179.487305,4229.487305,4203.333496,4172.307617,4182.820313,4178.974121,4161.282227000001,4213.717772999999,4140.384765999999
4213.461426,4227.307617,4203.846191,4191.025879,4218.205078,4189.615234000001,4235.769043,4202.179688,4168.333496,4182.436035,4175.512695,4165.384765999999,4206.025879,4141.922852000001
4213.717772999999,4228.589844,4199.102539,4191.025879,4219.230957,4190.256348,4229.102539,4200.769043,4169.743652,4183.205078,4173.333496,4163.589844,4206.922852000001,4141.153809
4213.461426,4231.153809,4196.794922,4190.256348,4219.358886999999,4181.410156,4216.282227000001,4216.025879,4186.153809,4199.487305,4182.307617,4162.820313,4224.487305,4146.410156
4207.307617,4225.512695,4193.974121,4187.436035,4213.717772999999,4181.922852000001,4206.153809,4203.205078,4193.333496,4213.333496,4187.692383,4160.512695,4231.538574,4144.102539
4195.384765999999,4212.307617,4179.871582,4175.641113000001,4209.487305,4194.743652,4204.743652,4170.512695,4182.307617,4199.230957,4176.410156,4150.128418,4210.512695,4131.922852000001
4197.820313,4215.384765999999,4179.102539,4176.922852000001,4218.589844,4205.641113000001,4210.512695,4180.256348,4191.666504,4198.846191,4181.794922,4151.153809,4206.666504,4137.05127
4214.615234000001,4232.94873,4196.538574,4193.333496,4226.410156,4199.871582,4208.205078,4204.358886999999,4217.307617,4222.94873,4205.769043,4168.077147999999,4228.846191,4154.615234000001
4219.615234000001,4238.333496,4198.717772999999,4196.666504,4221.153809,4190.0,4203.333496,4197.307617,4216.410156,4230.256348,4209.358886999999,4175.769043,4233.846191,4156.153809
4203.717772999999,4226.025879,4182.94873,4181.538574,4214.230957,4194.871582,4214.102539,4185.641113000001,4195.0,4212.307617,4193.717772999999,4165.897461,4218.461426,4141.410156
4190.769043,4220.128418,4175.512695,4172.94873,4213.333496,4201.025879,4227.05127,4193.205078,4187.436035,4198.717772999999,4187.563965,4156.666504,4212.563965,4132.436035
4198.974121,4230.256348,4181.794922,4182.820313,4220.641113000001,4197.05127,4223.974121,4194.230957,4189.871582,4197.436035,4191.410156,4158.589844,4219.102539,4135.512695
4208.974121,4236.153809,4186.282227000001,4192.692383,4230.0,4196.538574,4219.230957,4185.769043,4182.692383,4188.717772999999,4189.102539,4160.512695,4214.358886999999,4138.077147999999
4209.230957,4237.179688,4187.692383,4191.666504,4229.102539,4198.846191,4226.153809,4182.692383,4172.179688,4180.0,4185.256348,4163.717772999999,4205.769043,4137.563965
4209.871582,4242.436035,4189.230957,4187.820313,4222.94873,4196.282227000001,4224.871582,4181.025879,4168.846191,4183.333496,4190.384765999999,4172.179688,4212.563965,4142.179688
4210.641113000001,4244.358886999999,4187.94873,4186.282227000001,4224.102539,4194.102539,4211.538574,4177.820313,4173.974121,4188.717772999999,4194.358886999999,4175.897461,4219.358886999999,4145.384765999999
4207.94873,4238.461426,4190.128418,4187.05127,4227.692383,4193.974121,4208.974121,4181.282227000001,4182.820313,4192.820313,4194.358886999999,4176.282227000001,4217.436035,4143.077147999999
4208.333496,4233.333496,4195.0,4185.0,4221.666504,4190.769043,4215.512695,4189.871582,4186.025879,4199.358886999999,4202.820313,4181.922852000001,4221.410156,4147.307617
4210.256348,4231.666504,4193.846191,4178.589844,4217.179688,4192.563965,4214.871582,4188.589844,4186.025879,4202.94873,4210.256348,4183.333496,4228.461426,4154.615234000001
4204.615234000001,4225.0,4187.94873,4173.205078,4218.974121,4198.205078,4206.922852000001,4186.410156,4195.128418,4205.641113000001,4207.179688,4175.0,4223.333496,4152.820313
4195.128418,4214.615234000001,4178.846191,4168.974121,4216.410156,4198.846191,4203.205078,4189.871582,4203.333496,4207.94873,4203.589844,4168.461426,4212.436035,4143.717772999999
4188.205078,4209.102539,4168.333496,4164.230957,4216.922852000001,4204.487305,4216.666504,4195.512695,4200.512695,4202.307617,4196.538574,4166.153809,4206.538574,4130.897461
4180.769043,4209.358886999999,4161.538574,4163.717772999999,4219.102539,4206.025879,4229.615234000001,4201.282227000001,4197.436035,4194.743652,4183.974121,4160.128418,4201.922852000001,4117.179688
4180.897461,4213.589844,4161.025879,4169.102539,4221.282227000001,4200.256348,4219.487305,4191.794922,4196.666504,4195.128418,4183.077147999999,4155.512695,4202.692383,4113.333496
4192.94873,4224.871582,4169.743652,4178.846191,4232.179688,4207.820313,4207.563965,4166.922852000001,4189.615234000001,4197.692383,4192.94873,4159.102539,4216.153809,4123.974121
4202.692383,4237.05127,4181.025879,4185.897461,4237.94873,4215.256348,4207.436035,4153.077147999999,4175.128418,4192.05127,4194.615234000001,4165.256348,4225.641113000001,4132.692383
4210.897461,4245.641113000001,4188.974121,4190.641113000001,4235.128418,4204.230957,4199.871582,4159.358886999999,4165.384765999999,4187.563965,4194.743652,4170.384765999999,4225.769043,4139.358886999999
4222.307617,4253.974121,4195.769043,4199.487305,4240.641113000001,4190.769043,4190.256348,4162.05127,4168.205078,4193.717772999999,4205.0,4173.077147999999,4236.538574,4150.512695
4227.436035,4260.769043,4200.128418,4205.512695,4249.615234000001,4193.461426,4195.641113000001,4165.256348,4179.871582,4201.282227000001,4216.410156,4175.641113000001,4253.846191,4157.179688
4225.128418,4261.025879,4200.0,4200.897461,4246.794922,4197.05127,4203.974121,4184.230957,4194.487305,4209.102539,4222.563965,4183.461426,4262.436035,4158.205078
4216.153809,4242.692383,4191.025879,4187.179688,4232.820313,4188.846191,4203.333496,4185.256348,4193.717772999999,4207.94873,4209.871582,4185.769043,4255.256348,4152.05127
4197.307617,4213.974121,4173.846191,4170.256348,4221.410156,4190.256348,4200.0,4162.05127,4175.0,4186.025879,4182.692383,4170.512695,4236.794922,4135.512695
4183.461426,4203.717772999999,4161.025879,4163.205078,4219.487305,4200.384765999999,4205.128418,4170.897461,4176.025879,4173.333496,4173.461426,4157.307617,4224.230957,4120.0
4181.538574,4208.461426,4157.94873,4166.025879,4216.153809,4198.717772999999,4218.589844,4200.128418,4197.179688,4183.589844,4177.692383,4151.922852000001,4222.179688,4111.922852000001
4182.692383,4208.461426,4156.410156,4167.179688,4215.384765999999,4200.128418,4230.128418,4197.94873,4197.820313,4183.846191,4170.256348,4142.179688,4214.871582,4104.358886999999
4185.641113000001,4211.538574,4155.384765999999,4168.717772999999,4226.410156,4212.820313,4229.615234000001,4183.333496,4182.307617,4173.717772999999,4162.563965,4139.358886999999,4204.871582,4099.871582
4193.205078,4222.820313,4163.717772999999,4178.333496,4233.974121,4215.769043,4223.589844,4183.974121,4182.692383,4180.0,4171.282227000001,4150.769043,4211.794922,4106.410156
4196.794922,4230.641113000001,4172.307617,4186.538574,4236.922852000001,4210.384765999999,4218.077147999999,4184.358886999999,4190.256348,4188.333496,4180.384765999999,4158.717772999999,4227.563965,4117.563965
4197.179688,4240.0,4174.871582,4192.307617,4246.538574,4206.410156,4207.820313,4172.436035,4185.641113000001,4186.538574,4183.077147999999,4163.461426,4237.436035,4129.230957
4215.128418,4258.333496,4188.717772999999,4207.307617,4255.897461,4209.230957,4195.384765999999,4166.282227000001,4184.871582,4198.333496,4200.256348,4179.230957,4255.384765999999,4146.794922
4240.128418,4269.871582,4208.333496,4218.205078,4260.0,4217.436035,4187.179688,4159.743652,4185.897461,4211.410156,4222.563965,4194.230957,4277.05127,4161.282227000001
4251.666504,4272.94873,4219.487305,4219.487305,4264.743652,4207.179688,4187.94873,4162.436035,4182.94873,4211.282227000001,4229.487305,4202.307617,4286.666504,4170.256348
4260.512695,4282.820313,4231.025879,4228.333496,4263.846191,4181.538574,4197.94873,4194.615234000001,4192.436035,4218.461426,4235.641113000001,4212.179688,4295.897461,4183.333496
4264.102539,4282.05127,4235.256348,4231.666504,4255.128418,4175.897461,4196.153809,4200.897461,4193.077147999999,4222.179688,4237.820313,4212.436035,4296.538574,4189.230957
4246.922852000001,4263.077147999999,4219.871582,4215.256348,4250.897461,4184.871582,4182.94873,4169.743652,4177.692383,4207.692383,4224.871582,4198.077147999999,4277.307617,4176.410156
4223.846191,4244.487305,4199.615234000001,4195.897461,4246.025879,4179.487305,4191.153809,4172.692383,4179.358886999999,4196.538574,4215.256348,4186.922852000001,4260.512695,4158.589844
4216.410156,4234.358886999999,4187.692383,4187.307617,4234.615234000001,4170.512695,4201.410156,4193.333496,4187.179688,4195.256348,4212.05127,4182.179688,4258.974121,4146.794922
4212.820313,4229.615234000001,4183.077147999999,4185.384765999999,4231.666504,4176.794922,4193.974121,4167.563965,4175.384765999999,4189.615234000001,4202.179688,4171.922852000001,4256.410156,4136.666504
4205.897461,4227.05127,4182.692383,4184.487305,4240.256348,4187.692383,4205.0,4142.436035,4165.384765999999,4180.0,4189.487305,4163.974121,4241.025879,4125.128418
4205.769043,4230.256348,4184.102539,4186.922852000001,4250.256348,4190.256348,4227.436035,4166.794922,4181.410156,4183.846191,4191.282227000001,4167.179688,4238.461426,4120.897461
4209.487305,4238.589844,4186.666504,4189.743652,4254.358886999999,4183.461426,4221.922852000001,4190.641113000001,4201.538574,4198.717772999999,4203.333496,4171.538574,4255.641113000001,4128.974121
4202.820313,4240.128418,4185.256348,4185.0,4251.410156,4181.922852000001,4211.538574,4188.974121,4200.128418,4202.307617,4204.743652,4167.692383,4259.358886999999,4132.94873
4192.179688,4237.563965,4180.128418,4182.436035,4254.487305,4193.205078,4224.102539,4183.589844,4193.333496,4198.077147999999,4200.769043,4162.563965,4249.358886999999,4125.641113000001
4191.538574,4239.871582,4179.487305,4187.692383,4258.077147999999,4183.974121,4222.307617,4180.0,4191.794922,4202.692383,4201.410156,4162.436035,4250.128418,4123.077147999999
4198.974121,4243.589844,4185.256348,4190.897461,4252.563965,4157.692383,4210.641113000001,4189.487305,4194.358886999999,4207.692383,4203.717772999999,4166.282227000001,4249.102539,4128.205078
4208.077147999999,4246.153809,4194.615234000001,4192.563965,4252.692383,4158.077147999999,4214.230957,4200.897461,4198.846191,4207.307617,4207.05127,4173.461426,4242.436035,4134.615234000001
4216.922852000001,4250.769043,4203.717772999999,4198.974121,4260.641113000001,4164.358886999999,4208.461426,4184.358886999999,4190.256348,4207.307617,4214.230957,4183.846191,4255.897461,4143.077147999999
4224.743652,4254.871582,4210.512695,4206.538574,4258.205078,4150.512695,4200.641113000001,4165.897461,4175.897461,4212.05127,4221.666504,4193.717772999999,4275.512695,4151.282227000001
4228.589844,4251.025879,4213.333496,4204.102539,4248.717772999999,4144.615234000001,4203.205078,4172.307617,4177.307617,4214.743652,4224.102539,4194.743652,4275.769043,4151.025879
4227.05127,4245.384765999999,4214.230957,4200.256348,4249.487305,4157.820313,4209.743652,4181.794922,4191.922852000001,4215.384765999999,4226.666504,4191.794922,4273.717772999999,4151.025879
4220.641113000001,4239.871582,4211.025879,4198.846191,4251.666504,4170.769043,4220.769043,4179.487305,4196.538574,4215.512695,4225.641113000001,4190.641113000001,4273.974121,4151.153809
4205.384765999999,4223.077147999999,4195.897461,4185.128418,4248.077147999999,4178.846191,4227.820313,4176.410156,4189.871582,4201.922852000001,4212.307617,4180.128418,4259.615234000001,4134.487305
4191.922852000001,4209.358886999999,4181.922852000001,4171.025879,4249.615234000001,4184.743652,4225.641113000001,4185.256348,4195.0,4191.794922,4199.102539,4167.820313,4245.769043,4120.128418
4190.384765999999,4214.230957,4180.769043,4177.05127,4249.615234000001,4189.230957,4227.436035,4198.846191,4210.512695,4206.025879,4197.94873,4169.871582,4245.128418,4125.256348
4188.974121,4221.410156,4176.410156,4182.307617,4245.897461,4193.333496,4228.846191,4199.871582,4211.153809,4214.615234000001,4195.512695,4170.769043,4236.153809,4120.769043
4187.94873,4223.461426,4169.487305,4177.179688,4252.692383,4192.94873,4214.743652,4198.589844,4204.743652,4204.102539,4190.384765999999,4161.794922,4222.820313,4104.358886999999
4194.743652,4228.461426,4178.077147999999,4181.282227000001,4255.384765999999,4187.307617,4210.384765999999,4202.05127,4211.282227000001,4201.794922,4194.230957,4165.641113000001,4228.589844,4106.922852000001
4198.205078,4231.922852000001,4190.512695,4188.461426,4248.077147999999,4185.128418,4221.922852000001,4185.641113000001,4206.922852000001,4207.563965,4200.128418,4176.538574,4238.461426,4120.512695
4197.05127,4227.692383,4194.743652,4188.205078,4253.589844,4180.384765999999,4210.128418,4154.615234000001,4183.846191,4198.717772999999,4198.717772999999,4178.461426,4234.487305,4126.538574
4211.794922,4217.820313,4205.256348,4194.743652,4258.077147999999,4161.538574,4191.410156,4144.871582,4177.307617,4195.0,4203.974121,4188.077147999999,4241.410156,4138.205078
4233.461426,4208.589844,4221.666504,4211.025879,4250.512695,4150.256348,4198.077147999999,4152.563965,4189.487305,4211.153809,4221.538574,4205.256348,4264.743652,4156.666504
4234.871582,4203.589844,4225.0,4217.307617,4251.538574,4159.743652,4207.436035,4166.025879,4195.512695,4217.820313,4228.846191,4207.05127,4270.256348,4162.179688
4227.179688,4202.820313,4220.128418,4209.358886999999,4256.153809,4166.153809,4214.230957,4191.282227000001,4198.589844,4209.871582,4223.461426,4199.102539,4262.307617,4159.230957
4219.102539,4194.871582,4215.512695,4199.743652,4247.820313,4165.0,4226.153809,4201.538574,4198.717772999999,4207.436035,4218.589844,4194.230957,4263.333496,4154.871582
4204.743652,4180.128418,4202.179688,4187.94873,4238.846191,4169.230957,4223.077147999999,4183.077147999999,4192.179688,4210.0,4215.256348,4190.641113000001,4259.230957,4147.692383
4198.846191,4182.307617,4193.846191,4184.230957,4247.820313,4180.384765999999,4217.563965,4192.820313,4207.692383,4218.077147999999,4219.743652,4192.692383,4256.666504,4148.846191
4195.769043,4185.769043,4190.512695,4183.974121,4256.666504,4189.358886999999,4230.769043,4223.846191,4230.256348,4226.666504,4219.871582,4194.230957,4258.589844,4149.871582
4174.487305,4164.358886999999,4169.743652,4168.077147999999,4251.410156,4199.102539,4234.102539,4207.436035,4214.358886999999,4214.102539,4195.641113000001,4180.641113000001,4241.666504,4132.307617
4159.230957,4156.794922,4153.461426,4156.794922,4250.769043,4203.846191,4220.384765999999,4180.0,4193.974121,4195.641113000001,4176.538574,4166.538574,4226.538574,4114.871582
4169.871582,4180.769043,4163.974121,4168.589844,4253.077147999999,4191.410156,4222.563965,4197.820313,4206.025879,4194.487305,4181.282227000001,4166.025879,4232.05127,4115.128418
4180.512695,4193.717772999999,4174.871582,4180.0,4252.94873,4186.410156,4227.563965,4200.512695,4206.025879,4191.538574,4182.05127,4167.94873,4233.333496,4118.205078
4185.512695,4193.589844,4174.615234000001,4180.512695,4255.0,4190.0,4206.794922,4153.589844,4179.871582,4181.666504,4176.922852000001,4171.794922,4230.897461,4121.025879
4198.589844,4208.846191,4182.820313,4188.589844,4255.641113000001,4179.487305,4189.102539,4132.94873,4175.128418,4189.102539,4186.794922,4184.487305,4247.94873,4134.358886999999
4207.05127,4225.0,4193.077147999999,4198.846191,4256.153809,4169.102539,4192.94873,4151.794922,4186.025879,4201.282227000001,4196.153809,4193.077147999999,4263.974121,4146.410156
4207.820313,4227.05127,4194.230957,4198.461426,4260.641113000001,4171.666504,4185.897461,4146.282227000001,4176.794922,4195.897461,4189.743652,4188.846191,4260.769043,4149.871582
4215.769043,4230.384765999999,4199.871582,4202.436035,4267.179688,4181.666504,4177.563965,4139.230957,4174.358886999999,4196.025879,4190.128418,4189.871582,4263.974121,4156.794922
4215.512695,4227.820313,4201.794922,4203.205078,4260.897461,4185.512695,4192.436035,4171.538574,4186.153809,4199.358886999999,4192.820313,4192.05127,4267.820313,4160.128418
4204.487305,4215.384765999999,4194.487305,4194.102539,4243.077147999999,4172.820313,4200.384765999999,4198.846191,4187.05127,4192.820313,4186.666504,4186.794922,4257.820313,4154.487305
4203.333496,4205.0,4193.077147999999,4186.666504,4235.128418,4165.128418,4202.820313,4199.871582,4187.05127,4190.897461,4185.512695,4184.358886999999,4249.487305,4151.922852000001
4197.179688,4184.743652,4184.871582,4173.077147999999,4240.128418,4181.153809,4216.025879,4186.666504,4179.358886999999,4181.410156,4180.384765999999,4177.179688,4237.179688,4145.0
4186.794922,4169.487305,4175.769043,4162.692383,4239.871582,4189.358886999999,4224.102539,4171.025879,4173.974121,4172.436035,4174.230957,4169.358886999999,4226.025879,4137.692383
4191.666504,4176.666504,4182.179688,4168.077147999999,4224.871582,4177.179688,4221.025879,4184.615234000001,4203.333496,4193.846191,4186.410156,4175.769043,4235.256348,4142.307617
4191.922852000001,4179.102539,4182.692383,4169.743652,4217.436035,4183.077147999999,4219.871582,4202.563965,4224.230957,4211.153809,4195.0,4180.769043,4243.077147999999,4144.102539
4181.922852000001,4171.282227000001,4169.102539,4162.436035,4232.436035,4206.025879,4224.358886999999,4177.307617,4200.897461,4196.922852000001,4187.05127,4171.153809,4234.102539,4136.794922
4184.487305,4173.846191,4163.589844,4160.769043,4246.410156,4212.307617,4220.128418,4145.256348,4183.589844,4188.589844,4184.358886999999,4164.230957,4231.666504,4132.436035
4192.820313,4187.563965,4173.461426,4170.641113000001,4244.230957,4207.563965,4213.717772999999,4151.794922,4198.077147999999,4200.512695,4190.512695,4168.846191,4244.230957,4135.512695
4199.871582,4204.487305,4190.512695,4187.820313,4246.538574,4201.153809,4209.615234000001,4165.0,4206.922852000001,4216.282227000001,4202.820313,4176.666504,4260.512695,4148.461426
4213.717772999999,4218.333496,4202.94873,4199.615234000001,4255.769043,4195.256348,4201.153809,4161.922852000001,4201.538574,4226.025879,4220.0,4185.769043,4269.358886999999,4166.538574
4223.205078,4223.461426,4205.897461,4198.974121,4258.205078,4204.230957,4192.94873,4156.922852000001,4191.538574,4217.94873,4224.743652,4187.05127,4264.615234000001,4171.282227000001
4227.179688,4230.512695,4212.179688,4205.128418,4257.05127,4203.974121,4189.743652,4160.512695,4189.871582,4208.974121,4223.333496,4185.512695,4264.102539,4173.846191
4237.94873,4245.641113000001,4225.384765999999,4217.94873,4252.563965,4178.205078,4193.205078,4186.025879,4208.205078,4223.077147999999,4237.692383,4195.384765999999,4279.743652,4187.94873
4241.025879,4250.0,4227.563965,4217.692383,4245.769043,4168.974121,4202.179688,4207.692383,4218.077147999999,4236.794922,4246.282227000001,4204.102539,4285.512695,4193.333496
4223.846191,4237.05127,4214.358886999999,4205.769043,4243.333496,4184.615234000001,4218.974121,4199.358886999999,4200.641113000001,4224.743652,4232.307617,4194.743652,4269.358886999999,4184.743652
4201.922852000001,4219.487305,4196.282227000001,4192.692383,4245.897461,4191.922852000001,4231.922852000001,4187.563965,4184.102539,4206.794922,4217.179688,4179.230957,4252.436035,4173.205078
4188.717772999999,4206.922852000001,4181.282227000001,4183.846191,4245.0,4190.384765999999,4221.922852000001,4169.102539,4178.077147999999,4195.512695,4205.384765999999,4168.461426,4238.333496,4157.307617
4186.282227000001,4202.820313,4173.077147999999,4179.230957,4241.410156,4190.769043,4202.563965,4140.641113000001,4172.307617,4186.282227000001,4192.307617,4160.128418,4222.179688,4140.641113000001
4183.846191,4203.974121,4170.256348,4175.0,4244.358886999999,4200.384765999999,4201.794922,4149.102539,4182.692383,4187.563965,4190.641113000001,4156.922852000001,4221.410156,4136.538574
4176.666504,4203.461426,4167.436035,4170.641113000001,4249.487305,4214.615234000001,4208.205078,4181.025879,4204.102539,4196.794922,4198.461426,4157.307617,4230.256348,4138.846191
4176.153809,4200.641113000001,4168.589844,4172.692383,4245.512695,4207.179688,4207.563965,4183.974121,4208.333496,4203.717772999999,4202.436035,4159.358886999999,4230.512695,4139.102539
4187.436035,4206.025879,4176.666504,4179.743652,4237.563965,4188.461426,4207.94873,4176.410156,4207.94873,4212.179688,4210.897461,4170.384765999999,4239.871582,4145.897461
4201.153809,4220.641113000001,4187.820313,4187.307617,4242.179688,4198.717772999999,4208.974121,4190.512695,4220.384765999999,4230.256348,4230.0,4191.025879,4267.563965,4158.974121
4210.256348,4227.179688,4193.461426,4193.717772999999,4248.846191,4216.410156,4212.94873,4203.589844,4224.743652,4241.153809,4246.153809,4202.94873,4281.282227000001,4172.307617
4213.974121,4218.461426,4192.179688,4190.769043,4242.307617,4199.615234000001,4209.102539,4186.794922,4206.794922,4226.538574,4246.794922,4200.769043,4273.717772999999,4179.230957
4220.0,4214.743652,4194.871582,4188.974121,4237.692383,4179.487305,4190.512695,4165.512695,4198.333496,4219.102539,4244.871582,4203.589844,4276.922852000001,4182.820313
4227.820313,4220.128418,4198.589844,4195.128418,4243.333496,4182.436035,4177.179688,4161.538574,4206.153809,4229.102539,4247.307617,4210.897461,4284.615234000001,4182.820313
4215.769043,4207.692383,4183.205078,4187.307617,4239.743652,4182.05127,4182.179688,4147.692383,4191.794922,4213.717772999999,4231.922852000001,4204.487305,4260.641113000001,4168.589844
4188.846191,4187.563965,4162.307617,4167.307617,4227.05127,4178.461426,4203.333496,4136.410156,4171.153809,4183.717772999999,4204.871582,4184.230957,4227.563965,4150.641113000001
4179.230957,4182.94873,4159.743652,4160.384765999999,4217.436035,4178.717772999999,4223.205078,4168.846191,4182.307617,4184.102539,4195.384765999999,4171.282227000001,4220.897461,4144.615234000001
4185.384765999999,4189.358886999999,4166.025879,4166.538574,4215.897461,4175.0,4220.897461,4190.384765999999,4192.692383,4198.077147999999,4202.436035,4171.025879,4225.897461,4145.897461
4187.563965,4200.384765999999,4171.922852000001,4172.820313,4224.230957,4179.102539,4209.230957,4168.205078,4184.743652,4199.358886999999,4209.102539,4175.769043,4227.436035,4148.717772999999
4187.436035,4208.461426,4175.128418,4175.384765999999,4231.153809,4192.692383,4208.974121,4177.563965,4195.0,4199.487305,4210.256348,4183.205078,4232.820313,4151.794922
4190.897461,4209.102539,4172.692383,4174.615234000001,4229.102539,4194.743652,4208.077147999999,4199.615234000001,4203.077147999999,4199.615234000001,4208.589844,4184.615234000001,4240.512695,4152.692383
4191.153809,4203.846191,4168.077147999999,4170.769043,4222.563965,4186.794922,4209.743652,4167.820313,4176.025879,4188.846191,4204.102539,4177.307617,4236.410156,4150.0
4195.897461,4206.666504,4173.846191,4178.846191,4226.922852000001,4185.256348,4208.333496,4147.307617,4167.563965,4188.333496,4207.05127,4178.077147999999,4237.05127,4155.512695
4205.641113000001,4218.974121,4185.897461,4194.358886999999,4239.871582,4185.897461,4192.307617,4177.05127,4196.922852000001,4206.410156,4220.512695,4191.282227000001,4255.256348,4169.230957
4202.692383,4219.358886999999,4187.692383,4190.769043,4236.153809,4178.589844,4179.743652,4170.256348,4197.563965,4208.205078,4223.846191,4193.974121,4259.615234000001,4172.307617
4195.897461,4210.128418,4185.384765999999,4180.128418,4227.05127,4173.717772999999,4183.077147999999,4136.666504,4177.563965,4196.282227000001,4217.436035,4188.077147999999,4245.128418,4165.256348
4197.436035,4207.563965,4181.922852000001,4177.94873,4228.589844,4183.974121,4194.358886999999,4150.0,4182.436035,4193.589844,4213.333496,4188.461426,4237.436035,4160.128418
4195.128418,4206.922852000001,4175.128418,4175.641113000001,4228.717772999999,4189.358886999999,4195.769043,4161.538574,4180.256348,4187.692383,4207.692383,4188.461426,4236.153809,4154.871582
4192.692383,4207.436035,4177.436035,4178.333496,4227.820313,4172.94873,4185.641113000001,4150.256348,4170.512695,4186.410156,4208.846191,4187.179688,4237.179688,4154.102539
4193.205078,4207.820313,4182.820313,4179.871582,4226.025879,4165.641113000001,4188.717772999999,4171.538574,4186.153809,4199.743652,4215.384765999999,4186.666504,4238.846191,4158.974121
4189.615234000001,4201.410156,4176.410156,4174.743652,4222.563965,4184.615234000001,4217.436035,4200.512695,4201.282227000001,4202.436035,4215.0,4185.512695,4236.282227000001,4158.589844
4184.871582,4193.205078,4170.128418,4172.692383,4224.358886999999,4195.256348,4232.692383,4187.436035,4193.205078,4195.769043,4212.94873,4183.717772999999,4234.358886999999,4153.077147999999
4174.487305,4187.563965,4163.717772999999,4164.871582,4227.05127,4186.922852000001,4214.487305,4169.487305,4186.794922,4195.0,4208.717772999999,4176.153809,4227.94873,4144.358886999999
4165.897461,4185.512695,4155.897461,4155.128418,4222.692383,4190.256348,4207.179688,4180.897461,4193.077147999999,4192.05127,4201.410156,4169.358886999999,4218.333496,4139.487305
4171.538574,4188.205078,4160.641113000001,4161.410156,4217.436035,4196.282227000001,4217.820313,4191.538574,4195.128418,4187.563965,4204.743652,4172.94873,4221.153809,4143.205078
4178.589844,4194.871582,4169.871582,4172.307617,4222.179688,4183.589844,4219.358886999999,4179.358886999999,4190.0,4191.153809,4211.666504,4174.871582,4231.025879,4144.615234000001
4183.205078,4205.128418,4173.077147999999,4178.717772999999,4231.025879,4176.538574,4206.410156,4163.846191,4192.307617,4203.077147999999,4216.153809,4173.333496,4237.692383,4145.641113000001
4196.794922,4214.871582,4177.692383,4186.794922,4234.871582,4184.615234000001,4190.641113000001,4166.666504,4202.820313,4215.0,4227.179688,4183.717772999999,4242.563965,4154.743652
4210.641113000001,4220.897461,4186.025879,4192.820313,4234.871582,4186.410156,4186.282227000001,4172.94873,4204.358886999999,4216.922852000001,4234.358886999999,4196.025879,4244.358886999999,4163.717772999999
4210.0,4221.666504,4191.922852000001,4192.820313,4233.974121,4177.436035,4192.820313,4166.153809,4188.205078,4207.820313,4230.0,4194.230957,4240.769043,4164.615234000001
4206.794922,4218.974121,4198.333496,4193.589844,4228.846191,4171.153809,4197.307617,4163.461426,4176.922852000001,4197.179688,4230.512695,4189.615234000001,4239.615234000001,4164.230957
4207.94873,4215.256348,4203.077147999999,4193.846191,4224.487305,4168.461426,4194.358886999999,4167.820313,4180.128418,4196.410156,4232.94873,4191.922852000001,4236.282227000001,4164.487305
4205.769043,4213.717772999999,4199.743652,4191.794922,4229.615234000001,4165.641113000001,4190.641113000001,4160.641113000001,4177.692383,4194.871582,4226.282227000001,4190.512695,4225.512695,4162.94873
4201.153809,4213.205078,4197.179688,4190.769043,4236.410156,4172.692383,4197.820313,4151.922852000001,4171.282227000001,4189.615234000001,4223.717772999999,4186.538574,4221.666504,4160.769043
4192.94873,4208.461426,4190.384765999999,4182.692383,4233.333496,4180.128418,4209.487305,4148.717772999999,4171.282227000001,4188.333496,4223.077147999999,4182.94873,4217.05127,4153.461426
4188.461426,4204.487305,4177.563965,4171.410156,4225.384765999999,4179.743652,4211.922852000001,4150.897461,4178.077147999999,4193.846191,4216.025879,4180.128418,4212.179688,4147.692383
4189.230957,4208.589844,4172.05127,4173.461426,4225.128418,4185.384765999999,4216.153809,4168.461426,4191.794922,4201.282227000001,4216.282227000001,4181.794922,4217.820313,4153.974121
4182.692383,4209.102539,4169.358886999999,4178.461426,4233.333496,4198.717772999999,4222.94873,4189.487305,4204.230957,4200.256348,4217.563965,4178.974121,4219.487305,4155.769043
4175.256348,4202.436035,4164.102539,4171.666504,4238.077147999999,4206.538574,4219.487305,4200.0,4211.794922,4200.256348,4211.153809,4171.025879,4214.743652,4143.717772999999
4178.205078,4200.512695,4162.692383,4166.153809,4233.589844,4206.538574,4210.0,4192.692383,4210.256348,4204.871582,4206.666504,4171.538574,4217.05127,4137.179688
4187.307617,4207.563965,4170.641113000001,4175.128418,4234.102539,4206.666504,4203.717772999999,4175.897461,4200.897461,4207.436035,4211.282227000001,4183.461426,4224.871582,4149.230957
4199.743652,4223.461426,4185.897461,4193.333496,4246.538574,4200.769043,4200.384765999999,4175.384765999999,4201.794922,4214.615234000001,4226.153809,4194.615234000001,4237.820313,4167.436035
4209.615234000001,4236.153809,4196.794922,4203.846191,4248.333496,4186.282227000001,4190.256348,4169.615234000001,4200.512695,4218.333496,4236.922852000001,4200.128418,4253.589844,4176.410156
4213.461426,4236.153809,4197.820313,4200.769043,4239.358886999999,4185.128418,4185.128418,4131.922852000001,4173.589844,4205.512695,4230.384765999999,4203.077147999999,4253.205078,4177.05127
4220.0,4233.974121,4201.922852000001,4199.743652,4242.692383,4196.538574,4197.436035,4122.563965,4157.563965,4194.358886999999,4222.563965,4202.692383,4244.102539,4176.025879
4225.769043,4238.589844,4208.333496,4205.128418,4249.743652,4193.717772999999,4206.922852000001,4158.846191,4177.307617,4202.820313,4226.538574,4204.871582,4247.436035,4178.846191
4220.0,4244.230957,4205.0,4207.436035,4250.0,4186.410156,4203.461426,4164.615234000001,4188.461426,4209.487305,4226.410156,4207.692383,4252.307617,4183.205078
4214.743652,4244.487305,4198.333496,4204.871582,4248.205078,4187.307617,4198.333496,4148.846191,4185.512695,4208.461426,4219.487305,4203.974121,4247.820313,4181.153809
4210.897461,4235.512695,4191.025879,4197.94873,4241.282227000001,4187.05127,4209.871582,4171.153809,4196.922852000001,4208.846191,4213.717772999999,4193.846191,4235.128418,4169.487305
4199.743652,4224.871582,4183.077147999999,4191.922852000001,4235.512695,4189.615234000001,4225.641113000001,4200.897461,4210.256348,4209.358886999999,4207.692383,4185.384765999999,4224.743652,4158.974121
4195.512695,4222.820313,4183.589844,4192.820313,4233.846191,4190.128418,4218.333496,4195.512695,4211.538574,4210.512695,4206.025879,4187.94873,4226.538574,4160.641113000001
4199.615234000001,4223.717772999999,4189.230957,4194.743652,4233.846191,4190.512695,4209.487305,4191.410156,4213.461426,4210.384765999999,4207.307617,4192.692383,4230.512695,4162.563965
4198.077147999999,4223.846191,4188.846191,4192.179688,4233.461426,4192.179688,4216.025879,4196.794922,4212.563965,4204.871582,4205.897461,4192.820313,4225.384765999999,4159.743652
4197.179688,4226.025879,4191.794922,4192.692383,4231.025879,4187.563965,4216.282227000001,4178.589844,4197.692383,4196.666504,4206.282227000001,4195.897461,4222.307617,4163.461426
4201.153809,4229.871582,4198.077147999999,4198.077147999999,4236.153809,4188.205078,4206.282227000001,4155.641113000001,4181.666504,4190.384765999999,4205.641113000001,4200.641113000001,4223.461426,4169.615234000001
4206.153809,4231.794922,4199.230957,4202.563965,4247.307617,4195.769043,4200.0,4148.974121,4173.333496,4188.846191,4203.205078,4201.922852000001,4223.205078,4173.461426
4218.717772999999,4239.358886999999,4211.282227000001,4210.769043,4252.05127,4193.077147999999,4192.94873,4148.461426,4178.974121,4203.333496,4216.410156,4209.743652,4238.205078,4187.179688
4230.897461,4245.897461,4220.897461,4213.333496,4245.897461,4186.153809,4186.282227000001,4143.077147999999,4186.794922,4216.794922,4229.743652,4219.487305,4257.820313,4202.05127
4227.94873,4244.102539,4207.692383,4203.205078,4241.794922,4188.974121,4190.128418,4142.94873,4182.563965,4211.538574,4222.05127,4219.487305,4255.769043,4198.333496
4219.230957,4239.230957,4197.179688,4198.205078,4245.512695,4191.794922,4202.179688,4152.179688,4180.769043,4209.743652,4211.794922,4216.666504,4245.384765999999,4191.153809
4210.384765999999,4228.717772999999,4195.897461,4197.563965,4240.256348,4192.94873,4219.615234000001,4163.846191,4185.256348,4206.922852000001,4203.461426,4208.717772999999,4236.538574,4183.589844
4207.436035,4230.256348,4190.769043,4198.461426,4238.077147999999,4201.410156,4223.333496,4177.307617,4195.384765999999,4204.615234000001,4196.666504,4199.871582,4236.025879,4175.512695
4210.512695,4243.461426,4186.025879,4203.077147999999,4247.179688,4208.077147999999,4214.230957,4179.102539,4204.871582,4214.743652,4195.128418,4200.384765999999,4242.436035,4173.974121
4201.666504,4237.692383,4180.384765999999,4200.641113000001,4239.743652,4201.794922,4219.487305,4180.897461,4209.230957,4212.307617,4184.358886999999,4194.487305,4227.05127,4166.282227000001
4196.282227000001,4229.358886999999,4179.743652,4200.384765999999,4230.769043,4193.846191,4220.512695,4188.717772999999,4219.102539,4204.615234000001,4179.615234000001,4187.94873,4210.128418,4162.692383
4208.717772999999,4237.436035,4190.512695,4207.179688,4238.205078,4197.692383,4208.461426,4181.922852000001,4225.128418,4214.615234000001,4192.307617,4195.769043,4220.512695,4175.769043
4212.692383,4235.897461,4193.974121,4207.436035,4237.692383,4207.563965,4217.692383,4172.692383,4212.94873,4215.256348,4191.666504,4195.897461,4222.692383,4182.820313
4208.205078,4225.512695,4190.0,4205.769043,4232.94873,4209.230957,4225.769043,4173.333496,4200.897461,4202.692383,4183.205078,4188.589844,4208.846191,4177.179688
4210.769043,4225.256348,4190.897461,4206.282227000001,4236.282227000001,4198.205078,4200.897461,4162.563965,4198.717772999999,4203.974121,4190.769043,4193.077147999999,4206.282227000001,4180.128418
4215.641113000001,4227.563965,4192.820313,4204.871582,4235.641113000001,4197.820313,4188.461426,4150.384765999999,4196.922852000001,4209.615234000001,4199.871582,4200.384765999999,4213.461426,4191.666504
4217.94873,4228.974121,4193.077147999999,4205.897461,4232.307617,4211.153809,4203.333496,4158.717772999999,4197.94873,4205.384765999999,4196.794922,4199.871582,4220.128418,4195.256348
4219.230957,4227.05127,4193.205078,4208.205078,4237.820313,4212.436035,4210.512695,4165.256348,4198.717772999999,4204.487305,4192.307617,4195.641113000001,4225.897461,4192.05127
4218.333496,4221.410156,4191.666504,4206.794922,4240.512695,4211.538574,4216.538574,4165.384765999999,4198.846191,4208.589844,4193.589844,4194.743652,4224.230957,4186.666504
4214.102539,4218.846191,4187.820313,4206.153809,4234.743652,4217.05127,4224.615234000001,4157.692383,4192.307617,4202.179688,4190.512695,4195.641113000001,4212.179688,4180.128418
4209.871582,4217.820313,4184.102539,4203.077147999999,4231.025879,4214.358886999999,4227.05127,4151.282227000001,4178.461426,4187.05127,4182.563965,4191.794922,4201.282227000001,4175.769043
4208.205078,4212.307617,4181.922852000001,4194.102539,4223.846191,4201.410156,4233.461426,4162.307617,4172.307617,4181.153809,4183.205078,4189.230957,4202.94873,4176.410156
4216.153809,4216.153809,4188.846191,4196.410156,4216.922852000001,4191.153809,4234.615234000001,4170.0,4178.077147999999,4192.179688,4198.333496,4198.333496,4220.512695,4184.743652
4227.692383,4229.487305,4204.230957,4211.410156,4217.179688,4191.922852000001,4226.410156,4171.153809,4185.641113000001,4204.358886999999,4212.820313,4207.436035,4232.820313,4195.256348
4230.0,4234.230957,4211.666504,4214.743652,4217.820313,4191.538574,4220.128418,4176.794922,4185.641113000001,4204.487305,4214.487305,4207.94873,4228.461426,4197.563965
4228.333496,4235.897461,4206.538574,4210.256348,4220.0,4186.922852000001,4213.205078,4169.871582,4182.179688,4204.230957,4212.563965,4212.563965,4226.538574,4193.846191
4221.538574,4235.641113000001,4193.205078,4206.666504,4224.871582,4192.436035,4198.846191,4147.820313,4176.538574,4201.410156,4207.05127,4211.282227000001,4225.384765999999,4186.794922
4210.769043,4227.436035,4181.410156,4198.333496,4228.846191,4201.025879,4187.563965,4147.307617,4179.871582,4195.769043,4195.0,4201.538574,4216.282227000001,4174.615234000001
4205.0,4220.641113000001,4181.666504,4191.666504,4225.769043,4193.717772999999,4198.461426,4175.128418,4200.769043,4201.025879,4191.666504,4198.205078,4214.230957,4169.615234000001
4203.717772999999,4220.769043,4184.743652,4193.589844,4216.794922,4185.0,4215.512695,4195.512695,4215.769043,4205.641113000001,4195.256348,4197.436035,4215.641113000001,4173.333496
4205.384765999999,4224.358886999999,4182.05127,4195.897461,4215.256348,4199.102539,4209.743652,4189.102539,4213.205078,4203.846191,4192.436035,4194.487305,4212.563965,4173.333496
4208.461426,4224.871582,4180.256348,4193.717772999999,4220.128418,4214.358886999999,4195.512695,4165.384765999999,4205.897461,4204.871582,4187.563965,4190.897461,4210.512695,4169.102539
4211.922852000001,4220.128418,4182.94873,4189.615234000001,4216.153809,4207.820313,4204.487305,4172.179688,4209.743652,4207.820313,4186.794922,4192.563965,4211.153809,4172.436035
4218.974121,4222.436035,4190.897461,4191.666504,4212.692383,4200.897461,4227.05127,4196.666504,4214.487305,4208.974121,4193.974121,4203.077147999999,4217.436035,4184.230957
4224.871582,4228.974121,4202.820313,4201.282227000001,4222.179688,4208.333496,4236.025879,4180.384765999999,4201.922852000001,4209.230957,4203.589844,4213.205078,4222.179688,4192.307617
4225.897461,4228.717772999999,4211.025879,4210.128418,4227.94873,4206.794922,4230.641113000001,4159.743652,4189.358886999999,4210.384765999999,4211.666504,4217.94873,4223.846191,4195.128418
4225.256348,4227.436035,4210.769043,4210.256348,4222.307617,4191.410156,4223.461426,4177.94873,4191.538574,4207.307617,4212.563965,4216.922852000001,4227.179688,4193.589844
4222.05127,4225.384765999999,4203.205078,4202.94873,4215.641113000001,4188.333496,4220.641113000001,4185.384765999999,4185.512695,4193.846191,4199.358886999999,4211.794922,4223.077147999999,4184.487305
4224.102539,4230.769043,4206.666504,4207.307617,4216.666504,4195.769043,4216.410156,4166.282227000001,4176.794922,4189.230957,4196.538574,4213.717772999999,4227.820313,4184.230957
4234.230957,4244.230957,4220.897461,4223.333496,4223.589844,4187.05127,4203.589844,4165.0,4193.205078,4208.461426,4211.153809,4220.384765999999,4243.205078,4195.256348
4234.230957,4245.256348,4220.256348,4225.384765999999,4222.563965,4178.333496,4200.769043,4177.05127,4211.666504,4221.666504,4213.846191,4217.307617,4240.128418,4191.410156
4220.0,4234.743652,4203.205078,4211.538574,4212.94873,4192.436035,4223.077147999999,4198.717772999999,4216.794922,4215.769043,4202.179688,4208.589844,4227.94873,4176.153809
4204.871582,4225.256348,4184.743652,4196.410156,4211.538574,4205.128418,4227.820313,4210.897461,4216.025879,4206.282227000001,4190.897461,4198.333496,4221.794922,4165.128418
4198.205078,4220.512695,4174.102539,4189.230957,4221.538574,4207.563965,4203.461426,4185.256348,4210.0,4203.077147999999,4183.589844,4188.077147999999,4208.974121,4159.358886999999
4198.333496,4216.794922,4172.05127,4188.077147999999,4222.820313,4208.589844,4196.538574,4168.846191,4212.94873,4209.743652,4184.615234000001,4186.666504,4201.153809,4160.897461
4194.102539,4210.512695,4167.307617,4183.846191,4209.230957,4205.897461,4209.487305,4169.358886999999,4212.307617,4206.282227000001,4185.512695,4185.384765999999,4206.666504,4160.384765999999
4189.615234000001,4205.512695,4162.820313,4181.282227000001,4204.615234000001,4205.0,4209.615234000001,4149.871582,4189.230957,4190.512695,4177.563965,4176.410156,4206.153809,4153.461426
4200.256348,4209.615234000001,4174.487305,4190.897461,4212.05127,4196.666504,4193.846191,4121.410156,4167.820313,4185.769043,4179.230957,4181.538574,4205.256348,4159.487305
4215.256348,4222.820313,4194.871582,4205.128418,4213.717772999999,4181.538574,4190.897461,4122.179688,4177.179688,4198.077147999999,4196.538574,4202.05127,4219.615234000001,4180.0
4216.922852000001,4227.05127,4200.897461,4206.282227000001,4206.794922,4173.077147999999,4196.282227000001,4149.358886999999,4190.512695,4207.436035,4203.589844,4209.743652,4223.077147999999,4188.333496
4220.897461,4223.205078,4203.333496,4203.077147999999,4203.974121,4172.820313,4200.128418,4169.487305,4190.384765999999,4204.615234000001,4201.410156,4209.358886999999,4211.410156,4189.358886999999
4229.102539,4225.897461,4210.897461,4207.692383,4208.974121,4180.128418,4211.666504,4171.153809,4196.025879,4204.743652,4206.538574,4213.077147999999,4214.358886999999,4193.589844
4224.358886999999,4229.230957,4208.717772999999,4208.461426,4212.563965,4192.307617,4213.846191,4171.025879,4207.563965,4209.615234000001,4209.487305,4212.05127,4225.384765999999,4188.333496
4216.410156,4225.641113000001,4198.461426,4200.641113000001,4213.461426,4195.641113000001,4201.410156,4191.282227000001,4218.846191,4210.897461,4202.179688,4204.615234000001,4224.743652,4178.205078
4215.512695,4220.897461,4190.0,4196.538574,4217.692383,4193.333496,4194.615234000001,4205.897461,4222.05127,4207.692383,4196.538574,4197.820313,4218.461426,4173.589844
4208.589844,4215.769043,4180.256348,4196.410156,4217.563965,4198.846191,4200.256348,4189.487305,4212.692383,4204.230957,4194.102539,4192.179688,4219.358886999999,4170.256348
4199.871582,4210.0,4171.922852000001,4192.179688,4209.102539,4199.743652,4202.94873,4176.410156,4209.358886999999,4205.769043,4192.436035,4186.794922,4221.922852000001,4165.256348
4199.358886999999,4210.769043,4169.871582,4188.205078,4206.538574,4196.666504,4214.871582,4189.615234000001,4220.256348,4211.282227000001,4193.974121,4184.102539,4219.358886999999,4162.94873
4195.769043,4212.05127,4167.307617,4186.282227000001,4212.820313,4209.487305,4238.846191,4186.666504,4213.974121,4207.820313,4188.717772999999,4178.461426,4210.897461,4155.256348
4193.077147999999,4209.230957,4166.922852000001,4187.436035,4219.871582,4223.974121,4235.0,4144.615234000001,4185.897461,4195.0,4179.871582,4173.077147999999,4207.563965,4148.205078
4202.820313,4216.666504,4175.128418,4196.666504,4225.641113000001,4216.153809,4207.820313,4125.641113000001,4181.153809,4194.358886999999,4187.436035,4177.94873,4215.897461,4157.563965
4211.666504,4234.487305,4185.769043,4210.256348,4234.487305,4207.05127,4205.0,4148.717772999999,4196.410156,4208.077147999999,4201.025879,4187.692383,4227.05127,4169.102539
4213.974121,4244.102539,4192.05127,4217.94873,4235.897461,4212.307617,4213.589844,4166.153809,4198.589844,4215.641113000001,4205.0,4194.230957,4235.512695,4173.846191
4221.410156,4245.641113000001,4198.974121,4219.871582,4232.307617,4207.05127,4187.307617,4173.205078,4202.692383,4220.384765999999,4212.179688,4199.743652,4243.717772999999,4183.461426
4232.563965,4252.820313,4210.641113000001,4227.436035,4237.563965,4188.333496,4162.94873,4184.102539,4222.820313,4236.025879,4228.974121,4206.794922,4252.05127,4197.94873
4231.410156,4251.410156,4212.563965,4228.077147999999,4232.692383,4185.384765999999,4189.102539,4179.102539,4226.922852000001,4237.692383,4230.897461,4204.743652,4246.538574,4196.922852000001
4221.025879,4236.282227000001,4199.230957,4216.025879,4222.692383,4208.846191,4219.615234000001,4167.692383,4211.922852000001,4215.512695,4212.820313,4194.615234000001,4226.025879,4180.641113000001
4210.769043,4224.487305,4187.436035,4206.922852000001,4225.512695,4220.128418,4214.487305,4175.641113000001,4209.487305,4199.871582,4196.025879,4186.666504,4212.820313,4169.230957
4203.846191,4219.871582,4185.384765999999,4202.179688,4222.179688,4205.256348,4215.897461,4190.128418,4215.641113000001,4202.820313,4192.307617,4181.410156,4210.512695,4164.615234000001
4203.205078,4219.358886999999,4187.179688,4199.743652,4214.358886999999,4203.333496,4238.333496,4187.820313,4216.410156,4210.769043,4195.769043,4180.769043,4207.563965,4164.102539
4197.436035,4214.487305,4181.282227000001,4197.820313,4218.333496,4220.256348,4233.589844,4164.743652,4205.897461,4206.410156,4189.487305,4180.641113000001,4197.436035,4160.384765999999
4186.410156,4206.666504,4174.871582,4192.94873,4226.410156,4221.922852000001,4210.769043,4150.128418,4193.461426,4195.512695,4180.384765999999,4176.666504,4192.692383,4155.256348
4190.384765999999,4216.922852000001,4181.025879,4194.743652,4228.461426,4207.05127,4210.769043,4163.333496,4198.333496,4199.230957,4187.94873,4179.487305,4201.922852000001,4161.410156
4203.974121,4232.692383,4191.794922,4206.025879,4225.897461,4205.128418,4216.153809,4168.077147999999,4203.974121,4208.974121,4198.974121,4190.0,4211.153809,4173.077147999999
4214.615234000001,4240.128418,4201.922852000001,4216.025879,4229.615234000001,4214.743652,4204.487305,4163.461426,4204.102539,4213.333496,4206.153809,4198.205078,4218.333496,4181.538574
4218.461426,4246.538574,4213.333496,4216.410156,4240.0,4208.974121,4184.871582,4168.974121,4208.589844,4215.897461,4211.922852000001,4201.666504,4228.077147999999,4185.0
4223.077147999999,4251.410156,4221.922852000001,4218.589844,4239.230957,4190.256348,4177.563965,4178.846191,4215.641113000001,4222.563965,4217.05127,4206.538574,4236.153809,4191.025879
4230.384765999999,4251.282227000001,4225.897461,4226.922852000001,4226.794922,4188.846191,4192.563965,4187.94873,4225.0,4233.974121,4227.05127,4215.897461,4244.230957,4201.794922
4225.256348,4243.589844,4217.820313,4220.0,4222.820313,4197.94873,4200.897461,4184.743652,4221.794922,4230.512695,4225.128418,4214.871582,4238.717772999999,4199.615234000001
4213.974121,4235.128418,4205.897461,4207.820313,4228.205078,4195.384765999999,4195.0,4172.820313,4207.94873,4216.538574,4211.153809,4201.794922,4222.307617,4189.615234000001
4214.615234000001,4235.384765999999,4206.794922,4210.128418,4226.282227000001,4189.102539,4200.512695,4175.641113000001,4206.794922,4216.410156,4209.102539,4198.205078,4221.153809,4186.922852000001
4218.333496,4240.512695,4212.94873,4216.025879,4219.871582,4191.538574,4211.538574,4197.436035,4221.922852000001,4227.436035,4217.94873,4208.974121,4229.871582,4186.282227000001
4207.436035,4236.922852000001,4206.666504,4210.512695,4222.436035,4203.205078,4216.794922,4211.282227000001,4226.282227000001,4224.102539,4212.94873,4205.0,4217.307617,4177.307617
4187.307617,4219.487305,4190.384765999999,4193.461426,4228.333496,4212.179688,4221.025879,4196.538574,4207.94873,4201.538574,4189.871582,4181.410156,4185.384765999999,4163.717772999999
4181.025879,4210.897461,4182.563965,4188.974121,4228.846191,4213.077147999999,4220.384765999999,4174.487305,4199.358886999999,4195.897461,4178.461426,4174.230957,4184.743652,4157.307617
4188.717772999999,4214.230957,4183.717772999999,4196.282227000001,4225.769043,4212.692383,4206.666504,4168.846191,4208.846191,4211.922852000001,4185.256348,4183.589844,4205.256348,4157.820313
4189.615234000001,4211.025879,4180.512695,4193.461426,4222.307617,4213.589844,4196.410156,4173.717772999999,4211.153809,4211.025879,4183.589844,4179.230957,4196.922852000001,4157.563965
4188.974121,4208.846191,4180.512695,4189.487305,4226.025879,4214.102539,4203.974121,4173.974121,4203.846191,4201.153809,4177.692383,4173.205078,4185.512695,4161.153809
4201.410156,4221.666504,4193.974121,4203.974121,4234.871582,4211.922852000001,4208.974121,4176.153809,4207.94873,4214.358886999999,4189.487305,4185.897461,4205.512695,4172.563965
4212.436035,4236.153809,4205.384765999999,4216.410156,4239.230957,4210.641113000001,4202.307617,4191.666504,4221.153809,4228.717772999999,4198.717772999999,4194.102539,4223.846191,4179.487305
4212.563965,4236.794922,4203.974121,4210.512695,4241.410156,4210.384765999999,4198.077147999999,4201.025879,4220.0,4219.358886999999,4188.589844,4184.358886999999,4216.025879,4177.94873
4210.128418,4230.512695,4202.05127,4207.692383,4240.512695,4205.512695,4201.153809,4193.205078,4212.05127,4213.077147999999,4182.94873,4182.436035,4208.205078,4177.94873
4208.846191,4227.692383,4202.307617,4211.153809,4234.102539,4205.641113000001,4212.307617,4186.538574,4212.692383,4218.333496,4185.512695,4188.974121,4211.922852000001,4179.230957
4206.922852000001,4224.743652,4196.025879,4208.333496,4229.358886999999,4211.025879,4222.436035,4192.179688,4212.436035,4211.282227000001,4180.256348,4185.641113000001,4210.897461,4174.615234000001
4212.05127,4222.563965,4197.820313,4209.358886999999,4232.820313,4210.128418,4225.512695,4201.410156,4212.179688,4202.307617,4179.871582,4183.589844,4210.769043,4176.794922
4220.384765999999,4224.102539,4209.102539,4216.922852000001,4232.820313,4205.256348,4230.641113000001,4206.282227000001,4219.102539,4213.974121,4191.922852000001,4190.769043,4217.94873,4188.846191
4218.333496,4222.94873,4205.384765999999,4213.461426,4221.794922,4202.179688,4225.384765999999,4197.820313,4215.256348,4217.563965,4190.641113000001,4188.333496,4213.846191,4189.102539
4211.153809,4217.179688,4196.025879,4206.025879,4218.846191,4202.820313,4206.153809,4176.538574,4197.307617,4199.487305,4177.436035,4176.410156,4199.230957,4176.282227000001
4212.05127,4216.410156,4198.461426,4209.102539,4228.205078,4207.94873,4199.230957,4163.077147999999,4189.743652,4192.94873,4179.743652,4174.102539,4200.512695,4172.307617
4216.282227000001,4218.589844,4197.05127,4208.974121,4231.410156,4211.025879,4201.538574,4158.846191,4189.871582,4200.641113000001,4188.205078,4176.922852000001,4210.641113000001,4177.307617
4213.333496,4216.538574,4188.461426,4203.589844,4225.384765999999,4208.717772999999,4194.615234000001,4167.179688,4193.717772999999,4203.846191,4187.05127,4177.05127,4211.922852000001,4175.769043
4209.358886999999,4217.563965,4189.358886999999,4204.102539,4224.615234000001,4208.205078,4196.282227000001,4189.615234000001,4206.282227000001,4207.307617,4188.205078,4179.615234000001,4211.794922,4170.641113000001
4211.282227000001,4225.384765999999,4195.512695,4209.487305,4234.615234000001,4210.0,4215.128418,4207.179688,4218.461426,4215.128418,4195.769043,4184.743652,4214.102539,4168.717772999999
4211.794922,4226.153809,4191.410156,4207.94873,4238.974121,4211.666504,4222.307617,4222.179688,4224.871582,4218.461426,4198.717772999999,4185.512695,4212.692383,4167.563965
4210.641113000001,4222.179688,4186.922852000001,4203.461426,4231.794922,4212.436035,4212.179688,4228.205078,4226.025879,4222.692383,4199.615234000001,4185.641113000001,4210.384765999999,4171.410156
4209.615234000001,4223.974121,4189.230957,4205.256348,4225.128418,4207.307617,4210.256348,4202.692383,4215.512695,4221.153809,4202.94873,4183.974121,4208.333496,4176.794922
4206.153809,4222.307617,4189.358886999999,4207.307617,4222.179688,4197.179688,4219.358886999999,4175.384765999999,4201.025879,4204.102539,4200.897461,4177.94873,4204.358886999999,4176.025879
4207.307617,4221.794922,4193.205078,4208.461426,4226.922852000001,4202.05127,4229.871582,4197.05127,4207.05127,4198.717772999999,4197.307617,4178.846191,4204.871582,4173.589844
4214.230957,4229.230957,4202.563965,4212.179688,4236.410156,4215.512695,4230.897461,4224.358886999999,4218.846191,4210.256348,4202.820313,4185.769043,4210.897461,4177.94873
4220.0,4232.307617,4204.487305,4212.94873,4235.256348,4207.692383,4214.615234000001,4197.179688,4205.384765999999,4209.615234000001,4208.846191,4188.077147999999,4218.717772999999,4184.487305
4220.769043,4231.666504,4203.333496,4212.94873,4226.538574,4190.384765999999,4197.692383,4162.05127,4189.871582,4201.538574,4207.307617,4192.179688,4227.307617,4186.282227000001
4217.307617,4234.102539,4202.563965,4212.05127,4222.436035,4192.05127,4192.820313,4161.922852000001,4190.256348,4203.589844,4205.384765999999,4198.717772999999,4225.256348,4182.820313
4217.820313,4233.461426,4200.0,4208.205078,4229.743652,4207.436035,4193.333496,4181.153809,4195.256348,4206.410156,4210.128418,4196.666504,4219.230957,4183.717772999999
4224.358886999999,4233.205078,4202.307617,4208.717772999999,4242.436035,4210.641113000001,4189.743652,4197.307617,4207.563965,4210.128418,4216.922852000001,4195.641113000001,4225.384765999999,4194.230957
4225.0,4236.666504,4204.102539,4210.897461,4238.717772999999,4200.512695,4184.743652,4196.666504,4219.358886999999,4217.692383,4219.230957,4198.974121,4227.563965,4199.230957
4215.384765999999,4232.94873,4197.05127,4208.974121,4223.077147999999,4201.282227000001,4190.384765999999,4191.922852000001,4216.794922,4216.538574,4216.794922,4193.205078,4211.538574,4190.641113000001
4204.358886999999,4221.922852000001,4188.846191,4203.974121,4219.487305,4209.102539,4198.461426,4188.846191,4209.487305,4203.589844,4202.820313,4179.487305,4193.461426,4176.282227000001
4202.563965,4218.974121,4186.410156,4198.461426,4221.794922,4208.461426,4200.256348,4184.358886999999,4205.384765999999,4192.820313,4191.153809,4171.666504,4193.077147999999,4170.512695
4208.974121,4222.179688,4188.333496,4196.410156,4218.461426,4204.743652,4204.102539,4184.615234000001,4198.974121,4193.077147999999,4197.436035,4174.615234000001,4201.410156,4176.025879
4209.615234000001,4219.487305,4192.05127,4200.128418,4220.641113000001,4201.153809,4209.743652,4185.0,4190.128418,4189.743652,4197.307617,4177.94873,4192.692383,4174.358886999999
4207.307617,4221.025879,4198.077147999999,4204.358886999999,4227.436035,4197.94873,4207.94873,4176.153809,4184.230957,4184.230957,4188.589844,4177.820313,4177.820313,4170.0
4215.0,4230.128418,4204.358886999999,4201.025879,4226.153809,4198.461426,4196.025879,4169.358886999999,4180.384765999999,4191.153809,4194.487305,4181.410156,4188.461426,4177.307617
4226.922852000001,4237.307617,4212.820313,4204.743652,4222.692383,4196.794922,4188.589844,4178.333496,4185.128418,4203.846191,4211.025879,4194.487305,4219.358886999999,4190.512695
4232.94873,4242.179688,4219.743652,4215.897461,4226.538574,4193.333496,4194.743652,4181.538574,4190.256348,4208.974121,4218.589844,4203.077147999999,4231.666504,4199.358886999999
4231.025879,4242.05127,4214.743652,4215.0,4233.205078,4193.589844,4192.05127,4172.692383,4186.025879,4202.692383,4213.077147999999,4199.615234000001,4215.256348,4198.717772999999
4227.94873,4239.743652,4207.05127,4210.128418,4237.179688,4196.666504,4178.974121,4182.94873,4194.487305,4200.512695,4209.743652,4198.974121,4209.487305,4196.410156
4227.820313,4240.897461,4208.717772999999,4213.333496,4228.077147999999,4197.05127,4182.307617,4214.358886999999,4219.615234000001,4212.179688,4214.871582,4201.666504,4228.077147999999,4202.179688
4228.589844,4240.769043,4209.615234000001,4213.589844,4213.589844,4200.128418,4199.102539,4227.307617,4228.461426,4219.358886999999,4218.589844,4203.333496,4236.410156,4204.743652
4225.0,4237.05127,4204.487305,4211.794922,4216.153809,4210.128418,4204.615234000001,4203.461426,4215.512695,4210.641113000001,4212.820313,4202.94873,4225.384765999999,4196.153809
4218.589844,4234.358886999999,4201.282227000001,4212.820313,4221.282227000001,4209.102539,4195.128418,4178.974121,4204.102539,4199.358886999999,4201.153809,4198.077147999999,4219.871582,4188.461426
4213.205078,4231.153809,4196.794922,4206.410156,4219.102539,4199.358886999999,4186.922852000001,4176.922852000001,4199.487305,4195.0,4193.717772999999,4189.615234000001,4222.179688,4184.743652
4203.974121,4222.179688,4186.666504,4194.871582,4215.897461,4198.333496,4194.230957,4180.769043,4191.794922,4185.769043,4187.94873,4183.846191,4213.974121,4174.871582
4193.077147999999,4211.538574,4178.589844,4186.794922,4204.743652,4191.538574,4202.436035,4174.102539,4177.179688,4171.666504,4177.692383,4181.666504,4197.820313,4163.717772999999
4196.794922,4214.615234000001,4182.436035,4186.922852000001,4199.487305,4179.615234000001,4192.307617,4169.102539,4169.871582,4171.410156,4178.077147999999,4187.563965,4200.897461,4169.615234000001
4218.461426,4232.692383,4198.846191,4203.205078,4215.256348,4187.692383,4191.282227000001,4181.538574,4183.717772999999,4187.820313,4200.384765999999,4204.615234000001,4225.897461,4193.846191
4236.794922,4252.179688,4215.384765999999,4225.769043,4231.282227000001,4200.512695,4199.743652,4193.846191,4201.282227000001,4210.0,4226.153809,4219.487305,4245.512695,4214.358886999999
4243.974121,4260.769043,4219.230957,4231.922852000001,4235.0,4193.974121,4179.487305,4189.743652,4204.487305,4222.692383,4240.0,4221.282227000001,4252.307617,4222.179688
4246.538574,4259.102539,4214.358886999999,4225.384765999999,4237.307617,4193.461426,4160.641113000001,4186.794922,4201.025879,4220.128418,4238.974121,4217.563965,4252.05127,4224.743652
4242.692383,4255.384765999999,4215.0,4225.641113000001,4236.794922,4203.717772999999,4176.922852000001,4202.820313,4207.563965,4217.820313,4229.487305,4213.846191,4245.769043,4221.153809
4230.384765999999,4246.153809,4215.0,4222.820313,4228.077147999999,4199.102539,4191.153809,4213.589844,4217.563965,4223.077147999999,4224.358886999999,4206.666504,4234.615234000001,4207.307617
4219.487305,4237.05127,4206.410156,4210.256348,4223.205078,4198.333496,4190.769043,4210.512695,4221.025879,4224.230957,4222.94873,4197.563965,4225.512695,4198.205078
4213.205078,4233.974121,4195.384765999999,4202.692383,4223.461426,4214.487305,4197.692383,4203.589844,4217.94873,4213.974121,4215.128418,4193.333496,4216.794922,4195.384765999999
4202.05127,4223.846191,4186.282227000001,4198.974121,4219.487305,4212.05127,4207.307617,4198.717772999999,4208.846191,4198.717772999999,4204.102539,4188.974121,4203.461426,4182.05127
4195.256348,4214.615234000001,4185.897461,4196.794922,4217.307617,4195.384765999999,4218.205078,4216.666504,4210.384765999999,4195.128418,4201.794922,4180.897461,4197.436035,4169.743652
4199.743652,4219.615234000001,4192.563965,4198.077147999999,4215.384765999999,4197.179688,4230.256348,4229.358886999999,4214.230957,4197.94873,4204.871582,4178.077147999999,4202.05127,4171.922852000001
4199.615234000001,4222.05127,4191.922852000001,4199.230957,4213.333496,4208.077147999999,4227.179688,4191.922852000001,4195.128418,4187.563965,4198.589844,4179.487305,4200.897461,4172.94873
4198.205078,4222.820313,4193.205078,4202.94873,4226.025879,4210.641113000001,4215.0,4163.589844,4185.128418,4183.205078,4195.256348,4182.563965,4195.512695,4174.615234000001
4210.256348,4237.307617,4207.692383,4212.436035,4238.205078,4207.179688,4210.384765999999,4193.717772999999,4208.461426,4203.205078,4209.871582,4193.717772999999,4206.282227000001,4191.025879
4229.358886999999,4248.974121,4219.871582,4223.974121,4230.128418,4205.897461,4215.0,4210.897461,4220.641113000001,4218.717772999999,4227.436035,4205.769043,4225.641113000001,4207.05127
4237.563965,4247.563965,4219.102539,4226.794922,4224.358886999999,4209.230957,4214.487305,4187.692383,4207.436035,4216.153809,4234.102539,4212.307617,4228.205078,4211.410156
4233.205078,4245.0,4216.666504,4219.487305,4232.692383,4207.179688,4203.461426,4182.436035,4203.846191,4214.487305,4234.743652,4217.94873,4224.615234000001,4215.384765999999
4230.128418,4246.025879,4218.974121,4217.94873,4237.563965,4199.487305,4192.820313,4196.538574,4210.641113000001,4218.333496,4236.025879,4221.666504,4231.794922,4218.461426
4238.974121,4249.871582,4225.128418,4228.717772999999,4233.589844,4198.461426,4184.102539,4198.205078,4211.410156,4222.563965,4241.538574,4224.871582,4237.436035,4217.436035
4248.461426,4253.077147999999,4232.436035,4236.282227000001,4229.615234000001,4206.794922,4185.641113000001,4196.282227000001,4212.179688,4226.794922,4247.820313,4228.333496,4240.512695,4218.461426
4232.94873,4241.922852000001,4223.205078,4223.205078,4224.743652,4207.179688,4200.128418,4200.256348,4208.461426,4221.922852000001,4238.717772999999,4216.922852000001,4239.871582,4211.666504
4203.717772999999,4220.512695,4199.102539,4203.205078,4214.487305,4197.179688,4203.461426,4200.769043,4199.615234000001,4206.282227000001,4219.358886999999,4197.05127,4221.922852000001,4194.615234000001
4196.025879,4215.384765999999,4193.589844,4200.256348,4209.615234000001,4203.589844,4205.897461,4212.05127,4205.384765999999,4202.436035,4215.769043,4192.436035,4203.589844,4186.153809
4197.436035,4216.794922,4200.512695,4202.307617,4212.94873,4216.794922,4217.692383,4221.282227000001,4215.512695,4205.256348,4216.153809,4192.307617,4205.128418,4185.897461
4190.0,4211.153809,4192.94873,4192.94873,4213.846191,4209.743652,4221.794922,4214.743652,4213.717772999999,4199.230957,4206.153809,4187.436035,4206.153809,4182.05127
4189.743652,4212.307617,4184.615234000001,4191.538574,4216.410156,4206.025879,4212.179688,4208.205078,4207.820313,4196.410156,4201.922852000001,4190.256348,4194.743652,4179.230957
4200.256348,4221.282227000001,4191.153809,4202.307617,4225.0,4219.358886999999,4205.384765999999,4210.384765999999,4213.205078,4202.307617,4209.487305,4197.179688,4195.128418,4183.205078
4208.589844,4233.077147999999,4200.256348,4208.077147999999,4231.410156,4226.922852000001,4214.358886999999,4212.179688,4227.820313,4215.512695,4220.897461,4202.05127,4215.512695,4193.077147999999
4207.820313,4240.0,4200.512695,4209.487305,4233.461426,4217.692383,4219.230957,4205.0,4225.641113000001,4223.077147999999,4223.717772999999,4203.717772999999,4225.769043,4198.974121
4202.563965,4237.05127,4202.436035,4213.077147999999,4233.333496,4207.94873,4204.102539,4201.666504,4209.358886999999,4213.589844,4216.410156,4204.743652,4213.205078,4194.615234000001
4207.179688,4239.230957,4215.0,4220.641113000001,4234.230957,4206.025879,4186.153809,4198.333496,4204.615234000001,4207.94873,4216.410156,4207.94873,4208.717772999999,4195.0
4213.974121,4243.974121,4218.589844,4219.487305,4227.94873,4200.256348,4182.94873,4180.256348,4201.410156,4206.666504,4216.153809,4206.410156,4214.230957,4200.128418
4204.615234000001,4233.205078,4205.897461,4209.102539,4216.666504,4196.666504,4191.025879,4173.717772999999,4191.025879,4195.256348,4204.743652,4198.846191,4207.563965,4196.282227000001
4192.820313,4219.871582,4198.974121,4207.307617,4215.897461,4202.820313,4202.307617,4197.179688,4193.974121,4189.102539,4196.922852000001,4193.077147999999,4196.282227000001,4188.461426
4191.794922,4214.487305,4199.230957,4207.94873,4215.769043,4206.794922,4218.717772999999,4218.205078,4202.563965,4193.333496,4194.102539,4189.615234000001,4186.153809,4182.94873
4192.179688,4209.102539,4197.05127,4201.666504,4210.0,4206.666504,4224.230957,4220.512695,4203.077147999999,4189.615234000001,4187.563965,4188.333496,4179.743652,4179.230957
4190.641113000001,4206.282227000001,4194.358886999999,4197.820313,4211.025879,4205.128418,4212.94873,4217.307617,4201.282227000001,4182.436035,4181.025879,4187.307617,4178.589844,4175.0
4190.769043,4207.94873,4190.384765999999,4198.077147999999,4214.230957,4202.563965,4211.538574,4201.666504,4194.743652,4180.641113000001,4176.538574,4183.077147999999,4176.666504,4173.205078
4196.282227000001,4211.282227000001,4191.025879,4199.358886999999,4212.563965,4207.179688,4222.563965,4200.256348,4198.974121,4187.692383,4181.666504,4183.846191,4183.461426,4182.94873
4204.871582,4216.282227000001,4198.333496,4202.692383,4217.307617,4214.358886999999,4213.077147999999,4224.871582,4216.153809,4202.563965,4197.436035,4194.102539,4201.153809,4199.230957
4206.666504,4220.641113000001,4198.974121,4206.666504,4225.384765999999,4210.0,4196.153809,4226.538574,4222.307617,4211.922852000001,4206.794922,4199.487305,4214.615234000001,4207.179688
4209.487305,4221.538574,4197.94873,4209.743652,4218.974121,4209.743652,4208.077147999999,4210.0,4219.102539,4213.333496,4208.333496,4199.230957,4222.820313,4211.410156
4221.666504,4224.615234000001,4205.512695,4215.769043,4215.897461,4222.563965,4220.128418,4225.128418,4230.897461,4225.0,4215.512695,4203.205078,4230.897461,4219.487305
4223.077147999999,4223.717772999999,4209.358886999999,4216.794922,4221.410156,4225.384765999999,4199.871582,4228.717772999999,4233.077147999999,4232.179688,4217.179688,4201.538574,4227.94873,4220.641113000001
4211.538574,4214.230957,4200.0,4208.333496,4216.025879,4212.820313,4178.846191,4176.794922,4201.666504,4209.102539,4202.563965,4189.230957,4213.461426,4208.717772999999
4218.205078,4215.384765999999,4197.94873,4211.794922,4212.94873,4206.025879,4183.077147999999,4155.897461,4188.846191,4193.974121,4197.692383,4186.282227000001,4210.769043,4205.512695
4233.846191,4222.179688,4208.077147999999,4222.179688,4213.333496,4204.615234000001,4189.487305,4191.410156,4206.025879,4203.974121,4207.820313,4192.05127,4215.0,4213.205078
4227.692383,4216.538574,4207.94873,4216.538574,4201.666504,4194.615234000001,4184.102539,4194.743652,4203.205078,4196.410156,4201.153809,4184.871582,4206.410156,4204.487305
4209.487305,4203.205078,4192.436035,4203.974121,4193.589844,4190.769043,4192.05127,4169.743652,4184.743652,4174.743652,4180.641113000001,4170.512695,4187.692383,4182.05127
4197.820313,4192.307617,4177.436035,4195.512695,4196.922852000001,4201.794922,4212.94873,4181.794922,4188.333496,4173.461426,4177.436035,4163.077147999999,4176.794922,4172.94873
4188.974121,4182.563965,4168.974121,4183.461426,4194.230957,4208.846191,4214.615234000001,4199.358886999999,4198.461426,4182.563965,4186.282227000001,4156.282227000001,4179.615234000001,4176.922852000001
4184.102539,4178.589844,4163.205078,4173.333496,4190.512695,4206.666504,4196.282227000001,4192.436035,4201.153809,4183.589844,4187.563965,4155.641113000001,4180.897461,4179.615234000001
4190.384765999999,4186.794922,4168.974121,4181.282227000001,4195.512695,4209.615234000001,4195.897461,4200.384765999999,4217.05127,4196.410156,4196.153809,4168.333496,4185.0,4183.205078
4196.410156,4193.974121,4179.871582,4192.05127,4197.179688,4215.128418,4208.461426,4221.410156,4232.436035,4212.307617,4209.102539,4173.717772999999,4197.05127,4187.692383
4193.461426,4194.358886999999,4178.205078,4189.743652,4195.256348,4209.358886999999,4200.384765999999,4213.974121,4220.256348,4204.230957,4205.512695,4168.205078,4200.384765999999,4187.563965
4199.487305,4202.436035,4180.641113000001,4194.358886999999,4203.846191,4203.461426,4188.846191,4186.666504,4203.461426,4194.743652,4205.0,4174.487305,4203.077147999999,4192.307617
4213.717772999999,4215.256348,4196.282227000001,4206.794922,4209.358886999999,4205.769043,4192.563965,4184.615234000001,4205.769043,4201.794922,4217.692383,4185.128418,4217.563965,4204.615234000001
4219.615234000001,4218.205078,4207.436035,4208.974121,4199.230957,4202.94873,4192.05127,4196.282227000001,4205.512695,4203.846191,4220.641113000001,4188.333496,4225.384765999999,4213.205078
4227.307617,4226.410156,4218.589844,4214.743652,4201.538574,4193.461426,4188.077147999999,4191.282227000001,4199.230957,4203.974121,4223.077147999999,4199.743652,4226.282227000001,4220.769043
4240.641113000001,4241.025879,4233.717772999999,4226.922852000001,4216.410156,4186.282227000001,4189.743652,4177.692383,4199.230957,4208.717772999999,4231.282227000001,4212.05127,4230.128418,4229.358886999999
4242.179688,4237.94873,4233.461426,4223.974121,4215.256348,4195.128418,4192.436035,4165.256348,4190.128418,4197.05127,4224.102539,4206.538574,4220.512695,4224.615234000001
4225.897461,4221.666504,4215.897461,4209.102539,4201.538574,4204.743652,4199.102539,4161.538574,4176.153809,4175.512695,4205.641113000001,4193.333496,4201.410156,4206.666504
4207.436035,4211.025879,4199.743652,4198.077147999999,4195.897461,4195.384765999999,4198.333496,4177.05127,4185.0,4171.666504,4197.307617,4182.820313,4194.358886999999,4192.692383
4207.436035,4213.205078,4198.589844,4197.05127,4198.461426,4194.358886999999,4195.384765999999,4204.358886999999,4212.94873,4189.743652,4204.743652,4179.230957,4203.461426,4192.563965
4212.307617,4215.641113000001,4200.769043,4196.666504,4198.461426,4211.666504,4202.179688,4207.563965,4225.256348,4205.897461,4215.512695,4183.077147999999,4216.666504,4197.179688
4201.538574,4210.512695,4192.94873,4192.307617,4200.641113000001,4217.307617,4204.230957,4195.769043,4221.794922,4207.307617,4217.436035,4185.384765999999,4218.333496,4196.922852000001
4192.563965,4209.358886999999,4185.897461,4193.077147999999,4204.871582,4214.871582,4203.205078,4203.205078,4221.153809,4205.0,4215.128418,4183.461426,4208.461426,4193.717772999999
4197.436035,4216.538574,4188.589844,4197.563965,4209.102539,4220.769043,4207.820313,4202.820313,4212.563965,4201.025879,4213.461426,4183.461426,4203.974121,4194.102539
4206.794922,4229.102539,4198.974121,4204.615234000001,4218.589844,4222.692383,4210.512695,4180.641113000001,4200.769043,4198.077147999999,4217.307617,4186.538574,4218.205078,4202.436035
4222.563965,4239.743652,4211.794922,4218.205078,4222.436035,4212.05127,4204.743652,4171.922852000001,4202.563965,4207.563965,4230.641113000001,4195.641113000001,4236.538574,4212.94873
4232.820313,4238.974121,4217.563965,4223.205078,4217.820313,4203.077147999999,4198.589844,4187.307617,4206.538574,4216.666504,4239.743652,4206.666504,4242.179688,4219.358886999999
4224.358886999999,4229.743652,4214.743652,4212.179688,4215.769043,4206.282227000001,4194.102539,4193.717772999999,4203.205078,4209.743652,4235.641113000001,4206.153809,4236.282227000001,4221.282227000001
4217.94873,4226.538574,4213.589844,4208.461426,4215.769043,4208.589844,4188.333496,4188.717772999999,4202.692383,4202.307617,4230.897461,4201.538574,4227.692383,4218.333496
4228.717772999999,4234.102539,4220.256348,4218.846191,4214.102539,4201.794922,4193.077147999999,4205.769043,4217.436035,4212.179688,4235.0,4208.205078,4228.333496,4218.333496
4236.666504,4238.333496,4228.077147999999,4222.692383,4209.102539,4196.025879,4200.384765999999,4224.230957,4231.794922,4223.461426,4239.358886999999,4213.205078,4227.692383,4221.794922
4232.307617,4230.128418,4227.436035,4217.820313,4200.128418,4197.820313,4198.461426,4212.436035,4228.974121,4217.307617,4233.205078,4205.769043,4217.436035,4219.358886999999
4228.974121,4225.128418,4222.179688,4217.307617,4196.666504,4201.025879,4200.769043,4194.615234000001,4222.820313,4208.205078,4224.487305,4198.461426,4218.461426,4214.487305
4221.282227000001,4223.974121,4214.871582,4212.94873,4197.436035,4199.871582,4208.461426,4196.666504,4220.384765999999,4203.974121,4219.230957,4193.717772999999,4219.743652,4207.436035
4204.358886999999,4213.974121,4201.666504,4200.384765999999,4194.871582,4201.666504,4204.615234000001,4203.205078,4212.436035,4193.461426,4210.641113000001,4184.615234000001,4203.974121,4193.205078
4196.153809,4206.922852000001,4190.769043,4197.307617,4194.487305,4210.0,4194.487305,4200.256348,4206.025879,4186.922852000001,4203.333496,4178.846191,4199.871582,4186.794922
4201.410156,4213.589844,4191.922852000001,4205.128418,4197.692383,4218.717772999999,4192.436035,4186.922852000001,4203.333496,4190.512695,4204.871582,4181.282227000001,4209.743652,4195.769043
4205.128418,4219.615234000001,4196.666504,4208.077147999999,4203.717772999999,4220.641113000001,4194.230957,4164.743652,4192.692383,4189.871582,4209.615234000001,4184.487305,4207.436035,4200.256348
4203.461426,4215.512695,4191.153809,4203.461426,4206.282227000001,4218.717772999999,4196.282227000001,4151.282227000001,4186.538574,4187.179688,4211.025879,4184.615234000001,4201.666504,4195.769043
4205.769043,4211.922852000001,4188.589844,4198.974121,4198.461426,4222.692383,4199.871582,4161.538574,4193.205078,4189.358886999999,4210.769043,4182.692383,4202.94873,4195.897461
4213.077147999999,4215.512695,4202.179688,4203.717772999999,4196.153809,4220.897461,4201.410156,4187.436035,4199.871582,4190.0,4214.615234000001,4187.563965,4207.94873,4203.846191
4221.922852000001,4224.102539,4214.743652,4216.025879,4200.769043,4208.333496,4202.307617,4201.922852000001,4205.256348,4195.384765999999,4225.512695,4198.846191,4221.666504,4213.974121
4230.128418,4234.358886999999,4217.94873,4224.230957,4201.025879,4208.589844,4201.666504,4202.820313,4217.94873,4207.307617,4237.820313,4203.461426,4236.025879,4222.179688
4234.487305,4238.205078,4221.794922,4221.666504,4201.410156,4211.025879,4199.743652,4218.077147999999,4230.512695,4208.846191,4240.0,4201.666504,4237.563965,4226.666504
4240.641113000001,4242.692383,4230.256348,4223.589844,4206.794922,4197.436035,4200.512695,4235.0,4236.410156,4211.922852000001,4243.077147999999,4204.487305,4243.717772999999,4230.512695
4246.410156,4247.820313,4235.0,4232.179688,4207.307617,4193.589844,4200.128418,4222.820313,4232.820313,4221.410156,4248.461426,4208.461426,4251.025879,4230.128418
4244.615234000001,4241.538574,4229.487305,4229.871582,4201.794922,4201.410156,4190.0,4192.307617,4216.922852000001,4209.743652,4240.0,4201.282227000001,4235.897461,4223.717772999999
4243.846191,4237.94873,4223.077147999999,4228.333496,4207.692383,4202.179688,4189.871582,4183.717772999999,4212.94873,4199.358886999999,4234.871582,4195.641113000001,4229.487305,4224.358886999999
4232.820313,4234.230957,4214.487305,4226.282227000001,4215.897461,4201.666504,4208.846191,4191.410156,4218.589844,4203.461426,4236.794922,4192.436035,4237.05127,4218.589844
4209.230957,4216.025879,4198.846191,4209.871582,4202.436035,4204.358886999999,4217.692383,4187.692383,4211.666504,4193.461426,4223.974121,4176.922852000001,4220.0,4196.794922
4201.538574,4200.641113000001,4187.179688,4198.077147999999,4185.128418,4205.769043,4217.05127,4175.512695,4197.563965,4179.615234000001,4206.794922,4159.102539,4194.230957,4182.307617
4207.563965,4202.05127,4187.179688,4200.128418,4190.256348,4209.871582,4218.717772999999,4167.563965,4191.410156,4182.436035,4205.256348,4159.871582,4197.05127,4183.589844
4207.436035,4211.410156,4193.846191,4203.974121,4205.128418,4218.333496,4212.436035,4181.666504,4206.025879,4195.384765999999,4217.563965,4177.692383,4216.922852000001,4194.487305
4209.743652,4219.230957,4200.641113000001,4206.538574,4205.512695,4221.538574,4207.563965,4201.538574,4222.307617,4205.512695,4229.615234000001,4192.692383,4226.282227000001,4208.077147999999
4218.205078,4222.05127,4207.179688,4212.820313,4204.615234000001,4221.282227000001,4215.769043,4201.153809,4216.538574,4205.897461,4233.205078,4199.358886999999,4227.692383,4212.179688
4223.205078,4224.615234000001,4213.717772999999,4221.153809,4216.922852000001,4229.615234000001,4213.717772999999,4207.94873,4207.307617,4197.820313,4230.769043,4200.897461,4234.358886999999,4209.615234000001
4224.871582,4228.589844,4219.102539,4226.666504,4224.743652,4239.358886999999,4196.538574,4225.256348,4214.487305,4194.615234000001,4228.589844,4198.846191,4236.922852000001,4212.94873
4231.153809,4232.94873,4225.641113000001,4232.179688,4220.641113000001,4235.641113000001,4199.487305,4212.05127,4220.128418,4202.436035,4234.102539,4199.358886999999,4235.384765999999,4223.077147999999
4241.538574,4242.692383,4234.487305,4241.410156,4217.05127,4220.384765999999,4215.0,4193.333496,4224.230957,4216.410156,4246.666504,4204.358886999999,4248.461426,4234.230957
4241.025879,4241.922852000001,4231.794922,4242.436035,4216.538574,4211.666504,4210.769043,4202.307617,4232.563965,4223.974121,4247.179688,4202.307617,4257.820313,4232.307617
4222.436035,4224.615234000001,4210.512695,4225.512695,4213.974121,4219.487305,4203.589844,4204.487305,4232.05127,4215.512695,4229.487305,4187.05127,4237.820313,4211.282227000001
4201.282227000001,4214.487305,4189.102539,4207.820313,4209.230957,4225.512695,4208.333496,4194.358886999999,4227.307617,4204.743652,4214.358886999999,4176.794922,4215.256348,4190.769043
4199.358886999999,4217.307617,4185.897461,4206.410156,4206.794922,4212.563965,4209.871582,4195.256348,4232.436035,4210.256348,4215.897461,4180.897461,4221.794922,4187.94873
4208.846191,4222.05127,4196.282227000001,4216.153809,4208.077147999999,4202.94873,4204.102539,4196.922852000001,4240.769043,4222.05127,4225.0,4186.025879,4239.102539,4198.846191
4207.692383,4220.0,4198.589844,4218.461426,4208.333496,4214.743652,4206.666504,4182.820313,4227.179688,4211.282227000001,4220.641113000001,4183.974121,4231.282227000001,4200.128418
4212.436035,4221.538574,4205.641113000001,4218.846191,4214.102539,4225.641113000001,4217.307617,4178.974121,4211.794922,4199.102539,4215.897461,4190.0,4219.487305,4200.897461
4232.05127,4236.538574,4227.692383,4230.897461,4223.717772999999,4216.666504,4211.282227000001,4198.077147999999,4223.589844,4217.692383,4234.358886999999,4208.846191,4235.128418,4218.077147999999
4240.897461,4250.256348,4238.974121,4239.743652,4223.846191,4210.897461,4194.102539,4217.94873,4241.666504,4236.153809,4253.333496,4222.436035,4252.692383,4232.179688
4235.0,4245.384765999999,4233.974121,4235.512695,4223.205078,4222.179688,4197.94873,4226.282227000001,4241.922852000001,4227.05127,4248.461426,4217.94873,4245.512695,4226.538574
4228.077147999999,4230.128418,4223.461426,4227.94873,4226.538574,4223.461426,4205.641113000001,4214.358886999999,4223.077147999999,4208.846191,4229.615234000001,4201.410156,4227.820313,4210.897461
4218.846191,4223.205078,4210.0,4221.025879,4220.897461,4216.666504,4191.153809,4196.666504,4204.230957,4198.974121,4212.05127,4186.410156,4217.692383,4198.717772999999
4207.820313,4215.897461,4196.922852000001,4211.410156,4206.282227000001,4221.410156,4180.641113000001,4187.307617,4197.05127,4189.358886999999,4203.077147999999,4175.897461,4210.0,4190.897461
4205.256348,4207.820313,4191.153809,4207.307617,4198.333496,4219.358886999999,4190.641113000001,4182.94873,4200.641113000001,4183.077147999999,4200.128418,4170.769043,4207.179688,4190.384765999999
4201.794922,4203.974121,4189.102539,4205.897461,4198.589844,4207.436035,4200.128418,4178.717772999999,4201.794922,4183.205078,4191.922852000001,4168.461426,4205.769043,4187.436035
4192.05127,4197.820313,4185.512695,4198.974121,4195.897461,4209.102539,4201.666504,4181.922852000001,4200.641113000001,4182.05127,4181.922852000001,4167.05127,4197.436035,4175.641113000001
4192.692383,4197.820313,4188.461426,4199.487305,4198.974121,4222.179688,4206.538574,4194.871582,4209.871582,4188.333496,4186.153809,4170.897461,4199.487305,4178.846191
4202.94873,4209.743652,4196.666504,4207.94873,4206.025879,4223.589844,4212.563965,4203.333496,4226.410156,4204.871582,4200.384765999999,4178.077147999999,4214.230957,4197.563965
4211.025879,4222.05127,4205.512695,4214.230957,4203.846191,4209.487305,4207.563965,4217.307617,4242.307617,4219.743652,4210.641113000001,4187.307617,4225.384765999999,4208.589844
4220.641113000001,4231.410156,4216.666504,4223.589844,4209.230957,4207.820313,4190.897461,4225.769043,4247.692383,4228.077147999999,4218.205078,4198.077147999999,4235.384765999999,4214.615234000001
4231.666504,4244.230957,4224.743652,4233.846191,4225.641113000001,4218.717772999999,4177.820313,4206.794922,4237.307617,4229.871582,4226.538574,4204.358886999999,4249.358886999999,4227.307617
4233.205078,4245.512695,4224.487305,4233.333496,4223.461426,4216.025879,4181.282227000001,4182.436035,4221.666504,4224.615234000001,4226.922852000001,4203.077147999999,4250.512695,4231.153809
4226.794922,4232.05127,4217.94873,4227.436035,4207.820313,4207.820313,4180.512695,4167.820313,4210.897461,4216.025879,4217.179688,4195.897461,4236.410156,4222.692383
4218.589844,4216.025879,4206.153809,4217.692383,4201.025879,4215.384765999999,4170.384765999999,4164.743652,4203.846191,4204.358886999999,4206.282227000001,4184.487305,4221.666504,4211.794922
4204.102539,4199.743652,4188.333496,4198.589844,4195.0,4223.846191,4181.282227000001,4181.794922,4202.436035,4193.846191,4195.512695,4171.153809,4210.256348,4196.410156
4189.102539,4188.717772999999,4175.0,4187.563965,4184.615234000001,4217.563965,4207.820313,4203.077147999999,4208.077147999999,4189.615234000001,4183.205078,4162.05127,4202.307617,4182.563965
4185.512695,4178.846191,4174.230957,4189.743652,4179.487305,4217.05127,4212.307617,4207.05127,4215.769043,4186.666504,4180.128418,4161.794922,4189.615234000001,4180.256348
4192.179688,4174.487305,4182.179688,4190.769043,4181.153809,4223.846191,4203.974121,4213.077147999999,4223.077147999999,4187.820313,4191.538574,4172.563965,4178.846191,4188.974121
4201.410156,4191.794922,4193.846191,4193.717772999999,4185.256348,4217.94873,4213.461426,4214.615234000001,4221.282227000001,4195.769043,4200.769043,4180.384765999999,4188.974121,4200.384765999999
4213.589844,4219.871582,4203.846191,4209.871582,4193.717772999999,4207.179688,4223.461426,4199.358886999999,4216.922852000001,4200.897461,4206.410156,4182.563965,4210.384765999999,4209.615234000001
4221.666504,4228.205078,4208.205078,4221.153809,4201.025879,4205.897461,4209.871582,4197.94873,4218.846191,4199.102539,4213.589844,4187.436035,4210.512695,4215.0
4223.333496,4224.487305,4212.307617,4218.333496,4201.153809,4206.410156,4192.436035,4200.769043,4213.846191,4201.282227000001,4217.563965,4190.769043,4202.05127,4218.974121
4238.589844,4240.384765999999,4225.897461,4226.282227000001,4206.666504,4205.769043,4190.512695,4185.769043,4207.436035,4214.615234000001,4226.922852000001,4199.230957,4220.769043,4229.358886999999
4256.410156,4257.692383,4236.538574,4237.307617,4214.358886999999,4205.128418,4184.358886999999,4169.871582,4205.641113000001,4222.436035,4240.256348,4209.871582,4239.487305,4243.717772999999
4256.538574,4256.538574,4239.743652,4238.077147999999,4211.538574,4200.512695,4179.871582,4178.589844,4208.846191,4223.461426,4246.025879,4211.538574,4239.871582,4253.077147999999
4251.025879,4250.512695,4241.794922,4236.666504,4204.102539,4198.589844,4192.436035,4195.641113000001,4213.077147999999,4225.384765999999,4243.333496,4209.358886999999,4237.179688,4250.897461
4246.922852000001,4245.0,4235.769043,4231.282227000001,4202.436035,4196.538574,4187.436035,4182.820313,4202.563965,4218.077147999999,4235.512695,4205.512695,4229.871582,4243.846191
4244.102539,4246.025879,4229.102539,4226.922852000001,4207.563965,4194.871582,4167.692383,4159.743652,4196.538574,4216.025879,4234.230957,4203.077147999999,4227.436035,4242.820313
4238.974121,4244.487305,4224.358886999999,4223.205078,4206.922852000001,4198.077147999999,4171.153809,4173.333496,4212.179688,4221.410156,4235.641113000001,4203.461426,4225.512695,4241.538574
4229.102539,4232.692383,4210.897461,4211.794922,4197.94873,4202.307617,4185.256348,4202.563965,4218.589844,4210.769043,4223.461426,4195.256348,4209.615234000001,4228.461426
4221.538574,4226.410156,4200.897461,4203.846191,4193.205078,4203.974121,4183.589844,4198.589844,4210.0,4199.487305,4211.538574,4182.563965,4198.077147999999,4214.743652
4221.922852000001,4232.436035,4204.615234000001,4210.641113000001,4195.897461,4204.358886999999,4180.384765999999,4188.974121,4218.077147999999,4206.794922,4215.128418,4185.384765999999,4206.153809,4213.205078
4219.871582,4232.820313,4205.512695,4215.384765999999,4200.256348,4211.025879,4197.307617,4204.743652,4229.102539,4208.077147999999,4214.871582,4188.461426,4207.436035,4212.436035
4210.0,4222.307617,4194.871582,4205.0,4199.871582,4218.846191,4215.384765999999,4217.179688,4219.743652,4195.0,4200.641113000001,4176.794922,4195.769043,4203.205078
4204.871582,4220.769043,4189.871582,4200.384765999999,4196.153809,4215.512695,4205.0,4207.307617,4213.205078,4193.974121,4196.922852000001,4173.333496,4195.128418,4195.769043
4212.307617,4229.615234000001,4197.179688,4210.641113000001,4193.589844,4206.153809,4188.205078,4196.282227000001,4220.769043,4205.0,4209.487305,4182.05127,4203.589844,4200.256348
4223.717772999999,4234.487305,4205.897461,4216.538574,4194.487305,4205.512695,4198.717772999999,4202.436035,4225.384765999999,4210.384765999999,4216.538574,4187.436035,4207.563965,4211.282227000001
4227.692383,4241.794922,4210.897461,4217.563965,4202.05127,4210.897461,4204.871582,4192.820313,4215.769043,4208.333496,4215.897461,4190.0,4207.94873,4218.846191
4232.563965,4252.307617,4217.692383,4226.794922,4211.153809,4205.769043,4174.487305,4159.743652,4197.692383,4202.94873,4217.436035,4194.743652,4210.897461,4223.333496
4248.333496,4260.128418,4229.487305,4238.717772999999,4214.487305,4196.153809,4160.0,4151.538574,4192.94873,4205.384765999999,4224.743652,4203.461426,4220.384765999999,4234.487305
4255.769043,4263.205078,4237.436035,4242.436035,4211.538574,4192.563965,4185.641113000001,4175.128418,4206.282227000001,4215.897461,4233.717772999999,4212.692383,4228.589844,4247.563965
4236.538574,4246.922852000001,4223.333496,4228.461426,4198.974121,4189.230957,4196.794922,4187.436035,4204.871582,4208.205078,4226.153809,4203.077147999999,4212.820313,4233.333496
4209.743652,4218.461426,4199.230957,4207.436035,4188.461426,4192.94873,4196.666504,4197.692383,4198.077147999999,4187.692383,4206.153809,4182.307617,4185.128418,4200.512695
4203.461426,4215.128418,4193.205078,4204.615234000001,4191.538574,4206.410156,4218.846191,4222.692383,4214.487305,4192.307617,4200.128418,4181.794922,4182.692383,4191.922852000001
4205.641113000001,4228.077147999999,4193.846191,4210.897461,4193.974121,4217.563965,4232.307617,4222.563965,4219.871582,4201.410156,4201.922852000001,4185.0,4186.922852000001,4197.563965
4199.615234000001,4227.05127,4188.333496,4207.563965,4192.820313,4222.820313,4228.205078,4215.256348,4213.461426,4195.128418,4196.153809,4172.94873,4175.641113000001,4191.153809
4196.922852000001,4222.307617,4188.461426,4200.897461,4195.256348,4224.743652,4229.358886999999,4228.846191,4228.717772999999,4197.94873,4191.794922,4169.743652,4170.512695,4185.256348
4203.205078,4227.94873,4195.512695,4204.871582,4202.563965,4232.307617,4224.358886999999,4220.769043,4234.358886999999,4207.436035,4194.743652,4180.641113000001,4183.333496,4193.205078
4209.615234000001,4235.128418,4200.512695,4215.512695,4208.846191,4233.589844,4210.256348,4193.077147999999,4217.307617,4208.589844,4200.897461,4187.179688,4198.077147999999,4202.820313
4215.512695,4236.410156,4203.589844,4217.436035,4208.077147999999,4219.743652,4203.717772999999,4187.436035,4212.563965,4207.05127,4207.307617,4188.974121,4204.615234000001,4205.384765999999
4225.897461,4243.077147999999,4212.179688,4221.794922,4209.871582,4216.410156,4197.563965,4182.820313,4213.205078,4209.487305,4215.0,4196.538574,4210.128418,4212.05127
4234.615234000001,4252.436035,4225.897461,4234.230957,4211.922852000001,4221.153809,4192.179688,4183.205078,4209.743652,4213.333496,4222.307617,4209.102539,4216.410156,4224.743652
4234.102539,4249.871582,4232.436035,4235.512695,4207.436035,4209.230957,4203.205078,4206.666504,4210.897461,4209.615234000001,4223.846191,4213.974121,4217.563965,4227.94873
4227.563965,4239.615234000001,4220.384765999999,4225.128418,4201.282227000001,4192.307617,4196.666504,4196.153809,4197.563965,4194.230957,4212.179688,4204.487305,4207.179688,4218.461426
4216.794922,4230.769043,4203.717772999999,4216.794922,4194.230957,4186.666504,4167.94873,4164.871582,4179.743652,4180.384765999999,4195.256348,4194.102539,4189.102539,4208.077147999999
4206.666504,4224.102539,4200.128418,4211.410156,4186.922852000001,4189.615234000001,4180.769043,4183.077147999999,4192.307617,4183.974121,4191.282227000001,4191.666504,4182.307617,4203.333496
4198.846191,4215.384765999999,4199.358886999999,4205.641113000001,4185.512695,4202.563965,4218.717772999999,4206.025879,4210.384765999999,4192.05127,4193.205078,4188.846191,4180.128418,4197.692383
4191.538574,4206.153809,4191.410156,4200.0,4187.307617,4211.922852000001,4219.358886999999,4199.358886999999,4210.384765999999,4196.282227000001,4189.487305,4183.974121,4172.05127,4192.563965
4185.128418,4198.974121,4184.358886999999,4193.846191,4190.384765999999,4210.384765999999,4206.410156,4200.256348,4210.128418,4200.769043,4186.282227000001,4179.102539,4168.077147999999,4189.487305
4185.128418,4198.077147999999,4182.05127,4190.769043,4197.436035,4216.410156,4214.871582,4198.846191,4212.820313,4198.717772999999,4184.871582,4173.974121,4171.025879,4187.307617
4190.641113000001,4205.0,4184.487305,4195.0,4204.358886999999,4231.025879,4218.205078,4189.743652,4213.974121,4196.153809,4185.641113000001,4173.461426,4175.384765999999,4189.230957
4190.897461,4210.0,4188.846191,4198.077147999999,4208.205078,4234.102539,4206.282227000001,4185.384765999999,4209.102539,4196.922852000001,4188.846191,4173.461426,4178.461426,4192.05127
4199.743652,4218.717772999999,4195.256348,4202.820313,4209.615234000001,4220.128418,4203.846191,4190.0,4211.794922,4201.410156,4195.769043,4181.794922,4188.589844,4200.0
4223.846191,4238.461426,4210.0,4217.307617,4209.487305,4211.538574,4209.358886999999,4205.128418,4227.179688,4214.102539,4210.769043,4202.307617,4207.820313,4218.589844
4231.153809,4246.666504,4219.615234000001,4223.717772999999,4211.538574,4212.436035,4206.794922,4195.641113000001,4214.487305,4215.512695,4216.794922,4209.102539,4211.666504,4225.769043
4216.794922,4234.230957,4213.717772999999,4216.282227000001,4212.307617,4203.461426,4191.922852000001,4171.410156,4187.307617,4200.512695,4208.205078,4197.307617,4198.333496,4216.153809
4209.230957,4223.974121,4205.769043,4209.871582,4201.538574,4187.436035,4181.153809,4175.0,4191.025879,4193.974121,4204.615234000001,4189.615234000001,4193.589844,4209.487305
4211.025879,4228.717772999999,4206.666504,4211.922852000001,4191.922852000001,4182.307617,4175.641113000001,4178.333496,4200.641113000001,4200.0,4204.743652,4191.410156,4196.282227000001,4210.0
4203.077147999999,4230.897461,4204.615234000001,4211.922852000001,4199.102539,4188.461426,4170.0,4166.538574,4192.94873,4199.102539,4194.871582,4188.333496,4188.974121,4204.615234000001
4183.589844,4213.205078,4187.436035,4199.230957,4198.974121,4193.077147999999,4182.307617,4170.128418,4188.846191,4183.333496,4177.820313,4174.487305,4172.94873,4185.897461
4177.179688,4201.025879,4175.256348,4188.974121,4191.922852000001,4198.846191,4200.512695,4183.461426,4195.641113000001,4176.410156,4172.692383,4168.974121,4165.641113000001,4173.846191
4183.974121,4212.307617,4179.871582,4192.563965,4202.307617,4210.512695,4195.128418,4192.436035,4205.897461,4189.871582,4183.846191,4177.179688,4171.153809,4181.153809
4183.461426,4221.922852000001,4185.512695,4200.384765999999,4208.846191,4212.692383,4185.256348,4194.358886999999,4213.589844,4201.410156,4192.820313,4182.179688,4178.717772999999,4187.94873
4188.205078,4223.333496,4189.743652,4205.897461,4200.256348,4207.436035,4200.641113000001,4185.384765999999,4214.871582,4204.743652,4193.717772999999,4182.692383,4185.512695,4188.589844
4198.846191,4224.743652,4192.307617,4205.128418,4200.512695,4212.692383,4217.94873,4189.615234000001,4213.461426,4202.179688,4193.589844,4184.230957,4186.282227000001,4192.05127
4199.358886999999,4224.871582,4191.538574,4199.615234000001,4210.897461,4226.282227000001,4211.025879,4204.487305,4212.563965,4194.487305,4192.94873,4186.282227000001,4179.102539,4198.077147999999
4209.102539,4235.256348,4203.717772999999,4211.153809,4218.461426,4230.769043,4197.820313,4199.102539,4215.512695,4199.230957,4199.102539,4197.692383,4183.205078,4211.666504
4232.05127,4252.692383,4223.077147999999,4231.538574,4221.538574,4217.94873,4186.153809,4179.871582,4216.410156,4214.615234000001,4216.025879,4215.0,4198.461426,4228.333496
4233.205078,4256.794922,4223.846191,4230.512695,4220.128418,4207.820313,4180.897461,4170.256348,4206.282227000001,4216.025879,4224.230957,4217.820313,4205.0,4229.230957
4215.384765999999,4249.743652,4214.743652,4220.897461,4216.153809,4213.589844,4187.692383,4190.897461,4207.179688,4210.256348,4216.922852000001,4209.230957,4202.692383,4220.512695
4210.384765999999,4246.666504,4216.538574,4224.871582,4215.128418,4215.512695,4205.0,4225.512695,4227.179688,4217.179688,4212.436035,4206.538574,4201.794922,4216.794922
4212.179688,4243.589844,4217.820313,4226.025879,4217.692383,4206.153809,4209.487305,4216.538574,4225.0,4220.128418,4210.128418,4203.974121,4194.871582,4211.410156
4205.384765999999,4235.641113000001,4209.358886999999,4214.743652,4217.436035,4197.692383,4192.820313,4183.333496,4207.179688,4208.974121,4199.230957,4195.384765999999,4183.333496,4203.077147999999
4203.461426,4234.102539,4208.461426,4215.384765999999,4211.282227000001,4202.307617,4200.512695,4189.615234000001,4213.461426,4205.0,4196.666504,4192.307617,4186.794922,4203.461426
4210.384765999999,4238.077147999999,4214.487305,4224.743652,4207.307617,4207.820313,4221.794922,4210.512695,4221.282227000001,4210.0,4205.512695,4195.897461,4198.974121,4208.589844
4210.512695,4237.179688,4213.461426,4224.615234000001,4212.692383,4201.666504,4204.358886999999,4202.563965,4210.0,4207.692383,4204.487305,4193.717772999999,4193.717772999999,4204.871582
4207.820313,4234.871582,4210.512695,4224.615234000001,4215.897461,4198.846191,4186.666504,4194.487305,4205.897461,4204.743652,4199.743652,4189.230957,4180.128418,4201.922852000001
4212.820313,4234.615234000001,4213.974121,4223.974121,4208.974121,4206.922852000001,4202.563965,4194.871582,4208.077147999999,4207.436035,4201.153809,4195.256348,4183.589844,4208.461426
4218.589844,4235.769043,4218.589844,4222.436035,4214.230957,4214.615234000001,4207.307617,4184.230957,4200.641113000001,4206.282227000001,4203.077147999999,4202.05127,4196.025879,4213.717772999999
4218.589844,4239.358886999999,4219.358886999999,4226.282227000001,4231.538574,4219.615234000001,4193.333496,4177.05127,4200.512695,4203.589844,4204.487305,4201.282227000001,4203.077147999999,4214.230957
4212.307617,4236.153809,4212.436035,4222.563965,4227.820313,4230.769043,4206.666504,4187.94873,4212.179688,4207.563965,4202.94873,4199.871582,4200.641113000001,4210.897461
4205.641113000001,4226.282227000001,4205.384765999999,4212.05127,4213.205078,4239.358886999999,4242.563965,4218.333496,4223.846191,4214.230957,4200.0,4200.641113000001,4193.461426,4202.692383
4209.871582,4227.820313,4208.974121,4215.897461,4216.794922,4234.615234000001,4239.358886999999,4234.743652,4228.589844,4218.589844,4200.512695,4201.025879,4192.94873,4197.820313
4214.230957,4232.820313,4212.436035,4221.538574,4225.512695,4229.102539,4211.410156,4218.461426,4222.05127,4216.666504,4200.512695,4198.589844,4194.487305,4198.077147999999
4204.743652,4219.358886999999,4206.282227000001,4212.436035,4219.871582,4234.102539,4219.743652,4212.307617,4214.615234000001,4207.436035,4192.563965,4194.615234000001,4188.589844,4192.94873
4200.128418,4210.512695,4205.897461,4210.641113000001,4220.512695,4232.692383,4222.436035,4213.461426,4205.769043,4201.922852000001,4183.974121,4194.615234000001,4184.102539,4192.563965
4218.589844,4232.563965,4225.0,4228.333496,4235.256348,4214.487305,4191.282227000001,4196.666504,4203.461426,4216.282227000001,4194.358886999999,4207.820313,4201.410156,4213.846191
4235.769043,4249.102539,4239.358886999999,4239.871582,4229.358886999999,4206.153809,4195.128418,4186.410156,4209.487305,4226.794922,4208.974121,4220.384765999999,4220.641113000001,4233.333496
4232.179688,4238.333496,4231.282227000001,4232.563965,4211.794922,4212.820313,4221.410156,4193.717772999999,4208.717772999999,4215.384765999999,4203.974121,4215.897461,4217.436035,4230.641113000001
4229.743652,4238.461426,4224.358886999999,4228.461426,4219.102539,4213.461426,4204.230957,4189.743652,4204.743652,4213.589844,4198.205078,4210.128418,4215.897461,4228.589844
4232.692383,4247.692383,4224.102539,4231.153809,4227.692383,4211.666504,4182.307617,4175.128418,4204.102539,4219.743652,4201.538574,4206.922852000001,4218.974121,4231.025879
4222.436035,4233.589844,4217.179688,4225.641113000001,4215.512695,4223.077147999999,4200.769043,4189.871582,4207.05127,4208.974121,4191.922852000001,4196.922852000001,4201.794922,4218.461426
4203.846191,4212.179688,4203.333496,4211.538574,4208.205078,4233.974121,4229.102539,4214.871582,4207.94873,4192.692383,4174.743652,4184.743652,4177.692383,4198.846191
4198.974121,4207.179688,4191.025879,4202.179688,4209.487305,4235.769043,4234.871582,4207.692383,4203.717772999999,4191.153809,4172.179688,4178.461426,4177.436035,4194.871582
4206.410156,4207.307617,4189.358886999999,4203.589844,4208.974121,4240.641113000001,4220.512695,4190.384765999999,4206.794922,4202.563965,4180.769043,4178.461426,4192.820313,4202.820313
4204.358886999999,4193.974121,4191.538574,4197.307617,4203.333496,4232.820313,4212.94873,4199.743652,4218.205078,4206.794922,4182.94873,4179.743652,4193.077147999999,4203.461426
4199.743652,4182.563965,4191.922852000001,4187.94873,4197.94873,4224.358886999999,4217.436035,4209.871582,4218.589844,4200.128418,4179.358886999999,4180.897461,4183.077147999999,4198.846191
4213.333496,4194.615234000001,4199.743652,4197.563965,4204.743652,4233.205078,4204.743652,4190.384765999999,4206.538574,4200.128418,4186.922852000001,4189.615234000001,4188.333496,4204.230957
4230.897461,4213.461426,4215.256348,4214.615234000001,4214.230957,4227.307617,4188.461426,4181.794922,4208.589844,4214.615234000001,4207.692383,4206.666504,4211.282227000001,4223.717772999999
4232.692383,4216.794922,4224.230957,4218.846191,4212.307617,4209.487305,4195.641113000001,4190.897461,4210.512695,4221.922852000001,4220.769043,4213.717772999999,4223.974121,4235.769043
4228.974121,4211.025879,4221.666504,4215.384765999999,4206.025879,4205.128418,4185.256348,4181.794922,4196.922852000001,4212.94873,4217.820313,4207.820313,4216.538574,4226.538574
4227.692383,4211.153809,4217.05127,4214.358886999999,4201.282227000001,4205.512695,4162.179688,4171.153809,4192.563965,4208.717772999999,4214.871582,4203.974121,4211.538574,4217.563965
4217.307617,4207.692383,4212.307617,4208.589844,4195.897461,4199.487305,4180.769043,4181.025879,4203.717772999999,4211.410156,4213.974121,4198.974121,4211.794922,4216.410156
4199.102539,4191.922852000001,4197.307617,4194.871582,4191.025879,4201.410156,4214.102539,4200.128418,4213.717772999999,4207.94873,4202.563965,4187.307617,4201.922852000001,4205.384765999999
4187.307617,4184.230957,4180.384765999999,4184.743652,4192.692383,4218.077147999999,4215.128418,4208.077147999999,4220.512695,4205.128418,4193.205078,4179.358886999999,4193.077147999999,4194.743652
4186.410156,4191.153809,4179.615234000001,4187.307617,4201.538574,4232.179688,4206.410156,4205.384765999999,4226.282227000001,4209.358886999999,4195.769043,4180.769043,4195.0,4199.102539
4191.025879,4194.230957,4187.436035,4192.436035,4211.025879,4234.615234000001,4217.692383,4215.0,4229.358886999999,4210.0,4198.974121,4179.358886999999,4199.358886999999,4198.589844
4193.717772999999,4193.077147999999,4190.0,4195.0,4214.615234000001,4236.153809,4224.743652,4225.384765999999,4229.102539,4207.307617,4197.307617,4174.743652,4204.358886999999,4192.307617
4192.820313,4196.153809,4191.538574,4199.102539,4213.077147999999,4235.641113000001,4208.846191,4207.820313,4222.692383,4206.794922,4194.743652,4180.512695,4206.025879,4195.897461
4201.153809,4208.333496,4202.05127,4207.820313,4216.410156,4226.538574,4196.410156,4201.794922,4227.692383,4213.974121,4204.230957,4193.333496,4210.641113000001,4209.487305
4215.512695,4218.461426,4213.077147999999,4215.384765999999,4220.512695,4223.717772999999,4205.256348,4216.794922,4233.974121,4222.436035,4217.05127,4201.153809,4221.538574,4223.717772999999
4220.769043,4217.179688,4215.0,4216.153809,4219.487305,4227.436035,4205.384765999999,4198.461426,4211.666504,4213.205078,4217.692383,4203.717772999999,4223.589844,4227.820313
4224.230957,4222.05127,4224.487305,4221.666504,4223.333496,4218.589844,4187.94873,4184.230957,4200.0,4211.153809,4221.282227000001,4212.179688,4225.897461,4230.256348
4232.692383,4229.487305,4239.230957,4230.0,4222.94873,4205.512695,4193.974121,4208.846191,4215.128418,4226.282227000001,4231.794922,4223.077147999999,4235.0,4237.692383
4232.179688,4221.538574,4235.512695,4224.871582,4211.794922,4207.94873,4216.025879,4205.256348,4209.743652,4223.205078,4231.410156,4221.153809,4233.717772999999,4236.153809
4221.410156,4212.94873,4220.769043,4216.922852000001,4213.077147999999,4222.436035,4208.846191,4177.179688,4190.0,4207.563965,4222.436035,4208.077147999999,4223.846191,4223.077147999999
4217.179688,4218.717772999999,4219.102539,4219.615234000001,4227.179688,4230.769043,4188.077147999999,4191.282227000001,4203.461426,4211.666504,4223.846191,4202.436035,4222.692383,4217.563965
4219.230957,4222.94873,4221.410156,4223.461426,4228.205078,4222.94873,4192.05127,4226.153809,4232.94873,4225.512695,4230.512695,4203.589844,4224.487305,4219.358886999999
4215.641113000001,4216.666504,4212.692383,4220.384765999999,4218.461426,4215.641113000001,4211.538574,4230.0,4235.897461,4228.589844,4226.025879,4197.820313,4217.820313,4213.974121
4209.487305,4212.820313,4206.794922,4216.025879,4216.410156,4232.05127,4224.743652,4221.794922,4232.94873,4227.563965,4216.282227000001,4196.025879,4212.94873,4209.358886999999
4204.871582,4213.205078,4208.974121,4212.692383,4221.153809,4242.563965,4226.410156,4221.538574,4243.461426,4227.692383,4214.871582,4200.0,4215.769043,4210.641113000001
4200.256348,4211.922852000001,4205.512695,4208.077147999999,4220.384765999999,4228.333496,4221.153809,4212.563965,4244.102539,4223.461426,4215.769043,4193.974121,4216.666504,4206.538574
4203.461426,4213.846191,4202.94873,4210.769043,4219.743652,4228.077147999999,4222.179688,4212.94873,4239.487305,4223.333496,4215.0,4190.769043,4219.102539,4204.358886999999
4213.974121,4218.461426,4210.0,4216.282227000001,4220.128418,4240.641113000001,4225.384765999999,4225.641113000001,4239.615234000001,4224.487305,4215.384765999999,4198.333496,4224.615234000001,4210.512695
4213.077147999999,4215.0,4212.563965,4210.641113000001,4213.846191,4232.692383,4228.717772999999,4211.025879,4221.538574,4211.922852000001,4208.205078,4198.589844,4217.692383,4210.769043
4210.384765999999,4213.205078,4213.461426,4207.05127,4213.974121,4220.769043,4232.05127,4194.487305,4204.230957,4201.922852000001,4203.974121,4198.589844,4207.820313,4210.769043
4218.333496,4220.769043,4221.922852000001,4214.102539,4222.436035,4226.282227000001,4221.794922,4213.461426,4215.897461,4213.589844,4215.256348,4210.512695,4216.410156,4221.410156
4220.641113000001,4221.922852000001,4223.333496,4216.666504,4222.436035,4234.230957,4209.871582,4217.179688,4223.077147999999,4225.256348,4224.102539,4213.717772999999,4231.538574,4227.307617
4218.717772999999,4217.94873,4221.025879,4213.461426,4216.153809,4231.153809,4211.666504,4188.333496,4210.384765999999,4217.820313,4221.666504,4205.897461,4233.461426,4226.282227000001
4227.307617,4221.538574,4226.922852000001,4217.436035,4216.538574,4217.692383,4210.128418,4180.769043,4210.384765999999,4214.487305,4222.307617,4208.846191,4228.717772999999,4229.743652
4228.077147999999,4218.717772999999,4225.0,4215.384765999999,4213.846191,4203.589844,4203.974121,4198.974121,4221.922852000001,4222.179688,4225.0,4212.692383,4226.282227000001,4226.922852000001
4213.846191,4207.692383,4216.410156,4204.743652,4205.512695,4202.563965,4202.436035,4211.666504,4221.410156,4219.358886999999,4220.769043,4205.128418,4221.025879,4216.153809
4213.461426,4211.153809,4224.230957,4210.897461,4205.256348,4211.922852000001,4208.589844,4219.358886999999,4219.230957,4216.922852000001,4220.897461,4202.94873,4217.179688,4218.461426
4218.717772999999,4216.410156,4228.333496,4217.436035,4210.256348,4219.871582,4222.179688,4216.410156,4222.179688,4218.461426,4220.512695,4204.102539,4217.05127,4220.897461
4210.384765999999,4210.769043,4217.179688,4206.922852000001,4217.436035,4221.794922,4232.436035,4214.871582,4225.897461,4215.897461,4212.94873,4200.512695,4215.0,4209.871582
4210.0,4214.871582,4220.512695,4209.743652,4221.153809,4227.436035,4235.256348,4240.897461,4239.487305,4224.358886999999,4217.820313,4200.769043,4218.205078,4209.230957
4215.641113000001,4221.538574,4225.512695,4219.743652,4215.641113000001,4236.794922,4239.230957,4253.205078,4249.230957,4236.153809,4226.282227000001,4200.0,4227.307617,4215.128418
4207.307617,4212.692383,4207.563965,4207.05127,4212.436035,4234.743652,4239.102539,4224.487305,4239.230957,4228.589844,4217.307617,4190.641113000001,4226.922852000001,4207.563965
4197.307617,4205.128418,4196.025879,4193.205078,4215.769043,4225.0,4225.897461,4197.179688,4220.897461,4214.871582,4209.102539,4185.256348,4215.384765999999,4203.077147999999
4202.307617,4211.025879,4208.077147999999,4201.538574,4223.077147999999,4227.692383,4214.871582,4194.230957,4215.0,4214.743652,4217.436035,4192.563965,4214.230957,4212.692383
4209.358886999999,4216.025879,4217.436035,4209.102539,4234.102539,4240.0,4218.717772999999,4206.794922,4225.128418,4219.743652,4224.230957,4199.358886999999,4222.179688,4218.589844
4210.0,4216.410156,4213.077147999999,4204.871582,4234.743652,4230.384765999999,4211.025879,4203.077147999999,4226.153809,4218.846191,4220.641113000001,4197.94873,4219.102539,4216.922852000001
4213.717772999999,4221.153809,4215.0,4206.282227000001,4225.0,4212.94873,4196.794922,4181.922852000001,4216.153809,4220.512695,4220.512695,4199.871582,4220.128418,4218.717772999999
4218.077147999999,4220.512695,4219.615234000001,4211.153809,4220.0,4216.538574,4206.410156,4187.179688,4216.538574,4222.179688,4220.512695,4201.666504,4224.358886999999,4219.487305
4216.538574,4209.487305,4215.128418,4207.94873,4213.205078,4217.307617,4221.282227000001,4208.846191,4216.922852000001,4211.538574,4215.769043,4196.410156,4210.256348,4215.769043
4218.333496,4212.05127,4217.436035,4207.179688,4209.615234000001,4206.025879,4216.410156,4210.512695,4210.897461,4205.897461,4219.230957,4196.666504,4204.743652,4216.153809
4220.256348,4222.692383,4223.461426,4212.179688,4214.230957,4202.692383,4206.794922,4205.641113000001,4211.282227000001,4210.0,4221.922852000001,4203.205078,4216.922852000001,4215.512695
4213.717772999999,4217.820313,4218.205078,4211.794922,4211.922852000001,4202.307617,4212.820313,4217.05127,4215.512695,4205.512695,4212.436035,4198.846191,4215.128418,4209.102539
4207.94873,4211.153809,4212.820313,4205.897461,4202.179688,4197.05127,4226.025879,4235.641113000001,4221.410156,4204.743652,4208.717772999999,4193.205078,4208.205078,4204.615234000001
4202.307617,4212.820313,4209.230957,4202.05127,4201.025879,4203.589844,4222.179688,4236.025879,4224.230957,4211.794922,4209.615234000001,4191.538574,4212.436035,4199.487305
4193.846191,4209.871582,4200.256348,4201.410156,4211.666504,4219.615234000001,4206.282227000001,4215.769043,4216.025879,4206.794922,4199.487305,4180.641113000001,4206.025879,4187.05127
4195.512695,4207.436035,4196.410156,4205.769043,4218.077147999999,4222.820313,4203.717772999999,4188.846191,4205.897461,4203.461426,4195.384765999999,4171.794922,4197.179688,4181.538574
4205.512695,4216.153809,4202.820313,4208.974121,4216.922852000001,4224.871582,4211.410156,4185.769043,4211.410156,4217.94873,4208.589844,4176.794922,4210.384765999999,4193.205078
4210.0,4226.922852000001,4212.05127,4212.820313,4225.128418,4236.025879,4208.461426,4204.743652,4222.05127,4230.897461,4221.153809,4185.641113000001,4225.897461,4206.025879
4212.820313,4230.256348,4220.128418,4217.692383,4235.512695,4234.230957,4200.641113000001,4204.487305,4218.461426,4227.307617,4222.05127,4191.410156,4226.794922,4210.0
4220.128418,4227.179688,4225.769043,4218.846191,4230.384765999999,4222.436035,4206.153809,4180.897461,4206.922852000001,4222.179688,4220.256348,4194.230957,4223.461426,4213.717772999999
4215.0,4215.128418,4222.179688,4209.230957,4217.307617,4217.94873,4212.94873,4179.358886999999,4203.461426,4217.05127,4215.0,4189.871582,4211.922852000001,4211.410156
4201.410156,4198.077147999999,4214.102539,4197.436035,4209.102539,4213.974121,4211.410156,4202.94873,4208.974121,4204.487305,4203.589844,4184.871582,4193.333496,4199.487305
4200.769043,4194.487305,4213.717772999999,4197.436035,4208.461426,4213.205078,4216.025879,4212.179688,4213.589844,4200.641113000001,4200.0,4187.692383,4185.769043,4195.641113000001
4199.743652,4200.256348,4211.410156,4198.846191,4207.436035,4215.0,4224.871582,4221.410156,4216.538574,4205.897461,4203.589844,4184.615234000001,4183.717772999999,4197.692383
4195.897461,4205.769043,4207.820313,4201.410156,4210.384765999999,4210.256348,4224.615234000001,4242.05127,4223.717772999999,4208.077147999999,4205.384765999999,4180.0,4184.102539,4196.410156
4199.358886999999,4213.461426,4211.666504,4208.846191,4221.410156,4211.153809,4215.256348,4235.256348,4230.256348,4209.615234000001,4206.282227000001,4181.794922,4190.769043,4195.128418
4201.666504,4218.717772999999,4212.94873,4210.384765999999,4226.153809,4219.615234000001,4210.384765999999,4215.256348,4231.794922,4214.230957,4206.666504,4178.589844,4193.077147999999,4191.794922
4198.461426,4218.461426,4207.179688,4209.487305,4225.384765999999,4224.358886999999,4220.641113000001,4220.128418,4231.794922,4215.128418,4201.666504,4171.666504,4191.922852000001,4183.461426
4195.128418,4217.692383,4203.717772999999,4211.282227000001,4229.230957,4226.794922,4222.307617,4215.0,4222.563965,4207.436035,4193.333496,4170.128418,4188.205078,4177.563965
4202.307617,4230.512695,4214.487305,4220.512695,4236.282227000001,4225.897461,4202.179688,4193.974121,4217.563965,4212.94873,4201.538574,4180.0,4193.589844,4188.717772999999
4218.974121,4248.077147999999,4230.641113000001,4233.717772999999,4240.128418,4220.641113000001,4196.153809,4195.128418,4221.922852000001,4225.512695,4217.307617,4194.743652,4211.922852000001,4208.077147999999
4224.743652,4242.563965,4232.307617,4232.94873,4235.769043,4223.077147999999,4211.538574,4187.692383,4205.384765999999,4213.461426,4211.282227000001,4198.205078,4208.717772999999,4209.102539
4213.717772999999,4226.282227000001,4223.717772999999,4219.358886999999,4228.974121,4220.512695,4206.666504,4152.563965,4175.897461,4187.436035,4193.333496,4188.461426,4183.205078,4196.922852000001
4205.128418,4220.256348,4221.025879,4210.769043,4219.871582,4200.641113000001,4191.410156,4140.641113000001,4166.794922,4178.717772999999,4189.487305,4181.410156,4177.307617,4196.282227000001
4199.487305,4208.589844,4217.820313,4202.94873,4209.743652,4195.512695,4208.589844,4171.410156,4177.820313,4184.487305,4190.256348,4182.179688,4183.077147999999,4195.897461
4192.05127,4191.410156,4212.692383,4193.077147999999,4208.717772999999,4208.846191,4230.256348,4217.692383,4201.153809,4192.436035,4191.025879,4183.205078,4177.820313,4188.461426
4190.512695,4191.025879,4214.358886999999,4192.692383,4209.615234000001,4207.820313,4222.820313,4244.743652,4225.897461,4200.0,4194.102539,4184.230957,4176.282227000001,4190.128418
4188.461426,4195.384765999999,4212.307617,4196.410156,4205.128418,4202.436035,4212.179688,4236.538574,4229.358886999999,4199.102539,4188.589844,4183.333496,4176.282227000001,4192.05127
4186.410156,4194.743652,4203.974121,4195.769043,4210.128418,4213.077147999999,4209.871582,4223.461426,4223.589844,4198.333496,4184.615234000001,4181.794922,4174.230957,4188.717772999999
4193.205078,4204.615234000001,4206.025879,4202.692383,4223.205078,4223.974121,4206.410156,4229.358886999999,4233.077147999999,4210.128418,4195.641113000001,4183.846191,4187.563965,4192.05127
4204.102539,4221.025879,4217.436035,4217.94873,4229.615234000001,4224.487305,4205.769043,4236.153809,4247.307617,4225.256348,4206.410156,4188.717772999999,4206.666504,4200.128418
4209.871582,4228.461426,4223.205078,4226.538574,4235.128418,4223.461426,4199.871582,4222.94873,4242.05127,4224.358886999999,4201.922852000001,4193.717772999999,4206.282227000001,4201.794922
4217.563965,4239.358886999999,4230.512695,4233.717772999999,4244.102539,4223.205078,4188.333496,4198.333496,4224.615234000001,4212.436035,4195.641113000001,4193.333496,4204.230957,4203.589844
4227.820313,4248.974121,4240.384765999999,4242.436035,4240.512695,4213.974121,4193.846191,4189.102539,4214.487305,4205.128418,4194.102539,4188.846191,4212.692383,4210.0
4225.128418,4238.717772999999,4234.743652,4233.077147999999,4224.743652,4197.179688,4196.922852000001,4175.512695,4190.384765999999,4186.410156,4181.794922,4183.589844,4205.512695,4205.897461
4217.307617,4228.333496,4222.94873,4218.077147999999,4220.512695,4195.0,4185.256348,4146.153809,4160.897461,4166.025879,4166.538574,4178.461426,4191.794922,4194.230957
4221.025879,4233.589844,4223.846191,4222.563965,4224.230957,4200.256348,4182.820313,4133.333496,4156.794922,4175.0,4168.205078,4180.384765999999,4199.102539,4195.128418
4226.794922,4238.205078,4227.179688,4230.897461,4218.333496,4192.436035,4185.641113000001,4147.307617,4167.179688,4191.538574,4179.487305,4187.436035,4210.128418,4208.205078
4220.128418,4227.179688,4217.692383,4220.0,4206.025879,4192.179688,4202.563965,4165.512695,4169.871582,4182.563965,4176.922852000001,4185.641113000001,4197.307617,4210.512695
4208.205078,4211.538574,4201.153809,4204.230957,4202.05127,4212.179688,4221.922852000001,4171.666504,4167.820313,4168.846191,4164.102539,4175.384765999999,4176.025879,4198.974121
4204.871582,4206.410156,4195.384765999999,4203.077147999999,4211.922852000001,4222.94873,4206.922852000001,4178.974121,4182.436035,4179.743652,4163.717772999999,4171.025879,4177.05127,4193.717772999999
4201.922852000001,4200.512695,4197.179688,4202.563965,4211.282227000001,4211.922852000001,4192.692383,4203.589844,4209.743652,4191.666504,4167.05127,4167.692383,4183.205078,4192.436035
4196.922852000001,4188.589844,4193.717772999999,4191.922852000001,4195.897461,4212.307617,4212.820313,4222.05127,4222.692383,4191.922852000001,4163.077147999999,4160.897461,4178.717772999999,4190.897461
4204.102539,4198.589844,4196.410156,4196.410156,4201.666504,4228.461426,4213.205078,4210.384765999999,4219.358886999999,4202.820313,4172.692383,4168.077147999999,4189.871582,4201.282227000001
4216.538574,4215.769043,4209.102539,4212.179688,4217.05127,4224.102539,4185.128418,4205.256348,4224.615234000001,4212.820313,4186.538574,4180.897461,4207.307617,4210.128418
4223.077147999999,4213.717772999999,4216.282227000001,4216.153809,4212.94873,4209.487305,4186.410156,4214.871582,4229.358886999999,4211.538574,4187.94873,4181.666504,4208.205078,4210.384765999999
4228.717772999999,4218.974121,4220.256348,4217.692383,4212.692383,4211.666504,4194.230957,4193.333496,4217.563965,4219.871582,4196.410156,4186.153809,4212.820313,4219.871582
4231.410156,4230.0,4226.794922,4222.05127,4223.717772999999,4213.846191,4189.102539,4184.871582,4217.307617,4228.717772999999,4210.0,4197.307617,4221.538574,4229.230957
4235.128418,4232.436035,4232.179688,4223.974121,4225.256348,4207.307617,4199.743652,4210.512695,4225.384765999999,4227.436035,4213.974121,4205.384765999999,4221.922852000001,4232.307617
4244.487305,4240.128418,4233.333496,4228.974121,4221.666504,4200.897461,4198.461426,4193.717772999999,4207.94873,4225.897461,4216.025879,4212.563965,4223.846191,4239.615234000001
4244.615234000001,4245.384765999999,4230.897461,4231.153809,4220.512695,4192.563965,4181.153809,4161.025879,4187.820313,4220.128418,4217.307617,4211.666504,4222.307617,4237.307617
4236.410156,4238.205078,4230.0,4225.256348,4217.563965,4188.077147999999,4194.358886999999,4193.333496,4197.436035,4215.256348,4215.128418,4205.128418,4213.717772999999,4229.358886999999
4236.153809,4236.538574,4232.179688,4226.538574,4222.05127,4194.871582,4223.333496,4241.153809,4214.230957,4222.820313,4218.205078,4212.05127,4215.0,4236.282227000001
4232.307617,4235.641113000001,4226.282227000001,4228.589844,4228.333496,4203.205078,4225.897461,4227.05127,4208.589844,4219.230957,4213.589844,4211.282227000001,4212.692383,4232.692383
4215.897461,4221.282227000001,4212.179688,4215.384765999999,4217.563965,4202.563965,4213.077147999999,4191.410156,4191.794922,4195.256348,4192.94873,4186.025879,4190.897461,4208.077147999999
4214.871582,4215.769043,4211.922852000001,4210.256348,4212.436035,4200.769043,4207.94873,4197.307617,4196.153809,4191.538574,4188.717772999999,4177.436035,4184.743652,4205.128418
4222.94873,4216.794922,4217.820313,4213.974121,4219.615234000001,4208.717772999999,4211.282227000001,4222.05127,4216.153809,4204.743652,4198.589844,4186.666504,4193.077147999999,4216.153809
4213.846191,4206.794922,4207.94873,4203.974121,4218.333496,4221.666504,4214.230957,4216.666504,4213.077147999999,4197.820313,4191.666504,4183.717772999999,4183.717772999999,4206.153809
4212.820313,4207.692383,4204.615234000001,4200.769043,4217.692383,4219.230957,4203.717772999999,4196.666504,4206.666504,4195.512695,4190.256348,4187.05127,4182.179688,4202.94873
4225.641113000001,4216.538574,4215.897461,4208.974121,4218.717772999999,4203.974121,4189.358886999999,4202.94873,4223.205078,4212.179688,4204.871582,4199.358886999999,4195.256348,4213.461426
4227.94873,4218.077147999999,4222.179688,4210.897461,4218.974121,4205.384765999999,4195.897461,4218.205078,4233.717772999999,4224.102539,4212.94873,4199.487305,4202.94873,4219.102539
4229.102539,4223.461426,4226.410156,4215.128418,4228.333496,4217.563965,4208.077147999999,4211.794922,4228.717772999999,4229.102539,4219.230957,4203.333496,4217.05127,4226.410156
4233.846191,4226.794922,4231.153809,4220.769043,4233.461426,4214.743652,4202.436035,4192.05127,4220.769043,4224.102539,4225.128418,4215.128418,4230.384765999999,4230.897461
4227.436035,4219.615234000001,4229.743652,4220.384765999999,4229.743652,4211.153809,4200.897461,4185.897461,4207.692383,4207.692383,4215.512695,4212.05127,4216.794922,4223.846191
4224.743652,4217.94873,4230.128418,4221.922852000001,4230.897461,4208.333496,4214.615234000001,4193.589844,4198.846191,4197.692383,4206.282227000001,4203.589844,4199.230957,4218.461426
4232.307617,4222.692383,4234.358886999999,4224.358886999999,4230.641113000001,4194.358886999999,4215.512695,4192.94873,4195.0,4192.436035,4207.05127,4203.205078,4202.179688,4219.615234000001
4228.077147999999,4217.692383,4229.743652,4220.512695,4222.05127,4191.666504,4195.897461,4185.641113000001,4184.102539,4183.461426,4202.179688,4202.820313,4202.692383,4218.717772999999
4227.05127,4219.615234000001,4228.717772999999,4222.179688,4219.358886999999,4199.743652,4190.128418,4191.282227000001,4185.384765999999,4191.410156,4203.205078,4209.358886999999,4200.128418,4222.436035
4244.358886999999,4234.871582,4240.641113000001,4231.794922,4225.384765999999,4202.820313,4212.436035,4209.102539,4208.589844,4210.384765999999,4219.615234000001,4221.153809,4210.128418,4231.538574
4243.589844,4231.922852000001,4239.358886999999,4228.461426,4227.820313,4206.538574,4228.461426,4212.820313,4214.743652,4206.282227000001,4220.128418,4218.333496,4216.666504,4230.769043
4225.128418,4217.94873,4224.871582,4218.717772999999,4221.666504,4211.794922,4220.384765999999,4208.333496,4207.307617,4201.025879,4207.692383,4210.384765999999,4215.0,4225.512695
4228.846191,4224.743652,4226.666504,4224.615234000001,4220.512695,4215.769043,4213.205078,4225.512695,4224.487305,4223.846191,4218.333496,4217.820313,4225.897461,4233.205078
4240.128418,4231.410156,4234.487305,4228.974121,4225.512695,4217.05127,4215.384765999999,4241.794922,4243.333496,4239.487305,4236.282227000001,4226.410156,4235.384765999999,4240.897461
4231.794922,4219.230957,4227.820313,4218.589844,4223.846191,4217.05127,4222.05127,4230.0,4237.05127,4228.205078,4228.205078,4220.0,4228.974121,4231.025879
4223.846191,4214.615234000001,4220.769043,4214.358886999999,4222.436035,4218.717772999999,4226.922852000001,4212.94873,4227.563965,4221.153809,4215.641113000001,4213.205078,4232.05127,4221.153809
4233.333496,4226.922852000001,4223.846191,4221.025879,4232.179688,4220.384765999999,4208.846191,4208.205078,4230.897461,4231.025879,4220.512695,4215.641113000001,4243.974121,4224.230957
4243.717772999999,4236.794922,4233.589844,4226.666504,4236.538574,4212.563965,4196.922852000001,4212.436035,4237.94873,4239.487305,4229.487305,4220.512695,4246.666504,4227.692383
4237.94873,4230.512695,4236.538574,4226.794922,4227.05127,4206.025879,4220.128418,4218.461426,4230.384765999999,4231.025879,4223.974121,4218.974121,4238.077147999999,4219.102539
4224.102539,4222.563965,4225.641113000001,4221.666504,4231.282227000001,4220.641113000001,4226.025879,4207.307617,4206.538574,4205.128418,4208.974121,4207.05127,4223.205078,4209.102539
4231.538574,4235.769043,4227.307617,4228.205078,4252.563965,4228.205078,4197.05127,4184.487305,4193.333496,4198.205078,4211.666504,4203.846191,4227.94873,4221.025879
4256.666504,4255.897461,4248.077147999999,4243.717772999999,4247.05127,4204.615234000001,4196.025879,4179.615234000001,4198.461426,4217.179688,4231.153809,4223.333496,4253.589844,4245.897461
4259.615234000001,4252.563965,4253.333496,4242.94873,4220.512695,4188.333496,4226.794922,4195.256348,4198.461426,4216.410156,4236.666504,4235.0,4261.153809,4248.205078
4239.230957,4230.256348,4238.589844,4227.563965,4215.641113000001,4194.358886999999,4223.461426,4202.820313,4190.256348,4197.563965,4225.512695,4222.179688,4244.871582,4230.769043
4230.512695,4222.94873,4233.846191,4223.333496,4227.692383,4197.179688,4198.846191,4201.025879,4196.922852000001,4204.743652,4225.128418,4217.436035,4245.256348,4229.743652
4237.820313,4232.820313,4240.0,4231.410156,4228.974121,4198.205078,4205.769043,4212.307617,4217.05127,4226.922852000001,4236.025879,4231.538574,4256.538574,4241.666504
4235.897461,4229.487305,4235.512695,4229.102539,4222.692383,4204.615234000001,4221.538574,4222.179688,4222.436035,4225.769043,4233.846191,4232.179688,4248.717772999999,4236.922852000001
4226.666504,4218.205078,4226.922852000001,4221.410156,4226.282227000001,4207.05127,4217.692383,4216.922852000001,4218.846191,4220.769043,4226.410156,4219.230957,4240.769043,4226.025879
4220.897461,4214.102539,4223.461426,4218.205078,4232.307617,4208.077147999999,4217.692383,4218.846191,4224.487305,4224.871582,4224.102539,4213.461426,4239.487305,4226.410156
4217.692383,4207.94873,4218.589844,4213.205078,4226.922852000001,4212.436035,4235.256348,4234.230957,4227.179688,4218.205078,4219.358886999999,4212.307617,4233.974121,4224.615234000001
4223.205078,4213.333496,4219.615234000001,4216.153809,4230.512695,4218.717772999999,4236.410156,4238.333496,4223.461426,4214.102539,4220.384765999999,4215.128418,4233.589844,4222.820313
4238.461426,4240.384765999999,4232.820313,4231.025879,4253.077147999999,4218.461426,4207.94873,4221.410156,4225.384765999999,4228.205078,4234.615234000001,4224.743652,4245.384765999999,4235.0
4249.102539,4255.384765999999,4246.538574,4241.794922,4261.410156,4213.846191,4204.102539,4212.563965,4229.871582,4239.487305,4248.077147999999,4233.461426,4258.077147999999,4247.820313
4243.333496,4244.487305,4244.743652,4238.077147999999,4245.512695,4223.461426,4224.871582,4216.538574,4223.333496,4228.974121,4241.282227000001,4233.077147999999,4258.461426,4243.461426
4235.0,4237.692383,4235.897461,4233.461426,4246.025879,4232.436035,4210.512695,4188.846191,4204.230957,4212.692383,4226.410156,4226.538574,4253.077147999999,4234.358886999999
4231.025879,4242.820313,4232.05127,4233.846191,4258.077147999999,4218.077147999999,4180.384765999999,4137.563965,4185.384765999999,4206.922852000001,4224.358886999999,4220.641113000001,4248.589844,4230.897461
4231.922852000001,4242.179688,4235.128418,4235.897461,4243.333496,4196.922852000001,4187.179688,4141.922852000001,4192.820313,4214.871582,4232.820313,4222.692383,4249.871582,4232.563965
4236.666504,4234.102539,4240.256348,4237.436035,4219.102539,4195.256348,4220.384765999999,4203.205078,4222.05127,4225.0,4236.410156,4230.256348,4248.333496,4238.205078
4229.615234000001,4219.871582,4232.05127,4226.538574,4216.666504,4207.179688,4239.487305,4236.922852000001,4229.871582,4220.128418,4227.436035,4224.871582,4230.641113000001,4233.974121
4218.461426,4210.769043,4220.0,4213.077147999999,4224.230957,4206.153809,4228.077147999999,4226.922852000001,4218.461426,4212.563965,4220.769043,4213.461426,4215.128418,4222.179688
4225.641113000001,4216.666504,4225.769043,4216.794922,4222.94873,4201.410156,4221.025879,4227.05127,4227.05127,4220.641113000001,4228.974121,4217.436035,4222.307617,4222.436035
4229.871582,4219.487305,4231.153809,4221.794922,4222.563965,4213.333496,4238.461426,4243.461426,4238.461426,4225.897461,4233.461426,4221.153809,4228.846191,4223.205078
4225.256348,4218.077147999999,4228.205078,4220.512695,4230.128418,4222.179688,4236.282227000001,4242.820313,4229.230957,4222.820313,4227.820313,4216.282227000001,4225.256348,4217.563965
4236.153809,4232.307617,4235.384765999999,4228.846191,4235.897461,4213.846191,4206.410156,4220.512695,4226.922852000001,4232.563965,4234.615234000001,4221.410156,4238.461426,4227.307617
4239.743652,4240.128418,4234.230957,4233.077147999999,4231.666504,4204.230957,4203.333496,4208.205078,4230.0,4234.615234000001,4237.94873,4225.384765999999,4246.922852000001,4235.897461
4226.153809,4230.641113000001,4217.692383,4224.743652,4232.307617,4204.487305,4208.461426,4218.589844,4220.0,4220.384765999999,4224.487305,4216.538574,4233.717772999999,4225.256348
4225.897461,4230.256348,4216.538574,4225.384765999999,4242.692383,4212.692383,4191.282227000001,4204.871582,4207.307617,4214.615234000001,4220.0,4210.512695,4227.179688,4220.769043
4231.666504,4236.410156,4223.205078,4232.179688,4244.358886999999,4217.820313,4184.487305,4169.615234000001,4200.384765999999,4217.05127,4224.871582,4212.692383,4229.615234000001,4224.358886999999
4226.794922,4232.94873,4218.846191,4227.307617,4237.692383,4213.205078,4197.563965,4172.179688,4196.794922,4213.589844,4219.743652,4213.589844,4229.871582,4221.666504
4222.179688,4225.256348,4213.461426,4215.512695,4233.333496,4214.358886999999,4208.974121,4184.487305,4185.128418,4203.333496,4209.871582,4209.871582,4224.743652,4215.256348
4225.897461,4223.846191,4217.179688,4213.974121,4233.717772999999,4220.897461,4212.692383,4178.846191,4186.153809,4205.512695,4213.333496,4209.230957,4227.05127,4215.0
4232.179688,4228.717772999999,4224.743652,4220.897461,4229.358886999999,4211.794922,4215.769043,4198.205078,4212.692383,4223.205078,4225.769043,4215.769043,4240.256348,4222.436035
4227.05127,4226.922852000001,4224.871582,4218.717772999999,4218.974121,4203.589844,4226.153809,4222.563965,4225.128418,4228.333496,4226.538574,4218.205078,4238.333496,4223.333496
4212.179688,4214.487305,4217.436035,4208.717772999999,4218.717772999999,4214.743652,4235.128418,4214.743652,4214.615234000001,4213.717772999999,4211.410156,4209.743652,4216.666504,4210.128418
4206.282227000001,4203.461426,4209.615234000001,4202.05127,4223.846191,4217.05127,4230.128418,4222.179688,4214.358886999999,4204.871582,4200.0,4204.615234000001,4202.436035,4198.717772999999
4210.641113000001,4203.717772999999,4208.974121,4201.025879,4223.717772999999,4207.05127,4225.769043,4237.436035,4218.717772999999,4207.179688,4200.0,4205.128418,4205.0,4200.384765999999
4214.871582,4211.153809,4215.384765999999,4208.333496,4225.128418,4207.436035,4229.871582,4218.974121,4214.358886999999,4207.563965,4201.538574,4206.282227000001,4208.333496,4205.769043
4221.153809,4221.282227000001,4223.461426,4220.384765999999,4228.461426,4209.743652,4224.358886999999,4207.94873,4219.358886999999,4208.589844,4206.153809,4213.846191,4214.743652,4210.256348
4229.358886999999,4235.384765999999,4231.666504,4228.846191,4229.615234000001,4206.538574,4212.436035,4213.077147999999,4227.692383,4220.384765999999,4218.846191,4221.922852000001,4229.358886999999,4217.436035
4235.769043,4246.922852000001,4235.512695,4233.461426,4233.461426,4203.205078,4197.94873,4198.717772999999,4219.615234000001,4227.820313,4227.692383,4219.615234000001,4238.461426,4225.0
4241.025879,4251.153809,4236.922852000001,4239.358886999999,4240.384765999999,4202.692383,4193.077147999999,4185.641113000001,4214.743652,4224.230957,4228.589844,4218.589844,4241.922852000001,4231.666504
4242.436035,4250.641113000001,4240.512695,4240.641113000001,4242.307617,4207.94873,4212.05127,4204.615234000001,4222.436035,4224.871582,4231.666504,4222.179688,4243.205078,4235.512695
4234.487305,4241.538574,4237.692383,4232.179688,4235.641113000001,4214.230957,4223.589844,4221.410156,4219.358886999999,4221.538574,4226.025879,4219.102539,4233.974121,4229.487305
4221.666504,4226.153809,4222.692383,4220.256348,4227.820313,4213.974121,4214.358886999999,4210.897461,4204.743652,4205.512695,4209.358886999999,4209.615234000001,4218.333496,4214.230957
4213.717772999999,4214.230957,4209.230957,4209.615234000001,4222.05127,4208.461426,4208.461426,4193.461426,4200.256348,4197.179688,4198.205078,4202.563965,4210.0,4199.358886999999
4206.666504,4207.179688,4206.282227000001,4201.538574,4222.05127,4213.205078,4207.179688,4197.436035,4207.820313,4201.922852000001,4193.589844,4197.05127,4206.282227000001,4191.666504
4192.307617,4196.922852000001,4201.025879,4193.077147999999,4225.256348,4223.077147999999,4212.94873,4215.512695,4210.128418,4196.922852000001,4183.205078,4188.205078,4192.563965,4184.102539
4189.102539,4188.333496,4197.820313,4189.230957,4215.769043,4218.589844,4230.256348,4221.794922,4208.974121,4190.512695,4176.410156,4187.692383,4183.333496,4182.563965
4209.871582,4198.333496,4210.512695,4201.410156,4213.461426,4217.820313,4234.102539,4224.871582,4221.025879,4209.615234000001,4189.358886999999,4202.05127,4201.282227000001,4197.307617
4221.794922,4209.743652,4219.230957,4210.384765999999,4229.230957,4220.128418,4220.897461,4225.384765999999,4231.794922,4225.897461,4199.230957,4207.307617,4219.871582,4208.974121
4214.871582,4207.05127,4213.333496,4204.102539,4228.974121,4207.692383,4216.794922,4221.922852000001,4226.794922,4219.358886999999,4191.538574,4196.666504,4210.641113000001,4208.205078
4216.410156,4212.563965,4217.563965,4207.563965,4216.538574,4202.820313,4217.05127,4224.230957,4223.717772999999,4215.641113000001,4190.512695,4199.102539,4206.153809,4214.358886999999
4228.205078,4228.333496,4233.333496,4225.256348,4222.563965,4212.307617,4208.717772999999,4224.615234000001,4231.922852000001,4224.871582,4205.384765999999,4213.974121,4224.871582,4228.461426
4234.358886999999,4232.563965,4237.436035,4230.769043,4233.461426,4209.358886999999,4208.333496,4216.794922,4230.384765999999,4227.692383,4212.05127,4212.436035,4231.538574,4233.461426
4227.820313,4223.846191,4227.692383,4219.230957,4226.282227000001,4199.871582,4218.461426,4204.102539,4209.358886999999,4210.256348,4197.692383,4197.307617,4213.717772999999,4226.538574
4225.128418,4217.94873,4223.077147999999,4212.179688,4215.512695,4200.384765999999,4220.769043,4202.05127,4197.94873,4192.820313,4189.743652,4193.461426,4202.436035,4225.128418
4238.717772999999,4223.461426,4232.692383,4221.410156,4217.436035,4195.897461,4216.922852000001,4215.384765999999,4210.512695,4200.128418,4203.717772999999,4203.974121,4209.487305,4237.94873
4247.820313,4228.974121,4239.743652,4227.179688,4220.128418,4184.871582,4211.794922,4216.922852000001,4211.922852000001,4207.05127,4208.461426,4205.641113000001,4207.307617,4241.922852000001
4241.282227000001,4225.897461,4234.871582,4219.487305,4216.794922,4186.922852000001,4214.871582,4203.846191,4198.846191,4195.641113000001,4193.974121,4198.589844,4192.94873,4229.743652
4234.743652,4216.025879,4226.794922,4210.897461,4209.743652,4199.230957,4231.538574,4211.538574,4203.205078,4194.102539,4191.666504,4198.589844,4190.769043,4223.077147999999
4232.94873,4207.94873,4219.743652,4204.615234000001,4204.487305,4203.205078,4235.0,4226.794922,4216.282227000001,4207.307617,4203.077147999999,4202.563965,4197.692383,4225.512695
4231.538574,4210.897461,4218.077147999999,4207.820313,4210.384765999999,4208.077147999999,4224.102539,4224.743652,4224.358886999999,4219.358886999999,4212.05127,4203.846191,4206.282227000001,4228.461426
4228.717772999999,4209.230957,4216.410156,4212.692383,4218.717772999999,4220.897461,4225.641113000001,4226.025879,4234.358886999999,4223.717772999999,4214.230957,4202.692383,4213.974121,4225.897461
4221.922852000001,4201.025879,4209.487305,4205.769043,4218.589844,4223.846191,4234.615234000001,4235.769043,4244.871582,4223.205078,4213.205078,4203.717772999999,4219.743652,4221.025879
4224.230957,4207.692383,4210.128418,4204.102539,4216.410156,4219.358886999999,4224.230957,4240.256348,4253.205078,4229.487305,4218.846191,4207.563965,4230.384765999999,4225.256348
4228.077147999999,4215.897461,4213.589844,4207.692383,4214.871582,4220.0,4207.05127,4227.179688,4246.410156,4228.461426,4219.743652,4205.769043,4228.461426,4230.769043
4223.589844,4212.692383,4212.307617,4207.05127,4213.846191,4215.897461,4201.025879,4200.256348,4221.922852000001,4211.153809,4209.358886999999,4199.615234000001,4209.487305,4225.128418
4229.487305,4214.102539,4218.205078,4212.307617,4214.230957,4198.846191,4191.666504,4187.563965,4209.230957,4205.769043,4205.897461,4203.077147999999,4204.358886999999,4223.589844
4240.641113000001,4220.384765999999,4229.230957,4221.025879,4210.512695,4191.922852000001,4196.153809,4200.897461,4216.666504,4211.666504,4216.025879,4211.666504,4216.538574,4233.333496
4246.410156,4225.512695,4235.769043,4226.025879,4208.589844,4196.025879,4214.358886999999,4208.589844,4215.897461,4208.974121,4224.743652,4216.666504,4221.922852000001,4238.717772999999
4255.256348,4235.0,4240.769043,4230.512695,4216.666504,4188.974121,4211.538574,4198.077147999999,4204.487305,4209.615234000001,4225.641113000001,4223.461426,4222.436035,4241.794922
4261.538574,4238.717772999999,4241.666504,4233.333496,4220.897461,4188.077147999999,4206.410156,4193.205078,4205.128418,4216.794922,4226.666504,4223.846191,4226.153809,4247.563965
4252.94873,4232.820313,4234.230957,4230.897461,4218.717772999999,4208.205078,4221.410156,4217.05127,4222.563965,4217.436035,4226.922852000001,4215.641113000001,4228.974121,4247.692383
4241.410156,4228.974121,4226.282227000001,4226.538574,4219.871582,4213.205078,4229.487305,4254.487305,4239.871582,4219.102539,4225.897461,4212.307617,4235.256348,4241.922852000001
4234.615234000001,4222.94873,4220.128418,4218.333496,4220.0,4204.743652,4224.743652,4247.692383,4240.128418,4226.282227000001,4224.743652,4207.692383,4239.230957,4236.666504
4228.846191,4216.282227000001,4213.589844,4210.0,4220.897461,4217.563965,4224.102539,4208.205078,4233.461426,4226.666504,4222.05127,4196.410156,4236.282227000001,4231.794922
4230.384765999999,4220.897461,4214.358886999999,4213.974121,4227.436035,4232.05127,4229.871582,4212.436035,4242.05127,4228.589844,4224.487305,4198.846191,4240.512695,4230.641113000001
4232.820313,4228.589844,4220.769043,4221.794922,4228.974121,4225.256348,4231.666504,4238.333496,4251.153809,4233.846191,4227.436035,4207.563965,4245.512695,4231.666504
4234.230957,4230.384765999999,4222.692383,4225.256348,4228.205078,4216.282227000001,4212.05127,4216.282227000001,4231.282227000001,4219.102539,4220.897461,4203.846191,4239.615234000001,4228.589844
4250.0,4242.436035,4232.179688,4236.794922,4238.846191,4217.179688,4195.256348,4200.384765999999,4219.615234000001,4211.538574,4222.307617,4206.410156,4243.589844,4233.974121
4268.461426,4259.871582,4249.358886999999,4254.615234000001,4241.666504,4213.205078,4199.615234000001,4225.256348,4235.256348,4232.05127,4239.230957,4222.436035,4259.230957,4248.077147999999
4263.846191,4257.307617,4251.282227000001,4255.0,4231.794922,4207.05127,4199.102539,4212.179688,4225.641113000001,4232.05127,4239.230957,4218.846191,4253.717772999999,4245.641113000001
4247.307617,4243.974121,4241.538574,4238.461426,4229.743652,4208.846191,4194.102539,4174.871582,4195.641113000001,4205.0,4223.077147999999,4203.333496,4237.436035,4232.563965
4240.256348,4238.333496,4237.436035,4231.282227000001,4228.846191,4207.820313,4197.94873,4180.256348,4189.358886999999,4197.94873,4218.589844,4204.615234000001,4238.205078,4232.563965
4240.0,4240.641113000001,4237.692383,4238.461426,4223.717772999999,4206.794922,4204.615234000001,4201.282227000001,4199.487305,4209.487305,4222.563965,4210.0,4241.282227000001,4238.717772999999
4239.487305,4242.179688,4233.077147999999,4239.230957,4222.436035,4207.05127,4215.256348,4210.384765999999,4206.153809,4207.820313,4218.461426,4205.256348,4229.358886999999,4234.615234000001
4232.307617,4235.512695,4224.358886999999,4224.743652,4217.692383,4200.256348,4225.0,4222.05127,4211.922852000001,4202.179688,4207.820313,4195.641113000001,4215.641113000001,4227.179688
4220.384765999999,4225.0,4216.025879,4213.589844,4207.179688,4193.717772999999,4222.05127,4229.358886999999,4219.230957,4206.025879,4202.94873,4193.205078,4217.563965,4225.384765999999
4218.589844,4223.461426,4210.384765999999,4218.589844,4207.94873,4201.666504,4214.358886999999,4227.692383,4229.487305,4213.333496,4209.230957,4201.025879,4226.025879,4227.692383
4225.897461,4226.666504,4208.589844,4224.102539,4219.102539,4212.820313,4214.358886999999,4223.717772999999,4234.487305,4217.94873,4214.487305,4203.333496,4227.179688,4229.230957
4221.538574,4222.05127,4204.358886999999,4214.871582,4215.769043,4210.512695,4215.128418,4211.025879,4223.589844,4213.077147999999,4205.512695,4194.358886999999,4218.333496,4226.538574
4217.307617,4222.692383,4201.666504,4211.153809,4210.384765999999,4209.230957,4208.846191,4205.769043,4220.256348,4211.538574,4203.461426,4193.717772999999,4217.307617,4228.974121
4226.538574,4229.358886999999,4206.538574,4222.179688,4222.307617,4212.820313,4199.743652,4217.179688,4231.794922,4221.410156,4220.897461,4205.0,4231.538574,4240.512695
4228.974121,4225.512695,4210.512695,4223.333496,4222.436035,4206.666504,4200.897461,4215.512695,4223.461426,4220.256348,4225.897461,4204.615234000001,4232.692383,4246.666504
4224.487305,4223.461426,4212.436035,4218.205078,4210.769043,4204.487305,4209.743652,4193.846191,4196.794922,4206.666504,4215.769043,4198.717772999999,4223.846191,4245.0
4225.256348,4224.102539,4214.487305,4219.743652,4213.974121,4206.922852000001,4204.487305,4168.717772999999,4175.384765999999,4196.025879,4211.922852000001,4198.846191,4220.128418,4239.871582
4223.205078,4209.230957,4213.333496,4211.794922,4217.05127,4194.743652,4198.077147999999,4163.077147999999,4165.128418,4187.94873,4207.820313,4200.128418,4211.153809,4232.563965
4225.256348,4206.410156,4218.589844,4206.794922,4205.384765999999,4182.692383,4207.94873,4195.0,4177.179688,4191.282227000001,4208.205078,4203.974121,4211.410156,4240.384765999999
4231.025879,4221.282227000001,4224.358886999999,4215.0,4197.692383,4193.589844,4212.692383,4214.230957,4195.897461,4202.307617,4215.769043,4204.871582,4222.563965,4249.615234000001
4219.358886999999,4219.230957,4212.307617,4210.256348,4205.384765999999,4207.692383,4208.589844,4195.641113000001,4199.487305,4202.94873,4209.615234000001,4195.769043,4215.769043,4235.512695
4208.077147999999,4217.692383,4199.871582,4203.333496,4219.358886999999,4206.410156,4212.94873,4196.794922,4207.692383,4206.538574,4201.794922,4187.307617,4200.641113000001,4223.846191
4223.205078,4236.794922,4210.128418,4217.436035,4227.563965,4205.512695,4218.077147999999,4231.410156,4230.0,4220.0,4213.589844,4190.128418,4211.922852000001,4232.05127
4237.307617,4250.512695,4223.461426,4232.820313,4227.307617,4212.692383,4213.974121,4245.512695,4240.769043,4226.922852000001,4225.128418,4194.743652,4228.589844,4237.05127
4229.743652,4247.563965,4221.025879,4232.307617,4225.384765999999,4211.538574,4203.333496,4226.410156,4227.820313,4220.769043,4217.436035,4192.05127,4219.102539,4229.358886999999
4224.358886999999,4245.0,4218.846191,4229.743652,4224.358886999999,4198.461426,4191.794922,4211.410156,4213.717772999999,4211.794922,4207.307617,4189.871582,4208.846191,4223.974121
4228.589844,4242.436035,4223.846191,4231.025879,4224.358886999999,4195.0,4196.410156,4218.205078,4212.563965,4209.102539,4205.769043,4191.922852000001,4213.205078,4222.436035
4220.128418,4232.307617,4218.461426,4224.743652,4224.487305,4208.717772999999,4213.589844,4231.025879,4210.769043,4204.615234000001,4199.102539,4189.230957,4205.641113000001,4216.153809
4207.05127,4222.307617,4206.538574,4214.487305,4221.538574,4215.897461,4217.179688,4225.384765999999,4203.205078,4194.871582,4191.538574,4182.820313,4190.128418,4207.563965
4204.743652,4215.512695,4201.282227000001,4206.666504,4213.589844,4204.102539,4210.769043,4201.538574,4196.794922,4188.205078,4192.820313,4180.128418,4188.589844,4204.743652
4203.077147999999,4210.384765999999,4198.333496,4203.333496,4207.563965,4199.487305,4215.769043,4182.94873,4188.077147999999,4186.025879,4189.871582,4177.563965,4189.487305,4203.205078
4198.205078,4210.897461,4195.0,4204.743652,4215.897461,4221.666504,4229.230957,4191.025879,4188.077147999999,4185.512695,4183.974121,4174.743652,4190.512695,4198.077147999999
4205.641113000001,4223.461426,4201.282227000001,4209.358886999999,4228.846191,4235.897461,4228.205078,4216.538574,4210.256348,4198.846191,4197.307617,4185.256348,4207.05127,4205.512695
4229.487305,4240.256348,4218.077147999999,4224.615234000001,4235.641113000001,4225.769043,4209.358886999999,4231.922852000001,4235.384765999999,4226.794922,4224.615234000001,4206.282227000001,4231.282227000001,4228.589844
4248.461426,4252.179688,4233.461426,4243.205078,4240.641113000001,4219.871582,4194.743652,4231.153809,4243.974121,4245.641113000001,4242.820313,4219.871582,4247.692383,4246.922852000001
4247.820313,4262.05127,4239.871582,4248.205078,4244.871582,4223.333496,4198.974121,4229.487305,4242.94873,4248.461426,4246.794922,4219.358886999999,4253.717772999999,4251.410156
4234.743652,4258.717772999999,4233.461426,4237.563965,4235.769043,4216.794922,4211.922852000001,4236.666504,4234.230957,4236.282227000001,4236.410156,4208.717772999999,4243.077147999999,4240.641113000001
4220.0,4237.820313,4219.871582,4226.794922,4220.256348,4206.922852000001,4213.589844,4230.0,4213.077147999999,4212.692383,4215.256348,4196.410156,4220.128418,4219.487305
4212.179688,4224.230957,4212.820313,4224.615234000001,4220.769043,4208.461426,4210.0,4213.205078,4201.922852000001,4199.358886999999,4198.974121,4190.0,4203.717772999999,4207.563965
4210.769043,4224.230957,4214.230957,4223.589844,4225.128418,4211.922852000001,4213.333496,4220.256348,4210.384765999999,4201.538574,4193.205078,4186.922852000001,4196.153809,4207.179688
4207.692383,4222.436035,4213.461426,4221.153809,4221.153809,4209.358886999999,4218.205078,4228.717772999999,4211.922852000001,4200.256348,4190.128418,4186.025879,4194.358886999999,4200.769043
4198.461426,4215.256348,4205.641113000001,4213.461426,4221.025879,4215.769043,4224.230957,4214.615234000001,4200.512695,4190.512695,4184.743652,4185.512695,4189.871582,4190.769043
4189.743652,4205.897461,4198.333496,4199.102539,4221.282227000001,4229.743652,4224.871582,4204.743652,4198.205078,4182.94873,4176.410156,4182.563965,4179.743652,4187.692383
4197.563965,4209.230957,4201.282227000001,4197.820313,4218.205078,4232.436035,4216.153809,4205.769043,4209.871582,4190.128418,4181.410156,4186.410156,4187.820313,4194.871582
4207.436035,4222.05127,4206.922852000001,4210.128418,4223.974121,4225.512695,4210.769043,4200.256348,4215.0,4205.897461,4197.179688,4196.282227000001,4209.743652,4202.179688
4204.615234000001,4221.922852000001,4207.820313,4211.538574,4227.94873,4220.0,4211.153809,4201.922852000001,4209.871582,4209.230957,4201.153809,4201.025879,4213.077147999999,4201.025879
4214.615234000001,4226.153809,4222.179688,4216.153809,4224.743652,4223.846191,4214.358886999999,4218.077147999999,4214.358886999999,4214.102539,4205.897461,4207.94873,4217.436035,4212.05127
4234.358886999999,4241.153809,4240.0,4231.922852000001,4225.256348,4228.205078,4213.461426,4215.256348,4216.410156,4222.94873,4217.436035,4216.025879,4235.769043,4233.333496
4237.179688,4248.717772999999,4240.256348,4236.794922,4229.743652,4218.846191,4201.794922,4206.153809,4210.384765999999,4218.333496,4219.487305,4215.128418,4241.538574,4236.922852000001
4234.615234000001,4254.487305,4238.846191,4238.333496,4236.153809,4208.717772999999,4188.974121,4217.05127,4217.179688,4218.589844,4218.461426,4211.538574,4235.512695,4228.589844
4234.487305,4251.922852000001,4236.666504,4235.641113000001,4235.641113000001,4214.871582,4194.358886999999,4220.641113000001,4219.358886999999,4217.436035,4211.025879,4206.922852000001,4224.871582,4221.666504
4226.153809,4234.743652,4226.282227000001,4223.205078,4228.077147999999,4222.563965,4215.0,4213.461426,4208.846191,4203.589844,4196.794922,4198.333496,4212.179688,4212.692383
4218.589844,4225.384765999999,4219.615234000001,4217.563965,4224.102539,4212.563965,4227.307617,4225.897461,4214.615234000001,4202.436035,4192.05127,4191.922852000001,4201.666504,4205.0
4216.538574,4226.410156,4219.743652,4217.94873,4223.589844,4207.05127,4224.358886999999,4249.230957,4230.512695,4214.358886999999,4196.282227000001,4189.743652,4192.820313,4205.256348
4210.769043,4222.307617,4213.589844,4212.179688,4221.410156,4219.743652,4222.820313,4239.871582,4226.282227000001,4211.794922,4191.410156,4185.897461,4188.974121,4202.692383
4203.717772999999,4215.384765999999,4202.307617,4205.512695,4215.128418,4223.974121,4230.897461,4206.410156,4209.487305,4197.436035,4178.589844,4180.512695,4186.410156,4193.846191
4204.487305,4212.179688,4203.717772999999,4204.743652,4213.974121,4221.538574,4229.487305,4192.436035,4205.128418,4196.538574,4176.666504,4182.179688,4181.922852000001,4196.153809
4217.307617,4218.333496,4216.538574,4211.025879,4224.102539,4223.461426,4215.897461,4197.563965,4208.974121,4206.153809,4188.589844,4192.179688,4186.282227000001,4212.692383
4232.820313,4239.358886999999,4226.025879,4223.974121,4235.641113000001,4217.436035,4216.538574,4200.897461,4211.282227000001,4211.410156,4199.358886999999,4201.794922,4199.102539,4224.230957
4239.102539,4254.358886999999,4228.333496,4234.102539,4235.897461,4213.077147999999,4228.205078,4205.256348,4214.102539,4212.179688,4198.717772999999,4203.589844,4205.769043,4226.282227000001
4240.512695,4252.94873,4229.102539,4237.820313,4232.820313,4218.461426,4220.769043,4217.94873,4218.846191,4216.410156,4196.410156,4203.461426,4206.538574,4228.333496
4240.641113000001,4256.153809,4233.077147999999,4241.025879,4237.692383,4213.974121,4204.487305,4227.692383,4224.615234000001,4222.179688,4199.871582,4207.94873,4203.333496,4227.94873
4236.666504,4264.102539,4233.717772999999,4242.563965,4240.769043,4208.461426,4204.487305,4220.384765999999,4223.077147999999,4219.743652,4198.333496,4212.05127,4193.846191,4224.230957
4230.641113000001,4254.871582,4225.0,4234.871582,4233.461426,4217.563965,4205.897461,4206.794922,4211.538574,4209.487305,4184.871582,4208.077147999999,4183.461426,4221.538574
4225.384765999999,4240.256348,4215.897461,4225.128418,4224.871582,4219.230957,4205.641113000001,4214.871582,4211.025879,4204.358886999999,4170.769043,4197.94873,4174.743652,4217.94873
4216.025879,4233.589844,4210.384765999999,4216.666504,4220.384765999999,4208.333496,4217.179688,4218.077147999999,4214.358886999999,4198.846191,4163.846191,4188.846191,4166.794922,4211.410156
4208.974121,4221.922852000001,4202.307617,4207.820313,4214.871582,4210.384765999999,4231.666504,4216.410156,4209.102539,4189.487305,4156.282227000001,4185.384765999999,4160.256348,4205.641113000001
4211.410156,4212.563965,4196.922852000001,4203.846191,4208.589844,4213.974121,4232.563965,4235.641113000001,4209.487305,4190.256348,4152.436035,4186.153809,4157.563965,4205.256348
4208.846191,4211.922852000001,4194.230957,4200.512695,4200.384765999999,4201.025879,4222.820313,4217.307617,4205.128418,4190.256348,4152.94873,4182.436035,4152.94873,4205.641113000001
4203.974121,4213.333496,4191.666504,4199.230957,4198.589844,4204.743652,4221.410156,4159.487305,4184.358886999999,4182.179688,4152.692383,4178.333496,4151.410156,4205.128418
4209.871582,4216.410156,4197.820313,4206.153809,4209.102539,4224.358886999999,4227.820313,4152.692383,4177.820313,4185.256348,4159.102539,4183.589844,4164.358886999999,4210.384765999999
4215.897461,4219.487305,4205.128418,4211.794922,4212.307617,4217.179688,4235.897461,4193.717772999999,4195.512695,4194.102539,4172.307617,4190.897461,4181.410156,4218.717772999999
4211.538574,4218.205078,4202.692383,4207.820313,4204.743652,4201.410156,4239.487305,4203.205078,4202.820313,4188.717772999999,4175.512695,4189.743652,4184.230957,4219.615234000001
4211.410156,4215.128418,4201.410156,4207.436035,4206.794922,4206.410156,4221.922852000001,4188.461426,4195.769043,4185.384765999999,4171.025879,4187.05127,4181.794922,4216.794922
4223.205078,4223.717772999999,4212.94873,4219.230957,4218.717772999999,4217.436035,4210.769043,4201.794922,4204.102539,4202.94873,4182.179688,4194.871582,4194.615234000001,4223.589844
4228.077147999999,4232.563965,4223.461426,4223.077147999999,4215.256348,4214.743652,4226.922852000001,4226.538574,4218.205078,4213.589844,4193.717772999999,4203.205078,4204.102539,4230.641113000001
4223.333496,4227.307617,4219.871582,4215.256348,4200.641113000001,4200.769043,4231.282227000001,4230.512695,4215.512695,4204.230957,4187.307617,4196.794922,4197.05127,4225.897461
4223.974121,4225.897461,4217.436035,4216.282227000001,4200.641113000001,4197.05127,4216.666504,4222.436035,4210.384765999999,4204.230957,4186.538574,4190.769043,4197.563965,4225.384765999999
4227.179688,4228.974121,4218.717772999999,4220.641113000001,4208.589844,4210.897461,4215.897461,4225.128418,4217.05127,4210.641113000001,4195.128418,4194.102539,4201.922852000001,4230.128418
4220.512695,4220.128418,4210.641113000001,4212.563965,4210.384765999999,4215.384765999999,4227.436035,4225.641113000001,4214.230957,4201.538574,4191.153809,4190.769043,4193.974121,4222.179688
4212.692383,4212.563965,4206.025879,4206.025879,4207.563965,4202.94873,4231.922852000001,4222.820313,4207.179688,4195.897461,4187.05127,4186.025879,4189.871582,4214.743652
4211.025879,4218.333496,4207.307617,4207.94873,4201.538574,4200.897461,4234.102539,4218.589844,4208.333496,4198.333496,4190.0,4187.179688,4190.641113000001,4216.025879
4208.974121,4221.538574,4203.974121,4205.256348,4202.05127,4211.410156,4229.743652,4201.282227000001,4200.897461,4190.256348,4186.025879,4180.256348,4186.410156,4213.974121
4202.307617,4215.769043,4198.461426,4201.282227000001,4210.0,4210.641113000001,4215.897461,4185.384765999999,4186.153809,4179.358886999999,4178.205078,4169.871582,4179.871582,4208.846191
4196.922852000001,4211.025879,4196.794922,4202.820313,4209.871582,4201.410156,4209.230957,4181.922852000001,4182.307617,4176.025879,4175.512695,4168.589844,4175.384765999999,4208.717772999999
4202.563965,4215.0,4201.666504,4204.615234000001,4203.077147999999,4201.922852000001,4213.205078,4180.0,4184.487305,4176.282227000001,4177.820313,4168.717772999999,4176.538574,4210.256348
4214.358886999999,4226.410156,4213.717772999999,4210.512695,4203.717772999999,4209.102539,4212.820313,4179.743652,4188.461426,4183.461426,4186.153809,4171.922852000001,4187.436035,4214.487305
4217.692383,4228.846191,4220.641113000001,4217.820313,4213.974121,4210.641113000001,4205.0,4187.820313,4194.230957,4193.461426,4195.384765999999,4180.384765999999,4191.538574,4222.692383
4213.461426,4221.282227000001,4213.846191,4214.615234000001,4216.666504,4208.077147999999,4207.692383,4207.179688,4202.94873,4199.615234000001,4198.589844,4180.769043,4185.0,4221.410156
4216.922852000001,4223.717772999999,4213.846191,4211.794922,4208.589844,4213.333496,4210.512695,4222.692383,4212.692383,4204.487305,4199.871582,4177.563965,4187.94873,4215.256348
4220.0,4228.077147999999,4220.256348,4214.743652,4208.846191,4215.897461,4199.871582,4221.794922,4215.384765999999,4202.692383,4201.922852000001,4179.871582,4195.0,4216.410156
4214.230957,4220.256348,4217.307617,4211.410156,4212.94873,4202.05127,4203.974121,4218.205078,4209.871582,4198.589844,4201.538574,4184.871582,4192.820313,4219.358886999999
4213.333496,4218.333496,4216.025879,4208.205078,4205.641113000001,4199.230957,4217.820313,4225.641113000001,4210.641113000001,4205.641113000001,4205.0,4187.692383,4196.025879,4219.743652
4213.333496,4222.05127,4215.0,4209.871582,4196.666504,4210.0,4207.179688,4220.512695,4209.102539,4206.922852000001,4205.128418,4182.436035,4200.769043,4217.05127
4205.256348,4214.230957,4203.974121,4207.05127,4199.871582,4209.487305,4192.05127,4196.538574,4190.256348,4188.846191,4193.333496,4173.077147999999,4188.974121,4210.897461
4202.179688,4207.179688,4198.846191,4204.615234000001,4206.922852000001,4204.102539,4198.846191,4191.025879,4180.641113000001,4177.05127,4187.307617,4172.05127,4179.871582,4204.615234000001
4205.897461,4211.922852000001,4207.436035,4207.307617,4206.538574,4204.102539,4206.410156,4201.153809,4185.641113000001,4180.128418,4190.897461,4174.743652,4189.743652,4204.102539
4206.538574,4215.641113000001,4212.94873,4209.871582,4207.563965,4207.436035,4208.974121,4198.077147999999,4186.794922,4182.820313,4188.974121,4175.0,4195.0,4207.307617
4208.205078,4215.0,4210.897461,4210.0,4212.307617,4209.487305,4203.974121,4185.0,4185.769043,4183.974121,4187.179688,4178.717772999999,4184.743652,4209.615234000001
4216.410156,4220.256348,4214.615234000001,4211.410156,4214.487305,4212.563965,4191.282227000001,4180.641113000001,4187.820313,4188.077147999999,4196.153809,4188.589844,4186.794922,4218.077147999999
4225.128418,4228.846191,4226.410156,4221.025879,4216.282227000001,4218.461426,4197.563965,4205.0,4207.05127,4204.230957,4214.743652,4202.179688,4215.512695,4234.743652
4224.487305,4229.871582,4229.743652,4228.461426,4219.615234000001,4223.589844,4211.153809,4239.871582,4234.358886999999,4223.333496,4228.205078,4212.05127,4239.102539,4246.153809
4215.128418,4223.333496,4221.666504,4222.179688,4223.846191,4226.538574,4210.384765999999,4244.358886999999,4238.461426,4225.0,4226.282227000001,4209.615234000001,4235.128418,4240.641113000001
4207.820313,4214.487305,4215.128418,4214.358886999999,4223.333496,4228.589844,4204.615234000001,4223.205078,4216.666504,4213.974121,4214.230957,4197.436035,4221.922852000001,4231.282227000001
4204.871582,4203.846191,4211.153809,4206.538574,4214.487305,4224.871582,4200.128418,4213.974121,4202.820313,4207.436035,4207.307617,4190.256348,4213.974121,4228.589844
4202.307617,4200.769043,4208.717772999999,4197.820313,4210.512695,4218.717772999999,4201.410156,4229.487305,4215.512695,4210.0,4210.897461,4191.025879,4213.974121,4227.820313
4194.487305,4199.358886999999,4205.769043,4193.077147999999,4212.563965,4220.128418,4214.358886999999,4230.256348,4217.436035,4207.05127,4205.897461,4185.384765999999,4210.384765999999,4221.922852000001
4187.307617,4192.307617,4200.256348,4191.282227000001,4207.307617,4222.563965,4231.025879,4197.179688,4187.179688,4191.666504,4193.077147999999,4177.563965,4196.666504,4212.05127
4192.94873,4191.025879,4202.692383,4194.102539,4201.794922,4218.717772999999,4225.384765999999,4173.974121,4169.871582,4185.512695,4195.512695,4182.692383,4198.077147999999,4211.282227000001
4201.794922,4194.743652,4207.94873,4194.358886999999,4200.512695,4206.538574,4197.05127,4181.282227000001,4184.102539,4194.102539,4202.563965,4188.461426,4208.846191,4214.102539
4200.897461,4200.512695,4206.538574,4194.615234000001,4204.615234000001,4202.179688,4185.256348,4190.256348,4197.436035,4202.307617,4202.05127,4187.436035,4208.974121,4213.461426
4199.871582,4207.692383,4206.794922,4199.615234000001,4216.410156,4210.384765999999,4190.128418,4184.358886999999,4198.205078,4204.358886999999,4205.128418,4186.794922,4208.974121,4214.358886999999
4207.307617,4211.282227000001,4212.05127,4205.897461,4225.0,4211.025879,4178.846191,4185.0,4206.794922,4209.615234000001,4211.538574,4187.436035,4216.666504,4217.820313
4212.307617,4214.358886999999,4212.05127,4211.025879,4228.846191,4213.461426,4172.307617,4198.589844,4222.820313,4221.153809,4214.487305,4191.922852000001,4223.333496,4220.512695
4201.922852000001,4209.230957,4202.05127,4205.897461,4226.025879,4223.077147999999,4187.563965,4209.230957,4226.922852000001,4219.743652,4212.436035,4194.487305,4215.0,4213.717772999999
4191.922852000001,4200.0,4197.05127,4199.615234000001,4217.179688,4223.077147999999,4192.179688,4222.05127,4227.820313,4211.025879,4210.256348,4191.666504,4208.846191,4208.589844
4193.077147999999,4197.05127,4198.846191,4197.307617,4210.512695,4216.410156,4192.05127,4222.05127,4225.641113000001,4208.846191,4209.487305,4190.641113000001,4213.205078,4210.641113000001
4191.282227000001,4189.743652,4193.077147999999,4188.333496,4202.820313,4216.153809,4216.153809,4207.563965,4205.641113000001,4202.692383,4203.846191,4188.589844,4204.743652,4204.358886999999
4191.025879,4187.307617,4191.410156,4185.0,4201.282227000001,4211.922852000001,4230.384765999999,4206.153809,4191.666504,4197.436035,4203.333496,4187.179688,4196.794922,4198.205078
4198.077147999999,4197.820313,4200.128418,4196.410156,4207.179688,4200.128418,4209.871582,4215.128418,4205.641113000001,4205.0,4212.05127,4190.897461,4207.307617,4204.487305
4200.256348,4204.743652,4203.077147999999,4201.025879,4207.94873,4197.179688,4191.794922,4210.128418,4211.410156,4211.282227000001,4213.974121,4190.769043,4213.589844,4206.794922
4198.717772999999,4205.128418,4202.563965,4197.820313,4207.563965,4203.205078,4196.538574,4198.589844,4193.461426,4203.461426,4208.589844,4186.153809,4206.410156,4202.436035
4200.384765999999,4206.025879,4208.205078,4202.820313,4213.846191,4212.05127,4206.922852000001,4192.820313,4188.589844,4196.922852000001,4206.922852000001,4183.974121,4203.846191,4205.641113000001
4197.820313,4207.179688,4208.846191,4207.563965,4225.769043,4221.282227000001,4206.410156,4183.333496,4199.230957,4198.461426,4206.282227000001,4183.846191,4204.743652,4209.358886999999
4197.307617,4212.692383,4204.615234000001,4208.461426,4238.205078,4225.512695,4193.333496,4189.358886999999,4211.025879,4206.794922,4209.615234000001,4190.0,4211.153809,4213.461426
4205.769043,4221.025879,4207.820313,4212.692383,4237.692383,4222.563965,4186.666504,4221.666504,4234.358886999999,4227.94873,4223.205078,4200.641113000001,4232.436035,4226.410156
4206.794922,4219.743652,4212.179688,4214.230957,4222.94873,4218.461426,4199.871582,4235.641113000001,4255.128418,4244.358886999999,4232.94873,4202.179688,4245.256348,4232.692383
4198.974121,4210.256348,4206.666504,4207.179688,4219.358886999999,4221.922852000001,4208.461426,4218.589844,4247.563965,4237.179688,4229.358886999999,4194.358886999999,4229.487305,4222.179688
4194.358886999999,4204.615234000001,4198.077147999999,4198.461426,4228.717772999999,4232.563965,4203.717772999999,4208.333496,4233.205078,4222.820313,4222.05127,4187.563965,4208.333496,4212.307617
4193.077147999999,4203.974121,4198.717772999999,4196.025879,4222.179688,4227.436035,4205.512695,4221.538574,4233.717772999999,4221.794922,4216.794922,4187.307617,4207.307617,4214.615234000001
4193.846191,4205.256348,4205.256348,4197.563965,4210.0,4206.794922,4215.128418,4229.358886999999,4229.743652,4225.512695,4217.820313,4191.153809,4212.692383,4216.794922
4199.102539,4206.666504,4210.769043,4200.641113000001,4217.05127,4205.384765999999,4222.563965,4232.692383,4222.436035,4225.897461,4224.615234000001,4195.512695,4211.538574,4217.692383
4203.974121,4210.256348,4213.077147999999,4205.256348,4225.641113000001,4211.538574,4213.589844,4237.563965,4224.615234000001,4224.487305,4226.153809,4194.871582,4213.461426,4220.0
4205.897461,4217.179688,4215.769043,4211.025879,4222.94873,4209.487305,4214.871582,4226.922852000001,4221.666504,4221.794922,4222.179688,4189.102539,4222.820313,4216.922852000001
4205.897461,4217.692383,4215.641113000001,4210.384765999999,4221.794922,4215.384765999999,4233.461426,4214.230957,4207.05127,4214.230957,4217.692383,4185.0,4224.230957,4207.563965
4201.794922,4212.05127,4207.94873,4204.102539,4227.05127,4221.666504,4222.179688,4209.487305,4200.769043,4206.538574,4210.897461,4182.05127,4214.487305,4200.384765999999
4197.692383,4211.282227000001,4202.179688,4201.153809,4228.974121,4223.077147999999,4201.282227000001,4207.820313,4210.384765999999,4212.94873,4207.94873,4178.461426,4214.230957,4201.922852000001
4197.436035,4208.974121,4200.897461,4199.358886999999,4229.230957,4227.436035,4208.077147999999,4202.05127,4213.974121,4217.179688,4209.358886999999,4178.589844,4219.102539,4206.282227000001
4203.205078,4210.769043,4205.0,4205.128418,4235.128418,4219.487305,4204.230957,4203.205078,4217.692383,4216.153809,4214.871582,4184.871582,4222.436035,4212.692383
4207.692383,4223.846191,4211.666504,4215.897461,4235.641113000001,4205.128418,4187.563965,4222.94873,4237.692383,4230.897461,4223.205078,4189.102539,4228.461426,4218.974121
4198.333496,4222.179688,4207.563965,4210.897461,4227.179688,4212.307617,4205.0,4232.05127,4242.179688,4236.666504,4218.333496,4182.307617,4223.974121,4212.05127
4185.0,4203.717772999999,4195.128418,4197.563965,4225.0,4225.769043,4225.512695,4223.077147999999,4225.128418,4220.897461,4202.563965,4170.897461,4207.820313,4195.769043
4182.05127,4196.410156,4190.256348,4196.666504,4227.436035,4219.358886999999,4210.256348,4218.974121,4222.436035,4216.666504,4201.410156,4172.94873,4204.615234000001,4191.282227000001
4188.846191,4203.717772999999,4196.794922,4200.384765999999,4222.05127,4209.743652,4205.641113000001,4220.641113000001,4231.666504,4229.871582,4214.487305,4185.512695,4220.769043,4205.256348
4194.487305,4206.794922,4203.205078,4198.589844,4218.077147999999,4212.94873,4224.871582,4220.769043,4231.025879,4232.179688,4219.615234000001,4186.666504,4225.384765999999,4215.256348
4196.794922,4205.256348,4208.461426,4200.384765999999,4224.743652,4218.589844,4231.538574,4228.333496,4225.128418,4221.922852000001,4215.384765999999,4182.94873,4215.384765999999,4212.307617
4205.384765999999,4215.0,4218.717772999999,4213.974121,4236.153809,4223.974121,4227.436035,4231.794922,4220.769043,4221.025879,4217.05127,4190.897461,4217.179688,4214.743652
4214.102539,4227.692383,4224.358886999999,4222.179688,4237.307617,4222.179688,4222.05127,4208.846191,4205.641113000001,4223.974121,4217.307617,4194.487305,4221.794922,4218.717772999999
4209.487305,4224.487305,4215.769043,4216.153809,4226.282227000001,4207.94873,4206.666504,4188.077147999999,4190.897461,4214.487305,4207.436035,4189.230957,4213.717772999999,4213.461426
4206.336914,4220.53125,4213.241699,4213.9375,4225.622559,4210.604492,4208.736328,4194.029297,4195.53125,4215.458008,4205.65918,4187.74707,4213.900879,4211.0625
4203.187011999999,4216.575195,4210.714355,4211.72168,4224.963379,4213.260254,4210.805664,4199.981445,4200.165039,4216.428711,4203.882813,4186.263672,4214.084473,4208.663086
4200.036621,4212.619140999999,4208.187011999999,4209.505371,4224.304199,4215.915527,4212.875488000001,4205.934082,4204.79834,4217.399414,4202.106445,4184.780272999999,4214.267578,4206.263672
4196.88623,4208.663086,4205.65918,4207.289551,4223.644531,4218.571289,4214.944824,4211.88623,4209.432129,4218.370117,4200.32959,4183.296875,4214.450684,4203.864258
4193.736328,4204.707031,4203.131836,4205.073242,4222.985352000001,4221.227051,4217.014647999999,4217.838867,4214.065918,4219.34082,4198.553223,4181.812988000001,4214.633789,4201.465332
4190.585938,4200.750977000001,4200.604492,4202.856934,4222.326172,4223.882813,4219.084473,4223.791015999999,4218.699707,4220.311522999999,4196.776367,4180.32959,4214.816895,4199.065918
4187.436035,4196.794922,4198.077147999999,4200.641113000001,4221.666504,4226.538574,4221.153809,4229.743652,4223.333496,4221.282227000001,4195.0,4178.846191,4215.0,4196.666504
4184.615234000001,4195.384765999999,4197.436035,4200.641113000001,4219.743652,4220.0,4225.641113000001,4211.666504,4212.307617,4207.94873,4181.538574,4177.307617,4198.717772999999,4187.179688
4189.230957,4204.871582,4201.410156,4205.897461,4223.717772999999,4226.794922,4222.436035,4206.282227000001,4208.974121,4207.563965,4181.794922,4181.282227000001,4199.230957,4192.179688
4193.333496,4201.538574,4206.282227000001,4205.897461,4222.820313,4226.922852000001,4216.410156,4218.846191,4210.0,4204.102539,4184.102539,4183.333496,4205.641113000001,4199.871582
4201.153809,4198.077147999999,4211.153809,4208.077147999999,4222.820313,4222.307617,4226.025879,4221.794922,4209.358886999999,4199.487305,4185.897461,4184.102539,4207.307617,4205.641113000001
4211.410156,4210.0,4216.666504,4216.666504,4225.384765999999,4224.358886999999,4226.410156,4217.820313,4212.436035,4208.461426,4194.487305,4190.0,4213.205078,4216.794922
4214.230957,4216.666504,4217.179688,4220.641113000001,4230.769043,4226.794922,4211.794922,4214.743652,4217.179688,4214.615234000001,4200.512695,4190.897461,4216.025879,4222.820313
4211.666504,4212.05127,4214.615234000001,4221.153809,4235.512695,4228.077147999999,4214.615234000001,4220.0,4226.153809,4212.94873,4201.025879,4189.743652,4215.641113000001,4223.205078
4217.307617,4215.128418,4214.615234000001,4225.256348,4231.922852000001,4231.922852000001,4209.102539,4222.94873,4235.256348,4217.94873,4202.307617,4192.307617,4219.615234000001,4226.410156
4226.282227000001,4222.307617,4213.974121,4226.794922,4227.94873,4232.05127,4187.436035,4209.615234000001,4233.589844,4226.025879,4204.871582,4189.743652,4219.615234000001,4224.487305
4214.487305,4219.871582,4207.307617,4221.538574,4227.179688,4230.512695,4196.666504,4200.512695,4224.743652,4223.717772999999,4204.102539,4188.717772999999,4212.692383,4218.333496
4195.897461,4216.153809,4204.871582,4217.94873,4225.641113000001,4231.922852000001,4220.384765999999,4212.05127,4227.692383,4223.461426,4208.717772999999,4197.820313,4216.538574,4223.846191
4194.743652,4214.230957,4211.282227000001,4218.461426,4218.846191,4228.461426,4225.0,4229.743652,4238.333496,4233.461426,4220.0,4206.410156,4227.563965,4231.025879
4197.563965,4207.05127,4213.846191,4216.282227000001,4212.307617,4227.307617,4230.897461,4238.333496,4236.025879,4231.922852000001,4221.538574,4205.0,4226.666504,4226.410156
4196.922852000001,4206.794922,4216.282227000001,4216.922852000001,4215.512695,4227.563965,4237.820313,4240.512695,4225.897461,4225.128418,4218.461426,4204.871582,4223.974121,4222.692383
4198.333496,4212.563965,4218.205078,4217.05127,4218.846191,4223.846191,4222.692383,4231.282227000001,4222.436035,4226.153809,4221.410156,4206.666504,4222.820313,4224.358886999999
4194.102539,4206.794922,4211.538574,4210.512695,4216.153809,4226.410156,4208.077147999999,4219.102539,4223.077147999999,4222.436035,4224.358886999999,4205.641113000001,4217.563965,4221.538574
4186.153809,4195.256348,4203.205078,4205.897461,4216.410156,4230.512695,4212.94873,4215.641113000001,4214.487305,4209.871582,4217.436035,4203.205078,4210.897461,4211.922852000001
4190.128418,4194.743652,4201.666504,4207.179688,4220.641113000001,4220.256348,4213.846191,4206.538574,4206.538574,4204.102539,4210.897461,4200.0,4207.692383,4209.487305
4201.922852000001,4209.487305,4206.538574,4213.205078,4223.717772999999,4220.897461,4206.666504,4199.743652,4219.871582,4215.769043,4219.871582,4201.538574,4217.820313,4218.846191
4203.846191,4221.794922,4209.743652,4218.974121,4227.692383,4241.282227000001,4208.589844,4208.461426,4234.230957,4228.846191,4230.256348,4203.846191,4231.922852000001,4224.358886999999
4202.05127,4221.025879,4211.153809,4219.102539,4228.717772999999,4237.307617,4218.205078,4227.05127,4237.94873,4234.102539,4233.077147999999,4205.769043,4235.769043,4225.512695
4203.589844,4212.307617,4209.743652,4214.743652,4224.487305,4219.615234000001,4220.128418,4231.666504,4237.307617,4229.230957,4232.179688,4203.589844,4230.0,4222.692383
4201.410156,4206.666504,4204.102539,4210.256348,4226.666504,4227.179688,4215.256348,4218.333496,4226.153809,4215.897461,4225.641113000001,4194.743652,4219.871582,4210.128418
4198.077147999999,4208.846191,4205.0,4210.384765999999,4226.538574,4232.436035,4217.563965,4214.358886999999,4214.743652,4210.256348,4217.94873,4189.358886999999,4211.794922,4201.538574
4197.820313,4208.846191,4208.205078,4210.256348,4208.333496,4208.589844,4217.94873,4216.282227000001,4213.205078,4209.743652,4214.230957,4187.307617,4207.307617,4205.384765999999
4196.153809,4206.025879,4208.974121,4207.307617,4197.436035,4198.589844,4211.922852000001,4212.820313,4213.077147999999,4208.333496,4215.128418,4188.846191,4206.410156,4211.410156
4198.589844,4212.94873,4215.0,4213.589844,4213.077147999999,4222.307617,4208.974121,4213.974121,4216.025879,4216.538574,4225.128418,4197.692383,4214.615234000001,4220.897461
4203.077147999999,4216.153809,4217.820313,4220.256348,4224.743652,4231.153809,4205.128418,4203.205078,4219.230957,4221.153809,4231.153809,4203.205078,4219.871582,4224.487305
4197.436035,4205.512695,4208.974121,4211.794922,4220.641113000001,4215.256348,4198.333496,4192.436035,4216.282227000001,4212.436035,4221.794922,4196.666504,4209.871582,4212.179688
4196.410156,4204.230957,4206.794922,4206.666504,4222.94873,4209.230957,4198.205078,4204.615234000001,4218.077147999999,4213.974121,4221.025879,4195.0,4208.077147999999,4211.025879
4211.666504,4217.692383,4218.589844,4217.307617,4227.820313,4219.102539,4203.077147999999,4213.589844,4229.743652,4231.153809,4236.410156,4206.153809,4227.563965,4226.282227000001
4215.897461,4220.769043,4222.563965,4223.333496,4224.615234000001,4226.538574,4210.128418,4209.615234000001,4236.538574,4239.743652,4239.230957,4209.871582,4237.179688,4227.307617
4198.846191,4207.05127,4208.717772999999,4211.153809,4220.0,4223.846191,4213.461426,4210.128418,4225.512695,4225.128418,4223.333496,4197.94873,4220.769043,4211.153809
4190.897461,4196.025879,4201.922852000001,4200.384765999999,4216.794922,4217.820313,4209.230957,4214.615234000001,4209.871582,4205.641113000001,4210.641113000001,4185.128418,4207.307617,4204.102539
4202.05127,4201.538574,4218.077147999999,4207.436035,4214.487305,4220.384765999999,4215.897461,4226.538574,4216.538574,4207.179688,4212.820313,4190.384765999999,4213.461426,4213.333496
4203.717772999999,4202.692383,4226.410156,4212.179688,4208.717772999999,4222.05127,4228.461426,4239.871582,4223.717772999999,4211.153809,4216.410156,4199.743652,4211.538574,4215.256348
4190.641113000001,4190.897461,4210.641113000001,4200.0,4205.256348,4214.102539,4220.897461,4224.230957,4203.589844,4194.871582,4209.615234000001,4191.025879,4195.384765999999,4202.179688
4192.05127,4191.794922,4208.077147999999,4196.794922,4213.077147999999,4211.922852000001,4208.589844,4208.205078,4195.0,4193.974121,4209.743652,4186.282227000001,4197.563965,4202.94873
4210.897461,4210.769043,4229.102539,4218.077147999999,4223.333496,4217.94873,4206.282227000001,4218.077147999999,4220.897461,4222.563965,4227.692383,4204.743652,4224.743652,4224.871582
4217.436035,4218.077147999999,4234.102539,4229.615234000001,4223.205078,4215.512695,4202.563965,4212.820313,4231.666504,4234.230957,4237.563965,4213.461426,4239.615234000001,4232.436035
4207.94873,4207.563965,4216.410156,4213.205078,4217.692383,4207.94873,4198.333496,4195.0,4214.743652,4224.871582,4227.94873,4197.563965,4231.794922,4218.846191
4206.538574,4203.974121,4212.820313,4204.230957,4217.820313,4217.307617,4208.974121,4204.230957,4220.897461,4234.102539,4227.692383,4196.025879,4232.563965,4217.05127
4210.256348,4209.358886999999,4219.358886999999,4214.358886999999,4215.897461,4231.410156,4217.307617,4220.256348,4241.282227000001,4246.282227000001,4236.538574,4210.128418,4238.846191,4221.153809
4200.384765999999,4204.487305,4207.307617,4211.410156,4209.487305,4225.641113000001,4210.0,4211.922852000001,4232.436035,4227.94873,4223.333496,4200.384765999999,4223.589844,4204.871582
4194.358886999999,4197.436035,4197.307617,4202.436035,4209.230957,4221.025879,4215.897461,4206.538574,4215.0,4210.641113000001,4210.0,4183.717772999999,4211.538574,4196.538574
4208.077147999999,4204.102539,4209.743652,4211.153809,4210.384765999999,4227.05127,4229.487305,4215.512695,4217.692383,4218.717772999999,4222.563965,4196.538574,4225.384765999999,4216.153809
4216.025879,4212.94873,4215.0,4219.487305,4211.538574,4232.05127,4222.94873,4214.230957,4216.538574,4218.974121,4229.487305,4210.384765999999,4227.94873,4222.94873
4203.461426,4207.307617,4206.410156,4212.179688,4215.512695,4229.487305,4212.307617,4203.077147999999,4198.974121,4202.05127,4215.0,4196.794922,4206.025879,4203.205078
4196.794922,4200.769043,4208.077147999999,4207.820313,4214.102539,4215.256348,4212.307617,4200.641113000001,4194.487305,4200.641113000001,4209.230957,4189.487305,4197.563965,4195.128418
4202.436035,4201.153809,4215.384765999999,4211.153809,4205.384765999999,4200.384765999999,4212.05127,4210.769043,4204.487305,4215.128418,4219.102539,4202.94873,4211.410156,4203.205078
4199.487305,4195.897461,4212.05127,4206.922852000001,4201.538574,4198.205078,4206.538574,4204.615234000001,4198.333496,4209.615234000001,4219.230957,4206.025879,4214.615234000001,4201.153809
4197.563965,4194.487305,4209.102539,4204.358886999999,4206.025879,4206.666504,4201.153809,4190.256348,4189.487305,4197.692383,4212.94873,4200.0,4205.769043,4198.846191
4208.077147999999,4204.102539,4215.897461,4212.563965,4213.846191,4212.563965,4195.384765999999,4195.769043,4204.743652,4207.307617,4217.94873,4204.358886999999,4209.871582,4209.102539
4212.563965,4207.563965,4215.897461,4214.615234000001,4212.563965,4212.94873,4197.307617,4202.563965,4217.179688,4213.333496,4220.641113000001,4206.282227000001,4215.897461,4211.025879
4208.717772999999,4203.846191,4207.94873,4209.615234000001,4207.436035,4212.692383,4200.641113000001,4200.384765999999,4214.743652,4211.025879,4217.563965,4198.205078,4211.410156,4203.461426
4203.846191,4195.897461,4204.615234000001,4205.641113000001,4209.743652,4212.179688,4190.512695,4197.692383,4214.358886999999,4214.230957,4218.333496,4194.230957,4207.179688,4200.256348
4200.769043,4193.461426,4205.128418,4206.794922,4214.102539,4214.358886999999,4192.563965,4198.461426,4218.974121,4219.615234000001,4224.358886999999,4200.512695,4216.666504,4203.717772999999
4206.410156,4211.538574,4205.769043,4218.589844,4220.641113000001,4217.820313,4213.461426,4198.717772999999,4223.461426,4225.0,4234.230957,4207.436035,4229.487305,4209.871582
4211.025879,4224.871582,4203.589844,4226.922852000001,4228.846191,4221.666504,4220.641113000001,4195.0,4218.461426,4221.025879,4231.922852000001,4203.717772999999,4224.358886999999,4209.743652
4208.461426,4222.05127,4206.666504,4224.487305,4227.179688,4219.743652,4214.358886999999,4197.94873,4207.94873,4211.153809,4222.563965,4199.743652,4214.615234000001,4206.153809
4210.384765999999,4224.743652,4215.512695,4225.512695,4217.563965,4215.769043,4211.538574,4207.436035,4203.333496,4209.743652,4220.769043,4205.256348,4214.230957,4207.692383
4215.128418,4227.05127,4215.384765999999,4226.794922,4217.563965,4218.461426,4208.205078,4194.743652,4188.461426,4199.358886999999,4212.436035,4204.358886999999,4206.153809,4206.922852000001
4217.436035,4225.128418,4215.512695,4224.102539,4225.128418,4216.025879,4203.846191,4183.461426,4174.615234000001,4183.333496,4202.692383,4197.179688,4196.282227000001,4206.410156
4225.769043,4234.871582,4227.94873,4234.358886999999,4221.922852000001,4205.128418,4203.846191,4205.256348,4193.333496,4193.205078,4211.282227000001,4202.05127,4203.461426,4216.538574
4233.589844,4245.128418,4234.743652,4250.641113000001,4220.384765999999,4207.94873,4195.256348,4200.897461,4209.487305,4207.436035,4221.410156,4208.205078,4210.384765999999,4221.922852000001
4220.384765999999,4231.538574,4219.358886999999,4241.025879,4226.282227000001,4217.94873,4190.0,4167.179688,4195.384765999999,4192.692383,4208.333496,4195.512695,4198.205078,4206.282227000001
4198.974121,4208.589844,4203.333496,4217.307617,4217.436035,4214.871582,4208.077147999999,4188.461426,4195.512695,4184.743652,4197.436035,4180.384765999999,4187.307617,4189.230957
4197.94873,4206.666504,4204.615234000001,4212.05127,4204.358886999999,4214.615234000001,4219.487305,4238.589844,4225.256348,4211.666504,4209.358886999999,4188.205078,4200.897461,4193.333496
4202.94873,4211.666504,4201.794922,4213.589844,4207.692383,4218.461426,4207.307617,4226.025879,4233.717772999999,4228.589844,4216.794922,4198.717772999999,4213.974121,4199.871582
4196.794922,4205.0,4193.205078,4207.307617,4217.05127,4218.974121,4206.410156,4187.692383,4213.461426,4216.922852000001,4211.025879,4191.666504,4209.358886999999,4192.05127
4196.410156,4203.974121,4196.922852000001,4208.846191,4221.153809,4225.256348,4221.794922,4195.0,4207.436035,4216.410156,4213.333496,4190.769043,4211.282227000001,4191.922852000001
4201.922852000001,4212.436035,4203.846191,4218.974121,4222.692383,4228.589844,4222.179688,4209.230957,4212.307617,4221.794922,4219.230957,4200.897461,4214.102539,4204.230957
4200.384765999999,4212.692383,4202.820313,4220.897461,4224.871582,4222.179688,4213.205078,4196.922852000001,4203.589844,4209.230957,4214.743652,4200.128418,4202.94873,4207.820313
4201.410156,4210.128418,4205.384765999999,4220.512695,4223.461426,4216.538574,4208.589844,4194.230957,4197.05127,4198.333496,4210.769043,4197.563965,4198.974121,4206.666504
4210.641113000001,4215.769043,4213.589844,4227.436035,4220.0,4209.615234000001,4200.256348,4210.256348,4203.461426,4201.025879,4213.333496,4204.487305,4205.0,4210.384765999999
4213.846191,4220.256348,4212.307617,4230.0,4217.94873,4202.94873,4200.256348,4211.025879,4202.94873,4200.256348,4213.077147999999,4202.94873,4198.846191,4207.692383
4215.128418,4221.794922,4211.153809,4226.922852000001,4215.256348,4208.205078,4206.538574,4201.538574,4201.922852000001,4205.384765999999,4216.922852000001,4202.692383,4199.871582,4208.333496
4221.025879,4223.974121,4217.05127,4229.230957,4215.641113000001,4211.410156,4201.666504,4200.128418,4210.769043,4220.0,4226.410156,4212.179688,4220.897461,4218.717772999999
4219.871582,4222.179688,4216.410156,4231.538574,4218.461426,4202.820313,4191.794922,4194.743652,4208.589844,4221.538574,4226.282227000001,4210.384765999999,4224.871582,4218.717772999999
4215.512695,4222.692383,4213.589844,4229.102539,4220.897461,4201.410156,4195.256348,4200.641113000001,4208.205078,4218.589844,4221.666504,4208.461426,4211.794922,4214.615234000001
4214.102539,4226.538574,4216.153809,4229.487305,4220.641113000001,4212.436035,4201.666504,4224.743652,4220.0,4222.307617,4222.692383,4217.307617,4210.769043,4217.179688
4204.230957,4214.615234000001,4205.897461,4224.102539,4217.05127,4211.666504,4193.717772999999,4207.820313,4207.692383,4211.282227000001,4212.307617,4210.128418,4203.717772999999,4203.077147999999
4187.94873,4197.94873,4186.153809,4211.025879,4216.025879,4206.153809,4194.615234000001,4170.897461,4189.615234000001,4195.256348,4193.589844,4192.179688,4185.641113000001,4179.487305
4180.512695,4195.384765999999,4180.897461,4205.641113000001,4215.641113000001,4212.563965,4208.205078,4183.717772999999,4196.794922,4192.94873,4189.102539,4187.307617,4182.692383,4178.333496
4182.563965,4195.128418,4185.256348,4205.384765999999,4214.871582,4216.666504,4207.94873,4200.256348,4194.615234000001,4188.846191,4190.256348,4188.205078,4187.692383,4182.307617
4190.0,4197.820313,4193.589844,4209.487305,4217.692383,4216.282227000001,4200.512695,4185.256348,4184.487305,4188.333496,4190.769043,4191.410156,4191.410156,4181.153809
4200.0,4208.717772999999,4207.05127,4218.461426,4220.384765999999,4209.615234000001,4201.025879,4187.692383,4193.974121,4204.102539,4199.230957,4200.769043,4205.512695,4192.307617
4206.025879,4212.563965,4214.102539,4220.384765999999,4218.717772999999,4202.436035,4203.717772999999,4205.512695,4205.384765999999,4212.436035,4204.871582,4206.666504,4218.077147999999,4204.487305
4209.102539,4206.282227000001,4216.153809,4218.333496,4216.153809,4205.384765999999,4199.615234000001,4201.666504,4204.358886999999,4210.769043,4204.358886999999,4208.589844,4218.333496,4205.512695
4208.333496,4204.743652,4215.641113000001,4218.974121,4217.436035,4211.922852000001,4196.025879,4192.692383,4204.743652,4217.307617,4205.128418,4211.410156,4217.436035,4207.05127
4201.922852000001,4208.717772999999,4204.615234000001,4217.692383,4219.358886999999,4216.666504,4195.0,4200.641113000001,4208.974121,4218.205078,4196.666504,4207.436035,4211.153809,4204.358886999999
4199.743652,4212.179688,4196.282227000001,4215.641113000001,4218.846191,4219.102539,4186.410156,4200.384765999999,4211.410156,4210.641113000001,4185.128418,4200.128418,4203.333496,4197.820313
4208.589844,4217.820313,4203.461426,4219.743652,4218.333496,4220.384765999999,4183.077147999999,4198.589844,4221.282227000001,4220.0,4192.563965,4201.153809,4212.94873,4206.666504
4209.102539,4212.692383,4203.205078,4217.179688,4214.871582,4223.846191,4200.0,4207.94873,4229.615234000001,4227.563965,4196.794922,4197.05127,4217.820313,4211.538574
4190.897461,4192.692383,4183.205078,4201.282227000001,4206.153809,4230.769043,4213.461426,4198.717772999999,4212.94873,4206.922852000001,4174.871582,4178.333496,4195.769043,4189.871582
4184.230957,4189.358886999999,4174.871582,4199.615234000001,4211.282227000001,4233.461426,4207.179688,4178.077147999999,4192.820313,4195.769043,4168.077147999999,4172.820313,4184.358886999999,4178.589844
4199.615234000001,4206.282227000001,4187.94873,4211.025879,4225.256348,4232.436035,4203.333496,4185.128418,4201.025879,4212.436035,4188.461426,4190.0,4199.615234000001,4196.025879
4210.512695,4207.692383,4197.820313,4210.128418,4218.461426,4230.0,4214.487305,4208.589844,4218.333496,4221.666504,4198.077147999999,4201.025879,4210.641113000001,4207.692383
4211.666504,4200.512695,4199.743652,4206.282227000001,4206.025879,4219.871582,4218.333496,4214.102539,4219.487305,4218.205078,4201.538574,4202.05127,4214.230957,4208.205078
4213.461426,4206.282227000001,4199.487305,4206.922852000001,4206.538574,4212.307617,4204.487305,4212.563965,4215.384765999999,4217.692383,4210.512695,4204.615234000001,4214.743652,4212.05127
4221.794922,4214.487305,4203.974121,4210.256348,4205.512695,4215.897461,4199.102539,4213.589844,4218.974121,4222.820313,4218.461426,4209.102539,4217.692383,4219.743652
4231.282227000001,4218.205078,4213.589844,4218.461426,4200.256348,4214.230957,4207.179688,4201.922852000001,4220.769043,4228.205078,4221.538574,4213.461426,4226.153809,4225.897461
4230.0,4220.128418,4215.897461,4222.307617,4205.769043,4207.179688,4199.487305,4194.230957,4219.743652,4225.769043,4218.205078,4212.563965,4226.666504,4224.358886999999
4226.538574,4221.282227000001,4209.743652,4220.256348,4216.794922,4215.384765999999,4183.461426,4199.743652,4220.384765999999,4221.666504,4214.358886999999,4205.384765999999,4222.94873,4222.692383
4229.358886999999,4220.769043,4202.94873,4221.410156,4213.846191,4221.410156,4191.922852000001,4201.794922,4216.666504,4216.282227000001,4211.410156,4200.384765999999,4220.0,4223.589844
4228.589844,4214.615234000001,4198.333496,4220.897461,4209.615234000001,4216.410156,4203.846191,4195.128418,4211.282227000001,4208.717772999999,4206.666504,4200.512695,4211.666504,4217.820313
4217.563965,4205.384765999999,4192.05127,4210.128418,4216.538574,4225.128418,4195.897461,4188.205078,4209.743652,4207.436035,4202.05127,4196.794922,4204.102539,4207.179688
4210.128418,4202.94873,4185.897461,4202.436035,4216.794922,4228.589844,4192.94873,4191.410156,4211.410156,4211.794922,4203.717772999999,4189.102539,4209.102539,4203.717772999999
4207.307617,4204.230957,4185.641113000001,4200.641113000001,4206.153809,4212.179688,4210.256348,4208.205078,4213.846191,4213.589844,4206.410156,4187.05127,4217.05127,4206.025879
4201.025879,4200.769043,4186.153809,4194.743652,4200.0,4207.436035,4220.384765999999,4223.589844,4215.512695,4214.615234000001,4207.05127,4193.205078,4215.769043,4207.179688
4203.205078,4204.230957,4187.563965,4196.666504,4202.436035,4216.282227000001,4215.641113000001,4221.025879,4215.0,4220.897461,4210.384765999999,4198.846191,4213.589844,4209.615234000001
4210.256348,4209.871582,4192.94873,4203.974121,4206.153809,4216.153809,4212.05127,4206.153809,4209.358886999999,4220.256348,4211.794922,4197.563965,4209.102539,4210.256348
4208.589844,4206.025879,4197.05127,4203.205078,4209.358886999999,4210.0,4194.743652,4187.94873,4197.307617,4208.846191,4209.230957,4195.897461,4201.922852000001,4209.615234000001
4209.358886999999,4208.846191,4202.436035,4205.769043,4212.563965,4209.230957,4183.205078,4181.410156,4194.871582,4207.436035,4211.794922,4200.512695,4208.333496,4214.743652
4220.897461,4218.589844,4211.922852000001,4216.538574,4210.897461,4207.563965,4193.077147999999,4192.563965,4213.846191,4218.077147999999,4222.179688,4206.410156,4222.692383,4219.871582
4227.179688,4218.846191,4215.128418,4219.871582,4206.794922,4206.153809,4191.153809,4202.436035,4230.0,4225.256348,4229.358886999999,4206.666504,4225.384765999999,4218.717772999999
4222.94873,4214.102539,4206.922852000001,4214.487305,4209.358886999999,4212.307617,4184.487305,4205.0,4227.692383,4224.743652,4223.974121,4200.897461,4217.692383,4214.230957
4217.307617,4208.589844,4195.128418,4208.974121,4212.436035,4216.282227000001,4190.128418,4196.410156,4216.794922,4214.743652,4210.128418,4190.384765999999,4211.922852000001,4206.794922
4212.436035,4204.230957,4194.102539,4205.897461,4212.436035,4217.179688,4189.743652,4178.077147999999,4210.128418,4204.743652,4205.0,4181.282227000001,4213.077147999999,4202.05127
4211.025879,4204.230957,4198.461426,4204.358886999999,4209.230957,4221.025879,4191.410156,4178.077147999999,4210.0,4206.282227000001,4207.94873,4180.897461,4213.077147999999,4205.512695
4211.153809,4201.153809,4197.436035,4198.461426,4202.05127,4217.820313,4208.846191,4197.692383,4212.94873,4208.589844,4206.153809,4186.666504,4206.282227000001,4209.102539
4210.0,4196.025879,4198.717772999999,4196.922852000001,4201.282227000001,4211.282227000001,4214.358886999999,4206.153809,4217.179688,4210.256348,4207.179688,4188.077147999999,4204.871582,4207.436035
4204.871582,4194.230957,4201.282227000001,4201.794922,4208.589844,4215.897461,4210.897461,4191.538574,4207.05127,4207.692383,4207.692383,4183.846191,4208.077147999999,4201.922852000001
4204.871582,4196.410156,4201.538574,4204.615234000001,4211.025879,4216.025879,4212.05127,4180.769043,4195.0,4201.153809,4204.871582,4184.743652,4210.769043,4201.282227000001
4217.94873,4205.256348,4211.410156,4209.487305,4206.153809,4198.589844,4197.94873,4191.025879,4205.384765999999,4208.333496,4213.205078,4195.512695,4219.230957,4211.538574
4223.846191,4210.256348,4221.025879,4213.333496,4202.820313,4192.307617,4189.743652,4188.589844,4206.410156,4215.0,4219.615234000001,4203.589844,4220.384765999999,4215.641113000001
4222.820313,4211.922852000001,4221.153809,4216.025879,4211.153809,4202.179688,4196.666504,4184.102539,4200.128418,4211.922852000001,4215.128418,4206.025879,4220.512695,4215.0
4233.589844,4222.692383,4226.410156,4222.820313,4219.871582,4201.666504,4182.692383,4211.025879,4222.820313,4225.769043,4226.025879,4216.282227000001,4237.820313,4227.307617
4238.846191,4228.846191,4230.0,4223.461426,4211.922852000001,4198.974121,4177.563965,4224.743652,4242.820313,4241.410156,4240.0,4224.487305,4246.410156,4236.538574
4222.820313,4216.666504,4215.641113000001,4213.205078,4200.769043,4204.743652,4198.333496,4200.128418,4225.384765999999,4225.0,4225.128418,4213.717772999999,4229.230957,4222.436035
4212.179688,4205.128418,4203.717772999999,4206.153809,4202.307617,4206.922852000001,4197.05127,4187.820313,4208.846191,4206.153809,4206.410156,4204.871582,4214.615234000001,4206.538574
4212.179688,4202.179688,4205.641113000001,4206.794922,4203.077147999999,4210.256348,4198.846191,4200.128418,4210.0,4203.205078,4201.922852000001,4207.179688,4206.282227000001,4202.05127
4207.563965,4193.077147999999,4203.077147999999,4201.410156,4198.333496,4215.512695,4218.205078,4201.282227000001,4202.05127,4189.615234000001,4190.769043,4200.384765999999,4188.077147999999,4194.871582
4209.230957,4190.0,4201.153809,4198.077147999999,4201.025879,4213.205078,4208.974121,4196.922852000001,4197.563965,4183.077147999999,4190.512695,4197.94873,4183.974121,4194.230957
4222.563965,4205.769043,4214.743652,4209.615234000001,4207.563965,4205.384765999999,4191.922852000001,4201.410156,4209.102539,4203.974121,4214.487305,4215.384765999999,4207.05127,4211.794922
4226.410156,4215.256348,4222.692383,4216.922852000001,4207.307617,4206.666504,4196.666504,4198.717772999999,4209.358886999999,4211.282227000001,4219.871582,4221.922852000001,4217.563965,4219.743652
4217.307617,4206.410156,4213.589844,4211.153809,4206.794922,4216.922852000001,4201.025879,4194.615234000001,4200.769043,4195.128418,4201.538574,4207.94873,4198.077147999999,4205.769043
4217.820313,4204.615234000001,4212.692383,4212.94873,4209.615234000001,4215.897461,4205.769043,4200.512695,4206.666504,4198.974121,4206.410156,4205.641113000001,4196.410156,4203.846191
4229.871582,4219.102539,4226.282227000001,4223.333496,4210.384765999999,4206.922852000001,4211.538574,4206.794922,4217.307617,4218.205078,4231.922852000001,4218.205078,4228.333496,4224.487305
4239.230957,4225.0,4235.256348,4223.077147999999,4212.179688,4211.153809,4201.153809,4205.0,4215.641113000001,4222.94873,4242.692383,4227.05127,4246.153809,4235.769043
4240.897461,4214.871582,4233.846191,4217.05127,4213.461426,4211.025879,4195.384765999999,4208.333496,4216.666504,4220.512695,4239.230957,4227.692383,4233.461426,4230.384765999999
4233.717772999999,4206.666504,4226.282227000001,4216.025879,4212.179688,4198.077147999999,4196.538574,4217.692383,4219.743652,4218.589844,4235.641113000001,4220.512695,4219.871582,4226.666504
4220.512695,4203.205078,4217.179688,4211.794922,4209.615234000001,4197.436035,4183.717772999999,4214.743652,4213.846191,4208.589844,4230.0,4211.153809,4211.410156,4223.333496
4212.692383,4195.512695,4213.205078,4203.205078,4204.615234000001,4208.333496,4186.410156,4211.282227000001,4210.128418,4201.282227000001,4222.05127,4207.820313,4202.94873,4215.0
4211.025879,4186.666504,4211.538574,4198.461426,4202.820313,4214.358886999999,4206.666504,4207.05127,4208.974121,4200.512695,4215.641113000001,4206.922852000001,4198.846191,4208.461426
4209.230957,4186.153809,4210.512695,4199.743652,4203.717772999999,4209.615234000001,4202.820313,4199.102539,4211.153809,4204.615234000001,4218.974121,4209.358886999999,4205.384765999999,4211.153809
4212.820313,4197.563965,4217.563965,4207.820313,4198.846191,4203.589844,4199.743652,4213.205078,4229.615234000001,4223.974121,4233.077147999999,4220.384765999999,4224.102539,4221.282227000001
4209.487305,4199.743652,4215.512695,4208.974121,4192.307617,4213.717772999999,4220.641113000001,4227.179688,4235.256348,4228.974121,4232.307617,4221.666504,4223.589844,4217.820313
4198.077147999999,4188.717772999999,4201.538574,4199.230957,4198.205078,4223.974121,4217.692383,4205.897461,4210.897461,4206.794922,4213.205078,4207.563965,4201.282227000001,4200.128418
4208.974121,4198.077147999999,4210.769043,4206.282227000001,4211.922852000001,4216.538574,4196.922852000001,4190.897461,4209.615234000001,4210.384765999999,4217.563965,4212.179688,4208.846191,4203.077147999999
4228.717772999999,4214.358886999999,4227.820313,4221.666504,4212.94873,4209.230957,4203.589844,4199.358886999999,4224.743652,4230.256348,4235.512695,4230.256348,4230.0,4220.128418
4226.153809,4208.461426,4221.025879,4221.153809,4207.94873,4212.179688,4215.0,4188.333496,4205.769043,4217.94873,4228.205078,4228.717772999999,4219.743652,4217.05127
4224.743652,4208.461426,4220.512695,4221.025879,4211.282227000001,4208.461426,4200.384765999999,4175.384765999999,4193.717772999999,4209.487305,4224.871582,4224.743652,4214.358886999999,4215.384765999999
4233.077147999999,4216.282227000001,4232.307617,4226.282227000001,4217.94873,4209.102539,4183.846191,4189.615234000001,4213.974121,4227.05127,4237.94873,4229.615234000001,4227.179688,4224.102539
4222.05127,4204.358886999999,4223.077147999999,4215.256348,4218.589844,4218.717772999999,4194.615234000001,4211.153809,4226.282227000001,4225.0,4231.794922,4221.025879,4215.897461,4211.922852000001
4204.358886999999,4191.666504,4206.922852000001,4200.769043,4211.025879,4215.897461,4220.897461,4227.820313,4226.794922,4211.666504,4218.077147999999,4207.820313,4200.128418,4199.358886999999
4207.94873,4197.94873,4213.205078,4208.333496,4206.025879,4207.179688,4222.05127,4235.897461,4238.077147999999,4221.282227000001,4225.897461,4208.589844,4212.179688,4210.897461
4216.025879,4202.307617,4221.666504,4216.794922,4207.179688,4203.717772999999,4195.384765999999,4225.769043,4242.05127,4232.307617,4234.871582,4212.179688,4224.487305,4218.205078
4212.05127,4197.692383,4215.384765999999,4208.205078,4203.077147999999,4201.538574,4192.563965,4215.256348,4231.282227000001,4226.538574,4227.692383,4211.410156,4218.589844,4212.307617
4210.0,4198.205078,4212.94873,4206.282227000001,4198.077147999999,4207.563965,4220.512695,4230.0,4232.179688,4224.358886999999,4226.282227000001,4211.794922,4216.666504,4213.846191
4209.230957,4198.717772999999,4214.743652,4211.666504,4207.307617,4219.871582,4221.666504,4221.666504,4220.256348,4218.461426,4226.538574,4206.153809,4215.769043,4211.666504
4206.282227000001,4195.0,4209.615234000001,4208.589844,4215.128418,4220.256348,4195.641113000001,4176.538574,4185.769043,4201.282227000001,4214.487305,4199.230957,4209.743652,4203.077147999999
4208.077147999999,4194.487305,4207.436035,4207.94873,4210.769043,4217.179688,4195.641113000001,4169.487305,4182.05127,4201.410156,4210.641113000001,4197.563965,4211.666504,4205.0
4207.179688,4195.512695,4210.128418,4208.589844,4206.538574,4221.666504,4207.94873,4200.256348,4206.153809,4210.769043,4213.974121,4196.410156,4209.230957,4205.128418
4212.05127,4200.641113000001,4214.871582,4207.94873,4210.769043,4221.025879,4205.512695,4215.128418,4215.384765999999,4214.615234000001,4217.05127,4198.974121,4211.153809,4204.615234000001
4222.692383,4209.102539,4222.820313,4216.025879,4220.128418,4215.769043,4199.102539,4205.512695,4207.436035,4222.820313,4221.410156,4206.025879,4228.589844,4214.230957
4224.487305,4216.538574,4230.256348,4227.307617,4228.589844,4211.922852000001,4192.94873,4198.846191,4212.179688,4231.025879,4227.820313,4215.0,4242.179688,4225.512695
4223.333496,4223.846191,4233.717772999999,4230.256348,4234.358886999999,4215.641113000001,4192.05127,4213.205078,4233.846191,4238.846191,4235.128418,4222.05127,4243.717772999999,4229.615234000001
4217.820313,4218.717772999999,4226.538574,4220.641113000001,4226.538574,4217.307617,4200.512695,4227.563965,4241.282227000001,4238.333496,4231.282227000001,4216.410156,4233.974121,4220.256348
4206.666504,4201.922852000001,4216.794922,4211.025879,4214.871582,4210.897461,4207.94873,4235.512695,4235.897461,4227.692383,4219.871582,4208.077147999999,4223.461426,4209.230957
4201.922852000001,4193.974121,4216.538574,4212.179688,4210.384765999999,4210.641113000001,4207.563965,4242.179688,4235.384765999999,4226.282227000001,4220.0,4208.717772999999,4222.692383,4209.358886999999
4197.563965,4191.025879,4211.794922,4208.589844,4201.538574,4218.461426,4215.769043,4232.692383,4224.487305,4224.230957,4221.282227000001,4206.153809,4218.974121,4207.563965
4186.922852000001,4181.922852000001,4198.974121,4196.410156,4195.128418,4224.102539,4227.563965,4219.230957,4208.333496,4204.102539,4206.794922,4198.077147999999,4208.717772999999,4196.153809
4189.230957,4178.846191,4200.128418,4196.025879,4204.358886999999,4221.410156,4220.897461,4218.717772999999,4210.897461,4194.358886999999,4200.384765999999,4200.641113000001,4211.922852000001,4193.717772999999
4207.94873,4191.794922,4215.128418,4209.230957,4218.461426,4222.436035,4204.487305,4209.871582,4215.128418,4209.871582,4213.333496,4210.641113000001,4221.410156,4206.922852000001
4218.333496,4206.025879,4220.897461,4216.538574,4224.358886999999,4227.94873,4193.461426,4189.230957,4205.897461,4215.384765999999,4214.743652,4211.794922,4219.102539,4215.769043
4212.563965,4202.94873,4213.846191,4210.128418,4220.897461,4220.512695,4190.641113000001,4182.820313,4198.974121,4204.102539,4200.384765999999,4205.256348,4216.410156,4210.512695
4206.153809,4196.025879,4210.384765999999,4204.358886999999,4214.230957,4211.410156,4195.512695,4187.820313,4199.615234000001,4205.641113000001,4195.897461,4204.102539,4221.282227000001,4205.384765999999
4205.0,4195.384765999999,4208.717772999999,4204.487305,4205.769043,4207.179688,4200.897461,4199.358886999999,4205.769043,4215.897461,4197.94873,4211.538574,4221.538574,4208.461426
4202.563965,4191.282227000001,4201.282227000001,4199.871582,4194.230957,4199.358886999999,4192.436035,4211.538574,4210.769043,4215.384765999999,4191.666504,4211.282227000001,4214.230957,4208.717772999999
4202.820313,4189.102539,4198.077147999999,4196.025879,4192.820313,4200.512695,4182.94873,4210.512695,4209.615234000001,4209.358886999999,4189.358886999999,4204.230957,4212.05127,4209.743652
4209.615234000001,4190.897461,4202.179688,4199.102539,4198.846191,4212.692383,4190.256348,4217.179688,4210.897461,4208.461426,4196.538574,4208.077147999999,4217.05127,4218.974121
4217.94873,4190.256348,4208.461426,4203.589844,4197.563965,4212.94873,4200.128418,4235.0,4222.692383,4217.179688,4209.102539,4224.102539,4224.615234000001,4230.0
4219.358886999999,4187.820313,4209.615234000001,4201.794922,4191.153809,4200.769043,4203.333496,4237.692383,4229.102539,4226.025879,4217.307617,4230.0,4226.410156,4233.333496
4213.846191,4181.538574,4202.179688,4193.846191,4189.871582,4203.077147999999,4206.922852000001,4228.077147999999,4215.256348,4215.0,4207.05127,4213.589844,4213.589844,4222.436035
4215.0,4179.358886999999,4200.256348,4193.461426,4195.128418,4217.820313,4209.871582,4228.461426,4208.717772999999,4203.846191,4197.820313,4198.589844,4202.692383,4213.461426
4223.077147999999,4189.358886999999,4208.077147999999,4202.94873,4194.615234000001,4219.743652,4211.794922,4231.666504,4220.0,4213.205078,4206.922852000001,4203.205078,4210.641113000001,4220.512695
4222.179688,4196.538574,4207.563965,4206.794922,4190.128418,4215.769043,4218.974121,4220.897461,4218.589844,4215.384765999999,4210.384765999999,4207.05127,4216.282227000001,4223.077147999999
4210.512695,4188.205078,4195.384765999999,4200.769043,4190.641113000001,4219.743652,4214.487305,4209.487305,4201.538574,4194.871582,4197.94873,4193.077147999999,4202.179688,4207.05127
4209.487305,4186.153809,4194.743652,4201.538574,4197.563965,4219.487305,4197.05127,4201.282227000001,4195.256348,4185.256348,4196.538574,4185.128418,4197.179688,4201.153809
4221.282227000001,4197.307617,4205.897461,4212.820313,4199.743652,4209.102539,4204.230957,4200.641113000001,4204.102539,4202.436035,4209.615234000001,4193.589844,4216.025879,4218.333496
4223.589844,4197.692383,4206.282227000001,4213.333496,4197.179688,4205.897461,4216.794922,4208.461426,4206.666504,4212.94873,4212.179688,4196.794922,4225.384765999999,4225.641113000001
4218.077147999999,4194.358886999999,4200.897461,4206.153809,4198.846191,4210.641113000001,4201.794922,4216.410156,4206.282227000001,4210.384765999999,4211.538574,4197.307617,4223.077147999999,4222.563965
4221.794922,4204.487305,4208.205078,4211.282227000001,4198.717772999999,4208.974121,4191.538574,4221.794922,4216.025879,4219.358886999999,4224.487305,4208.717772999999,4234.743652,4231.666504
4231.282227000001,4207.692383,4218.333496,4216.025879,4193.846191,4203.205078,4193.461426,4232.563965,4230.512695,4234.230957,4236.282227000001,4217.94873,4246.153809,4241.153809
4233.717772999999,4197.563965,4219.743652,4210.128418,4190.512695,4199.487305,4187.563965,4247.94873,4236.282227000001,4232.563965,4236.538574,4213.333496,4246.794922,4237.820313
4230.0,4199.230957,4217.436035,4208.589844,4189.102539,4196.153809,4185.128418,4238.589844,4222.563965,4215.128418,4228.974121,4206.410156,4242.820313,4232.820313
4229.358886999999,4211.153809,4213.974121,4213.974121,4189.487305,4196.922852000001,4195.641113000001,4214.615234000001,4206.025879,4202.179688,4220.256348,4204.358886999999,4230.0,4232.820313
4232.436035,4214.230957,4210.0,4215.0,4197.436035,4200.769043,4199.615234000001,4197.692383,4198.717772999999,4195.128418,4214.487305,4202.307617,4218.589844,4229.102539
4224.871582,4206.922852000001,4204.615234000001,4208.333496,4195.641113000001,4196.666504,4194.230957,4189.487305,4192.563965,4182.94873,4203.846191,4194.230957,4211.025879,4213.461426
4207.692383,4198.077147999999,4193.974121,4200.256348,4183.077147999999,4197.307617,4196.794922,4188.717772999999,4184.871582,4172.94873,4189.230957,4180.384765999999,4195.384765999999,4194.487305
4203.205078,4196.794922,4187.179688,4197.563965,4184.230957,4207.563965,4202.179688,4191.794922,4184.102539,4176.538574,4186.922852000001,4174.358886999999,4184.615234000001,4190.512695
4201.794922,4193.589844,4182.307617,4193.974121,4189.230957,4206.282227000001,4200.641113000001,4192.94873,4188.846191,4179.871582,4188.846191,4178.589844,4187.820313,4192.692383
4187.563965,4183.333496,4172.692383,4185.128418,4184.871582,4203.333496,4196.922852000001,4183.589844,4183.589844,4172.05127,4181.153809,4177.692383,4186.153809,4185.256348
4186.153809,4181.153809,4173.205078,4184.102539,4184.615234000001,4213.077147999999,4195.0,4181.153809,4181.538574,4172.436035,4179.615234000001,4177.563965,4183.846191,4183.077147999999
4208.077147999999,4197.05127,4191.025879,4195.641113000001,4190.384765999999,4211.794922,4197.94873,4201.922852000001,4198.974121,4192.436035,4196.666504,4191.794922,4201.025879,4199.743652
4220.128418,4204.743652,4199.358886999999,4201.666504,4186.153809,4198.461426,4196.025879,4222.05127,4212.692383,4208.461426,4212.307617,4201.922852000001,4216.025879,4215.0
4215.256348,4200.641113000001,4196.025879,4201.153809,4182.563965,4195.897461,4180.512695,4214.743652,4209.102539,4210.384765999999,4217.05127,4199.487305,4214.487305,4216.282227000001
4218.205078,4209.487305,4206.025879,4206.025879,4191.922852000001,4197.563965,4177.820313,4209.743652,4213.974121,4219.615234000001,4224.102539,4203.077147999999,4221.922852000001,4219.102539
4224.743652,4212.436035,4214.102539,4208.333496,4193.333496,4191.025879,4193.974121,4217.436035,4215.0,4222.05127,4225.897461,4206.153809,4228.205078,4219.615234000001
4221.922852000001,4200.128418,4204.102539,4204.487305,4189.102539,4187.820313,4189.615234000001,4201.922852000001,4193.077147999999,4201.410156,4213.974121,4193.205078,4213.333496,4209.358886999999
4218.846191,4201.025879,4200.512695,4203.205078,4194.102539,4190.256348,4176.538574,4188.077147999999,4186.666504,4191.538574,4206.666504,4182.563965,4206.794922,4206.282227000001
4215.0,4208.333496,4203.077147999999,4201.666504,4196.666504,4198.717772999999,4192.94873,4203.461426,4199.358886999999,4195.128418,4207.05127,4182.94873,4215.641113000001,4208.461426
4208.846191,4199.102539,4195.897461,4199.102539,4193.333496,4217.307617,4212.307617,4213.205078,4195.769043,4187.307617,4200.0,4181.666504,4207.692383,4198.077147999999
4204.487305,4188.461426,4189.230957,4194.358886999999,4189.871582,4218.461426,4207.820313,4205.641113000001,4187.94873,4180.0,4188.846191,4177.436035,4192.05127,4187.820313
4198.461426,4188.717772999999,4189.102539,4187.307617,4186.153809,4208.717772999999,4209.358886999999,4211.282227000001,4196.538574,4186.922852000001,4187.563965,4177.436035,4194.871582,4190.384765999999
4199.358886999999,4187.94873,4190.512695,4188.333496,4187.179688,4219.358886999999,4220.256348,4224.871582,4206.794922,4201.538574,4196.538574,4180.897461,4206.794922,4199.358886999999
4211.794922,4193.333496,4198.205078,4197.179688,4189.615234000001,4222.307617,4219.743652,4234.487305,4212.94873,4215.128418,4210.256348,4187.307617,4214.487305,4211.410156
4215.641113000001,4202.436035,4203.333496,4198.461426,4190.512695,4208.333496,4217.436035,4241.794922,4217.563965,4214.871582,4216.153809,4191.153809,4215.384765999999,4216.410156
4205.0,4197.94873,4192.179688,4192.179688,4192.692383,4208.974121,4214.871582,4225.897461,4206.666504,4199.230957,4206.153809,4186.025879,4205.769043,4205.0
4205.0,4197.692383,4185.384765999999,4194.230957,4199.102539,4223.333496,4208.846191,4216.666504,4202.820313,4198.846191,4200.512695,4184.487305,4200.128418,4198.205078
4220.128418,4213.589844,4199.615234000001,4208.717772999999,4207.94873,4225.384765999999,4206.025879,4238.205078,4225.384765999999,4219.487305,4214.358886999999,4193.205078,4213.717772999999,4209.615234000001
4225.641113000001,4219.615234000001,4207.692383,4215.256348,4209.358886999999,4210.769043,4198.205078,4234.743652,4232.436035,4220.769043,4218.717772999999,4193.974121,4220.0,4216.794922
4215.897461,4206.922852000001,4196.666504,4206.666504,4199.358886999999,4200.256348,4191.794922,4202.692383,4205.512695,4196.538574,4201.153809,4183.717772999999,4198.717772999999,4206.922852000001
4208.974121,4198.333496,4189.358886999999,4200.128418,4190.384765999999,4201.025879,4192.94873,4198.717772999999,4187.563965,4181.282227000001,4190.256348,4180.256348,4182.563965,4197.563965
4214.615234000001,4198.974121,4197.307617,4202.94873,4187.436035,4197.563965,4193.589844,4203.717772999999,4191.410156,4185.128418,4195.512695,4187.05127,4191.922852000001,4201.794922
4218.077147999999,4196.153809,4203.461426,4204.871582,4183.205078,4192.820313,4203.589844,4196.025879,4192.692383,4184.871582,4197.436035,4191.025879,4202.436035,4206.538574
4211.666504,4191.538574,4198.461426,4201.538574,4179.871582,4196.666504,4212.179688,4200.641113000001,4188.846191,4179.743652,4192.94873,4189.871582,4203.717772999999,4201.410156
4208.717772999999,4191.282227000001,4194.358886999999,4199.102539,4183.846191,4202.05127,4199.487305,4203.717772999999,4191.794922,4186.153809,4197.179688,4189.615234000001,4213.717772999999,4200.0
4205.0,4184.871582,4190.256348,4191.025879,4185.512695,4207.436035,4197.94873,4214.743652,4204.615234000001,4192.436035,4202.436035,4185.384765999999,4219.230957,4201.282227000001
4192.436035,4173.717772999999,4179.102539,4179.358886999999,4181.666504,4210.641113000001,4218.974121,4242.436035,4210.897461,4186.025879,4195.128418,4174.230957,4206.666504,4193.077147999999
4187.563965,4175.128418,4174.102539,4179.743652,4184.487305,4209.871582,4218.717772999999,4228.205078,4201.282227000001,4183.077147999999,4191.025879,4168.333496,4202.94873,4184.230957
4190.256348,4181.153809,4175.512695,4182.179688,4190.0,4211.410156,4196.153809,4190.512695,4192.05127,4187.05127,4193.205078,4167.94873,4207.05127,4182.436035
4191.025879,4182.692383,4178.717772999999,4177.692383,4188.589844,4207.307617,4191.794922,4195.128418,4199.102539,4190.897461,4198.974121,4168.974121,4207.307617,4188.974121
4193.974121,4187.94873,4186.282227000001,4180.128418,4182.563965,4196.153809,4203.846191,4211.794922,4207.692383,4195.641113000001,4206.538574,4176.282227000001,4211.153809,4196.666504
4202.692383,4190.897461,4194.358886999999,4191.282227000001,4179.743652,4193.717772999999,4206.794922,4200.256348,4196.666504,4196.538574,4205.384765999999,4182.820313,4215.769043,4196.922852000001
4212.563965,4198.077147999999,4206.153809,4203.461426,4187.820313,4195.128418,4204.230957,4195.0,4187.436035,4197.94873,4207.692383,4187.563965,4218.461426,4202.436035
4219.358886999999,4212.820313,4220.256348,4211.666504,4191.153809,4183.205078,4201.666504,4207.94873,4198.461426,4202.436035,4220.256348,4195.384765999999,4224.487305,4216.794922
4222.05127,4217.307617,4223.205078,4208.846191,4185.384765999999,4180.384765999999,4187.307617,4202.692383,4202.563965,4200.384765999999,4223.205078,4198.589844,4229.487305,4221.666504
4219.743652,4207.05127,4214.230957,4202.820313,4192.820313,4196.410156,4180.0,4188.205078,4188.846191,4192.307617,4212.820313,4192.692383,4218.077147999999,4211.153809
4209.230957,4194.487305,4204.230957,4202.179688,4194.743652,4198.461426,4201.794922,4196.666504,4180.0,4179.743652,4200.512695,4185.256348,4196.025879,4197.307617
4196.282227000001,4188.846191,4196.922852000001,4199.230957,4179.615234000001,4195.641113000001,4222.94873,4211.922852000001,4190.384765999999,4176.282227000001,4193.205078,4181.410156,4194.487305,4188.974121
4191.794922,4187.05127,4191.794922,4189.615234000001,4178.077147999999,4209.230957,4219.871582,4217.05127,4211.025879,4191.922852000001,4196.794922,4180.769043,4211.538574,4189.358886999999
4194.358886999999,4186.794922,4191.282227000001,4185.512695,4188.205078,4217.563965,4215.897461,4223.461426,4220.0,4206.922852000001,4204.615234000001,4184.615234000001,4215.256348,4192.307617
4195.256348,4189.358886999999,4190.384765999999,4189.743652,4187.179688,4209.871582,4218.846191,4216.282227000001,4208.846191,4205.128418,4201.922852000001,4187.692383,4206.538574,4191.282227000001
4191.410156,4190.128418,4185.256348,4187.94873,4185.256348,4207.179688,4215.128418,4195.641113000001,4197.94873,4197.436035,4195.0,4182.05127,4202.436035,4187.307617
4188.205078,4188.589844,4182.692383,4183.333496,4194.102539,4218.333496,4212.436035,4196.922852000001,4200.128418,4195.0,4194.102539,4172.307617,4205.641113000001,4186.153809
4195.256348,4193.589844,4192.436035,4186.794922,4197.94873,4224.102539,4216.922852000001,4210.769043,4206.025879,4198.589844,4202.307617,4176.794922,4215.641113000001,4195.769043
4213.974121,4205.897461,4208.717772999999,4197.692383,4196.153809,4210.128418,4212.94873,4215.641113000001,4212.307617,4210.897461,4217.179688,4197.436035,4227.307617,4214.358886999999
4230.641113000001,4215.384765999999,4223.077147999999,4209.871582,4199.743652,4200.256348,4201.025879,4219.487305,4214.743652,4220.0,4226.025879,4209.743652,4235.128418,4228.846191
4229.358886999999,4216.410156,4224.743652,4211.282227000001,4207.05127,4209.102539,4190.0,4202.05127,4196.538574,4208.846191,4220.641113000001,4204.102539,4235.128418,4226.410156
4222.179688,4215.0,4216.922852000001,4209.358886999999,4208.333496,4202.179688,4187.436035,4179.102539,4186.153809,4200.512695,4215.384765999999,4198.461426,4230.512695,4219.102539
4222.307617,4212.94873,4213.846191,4210.769043,4196.025879,4182.436035,4203.077147999999,4196.666504,4205.897461,4212.563965,4217.94873,4199.102539,4229.230957,4218.974121
4220.0,4208.461426,4212.563965,4207.563965,4182.692383,4189.743652,4217.692383,4221.922852000001,4218.589844,4217.563965,4218.461426,4195.256348,4227.05127,4216.794922
4212.563965,4205.512695,4205.897461,4203.974121,4186.922852000001,4205.769043,4213.077147999999,4221.538574,4212.820313,4208.717772999999,4214.871582,4192.307617,4220.769043,4207.94873
4205.897461,4198.205078,4196.025879,4199.487305,4197.05127,4200.256348,4207.820313,4212.563965,4207.692383,4204.743652,4207.05127,4190.128418,4215.256348,4197.563965
4194.871582,4181.794922,4186.025879,4186.282227000001,4194.871582,4204.871582,4214.102539,4206.410156,4202.692383,4199.358886999999,4192.692383,4178.589844,4208.589844,4187.436035
4180.512695,4173.589844,4177.94873,4177.307617,4190.641113000001,4219.230957,4216.282227000001,4210.384765999999,4196.922852000001,4191.922852000001,4184.102539,4167.179688,4200.512695,4175.897461
4179.743652,4180.128418,4178.205078,4183.077147999999,4190.0,4207.05127,4215.128418,4214.102539,4198.333496,4195.641113000001,4188.333496,4171.282227000001,4201.410156,4172.692383
4189.102539,4189.487305,4185.769043,4191.538574,4192.820313,4205.0,4224.358886999999,4208.077147999999,4201.153809,4200.897461,4192.307617,4178.077147999999,4208.846191,4182.563965
4189.871582,4192.179688,4188.461426,4190.384765999999,4199.102539,4223.333496,4224.358886999999,4205.256348,4197.563965,4192.820313,4188.461426,4173.974121,4208.717772999999,4190.256348
4194.615234000001,4196.153809,4196.025879,4193.589844,4204.871582,4217.820313,4209.230957,4209.102539,4201.794922,4192.436035,4191.794922,4179.615234000001,4212.436035,4194.871582
4220.384765999999,4214.615234000001,4218.974121,4218.846191,4211.153809,4204.615234000001,4201.538574,4212.94873,4220.769043,4218.077147999999,4212.692383,4205.384765999999,4235.769043,4217.563965
4241.282227000001,4235.256348,4234.102539,4238.717772999999,4212.436035,4207.820313,4197.820313,4220.641113000001,4236.025879,4238.846191,4228.333496,4223.717772999999,4251.153809,4242.820313
4231.025879,4229.615234000001,4223.974121,4225.384765999999,4203.846191,4202.436035,4195.256348,4230.384765999999,4230.769043,4227.436035,4216.410156,4212.692383,4230.641113000001,4235.256348
4211.538574,4209.358886999999,4209.487305,4208.077147999999,4195.256348,4191.025879,4192.436035,4223.461426,4213.205078,4205.256348,4195.0,4189.487305,4206.282227000001,4215.897461
4211.282227000001,4205.769043,4206.282227000001,4212.436035,4195.384765999999,4194.871582,4188.589844,4207.94873,4205.128418,4200.384765999999,4193.205078,4185.256348,4209.487305,4216.666504
4214.743652,4205.769043,4203.846191,4209.102539,4189.743652,4198.589844,4201.282227000001,4216.410156,4211.538574,4203.461426,4196.025879,4189.743652,4211.794922,4219.615234000001
4203.205078,4189.230957,4194.871582,4191.538574,4179.102539,4198.589844,4222.94873,4227.692383,4209.102539,4192.05127,4181.666504,4177.436035,4192.563965,4208.461426
4196.794922,4180.384765999999,4190.384765999999,4187.94873,4180.128418,4208.077147999999,4230.384765999999,4211.410156,4194.358886999999,4179.871582,4172.563965,4164.230957,4181.410156,4200.641113000001
4201.282227000001,4184.871582,4188.846191,4190.128418,4185.0,4217.94873,4223.846191,4192.692383,4186.410156,4178.333496,4176.025879,4166.153809,4181.922852000001,4198.589844
4203.717772999999,4183.589844,4187.05127,4184.743652,4186.282227000001,4214.871582,4218.846191,4208.077147999999,4189.358886999999,4178.974121,4174.743652,4169.871582,4178.717772999999,4196.282227000001
4215.384765999999,4191.666504,4197.94873,4192.179688,4192.05127,4206.282227000001,4219.230957,4231.025879,4203.205078,4192.179688,4183.717772999999,4179.102539,4191.666504,4207.436035
4230.769043,4206.794922,4212.563965,4208.846191,4197.692383,4210.769043,4217.179688,4219.102539,4213.974121,4211.025879,4203.589844,4194.230957,4210.384765999999,4222.692383
4230.897461,4207.307617,4214.230957,4210.641113000001,4195.0,4222.94873,4210.384765999999,4197.307617,4208.461426,4211.282227000001,4210.128418,4195.769043,4210.0,4224.230957
4230.641113000001,4212.179688,4218.717772999999,4211.410156,4192.820313,4216.922852000001,4203.717772999999,4197.307617,4203.846191,4211.922852000001,4213.717772999999,4193.461426,4214.358886999999,4223.589844
4236.666504,4224.102539,4228.846191,4220.256348,4193.333496,4200.641113000001,4203.205078,4206.410156,4208.589844,4221.025879,4220.897461,4198.846191,4229.615234000001,4228.974121
4236.410156,4220.769043,4226.922852000001,4222.692383,4192.94873,4201.666504,4204.743652,4213.589844,4209.102539,4214.871582,4219.615234000001,4199.102539,4229.230957,4229.743652
4233.205078,4210.256348,4216.538574,4215.0,4188.333496,4204.487305,4199.358886999999,4216.794922,4205.641113000001,4203.077147999999,4216.282227000001,4197.307617,4218.077147999999,4225.641113000001
4233.333496,4211.666504,4213.333496,4210.512695,4182.820313,4190.256348,4185.0,4214.102539,4207.94873,4207.436035,4218.846191,4196.794922,4217.05127,4226.410156
4231.025879,4215.256348,4215.0,4215.769043,4183.846191,4187.692383,4180.384765999999,4214.102539,4218.333496,4216.538574,4222.179688,4190.256348,4222.05127,4227.94873
4217.307617,4201.025879,4204.230957,4209.743652,4185.641113000001,4208.205078,4193.717772999999,4214.615234000001,4222.820313,4209.487305,4211.153809,4178.846191,4214.487305,4216.538574
4200.641113000001,4183.974121,4186.794922,4191.794922,4187.179688,4218.205078,4202.05127,4206.666504,4216.410156,4192.94873,4194.230957,4170.128418,4197.307617,4199.230957
4196.538574,4185.0,4184.871582,4188.333496,4188.589844,4212.179688,4204.487305,4200.512695,4211.282227000001,4189.358886999999,4192.436035,4165.769043,4190.897461,4194.230957
4201.153809,4192.307617,4194.615234000001,4195.769043,4188.974121,4218.205078,4211.794922,4205.384765999999,4208.461426,4196.025879,4197.436035,4169.358886999999,4196.025879,4195.641113000001
4201.538574,4190.641113000001,4199.358886999999,4192.692383,4192.05127,4234.743652,4214.615234000001,4203.589844,4197.563965,4195.384765999999,4195.0,4170.512695,4196.282227000001,4192.820313
4201.922852000001,4185.641113000001,4198.461426,4185.769043,4188.974121,4232.563965,4217.307617,4195.897461,4188.205078,4190.0,4195.384765999999,4167.179688,4190.512695,4191.922852000001
4211.538574,4191.410156,4204.615234000001,4191.538574,4181.922852000001,4219.102539,4227.179688,4207.436035,4198.717772999999,4200.769043,4208.589844,4177.692383,4197.179688,4201.538574
4222.436035,4201.025879,4215.128418,4202.05127,4183.205078,4215.769043,4216.794922,4213.589844,4207.436035,4214.743652,4221.538574,4192.05127,4215.512695,4214.743652
4225.641113000001,4202.692383,4218.333496,4205.897461,4188.974121,4221.410156,4199.871582,4205.384765999999,4203.846191,4217.179688,4225.641113000001,4193.333496,4222.692383,4220.512695
4225.0,4203.461426,4218.333496,4208.333496,4197.820313,4229.871582,4208.461426,4207.692383,4210.256348,4222.94873,4230.769043,4193.333496,4221.666504,4222.563965
4222.94873,4204.358886999999,4216.025879,4208.205078,4204.230957,4229.871582,4209.102539,4205.384765999999,4217.820313,4222.307617,4228.846191,4193.717772999999,4217.692383,4220.256348
4219.358886999999,4203.461426,4212.820313,4206.410156,4200.0,4222.692383,4197.820313,4200.256348,4218.077147999999,4213.717772999999,4218.205078,4188.589844,4208.589844,4213.846191
4215.641113000001,4203.717772999999,4212.820313,4208.846191,4200.512695,4227.563965,4206.666504,4215.128418,4224.871582,4216.025879,4215.641113000001,4185.897461,4201.794922,4209.615234000001
4212.179688,4202.94873,4212.307617,4208.589844,4211.025879,4239.230957,4214.102539,4224.102539,4230.256348,4217.436035,4217.307617,4185.897461,4199.487305,4205.0
4209.743652,4199.102539,4208.974121,4204.102539,4206.153809,4233.461426,4214.615234000001,4219.358886999999,4225.512695,4210.641113000001,4212.94873,4185.256348,4197.436035,4201.538574
4205.769043,4193.846191,4204.615234000001,4198.846191,4189.230957,4215.128418,4219.102539,4232.05127,4223.205078,4204.615234000001,4204.871582,4185.641113000001,4189.615234000001,4198.846191
4197.179688,4187.436035,4201.025879,4194.615234000001,4190.641113000001,4215.0,4218.589844,4232.05127,4215.641113000001,4194.615234000001,4195.641113000001,4179.615234000001,4179.743652,4191.666504
4192.820313,4185.512695,4202.179688,4196.282227000001,4197.436035,4231.794922,4223.846191,4208.717772999999,4201.538574,4186.025879,4191.794922,4174.615234000001,4181.794922,4186.666504
4200.512695,4193.077147999999,4207.563965,4203.589844,4192.307617,4233.846191,4228.333496,4203.333496,4199.230957,4194.487305,4199.871582,4184.358886999999,4193.461426,4194.743652
4210.384765999999,4195.897461,4210.769043,4202.563965,4192.05127,4220.256348,4214.230957,4209.230957,4198.846191,4202.179688,4206.922852000001,4193.717772999999,4199.230957,4204.615234000001
4207.94873,4188.205078,4210.769043,4191.282227000001,4197.692383,4216.025879,4206.794922,4203.846191,4191.153809,4194.358886999999,4201.538574,4188.333496,4198.077147999999,4201.282227000001
4203.846191,4190.769043,4211.153809,4191.666504,4194.871582,4222.307617,4212.94873,4192.563965,4192.692383,4193.717772999999,4199.358886999999,4184.487305,4198.205078,4197.692383
4210.256348,4202.05127,4211.666504,4203.077147999999,4194.230957,4224.743652,4209.871582,4179.743652,4198.205078,4205.641113000001,4205.128418,4190.641113000001,4198.974121,4202.692383
4210.769043,4196.025879,4209.487305,4200.897461,4196.153809,4215.384765999999,4200.512695,4172.563965,4190.897461,4202.436035,4203.461426,4191.666504,4193.974121,4202.820313
4207.563965,4188.333496,4211.922852000001,4196.538574,4194.358886999999,4207.436035,4196.282227000001,4185.641113000001,4193.077147999999,4192.820313,4199.743652,4189.871582,4191.666504,4201.666504
4209.615234000001,4195.897461,4215.641113000001,4202.563965,4196.282227000001,4211.666504,4196.153809,4197.820313,4202.94873,4193.846191,4202.307617,4191.025879,4193.333496,4207.436035
4204.743652,4196.538574,4210.897461,4203.333496,4196.794922,4210.256348,4198.974121,4192.436035,4195.897461,4189.487305,4199.358886999999,4187.820313,4190.0,4206.666504
4204.487305,4194.871582,4211.282227000001,4204.358886999999,4197.563965,4204.871582,4199.487305,4201.666504,4198.205078,4190.0,4200.897461,4187.94873,4192.179688,4203.717772999999
4214.871582,4200.384765999999,4217.692383,4210.128418,4202.692383,4211.153809,4204.230957,4219.487305,4213.974121,4205.256348,4211.025879,4196.153809,4199.615234000001,4207.820313
4215.897461,4200.384765999999,4214.615234000001,4209.102539,4202.563965,4213.205078,4216.794922,4224.487305,4215.897461,4213.589844,4214.358886999999,4200.256348,4202.563965,4207.692383
4206.666504,4194.487305,4207.179688,4203.974121,4196.282227000001,4207.820313,4215.512695,4224.102539,4213.333496,4208.077147999999,4212.692383,4196.282227000001,4203.205078,4205.384765999999
4199.230957,4186.410156,4200.128418,4196.025879,4188.974121,4214.871582,4207.692383,4218.205078,4208.717772999999,4199.102539,4207.307617,4189.615234000001,4197.307617,4200.512695
4195.128418,4181.025879,4193.589844,4191.538574,4191.794922,4224.358886999999,4215.897461,4211.410156,4197.94873,4195.256348,4200.384765999999,4185.384765999999,4185.641113000001,4191.153809
4194.230957,4186.282227000001,4193.205078,4197.94873,4204.230957,4215.641113000001,4215.128418,4210.0,4197.563965,4197.179688,4202.307617,4186.666504,4187.05127,4188.717772999999
4200.256348,4195.769043,4200.128418,4203.333496,4210.128418,4211.025879,4201.282227000001,4204.487305,4202.820313,4201.538574,4210.897461,4191.282227000001,4200.512695,4197.307617
4205.641113000001,4198.205078,4206.025879,4200.512695,4206.025879,4218.846191,4201.666504,4195.769043,4195.897461,4200.0,4212.563965,4193.974121,4201.025879,4203.461426
4205.0,4198.333496,4207.179688,4202.563965,4205.641113000001,4216.922852000001,4203.205078,4187.94873,4188.974121,4195.256348,4208.846191,4191.538574,4190.641113000001,4199.487305
4206.153809,4202.05127,4211.410156,4210.128418,4213.717772999999,4213.205078,4199.230957,4188.077147999999,4196.153809,4196.666504,4210.256348,4190.769043,4193.846191,4200.769043
4213.461426,4204.743652,4218.717772999999,4211.282227000001,4213.077147999999,4211.922852000001,4205.256348,4205.384765999999,4207.179688,4204.358886999999,4215.128418,4196.922852000001,4206.922852000001,4209.871582
4219.615234000001,4203.205078,4219.102539,4211.282227000001,4207.94873,4205.384765999999,4208.333496,4222.307617,4214.230957,4208.461426,4217.05127,4198.846191,4210.256348,4214.230957
4215.128418,4199.743652,4210.384765999999,4212.94873,4208.333496,4198.974121,4196.794922,4217.436035,4217.563965,4205.897461,4214.358886999999,4191.153809,4203.717772999999,4209.358886999999
4205.897461,4194.615234000001,4204.615234000001,4208.717772999999,4203.077147999999,4194.487305,4193.461426,4215.0,4217.05127,4200.769043,4209.102539,4187.307617,4198.589844,4201.794922
4198.205078,4188.974121,4204.871582,4201.794922,4199.743652,4202.179688,4208.461426,4232.307617,4214.487305,4192.563965,4202.436035,4188.077147999999,4192.05127,4196.922852000001
4192.692383,4181.922852000001,4198.589844,4197.563965,4203.846191,4215.769043,4212.820313,4232.05127,4207.94873,4186.282227000001,4195.128418,4182.05127,4180.512695,4191.922852000001
4193.077147999999,4181.282227000001,4193.846191,4197.692383,4204.743652,4212.94873,4209.358886999999,4210.641113000001,4204.615234000001,4187.692383,4193.205078,4181.025879,4180.512695,4191.153809
4195.512695,4190.769043,4199.871582,4199.743652,4200.769043,4211.922852000001,4223.461426,4207.05127,4208.205078,4194.102539,4198.846191,4190.128418,4192.05127,4194.743652
4191.282227000001,4191.025879,4196.025879,4194.871582,4200.897461,4225.0,4231.153809,4210.128418,4202.307617,4187.820313,4193.974121,4187.179688,4184.102539,4190.0
4187.436035,4183.333496,4187.94873,4189.487305,4207.94873,4231.666504,4218.461426,4208.846191,4197.94873,4180.897461,4184.358886999999,4178.717772999999,4168.333496,4183.717772999999
4193.846191,4185.769043,4196.922852000001,4196.025879,4213.461426,4228.846191,4217.692383,4221.666504,4212.436035,4196.922852000001,4192.820313,4183.717772999999,4180.769043,4191.153809
4201.922852000001,4196.666504,4210.256348,4203.717772999999,4209.487305,4223.846191,4220.128418,4214.871582,4218.589844,4216.025879,4208.077147999999,4191.538574,4203.589844,4204.358886999999
4210.384765999999,4206.794922,4216.410156,4207.307617,4208.589844,4213.461426,4197.436035,4191.666504,4212.436035,4219.743652,4213.589844,4198.589844,4208.974121,4214.743652
4223.333496,4215.897461,4226.282227000001,4216.538574,4222.436035,4205.512695,4184.743652,4206.538574,4219.871582,4220.641113000001,4218.589844,4213.077147999999,4211.666504,4225.641113000001
4227.820313,4218.461426,4230.769043,4221.794922,4224.102539,4207.179688,4197.563965,4228.974121,4229.871582,4224.615234000001,4224.871582,4216.922852000001,4219.230957,4227.820313
4216.922852000001,4208.717772999999,4219.871582,4212.436035,4205.769043,4204.487305,4195.384765999999,4220.256348,4224.102539,4218.974121,4219.487305,4203.717772999999,4213.205078,4217.436035
4204.615234000001,4196.794922,4206.153809,4202.563965,4198.461426,4198.205078,4183.077147999999,4212.94873,4214.102539,4206.153809,4207.307617,4193.846191,4195.0,4207.05127
4199.743652,4188.717772999999,4198.846191,4200.641113000001,4208.717772999999,4202.179688,4193.589844,4220.641113000001,4213.974121,4200.128418,4202.179688,4191.153809,4187.94873,4198.974121
4193.589844,4182.692383,4194.871582,4195.384765999999,4211.153809,4211.922852000001,4213.717772999999,4223.077147999999,4216.153809,4200.0,4198.461426,4186.025879,4192.692383,4192.692383
4182.563965,4176.666504,4188.974121,4184.102539,4203.974121,4213.717772999999,4216.922852000001,4219.230957,4211.538574,4195.897461,4191.794922,4176.922852000001,4193.333496,4188.461426
4178.717772999999,4173.205078,4185.256348,4180.0,4201.282227000001,4211.794922,4216.794922,4218.333496,4206.410156,4187.692383,4188.461426,4167.820313,4189.358886999999,4183.077147999999
4186.153809,4174.102539,4190.128418,4185.128418,4206.666504,4217.179688,4226.666504,4219.358886999999,4203.974121,4189.743652,4190.641113000001,4168.077147999999,4190.769043,4183.717772999999
4193.461426,4179.230957,4196.153809,4191.025879,4212.05127,4216.025879,4230.128418,4211.538574,4202.820313,4198.846191,4197.563965,4180.0,4195.641113000001,4195.769043
4192.94873,4187.179688,4198.333496,4194.230957,4209.871582,4209.871582,4223.333496,4193.077147999999,4203.974121,4202.692383,4205.641113000001,4190.384765999999,4196.538574,4207.94873
4195.641113000001,4195.769043,4205.0,4200.641113000001,4213.461426,4215.384765999999,4212.94873,4196.410156,4209.487305,4205.512695,4210.0,4193.461426,4201.666504,4211.794922
4206.922852000001,4202.436035,4214.487305,4208.846191,4224.615234000001,4212.820313,4200.256348,4215.769043,4213.589844,4211.410156,4210.641113000001,4196.153809,4208.717772999999,4213.077147999999
4209.358886999999,4202.05127,4215.769043,4210.897461,4219.871582,4193.461426,4194.871582,4212.179688,4214.615234000001,4213.333496,4206.666504,4194.615234000001,4202.307617,4212.436035
4202.692383,4200.641113000001,4212.179688,4211.666504,4214.743652,4194.487305,4198.077147999999,4193.846191,4215.641113000001,4212.05127,4199.743652,4189.615234000001,4196.282227000001,4207.692383
4202.563965,4201.794922,4207.692383,4209.743652,4223.333496,4207.307617,4191.794922,4194.615234000001,4216.153809,4210.0,4197.179688,4192.307617,4203.333496,4205.897461
4210.897461,4198.846191,4205.0,4205.128418,4218.974121,4196.794922,4189.743652,4212.307617,4221.282227000001,4207.436035,4200.384765999999,4198.461426,4207.820313,4209.487305
4214.871582,4197.179688,4208.205078,4207.05127,4209.487305,4191.282227000001,4207.05127,4221.282227000001,4227.820313,4211.666504,4200.512695,4195.769043,4204.615234000001,4211.025879
4205.128418,4195.641113000001,4204.230957,4205.384765999999,4211.282227000001,4202.179688,4211.410156,4215.897461,4222.307617,4210.256348,4190.512695,4189.230957,4196.922852000001,4202.436035
4189.743652,4184.615234000001,4189.743652,4193.461426,4209.487305,4207.307617,4206.153809,4213.205078,4213.589844,4196.794922,4180.897461,4186.025879,4190.769043,4192.436035
4181.153809,4172.820313,4180.769043,4182.94873,4203.846191,4207.94873,4210.128418,4214.743652,4213.461426,4191.282227000001,4177.179688,4182.820313,4190.256348,4190.384765999999
4182.179688,4171.794922,4180.769043,4179.615234000001,4198.077147999999,4207.94873,4210.256348,4213.077147999999,4211.282227000001,4192.820313,4172.436035,4180.0,4184.615234000001,4191.794922
4190.641113000001,4178.846191,4184.615234000001,4181.794922,4194.871582,4212.94873,4219.102539,4211.794922,4206.538574,4189.487305,4172.05127,4183.461426,4178.461426,4196.538574
4196.153809,4179.230957,4187.436035,4185.384765999999,4200.128418,4223.589844,4228.717772999999,4208.333496,4201.153809,4184.871582,4176.666504,4183.333496,4181.410156,4200.384765999999
4193.333496,4173.589844,4185.384765999999,4183.077147999999,4204.871582,4223.077147999999,4209.615234000001,4196.282227000001,4190.769043,4182.179688,4174.743652,4175.0,4182.307617,4198.461426
4201.025879,4182.307617,4191.025879,4188.717772999999,4208.461426,4210.128418,4190.384765999999,4194.487305,4196.538574,4191.410156,4181.794922,4177.692383,4190.256348,4206.410156
4227.179688,4204.743652,4210.641113000001,4208.205078,4214.743652,4204.743652,4198.205078,4217.94873,4222.820313,4216.666504,4210.384765999999,4198.461426,4217.94873,4227.563965
4238.461426,4212.436035,4221.410156,4213.717772999999,4208.333496,4208.205078,4211.794922,4246.282227000001,4237.307617,4230.384765999999,4225.512695,4207.820313,4230.256348,4233.589844
4221.666504,4197.05127,4208.461426,4198.077147999999,4191.794922,4201.666504,4215.512695,4244.743652,4228.077147999999,4216.282227000001,4209.615234000001,4194.743652,4210.769043,4218.846191
4212.05127,4187.820313,4196.538574,4191.282227000001,4192.94873,4194.743652,4217.05127,4228.205078,4221.794922,4206.922852000001,4200.256348,4187.692383,4201.538574,4212.94873
4221.794922,4199.102539,4203.974121,4202.179688,4202.307617,4206.666504,4222.692383,4230.641113000001,4227.94873,4216.922852000001,4208.589844,4194.487305,4209.871582,4217.179688
4223.717772999999,4203.846191,4211.025879,4206.153809,4198.846191,4217.179688,4228.077147999999,4237.436035,4228.589844,4218.333496,4208.205078,4199.487305,4205.897461,4213.589844
4215.128418,4193.589844,4206.922852000001,4198.461426,4197.820313,4212.307617,4226.538574,4226.025879,4216.922852000001,4206.153809,4200.256348,4197.436035,4200.384765999999,4208.974121
4215.128418,4188.461426,4206.282227000001,4195.384765999999,4200.641113000001,4208.974121,4218.461426,4218.333496,4206.666504,4196.922852000001,4200.256348,4196.410156,4205.897461,4210.256348
4218.333496,4191.922852000001,4207.436035,4196.025879,4195.0,4208.589844,4209.871582,4226.538574,4201.794922,4191.794922,4199.871582,4198.461426,4201.666504,4208.589844
4211.282227000001,4190.512695,4202.307617,4193.333496,4191.153809,4206.025879,4204.102539,4220.0,4191.666504,4184.871582,4194.871582,4196.922852000001,4190.897461,4203.205078
4205.256348,4183.589844,4196.922852000001,4187.692383,4191.666504,4200.512695,4193.205078,4193.205078,4178.205078,4176.922852000001,4192.692383,4193.717772999999,4190.256348,4201.410156
4208.077147999999,4184.487305,4199.358886999999,4188.974121,4190.0,4193.205078,4191.922852000001,4181.922852000001,4181.794922,4179.102539,4197.179688,4198.461426,4194.358886999999,4206.410156
4212.563965,4191.410156,4204.230957,4195.128418,4190.897461,4193.461426,4206.282227000001,4193.461426,4196.666504,4191.025879,4204.358886999999,4204.230957,4202.820313,4212.436035
4213.974121,4195.769043,4205.897461,4195.512695,4195.769043,4200.0,4205.641113000001,4208.846191,4208.717772999999,4202.307617,4209.102539,4204.102539,4213.846191,4213.846191
4211.025879,4193.461426,4204.230957,4192.820313,4199.743652,4203.205078,4200.384765999999,4225.769043,4224.358886999999,4210.256348,4211.922852000001,4203.077147999999,4212.94873,4213.205078
4204.871582,4185.128418,4196.922852000001,4188.846191,4200.128418,4205.641113000001,4212.692383,4231.025879,4229.230957,4210.512695,4207.820313,4196.666504,4200.0,4211.025879
4203.333496,4184.102539,4192.307617,4185.256348,4200.384765999999,4212.692383,4219.743652,4227.563965,4220.897461,4206.922852000001,4203.589844,4188.717772999999,4193.077147999999,4203.974121
4205.512695,4192.179688,4198.846191,4185.897461,4200.512695,4213.077147999999,4208.077147999999,4230.897461,4221.025879,4209.743652,4207.307617,4189.871582,4200.384765999999,4201.282227000001
4201.794922,4193.077147999999,4202.436035,4185.512695,4199.487305,4206.794922,4199.358886999999,4220.128418,4215.128418,4207.94873,4207.692383,4190.256348,4204.615234000001,4205.128418
4202.436035,4191.538574,4202.05127,4189.487305,4202.436035,4205.769043,4207.94873,4205.128418,4199.871582,4200.256348,4205.641113000001,4193.205078,4203.846191,4210.384765999999
4215.0,4200.769043,4212.692383,4200.769043,4200.512695,4203.333496,4221.282227000001,4215.641113000001,4199.743652,4202.692383,4211.410156,4203.717772999999,4205.128418,4218.717772999999
4221.922852000001,4205.384765999999,4221.410156,4202.820313,4196.794922,4195.384765999999,4217.307617,4225.128418,4201.794922,4203.461426,4214.871582,4207.94873,4205.256348,4222.820313
4220.512695,4205.128418,4217.05127,4200.0,4202.05127,4182.179688,4192.563965,4210.897461,4194.615234000001,4197.05127,4214.615234000001,4207.94873,4206.794922,4221.153809
4223.974121,4207.436035,4215.769043,4202.563965,4204.487305,4182.179688,4186.538574,4199.871582,4196.153809,4201.025879,4221.025879,4215.256348,4211.410156,4224.743652
4223.077147999999,4197.05127,4216.410156,4197.179688,4195.384765999999,4201.153809,4209.230957,4222.179688,4206.794922,4202.94873,4220.0,4214.743652,4207.820313,4224.102539
4203.974121,4176.666504,4199.615234000001,4179.358886999999,4185.128418,4201.666504,4218.974121,4242.307617,4209.743652,4190.128418,4202.179688,4196.282227000001,4191.922852000001,4207.436035
4192.436035,4173.974121,4183.077147999999,4168.333496,4184.230957,4185.769043,4210.0,4222.179688,4211.410156,4191.666504,4194.487305,4184.487305,4187.820313,4195.256348
4194.230957,4180.641113000001,4184.487305,4170.641113000001,4191.153809,4199.487305,4208.077147999999,4204.615234000001,4220.0,4211.794922,4203.077147999999,4187.820313,4198.974121,4198.333496
4180.769043,4166.410156,4180.384765999999,4168.077147999999,4197.179688,4227.692383,4216.282227000001,4217.436035,4218.974121,4209.871582,4196.282227000001,4182.307617,4194.102539,4190.897461
4168.846191,4158.589844,4171.282227000001,4164.871582,4197.179688,4225.641113000001,4225.512695,4217.307617,4206.666504,4193.461426,4180.769043,4169.358886999999,4181.666504,4180.384765999999
4178.461426,4174.871582,4174.743652,4170.128418,4200.0,4209.615234000001,4218.974121,4197.05127,4193.717772999999,4187.563965,4182.179688,4168.333496,4181.794922,4184.871582
4192.94873,4189.487305,4188.205078,4182.563965,4206.794922,4204.230957,4201.153809,4206.025879,4193.333496,4188.205078,4192.307617,4179.615234000001,4186.282227000001,4195.0
4211.538574,4202.179688,4208.077147999999,4200.641113000001,4202.05127,4201.410156,4207.692383,4236.666504,4210.769043,4201.282227000001,4207.692383,4198.333496,4199.102539,4211.666504
4231.025879,4216.922852000001,4223.205078,4212.94873,4190.0,4192.307617,4221.922852000001,4233.205078,4213.333496,4210.0,4219.230957,4212.563965,4215.384765999999,4228.589844
4236.025879,4220.897461,4226.025879,4215.384765999999,4192.820313,4186.410156,4208.974121,4202.820313,4191.794922,4198.974121,4215.0,4209.743652,4218.589844,4230.384765999999
4233.333496,4217.94873,4227.436035,4214.615234000001,4202.436035,4191.538574,4196.025879,4190.0,4184.871582,4196.153809,4213.077147999999,4207.563965,4216.282227000001,4224.487305
4231.153809,4214.743652,4223.846191,4211.025879,4198.205078,4189.102539,4204.358886999999,4208.077147999999,4196.666504,4200.641113000001,4218.077147999999,4211.025879,4214.102539,4222.436035
4218.974121,4202.179688,4205.641113000001,4198.333496,4191.666504,4187.05127,4213.205078,4216.025879,4190.512695,4185.641113000001,4203.461426,4195.512695,4200.384765999999,4212.307617
4204.743652,4187.307617,4190.897461,4183.974121,4194.358886999999,4201.282227000001,4211.153809,4211.282227000001,4186.282227000001,4176.410156,4186.153809,4177.692383,4190.641113000001,4196.794922
4205.128418,4184.102539,4191.922852000001,4179.615234000001,4198.461426,4213.333496,4205.641113000001,4220.256348,4206.922852000001,4193.461426,4195.769043,4184.230957,4198.333496,4193.717772999999
4203.974121,4187.179688,4191.538574,4177.94873,4202.436035,4212.563965,4199.102539,4217.563965,4211.025879,4198.461426,4200.512695,4187.307617,4193.974121,4190.256348
4191.666504,4185.641113000001,4181.666504,4175.897461,4203.077147999999,4206.410156,4201.153809,4199.230957,4193.846191,4184.487305,4186.282227000001,4175.641113000001,4176.538574,4180.0
4190.641113000001,4188.205078,4183.717772999999,4181.794922,4199.487305,4203.589844,4216.922852000001,4203.974121,4195.897461,4187.436035,4186.410156,4177.05127,4178.205078,4184.358886999999
4203.077147999999,4199.358886999999,4200.0,4191.538574,4194.487305,4201.025879,4222.94873,4221.666504,4203.589844,4201.282227000001,4200.384765999999,4188.589844,4192.436035,4197.692383
4208.461426,4209.743652,4207.436035,4194.358886999999,4190.897461,4193.717772999999,4209.102539,4219.358886999999,4194.102539,4198.461426,4207.94873,4194.487305,4195.641113000001,4201.282227000001
4214.102539,4215.128418,4209.487305,4200.0,4194.615234000001,4186.282227000001,4196.282227000001,4207.94873,4185.384765999999,4192.820313,4210.897461,4200.128418,4197.563965,4205.0
4227.436035,4218.333496,4219.102539,4210.641113000001,4198.589844,4181.922852000001,4194.230957,4204.871582,4183.717772999999,4197.692383,4215.128418,4209.615234000001,4208.205078,4216.666504
4235.769043,4224.487305,4230.256348,4216.666504,4202.820313,4183.846191,4188.333496,4209.230957,4188.077147999999,4206.410156,4225.641113000001,4218.461426,4216.282227000001,4225.128418
4232.307617,4223.205078,4227.820313,4213.717772999999,4206.410156,4184.743652,4179.743652,4209.230957,4193.461426,4208.846191,4233.589844,4217.179688,4213.333496,4221.282227000001
4225.256348,4211.282227000001,4218.717772999999,4206.025879,4197.692383,4175.641113000001,4185.769043,4209.615234000001,4194.102539,4203.974121,4222.563965,4207.307617,4202.179688,4211.922852000001
4223.077147999999,4205.897461,4215.512695,4202.307617,4187.307617,4168.974121,4202.94873,4221.025879,4197.820313,4201.794922,4213.077147999999,4202.692383,4194.487305,4208.205078
4216.282227000001,4203.461426,4209.615234000001,4196.538574,4186.282227000001,4180.641113000001,4209.358886999999,4216.538574,4195.897461,4197.307617,4212.05127,4201.025879,4192.179688,4204.871582
4198.846191,4189.230957,4196.282227000001,4182.563965,4185.769043,4191.922852000001,4205.128418,4197.563965,4184.615234000001,4186.538574,4198.077147999999,4187.307617,4188.717772999999,4194.102539
4184.615234000001,4176.794922,4182.563965,4174.230957,4183.589844,4189.358886999999,4197.563965,4197.563965,4183.205078,4180.769043,4184.230957,4170.512695,4184.743652,4182.820313
4184.102539,4182.820313,4179.871582,4179.102539,4189.102539,4199.358886999999,4193.846191,4210.512695,4196.666504,4187.436035,4190.384765999999,4171.410156,4183.589844,4180.256348
4191.282227000001,4194.358886999999,4188.589844,4184.230957,4196.025879,4211.538574,4203.077147999999,4221.410156,4210.769043,4202.692383,4202.820313,4182.307617,4192.692383,4189.615234000001
4193.974121,4197.94873,4192.307617,4182.05127,4194.358886999999,4199.743652,4206.666504,4224.230957,4210.384765999999,4209.615234000001,4202.307617,4183.589844,4200.512695,4194.230957
4187.692383,4192.820313,4184.743652,4179.487305,4188.974121,4195.256348,4206.794922,4220.897461,4201.922852000001,4196.666504,4191.410156,4173.333496,4190.512695,4181.153809
4185.384765999999,4190.0,4182.436035,4180.256348,4190.384765999999,4208.461426,4211.794922,4225.128418,4203.846191,4187.563965,4187.307617,4171.410156,4186.282227000001,4177.692383
4201.025879,4202.692383,4194.615234000001,4191.410156,4201.410156,4205.512695,4198.846191,4215.769043,4204.487305,4199.871582,4199.230957,4186.410156,4203.717772999999,4195.512695
4217.179688,4218.589844,4206.794922,4208.461426,4215.384765999999,4193.333496,4181.153809,4187.820313,4190.512695,4206.538574,4211.666504,4194.871582,4212.05127,4207.307617
4216.794922,4220.384765999999,4211.666504,4211.538574,4212.94873,4185.256348,4184.615234000001,4184.358886999999,4180.128418,4194.102539,4209.102539,4191.922852000001,4202.179688,4207.563965
4215.0,4220.384765999999,4211.922852000001,4209.743652,4202.94873,4178.077147999999,4184.487305,4192.692383,4184.230957,4195.128418,4209.487305,4196.794922,4208.717772999999,4212.94873
4218.205078,4224.615234000001,4208.589844,4215.897461,4211.153809,4181.025879,4175.0,4183.205078,4192.179688,4211.410156,4220.641113000001,4202.307617,4224.230957,4221.153809
4205.0,4209.487305,4198.846191,4205.769043,4207.692383,4184.102539,4194.102539,4185.256348,4191.025879,4203.974121,4214.615234000001,4190.769043,4214.358886999999,4211.922852000001
4186.025879,4190.256348,4189.871582,4186.153809,4186.666504,4181.153809,4212.563965,4207.692383,4188.461426,4187.820313,4196.410156,4181.538574,4199.487305,4192.94873
4186.153809,4188.846191,4188.974121,4184.487305,4187.05127,4187.692383,4198.461426,4223.846191,4196.282227000001,4191.794922,4191.666504,4184.871582,4192.563965,4186.794922
4195.641113000001,4189.487305,4193.717772999999,4189.615234000001,4195.0,4195.128418,4188.974121,4226.922852000001,4203.846191,4199.230957,4195.256348,4185.897461,4187.05127,4194.358886999999
4195.128418,4185.641113000001,4197.436035,4187.436035,4188.846191,4191.538574,4199.358886999999,4221.538574,4199.615234000001,4192.179688,4191.410156,4184.102539,4189.230957,4193.846191
4187.820313,4187.692383,4195.641113000001,4185.512695,4195.0,4194.871582,4206.410156,4215.128418,4195.384765999999,4185.128418,4186.153809,4183.461426,4198.205078,4184.487305
4192.05127,4202.05127,4198.333496,4193.589844,4211.282227000001,4204.230957,4203.333496,4211.922852000001,4197.820313,4193.589844,4192.436035,4186.410156,4206.153809,4189.615234000001
4200.512695,4208.846191,4204.230957,4202.820313,4207.820313,4203.846191,4203.205078,4203.846191,4194.102539,4199.871582,4196.922852000001,4188.974121,4205.256348,4196.666504
4195.512695,4197.179688,4200.128418,4199.102539,4204.615234000001,4201.410156,4196.666504,4180.256348,4172.94873,4183.974121,4183.461426,4182.94873,4190.256348,4188.077147999999
4193.205078,4198.974121,4200.128418,4197.307617,4212.179688,4193.717772999999,4185.0,4171.025879,4165.384765999999,4175.897461,4178.461426,4183.205078,4185.512695,4188.717772999999
4205.256348,4216.282227000001,4213.589844,4208.846191,4208.717772999999,4183.846191,4191.410156,4199.487305,4190.256348,4197.436035,4197.307617,4196.666504,4205.897461,4207.307617
4210.0,4216.794922,4216.794922,4214.358886999999,4205.128418,4185.128418,4195.512695,4207.820313,4199.102539,4207.05127,4206.794922,4201.282227000001,4215.769043,4213.846191
4201.666504,4207.307617,4208.461426,4208.461426,4211.410156,4187.692383,4182.05127,4185.384765999999,4182.692383,4191.025879,4194.230957,4191.666504,4202.563965,4202.307617
4199.871582,4209.358886999999,4209.102539,4207.307617,4211.025879,4180.512695,4182.820313,4190.384765999999,4184.230957,4186.538574,4187.179688,4186.922852000001,4196.025879,4199.743652
4203.077147999999,4208.333496,4211.025879,4208.333496,4206.025879,4175.769043,4198.461426,4209.871582,4196.410156,4193.461426,4190.897461,4190.256348,4200.256348,4204.230957
4199.358886999999,4201.025879,4200.897461,4200.641113000001,4205.256348,4174.615234000001,4191.282227000001,4194.358886999999,4187.692383,4186.025879,4184.102539,4188.717772999999,4196.025879,4198.717772999999
4187.307617,4196.410156,4191.666504,4192.179688,4199.871582,4177.179688,4182.436035,4178.333496,4178.205078,4175.256348,4169.743652,4181.282227000001,4182.94873,4191.666504
4177.692383,4187.436035,4188.974121,4188.461426,4195.897461,4193.077147999999,4200.641113000001,4198.077147999999,4185.769043,4180.384765999999,4167.05127,4177.820313,4181.666504,4193.974121
4180.384765999999,4179.358886999999,4185.128418,4183.589844,4195.384765999999,4201.666504,4213.461426,4215.897461,4194.871582,4190.384765999999,4174.230957,4181.794922,4191.666504,4197.692383
4185.128418,4177.179688,4182.820313,4178.205078,4191.025879,4195.256348,4212.563965,4210.128418,4198.846191,4196.282227000001,4178.333496,4181.794922,4194.358886999999,4198.589844
4185.897461,4173.717772999999,4186.025879,4177.436035,4190.512695,4194.615234000001,4213.846191,4198.974121,4196.282227000001,4198.974121,4182.820313,4178.333496,4196.922852000001,4201.153809
4200.256348,4178.077147999999,4197.05127,4186.282227000001,4196.153809,4198.846191,4216.666504,4206.538574,4200.128418,4208.077147999999,4200.0,4187.179688,4222.05127,4213.974121
4216.410156,4188.589844,4206.922852000001,4196.666504,4194.230957,4195.384765999999,4222.692383,4224.743652,4212.692383,4220.384765999999,4214.487305,4194.487305,4244.230957,4228.846191
4214.230957,4188.717772999999,4205.256348,4195.897461,4185.897461,4191.666504,4223.461426,4217.94873,4208.846191,4216.153809,4208.205078,4183.846191,4234.358886999999,4227.05127
4216.666504,4189.743652,4206.666504,4196.025879,4188.461426,4195.641113000001,4206.153809,4192.179688,4196.025879,4210.512695,4203.205078,4180.512695,4226.794922,4224.230957
4231.922852000001,4199.102539,4217.05127,4204.358886999999,4197.05127,4193.974121,4190.128418,4192.307617,4203.461426,4218.589844,4215.0,4197.05127,4236.153809,4235.256348
4228.974121,4198.077147999999,4219.615234000001,4202.179688,4197.05127,4183.333496,4185.256348,4212.94873,4210.256348,4216.153809,4219.615234000001,4203.205078,4234.102539,4236.666504
4217.05127,4191.538574,4213.077147999999,4193.974121,4190.128418,4176.025879,4184.487305,4205.769043,4195.128418,4204.358886999999,4211.410156,4190.769043,4221.538574,4226.666504
4215.897461,4186.410156,4208.205078,4190.0,4177.692383,4171.410156,4185.0,4187.05127,4182.563965,4197.436035,4204.230957,4184.743652,4211.025879,4223.846191
4210.897461,4178.333496,4202.563965,4182.05127,4170.897461,4172.05127,4186.410156,4194.615234000001,4182.820313,4188.589844,4200.0,4186.666504,4205.128418,4218.717772999999
4201.153809,4173.333496,4196.153809,4176.025879,4175.384765999999,4182.94873,4194.358886999999,4199.487305,4182.563965,4187.692383,4201.922852000001,4184.102539,4207.307617,4210.384765999999
4204.358886999999,4176.666504,4197.94873,4181.794922,4178.846191,4191.025879,4212.94873,4202.94873,4195.512695,4206.666504,4211.025879,4183.205078,4218.205078,4216.410156
4215.512695,4185.512695,4204.615234000001,4189.743652,4184.743652,4194.102539,4226.025879,4232.563965,4225.897461,4226.922852000001,4222.820313,4189.102539,4233.205078,4229.102539
4212.692383,4183.974121,4197.563965,4184.871582,4191.153809,4196.666504,4216.153809,4227.307617,4223.974121,4223.717772999999,4221.282227000001,4189.743652,4236.153809,4226.538574
4202.307617,4174.102539,4184.615234000001,4175.897461,4189.102539,4197.307617,4205.897461,4186.282227000001,4198.333496,4210.512695,4210.512695,4187.179688,4226.794922,4217.179688
4203.205078,4174.743652,4187.307617,4177.179688,4187.179688,4198.589844,4208.077147999999,4190.769043,4202.179688,4210.0,4213.077147999999,4186.666504,4225.769043,4216.666504
4209.487305,4177.307617,4196.538574,4180.897461,4192.94873,4197.436035,4209.487305,4227.05127,4218.974121,4215.128418,4222.563965,4184.871582,4232.307617,4217.692383
4215.0,4176.794922,4205.128418,4181.538574,4199.615234000001,4198.205078,4213.461426,4234.743652,4216.282227000001,4218.205078,4225.0,4188.846191,4232.179688,4219.102539
4222.820313,4185.512695,4215.0,4187.820313,4198.974121,4201.025879,4212.692383,4219.487305,4201.794922,4212.179688,4224.102539,4198.333496,4226.666504,4228.974121
4233.205078,4199.102539,4225.256348,4202.307617,4199.102539,4190.512695,4194.743652,4213.974121,4196.794922,4206.025879,4230.769043,4202.692383,4233.717772999999,4242.94873
4244.102539,4205.897461,4237.307617,4211.922852000001,4200.0,4169.358886999999,4177.436035,4216.538574,4204.615234000001,4214.615234000001,4242.179688,4208.589844,4252.692383,4253.461426
4251.410156,4211.922852000001,4246.025879,4214.358886999999,4199.230957,4161.282227000001,4173.077147999999,4206.153809,4205.512695,4222.179688,4246.666504,4216.282227000001,4258.077147999999,4256.153809
4245.128418,4211.794922,4240.769043,4215.128418,4198.717772999999,4167.563965,4170.769043,4189.230957,4191.410156,4213.461426,4240.769043,4210.512695,4243.333496,4249.102539
4225.641113000001,4193.461426,4224.871582,4207.436035,4193.333496,4171.153809,4180.0,4193.974121,4188.077147999999,4202.94873,4230.256348,4196.410156,4228.589844,4236.282227000001
4209.615234000001,4177.307617,4211.922852000001,4190.512695,4186.282227000001,4177.820313,4206.410156,4205.769043,4196.410156,4202.307617,4220.512695,4189.743652,4220.256348,4222.563965
4202.692383,4178.333496,4202.563965,4178.333496,4187.307617,4187.692383,4216.666504,4200.512695,4198.205078,4202.179688,4213.846191,4188.974121,4215.641113000001,4213.846191
4192.820313,4172.179688,4189.102539,4171.922852000001,4190.0,4190.641113000001,4208.461426,4202.94873,4201.282227000001,4198.077147999999,4206.282227000001,4180.897461,4209.230957,4205.769043
4180.641113000001,4156.025879,4173.846191,4165.512695,4192.563965,4201.410156,4220.128418,4221.025879,4205.512695,4192.692383,4195.384765999999,4168.077147999999,4197.563965,4191.025879
4185.384765999999,4158.205078,4178.333496,4170.769043,4199.615234000001,4213.846191,4234.487305,4232.692383,4209.358886999999,4196.282227000001,4196.922852000001,4168.461426,4200.384765999999,4191.153809
4206.025879,4180.897461,4200.641113000001,4189.358886999999,4201.282227000001,4211.410156,4222.436035,4238.333496,4224.743652,4211.666504,4212.05127,4183.205078,4221.794922,4211.794922
4212.563965,4193.333496,4205.128418,4196.794922,4196.794922,4209.743652,4213.974121,4233.974121,4227.436035,4209.615234000001,4213.205078,4190.0,4225.0,4218.717772999999
4203.589844,4190.384765999999,4194.743652,4191.538574,4193.205078,4204.230957,4216.538574,4211.025879,4201.410156,4191.666504,4203.461426,4181.153809,4210.512695,4206.153809
4212.436035,4198.974121,4204.230957,4199.102539,4191.410156,4187.692383,4206.410156,4208.205078,4195.641113000001,4197.820313,4213.333496,4180.641113000001,4214.230957,4208.974121
4232.436035,4215.128418,4223.974121,4212.179688,4196.025879,4185.0,4193.717772999999,4224.615234000001,4208.846191,4214.230957,4230.512695,4195.128418,4232.436035,4227.179688
4235.256348,4217.05127,4225.769043,4212.692383,4200.769043,4193.077147999999,4193.077147999999,4196.282227000001,4189.871582,4204.102539,4231.025879,4200.512695,4240.256348,4234.743652
4232.563965,4212.820313,4220.897461,4209.743652,4197.436035,4185.512695,4195.0,4158.846191,4165.256348,4191.282227000001,4227.179688,4191.538574,4241.282227000001,4232.307617
4237.436035,4212.05127,4223.205078,4209.743652,4196.025879,4170.641113000001,4192.436035,4172.436035,4171.282227000001,4202.179688,4228.461426,4190.641113000001,4241.410156,4231.410156
4241.666504,4210.128418,4229.358886999999,4210.641113000001,4197.692383,4168.717772999999,4190.641113000001,4192.436035,4187.820313,4212.692383,4231.410156,4202.179688,4243.077147999999,4237.563965
4236.922852000001,4206.025879,4231.153809,4210.0,4190.0,4173.333496,4202.692383,4200.384765999999,4201.794922,4211.410156,4232.179688,4207.436035,4244.743652,4239.102539
4224.615234000001,4199.102539,4221.922852000001,4203.717772999999,4182.436035,4174.102539,4213.205078,4220.128418,4212.307617,4208.974121,4226.025879,4200.256348,4235.769043,4227.563965
4219.743652,4195.897461,4215.256348,4200.256348,4191.153809,4173.461426,4204.230957,4231.410156,4216.282227000001,4208.461426,4217.179688,4191.025879,4223.846191,4217.692383
4218.205078,4197.179688,4217.307617,4200.897461,4193.589844,4168.077147999999,4205.0,4226.794922,4219.102539,4207.94873,4212.307617,4186.666504,4216.282227000001,4213.589844
4207.05127,4190.512695,4210.512695,4193.589844,4183.333496,4173.461426,4225.512695,4226.538574,4214.871582,4198.333496,4204.230957,4179.871582,4207.692383,4205.128418
4199.615234000001,4186.025879,4202.307617,4192.179688,4196.025879,4198.846191,4217.05127,4224.615234000001,4203.205078,4186.153809,4196.410156,4173.333496,4202.563965,4202.05127
4216.282227000001,4201.922852000001,4216.794922,4208.717772999999,4215.384765999999,4195.128418,4188.846191,4219.743652,4207.563965,4197.307617,4208.077147999999,4181.282227000001,4212.436035,4218.846191
4239.871582,4224.358886999999,4238.205078,4223.077147999999,4205.256348,4162.94873,4195.0,4238.717772999999,4230.641113000001,4223.333496,4232.436035,4200.128418,4233.846191,4241.410156
4243.333496,4230.256348,4239.102539,4221.282227000001,4192.94873,4168.205078,4214.230957,4250.256348,4235.897461,4226.410156,4242.820313,4209.871582,4240.0,4250.897461
4230.769043,4219.743652,4224.871582,4212.692383,4202.05127,4196.153809,4211.666504,4217.307617,4207.692383,4208.846191,4234.358886999999,4203.589844,4229.358886999999,4245.384765999999
4219.487305,4207.94873,4216.922852000001,4209.230957,4206.666504,4192.307617,4208.846191,4183.589844,4183.077147999999,4196.922852000001,4224.102539,4193.717772999999,4219.743652,4234.230957
4215.256348,4202.94873,4219.487305,4208.846191,4202.436035,4185.769043,4212.05127,4182.692383,4178.461426,4191.410156,4219.230957,4192.307617,4212.692383,4229.487305
4218.846191,4207.94873,4227.820313,4213.461426,4207.179688,4196.025879,4212.563965,4190.512695,4182.820313,4196.538574,4226.025879,4200.769043,4217.820313,4238.846191
4223.077147999999,4209.871582,4231.922852000001,4217.94873,4208.589844,4198.589844,4217.820313,4202.820313,4194.102539,4208.333496,4233.589844,4207.436035,4227.179688,4245.0
4209.358886999999,4197.179688,4219.230957,4207.563965,4204.871582,4197.563965,4213.333496,4217.05127,4195.897461,4199.230957,4218.333496,4201.153809,4209.743652,4227.692383
4194.230957,4191.282227000001,4206.282227000001,4196.666504,4208.974121,4189.871582,4199.871582,4213.589844,4190.897461,4190.641113000001,4206.794922,4194.358886999999,4193.461426,4211.538574
4203.846191,4198.333496,4207.307617,4198.717772999999,4203.461426,4175.897461,4206.410156,4206.410156,4202.94873,4207.179688,4218.717772999999,4197.692383,4211.794922,4218.461426
4215.769043,4203.846191,4211.410156,4201.794922,4192.563965,4180.769043,4217.307617,4217.94873,4224.102539,4217.94873,4227.563965,4200.512695,4226.410156,4225.128418
4216.025879,4208.205078,4213.077147999999,4204.615234000001,4199.230957,4189.743652,4210.641113000001,4226.410156,4232.05127,4217.307617,4228.461426,4197.820313,4222.307617,4224.743652
4212.820313,4210.769043,4208.589844,4203.205078,4201.794922,4185.256348,4213.077147999999,4215.512695,4224.487305,4217.94873,4230.256348,4193.077147999999,4222.307617,4225.0
4208.461426,4206.922852000001,4200.769043,4196.410156,4196.666504,4196.666504,4225.641113000001,4214.358886999999,4220.641113000001,4216.666504,4227.563965,4187.436035,4223.461426,4221.538574
4201.666504,4202.179688,4197.820313,4195.512695,4210.641113000001,4213.205078,4214.487305,4225.384765999999,4221.153809,4211.666504,4218.589844,4183.205078,4218.077147999999,4215.769043
4202.94873,4205.256348,4203.846191,4202.94873,4217.05127,4198.461426,4205.641113000001,4216.666504,4219.230957,4211.025879,4217.436035,4187.820313,4215.897461,4217.307617
4207.436035,4212.436035,4207.307617,4205.641113000001,4198.717772999999,4185.0,4218.974121,4199.102539,4215.897461,4211.666504,4221.282227000001,4193.205078,4218.461426,4220.0
4200.897461,4211.666504,4198.333496,4198.461426,4194.102539,4197.05127,4211.922852000001,4185.256348,4199.358886999999,4197.820313,4209.871582,4183.077147999999,4210.641113000001,4209.871582
4195.256348,4207.94873,4195.897461,4196.153809,4207.692383,4203.461426,4191.794922,4176.153809,4184.230957,4183.077147999999,4195.769043,4175.128418,4197.436035,4202.563965
4199.615234000001,4210.897461,4203.589844,4201.922852000001,4207.563965,4195.0,4193.333496,4180.0,4189.487305,4184.358886999999,4198.846191,4181.410156,4189.230957,4207.563965
4202.05127,4210.512695,4203.461426,4203.205078,4201.410156,4193.589844,4205.128418,4189.615234000001,4197.436035,4186.538574,4200.512695,4183.589844,4181.538574,4207.179688
4194.230957,4202.307617,4194.358886999999,4197.563965,4204.102539,4201.282227000001,4209.743652,4187.820313,4192.94873,4179.615234000001,4186.538574,4174.743652,4174.358886999999,4196.794922
4187.436035,4195.256348,4186.538574,4191.282227000001,4200.0,4201.153809,4213.717772999999,4190.384765999999,4192.179688,4175.0,4175.769043,4170.897461,4171.538574,4186.282227000001
4190.0,4197.05127,4184.230957,4193.717772999999,4194.358886999999,4192.563965,4213.333496,4199.487305,4198.974121,4180.512695,4180.769043,4177.436035,4175.512695,4187.307617
4194.871582,4205.128418,4187.820313,4202.307617,4198.974121,4187.05127,4198.461426,4190.0,4202.179688,4190.769043,4191.538574,4185.384765999999,4184.871582,4196.282227000001
4198.461426,4212.820313,4195.384765999999,4206.282227000001,4204.358886999999,4193.205078,4194.743652,4186.666504,4210.512695,4203.461426,4203.717772999999,4190.641113000001,4193.846191,4205.512695
4197.307617,4213.589844,4195.128418,4202.692383,4203.974121,4202.692383,4216.666504,4218.077147999999,4221.922852000001,4211.922852000001,4211.282227000001,4189.743652,4193.333496,4210.128418
4191.666504,4202.820313,4186.025879,4196.538574,4198.205078,4197.94873,4223.077147999999,4231.153809,4218.333496,4205.0,4206.538574,4184.358886999999,4184.358886999999,4209.102539
4187.820313,4195.256348,4181.922852000001,4196.538574,4199.358886999999,4195.384765999999,4208.846191,4200.641113000001,4202.820313,4192.05127,4197.05127,4177.820313,4179.871582,4202.94873
4185.0,4198.717772999999,4183.461426,4197.692383,4206.025879,4207.179688,4209.487305,4178.077147999999,4190.256348,4185.256348,4189.358886999999,4172.179688,4179.487305,4194.743652
4186.538574,4204.487305,4188.846191,4197.436035,4208.205078,4212.179688,4219.230957,4189.871582,4191.153809,4184.871582,4187.436035,4178.333496,4180.512695,4197.820313
4199.358886999999,4211.153809,4198.589844,4206.410156,4217.692383,4204.487305,4214.487305,4204.743652,4200.256348,4189.743652,4195.384765999999,4194.358886999999,4187.179688,4207.820313
4210.128418,4221.153809,4208.461426,4217.820313,4223.846191,4190.769043,4204.615234000001,4206.794922,4203.717772999999,4195.256348,4203.589844,4201.410156,4193.846191,4212.692383
4212.307617,4228.205078,4217.820313,4222.692383,4215.0,4183.846191,4201.794922,4209.358886999999,4207.436035,4202.307617,4209.615234000001,4202.820313,4202.436035,4220.0
4216.922852000001,4230.512695,4224.743652,4224.743652,4216.153809,4193.717772999999,4196.922852000001,4201.282227000001,4210.512695,4207.179688,4217.179688,4206.153809,4210.384765999999,4225.128418
4221.282227000001,4233.717772999999,4225.384765999999,4227.05127,4226.538574,4196.153809,4193.717772999999,4184.871582,4208.974121,4209.615234000001,4218.333496,4205.256348,4208.333496,4221.922852000001
4217.05127,4230.128418,4219.615234000001,4222.94873,4217.563965,4188.205078,4204.487305,4193.846191,4215.384765999999,4215.256348,4213.461426,4200.512695,4202.307617,4218.717772999999
4200.384765999999,4213.974121,4203.974121,4206.153809,4201.153809,4197.436035,4216.282227000001,4205.384765999999,4212.94873,4210.256348,4202.179688,4190.0,4189.487305,4210.384765999999
4185.256348,4200.769043,4188.846191,4193.974121,4202.563965,4207.692383,4216.794922,4196.538574,4197.05127,4194.358886999999,4186.282227000001,4182.179688,4171.794922,4195.641113000001
4187.820313,4200.384765999999,4189.487305,4197.94873,4211.666504,4202.307617,4214.871582,4196.922852000001,4197.820313,4190.897461,4183.205078,4186.282227000001,4169.615234000001,4192.94873
4192.179688,4202.692383,4193.205078,4199.615234000001,4212.820313,4198.333496,4221.794922,4211.922852000001,4207.820313,4195.769043,4186.538574,4188.333496,4174.230957,4197.820313
4192.563965,4208.717772999999,4194.743652,4198.974121,4208.077147999999,4200.769043,4234.358886999999,4212.692383,4207.307617,4199.871582,4187.820313,4185.641113000001,4174.230957,4204.871582
4197.307617,4213.333496,4202.179688,4203.333496,4208.717772999999,4203.461426,4232.94873,4201.282227000001,4203.461426,4202.179688,4188.077147999999,4190.0,4178.205078,4215.256348
4202.05127,4208.333496,4204.230957,4203.333496,4212.307617,4202.05127,4216.666504,4196.410156,4195.256348,4192.94873,4181.666504,4192.05127,4177.563965,4214.487305
4209.743652,4215.769043,4206.153809,4208.205078,4209.871582,4195.769043,4210.0,4203.974121,4192.436035,4189.615234000001,4179.102539,4195.641113000001,4175.769043,4214.102539
4223.846191,4236.922852000001,4219.487305,4222.820313,4210.256348,4192.05127,4204.871582,4205.384765999999,4198.205078,4201.282227000001,4187.692383,4209.230957,4187.692383,4228.333496
4232.05127,4246.282227000001,4229.230957,4229.615234000001,4220.384765999999,4190.641113000001,4190.128418,4183.974121,4191.538574,4203.333496,4193.205078,4211.922852000001,4202.179688,4238.974121
4228.717772999999,4241.922852000001,4223.461426,4225.0,4216.153809,4179.615234000001,4183.333496,4166.538574,4181.538574,4195.512695,4190.897461,4201.538574,4206.538574,4236.282227000001
4227.05127,4238.205078,4217.563965,4221.025879,4198.974121,4173.205078,4183.846191,4174.743652,4192.436035,4200.512695,4193.333496,4201.282227000001,4206.794922,4234.102539
4226.922852000001,4232.05127,4216.666504,4218.461426,4197.179688,4187.563965,4190.512695,4180.256348,4200.769043,4206.538574,4195.128418,4200.128418,4206.538574,4229.102539
4219.743652,4217.692383,4207.05127,4209.230957,4198.333496,4196.538574,4207.692383,4183.589844,4200.128418,4201.666504,4188.205078,4186.922852000001,4198.333496,4215.641113000001
4211.282227000001,4207.307617,4195.128418,4197.820313,4189.230957,4193.333496,4214.743652,4205.256348,4210.384765999999,4202.05127,4185.512695,4180.769043,4189.871582,4208.333496
4210.0,4206.282227000001,4192.436035,4196.153809,4182.94873,4195.769043,4211.794922,4217.820313,4216.666504,4205.769043,4186.794922,4185.128418,4191.282227000001,4207.563965
4215.0,4209.230957,4194.615234000001,4201.538574,4184.743652,4200.512695,4221.025879,4205.256348,4211.410156,4206.538574,4186.666504,4185.769043,4193.333496,4205.641113000001
4214.871582,4211.153809,4193.846191,4201.153809,4189.102539,4202.692383,4235.512695,4200.0,4210.128418,4205.256348,4186.538574,4180.769043,4181.666504,4202.307617
4205.256348,4206.666504,4187.692383,4193.461426,4188.077147999999,4203.333496,4229.743652,4206.025879,4203.717772999999,4191.538574,4179.358886999999,4176.282227000001,4163.974121,4198.077147999999
4204.102539,4207.692383,4188.461426,4194.615234000001,4183.205078,4197.692383,4212.820313,4201.410156,4192.820313,4180.384765999999,4173.717772999999,4178.077147999999,4167.436035,4197.563965
4220.256348,4221.666504,4202.692383,4207.820313,4184.615234000001,4188.461426,4211.025879,4197.94873,4195.769043,4191.794922,4187.563965,4188.333496,4187.692383,4207.94873
4231.794922,4227.692383,4213.333496,4214.487305,4190.769043,4187.307617,4215.512695,4195.641113000001,4192.179688,4196.410156,4201.410156,4195.512695,4195.769043,4218.589844
4238.205078,4228.846191,4215.641113000001,4216.794922,4197.05127,4187.179688,4203.205078,4185.128418,4179.487305,4189.358886999999,4202.05127,4194.871582,4199.358886999999,4227.692383
4249.615234000001,4240.769043,4223.589844,4228.717772999999,4205.256348,4180.769043,4177.05127,4173.461426,4181.922852000001,4197.820313,4210.256348,4196.282227000001,4212.820313,4242.563965
4253.846191,4251.794922,4232.307617,4237.94873,4210.641113000001,4181.025879,4167.436035,4160.897461,4181.025879,4205.384765999999,4217.179688,4200.384765999999,4219.358886999999,4250.641113000001
4251.922852000001,4251.153809,4235.641113000001,4237.563965,4210.641113000001,4188.589844,4176.538574,4158.077147999999,4177.436035,4202.820313,4213.846191,4205.0,4213.461426,4249.102539
4245.512695,4235.641113000001,4230.384765999999,4230.256348,4206.025879,4187.820313,4187.05127,4172.307617,4189.871582,4200.384765999999,4211.282227000001,4205.384765999999,4199.230957,4240.897461
4223.461426,4214.743652,4211.666504,4216.410156,4197.307617,4186.282227000001,4202.179688,4184.743652,4196.282227000001,4192.307617,4201.666504,4190.897461,4183.974121,4222.179688
4200.641113000001,4206.410156,4192.563965,4201.794922,4188.077147999999,4196.153809,4217.563965,4188.205078,4192.307617,4184.743652,4182.820313,4172.179688,4174.743652,4197.94873
4195.256348,4203.846191,4185.897461,4192.436035,4183.077147999999,4200.256348,4223.333496,4198.333496,4203.461426,4189.871582,4178.461426,4170.128418,4168.333496,4187.94873
4194.230957,4195.256348,4186.282227000001,4189.487305,4184.102539,4197.563965,4225.0,4205.384765999999,4215.769043,4195.641113000001,4185.897461,4173.333496,4165.769043,4194.230957
4191.025879,4193.589844,4186.025879,4189.871582,4187.820313,4202.436035,4226.153809,4201.666504,4212.179688,4192.820313,4187.563965,4169.102539,4170.641113000001,4198.077147999999
4193.974121,4200.256348,4186.922852000001,4191.282227000001,4191.282227000001,4207.820313,4219.230957,4201.794922,4205.769043,4187.94873,4187.692383,4169.102539,4173.717772999999,4197.05127
4202.94873,4207.179688,4194.871582,4196.794922,4191.025879,4200.384765999999,4210.0,4212.05127,4207.94873,4187.820313,4190.384765999999,4178.589844,4172.563965,4201.153809
4222.692383,4223.205078,4212.307617,4211.794922,4191.410156,4190.769043,4210.512695,4220.256348,4218.974121,4199.615234000001,4203.205078,4193.846191,4187.179688,4215.384765999999
4239.615234000001,4240.897461,4225.256348,4225.897461,4201.922852000001,4199.230957,4210.641113000001,4209.358886999999,4221.794922,4209.743652,4221.153809,4204.743652,4214.487305,4228.846191
4238.846191,4242.179688,4223.974121,4227.820313,4211.794922,4204.102539,4191.922852000001,4186.025879,4204.358886999999,4200.897461,4220.897461,4205.897461,4222.820313,4232.436035
4238.717772999999,4241.666504,4227.307617,4229.743652,4210.384765999999,4184.743652,4170.0,4178.974121,4190.256348,4193.077147999999,4214.615234000001,4207.307617,4213.717772999999,4233.077147999999
4246.922852000001,4249.230957,4237.307617,4235.769043,4205.641113000001,4170.0,4173.974121,4185.769043,4187.563965,4197.820313,4219.615234000001,4209.487305,4209.230957,4235.897461
4241.025879,4242.563965,4229.743652,4230.128418,4199.615234000001,4173.461426,4184.358886999999,4170.769043,4169.102539,4185.512695,4209.871582,4200.0,4198.974121,4227.820313
4225.897461,4224.615234000001,4217.94873,4220.0,4191.153809,4173.205078,4187.692383,4165.128418,4154.871582,4164.102539,4190.0,4192.436035,4183.461426,4215.0
4224.102539,4217.307617,4222.436035,4217.307617,4183.077147999999,4170.384765999999,4199.871582,4193.974121,4170.256348,4168.846191,4192.692383,4199.102539,4181.538574,4217.820313
4220.897461,4212.563965,4221.153809,4210.384765999999,4177.179688,4179.230957,4212.692383,4200.128418,4176.794922,4176.153809,4196.025879,4195.769043,4178.205078,4217.307617
4201.410156,4199.102539,4200.0,4196.666504,4176.794922,4190.384765999999,4213.974121,4169.743652,4160.0,4158.589844,4178.077147999999,4175.0,4164.743652,4196.922852000001
4186.666504,4190.641113000001,4183.205078,4187.05127,4178.461426,4190.897461,4211.410156,4161.922852000001,4162.94873,4150.0,4164.102539,4164.230957,4160.512695,4182.436035
4194.102539,4200.128418,4190.512695,4191.538574,4184.615234000001,4189.487305,4209.102539,4186.153809,4192.179688,4171.538574,4171.282227000001,4172.179688,4168.205078,4190.641113000001
4206.282227000001,4211.410156,4200.641113000001,4204.615234000001,4196.153809,4198.589844,4207.94873,4197.179688,4209.743652,4190.769043,4186.538574,4178.461426,4177.820313,4199.615234000001
4207.307617,4216.025879,4197.94873,4211.922852000001,4200.897461,4213.974121,4210.641113000001,4199.230957,4211.410156,4195.512695,4193.461426,4180.512695,4193.333496,4204.743652
4203.589844,4222.307617,4195.128418,4209.358886999999,4205.256348,4219.102539,4211.153809,4205.769043,4213.461426,4199.743652,4195.0,4185.256348,4206.538574,4214.358886999999
4202.179688,4226.410156,4199.743652,4209.743652,4212.179688,4209.358886999999,4206.666504,4197.436035,4212.692383,4205.128418,4201.538574,4189.615234000001,4208.205078,4223.333496
4214.230957,4225.641113000001,4208.205078,4217.820313,4206.666504,4201.410156,4205.256348,4190.128418,4217.05127,4215.128418,4215.0,4198.589844,4215.0,4229.615234000001
4231.794922,4228.589844,4217.436035,4221.153809,4195.384765999999,4195.641113000001,4204.230957,4203.846191,4223.717772999999,4221.025879,4223.205078,4207.05127,4231.025879,4232.820313
4235.512695,4232.563965,4221.282227000001,4222.820313,4197.05127,4191.666504,4205.128418,4209.230957,4212.179688,4208.461426,4214.871582,4203.589844,4234.358886999999,4231.538574
4235.128418,4230.256348,4221.794922,4229.615234000001,4202.436035,4192.307617,4211.153809,4197.692383,4197.307617,4194.743652,4205.512695,4197.307617,4221.410156,4228.333496
4234.102539,4222.563965,4219.102539,4226.153809,4191.025879,4177.820313,4205.256348,4196.410156,4195.641113000001,4189.615234000001,4201.153809,4196.410156,4211.025879,4223.846191
4225.384765999999,4215.256348,4209.871582,4213.717772999999,4180.769043,4164.615234000001,4193.205078,4206.922852000001,4199.743652,4184.743652,4194.615234000001,4191.282227000001,4208.589844,4216.153809
4218.846191,4216.025879,4203.589844,4212.179688,4190.769043,4185.128418,4198.205078,4202.179688,4198.589844,4184.615234000001,4192.05127,4182.692383,4203.717772999999,4210.641113000001
4216.282227000001,4217.692383,4198.717772999999,4214.615234000001,4203.717772999999,4211.666504,4205.769043,4181.282227000001,4194.230957,4185.897461,4190.897461,4177.94873,4198.589844,4206.282227000001
4209.358886999999,4215.512695,4191.922852000001,4208.205078,4203.846191,4210.512695,4202.94873,4177.563965,4198.333496,4187.307617,4189.230957,4174.230957,4202.436035,4201.025879
4201.410156,4211.410156,4187.563965,4201.282227000001,4197.179688,4202.179688,4200.384765999999,4183.461426,4201.922852000001,4190.128418,4190.0,4168.846191,4201.153809,4199.743652
4195.512695,4203.333496,4178.333496,4197.307617,4196.410156,4211.153809,4204.358886999999,4186.025879,4197.94873,4186.153809,4185.897461,4164.487305,4187.563965,4198.077147999999
4193.589844,4200.769043,4172.179688,4195.128418,4196.153809,4215.256348,4211.922852000001,4195.769043,4202.94873,4185.128418,4182.563965,4167.179688,4185.897461,4197.436035
4198.461426,4209.230957,4177.94873,4197.307617,4191.282227000001,4200.256348,4212.820313,4207.307617,4216.025879,4195.256348,4191.922852000001,4175.0,4197.820313,4200.897461
4206.153809,4217.179688,4187.563965,4204.358886999999,4191.153809,4191.794922,4210.0,4214.102539,4223.205078,4203.974121,4202.94873,4179.743652,4204.358886999999,4204.615234000001
4212.179688,4219.230957,4196.153809,4211.922852000001,4198.846191,4201.666504,4215.128418,4211.025879,4220.128418,4204.230957,4204.358886999999,4181.025879,4206.282227000001,4202.307617
4217.820313,4223.974121,4205.384765999999,4220.512695,4206.922852000001,4202.179688,4214.230957,4191.666504,4212.05127,4205.0,4205.384765999999,4185.512695,4210.0,4203.717772999999
4222.307617,4229.358886999999,4210.641113000001,4224.487305,4201.025879,4185.897461,4198.717772999999,4175.897461,4204.102539,4201.922852000001,4203.846191,4189.615234000001,4207.820313,4211.153809
4226.282227000001,4228.333496,4213.589844,4220.897461,4186.153809,4175.256348,4188.461426,4182.94873,4198.717772999999,4191.025879,4195.128418,4188.461426,4196.794922,4209.743652
4226.153809,4224.358886999999,4217.563965,4218.974121,4183.846191,4180.897461,4190.641113000001,4187.05127,4191.922852000001,4181.025879,4189.871582,4184.871582,4187.94873,4203.589844
4216.922852000001,4215.769043,4208.974121,4213.461426,4192.307617,4188.846191,4191.794922,4176.410156,4183.846191,4173.333496,4183.717772999999,4178.333496,4180.769043,4197.436035
4201.410156,4201.410156,4191.025879,4197.563965,4187.692383,4188.461426,4203.846191,4173.205078,4177.94873,4165.769043,4173.846191,4170.512695,4167.05127,4186.922852000001
4190.769043,4192.563965,4184.743652,4188.205078,4174.743652,4188.077147999999,4222.820313,4190.512695,4180.384765999999,4168.461426,4175.0,4168.077147999999,4162.94873,4181.282227000001
4192.436035,4195.641113000001,4190.512695,4193.974121,4178.333496,4192.692383,4224.743652,4219.487305,4199.615234000001,4188.333496,4191.666504,4174.358886999999,4179.358886999999,4190.769043
4196.666504,4205.769043,4193.333496,4198.461426,4195.897461,4204.743652,4221.410156,4228.589844,4222.436035,4213.077147999999,4205.897461,4182.179688,4196.410156,4198.717772999999
4196.025879,4211.794922,4189.487305,4198.974121,4206.025879,4217.563965,4221.025879,4216.666504,4228.974121,4223.974121,4205.512695,4184.871582,4198.205078,4194.230957
4193.717772999999,4209.102539,4186.153809,4199.615234000001,4205.769043,4216.922852000001,4209.487305,4211.666504,4224.743652,4219.487305,4198.846191,4184.487305,4191.153809,4190.128418
4191.153809,4210.128418,4186.538574,4199.615234000001,4210.0,4218.205078,4197.436035,4208.205078,4219.102539,4211.025879,4195.512695,4183.333496,4186.538574,4189.487305
4196.025879,4217.820313,4194.615234000001,4204.487305,4212.692383,4221.538574,4200.384765999999,4196.922852000001,4216.025879,4210.384765999999,4195.256348,4186.282227000001,4191.794922,4191.153809
4216.153809,4228.974121,4211.282227000001,4217.563965,4207.05127,4207.05127,4201.794922,4195.641113000001,4215.384765999999,4212.307617,4202.820313,4194.743652,4204.487305,4200.641113000001
4236.410156,4241.282227000001,4226.153809,4231.666504,4206.666504,4188.589844,4190.256348,4193.717772999999,4207.436035,4210.128418,4216.282227000001,4205.0,4212.436035,4217.179688
4240.897461,4246.794922,4233.205078,4237.94873,4215.512695,4192.94873,4186.025879,4171.410156,4192.692383,4206.794922,4219.871582,4209.230957,4213.846191,4227.563965
4238.461426,4242.179688,4236.794922,4239.615234000001,4220.512695,4204.871582,4203.333496,4170.512695,4194.230957,4207.94873,4215.384765999999,4207.179688,4215.256348,4223.974121
4231.025879,4227.179688,4230.769043,4228.077147999999,4205.384765999999,4193.846191,4221.282227000001,4201.153809,4208.974121,4207.436035,4208.077147999999,4199.102539,4210.769043,4212.05127
4219.487305,4212.436035,4218.077147999999,4211.025879,4185.128418,4179.871582,4222.05127,4223.461426,4221.282227000001,4206.666504,4203.589844,4191.153809,4203.077147999999,4203.077147999999
4211.794922,4209.230957,4211.282227000001,4208.717772999999,4185.769043,4189.871582,4222.94873,4229.358886999999,4229.871582,4211.282227000001,4203.717772999999,4189.615234000001,4203.333496,4199.743652
4204.102539,4205.0,4204.358886999999,4204.871582,4191.025879,4201.153809,4225.384765999999,4230.384765999999,4226.410156,4207.820313,4196.025879,4184.230957,4198.846191,4191.666504
4202.820313,4198.461426,4198.205078,4199.871582,4193.717772999999,4197.563965,4214.743652,4226.794922,4221.282227000001,4202.563965,4187.94873,4177.820313,4189.615234000001,4186.282227000001
4200.897461,4200.384765999999,4194.102539,4201.153809,4206.153809,4201.282227000001,4202.307617,4216.025879,4223.589844,4204.102539,4189.615234000001,4176.282227000001,4189.743652,4186.794922
4190.128418,4202.563965,4188.589844,4198.077147999999,4210.384765999999,4218.461426,4205.641113000001,4206.794922,4219.743652,4202.179688,4189.358886999999,4177.820313,4194.487305,4185.384765999999
4197.307617,4209.487305,4195.512695,4203.077147999999,4206.282227000001,4224.102539,4213.974121,4204.743652,4218.846191,4210.128418,4195.641113000001,4187.94873,4204.358886999999,4194.102539
4220.384765999999,4225.769043,4210.769043,4221.025879,4211.922852000001,4213.974121,4208.333496,4207.179688,4226.282227000001,4224.871582,4210.128418,4200.0,4218.717772999999,4207.94873
4228.077147999999,4234.871582,4220.641113000001,4229.615234000001,4222.179688,4210.897461,4200.128418,4199.487305,4217.820313,4223.333496,4212.94873,4205.384765999999,4223.077147999999,4212.307617
4233.589844,4236.538574,4232.563965,4230.512695,4223.333496,4213.205078,4200.0,4176.922852000001,4198.333496,4217.179688,4218.077147999999,4212.05127,4223.077147999999,4221.666504
4247.05127,4240.0,4246.153809,4238.205078,4219.358886999999,4208.077147999999,4194.615234000001,4167.563965,4195.128418,4221.025879,4231.794922,4221.794922,4231.410156,4235.769043
4249.743652,4239.615234000001,4247.563965,4244.230957,4222.179688,4207.179688,4191.666504,4185.128418,4204.487305,4222.436035,4229.230957,4223.589844,4232.94873,4235.128418
4246.410156,4237.05127,4245.256348,4245.256348,4226.410156,4205.897461,4201.794922,4211.794922,4216.794922,4222.94873,4220.641113000001,4220.512695,4222.307617,4228.974121
4243.205078,4238.077147999999,4242.436035,4243.205078,4225.512695,4195.641113000001,4211.410156,4226.666504,4228.717772999999,4230.0,4223.846191,4216.794922,4222.307617,4226.538574
4221.153809,4227.436035,4222.820313,4227.563965,4220.769043,4197.94873,4216.794922,4229.358886999999,4230.384765999999,4224.487305,4212.307617,4202.692383,4218.717772999999,4208.333496
4195.897461,4207.692383,4197.820313,4208.717772999999,4215.384765999999,4211.025879,4222.563965,4230.256348,4225.384765999999,4208.205078,4183.974121,4187.05127,4193.589844,4187.307617
4195.512695,4202.307617,4190.769043,4207.179688,4210.897461,4215.256348,4227.563965,4227.692383,4225.512695,4207.94873,4176.794922,4184.743652,4178.205078,4190.256348
4199.358886999999,4202.563965,4192.820313,4208.333496,4209.743652,4216.666504,4226.538574,4219.743652,4227.820313,4211.538574,4181.153809,4183.717772999999,4184.358886999999,4194.487305
4196.410156,4202.179688,4193.461426,4202.820313,4210.641113000001,4220.641113000001,4223.077147999999,4217.307617,4228.717772999999,4207.436035,4176.666504,4175.0,4187.563965,4186.794922
4204.743652,4212.94873,4195.512695,4209.743652,4209.615234000001,4217.307617,4226.538574,4221.153809,4229.102539,4211.153809,4178.205078,4173.846191,4188.717772999999,4189.358886999999
4212.436035,4216.538574,4191.282227000001,4216.025879,4206.282227000001,4213.333496,4227.692383,4199.871582,4214.743652,4208.461426,4178.589844,4175.256348,4189.358886999999,4195.512695
4209.230957,4207.563965,4187.820313,4206.922852000001,4208.974121,4223.077147999999,4212.436035,4169.871582,4196.025879,4194.487305,4172.179688,4172.94873,4188.333496,4197.436035
4216.666504,4210.512695,4198.589844,4206.922852000001,4213.461426,4220.256348,4194.615234000001,4167.94873,4199.743652,4199.871582,4183.974121,4182.692383,4201.025879,4208.333496
4233.717772999999,4221.794922,4212.179688,4218.974121,4206.410156,4200.128418,4200.0,4174.743652,4213.717772999999,4218.333496,4205.256348,4200.384765999999,4217.692383,4222.179688
4236.025879,4221.794922,4216.153809,4220.256348,4201.282227000001,4202.692383,4213.717772999999,4177.179688,4212.307617,4216.666504,4206.410156,4203.717772999999,4219.358886999999,4224.871582
4227.05127,4209.487305,4207.307617,4208.077147999999,4201.794922,4211.922852000001,4214.230957,4184.230957,4197.05127,4198.333496,4194.743652,4194.615234000001,4208.846191,4216.025879
4224.102539,4202.179688,4201.410156,4199.871582,4198.974121,4204.358886999999,4216.922852000001,4198.461426,4198.077147999999,4197.05127,4196.538574,4191.282227000001,4207.179688,4209.871582
4227.436035,4210.384765999999,4210.512695,4206.794922,4201.282227000001,4206.794922,4220.256348,4216.282227000001,4220.769043,4214.102539,4206.922852000001,4195.769043,4214.743652,4216.410156
4228.077147999999,4217.436035,4214.615234000001,4215.384765999999,4206.153809,4215.512695,4209.487305,4221.410156,4228.205078,4216.794922,4206.153809,4195.384765999999,4213.205078,4220.384765999999
4221.794922,4211.153809,4203.077147999999,4207.94873,4198.333496,4204.487305,4208.333496,4216.282227000001,4212.94873,4200.769043,4195.128418,4187.820313,4205.256348,4212.436035
4214.871582,4204.102539,4198.205078,4200.512695,4190.769043,4194.871582,4222.563965,4217.179688,4208.333496,4194.230957,4187.94873,4183.461426,4196.410156,4208.461426
4219.230957,4207.307617,4206.794922,4211.410156,4203.717772999999,4203.077147999999,4220.769043,4213.077147999999,4217.179688,4203.717772999999,4194.487305,4188.333496,4194.358886999999,4213.717772999999
4222.05127,4211.666504,4207.307617,4219.102539,4215.897461,4213.077147999999,4207.563965,4192.563965,4212.05127,4208.333496,4204.102539,4193.333496,4203.846191,4213.974121
4214.871582,4209.102539,4201.153809,4211.666504,4208.077147999999,4219.743652,4211.153809,4188.077147999999,4203.589844,4204.743652,4206.666504,4194.230957,4214.615234000001,4212.05127
4218.333496,4207.05127,4204.615234000001,4209.615234000001,4202.820313,4217.820313,4218.461426,4201.025879,4213.461426,4208.205078,4209.230957,4194.871582,4220.897461,4215.384765999999
4231.153809,4208.077147999999,4210.128418,4214.230957,4207.179688,4208.974121,4206.922852000001,4190.897461,4220.0,4216.666504,4215.897461,4195.897461,4227.307617,4222.05127
4230.769043,4208.333496,4208.333496,4214.743652,4208.589844,4214.743652,4199.487305,4171.666504,4211.410156,4221.794922,4220.0,4197.436035,4232.820313,4224.102539
4217.307617,4200.128418,4204.358886999999,4208.205078,4208.717772999999,4225.128418,4209.615234000001,4176.666504,4205.128418,4221.538574,4216.922852000001,4199.230957,4225.128418,4215.897461
4208.461426,4186.025879,4200.769043,4196.794922,4207.307617,4216.282227000001,4217.05127,4196.538574,4211.922852000001,4214.615234000001,4211.666504,4197.307617,4213.974121,4209.743652
4212.307617,4184.871582,4202.05127,4196.025879,4201.282227000001,4207.692383,4217.436035,4209.743652,4221.922852000001,4213.333496,4212.307617,4199.230957,4216.922852000001,4217.436035
4215.769043,4191.282227000001,4205.769043,4202.94873,4196.922852000001,4212.692383,4211.282227000001,4208.205078,4216.025879,4216.025879,4215.128418,4203.461426,4220.128418,4221.410156
4205.0,4188.077147999999,4197.436035,4195.128418,4198.717772999999,4210.769043,4208.589844,4202.563965,4202.94873,4205.128418,4207.820313,4196.025879,4205.897461,4209.230957
4198.461426,4183.333496,4189.102539,4188.589844,4202.179688,4207.05127,4216.538574,4198.846191,4206.794922,4196.794922,4200.128418,4188.333496,4196.538574,4202.05127
4205.256348,4186.025879,4194.102539,4198.717772999999,4207.692383,4214.871582,4211.025879,4197.436035,4213.077147999999,4203.589844,4203.717772999999,4192.692383,4206.153809,4206.025879
4206.025879,4191.922852000001,4199.487305,4202.436035,4216.410156,4221.282227000001,4197.692383,4211.025879,4216.282227000001,4211.666504,4209.871582,4197.179688,4216.666504,4207.94873
4205.769043,4200.641113000001,4200.897461,4199.615234000001,4218.077147999999,4215.128418,4207.436035,4223.589844,4227.179688,4219.615234000001,4219.102539,4199.358886999999,4228.717772999999,4211.922852000001
4217.179688,4209.487305,4208.717772999999,4209.102539,4214.871582,4211.282227000001,4213.333496,4199.871582,4224.487305,4227.05127,4229.358886999999,4205.256348,4242.179688,4222.179688
4225.128418,4207.692383,4219.358886999999,4216.410156,4216.025879,4220.384765999999,4195.897461,4187.563965,4220.128418,4225.641113000001,4231.666504,4206.666504,4243.205078,4227.436035
4221.282227000001,4199.358886999999,4219.102539,4208.717772999999,4216.025879,4224.871582,4198.333496,4221.153809,4237.820313,4224.871582,4230.769043,4203.717772999999,4242.307617,4227.307617
4217.692383,4200.384765999999,4212.05127,4207.05127,4214.743652,4217.692383,4213.717772999999,4228.589844,4244.615234000001,4233.846191,4236.538574,4205.0,4254.230957,4231.922852000001
4217.436035,4201.538574,4208.333496,4210.0,4215.641113000001,4210.384765999999,4203.205078,4195.641113000001,4227.436035,4235.769043,4238.461426,4206.794922,4260.384765999999,4233.846191
4216.794922,4192.436035,4210.128418,4202.436035,4206.282227000001,4205.641113000001,4197.307617,4183.461426,4215.512695,4224.102539,4227.94873,4204.358886999999,4250.769043,4229.615234000001
4220.256348,4188.333496,4218.205078,4199.102539,4195.256348,4205.769043,4214.230957,4198.333496,4220.384765999999,4220.641113000001,4225.256348,4203.717772999999,4249.743652,4230.897461
4223.077147999999,4190.641113000001,4221.282227000001,4201.666504,4198.205078,4209.743652,4214.358886999999,4208.333496,4225.897461,4223.974121,4229.487305,4206.666504,4254.871582,4232.94873
4222.94873,4185.897461,4215.769043,4202.05127,4206.410156,4210.256348,4204.487305,4214.487305,4227.563965,4221.282227000001,4224.743652,4207.563965,4247.94873,4229.743652
4224.358886999999,4184.487305,4215.256348,4204.102539,4213.205078,4212.179688,4210.512695,4219.743652,4227.05127,4221.794922,4222.436035,4208.461426,4241.922852000001,4231.538574
4226.410156,4188.589844,4218.974121,4207.179688,4215.0,4212.692383,4210.0,4220.384765999999,4228.846191,4228.717772999999,4230.897461,4211.922852000001,4242.692383,4233.589844
4221.922852000001,4187.307617,4215.512695,4205.769043,4212.692383,4210.641113000001,4199.230957,4214.102539,4235.0,4232.307617,4235.256348,4208.589844,4242.05127,4229.230957
4211.282227000001,4182.820313,4207.436035,4200.128418,4211.538574,4215.0,4203.846191,4206.922852000001,4232.436035,4228.974121,4227.436035,4200.0,4238.717772999999,4223.333496
4206.538574,4181.410156,4205.128418,4197.179688,4206.666504,4215.769043,4220.384765999999,4221.410156,4233.717772999999,4231.025879,4226.538574,4203.974121,4240.897461,4223.974121
4204.743652,4180.0,4204.487305,4195.384765999999,4201.538574,4213.077147999999,4219.358886999999,4226.025879,4237.179688,4233.205078,4230.384765999999,4210.897461,4239.487305,4225.769043
4201.666504,4178.333496,4203.205078,4193.846191,4205.256348,4212.05127,4201.410156,4191.538574,4225.0,4221.025879,4222.820313,4201.794922,4231.025879,4219.743652
4208.333496,4184.102539,4211.410156,4200.897461,4209.230957,4210.256348,4202.05127,4174.743652,4215.256348,4213.846191,4221.025879,4197.05127,4237.563965,4219.871582
4215.641113000001,4187.94873,4218.205078,4206.794922,4204.871582,4211.922852000001,4216.025879,4194.487305,4218.846191,4219.102539,4226.538574,4203.589844,4244.358886999999,4228.717772999999
4208.205078,4183.205078,4212.179688,4199.743652,4202.94873,4213.717772999999,4217.436035,4199.102539,4214.487305,4216.153809,4223.077147999999,4204.102539,4230.256348,4225.0
4202.05127,4181.282227000001,4205.769043,4194.615234000001,4204.230957,4207.179688,4211.410156,4188.589844,4206.410156,4208.205078,4218.846191,4201.410156,4221.922852000001,4214.358886999999
4208.077147999999,4187.179688,4207.436035,4197.820313,4203.974121,4206.666504,4203.589844,4191.153809,4213.461426,4211.794922,4222.307617,4204.358886999999,4232.436035,4217.94873
4210.256348,4189.102539,4210.384765999999,4198.333496,4207.94873,4217.94873,4206.538574,4204.871582,4223.461426,4218.461426,4224.615234000001,4206.538574,4233.077147999999,4223.333496
4206.538574,4178.974121,4209.743652,4195.0,4208.077147999999,4212.05127,4219.487305,4223.589844,4229.743652,4218.461426,4221.794922,4205.897461,4222.179688,4219.743652
4212.05127,4183.077147999999,4214.487305,4197.94873,4205.769043,4193.974121,4209.487305,4223.974121,4234.871582,4225.897461,4228.846191,4213.974121,4234.358886999999,4226.794922
4228.717772999999,4206.538574,4228.333496,4212.307617,4218.846191,4198.589844,4193.846191,4211.410156,4241.922852000001,4246.025879,4249.743652,4226.538574,4257.820313,4245.128418
4235.256348,4211.025879,4234.743652,4220.128418,4227.179688,4211.153809,4206.666504,4226.153809,4254.615234000001,4256.794922,4257.94873,4226.922852000001,4258.974121,4251.666504
4220.512695,4190.256348,4220.256348,4207.436035,4216.666504,4209.871582,4217.692383,4236.922852000001,4254.102539,4244.230957,4245.256348,4213.717772999999,4247.307617,4237.94873
4205.641113000001,4179.615234000001,4201.153809,4193.461426,4211.538574,4208.974121,4208.974121,4208.333496,4236.282227000001,4232.563965,4234.615234000001,4200.641113000001,4242.179688,4225.512695
4207.436035,4185.769043,4199.358886999999,4196.282227000001,4216.025879,4221.410156,4212.820313,4201.282227000001,4235.384765999999,4238.846191,4237.436035,4198.077147999999,4238.717772999999,4226.794922
4212.05127,4190.128418,4207.307617,4204.615234000001,4221.282227000001,4236.153809,4228.205078,4232.820313,4253.205078,4246.922852000001,4239.230957,4199.230957,4239.871582,4228.461426
4207.563965,4185.897461,4207.563965,4201.282227000001,4226.538574,4232.692383,4232.563965,4230.0,4243.589844,4236.666504,4230.641113000001,4195.512695,4242.05127,4220.769043
4210.0,4182.179688,4206.794922,4194.487305,4223.333496,4220.512695,4228.717772999999,4198.846191,4217.692383,4221.922852000001,4224.358886999999,4196.282227000001,4244.230957,4219.615234000001
4225.0,4190.512695,4221.666504,4203.333496,4218.077147999999,4223.846191,4223.461426,4195.384765999999,4214.358886999999,4226.666504,4235.384765999999,4208.846191,4257.563965,4234.358886999999
4231.922852000001,4200.128418,4235.128418,4215.769043,4220.0,4225.0,4225.0,4200.256348,4208.461426,4229.871582,4245.512695,4216.282227000001,4264.871582,4247.307617
4231.666504,4202.692383,4235.897461,4217.692383,4223.461426,4211.410156,4228.461426,4196.025879,4196.794922,4222.307617,4244.487305,4215.897461,4263.461426,4252.179688
4237.94873,4207.436035,4240.0,4221.153809,4228.077147999999,4205.897461,4212.820313,4192.820313,4205.256348,4227.820313,4251.410156,4220.128418,4267.307617,4255.769043
4240.256348,4214.615234000001,4244.358886999999,4226.410156,4235.0,4207.436035,4188.717772999999,4193.846191,4222.307617,4241.410156,4258.077147999999,4225.641113000001,4268.717772999999,4256.538574
4232.436035,4214.102539,4239.487305,4223.589844,4237.179688,4202.179688,4189.871582,4210.128418,4236.282227000001,4246.025879,4252.692383,4226.282227000001,4267.05127,4254.102539
4222.563965,4201.922852000001,4226.666504,4215.897461,4231.153809,4208.589844,4210.641113000001,4229.615234000001,4247.94873,4243.461426,4242.436035,4218.589844,4262.563965,4242.179688
4211.666504,4191.538574,4217.436035,4208.846191,4221.922852000001,4227.05127,4222.307617,4241.666504,4255.769043,4242.94873,4233.333496,4207.563965,4248.205078,4225.0
4200.641113000001,4189.102539,4212.563965,4201.025879,4214.230957,4226.153809,4222.94873,4251.025879,4260.0,4242.94873,4226.794922,4204.102539,4235.128418,4216.922852000001
4195.769043,4186.282227000001,4206.538574,4195.641113000001,4215.128418,4217.563965,4224.743652,4247.94873,4258.717772999999,4240.128418,4223.077147999999,4200.769043,4233.077147999999,4214.230957
4200.0,4187.94873,4205.897461,4199.615234000001,4222.563965,4227.179688,4229.358886999999,4235.512695,4249.615234000001,4235.128418,4221.666504,4193.077147999999,4232.179688,4208.461426
4203.077147999999,4191.410156,4211.666504,4202.692383,4224.487305,4236.410156,4227.563965,4222.94873,4232.179688,4225.128418,4218.461426,4190.769043,4228.205078,4205.0
4205.0,4190.897461,4218.717772999999,4203.589844,4224.871582,4231.538574,4222.436035,4221.025879,4223.974121,4220.0,4220.769043,4198.717772999999,4231.666504,4210.512695
4211.666504,4193.589844,4223.717772999999,4206.538574,4226.794922,4221.538574,4221.410156,4225.897461,4223.589844,4222.94873,4224.743652,4203.974121,4238.205078,4217.05127
4220.0,4201.922852000001,4227.05127,4209.487305,4228.717772999999,4216.538574,4211.282227000001,4207.179688,4204.615234000001,4217.05127,4221.025879,4201.153809,4236.153809,4216.538574
4225.769043,4209.358886999999,4232.563965,4214.743652,4226.153809,4214.102539,4203.846191,4184.358886999999,4185.769043,4209.615234000001,4222.820313,4198.846191,4237.94873,4219.230957
4226.666504,4212.94873,4238.974121,4218.205078,4217.436035,4204.743652,4211.410156,4190.128418,4185.512695,4211.794922,4231.410156,4202.179688,4247.692383,4228.974121
4227.307617,4216.025879,4240.512695,4218.589844,4217.692383,4198.589844,4211.538574,4186.410156,4180.384765999999,4211.153809,4232.436035,4208.974121,4252.563965,4233.846191
4234.615234000001,4222.179688,4242.692383,4227.05127,4232.179688,4207.05127,4197.692383,4167.563965,4175.897461,4214.358886999999,4234.358886999999,4213.846191,4260.128418,4235.128418
4245.128418,4232.563965,4252.307617,4240.384765999999,4239.102539,4211.666504,4190.128418,4187.94873,4204.102539,4239.743652,4250.256348,4219.230957,4273.077147999999,4246.282227000001
4242.05127,4231.153809,4251.922852000001,4237.436035,4229.358886999999,4200.641113000001,4199.102539,4232.94873,4237.307617,4254.102539,4254.615234000001,4219.358886999999,4265.641113000001,4247.563965
4223.461426,4212.179688,4233.333496,4218.205078,4219.743652,4193.589844,4204.358886999999,4241.025879,4235.897461,4233.717772999999,4232.692383,4206.410156,4242.05127,4220.512695
4213.077147999999,4204.871582,4221.538574,4209.615234000001,4220.256348,4201.025879,4193.717772999999,4221.794922,4229.102539,4224.615234000001,4216.794922,4193.077147999999,4237.563965,4204.102539
4215.128418,4215.256348,4225.128418,4215.512695,4223.077147999999,4211.153809,4192.820313,4222.820313,4240.0,4236.922852000001,4219.358886999999,4192.94873,4242.692383,4213.717772999999
4213.717772999999,4215.769043,4225.641113000001,4217.179688,4223.846191,4217.563965,4208.077147999999,4240.0,4246.666504,4233.846191,4215.128418,4198.846191,4233.077147999999,4214.743652
4209.487305,4204.615234000001,4220.897461,4210.384765999999,4225.128418,4220.512695,4218.461426,4240.384765999999,4235.897461,4220.769043,4204.615234000001,4197.179688,4222.563965,4201.922852000001
4206.538574,4199.487305,4215.897461,4201.922852000001,4220.641113000001,4219.102539,4222.307617,4226.922852000001,4221.025879,4214.871582,4201.025879,4190.641113000001,4218.974121,4194.358886999999
4197.692383,4195.512695,4209.871582,4193.589844,4215.0,4221.153809,4226.025879,4219.230957,4211.025879,4211.025879,4196.666504,4186.666504,4216.666504,4188.974121
4193.846191,4194.230957,4211.666504,4195.641113000001,4219.871582,4226.025879,4227.563965,4218.717772999999,4212.436035,4214.871582,4199.871582,4193.205078,4224.871582,4192.563965
4204.871582,4206.282227000001,4219.615234000001,4206.538574,4222.179688,4223.461426,4226.025879,4221.410156,4216.922852000001,4221.794922,4209.615234000001,4199.358886999999,4236.538574,4208.846191
4211.153809,4217.436035,4221.025879,4209.358886999999,4218.461426,4221.153809,4221.153809,4220.0,4208.589844,4216.410156,4206.282227000001,4191.666504,4230.897461,4213.974121
4209.230957,4223.717772999999,4221.410156,4210.0,4221.794922,4222.563965,4213.205078,4214.230957,4208.461426,4216.025879,4203.717772999999,4191.538574,4229.230957,4212.179688
4216.538574,4231.153809,4229.615234000001,4218.846191,4226.538574,4223.205078,4209.615234000001,4209.487305,4220.512695,4228.717772999999,4213.333496,4202.05127,4240.897461,4219.743652
4222.692383,4229.230957,4233.589844,4221.794922,4219.743652,4223.974121,4213.846191,4202.436035,4216.410156,4227.563965,4211.153809,4197.820313,4233.333496,4220.384765999999
4216.922852000001,4219.230957,4230.512695,4213.589844,4209.743652,4219.871582,4213.077147999999,4201.410156,4206.666504,4211.666504,4198.205078,4190.769043,4210.0,4211.282227000001
4215.641113000001,4222.307617,4233.846191,4212.563965,4214.743652,4212.563965,4208.846191,4214.871582,4216.794922,4210.0,4200.256348,4200.256348,4205.512695,4213.333496
4220.0,4227.820313,4237.94873,4218.589844,4219.230957,4210.897461,4208.846191,4222.179688,4229.230957,4221.410156,4205.769043,4201.538574,4213.974121,4219.358886999999
4216.538574,4217.179688,4230.256348,4213.846191,4204.743652,4208.974121,4213.846191,4214.358886999999,4226.538574,4218.974121,4197.692383,4188.974121,4210.256348,4212.563965
4211.282227000001,4205.769043,4219.358886999999,4202.820313,4197.05127,4215.641113000001,4221.666504,4216.025879,4222.94873,4208.333496,4188.846191,4181.538574,4203.077147999999,4203.717772999999
4207.94873,4203.974121,4212.05127,4199.230957,4209.615234000001,4229.487305,4217.05127,4221.153809,4220.897461,4209.743652,4188.974121,4177.307617,4206.794922,4201.538574
4207.94873,4206.025879,4209.487305,4204.102539,4213.589844,4221.410156,4208.589844,4217.05127,4219.871582,4212.692383,4193.461426,4177.820313,4212.307617,4204.230957
4214.615234000001,4207.563965,4215.0,4207.563965,4206.025879,4209.871582,4216.794922,4210.0,4221.153809,4208.205078,4199.615234000001,4185.256348,4215.384765999999,4209.102539
4220.384765999999,4206.666504,4222.05127,4207.436035,4205.512695,4218.846191,4226.153809,4205.128418,4221.153809,4209.358886999999,4210.641113000001,4190.0,4222.436035,4214.230957
4221.282227000001,4211.153809,4221.794922,4209.871582,4210.0,4224.871582,4222.94873,4206.025879,4216.794922,4214.102539,4216.282227000001,4191.153809,4225.641113000001,4216.410156
4223.717772999999,4216.794922,4220.897461,4214.743652,4208.077147999999,4214.871582,4218.205078,4214.743652,4213.333496,4210.256348,4211.025879,4195.384765999999,4212.563965,4216.410156
4228.974121,4220.769043,4229.102539,4219.230957,4204.487305,4207.94873,4210.512695,4217.436035,4216.410156,4208.333496,4211.025879,4204.102539,4207.94873,4221.538574
4232.94873,4229.871582,4236.153809,4223.333496,4209.230957,4208.717772999999,4197.179688,4194.615234000001,4209.871582,4210.641113000001,4216.666504,4208.333496,4222.05127,4230.641113000001
4231.410156,4236.153809,4235.769043,4226.538574,4213.205078,4206.922852000001,4190.769043,4174.102539,4193.077147999999,4204.487305,4213.589844,4204.615234000001,4220.897461,4232.05127
4229.871582,4234.743652,4238.333496,4228.589844,4213.461426,4208.589844,4191.153809,4187.179688,4194.230957,4200.769043,4211.538574,4203.205078,4203.717772999999,4228.205078
4225.769043,4232.820313,4233.974121,4221.922852000001,4214.615234000001,4209.871582,4186.666504,4197.307617,4201.025879,4200.128418,4211.282227000001,4201.025879,4195.769043,4224.871582
4208.333496,4217.307617,4210.128418,4202.307617,4209.230957,4205.256348,4185.256348,4188.974121,4187.307617,4185.769043,4193.717772999999,4183.333496,4183.846191,4210.384765999999
4188.717772999999,4195.0,4191.922852000001,4190.641113000001,4200.0,4203.846191,4198.589844,4204.102539,4184.230957,4175.0,4176.153809,4169.102539,4162.436035,4192.436035
4185.256348,4190.897461,4189.743652,4191.025879,4194.230957,4210.641113000001,4210.641113000001,4218.333496,4198.205078,4180.384765999999,4176.153809,4172.436035,4154.230957,4187.05127
4187.563965,4192.94873,4187.436035,4190.256348,4193.333496,4221.922852000001,4217.179688,4213.333496,4205.512695,4185.384765999999,4178.717772999999,4174.871582,4159.102539,4187.179688
4183.974121,4191.538574,4187.05127,4187.307617,4192.436035,4219.230957,4226.410156,4234.615234000001,4216.794922,4189.358886999999,4182.307617,4173.077147999999,4161.282227000001,4187.820313
4185.897461,4197.563965,4192.692383,4189.871582,4190.641113000001,4211.153809,4228.589844,4250.0,4228.974121,4200.256348,4193.077147999999,4178.333496,4171.153809,4192.94873
4197.563965,4210.512695,4198.717772999999,4203.846191,4200.641113000001,4227.436035,4217.563965,4215.0,4225.128418,4214.230957,4202.563965,4185.0,4193.333496,4199.102539
4206.282227000001,4217.563965,4203.077147999999,4215.256348,4214.743652,4244.358886999999,4211.282227000001,4187.692383,4216.282227000001,4215.641113000001,4203.461426,4187.436035,4200.384765999999,4200.256348
4219.487305,4225.128418,4213.205078,4219.230957,4214.871582,4231.025879,4209.743652,4204.102539,4218.333496,4210.769043,4207.436035,4192.94873,4197.307617,4207.05127
4237.563965,4238.333496,4231.025879,4225.384765999999,4213.717772999999,4214.743652,4198.846191,4206.922852000001,4217.692383,4217.05127,4220.0,4199.358886999999,4204.871582,4223.333496
4242.692383,4242.820313,4238.974121,4234.230957,4220.897461,4216.794922,4193.717772999999,4174.615234000001,4198.717772999999,4218.205078,4222.436035,4203.717772999999,4207.692383,4231.666504
4243.461426,4246.410156,4236.666504,4242.307617,4226.922852000001,4213.846191,4190.0,4157.179688,4182.05127,4208.461426,4216.025879,4212.307617,4208.077147999999,4231.794922
4249.743652,4250.769043,4239.743652,4242.05127,4221.410156,4202.05127,4181.922852000001,4178.461426,4191.538574,4210.512695,4218.589844,4218.717772999999,4216.538574,4233.333496
4245.128418,4243.589844,4239.358886999999,4233.333496,4210.128418,4198.717772999999,4183.974121,4207.820313,4213.461426,4219.615234000001,4221.922852000001,4215.384765999999,4212.179688,4232.94873
4222.05127,4221.794922,4218.589844,4218.974121,4202.692383,4202.563965,4191.410156,4219.358886999999,4217.179688,4206.410156,4205.641113000001,4201.282227000001,4184.615234000001,4215.897461
4205.128418,4209.230957,4199.743652,4207.179688,4195.769043,4200.641113000001,4193.077147999999,4223.589844,4212.563965,4185.512695,4186.922852000001,4184.871582,4167.820313,4191.282227000001
4207.05127,4217.179688,4198.974121,4203.205078,4188.717772999999,4196.282227000001,4197.307617,4218.205078,4216.922852000001,4186.922852000001,4187.436035,4175.897461,4170.641113000001,4183.974121
4197.820313,4211.538574,4187.692383,4193.717772999999,4182.307617,4200.384765999999,4208.974121,4203.846191,4209.871582,4185.512695,4177.820313,4163.589844,4154.871582,4179.230957
4174.743652,4192.179688,4164.743652,4177.563965,4183.461426,4210.897461,4208.461426,4198.717772999999,4195.384765999999,4169.230957,4154.487305,4143.974121,4131.794922,4162.05127
4171.666504,4193.205078,4162.436035,4179.102539,4193.205078,4219.487305,4198.205078,4194.871582,4198.333496,4168.846191,4153.589844,4139.615234000001,4139.615234000001,4154.230957
4185.512695,4208.717772999999,4173.589844,4191.282227000001,4198.461426,4221.282227000001,4193.205078,4178.589844,4202.179688,4178.846191,4163.974121,4151.282227000001,4156.282227000001,4163.333496
4191.794922,4216.025879,4177.820313,4191.666504,4200.384765999999,4220.769043,4193.077147999999,4169.615234000001,4193.589844,4178.205078,4164.487305,4153.333496,4160.0,4172.692383
4198.974121,4223.205078,4184.871582,4195.897461,4204.615234000001,4219.230957,4194.358886999999,4172.820313,4187.94873,4178.974121,4170.256348,4152.692383,4172.179688,4181.666504
4213.333496,4235.384765999999,4201.666504,4212.436035,4207.05127,4217.307617,4203.974121,4175.256348,4187.436035,4186.025879,4185.641113000001,4169.230957,4186.922852000001,4196.794922
4223.205078,4243.974121,4214.487305,4222.05127,4207.307617,4215.512695,4208.974121,4177.820313,4190.641113000001,4191.025879,4199.615234000001,4186.153809,4187.05127,4209.230957
4226.922852000001,4247.436035,4216.922852000001,4222.692383,4208.205078,4204.487305,4184.358886999999,4175.128418,4192.692383,4194.615234000001,4208.205078,4187.94873,4187.436035,4214.615234000001
4232.307617,4253.205078,4223.077147999999,4229.102539,4206.282227000001,4193.077147999999,4167.307617,4173.846191,4186.538574,4198.589844,4214.743652,4190.256348,4197.179688,4220.769043
4245.0,4265.256348,4237.94873,4245.512695,4207.307617,4195.897461,4179.230957,4180.384765999999,4184.871582,4202.820313,4222.820313,4201.666504,4205.512695,4232.563965
4253.846191,4270.769043,4244.487305,4254.871582,4215.0,4202.307617,4181.410156,4179.102539,4188.846191,4203.717772999999,4223.974121,4203.717772999999,4201.538574,4234.487305
4241.282227000001,4261.153809,4233.974121,4243.974121,4215.0,4198.077147999999,4178.717772999999,4177.563965,4190.769043,4201.538574,4214.358886999999,4191.794922,4186.282227000001,4217.820313
4216.410156,4244.743652,4213.589844,4225.0,4205.384765999999,4193.589844,4199.871582,4202.179688,4198.974121,4197.692383,4202.307617,4182.94873,4169.487305,4196.922852000001
4204.743652,4237.563965,4198.333496,4218.717772999999,4205.641113000001,4204.743652,4217.820313,4225.384765999999,4211.025879,4195.256348,4190.641113000001,4178.846191,4158.846191,4186.538574
4205.128418,4237.307617,4194.871582,4221.410156,4214.743652,4219.102539,4205.128418,4208.974121,4216.794922,4198.717772999999,4184.743652,4174.743652,4157.94873,4185.512695
4200.769043,4229.358886999999,4195.256348,4217.436035,4211.538574,4219.615234000001,4193.333496,4185.256348,4215.897461,4200.256348,4182.692383,4172.05127,4163.077147999999,4179.487305
4196.538574,4224.743652,4196.666504,4213.461426,4208.974121,4225.897461,4201.922852000001,4187.94873,4212.05127,4196.282227000001,4180.641113000001,4172.436035,4168.333496,4174.102539
4199.871582,4231.410156,4198.333496,4216.025879,4217.436035,4237.436035,4202.94873,4191.922852000001,4208.077147999999,4195.256348,4181.922852000001,4174.743652,4167.692383,4178.717772999999
4203.846191,4234.487305,4196.794922,4214.487305,4213.461426,4224.615234000001,4190.897461,4193.846191,4215.128418,4199.615234000001,4189.102539,4179.358886999999,4164.358886999999,4187.05127
4207.94873,4232.94873,4201.794922,4213.974121,4201.666504,4208.717772999999,4188.974121,4210.641113000001,4225.769043,4203.461426,4197.692383,4184.230957,4166.922852000001,4193.077147999999
4213.846191,4240.769043,4213.333496,4222.307617,4207.179688,4212.307617,4193.077147999999,4211.794922,4218.846191,4200.0,4200.128418,4185.641113000001,4168.461426,4193.333496
4218.589844,4252.820313,4218.846191,4234.102539,4220.0,4214.487305,4196.410156,4183.974121,4204.487305,4196.666504,4195.897461,4184.487305,4165.0,4193.974121
4216.666504,4248.077147999999,4215.641113000001,4234.487305,4212.94873,4206.025879,4192.692383,4170.897461,4196.153809,4191.025879,4185.897461,4179.230957,4156.282227000001,4192.563965
4206.794922,4228.974121,4211.794922,4220.512695,4198.846191,4193.461426,4178.717772999999,4179.358886999999,4188.461426,4177.820313,4175.897461,4172.820313,4146.666504,4185.128418
4199.102539,4223.846191,4212.05127,4212.05127,4196.025879,4182.692383,4183.461426,4185.384765999999,4185.256348,4172.692383,4176.538574,4174.358886999999,4151.153809,4182.94873
4199.230957,4232.820313,4212.307617,4213.333496,4195.512695,4186.538574,4206.410156,4192.436035,4189.615234000001,4179.358886999999,4182.307617,4180.384765999999,4164.358886999999,4188.717772999999
4198.077147999999,4233.589844,4208.461426,4213.589844,4197.307617,4203.717772999999,4211.153809,4198.974121,4193.974121,4185.641113000001,4183.717772999999,4181.538574,4169.230957,4188.461426
4189.230957,4224.230957,4199.871582,4209.102539,4198.205078,4209.102539,4203.717772999999,4192.820313,4194.102539,4185.0,4182.05127,4179.743652,4165.897461,4181.538574
4185.512695,4217.94873,4195.769043,4202.436035,4195.384765999999,4208.846191,4205.128418,4191.922852000001,4198.974121,4187.820313,4185.769043,4183.205078,4166.794922,4182.307617
4194.358886999999,4223.077147999999,4201.025879,4204.615234000001,4204.487305,4217.563965,4208.717772999999,4203.717772999999,4208.717772999999,4198.333496,4196.153809,4190.0,4180.128418,4190.641113000001
4194.615234000001,4226.666504,4199.871582,4210.384765999999,4214.487305,4221.538574,4206.666504,4202.820313,4207.820313,4198.846191,4195.641113000001,4187.94873,4187.692383,4189.871582
4179.871582,4217.307617,4187.563965,4204.230957,4205.256348,4220.128418,4201.025879,4193.461426,4200.256348,4188.461426,4182.179688,4177.179688,4176.922852000001,4179.487305
4175.769043,4210.384765999999,4183.974121,4197.436035,4199.615234000001,4226.538574,4196.282227000001,4201.025879,4207.179688,4185.897461,4178.461426,4174.871582,4175.128418,4177.563965
4186.538574,4220.384765999999,4194.102539,4205.0,4204.743652,4223.077147999999,4200.384765999999,4210.897461,4218.589844,4193.589844,4187.94873,4181.538574,4190.769043,4186.922852000001
4199.615234000001,4236.025879,4206.794922,4221.025879,4206.666504,4207.307617,4200.512695,4201.025879,4213.717772999999,4198.461426,4193.589844,4186.922852000001,4197.307617,4194.230957
4209.102539,4241.666504,4217.05127,4231.410156,4213.333496,4208.077147999999,4187.820313,4192.436035,4207.692383,4197.820313,4193.077147999999,4190.256348,4192.820313,4198.205078
4206.666504,4235.897461,4216.538574,4227.307617,4215.641113000001,4209.230957,4191.666504,4202.179688,4206.282227000001,4188.974121,4188.846191,4188.846191,4187.692383,4198.205078
4198.333496,4228.589844,4205.769043,4216.666504,4205.512695,4193.461426,4208.717772999999,4196.666504,4187.307617,4171.153809,4177.436035,4179.102539,4179.230957,4190.512695
4196.794922,4229.358886999999,4201.794922,4212.692383,4203.846191,4189.743652,4202.692383,4166.794922,4168.974121,4161.794922,4165.769043,4174.358886999999,4172.179688,4183.974121
4194.487305,4227.692383,4203.333496,4212.436035,4207.820313,4204.615234000001,4194.358886999999,4171.666504,4181.538574,4166.153809,4162.94873,4181.538574,4173.333496,4182.436035
4185.769043,4216.538574,4194.871582,4203.974121,4199.743652,4211.538574,4211.153809,4208.589844,4198.333496,4173.846191,4166.153809,4186.410156,4178.077147999999,4180.769043
4185.128418,4212.820313,4185.512695,4201.794922,4196.794922,4206.794922,4215.128418,4208.077147999999,4198.717772999999,4183.717772999999,4172.94873,4183.205078,4186.922852000001,4181.153809
4187.94873,4216.282227000001,4185.512695,4206.410156,4207.307617,4212.820313,4196.794922,4183.205078,4199.615234000001,4194.487305,4181.025879,4180.128418,4194.487305,4181.025879
4182.436035,4211.538574,4185.769043,4202.179688,4208.205078,4223.333496,4194.871582,4180.641113000001,4197.307617,4195.512695,4185.128418,4180.0,4191.794922,4181.538574
4182.820313,4208.333496,4187.94873,4199.615234000001,4203.077147999999,4217.307617,4203.461426,4195.512695,4196.922852000001,4195.384765999999,4188.974121,4184.102539,4194.743652,4188.974121
4190.256348,4215.512695,4195.0,4204.743652,4205.384765999999,4200.0,4195.897461,4204.230957,4207.436035,4206.025879,4194.230957,4187.94873,4206.153809,4196.410156
4195.128418,4220.512695,4201.282227000001,4211.666504,4204.615234000001,4199.102539,4190.769043,4203.589844,4214.487305,4214.871582,4196.538574,4189.615234000001,4209.487305,4198.205078
4194.487305,4217.94873,4201.538574,4214.743652,4198.974121,4206.282227000001,4202.05127,4203.717772999999,4209.358886999999,4206.794922,4189.743652,4187.563965,4200.769043,4194.358886999999
4182.820313,4209.102539,4192.05127,4208.589844,4194.358886999999,4198.333496,4203.717772999999,4197.436035,4191.666504,4179.358886999999,4168.205078,4175.897461,4183.333496,4180.0
4176.538574,4206.538574,4190.512695,4202.820313,4198.077147999999,4197.563965,4197.307617,4187.692383,4175.256348,4160.641113000001,4153.974121,4168.589844,4173.846191,4170.769043
4185.897461,4210.512695,4200.256348,4206.922852000001,4206.922852000001,4203.461426,4198.205078,4184.615234000001,4172.94873,4161.666504,4155.641113000001,4171.922852000001,4170.512695,4174.871582
4184.615234000001,4204.102539,4196.025879,4205.769043,4205.641113000001,4196.025879,4196.666504,4174.230957,4164.102539,4149.358886999999,4145.0,4166.794922,4153.461426,4167.307617
4176.153809,4202.307617,4187.820313,4198.589844,4202.05127,4195.897461,4194.871582,4167.563965,4157.563965,4140.256348,4136.666504,4165.384765999999,4147.307617,4158.461426
4185.769043,4217.179688,4196.025879,4205.769043,4210.0,4204.102539,4195.128418,4177.307617,4178.461426,4167.563965,4155.128418,4179.615234000001,4168.974121,4173.717772999999
4197.05127,4224.230957,4200.769043,4213.974121,4216.922852000001,4202.05127,4195.128418,4180.897461,4196.666504,4195.769043,4169.743652,4182.94873,4181.666504,4188.974121
4192.94873,4215.897461,4193.717772999999,4209.487305,4206.922852000001,4198.717772999999,4199.743652,4181.794922,4198.589844,4196.666504,4166.794922,4174.487305,4180.128418,4190.0
4188.205078,4209.358886999999,4188.717772999999,4201.666504,4197.563965,4207.05127,4201.153809,4207.436035,4207.05127,4195.897461,4170.128418,4177.94873,4186.153809,4192.692383
4185.128418,4202.94873,4184.358886999999,4195.256348,4199.871582,4216.794922,4207.692383,4231.922852000001,4214.358886999999,4198.974121,4173.846191,4181.794922,4185.512695,4193.205078
4183.333496,4194.487305,4183.846191,4191.922852000001,4197.436035,4217.692383,4223.974121,4224.358886999999,4211.410156,4197.307617,4170.0,4174.871582,4179.487305,4188.974121
4190.769043,4198.077147999999,4189.615234000001,4194.487305,4196.282227000001,4210.128418,4221.282227000001,4208.589844,4211.538574,4200.256348,4172.436035,4172.692383,4188.717772999999,4192.692383
4198.461426,4207.05127,4194.743652,4196.922852000001,4203.589844,4206.922852000001,4199.871582,4208.205078,4214.230957,4206.153809,4178.717772999999,4176.410156,4201.794922,4198.974121
4197.05127,4203.205078,4192.820313,4191.794922,4205.384765999999,4212.179688,4188.589844,4209.487305,4205.256348,4197.307617,4171.538574,4172.94873,4193.846191,4191.666504
4197.94873,4199.102539,4190.897461,4193.846191,4201.153809,4212.307617,4186.538574,4189.743652,4190.512695,4180.128418,4161.410156,4167.94873,4177.820313,4182.94873
4204.102539,4206.410156,4197.692383,4206.666504,4199.615234000001,4208.717772999999,4186.794922,4165.897461,4183.461426,4177.307617,4165.641113000001,4171.410156,4181.666504,4189.358886999999
4209.230957,4211.538574,4206.666504,4212.179688,4201.025879,4210.0,4194.871582,4172.05127,4192.179688,4188.846191,4177.436035,4180.512695,4199.358886999999,4199.871582
4216.282227000001,4212.05127,4211.794922,4210.769043,4204.102539,4211.153809,4202.05127,4188.717772999999,4204.871582,4202.563965,4190.512695,4188.717772999999,4211.538574,4209.102539
4222.307617,4211.538574,4211.922852000001,4210.897461,4201.410156,4210.384765999999,4208.077147999999,4190.384765999999,4204.615234000001,4207.436035,4199.358886999999,4192.820313,4213.205078,4218.974121
4222.179688,4213.717772999999,4212.05127,4213.205078,4199.358886999999,4213.846191,4215.897461,4198.974121,4208.077147999999,4211.153809,4204.358886999999,4195.128418,4216.922852000001,4225.512695
4221.794922,4221.538574,4213.974121,4215.769043,4209.615234000001,4221.666504,4218.461426,4223.974121,4224.487305,4223.589844,4214.230957,4201.153809,4225.512695,4227.179688
4218.846191,4221.282227000001,4213.846191,4216.282227000001,4213.974121,4223.333496,4223.589844,4238.974121,4235.897461,4231.282227000001,4222.563965,4201.922852000001,4230.128418,4225.897461
4212.05127,4214.743652,4208.589844,4212.05127,4206.922852000001,4220.0,4225.256348,4234.743652,4236.282227000001,4227.436035,4219.615234000001,4193.589844,4229.102539,4224.230957
4207.563965,4212.692383,4199.487305,4203.461426,4206.538574,4217.563965,4216.282227000001,4222.692383,4229.871582,4218.846191,4210.769043,4187.94873,4216.922852000001,4217.179688
4210.512695,4212.179688,4199.230957,4202.692383,4210.128418,4216.666504,4216.794922,4225.641113000001,4225.384765999999,4216.282227000001,4210.0,4190.0,4206.794922,4210.897461
4216.666504,4211.794922,4208.461426,4208.846191,4209.743652,4216.153809,4224.230957,4237.436035,4228.717772999999,4219.230957,4213.846191,4191.282227000001,4211.922852000001,4214.358886999999
4214.743652,4209.358886999999,4210.0,4207.94873,4211.666504,4207.179688,4214.102539,4215.128418,4218.846191,4210.384765999999,4208.846191,4183.717772999999,4216.282227000001,4215.256348
4208.333496,4204.743652,4201.410156,4203.333496,4217.94873,4204.102539,4195.384765999999,4172.307617,4187.563965,4190.769043,4194.102539,4171.666504,4205.769043,4203.333496
4217.307617,4212.307617,4204.102539,4207.94873,4217.94873,4209.743652,4185.897461,4164.615234000001,4181.410156,4194.102539,4197.05127,4175.384765999999,4202.436035,4204.230957
4233.589844,4226.153809,4218.333496,4217.05127,4208.077147999999,4202.307617,4191.410156,4186.794922,4205.512695,4213.974121,4216.410156,4191.794922,4216.922852000001,4221.794922
4226.410156,4219.487305,4215.641113000001,4214.871582,4203.589844,4191.538574,4207.94873,4194.102539,4202.307617,4203.077147999999,4210.128418,4185.641113000001,4216.282227000001,4217.94873
4210.0,4208.717772999999,4200.897461,4207.436035,4207.307617,4193.333496,4205.769043,4186.282227000001,4185.256348,4186.410156,4192.94873,4170.769043,4200.641113000001,4201.794922
4214.871582,4217.820313,4203.461426,4207.692383,4205.769043,4197.563965,4192.05127,4190.897461,4204.102539,4205.641113000001,4205.512695,4180.769043,4198.717772999999,4208.461426
4218.333496,4221.794922,4210.256348,4206.153809,4200.0,4195.384765999999,4199.743652,4210.769043,4228.846191,4223.461426,4219.230957,4187.820313,4203.205078,4215.769043
4203.589844,4207.05127,4200.0,4197.05127,4200.769043,4195.897461,4218.333496,4227.820313,4225.641113000001,4212.05127,4207.563965,4179.102539,4194.743652,4205.512695
4192.179688,4196.153809,4190.512695,4191.922852000001,4205.897461,4206.794922,4221.410156,4229.358886999999,4217.692383,4201.282227000001,4200.897461,4177.692383,4182.307617,4200.384765999999
4193.717772999999,4196.922852000001,4191.025879,4193.589844,4208.333496,4211.666504,4210.769043,4213.461426,4209.230957,4196.153809,4201.794922,4183.974121,4176.025879,4199.615234000001
4201.410156,4205.512695,4195.128418,4198.589844,4209.230957,4203.846191,4204.615234000001,4198.717772999999,4197.692383,4189.102539,4198.717772999999,4183.974121,4178.589844,4198.205078
4202.94873,4210.641113000001,4195.384765999999,4201.794922,4212.563965,4207.436035,4209.230957,4198.205078,4190.0,4181.538574,4193.589844,4178.077147999999,4179.871582,4201.282227000001
4198.589844,4207.05127,4192.692383,4199.487305,4215.384765999999,4221.025879,4219.102539,4193.461426,4173.461426,4167.94873,4185.512695,4171.666504,4171.922852000001,4202.05127
4213.205078,4219.615234000001,4208.717772999999,4212.94873,4221.410156,4213.717772999999,4214.743652,4184.102539,4173.461426,4178.205078,4197.307617,4180.641113000001,4185.512695,4212.820313
4234.871582,4243.589844,4234.358886999999,4235.897461,4225.769043,4197.563965,4205.769043,4188.077147999999,4200.128418,4214.871582,4223.077147999999,4202.563965,4213.589844,4233.589844
4226.794922,4238.333496,4230.0,4231.538574,4219.358886999999,4203.589844,4209.743652,4197.05127,4206.538574,4218.717772999999,4223.589844,4206.538574,4212.820313,4233.974121
4209.487305,4216.666504,4206.538574,4215.769043,4212.436035,4213.717772999999,4205.769043,4201.410156,4192.05127,4195.641113000001,4207.05127,4195.897461,4195.384765999999,4218.461426
4214.102539,4219.358886999999,4202.94873,4218.461426,4211.153809,4205.256348,4197.179688,4204.743652,4195.897461,4201.538574,4208.589844,4197.307617,4197.563965,4217.563965
4217.692383,4226.153809,4207.692383,4220.641113000001,4210.512695,4196.025879,4207.307617,4207.563965,4208.974121,4219.487305,4219.615234000001,4202.563965,4206.538574,4221.153809
4218.269043,4226.089844,4209.535156,4220.080078,4210.608886999999,4197.179688,4207.916504,4207.211426,4207.083496,4216.907227000001,4219.471191,4201.891113000001,4206.490234000001,4220.561035
4218.846191,4226.025879,4211.378418,4219.519043,4210.705078,4198.333496,4208.525879,4206.858886999999,4205.192383,4214.327147999999,4219.327147999999,4201.217772999999,4206.442383,4219.967772999999
4219.422852000001,4225.961426,4213.221191,4218.958496,4210.80127,4199.487305,4209.134765999999,4206.506348,4203.30127,4211.746582,4219.182617,4200.544922,4206.394043,4219.375
4220.0,4225.897461,4215.063965,4218.397461,4210.897461,4200.641113000001,4209.743652,4206.153809,4201.410156,4209.166504,4219.038574,4199.871582,4206.346191,4218.782227000001
4220.577147999999,4225.833496,4216.907227000001,4217.836426,4210.993652,4201.794922,4210.352539,4205.80127,4199.519043,4206.586426,4218.894043,4199.19873,4206.297852000001,4218.188965
4221.153809,4225.769043,4218.75,4217.275879,4211.089844,4202.94873,4210.961426,4205.44873,4197.628418,4204.006348,4218.75,4198.525879,4206.25,4217.596191
4221.730957,4225.705078,4220.592772999999,4216.714844,4211.186035,4204.102539,4211.570313,4205.096191,4195.737305,4201.42627,4218.605957,4197.852539,4206.202147999999,4217.003418
4222.307617,4225.641113000001,4222.436035,4216.153809,4211.282227000001,4205.256348,4212.179688,4204.743652,4193.846191,4198.846191,4218.461426,4197.179688,4206.153809,4216.410156
4216.538574,4219.230957,4214.102539,4210.384765999999,4215.384765999999,4201.794922,4212.436035,4202.563965,4184.230957,4190.256348,4210.0,4197.692383,4195.897461,4206.922852000001
4220.128418,4228.333496,4211.794922,4218.974121,4225.128418,4192.307617,4189.230957,4189.871582,4183.717772999999,4195.512695,4211.025879,4193.846191,4200.128418,4202.692383
4223.077147999999,4236.666504,4214.743652,4225.641113000001,4231.410156,4200.641113000001,4173.846191,4179.102539,4190.897461,4206.666504,4217.563965,4191.025879,4210.897461,4202.436035
4209.487305,4226.153809,4204.615234000001,4212.436035,4224.871582,4206.153809,4187.94873,4185.0,4194.230957,4203.333496,4214.487305,4188.846191,4207.179688,4196.282227000001
4204.230957,4221.794922,4198.077147999999,4206.538574,4211.666504,4195.512695,4206.410156,4210.769043,4211.922852000001,4207.179688,4217.94873,4192.436035,4212.563965,4199.358886999999
4215.384765999999,4227.179688,4204.743652,4213.974121,4206.153809,4191.922852000001,4202.820313,4231.025879,4238.461426,4228.846191,4228.589844,4199.358886999999,4232.179688,4211.153809
4213.589844,4221.153809,4203.461426,4208.717772999999,4206.282227000001,4206.153809,4201.922852000001,4228.333496,4238.974121,4230.641113000001,4223.974121,4199.743652,4226.538574,4208.461426
4199.230957,4208.461426,4193.717772999999,4197.436035,4203.974121,4214.230957,4213.717772999999,4214.102539,4217.436035,4208.974121,4211.538574,4192.307617,4203.333496,4194.743652
4197.436035,4203.333496,4189.743652,4196.666504,4200.128418,4208.205078,4208.205078,4197.179688,4200.128418,4196.025879,4205.128418,4186.410156,4199.615234000001,4189.102539
4198.589844,4200.769043,4190.641113000001,4198.461426,4199.102539,4203.461426,4198.846191,4188.717772999999,4190.128418,4184.871582,4195.256348,4181.538574,4197.436035,4188.077147999999
4194.487305,4199.102539,4195.256348,4196.153809,4193.974121,4200.384765999999,4205.897461,4204.743652,4188.205078,4170.641113000001,4188.974121,4178.846191,4185.128418,4189.230957
4202.307617,4204.230957,4201.282227000001,4196.282227000001,4189.615234000001,4200.897461,4213.589844,4208.077147999999,4187.692383,4173.974121,4199.743652,4187.563965,4193.205078,4200.128418
4211.025879,4209.230957,4203.846191,4200.0,4195.0,4198.461426,4212.307617,4180.769043,4179.871582,4184.487305,4209.743652,4197.179688,4205.897461,4208.717772999999
4213.974121,4213.589844,4212.179688,4208.461426,4201.922852000001,4188.461426,4207.05127,4181.538574,4183.077147999999,4192.436035,4213.205078,4201.025879,4202.436035,4208.846191
4228.205078,4230.0,4229.358886999999,4225.641113000001,4214.358886999999,4194.102539,4202.436035,4210.512695,4208.205078,4212.179688,4228.077147999999,4206.538574,4218.589844,4215.128418
4236.153809,4243.461426,4233.846191,4234.230957,4227.05127,4210.0,4205.384765999999,4206.922852000001,4218.589844,4222.820313,4239.230957,4210.256348,4240.384765999999,4220.769043
4223.205078,4237.820313,4221.538574,4226.538574,4230.0,4213.461426,4206.666504,4182.820313,4201.282227000001,4207.05127,4225.384765999999,4204.230957,4226.794922,4210.256348
4216.538574,4237.05127,4217.563965,4222.692383,4226.153809,4207.179688,4190.769043,4191.025879,4203.461426,4204.487305,4216.153809,4199.358886999999,4213.974121,4202.692383
4222.820313,4242.692383,4226.282227000001,4226.538574,4215.512695,4199.230957,4186.922852000001,4219.358886999999,4231.025879,4224.358886999999,4224.615234000001,4201.922852000001,4227.94873,4211.538574
4216.410156,4227.436035,4222.436035,4221.153809,4204.743652,4195.641113000001,4206.153809,4226.538574,4234.487305,4220.769043,4221.153809,4197.94873,4223.589844,4210.641113000001
4205.128418,4210.128418,4205.384765999999,4206.538574,4201.794922,4200.384765999999,4208.461426,4209.615234000001,4210.512695,4196.666504,4203.589844,4188.846191,4201.025879,4195.384765999999
4206.538574,4212.563965,4199.743652,4202.820313,4199.487305,4202.94873,4198.717772999999,4197.94873,4197.692383,4193.846191,4201.538574,4187.820313,4202.436035,4191.410156
4211.538574,4216.153809,4206.153809,4210.0,4194.102539,4198.974121,4207.820313,4211.410156,4207.820313,4205.897461,4212.94873,4195.256348,4214.102539,4201.282227000001
4206.922852000001,4207.05127,4205.128418,4205.256348,4192.94873,4201.666504,4219.743652,4230.128418,4216.666504,4200.0,4210.897461,4197.94873,4204.230957,4202.05127
4197.820313,4196.922852000001,4198.589844,4190.641113000001,4199.358886999999,4214.615234000001,4219.487305,4235.641113000001,4209.743652,4185.641113000001,4198.974121,4193.205078,4190.641113000001,4194.230957
4197.179688,4195.641113000001,4198.589844,4189.615234000001,4201.794922,4211.794922,4212.179688,4224.487305,4201.666504,4187.820313,4196.666504,4192.307617,4196.794922,4194.230957
4200.897461,4200.512695,4201.282227000001,4197.179688,4197.307617,4190.769043,4204.871582,4204.487305,4202.307617,4194.743652,4201.538574,4197.307617,4205.0,4197.563965
4203.589844,4207.307617,4204.487305,4202.436035,4204.743652,4192.563965,4202.563965,4198.205078,4202.05127,4192.820313,4202.436035,4204.615234000001,4201.410156,4200.384765999999
4215.256348,4219.102539,4212.820313,4213.333496,4220.897461,4205.0,4197.820313,4206.538574,4200.128418,4195.897461,4208.205078,4212.436035,4206.922852000001,4209.102539
4233.205078,4236.538574,4226.282227000001,4228.717772999999,4225.128418,4191.666504,4190.769043,4211.666504,4211.025879,4213.461426,4224.230957,4220.256348,4228.974121,4220.769043
4234.487305,4239.743652,4230.641113000001,4230.128418,4222.05127,4184.230957,4191.153809,4210.769043,4222.436035,4225.128418,4228.205078,4220.897461,4236.538574,4220.641113000001
4217.05127,4225.641113000001,4219.230957,4215.897461,4221.922852000001,4200.769043,4190.769043,4211.794922,4216.538574,4216.922852000001,4216.922852000001,4211.153809,4220.384765999999,4208.846191
4206.666504,4218.846191,4210.641113000001,4208.077147999999,4212.820313,4204.230957,4193.589844,4218.461426,4210.769043,4206.922852000001,4210.512695,4202.692383,4214.230957,4201.153809
4200.512695,4214.487305,4206.025879,4204.102539,4199.743652,4191.922852000001,4206.794922,4220.384765999999,4212.563965,4200.897461,4202.563965,4195.641113000001,4209.487305,4194.102539
4184.102539,4201.025879,4194.102539,4189.615234000001,4201.025879,4195.641113000001,4213.717772999999,4212.692383,4209.102539,4194.230957,4187.05127,4184.871582,4186.025879,4183.846191
4175.384765999999,4191.153809,4187.94873,4179.615234000001,4202.820313,4206.282227000001,4218.846191,4210.0,4201.410156,4190.384765999999,4186.025879,4180.256348,4173.461426,4179.230957
4181.410156,4194.871582,4193.333496,4185.384765999999,4195.897461,4198.205078,4234.230957,4221.922852000001,4206.794922,4192.179688,4196.153809,4186.922852000001,4190.897461,4185.128418
4186.282227000001,4202.179688,4195.512695,4192.307617,4194.871582,4187.692383,4228.974121,4227.307617,4216.794922,4200.128418,4198.333496,4190.256348,4206.666504,4192.179688
4188.974121,4203.974121,4196.538574,4193.461426,4199.358886999999,4192.94873,4206.025879,4219.743652,4210.256348,4202.179688,4193.846191,4187.05127,4193.461426,4191.794922
4199.487305,4207.179688,4204.358886999999,4198.717772999999,4203.205078,4198.461426,4204.102539,4210.0,4196.410156,4192.820313,4194.615234000001,4192.436035,4178.846191,4191.922852000001
4206.410156,4214.102539,4208.717772999999,4204.615234000001,4209.358886999999,4195.897461,4206.666504,4196.025879,4192.692383,4190.256348,4200.0,4199.487305,4189.487305,4194.871582
4198.846191,4212.820313,4202.436035,4201.282227000001,4210.641113000001,4192.05127,4189.615234000001,4182.436035,4193.077147999999,4193.333496,4196.922852000001,4191.922852000001,4200.0,4192.692383
4191.410156,4205.897461,4195.769043,4197.436035,4207.692383,4190.256348,4184.102539,4183.333496,4189.358886999999,4185.256348,4184.358886999999,4182.692383,4189.487305,4185.384765999999
4187.692383,4203.974121,4193.589844,4195.641113000001,4210.384765999999,4191.282227000001,4193.846191,4188.846191,4182.94873,4177.05127,4177.05127,4185.769043,4177.563965,4181.538574
4186.410156,4205.256348,4193.974121,4191.922852000001,4211.282227000001,4191.282227000001,4191.153809,4189.743652,4186.666504,4183.333496,4182.563965,4190.256348,4182.436035,4183.846191
4191.282227000001,4207.179688,4197.692383,4190.128418,4208.846191,4188.461426,4191.025879,4193.333496,4201.282227000001,4192.94873,4190.512695,4190.769043,4197.436035,4187.692383
4192.563965,4206.666504,4196.794922,4191.282227000001,4210.897461,4190.128418,4202.436035,4194.358886999999,4204.230957,4193.846191,4188.589844,4193.333496,4199.743652,4189.102539
4186.410156,4204.871582,4190.769043,4190.512695,4207.307617,4198.846191,4207.94873,4203.077147999999,4200.128418,4192.436035,4181.666504,4194.743652,4186.025879,4188.589844
4180.128418,4196.794922,4185.641113000001,4186.025879,4194.358886999999,4203.333496,4216.025879,4218.461426,4198.205078,4189.487305,4172.94873,4187.179688,4174.230957,4187.05127
4180.128418,4184.743652,4181.794922,4179.615234000001,4186.538574,4196.282227000001,4223.846191,4216.666504,4193.077147999999,4181.538574,4164.615234000001,4181.282227000001,4170.0,4181.282227000001
4186.410156,4190.128418,4183.846191,4180.256348,4192.692383,4193.974121,4219.743652,4210.256348,4201.025879,4187.94873,4170.641113000001,4188.974121,4174.615234000001,4184.358886999999
4192.563965,4203.461426,4187.820313,4186.666504,4198.717772999999,4207.820313,4215.0,4213.077147999999,4213.974121,4202.307617,4181.922852000001,4197.563965,4184.230957,4194.230957
4191.153809,4198.077147999999,4185.0,4186.666504,4198.077147999999,4216.922852000001,4214.871582,4209.871582,4206.794922,4195.897461,4175.769043,4191.922852000001,4183.077147999999,4191.794922
4186.410156,4189.358886999999,4180.769043,4182.563965,4197.179688,4206.922852000001,4210.128418,4190.769043,4189.230957,4177.820313,4165.641113000001,4182.436035,4173.846191,4183.077147999999
4190.0,4200.641113000001,4183.846191,4185.512695,4200.384765999999,4196.922852000001,4194.743652,4171.538574,4182.179688,4175.769043,4169.615234000001,4184.358886999999,4173.461426,4185.256348
4199.871582,4212.563965,4190.897461,4194.871582,4204.358886999999,4198.974121,4183.077147999999,4176.025879,4189.102539,4186.025879,4179.743652,4194.230957,4184.358886999999,4195.256348
4205.641113000001,4207.563965,4190.769043,4200.769043,4198.846191,4202.05127,4185.512695,4198.205078,4202.05127,4191.025879,4187.692383,4197.05127,4195.0,4197.05127
4207.05127,4208.974121,4188.205078,4204.487305,4198.461426,4203.846191,4193.077147999999,4205.256348,4210.769043,4199.230957,4196.153809,4194.487305,4203.846191,4199.230957
4209.615234000001,4220.769043,4191.922852000001,4208.846191,4210.769043,4206.922852000001,4198.333496,4198.333496,4212.307617,4209.487305,4203.717772999999,4194.358886999999,4212.179688,4212.179688
4210.641113000001,4218.589844,4196.282227000001,4206.794922,4209.871582,4204.615234000001,4202.307617,4205.384765999999,4210.256348,4207.820313,4205.128418,4195.641113000001,4214.743652,4219.230957
4206.538574,4211.282227000001,4197.563965,4203.589844,4202.692383,4203.333496,4210.128418,4214.230957,4206.282227000001,4200.769043,4206.282227000001,4196.666504,4214.358886999999,4214.487305
4203.846191,4216.922852000001,4199.230957,4205.128418,4208.461426,4211.025879,4214.230957,4212.94873,4206.025879,4197.05127,4210.256348,4198.717772999999,4214.615234000001,4212.05127
4206.538574,4219.102539,4199.871582,4205.897461,4209.615234000001,4212.820313,4218.589844,4210.0,4207.05127,4197.436035,4211.153809,4201.666504,4212.307617,4214.487305
4210.0,4211.410156,4199.871582,4203.717772999999,4199.743652,4202.307617,4221.282227000001,4204.102539,4204.487305,4199.230957,4210.128418,4204.871582,4211.794922,4217.05127
4211.025879,4209.871582,4200.897461,4205.128418,4197.820313,4199.615234000001,4215.256348,4201.282227000001,4207.05127,4200.897461,4210.256348,4206.153809,4215.641113000001,4217.820313
4203.333496,4209.358886999999,4194.230957,4203.077147999999,4199.102539,4208.077147999999,4206.153809,4196.666504,4207.436035,4197.820313,4204.102539,4199.102539,4214.871582,4208.974121
4192.307617,4204.615234000001,4186.666504,4198.589844,4201.025879,4208.717772999999,4196.025879,4191.025879,4202.179688,4191.922852000001,4195.897461,4193.205078,4207.563965,4201.025879
4196.025879,4208.077147999999,4191.922852000001,4202.94873,4207.94873,4206.922852000001,4197.692383,4206.282227000001,4209.358886999999,4195.641113000001,4201.282227000001,4199.743652,4205.128418,4207.94873
4211.794922,4215.641113000001,4202.05127,4211.410156,4208.333496,4211.282227000001,4206.794922,4217.179688,4218.461426,4209.102539,4214.102539,4209.871582,4217.05127,4217.820313
4214.358886999999,4213.589844,4203.974121,4211.025879,4205.128418,4208.717772999999,4197.436035,4194.358886999999,4209.358886999999,4212.436035,4218.846191,4211.922852000001,4231.538574,4217.307617
4202.307617,4206.025879,4197.307617,4203.205078,4206.282227000001,4204.615234000001,4185.128418,4185.128418,4199.743652,4201.666504,4215.897461,4205.641113000001,4227.179688,4208.974121
4199.102539,4205.512695,4193.589844,4200.897461,4205.256348,4207.563965,4194.358886999999,4203.589844,4202.563965,4197.563965,4214.358886999999,4201.025879,4214.102539,4206.410156
4206.153809,4208.077147999999,4199.743652,4203.077147999999,4201.538574,4200.512695,4209.743652,4201.922852000001,4198.846191,4203.461426,4215.897461,4205.897461,4219.358886999999,4214.487305
4211.410156,4209.743652,4208.974121,4206.538574,4203.717772999999,4191.025879,4215.256348,4196.538574,4196.666504,4207.05127,4220.512695,4212.820313,4229.358886999999,4219.615234000001
4212.563965,4212.179688,4208.333496,4210.512695,4208.333496,4194.743652,4210.128418,4208.846191,4204.871582,4202.820313,4223.974121,4211.922852000001,4226.666504,4214.743652
4217.436035,4214.871582,4209.358886999999,4213.589844,4211.025879,4196.538574,4206.153809,4210.256348,4211.153809,4203.461426,4227.307617,4214.743652,4231.025879,4219.102539
4219.358886999999,4214.358886999999,4213.333496,4212.820313,4209.743652,4194.230957,4213.717772999999,4192.307617,4207.307617,4208.717772999999,4229.487305,4218.974121,4236.922852000001,4228.205078
4206.538574,4206.794922,4201.922852000001,4205.641113000001,4203.589844,4197.692383,4210.256348,4171.666504,4189.871582,4197.436035,4218.205078,4206.410156,4218.717772999999,4214.871582
4199.358886999999,4210.256348,4193.717772999999,4207.05127,4212.179688,4206.410156,4192.563965,4175.0,4189.487305,4192.307617,4210.512695,4197.179688,4210.384765999999,4201.025879
4203.846191,4221.153809,4195.897461,4212.436035,4226.410156,4211.666504,4192.436035,4201.538574,4217.179688,4211.025879,4218.717772999999,4204.102539,4226.538574,4207.692383
4198.461426,4210.512695,4188.717772999999,4204.871582,4218.205078,4214.487305,4204.743652,4217.179688,4229.230957,4215.897461,4216.282227000001,4199.743652,4222.436035,4209.358886999999
4192.563965,4198.205078,4181.410156,4195.769043,4209.487305,4223.077147999999,4210.384765999999,4216.282227000001,4218.205078,4202.563965,4202.05127,4186.794922,4205.897461,4200.512695
4203.205078,4210.128418,4191.922852000001,4201.153809,4217.179688,4230.769043,4221.666504,4219.487305,4219.230957,4207.179688,4205.256348,4192.692383,4214.358886999999,4203.974121
4213.589844,4221.538574,4204.102539,4211.538574,4221.153809,4224.615234000001,4232.179688,4224.615234000001,4227.05127,4219.358886999999,4220.769043,4204.615234000001,4226.794922,4216.538574
4212.692383,4213.717772999999,4203.333496,4211.025879,4211.922852000001,4211.153809,4225.769043,4213.846191,4214.487305,4210.769043,4222.563965,4204.615234000001,4221.410156,4220.0
4217.692383,4214.230957,4206.282227000001,4210.256348,4210.512695,4204.615234000001,4215.897461,4199.358886999999,4199.230957,4202.563965,4220.256348,4209.358886999999,4225.641113000001,4223.205078
4228.077147999999,4226.538574,4217.179688,4220.0,4216.282227000001,4195.769043,4214.487305,4208.717772999999,4204.615234000001,4212.94873,4228.333496,4220.512695,4239.358886999999,4232.436035
4232.563965,4226.666504,4226.666504,4226.538574,4213.205078,4186.794922,4213.717772999999,4220.897461,4217.692383,4222.05127,4236.922852000001,4220.512695,4241.410156,4236.794922
4235.384765999999,4225.0,4229.871582,4224.615234000001,4210.897461,4196.666504,4207.05127,4209.102539,4222.94873,4223.974121,4239.487305,4215.769043,4243.846191,4236.538574
4230.256348,4227.436035,4221.025879,4219.230957,4213.974121,4206.025879,4195.897461,4194.102539,4219.871582,4221.538574,4233.205078,4213.077147999999,4242.692383,4231.538574
4217.436035,4225.512695,4207.94873,4215.641113000001,4216.025879,4194.743652,4187.436035,4195.0,4217.563965,4215.128418,4220.641113000001,4207.179688,4231.794922,4221.153809
4215.0,4225.256348,4204.230957,4215.769043,4215.128418,4192.563965,4191.922852000001,4204.871582,4224.102539,4216.794922,4216.410156,4201.410156,4227.820313,4213.717772999999
4210.0,4217.692383,4196.538574,4208.589844,4212.436035,4208.205078,4200.256348,4205.384765999999,4226.282227000001,4216.025879,4213.461426,4199.871582,4221.794922,4204.487305
4191.410156,4198.846191,4178.205078,4195.0,4209.230957,4212.692383,4206.538574,4201.410156,4219.230957,4201.282227000001,4199.358886999999,4192.820313,4205.0,4189.615234000001
4184.743652,4192.05127,4172.692383,4191.153809,4204.230957,4209.230957,4215.256348,4204.487305,4219.871582,4195.128418,4194.743652,4182.563965,4202.179688,4184.358886999999
4190.512695,4195.897461,4178.717772999999,4192.436035,4198.589844,4214.487305,4217.436035,4207.436035,4221.282227000001,4203.077147999999,4204.615234000001,4182.179688,4211.538574,4190.256348
4188.461426,4191.153809,4177.563965,4187.436035,4190.512695,4209.615234000001,4211.794922,4203.846191,4213.846191,4201.922852000001,4205.384765999999,4182.820313,4211.666504,4192.436035
4190.0,4190.128418,4180.769043,4187.820313,4186.282227000001,4191.025879,4202.94873,4201.025879,4209.102539,4196.538574,4202.307617,4181.538574,4212.05127,4195.641113000001
4198.974121,4202.05127,4196.538574,4199.102539,4196.794922,4192.820313,4193.205078,4204.102539,4211.153809,4199.487305,4211.025879,4189.102539,4222.563965,4207.307617
4203.974121,4210.769043,4208.589844,4208.077147999999,4211.025879,4205.769043,4194.230957,4210.256348,4213.717772999999,4204.358886999999,4221.538574,4202.179688,4230.769043,4217.436035
4207.436035,4212.179688,4206.794922,4207.436035,4206.538574,4195.512695,4196.538574,4196.153809,4206.282227000001,4204.102539,4221.538574,4205.128418,4229.615234000001,4218.846191
4209.743652,4213.717772999999,4204.358886999999,4206.025879,4198.589844,4178.205078,4176.410156,4159.871582,4189.871582,4198.333496,4220.897461,4203.717772999999,4229.102539,4218.205078
4210.384765999999,4217.05127,4207.94873,4209.230957,4201.153809,4175.256348,4158.333496,4153.846191,4187.94873,4195.0,4223.717772999999,4205.128418,4230.0,4218.205078
4206.666504,4211.794922,4204.230957,4206.666504,4196.922852000001,4182.436035,4174.615234000001,4180.384765999999,4198.077147999999,4194.358886999999,4216.538574,4199.487305,4221.410156,4208.205078
4196.666504,4197.563965,4191.794922,4194.871582,4193.077147999999,4192.820313,4190.256348,4184.230957,4199.871582,4190.897461,4201.025879,4189.230957,4207.820313,4190.897461
4187.307617,4187.94873,4183.205078,4183.846191,4194.615234000001,4194.230957,4183.077147999999,4181.153809,4203.974121,4188.846191,4192.563965,4183.589844,4201.922852000001,4180.769043
4186.922852000001,4189.102539,4185.897461,4184.358886999999,4190.769043,4193.077147999999,4197.94873,4211.794922,4223.077147999999,4199.487305,4201.153809,4185.769043,4203.717772999999,4182.94873
4186.794922,4189.230957,4189.743652,4188.461426,4187.563965,4204.358886999999,4225.512695,4227.05127,4228.589844,4207.692383,4207.307617,4189.487305,4200.256348,4185.128418
4176.794922,4181.282227000001,4183.333496,4182.692383,4188.333496,4206.666504,4217.563965,4204.230957,4213.846191,4201.666504,4202.179688,4188.461426,4195.384765999999,4180.512695
4169.615234000001,4174.615234000001,4177.692383,4175.769043,4187.94873,4197.563965,4205.256348,4190.641113000001,4207.05127,4199.102539,4205.897461,4189.487305,4199.743652,4181.410156
4173.461426,4177.436035,4180.769043,4178.333496,4190.256348,4202.179688,4217.563965,4199.871582,4213.333496,4202.307617,4212.692383,4193.461426,4200.128418,4187.05127
4188.717772999999,4196.282227000001,4192.820313,4190.0,4200.512695,4208.846191,4216.282227000001,4226.794922,4227.820313,4212.563965,4215.512695,4200.897461,4200.769043,4195.512695
4201.282227000001,4208.846191,4207.820313,4199.230957,4205.256348,4198.846191,4192.436035,4237.820313,4231.666504,4221.025879,4221.410156,4206.153809,4212.692383,4206.538574
4201.025879,4204.743652,4211.794922,4200.512695,4205.0,4189.871582,4178.974121,4197.179688,4204.615234000001,4210.384765999999,4220.769043,4202.436035,4215.256348,4209.230957
4206.922852000001,4217.307617,4212.692383,4213.333496,4215.769043,4193.205078,4180.897461,4156.794922,4182.436035,4198.461426,4215.0,4200.897461,4213.077147999999,4211.282227000001
4220.128418,4240.512695,4220.641113000001,4232.179688,4223.974121,4196.153809,4179.230957,4168.589844,4195.641113000001,4204.102539,4220.641113000001,4207.179688,4224.487305,4219.871582
4218.717772999999,4239.358886999999,4220.128418,4228.333496,4214.102539,4193.077147999999,4175.256348,4191.153809,4209.358886999999,4209.615234000001,4224.615234000001,4202.94873,4226.666504,4216.794922
4201.538574,4220.769043,4204.487305,4212.692383,4201.538574,4188.717772999999,4182.179688,4198.461426,4202.563965,4201.922852000001,4210.128418,4188.974121,4204.871582,4198.589844
4184.743652,4204.358886999999,4190.256348,4202.94873,4200.128418,4194.615234000001,4202.563965,4201.666504,4196.666504,4183.846191,4191.538574,4181.153809,4180.0,4181.794922
4179.102539,4196.282227000001,4188.717772999999,4195.256348,4204.358886999999,4210.256348,4221.153809,4203.077147999999,4202.307617,4175.128418,4186.410156,4179.871582,4174.487305,4175.256348
4186.794922,4203.461426,4195.897461,4194.358886999999,4205.0,4207.820313,4208.205078,4205.769043,4212.563965,4195.512695,4197.436035,4185.256348,4191.666504,4183.077147999999
4194.230957,4208.205078,4200.512695,4198.717772999999,4198.589844,4192.436035,4186.538574,4203.077147999999,4216.666504,4215.256348,4208.974121,4193.333496,4205.769043,4193.846191
4189.615234000001,4199.487305,4197.692383,4195.128418,4191.922852000001,4193.205078,4202.05127,4216.025879,4218.205078,4209.743652,4207.307617,4192.692383,4199.615234000001,4194.358886999999
4187.307617,4198.333496,4193.846191,4192.179688,4190.769043,4198.846191,4218.717772999999,4236.794922,4223.589844,4203.333496,4202.94873,4186.282227000001,4193.589844,4192.692383
4189.230957,4205.256348,4187.179688,4195.256348,4195.0,4203.846191,4203.205078,4208.205078,4214.358886999999,4198.077147999999,4196.666504,4175.512695,4187.05127,4185.256348
4184.615234000001,4202.692383,4178.333496,4195.512695,4203.846191,4214.487305,4191.025879,4160.256348,4192.436035,4184.102539,4184.102539,4165.0,4176.794922,4172.692383
4186.666504,4206.282227000001,4184.358886999999,4200.384765999999,4208.333496,4214.743652,4189.743652,4165.256348,4191.025879,4184.871582,4185.641113000001,4169.871582,4182.94873,4179.487305
4203.589844,4226.153809,4201.538574,4211.666504,4208.974121,4201.666504,4175.0,4185.0,4200.897461,4200.897461,4200.0,4184.230957,4198.333496,4198.461426
4209.487305,4232.307617,4201.153809,4212.692383,4209.102539,4192.563965,4167.05127,4172.436035,4187.94873,4196.922852000001,4196.922852000001,4184.871582,4193.717772999999,4200.384765999999
4203.077147999999,4219.743652,4193.461426,4206.794922,4203.974121,4195.769043,4180.897461,4167.94873,4173.077147999999,4182.94873,4187.436035,4176.025879,4184.743652,4196.794922
4209.487305,4219.871582,4202.820313,4211.153809,4198.461426,4197.179688,4196.922852000001,4173.717772999999,4175.512695,4186.410156,4198.461426,4182.436035,4198.717772999999,4207.94873
4223.846191,4236.025879,4217.94873,4220.769043,4204.230957,4194.615234000001,4212.179688,4173.589844,4184.743652,4203.205078,4217.179688,4203.333496,4222.563965,4222.563965
4222.820313,4238.846191,4220.897461,4221.153809,4210.128418,4199.230957,4219.743652,4190.512695,4201.025879,4215.897461,4223.461426,4214.615234000001,4231.410156,4226.153809
4205.384765999999,4221.025879,4208.077147999999,4208.077147999999,4198.717772999999,4198.974121,4205.769043,4209.871582,4208.589844,4208.461426,4213.461426,4205.512695,4216.794922,4215.256348
4192.692383,4205.384765999999,4196.025879,4197.179688,4188.717772999999,4189.615234000001,4196.153809,4216.922852000001,4205.384765999999,4197.820313,4200.384765999999,4193.205078,4198.589844,4199.871582
4189.615234000001,4206.666504,4195.128418,4196.794922,4196.410156,4193.461426,4200.641113000001,4219.615234000001,4211.153809,4204.230957,4198.205078,4190.384765999999,4194.615234000001,4194.615234000001
4185.0,4210.384765999999,4190.256348,4194.615234000001,4203.974121,4210.512695,4194.487305,4207.436035,4215.128418,4206.153809,4194.358886999999,4185.256348,4192.05127,4192.563965
4179.487305,4206.153809,4182.692383,4190.769043,4200.0,4212.820313,4192.94873,4192.307617,4208.589844,4197.563965,4185.128418,4177.436035,4186.794922,4187.94873
4178.077147999999,4202.436035,4182.436035,4190.256348,4195.512695,4204.487305,4204.615234000001,4198.333496,4207.563965,4197.692383,4182.307617,4175.256348,4183.461426,4188.717772999999
4181.922852000001,4205.256348,4184.871582,4193.589844,4203.205078,4209.487305,4203.333496,4206.025879,4215.0,4204.615234000001,4185.384765999999,4175.897461,4185.384765999999,4192.563965
4186.282227000001,4208.717772999999,4186.794922,4198.333496,4211.282227000001,4216.794922,4200.897461,4200.128418,4212.94873,4203.974121,4184.102539,4173.333496,4189.743652,4190.512695
4190.641113000001,4208.333496,4189.487305,4201.794922,4207.94873,4207.436035,4206.282227000001,4193.974121,4201.410156,4199.743652,4177.94873,4174.743652,4192.563965,4188.974121
4196.282227000001,4214.871582,4192.436035,4206.025879,4211.538574,4202.563965,4188.974121,4180.512695,4192.05127,4200.512695,4180.769043,4188.205078,4199.871582,4198.461426
4203.846191,4224.102539,4197.94873,4211.282227000001,4220.128418,4209.230957,4172.307617,4172.307617,4184.487305,4201.025879,4190.0,4199.102539,4211.282227000001,4208.077147999999
4216.282227000001,4229.230957,4208.974121,4220.128418,4214.102539,4204.487305,4186.282227000001,4184.358886999999,4176.538574,4199.871582,4197.692383,4199.871582,4219.102539,4215.0
4231.922852000001,4238.077147999999,4219.615234000001,4229.358886999999,4207.179688,4192.307617,4187.307617,4188.846191,4181.153809,4209.230957,4209.487305,4204.871582,4226.922852000001,4230.256348
4242.307617,4246.538574,4226.666504,4231.794922,4213.077147999999,4189.102539,4168.333496,4185.769043,4198.205078,4224.487305,4223.461426,4216.410156,4235.384765999999,4244.102539
4234.358886999999,4238.846191,4222.307617,4223.846191,4213.077147999999,4197.307617,4174.871582,4185.512695,4200.0,4219.230957,4220.769043,4213.333496,4229.615234000001,4235.0
4213.077147999999,4219.102539,4201.922852000001,4209.102539,4206.282227000001,4205.256348,4197.307617,4173.077147999999,4184.487305,4198.077147999999,4197.05127,4189.102539,4207.692383,4209.615234000001
4199.358886999999,4207.436035,4186.025879,4197.563965,4206.922852000001,4208.717772999999,4203.077147999999,4172.307617,4192.563965,4195.641113000001,4185.0,4174.487305,4192.436035,4198.717772999999
4196.410156,4203.077147999999,4183.717772999999,4192.179688,4206.153809,4215.128418,4201.153809,4204.615234000001,4222.436035,4209.615234000001,4191.794922,4180.769043,4195.512695,4201.922852000001
4186.153809,4192.563965,4176.538574,4182.436035,4196.153809,4222.179688,4212.307617,4219.230957,4222.307617,4204.743652,4185.0,4177.94873,4189.615234000001,4192.436035
4178.461426,4183.589844,4168.717772999999,4174.871582,4189.743652,4226.794922,4224.102539,4205.0,4209.102539,4191.922852000001,4170.128418,4167.05127,4172.436035,4180.0
4189.230957,4191.282227000001,4175.384765999999,4182.307617,4195.512695,4227.94873,4214.871582,4198.974121,4219.615234000001,4202.436035,4180.641113000001,4173.205078,4179.230957,4186.794922
4194.358886999999,4195.641113000001,4181.153809,4185.0,4196.410156,4218.333496,4198.077147999999,4195.256348,4221.025879,4210.0,4193.589844,4184.615234000001,4194.358886999999,4194.871582
4193.333496,4192.436035,4184.102539,4186.025879,4193.589844,4202.94873,4198.461426,4202.563965,4212.94873,4204.871582,4191.025879,4186.025879,4192.307617,4195.256348
4208.077147999999,4205.0,4200.128418,4202.563965,4197.563965,4201.153809,4199.871582,4218.333496,4222.179688,4212.820313,4200.641113000001,4193.974121,4199.358886999999,4211.410156
4228.461426,4224.615234000001,4218.589844,4216.153809,4205.0,4209.230957,4186.538574,4208.846191,4220.897461,4223.205078,4219.743652,4211.025879,4224.102539,4237.05127
4241.410156,4233.589844,4230.256348,4227.05127,4216.153809,4205.512695,4176.794922,4189.487305,4207.05127,4225.512695,4231.153809,4221.410156,4240.384765999999,4250.256348
4248.077147999999,4236.410156,4237.179688,4235.384765999999,4220.512695,4195.128418,4181.282227000001,4197.307617,4213.717772999999,4232.307617,4237.820313,4219.102539,4243.717772999999,4250.897461
4243.461426,4234.230957,4232.436035,4214.487305,4212.307617,4198.461426,4193.589844,4211.794922,4218.974121,4226.666504,4236.025879,4207.307617,4235.0,4243.077147999999
4226.666504,4219.871582,4218.333496,4178.333496,4206.025879,4207.179688,4196.666504,4207.820313,4203.333496,4203.974121,4223.717772999999,4197.563965,4215.128418,4231.153809
4216.025879,4211.666504,4210.128418,4170.128418,4214.871582,4207.692383,4183.077147999999,4196.666504,4197.436035,4197.94873,4217.05127,4196.410156,4204.615234000001,4226.410156
4216.922852000001,4213.205078,4207.692383,4183.333496,4221.410156,4212.820313,4181.282227000001,4198.974121,4211.666504,4209.230957,4216.666504,4191.410156,4198.717772999999,4225.0
4214.487305,4203.461426,4202.179688,4189.487305,4210.0,4222.563965,4200.897461,4214.230957,4221.538574,4208.846191,4209.743652,4183.077147999999,4186.538574,4216.153809
4207.436035,4198.974121,4198.717772999999,4194.102539,4208.077147999999,4225.256348,4207.307617,4212.179688,4216.025879,4206.153809,4206.922852000001,4183.717772999999,4189.487305,4213.717772999999
4203.589844,4203.205078,4196.794922,4196.922852000001,4215.384765999999,4227.563965,4202.179688,4199.615234000001,4209.358886999999,4209.615234000001,4207.820313,4185.256348,4194.615234000001,4215.641113000001
4198.461426,4194.871582,4188.205078,4187.94873,4207.05127,4227.307617,4214.358886999999,4218.589844,4215.384765999999,4208.846191,4204.743652,4177.179688,4182.179688,4207.692383
4194.615234000001,4188.333496,4182.692383,4184.102539,4198.077147999999,4222.05127,4222.94873,4237.94873,4223.717772999999,4212.05127,4206.153809,4173.589844,4187.820313,4201.922852000001
4195.641113000001,4196.410156,4185.384765999999,4190.769043,4208.974121,4223.077147999999,4205.0,4209.487305,4216.922852000001,4218.205078,4209.358886999999,4175.512695,4204.743652,4203.461426
4194.358886999999,4200.769043,4187.436035,4193.974121,4216.538574,4228.846191,4200.256348,4192.05127,4210.0,4216.410156,4208.333496,4175.128418,4197.436035,4205.128418
4197.692383,4203.589844,4192.179688,4198.461426,4211.922852000001,4224.358886999999,4217.05127,4222.05127,4221.794922,4221.153809,4216.922852000001,4180.0,4200.256348,4212.820313
4208.974121,4210.769043,4199.230957,4207.563965,4212.05127,4212.692383,4212.307617,4230.384765999999,4228.077147999999,4231.794922,4228.205078,4189.230957,4221.410156,4221.282227000001
4206.922852000001,4208.333496,4199.487305,4209.102539,4214.230957,4209.871582,4191.282227000001,4201.282227000001,4209.743652,4224.487305,4220.384765999999,4187.436035,4218.333496,4213.974121
4201.282227000001,4206.153809,4201.153809,4209.743652,4215.384765999999,4208.461426,4187.563965,4198.077147999999,4200.384765999999,4211.282227000001,4212.179688,4183.077147999999,4206.666504,4209.871582
4216.410156,4215.384765999999,4214.743652,4219.871582,4215.384765999999,4201.666504,4205.512695,4227.692383,4215.769043,4218.077147999999,4221.025879,4192.179688,4217.179688,4224.487305
4221.538574,4215.384765999999,4217.05127,4220.128418,4210.128418,4202.05127,4213.717772999999,4226.922852000001,4212.179688,4219.230957,4222.179688,4194.743652,4214.743652,4225.256348
4202.563965,4201.025879,4198.589844,4207.94873,4205.384765999999,4205.641113000001,4196.025879,4203.974121,4188.717772999999,4198.974121,4204.487305,4182.820313,4194.871582,4204.487305
4195.384765999999,4193.461426,4191.025879,4203.589844,4201.794922,4199.230957,4189.871582,4213.205078,4193.333496,4193.974121,4197.179688,4181.666504,4200.0,4197.179688
4200.641113000001,4193.461426,4195.128418,4204.615234000001,4196.538574,4200.641113000001,4203.205078,4222.692383,4207.05127,4202.05127,4199.743652,4185.384765999999,4206.666504,4200.769043
4192.179688,4186.794922,4187.820313,4201.410156,4199.102539,4217.436035,4207.05127,4202.307617,4198.205078,4195.769043,4189.102539,4173.846191,4187.563965,4191.538574
4179.358886999999,4179.871582,4175.641113000001,4192.820313,4203.461426,4221.538574,4204.358886999999,4193.205078,4195.0,4192.94873,4179.487305,4160.641113000001,4177.05127,4181.538574
4179.358886999999,4182.179688,4172.179688,4186.794922,4196.410156,4214.871582,4207.05127,4203.333496,4205.128418,4205.0,4184.102539,4162.692383,4189.230957,4183.974121
4187.307617,4190.512695,4178.205078,4193.717772999999,4201.538574,4221.666504,4206.282227000001,4200.384765999999,4208.717772999999,4212.179688,4192.05127,4169.871582,4200.897461,4193.205078
4191.538574,4195.641113000001,4185.384765999999,4203.077147999999,4212.436035,4227.563965,4200.769043,4196.922852000001,4208.333496,4213.589844,4196.922852000001,4173.205078,4205.641113000001,4200.512695
4191.538574,4196.666504,4189.358886999999,4203.846191,4208.461426,4222.692383,4205.769043,4218.333496,4213.846191,4217.179688,4200.384765999999,4174.615234000001,4205.897461,4202.05127
4196.025879,4197.94873,4195.384765999999,4202.05127,4208.717772999999,4227.94873,4213.974121,4228.974121,4209.743652,4212.179688,4201.410156,4178.461426,4199.230957,4203.077147999999
4199.487305,4194.743652,4199.487305,4200.512695,4213.717772999999,4224.615234000001,4205.512695,4200.769043,4184.358886999999,4194.615234000001,4197.94873,4184.487305,4190.0,4202.820313
4201.025879,4193.205078,4201.410156,4201.153809,4202.692383,4199.358886999999,4196.025879,4186.538574,4170.384765999999,4185.641113000001,4197.307617,4187.820313,4184.487305,4203.974121
4208.461426,4198.461426,4210.384765999999,4206.153809,4191.153809,4186.538574,4197.05127,4211.666504,4186.153809,4193.846191,4205.512695,4190.769043,4187.692383,4215.512695
4213.077147999999,4201.153809,4215.897461,4209.871582,4199.358886999999,4191.410156,4199.743652,4216.538574,4192.307617,4197.94873,4212.05127,4194.230957,4197.820313,4221.538574
4211.153809,4198.589844,4207.179688,4209.615234000001,4208.461426,4194.615234000001,4201.410156,4193.846191,4180.384765999999,4193.333496,4209.743652,4191.666504,4204.615234000001,4210.641113000001
4207.179688,4195.769043,4197.820313,4204.615234000001,4201.282227000001,4197.692383,4205.0,4195.128418,4187.94873,4195.769043,4206.282227000001,4185.0,4200.641113000001,4205.384765999999
4199.230957,4193.974121,4191.538574,4197.820313,4194.871582,4207.05127,4207.563965,4215.769043,4211.538574,4206.153809,4207.563965,4181.410156,4196.153809,4206.282227000001
4190.769043,4193.846191,4184.102539,4196.153809,4204.102539,4216.538574,4210.0,4228.333496,4223.974121,4213.974121,4207.692383,4183.205078,4200.0,4200.128418
4187.436035,4190.769043,4181.538574,4194.230957,4214.487305,4221.794922,4213.205078,4228.077147999999,4225.512695,4214.102539,4202.307617,4182.179688,4199.743652,4194.230957
4185.0,4183.077147999999,4180.256348,4189.102539,4213.077147999999,4226.410156,4216.922852000001,4219.871582,4222.692383,4209.615234000001,4196.282227000001,4176.410156,4190.641113000001,4189.615234000001
4180.384765999999,4178.974121,4175.512695,4187.05127,4210.641113000001,4232.563965,4223.205078,4219.487305,4217.307617,4203.717772999999,4193.333496,4172.94873,4185.897461,4181.666504
4181.153809,4181.025879,4177.179688,4190.897461,4210.0,4234.487305,4219.358886999999,4226.282227000001,4212.436035,4201.666504,4194.358886999999,4175.384765999999,4188.974121,4180.128418
4185.256348,4177.436035,4180.384765999999,4194.871582,4205.384765999999,4227.307617,4203.205078,4212.94873,4194.615234000001,4192.179688,4186.794922,4175.512695,4179.230957,4183.077147999999
4183.589844,4171.410156,4179.358886999999,4191.025879,4198.589844,4211.666504,4194.743652,4184.615234000001,4166.410156,4169.358886999999,4172.94873,4169.487305,4162.692383,4180.512695
4188.717772999999,4179.743652,4189.102539,4192.05127,4192.179688,4196.666504,4200.128418,4180.897461,4163.333496,4169.230957,4181.794922,4176.410156,4172.563965,4189.615234000001
4203.205078,4191.282227000001,4203.846191,4201.410156,4190.384765999999,4195.769043,4205.256348,4191.025879,4176.794922,4190.769043,4203.846191,4193.333496,4192.05127,4209.487305
4214.230957,4200.0,4213.974121,4212.820313,4203.589844,4210.641113000001,4201.282227000001,4182.307617,4181.025879,4202.05127,4217.05127,4204.230957,4199.487305,4224.487305
4217.94873,4213.077147999999,4218.974121,4223.077147999999,4220.641113000001,4221.922852000001,4203.717772999999,4178.589844,4195.512695,4210.256348,4227.307617,4208.205078,4211.025879,4233.461426
4212.563965,4212.179688,4209.743652,4219.102539,4219.230957,4220.769043,4213.846191,4194.230957,4214.230957,4219.102539,4228.205078,4205.641113000001,4220.256348,4226.794922
4202.563965,4200.641113000001,4197.820313,4207.94873,4217.692383,4226.025879,4217.563965,4205.256348,4219.358886999999,4219.743652,4217.692383,4198.589844,4215.769043,4212.820313
4198.846191,4203.205078,4197.692383,4212.179688,4226.025879,4235.128418,4217.563965,4220.384765999999,4232.05127,4228.461426,4217.05127,4195.128418,4213.846191,4207.820313
4200.0,4208.717772999999,4196.282227000001,4219.615234000001,4223.717772999999,4233.205078,4223.205078,4251.666504,4252.563965,4243.717772999999,4224.871582,4194.358886999999,4217.179688,4209.102539
4193.717772999999,4203.205078,4191.153809,4211.794922,4218.974121,4233.077147999999,4231.794922,4261.153809,4255.0,4243.205078,4223.974121,4190.0,4217.563965,4207.05127
4188.077147999999,4195.384765999999,4189.743652,4202.436035,4225.0,4248.333496,4237.05127,4235.769043,4240.0,4231.538574,4214.102539,4190.512695,4207.820313,4202.179688
4187.307617,4189.358886999999,4185.897461,4201.410156,4232.179688,4258.974121,4236.025879,4213.205078,4220.769043,4215.512695,4197.563965,4191.410156,4191.666504,4193.333496
4189.871582,4190.897461,4189.871582,4202.820313,4233.461426,4247.820313,4229.615234000001,4210.128418,4213.717772999999,4205.641113000001,4191.538574,4186.153809,4198.333496,4188.846191
4199.743652,4199.102539,4205.128418,4209.102539,4228.846191,4237.820313,4233.333496,4214.358886999999,4216.922852000001,4212.307617,4202.820313,4185.897461,4221.410156,4195.128418
4207.307617,4200.641113000001,4210.897461,4214.487305,4222.692383,4237.05127,4244.230957,4203.333496,4200.384765999999,4209.102539,4204.871582,4186.025879,4224.871582,4202.179688
4212.179688,4203.974121,4213.333496,4217.05127,4223.974121,4228.717772999999,4233.461426,4172.820313,4175.769043,4195.897461,4202.179688,4189.615234000001,4226.282227000001,4211.666504
4228.333496,4219.871582,4231.666504,4228.461426,4224.615234000001,4216.025879,4219.487305,4183.974121,4191.794922,4211.922852000001,4221.794922,4207.436035,4254.102539,4232.436035
4243.846191,4229.358886999999,4243.717772999999,4241.025879,4219.871582,4218.846191,4222.05127,4224.615234000001,4222.307617,4240.128418,4243.717772999999,4223.974121,4275.256348,4246.794922
4233.846191,4219.871582,4228.077147999999,4233.333496,4225.769043,4232.563965,4222.179688,4206.282227000001,4214.487305,4235.512695,4238.461426,4219.358886999999,4262.307617,4237.436035
4214.102539,4209.487305,4210.128418,4217.179688,4237.436035,4242.94873,4222.436035,4174.487305,4202.820313,4218.846191,4222.179688,4205.512695,4242.94873,4223.589844
4211.153809,4206.410156,4208.589844,4214.102539,4235.384765999999,4246.153809,4231.410156,4208.589844,4223.589844,4224.358886999999,4217.94873,4199.358886999999,4238.333496,4221.922852000001
4215.256348,4206.282227000001,4210.0,4219.102539,4229.358886999999,4240.897461,4235.641113000001,4250.897461,4247.179688,4240.384765999999,4225.0,4205.769043,4242.563965,4224.230957
4209.358886999999,4204.487305,4204.230957,4219.358886999999,4232.05127,4236.666504,4233.205078,4245.256348,4246.410156,4242.563965,4226.794922,4209.743652,4238.589844,4222.05127
4200.512695,4197.94873,4200.769043,4212.820313,4231.666504,4232.692383,4227.692383,4230.512695,4231.282227000001,4228.974121,4215.0,4201.025879,4224.487305,4212.307617
4199.230957,4193.974121,4203.077147999999,4209.871582,4224.230957,4227.436035,4221.794922,4231.922852000001,4223.461426,4220.641113000001,4205.128418,4193.333496,4219.230957,4202.05127
4195.0,4194.871582,4202.307617,4209.230957,4215.128418,4225.641113000001,4224.615234000001,4228.205078,4219.487305,4220.0,4203.077147999999,4197.05127,4221.538574,4200.256348
4197.05127,4198.077147999999,4204.230957,4209.358886999999,4212.563965,4229.230957,4228.077147999999,4214.615234000001,4211.025879,4219.102539,4204.230957,4202.563965,4221.794922,4204.871582
4206.538574,4201.282227000001,4210.641113000001,4211.410156,4221.666504,4238.717772999999,4232.179688,4204.487305,4206.025879,4222.05127,4209.487305,4200.128418,4224.102539,4208.717772999999
4205.0,4202.179688,4211.922852000001,4211.922852000001,4227.307617,4244.102539,4232.692383,4203.077147999999,4208.205078,4227.820313,4213.205078,4199.487305,4231.666504,4214.487305
4203.846191,4205.769043,4212.94873,4217.436035,4227.436035,4238.846191,4216.794922,4193.461426,4209.487305,4231.538574,4215.128418,4206.153809,4238.589844,4220.256348
4209.102539,4207.179688,4216.666504,4224.102539,4229.487305,4227.05127,4207.179688,4192.179688,4207.692383,4228.846191,4217.563965,4210.256348,4239.743652,4220.0
4210.256348,4205.512695,4218.589844,4222.436035,4227.307617,4226.025879,4223.205078,4212.94873,4208.974121,4228.333496,4220.0,4213.333496,4239.487305,4221.410156
4213.717772999999,4207.692383,4219.615234000001,4216.666504,4223.846191,4238.589844,4233.333496,4227.05127,4213.589844,4235.128418,4223.205078,4220.128418,4241.538574,4228.077147999999
4218.846191,4208.077147999999,4217.94873,4215.641113000001,4226.282227000001,4241.025879,4223.717772999999,4228.717772999999,4216.410156,4235.128418,4218.846191,4222.436035,4238.333496,4228.461426
4217.179688,4206.794922,4215.897461,4222.563965,4225.897461,4234.358886999999,4231.922852000001,4232.307617,4220.641113000001,4228.846191,4208.846191,4218.077147999999,4230.384765999999,4225.512695
4211.025879,4205.384765999999,4213.717772999999,4225.256348,4219.871582,4236.410156,4243.077147999999,4218.461426,4217.307617,4223.589844,4201.666504,4211.025879,4222.692383,4220.897461
4202.436035,4193.205078,4200.897461,4212.820313,4213.333496,4235.641113000001,4225.897461,4189.743652,4200.0,4208.461426,4186.538574,4194.102539,4208.974121,4206.282227000001
4196.153809,4182.05127,4191.153809,4201.282227000001,4207.436035,4222.563965,4215.769043,4203.077147999999,4204.102539,4200.256348,4176.153809,4181.794922,4197.05127,4197.563965
4199.871582,4186.153809,4199.230957,4206.410156,4205.512695,4217.307617,4228.846191,4238.205078,4230.512695,4217.436035,4187.692383,4189.230957,4202.94873,4205.256348
4203.717772999999,4187.436035,4203.717772999999,4210.128418,4205.897461,4228.846191,4234.230957,4225.256348,4228.846191,4227.820313,4197.563965,4197.179688,4210.897461,4207.179688
4200.512695,4178.333496,4193.717772999999,4199.743652,4199.102539,4230.384765999999,4227.436035,4203.333496,4212.179688,4222.179688,4191.794922,4193.589844,4203.717772999999,4201.282227000001
4198.205078,4171.922852000001,4189.358886999999,4192.563965,4188.333496,4215.384765999999,4222.179688,4211.410156,4217.94873,4222.692383,4187.563965,4185.769043,4198.589844,4205.384765999999
4203.589844,4176.410156,4196.282227000001,4200.384765999999,4195.256348,4218.717772999999,4208.461426,4201.538574,4216.666504,4223.333496,4191.025879,4185.256348,4206.025879,4212.820313
4214.615234000001,4190.641113000001,4203.589844,4214.615234000001,4211.410156,4237.692383,4202.692383,4179.102539,4200.256348,4217.436035,4196.025879,4192.94873,4215.256348,4216.538574
4220.128418,4199.487305,4206.025879,4218.333496,4207.692383,4230.0,4210.0,4195.897461,4199.871582,4214.358886999999,4199.871582,4195.641113000001,4216.794922,4221.922852000001
4217.94873,4193.205078,4206.666504,4211.153809,4192.692383,4205.0,4204.230957,4203.974121,4192.563965,4208.205078,4198.589844,4193.333496,4208.846191,4226.410156
4221.794922,4190.128418,4211.794922,4207.436035,4190.0,4200.897461,4199.743652,4184.230957,4175.0,4198.846191,4200.512695,4198.589844,4204.871582,4232.820313
4224.871582,4194.615234000001,4218.333496,4211.410156,4196.666504,4208.974121,4217.820313,4191.153809,4180.0,4200.769043,4209.615234000001,4205.512695,4212.307617,4240.641113000001
4217.179688,4186.794922,4214.230957,4211.666504,4191.794922,4205.256348,4228.077147999999,4214.871582,4191.922852000001,4204.871582,4211.538574,4204.230957,4212.179688,4236.282227000001
4214.871582,4182.563965,4207.820313,4208.461426,4186.153809,4205.128418,4212.179688,4215.897461,4201.794922,4216.538574,4216.153809,4207.563965,4210.0,4230.256348
4221.153809,4195.769043,4211.794922,4211.410156,4197.307617,4220.128418,4205.0,4205.256348,4219.871582,4237.436035,4225.384765999999,4213.333496,4223.846191,4231.922852000001
4214.615234000001,4196.410156,4205.897461,4210.384765999999,4205.769043,4226.282227000001,4217.179688,4198.205078,4221.410156,4231.794922,4216.025879,4204.743652,4220.512695,4223.846191
4202.179688,4184.615234000001,4191.153809,4204.615234000001,4205.128418,4222.692383,4225.512695,4204.871582,4213.461426,4215.769043,4203.205078,4194.615234000001,4194.358886999999,4213.205078
4206.282227000001,4190.512695,4198.461426,4212.05127,4207.94873,4229.358886999999,4226.153809,4236.282227000001,4234.358886999999,4232.820313,4214.743652,4199.102539,4192.436035,4221.153809
4214.615234000001,4201.025879,4213.461426,4221.410156,4210.512695,4234.487305,4223.077147999999,4251.410156,4250.0,4249.615234000001,4226.410156,4204.358886999999,4203.717772999999,4231.922852000001
4212.05127,4195.256348,4207.94873,4214.487305,4208.205078,4225.769043,4217.692383,4227.436035,4228.717772999999,4232.692383,4216.666504,4194.743652,4190.897461,4225.128418
4206.025879,4188.205078,4198.333496,4205.769043,4202.307617,4217.436035,4208.205078,4213.461426,4213.717772999999,4214.358886999999,4204.615234000001,4185.384765999999,4175.512695,4212.692383
4203.589844,4188.589844,4200.641113000001,4207.820313,4193.589844,4212.179688,4207.820313,4209.871582,4210.512695,4211.153809,4199.358886999999,4188.461426,4183.333496,4207.820313
4207.563965,4189.487305,4205.0,4209.358886999999,4188.846191,4205.769043,4217.94873,4195.769043,4193.974121,4205.897461,4198.974121,4193.846191,4196.794922,4210.641113000001
4207.820313,4183.717772999999,4204.358886999999,4205.769043,4192.692383,4210.769043,4219.358886999999,4188.717772999999,4177.179688,4197.05127,4200.384765999999,4192.05127,4195.384765999999,4213.974121
4202.563965,4179.615234000001,4203.461426,4204.871582,4194.102539,4213.846191,4211.666504,4183.846191,4172.563965,4195.769043,4200.897461,4192.179688,4191.666504,4213.589844
4206.410156,4187.179688,4206.282227000001,4209.230957,4191.538574,4202.692383,4204.230957,4178.333496,4180.769043,4204.743652,4206.153809,4198.974121,4196.922852000001,4215.897461
4211.922852000001,4192.563965,4207.179688,4211.153809,4200.769043,4210.128418,4198.589844,4193.077147999999,4199.871582,4215.512695,4212.820313,4197.94873,4203.461426,4218.333496
4201.410156,4183.589844,4196.666504,4202.94873,4210.512695,4230.512695,4200.769043,4203.589844,4211.025879,4218.589844,4211.538574,4185.128418,4203.717772999999,4210.128418
4188.717772999999,4175.512695,4184.358886999999,4192.05127,4197.563965,4218.205078,4213.589844,4204.487305,4211.794922,4217.307617,4205.256348,4178.974121,4202.05127,4197.94873
4190.641113000001,4178.077147999999,4187.179688,4191.666504,4184.102539,4207.179688,4226.794922,4231.282227000001,4222.692383,4225.256348,4206.153809,4185.256348,4205.128418,4198.461426
4191.922852000001,4176.410156,4189.743652,4192.179688,4192.692383,4227.692383,4227.94873,4243.974121,4225.256348,4228.205078,4205.769043,4186.153809,4205.384765999999,4204.230957
4190.897461,4172.692383,4183.974121,4187.94873,4200.384765999999,4232.820313,4227.307617,4222.820313,4213.461426,4217.05127,4198.461426,4183.333496,4200.0,4203.974121
4198.717772999999,4177.820313,4190.256348,4191.666504,4193.205078,4217.436035,4228.205078,4226.410156,4219.102539,4219.871582,4202.307617,4190.641113000001,4199.615234000001,4207.820313
4203.717772999999,4177.05127,4199.615234000001,4197.692383,4186.410156,4210.512695,4217.436035,4235.128418,4220.128418,4224.230957,4206.282227000001,4193.589844,4197.05127,4208.589844
4201.025879,4172.692383,4198.717772999999,4199.871582,4190.897461,4208.333496,4205.769043,4217.563965,4200.512695,4208.717772999999,4199.743652,4187.692383,4187.436035,4204.102539
4201.153809,4175.641113000001,4198.333496,4202.307617,4197.179688,4205.769043,4216.282227000001,4205.769043,4194.102539,4202.05127,4199.743652,4190.512695,4183.846191,4210.769043
4207.307617,4182.820313,4203.461426,4203.077147999999,4194.230957,4203.974121,4226.666504,4198.974121,4197.563965,4211.666504,4204.615234000001,4200.384765999999,4191.538574,4221.538574
4212.563965,4189.358886999999,4209.487305,4205.0,4190.641113000001,4199.615234000001,4204.102539,4178.333496,4190.897461,4212.692383,4205.384765999999,4207.307617,4204.615234000001,4226.666504
4210.897461,4188.846191,4206.025879,4204.358886999999,4192.820313,4196.666504,4179.358886999999,4156.282227000001,4178.333496,4196.538574,4202.179688,4205.384765999999,4205.256348,4225.256348
4206.922852000001,4183.205078,4194.615234000001,4202.307617,4195.256348,4203.205078,4195.769043,4155.769043,4168.974121,4181.538574,4192.692383,4193.846191,4187.692383,4214.230957
4204.743652,4180.769043,4193.333496,4205.384765999999,4195.897461,4209.358886999999,4219.230957,4183.205078,4175.512695,4186.025879,4188.205078,4189.230957,4180.128418,4206.410156
4201.410156,4178.205078,4198.205078,4201.282227000001,4194.871582,4207.692383,4214.358886999999,4217.692383,4200.641113000001,4203.461426,4198.974121,4194.230957,4192.05127,4212.179688
4197.436035,4170.512695,4189.358886999999,4189.871582,4192.436035,4202.820313,4203.077147999999,4221.282227000001,4209.230957,4206.666504,4202.692383,4191.794922,4192.820313,4211.666504
4198.461426,4168.461426,4178.846191,4190.0,4190.641113000001,4199.487305,4205.384765999999,4205.897461,4198.205078,4200.897461,4193.333496,4188.333496,4179.871582,4203.461426
4203.717772999999,4172.179688,4184.102539,4197.05127,4187.692383,4203.077147999999,4216.666504,4209.358886999999,4204.102539,4208.077147999999,4195.769043,4193.846191,4182.436035,4208.077147999999
4204.230957,4170.0,4189.230957,4195.384765999999,4185.769043,4212.307617,4219.871582,4217.436035,4211.153809,4213.333496,4202.563965,4193.846191,4190.641113000001,4211.666504
4197.436035,4164.487305,4182.820313,4188.846191,4186.538574,4212.307617,4207.563965,4214.358886999999,4199.615234000001,4206.794922,4198.717772999999,4189.230957,4185.128418,4203.333496
4196.922852000001,4166.282227000001,4180.641113000001,4187.563965,4183.077147999999,4198.205078,4207.563965,4219.487305,4200.512695,4203.333496,4196.282227000001,4191.282227000001,4181.922852000001,4203.461426
4206.153809,4172.436035,4187.563965,4191.794922,4177.94873,4188.589844,4218.205078,4216.538574,4204.358886999999,4205.384765999999,4203.077147999999,4191.794922,4188.461426,4213.846191
4210.641113000001,4178.077147999999,4193.333496,4198.589844,4188.974121,4198.589844,4208.846191,4186.666504,4188.589844,4205.897461,4210.256348,4191.410156,4196.410156,4222.05127
4209.230957,4182.692383,4195.384765999999,4205.384765999999,4207.94873,4212.307617,4192.94873,4170.769043,4178.717772999999,4202.179688,4208.461426,4195.897461,4198.205078,4225.897461
4211.025879,4182.563965,4196.153809,4210.128418,4206.794922,4213.846191,4188.717772999999,4177.563965,4181.538574,4199.230957,4201.666504,4197.692383,4190.897461,4223.846191
4215.897461,4188.717772999999,4199.487305,4215.128418,4197.820313,4208.589844,4197.179688,4182.307617,4188.589844,4211.153809,4208.974121,4200.384765999999,4191.410156,4223.205078
4213.846191,4196.025879,4201.538574,4214.487305,4200.0,4208.077147999999,4217.307617,4199.230957,4201.666504,4226.025879,4216.794922,4204.615234000001,4195.512695,4227.179688
4206.666504,4186.922852000001,4195.0,4208.717772999999,4203.717772999999,4211.410156,4223.974121,4227.692383,4212.563965,4222.94873,4208.974121,4198.461426,4187.692383,4223.974121
4202.94873,4177.307617,4186.153809,4207.05127,4202.05127,4215.897461,4218.077147999999,4236.666504,4220.256348,4221.153809,4205.384765999999,4187.436035,4181.794922,4216.922852000001
4199.102539,4176.538574,4183.077147999999,4206.538574,4197.820313,4221.410156,4234.358886999999,4230.256348,4225.769043,4225.897461,4205.384765999999,4183.717772999999,4181.538574,4214.230957
4199.615234000001,4175.0,4186.922852000001,4206.666504,4197.820313,4220.769043,4251.410156,4240.769043,4226.666504,4223.974121,4205.769043,4188.333496,4181.794922,4214.358886999999
4204.743652,4174.615234000001,4193.205078,4208.974121,4201.922852000001,4214.102539,4230.128418,4245.769043,4221.666504,4223.461426,4213.333496,4194.743652,4188.333496,4217.179688
4205.128418,4178.077147999999,4193.077147999999,4209.358886999999,4202.94873,4210.384765999999,4205.641113000001,4220.0,4213.589844,4224.871582,4215.641113000001,4198.846191,4195.0,4221.794922
4208.846191,4179.871582,4194.230957,4212.820313,4198.205078,4214.102539,4206.666504,4202.820313,4210.0,4223.589844,4210.897461,4202.307617,4193.846191,4224.871582
4222.307617,4182.692383,4203.333496,4217.563965,4197.436035,4218.589844,4205.256348,4209.871582,4208.974121,4220.641113000001,4212.94873,4206.410156,4192.94873,4226.282227000001
4230.769043,4191.922852000001,4211.538574,4222.820313,4203.974121,4217.179688,4200.769043,4208.974121,4205.0,4217.307617,4216.282227000001,4207.05127,4196.153809,4230.512695
4229.487305,4199.871582,4213.077147999999,4229.487305,4205.769043,4209.358886999999,4208.589844,4196.922852000001,4199.230957,4214.230957,4211.794922,4204.230957,4198.717772999999,4233.589844
4224.743652,4191.410156,4205.641113000001,4223.077147999999,4194.102539,4198.077147999999,4214.743652,4197.179688,4193.974121,4207.820313,4206.410156,4203.974121,4194.102539,4226.666504
4217.692383,4178.461426,4198.205078,4208.589844,4186.666504,4198.205078,4213.846191,4206.153809,4193.589844,4203.077147999999,4206.153809,4205.384765999999,4185.512695,4222.563965
4214.102539,4176.922852000001,4199.871582,4206.153809,4196.025879,4214.230957,4222.563965,4210.0,4200.512695,4207.820313,4208.333496,4205.0,4185.0,4226.922852000001
4213.589844,4176.025879,4199.871582,4209.358886999999,4204.871582,4235.256348,4240.641113000001,4222.820313,4211.794922,4216.666504,4203.461426,4201.666504,4183.589844,4223.717772999999
4213.205078,4172.05127,4196.410156,4208.589844,4202.94873,4239.615234000001,4241.410156,4245.641113000001,4225.0,4223.974121,4202.436035,4199.871582,4183.589844,4219.102539
4211.794922,4175.769043,4196.538574,4205.897461,4197.05127,4217.179688,4231.282227000001,4246.410156,4227.820313,4228.717772999999,4211.666504,4198.717772999999,4191.794922,4221.538574
4212.820313,4185.256348,4199.230957,4207.692383,4199.743652,4205.897461,4236.153809,4243.717772999999,4225.641113000001,4230.128418,4214.230957,4198.205078,4195.769043,4223.846191
4216.153809,4187.436035,4202.307617,4215.897461,4205.128418,4218.077147999999,4237.436035,4270.0,4231.922852000001,4228.077147999999,4211.410156,4202.05127,4190.641113000001,4225.897461
4212.307617,4180.897461,4200.384765999999,4214.102539,4198.846191,4215.769043,4214.743652,4264.230957,4226.922852000001,4217.692383,4207.820313,4200.256348,4181.922852000001,4225.897461
4205.897461,4175.641113000001,4190.128418,4200.897461,4191.666504,4205.256348,4202.692383,4209.230957,4204.230957,4206.282227000001,4202.692383,4190.0,4177.94873,4221.794922
4206.153809,4170.897461,4185.256348,4199.230957,4193.974121,4211.666504,4212.692383,4191.794922,4197.179688,4207.820313,4197.820313,4185.897461,4182.05127,4222.307617
4208.974121,4169.230957,4190.0,4204.230957,4196.282227000001,4212.820313,4212.05127,4219.102539,4215.384765999999,4221.922852000001,4198.717772999999,4189.615234000001,4190.256348,4222.692383
4204.358886999999,4168.077147999999,4184.871582,4198.077147999999,4194.615234000001,4206.153809,4200.512695,4217.436035,4221.410156,4224.230957,4196.153809,4184.487305,4186.282227000001,4210.256348
4196.922852000001,4164.358886999999,4175.128418,4192.94873,4194.230957,4215.641113000001,4199.102539,4197.563965,4203.205078,4209.230957,4185.512695,4174.743652,4170.769043,4197.820313
4200.256348,4168.205078,4179.871582,4200.641113000001,4193.461426,4217.436035,4212.436035,4214.615234000001,4198.333496,4204.102539,4183.974121,4181.538574,4168.333496,4201.410156
4206.922852000001,4178.333496,4188.717772999999,4206.538574,4187.179688,4194.615234000001,4222.179688,4234.358886999999,4211.666504,4208.461426,4188.846191,4193.077147999999,4179.230957,4207.05127
4208.974121,4178.717772999999,4193.717772999999,4205.769043,4187.820313,4194.102539,4221.282227000001,4220.256348,4206.922852000001,4205.512695,4185.769043,4192.820313,4186.922852000001,4209.102539
4210.384765999999,4174.615234000001,4198.205078,4206.538574,4198.205078,4215.769043,4217.05127,4200.0,4187.692383,4197.436035,4183.077147999999,4192.436035,4192.307617,4216.666504
4216.153809,4180.641113000001,4204.743652,4212.692383,4197.563965,4209.487305,4212.94873,4206.025879,4192.179688,4201.282227000001,4193.333496,4199.487305,4203.846191,4227.692383
4217.94873,4184.615234000001,4207.563965,4216.282227000001,4188.589844,4195.0,4213.333496,4234.230957,4213.333496,4215.0,4204.358886999999,4200.0,4214.487305,4228.974121
4209.487305,4177.436035,4199.615234000001,4212.436035,4189.358886999999,4204.615234000001,4211.282227000001,4242.436035,4217.05127,4222.307617,4200.128418,4188.461426,4212.436035,4217.307617
4199.743652,4170.128418,4188.717772999999,4207.692383,4193.461426,4211.922852000001,4213.846191,4220.769043,4208.589844,4217.820313,4188.974121,4178.589844,4202.94873,4202.05127
4189.102539,4162.563965,4180.256348,4199.487305,4193.077147999999,4211.794922,4222.94873,4211.153809,4207.436035,4204.743652,4174.487305,4171.025879,4187.94873,4185.897461
4186.922852000001,4161.538574,4177.820313,4193.461426,4201.410156,4221.666504,4219.102539,4226.922852000001,4209.743652,4198.205078,4163.974121,4167.820313,4172.307617,4177.307617
4195.769043,4170.641113000001,4185.256348,4199.871582,4206.410156,4221.153809,4204.871582,4233.077147999999,4214.102539,4204.230957,4166.922852000001,4176.666504,4173.589844,4189.230957
4197.692383,4170.769043,4188.974121,4202.692383,4189.615234000001,4202.436035,4207.05127,4227.94873,4216.282227000001,4207.436035,4169.871582,4181.794922,4184.871582,4203.974121
4195.384765999999,4163.717772999999,4183.974121,4199.487305,4180.128418,4202.307617,4219.102539,4231.666504,4208.333496,4201.538574,4166.153809,4175.512695,4189.871582,4208.717772999999
4204.230957,4168.333496,4187.820313,4203.077147999999,4189.358886999999,4216.666504,4214.102539,4229.871582,4198.846191,4196.538574,4164.230957,4174.102539,4188.205078,4213.589844
4212.563965,4171.538574,4195.256348,4200.897461,4188.077147999999,4207.05127,4202.179688,4214.487305,4187.692383,4186.025879,4160.128418,4180.128418,4181.153809,4218.333496
4218.077147999999,4171.538574,4198.589844,4201.410156,4185.512695,4187.94873,4195.897461,4202.307617,4180.769043,4180.512695,4164.358886999999,4189.230957,4185.128418,4225.512695
4234.358886999999,4184.358886999999,4210.897461,4221.538574,4191.794922,4191.922852000001,4198.077147999999,4203.077147999999,4189.743652,4196.538574,4188.589844,4201.538574,4201.025879,4242.94873
4239.358886999999,4190.769043,4217.05127,4226.538574,4187.692383,4202.563965,4209.615234000001,4205.512695,4193.846191,4201.538574,4198.717772999999,4202.563965,4195.769043,4247.436035
4227.94873,4179.487305,4203.846191,4209.230957,4184.487305,4199.102539,4211.282227000001,4207.179688,4190.128418,4190.128418,4186.025879,4191.153809,4177.692383,4232.692383
4225.641113000001,4176.794922,4197.05127,4207.179688,4188.205078,4193.205078,4205.0,4220.0,4204.358886999999,4198.461426,4186.666504,4188.205078,4181.794922,4226.794922
4234.358886999999,4188.717772999999,4204.487305,4219.358886999999,4181.922852000001,4202.563965,4210.512695,4241.666504,4231.794922,4222.563965,4202.436035,4193.846191,4195.0,4233.205078
4226.666504,4185.0,4197.563965,4213.077147999999,4181.410156,4219.615234000001,4216.538574,4247.307617,4236.025879,4223.589844,4202.179688,4190.0,4186.794922,4227.692383
4208.461426,4161.922852000001,4181.153809,4193.846191,4187.05127,4227.307617,4217.692383,4245.0,4222.563965,4207.436035,4187.179688,4178.205078,4166.666504,4214.230957
4210.0,4153.205078,4181.922852000001,4189.871582,4180.512695,4224.358886999999,4222.179688,4251.153809,4220.897461,4207.179688,4186.153809,4178.077147999999,4163.589844,4215.0
4217.563965,4161.153809,4188.461426,4195.256348,4172.436035,4213.333496,4216.538574,4234.871582,4216.282227000001,4208.077147999999,4193.846191,4188.333496,4172.94873,4224.743652
4218.333496,4167.94873,4187.563965,4198.717772999999,4177.436035,4205.384765999999,4201.282227000001,4199.743652,4195.641113000001,4195.641113000001,4193.333496,4193.461426,4175.769043,4225.897461
4224.615234000001,4173.846191,4190.0,4205.128418,4180.897461,4202.05127,4198.717772999999,4196.666504,4185.384765999999,4192.179688,4191.153809,4192.820313,4172.179688,4223.974121
4230.256348,4176.666504,4195.897461,4210.0,4170.256348,4189.102539,4208.333496,4214.615234000001,4192.692383,4195.641113000001,4193.461426,4193.974121,4168.205078,4228.846191
4227.820313,4175.897461,4196.025879,4209.230957,4166.922852000001,4182.94873,4211.025879,4206.025879,4187.820313,4190.384765999999,4196.153809,4195.641113000001,4169.230957,4234.615234000001
4237.05127,4181.666504,4202.563965,4215.256348,4178.974121,4192.307617,4200.0,4192.563965,4180.384765999999,4194.487305,4204.871582,4202.179688,4180.641113000001,4241.794922
4254.487305,4188.589844,4218.846191,4228.589844,4183.846191,4191.410156,4192.820313,4202.94873,4196.025879,4212.94873,4218.461426,4212.307617,4194.230957,4254.871582
4243.077147999999,4179.102539,4218.461426,4222.563965,4173.846191,4178.589844,4202.94873,4219.487305,4206.410156,4209.743652,4214.230957,4205.897461,4181.666504,4252.05127
4223.333496,4170.769043,4205.897461,4207.820313,4173.846191,4184.358886999999,4199.743652,4217.692383,4197.307617,4196.666504,4201.410156,4191.666504,4160.897461,4236.153809
4233.974121,4189.743652,4214.487305,4218.974121,4194.102539,4204.615234000001,4188.717772999999,4217.179688,4212.179688,4218.589844,4214.871582,4198.589844,4176.794922,4243.333496
4246.025879,4204.102539,4226.025879,4230.769043,4199.230957,4205.256348,4197.692383,4239.102539,4243.461426,4243.461426,4233.589844,4208.589844,4198.461426,4257.563965
4234.487305,4191.025879,4213.461426,4215.897461,4184.102539,4190.897461,4202.436035,4247.436035,4237.820313,4231.538574,4222.179688,4200.897461,4184.743652,4243.717772999999
4221.282227000001,4174.743652,4199.358886999999,4202.307617,4173.077147999999,4196.410156,4212.563965,4231.282227000001,4208.974121,4207.94873,4199.871582,4188.333496,4159.743652,4223.589844
4211.153809,4163.077147999999,4191.794922,4196.922852000001,4172.94873,4215.512695,4227.436035,4213.717772999999,4187.179688,4190.0,4187.94873,4177.563965,4148.077147999999,4216.025879
4202.436035,4155.0,4182.179688,4187.436035,4174.615234000001,4213.205078,4212.692383,4206.538574,4177.820313,4180.897461,4186.282227000001,4172.820313,4148.846191,4213.333496
4208.205078,4159.743652,4183.717772999999,4190.0,4170.128418,4194.102539,4198.589844,4207.179688,4185.769043,4193.205078,4193.846191,4183.846191,4160.0,4219.871582
4217.692383,4172.307617,4195.769043,4204.102539,4167.820313,4192.05127,4214.871582,4209.743652,4197.692383,4209.487305,4205.128418,4194.871582,4171.666504,4232.05127
4216.282227000001,4174.871582,4199.487305,4206.410156,4170.897461,4202.307617,4225.0,4212.436035,4196.794922,4207.820313,4207.436035,4191.666504,4178.461426,4234.230957
4216.922852000001,4167.692383,4196.153809,4199.102539,4169.743652,4204.230957,4212.692383,4214.743652,4190.641113000001,4199.102539,4205.0,4191.794922,4187.436035,4230.897461
4231.666504,4169.487305,4205.128418,4202.94873,4172.05127,4200.897461,4200.769043,4217.307617,4195.0,4202.436035,4211.153809,4202.692383,4197.436035,4237.94873
4249.487305,4181.538574,4223.077147999999,4215.769043,4184.230957,4194.102539,4188.205078,4213.717772999999,4204.871582,4214.487305,4223.589844,4208.333496,4206.410156,4252.820313
4252.563965,4182.94873,4226.538574,4217.820313,4183.974121,4187.692383,4187.692383,4222.436035,4209.487305,4216.794922,4225.256348,4208.333496,4205.769043,4258.717772999999
4240.769043,4170.0,4217.05127,4208.077147999999,4172.05127,4191.794922,4206.538574,4241.282227000001,4210.384765999999,4210.641113000001,4216.282227000001,4207.563965,4194.102539,4252.307617
4229.743652,4166.025879,4211.538574,4205.0,4176.153809,4198.846191,4213.461426,4240.641113000001,4216.410156,4214.743652,4214.615234000001,4208.846191,4195.256348,4247.436035
4221.025879,4176.666504,4206.794922,4210.512695,4183.205078,4201.410156,4213.717772999999,4226.410156,4217.179688,4220.128418,4213.974121,4205.769043,4202.563965,4244.102539
4207.94873,4177.820313,4196.153809,4210.0,4178.717772999999,4201.282227000001,4222.563965,4216.794922,4198.974121,4207.05127,4198.461426,4192.179688,4186.666504,4229.743652
4198.589844,4170.384765999999,4189.230957,4202.94873,4173.717772999999,4196.538574,4214.358886999999,4221.153809,4187.05127,4194.230957,4186.922852000001,4182.94873,4170.256348,4218.077147999999
4207.436035,4178.333496,4199.743652,4206.153809,4173.461426,4192.820313,4199.871582,4232.05127,4204.102539,4208.717772999999,4201.922852000001,4194.102539,4189.743652,4230.641113000001
4229.230957,4189.615234000001,4219.102539,4218.717772999999,4172.436035,4196.025879,4207.692383,4224.358886999999,4214.615234000001,4227.820313,4218.717772999999,4209.487305,4213.846191,4251.153809
4245.0,4187.05127,4227.179688,4221.794922,4173.205078,4200.256348,4219.230957,4206.025879,4203.589844,4226.538574,4216.282227000001,4209.871582,4210.512695,4256.794922
4250.128418,4184.615234000001,4226.025879,4216.922852000001,4181.282227000001,4206.922852000001,4215.0,4204.230957,4201.538574,4219.230957,4214.615234000001,4206.794922,4202.820313,4255.256348
4250.128418,4188.461426,4227.692383,4215.0,4185.641113000001,4208.717772999999,4202.94873,4211.794922,4211.282227000001,4220.0,4217.692383,4209.358886999999,4204.871582,4257.179688
4245.512695,4189.102539,4229.102539,4215.0,4185.512695,4200.0,4194.871582,4220.384765999999,4216.538574,4221.922852000001,4216.153809,4211.282227000001,4204.487305,4257.436035
4235.769043,4186.282227000001,4220.897461,4213.589844,4186.282227000001,4197.436035,4191.794922,4224.615234000001,4212.436035,4217.820313,4213.333496,4209.102539,4199.871582,4249.871582
4227.436035,4185.512695,4211.153809,4212.436035,4187.820313,4200.256348,4189.230957,4216.153809,4199.102539,4209.358886999999,4211.025879,4202.94873,4196.410156,4241.410156
4230.256348,4189.230957,4214.358886999999,4215.641113000001,4188.205078,4194.871582,4192.179688,4217.436035,4188.974121,4199.358886999999,4209.102539,4201.666504,4195.256348,4241.410156
4229.963379,4187.673828,4215.458008,4214.908203,4185.750977000001,4195.512695,4195.549316,4216.812988000001,4191.428711,4202.545897999999,4211.0625,4203.11377,4196.410156,4242.912109000001
4229.67041,4186.117188,4216.556640999999,4214.175781,4183.296875,4196.153809,4198.919434,4216.19043,4193.882813,4205.732422,4213.021973,4204.560547,4197.563965,4244.414063
4229.377441,4184.560547,4217.655761999999,4213.443359000001,4180.842285,4196.794922,4202.289551,4215.567871,4196.336914,4208.919434,4214.981445,4206.007324,4198.717772999999,4245.915527
4229.084473,4183.003906,4218.754395,4212.710449,4178.388184,4197.436035,4205.65918,4214.944824,4198.791015999999,4212.106445,4216.941406,4207.454102000001,4199.871582,4247.41748
4228.791015999999,4181.446777,4219.853515999999,4211.978027,4175.934082,4198.077147999999,4209.029297,4214.322265999999,4201.245605,4215.292969,4218.900879,4208.900879,4201.025879,4248.919434
4228.498047,4179.890136999999,4220.952147999999,4211.245605,4173.47998,4198.717772999999,4212.399414,4213.699707,4203.699707,4218.47998,4220.86084,4210.348145,4202.179688,4250.421386999999
4228.205078,4178.333496,4222.05127,4210.512695,4171.025879,4199.358886999999,4215.769043,4213.077147999999,4206.153809,4221.666504,4222.820313,4211.794922,4203.333496,4251.922852000001
4216.025879,4161.666504,4213.205078,4199.230957,4175.512695,4213.717772999999,4205.769043,4211.666504,4207.307617,4214.743652,4208.846191,4203.717772999999,4188.333496,4236.538574
4210.641113000001,4155.769043,4207.307617,4194.871582,4182.692383,4220.512695,4208.974121,4217.179688,4204.230957,4203.717772999999,4195.128418,4195.128418,4167.05127,4227.179688
4216.922852000001,4160.512695,4208.717772999999,4197.820313,4177.307617,4208.077147999999,4212.05127,4224.743652,4206.410156,4206.153809,4202.05127,4195.512695,4162.563965,4232.94873
4227.307617,4171.282227000001,4217.94873,4208.589844,4173.974121,4202.179688,4204.743652,4231.666504,4217.820313,4220.256348,4218.333496,4208.589844,4173.589844,4245.128418
4230.897461,4181.282227000001,4222.179688,4220.0,4181.666504,4203.974121,4200.897461,4231.538574,4217.563965,4219.358886999999,4222.307617,4216.153809,4180.512695,4249.871582
4227.307617,4188.333496,4221.666504,4223.974121,4194.615234000001,4205.769043,4212.820313,4229.487305,4210.128418,4215.256348,4221.025879,4213.846191,4182.563965,4248.077147999999
4228.717772999999,4197.179688,4228.333496,4228.589844,4205.769043,4212.563965,4221.922852000001,4228.589844,4208.205078,4221.410156,4226.153809,4214.487305,4187.05127,4248.974121
4239.230957,4207.307617,4238.077147999999,4238.974121,4208.589844,4211.282227000001,4207.94873,4228.717772999999,4208.717772999999,4223.333496,4230.512695,4217.563965,4192.94873,4253.589844
4239.358886999999,4206.282227000001,4236.025879,4241.282227000001,4199.230957,4197.307617,4186.794922,4223.333496,4204.102539,4217.307617,4226.666504,4216.922852000001,4193.205078,4253.974121
4230.384765999999,4198.974121,4229.615234000001,4232.436035,4190.769043,4193.077147999999,4189.358886999999,4211.666504,4195.512695,4212.05127,4225.641113000001,4216.538574,4191.153809,4249.487305
4232.179688,4196.794922,4233.333496,4230.897461,4189.102539,4203.333496,4208.461426,4213.974121,4197.563965,4212.436035,4229.871582,4218.077147999999,4192.94873,4252.436035
4235.897461,4191.794922,4234.871582,4232.05127,4186.025879,4216.666504,4212.179688,4211.282227000001,4199.102539,4210.0,4225.128418,4212.820313,4190.0,4257.307617
4228.461426,4178.589844,4223.077147999999,4221.282227000001,4188.846191,4228.461426,4210.0,4194.230957,4195.641113000001,4204.487305,4215.769043,4206.153809,4179.358886999999,4248.589844
4216.922852000001,4162.94873,4207.94873,4204.102539,4189.487305,4230.769043,4221.410156,4211.410156,4212.05127,4209.230957,4214.743652,4206.153809,4173.205078,4234.871582
4206.794922,4150.769043,4200.256348,4194.230957,4175.0,4220.128418,4228.717772999999,4236.282227000001,4227.05127,4216.025879,4209.871582,4204.230957,4168.333496,4228.205078
4197.307617,4145.897461,4198.333496,4190.897461,4169.230957,4214.358886999999,4217.692383,4218.589844,4214.358886999999,4208.333496,4197.692383,4194.615234000001,4158.589844,4222.820313
4194.871582,4141.666504,4197.179688,4187.692383,4177.692383,4212.820313,4206.410156,4208.333496,4203.846191,4195.641113000001,4188.589844,4186.794922,4151.025879,4213.846191
4203.205078,4142.692383,4200.769043,4194.230957,4181.666504,4209.615234000001,4205.641113000001,4224.487305,4212.307617,4197.179688,4188.205078,4191.153809,4152.436035,4212.436035
4214.230957,4156.922852000001,4210.384765999999,4210.128418,4184.615234000001,4209.102539,4202.05127,4220.769043,4214.487305,4206.153809,4198.717772999999,4199.871582,4165.897461,4221.025879
4222.05127,4168.589844,4215.897461,4214.743652,4187.436035,4207.179688,4200.897461,4211.922852000001,4202.692383,4205.0,4205.897461,4205.0,4178.205078,4227.820313
4226.794922,4168.205078,4220.256348,4212.307617,4185.897461,4206.025879,4206.538574,4220.256348,4193.589844,4197.05127,4204.230957,4210.256348,4177.05127,4232.436035
4231.922852000001,4174.487305,4229.743652,4221.538574,4190.256348,4203.846191,4198.461426,4226.025879,4203.333496,4202.05127,4211.922852000001,4218.846191,4180.384765999999,4241.794922
4238.077147999999,4192.563965,4231.666504,4234.871582,4198.589844,4198.846191,4188.205078,4223.077147999999,4220.384765999999,4220.256348,4225.0,4226.025879,4203.077147999999,4251.282227000001
4233.846191,4195.641113000001,4219.102539,4231.794922,4196.666504,4200.641113000001,4200.256348,4214.102539,4213.589844,4221.410156,4221.794922,4218.333496,4215.256348,4245.384765999999
4220.384765999999,4181.666504,4210.512695,4221.410156,4192.820313,4206.922852000001,4215.897461,4202.179688,4197.94873,4207.436035,4213.333496,4206.538574,4204.358886999999,4232.692383
4217.820313,4176.153809,4213.846191,4218.717772999999,4191.410156,4210.0,4222.179688,4208.717772999999,4206.538574,4210.769043,4215.897461,4209.743652,4205.0,4231.153809
4223.205078,4179.230957,4210.0,4216.666504,4186.153809,4212.692383,4225.256348,4226.794922,4217.820313,4220.256348,4216.153809,4216.666504,4211.666504,4232.179688
4224.871582,4179.102539,4206.538574,4213.333496,4181.794922,4219.871582,4223.205078,4230.641113000001,4217.179688,4218.589844,4213.077147999999,4216.794922,4205.769043,4229.871582
4227.307617,4172.94873,4212.436035,4213.589844,4179.615234000001,4221.282227000001,4224.102539,4228.974121,4220.897461,4218.846191,4212.94873,4212.94873,4200.256348,4233.077147999999
4227.820313,4161.410156,4210.641113000001,4208.589844,4174.487305,4215.256348,4229.615234000001,4230.128418,4221.666504,4216.282227000001,4206.922852000001,4206.282227000001,4197.307617,4233.461426
4228.333496,4157.820313,4208.717772999999,4206.410156,4177.307617,4217.436035,4231.153809,4229.871582,4219.487305,4209.615234000001,4199.487305,4202.436035,4195.897461,4229.102539
4233.333496,4162.307617,4217.94873,4213.333496,4186.410156,4222.179688,4227.436035,4228.846191,4218.717772999999,4210.897461,4195.641113000001,4203.461426,4191.794922,4228.717772999999
4233.974121,4161.282227000001,4221.025879,4212.436035,4187.820313,4212.563965,4217.94873,4222.436035,4210.0,4210.384765999999,4192.179688,4203.589844,4183.333496,4226.538574
4232.179688,4160.512695,4218.846191,4210.769043,4187.436035,4201.282227000001,4209.743652,4216.282227000001,4203.846191,4206.794922,4192.820313,4206.282227000001,4178.974121,4222.692383
4235.384765999999,4166.025879,4224.102539,4219.743652,4186.410156,4201.922852000001,4211.538574,4229.102539,4212.563965,4211.794922,4195.384765999999,4210.384765999999,4182.692383,4227.94873
4235.769043,4167.563965,4220.769043,4218.846191,4185.769043,4205.897461,4214.102539,4231.922852000001,4208.846191,4210.641113000001,4189.743652,4205.897461,4181.410156,4232.820313
4230.512695,4169.743652,4211.410156,4211.666504,4188.589844,4204.102539,4206.538574,4198.333496,4189.102539,4199.487305,4183.205078,4203.077147999999,4175.256348,4230.384765999999
4235.769043,4183.333496,4219.102539,4220.641113000001,4188.205078,4203.589844,4207.563965,4185.897461,4195.128418,4204.615234000001,4192.692383,4213.846191,4183.205078,4238.589844
4247.307617,4190.256348,4230.128418,4229.102539,4185.641113000001,4210.769043,4226.794922,4215.897461,4211.025879,4217.307617,4206.794922,4221.025879,4194.102539,4249.615234000001
4250.512695,4181.922852000001,4228.461426,4222.05127,4183.205078,4211.025879,4230.512695,4230.897461,4204.743652,4212.05127,4209.871582,4217.94873,4196.922852000001,4247.94873
4249.358886999999,4177.563965,4224.615234000001,4218.077147999999,4177.820313,4205.512695,4215.641113000001,4230.641113000001,4208.205078,4209.487305,4210.128418,4219.487305,4199.102539,4249.487305
4243.717772999999,4176.538574,4222.179688,4214.743652,4169.487305,4207.563965,4210.897461,4245.897461,4228.974121,4217.307617,4210.256348,4218.717772999999,4195.897461,4253.589844
4233.974121,4162.179688,4213.333496,4202.179688,4161.025879,4204.615234000001,4216.538574,4254.743652,4229.230957,4213.333496,4200.0,4205.384765999999,4186.153809,4241.153809
4232.820313,4152.94873,4208.974121,4201.153809,4156.538574,4199.230957,4221.922852000001,4245.641113000001,4219.615234000001,4206.794922,4193.077147999999,4198.589844,4185.897461,4232.307617
4242.563965,4164.743652,4213.333496,4210.641113000001,4161.922852000001,4212.179688,4225.897461,4234.615234000001,4221.794922,4210.769043,4199.871582,4203.461426,4191.410156,4240.384765999999
4242.179688,4168.846191,4214.358886999999,4210.897461,4170.641113000001,4221.025879,4218.974121,4220.256348,4212.820313,4209.230957,4202.179688,4203.461426,4188.846191,4241.282227000001
4232.692383,4154.871582,4210.128418,4204.230957,4166.025879,4207.05127,4206.538574,4203.717772999999,4192.692383,4200.512695,4198.846191,4201.153809,4189.358886999999,4234.871582
4237.179688,4151.025879,4211.282227000001,4204.871582,4156.153809,4200.0,4206.410156,4193.974121,4187.820313,4197.94873,4201.282227000001,4207.307617,4195.384765999999,4238.974121
4252.05127,4164.102539,4222.05127,4216.153809,4164.358886999999,4210.0,4212.307617,4189.615234000001,4192.692383,4204.615234000001,4209.487305,4216.410156,4202.179688,4250.0
4256.410156,4170.128418,4231.153809,4223.717772999999,4176.025879,4211.538574,4210.897461,4196.666504,4196.410156,4212.307617,4216.538574,4220.384765999999,4207.179688,4259.871582
4255.0,4167.436035,4234.230957,4220.897461,4171.794922,4206.666504,4212.05127,4228.589844,4214.615234000001,4221.666504,4225.641113000001,4222.94873,4205.256348,4267.563965
4260.641113000001,4168.461426,4236.025879,4219.358886999999,4167.307617,4210.897461,4222.436035,4255.128418,4235.641113000001,4234.487305,4231.922852000001,4225.384765999999,4201.922852000001,4268.205078
4258.974121,4165.0,4232.94873,4220.128418,4168.589844,4212.94873,4230.384765999999,4253.077147999999,4233.974121,4238.333496,4227.307617,4221.410156,4199.615234000001,4261.282227000001
4247.307617,4160.512695,4226.282227000001,4214.102539,4166.410156,4203.589844,4226.282227000001,4247.436035,4228.205078,4232.820313,4225.256348,4215.0,4193.205078,4259.102539
4243.717772999999,4161.538574,4221.410156,4208.205078,4158.846191,4198.589844,4225.512695,4255.897461,4235.897461,4230.641113000001,4229.487305,4216.153809,4188.846191,4260.641113000001
4243.205078,4158.846191,4216.922852000001,4207.692383,4156.666504,4205.256348,4235.512695,4258.974121,4235.769043,4229.743652,4224.743652,4215.0,4187.94873,4254.102539
4238.974121,4150.897461,4211.922852000001,4206.025879,4162.563965,4209.615234000001,4232.820313,4236.538574,4220.897461,4224.615234000001,4212.307617,4202.692383,4182.820313,4241.538574
4240.641113000001,4146.282227000001,4210.0,4203.589844,4162.436035,4209.743652,4217.94873,4217.94873,4213.205078,4223.717772999999,4213.589844,4198.717772999999,4180.897461,4238.846191
4249.487305,4154.358886999999,4213.461426,4208.333496,4163.333496,4216.282227000001,4217.436035,4223.205078,4214.743652,4230.128418,4227.05127,4210.0,4189.487305,4249.230957
4250.384765999999,4163.205078,4217.94873,4212.563965,4172.436035,4218.717772999999,4217.307617,4213.589844,4208.205078,4229.358886999999,4230.769043,4213.974121,4195.897461,4256.153809
4246.025879,4160.0,4219.230957,4212.05127,4168.974121,4207.692383,4208.589844,4189.230957,4195.769043,4221.410156,4227.563965,4208.589844,4194.230957,4255.512695
4254.487305,4162.179688,4227.563965,4220.769043,4156.282227000001,4203.461426,4222.05127,4203.846191,4203.461426,4227.94873,4237.94873,4217.179688,4199.358886999999,4265.641113000001
4265.256348,4172.436035,4237.692383,4229.102539,4160.641113000001,4209.743652,4232.94873,4226.666504,4217.05127,4237.94873,4245.641113000001,4228.846191,4203.589844,4278.333496
4265.641113000001,4168.589844,4238.077147999999,4224.358886999999,4170.0,4208.846191,4223.333496,4232.820313,4222.94873,4235.897461,4236.025879,4228.205078,4194.615234000001,4275.384765999999
4261.922852000001,4157.05127,4242.563965,4221.153809,4163.333496,4202.94873,4237.692383,4264.615234000001,4239.615234000001,4239.743652,4232.820313,4227.179688,4188.077147999999,4269.871582
4252.436035,4147.05127,4244.102539,4220.512695,4154.102539,4200.769043,4259.615234000001,4276.922852000001,4245.384765999999,4240.897461,4228.589844,4220.512695,4179.871582,4263.077147999999
4236.922852000001,4133.205078,4227.307617,4209.615234000001,4155.256348,4201.153809,4252.94873,4239.743652,4223.077147999999,4222.692383,4211.794922,4202.563965,4163.974121,4249.871582
4224.230957,4122.820313,4210.769043,4198.333496,4155.384765999999,4206.410156,4239.358886999999,4224.358886999999,4207.179688,4210.512695,4206.025879,4194.358886999999,4157.436035,4241.410156
4221.410156,4124.487305,4211.794922,4202.05127,4154.230957,4213.333496,4233.974121,4242.436035,4213.974121,4215.897461,4213.077147999999,4202.05127,4162.179688,4239.487305
4230.384765999999,4126.922852000001,4217.307617,4212.307617,4161.410156,4214.871582,4230.641113000001,4243.974121,4221.282227000001,4218.974121,4216.922852000001,4210.128418,4167.94873,4243.846191
4243.589844,4124.102539,4218.717772999999,4215.512695,4167.05127,4217.820313,4233.333496,4230.641113000001,4219.358886999999,4218.974121,4221.538574,4213.717772999999,4180.641113000001,4256.282227000001
4248.205078,4121.794922,4221.282227000001,4216.794922,4167.307617,4226.538574,4227.307617,4222.05127,4215.512695,4225.769043,4227.94873,4214.615234000001,4196.410156,4263.846191
4245.128418,4122.05127,4222.307617,4220.0,4171.666504,4224.230957,4210.128418,4215.256348,4211.666504,4229.871582,4226.922852000001,4212.820313,4192.05127,4258.461426
4245.641113000001,4123.333496,4227.179688,4220.384765999999,4170.384765999999,4212.692383,4210.256348,4215.512695,4211.666504,4225.769043,4221.922852000001,4214.615234000001,4178.461426,4256.153809
4247.436035,4116.410156,4232.563965,4217.05127,4155.641113000001,4204.358886999999,4218.846191,4212.692383,4204.615234000001,4218.333496,4218.717772999999,4217.563965,4173.077147999999,4259.487305
4243.461426,4102.820313,4230.128418,4211.025879,4147.94873,4197.307617,4214.615234000001,4202.436035,4192.05127,4211.410156,4215.769043,4218.333496,4166.282227000001,4259.487305
4237.436035,4097.179688,4228.077147999999,4206.538574,4151.410156,4196.410156,4210.256348,4212.307617,4199.358886999999,4213.974121,4213.846191,4218.846191,4161.922852000001,4260.256348
4235.128418,4096.153809,4226.922852000001,4207.820313,4147.05127,4200.641113000001,4211.794922,4240.897461,4220.769043,4221.666504,4213.077147999999,4218.077147999999,4164.102539,4258.589844
4235.256348,4092.820557,4222.436035,4209.615234000001,4145.0,4201.794922,4219.102539,4256.282227000001,4227.820313,4218.717772999999,4211.410156,4213.589844,4161.794922,4250.256348
4229.358886999999,4091.281982,4217.436035,4205.384765999999,4155.0,4210.128418,4232.436035,4259.358886999999,4222.94873,4210.0,4206.282227000001,4208.461426,4154.487305,4245.641113000001
4222.307617,4092.0512700000004,4213.974121,4203.205078,4158.846191,4217.563965,4228.077147999999,4262.307617,4221.025879,4209.743652,4204.487305,4209.743652,4155.128418,4249.871582
4231.794922,4100.769043,4222.05127,4216.410156,4159.743652,4211.282227000001,4209.743652,4261.025879,4229.615234000001,4223.077147999999,4220.512695,4222.05127,4169.230957,4260.0
4242.94873,4112.05127,4237.436035,4230.769043,4165.512695,4211.538574,4210.769043,4253.974121,4235.384765999999,4233.077147999999,4232.820313,4227.05127,4177.692383,4265.256348
4234.102539,4101.153809,4229.615234000001,4219.871582,4160.128418,4221.410156,4218.077147999999,4235.0,4210.384765999999,4212.563965,4212.692383,4208.589844,4159.487305,4251.025879
4227.563965,4081.923096,4213.333496,4204.358886999999,4154.487305,4216.794922,4212.563965,4214.743652,4180.256348,4183.717772999999,4192.94873,4194.871582,4138.461426,4235.384765999999
4242.05127,4083.974365,4224.358886999999,4212.307617,4157.307617,4197.820313,4206.794922,4218.461426,4188.333496,4188.205078,4204.358886999999,4208.717772999999,4149.871582,4246.153809
4257.05127,4093.8461909999996,4240.641113000001,4224.230957,4148.974121,4188.077147999999,4201.282227000001,4231.025879,4205.897461,4210.769043,4222.563965,4225.641113000001,4171.153809,4268.077147999999
4263.205078,4092.6923829999996,4242.692383,4223.461426,4139.102539,4194.102539,4194.230957,4229.102539,4202.05127,4216.153809,4230.384765999999,4229.487305,4174.615234000001,4276.922852000001
4262.692383,4087.0512700000004,4243.333496,4218.974121,4140.897461,4196.538574,4193.974121,4224.358886999999,4198.461426,4212.307617,4232.563965,4231.538574,4174.871582,4276.153809
4255.897461,4084.743652,4243.333496,4219.102539,4141.025879,4190.512695,4199.358886999999,4238.205078,4213.333496,4219.487305,4232.94873,4229.871582,4174.230957,4270.897461
4251.025879,4083.076904,4237.692383,4219.358886999999,4140.128418,4192.94873,4206.282227000001,4277.820313,4238.205078,4228.717772999999,4231.025879,4220.0,4160.641113000001,4258.974121
4247.820313,4083.8461909999996,4231.794922,4220.384765999999,4151.922852000001,4205.512695,4211.153809,4298.589844,4245.256348,4225.0,4222.820313,4211.410156,4146.666504,4248.461426
4229.230957,4077.0512700000004,4217.820313,4213.717772999999,4156.153809,4212.94873,4217.307617,4273.333496,4222.692383,4206.538574,4203.846191,4199.871582,4135.128418,4237.563965
4210.256348,4061.281982,4200.512695,4196.282227000001,4140.128418,4210.641113000001,4220.256348,4256.922852000001,4204.615234000001,4189.871582,4187.179688,4185.512695,4123.717772999999,4228.333496
4215.512695,4057.6923829999996,4201.922852000001,4194.358886999999,4136.538574,4210.769043,4207.820313,4259.230957,4210.0,4195.128418,4194.102539,4186.794922,4132.692383,4233.461426
4223.589844,4061.1538090000004,4209.743652,4205.384765999999,4148.461426,4210.769043,4185.384765999999,4230.897461,4204.615234000001,4202.820313,4206.282227000001,4194.871582,4148.333496,4237.692383
4216.410156,4056.6667479999996,4206.153809,4202.563965,4146.666504,4209.743652,4181.922852000001,4199.358886999999,4178.461426,4190.128418,4199.743652,4191.025879,4140.384765999999,4230.512695
4217.692383,4060.1281740000004,4209.487305,4199.743652,4143.077147999999,4209.102539,4190.897461,4204.230957,4166.025879,4183.717772999999,4198.077147999999,4192.692383,4131.794922,4236.153809
4238.461426,4074.358887,4228.589844,4215.0,4148.846191,4197.307617,4189.743652,4211.410156,4171.538574,4198.077147999999,4215.128418,4210.384765999999,4145.128418,4256.025879
4247.820313,4076.794922,4238.205078,4224.871582,4143.589844,4193.461426,4196.922852000001,4217.692383,4175.0,4202.179688,4222.05127,4218.077147999999,4154.487305,4259.487305
4233.717772999999,4070.256348,4227.563965,4216.025879,4135.897461,4205.384765999999,4201.666504,4235.384765999999,4176.410156,4192.692383,4211.410156,4208.205078,4146.410156,4249.358886999999
4223.974121,4070.256348,4221.794922,4210.512695,4143.077147999999,4203.077147999999,4183.589844,4249.358886999999,4189.743652,4199.102539,4211.666504,4207.179688,4143.077147999999,4248.717772999999
4232.563965,4077.3076170000004,4230.769043,4219.358886999999,4149.230957,4193.717772999999,4184.358886999999,4270.256348,4218.461426,4221.410156,4226.282227000001,4222.05127,4154.230957,4255.512695
4235.0,4077.3076170000004,4231.282227000001,4223.717772999999,4148.717772999999,4208.077147999999,4202.307617,4274.871582,4227.179688,4223.846191,4223.077147999999,4220.256348,4151.282227000001,4248.461426
4218.461426,4065.512939,4216.922852000001,4213.589844,4156.025879,4222.820313,4188.589844,4252.563965,4212.563965,4205.769043,4199.358886999999,4198.589844,4130.256348,4229.615234000001
4210.769043,4059.358887,4211.794922,4207.563965,4160.897461,4211.922852000001,4173.077147999999,4255.128418,4217.692383,4208.077147999999,4193.461426,4192.05127,4127.563965,4224.487305
4210.512695,4057.9487299999996,4211.282227000001,4205.641113000001,4146.410156,4198.974121,4186.922852000001,4272.05127,4228.717772999999,4217.436035,4200.0,4200.256348,4132.436035,4226.410156
4201.153809,4050.897461,4202.307617,4199.230957,4134.230957,4204.743652,4192.94873,4254.743652,4213.846191,4205.641113000001,4190.897461,4199.487305,4120.256348,4216.922852000001
4195.641113000001,4046.6667479999996,4197.94873,4194.230957,4136.922852000001,4214.871582,4188.974121,4246.025879,4203.846191,4192.563965,4181.666504,4195.0,4108.974121,4208.461426
4204.743652,4049.2307130000004,4206.922852000001,4198.333496,4133.846191,4209.871582,4195.897461,4276.538574,4213.205078,4194.358886999999,4187.179688,4202.436035,4111.153809,4218.846191
4214.230957,4048.5898439999996,4215.128418,4206.666504,4128.589844,4202.692383,4197.05127,4268.077147999999,4196.538574,4189.743652,4186.794922,4210.384765999999,4112.179688,4228.974121
4213.205078,4050.1281740000004,4215.0,4208.846191,4133.589844,4204.358886999999,4189.102539,4237.307617,4175.512695,4179.615234000001,4178.974121,4210.641113000001,4108.717772999999,4223.717772999999
4217.05127,4065.512939,4222.179688,4216.538574,4143.974121,4209.358886999999,4188.717772999999,4258.846191,4193.974121,4190.384765999999,4187.436035,4213.077147999999,4114.743652,4224.102539
4225.641113000001,4076.4101560000004,4233.461426,4229.358886999999,4153.974121,4211.025879,4183.846191,4272.436035,4206.153809,4203.461426,4200.256348,4216.153809,4121.282227000001,4236.794922
4229.102539,4071.923096,4235.897461,4232.05127,4160.0,4212.436035,4187.307617,4251.794922,4194.743652,4203.589844,4201.025879,4218.846191,4125.512695,4244.743652
4228.589844,4065.512939,4234.487305,4226.666504,4156.153809,4221.922852000001,4213.205078,4255.384765999999,4192.179688,4200.384765999999,4199.102539,4220.128418,4126.153809,4243.077147999999
4227.179688,4063.205078,4233.077147999999,4223.717772999999,4148.077147999999,4226.794922,4216.025879,4263.589844,4195.769043,4197.94873,4196.922852000001,4217.179688,4119.102539,4240.256348
4226.538574,4066.4101560000004,4232.436035,4227.179688,4155.0,4221.282227000001,4187.94873,4254.230957,4203.846191,4206.538574,4201.025879,4216.922852000001,4120.0,4243.846191
4218.461426,4065.897461,4226.794922,4226.410156,4165.641113000001,4223.846191,4180.384765999999,4267.05127,4223.077147999999,4222.563965,4206.922852000001,4216.282227000001,4127.692383,4245.128418
4206.538574,4052.0512700000004,4217.05127,4218.077147999999,4158.846191,4235.384765999999,4196.794922,4283.205078,4228.974121,4224.230957,4200.384765999999,4207.563965,4120.641113000001,4236.666504
4205.256348,4045.897461,4213.717772999999,4212.563965,4149.615234000001,4231.153809,4198.717772999999,4277.820313,4218.333496,4213.461426,4187.179688,4200.384765999999,4110.897461,4229.743652
4210.769043,4052.0512700000004,4217.820313,4213.846191,4148.333496,4222.436035,4188.077147999999,4278.974121,4213.461426,4206.666504,4180.0,4203.589844,4112.179688,4231.538574
4212.563965,4054.2307130000004,4219.615234000001,4214.487305,4151.794922,4231.410156,4189.102539,4280.384765999999,4211.922852000001,4203.205078,4180.256348,4207.436035,4112.94873,4236.666504
4211.538574,4052.0512700000004,4217.563965,4211.153809,4148.333496,4230.769043,4197.05127,4275.512695,4211.538574,4203.717772999999,4183.589844,4206.538574,4117.05127,4241.153809
4206.666504,4047.6923829999996,4215.512695,4210.641113000001,4135.384765999999,4217.179688,4199.743652,4274.230957,4205.384765999999,4200.769043,4182.820313,4198.589844,4118.589844,4240.384765999999
4199.358886999999,4036.6667479999996,4211.282227000001,4208.461426,4129.743652,4222.94873,4210.128418,4289.230957,4197.563965,4185.256348,4171.282227000001,4188.077147999999,4100.384765999999,4231.922852000001
4200.512695,4033.5898439999996,4207.563965,4204.615234000001,4133.077147999999,4228.589844,4220.512695,4306.922852000001,4204.102539,4176.922852000001,4165.512695,4189.743652,4087.0512700000004,4228.717772999999
4212.05127,4048.076904,4214.230957,4212.05127,4136.794922,4221.282227000001,4204.487305,4291.410156,4214.743652,4191.538574,4179.743652,4199.358886999999,4102.563965,4238.717772999999
4220.641113000001,4058.205078,4227.179688,4224.230957,4143.333496,4227.563965,4184.743652,4265.256348,4214.230957,4210.128418,4196.538574,4205.384765999999,4119.743652,4248.333496
4219.743652,4051.6667479999996,4228.846191,4220.0,4139.743652,4233.077147999999,4194.487305,4270.384765999999,4206.153809,4210.0,4197.820313,4207.05127,4115.128418,4245.0
4222.05127,4050.512939,4224.230957,4212.05127,4125.897461,4222.307617,4202.94873,4280.384765999999,4203.205078,4205.641113000001,4195.128418,4207.05127,4113.333496,4242.563965
4228.974121,4061.1538090000004,4227.820313,4219.615234000001,4128.974121,4215.128418,4187.94873,4264.487305,4200.0,4206.922852000001,4198.589844,4206.025879,4118.589844,4250.256348
4223.717772999999,4060.1281740000004,4227.436035,4221.922852000001,4136.538574,4213.205078,4179.615234000001,4252.179688,4188.846191,4199.102539,4195.0,4199.102539,4107.307617,4247.05127
4215.512695,4049.358887,4219.230957,4211.922852000001,4124.871582,4217.94873,4186.922852000001,4264.358886999999,4188.205078,4194.871582,4191.282227000001,4194.615234000001,4096.538574,4235.897461
4219.871582,4047.5642090000006,4217.563965,4211.922852000001,4118.846191,4225.128418,4188.974121,4275.384765999999,4199.743652,4205.641113000001,4199.615234000001,4199.871582,4105.384765999999,4238.846191
4220.256348,4048.205078,4220.256348,4215.769043,4124.871582,4214.871582,4190.128418,4278.589844,4206.282227000001,4208.846191,4206.794922,4206.153809,4111.282227000001,4248.333496
4213.846191,4045.897461,4219.615234000001,4209.230957,4120.384765999999,4204.230957,4202.692383,4294.615234000001,4214.230957,4205.641113000001,4206.282227000001,4206.794922,4108.333496,4249.487305
4214.358886999999,4047.3076170000004,4216.794922,4202.94873,4114.743652,4221.153809,4213.077147999999,4302.436035,4217.692383,4207.436035,4201.538574,4202.563965,4109.615234000001,4246.538574
4217.05127,4054.8718259999996,4216.666504,4208.589844,4123.205078,4234.615234000001,4209.871582,4287.05127,4206.282227000001,4205.384765999999,4200.256348,4200.128418,4110.256348,4248.974121
4222.820313,4065.0,4223.974121,4215.256348,4129.743652,4227.179688,4210.128418,4285.0,4204.487305,4203.205078,4209.487305,4209.230957,4112.05127,4256.794922
4232.563965,4075.512939,4230.128418,4217.05127,4131.025879,4226.666504,4210.384765999999,4291.282227000001,4211.666504,4207.692383,4217.820313,4221.282227000001,4121.538574,4267.05127
4234.230957,4081.6667479999996,4227.692383,4218.717772999999,4131.025879,4219.871582,4185.0,4278.717772999999,4206.282227000001,4212.436035,4216.025879,4218.589844,4126.794922,4273.461426
4236.025879,4086.1538090000004,4231.538574,4222.563965,4127.307617,4204.358886999999,4156.025879,4261.282227000001,4203.077147999999,4216.282227000001,4217.563965,4216.666504,4128.077147999999,4274.230957
4240.897461,4087.6923829999996,4241.153809,4227.307617,4130.0,4215.384765999999,4172.179688,4257.563965,4203.461426,4217.94873,4221.666504,4218.461426,4132.307617,4271.410156
4228.589844,4073.461426,4228.717772999999,4220.384765999999,4133.205078,4229.871582,4198.589844,4251.282227000001,4189.102539,4203.717772999999,4208.589844,4204.358886999999,4120.512695,4260.128418
4223.589844,4067.179443,4217.94873,4213.846191,4129.743652,4219.615234000001,4190.256348,4252.05127,4190.769043,4198.974121,4203.589844,4199.358886999999,4115.0,4254.102539
4238.974121,4079.358887,4231.153809,4223.205078,4127.179688,4219.487305,4182.436035,4276.282227000001,4218.589844,4218.205078,4222.307617,4215.0,4136.794922,4262.94873
4230.256348,4077.9487299999996,4225.897461,4220.641113000001,4119.615234000001,4234.871582,4197.179688,4288.717772999999,4216.282227000001,4215.0,4218.974121,4208.974121,4138.589844,4259.743652
4207.307617,4067.4357909999994,4204.743652,4204.230957,4109.358886999999,4229.871582,4206.538574,4273.717772999999,4188.589844,4189.871582,4192.563965,4185.128418,4113.333496,4241.025879
4213.717772999999,4077.179443,4211.410156,4209.871582,4113.205078,4217.05127,4201.794922,4265.641113000001,4189.615234000001,4190.641113000001,4191.410156,4187.436035,4113.589844,4241.666504
4226.153809,4086.6667479999996,4226.410156,4223.461426,4121.538574,4219.615234000001,4202.820313,4285.0,4208.205078,4205.384765999999,4205.897461,4202.05127,4131.538574,4254.487305
4219.615234000001,4078.974365,4218.589844,4215.256348,4118.205078,4224.230957,4212.05127,4282.692383,4195.256348,4191.025879,4202.820313,4198.717772999999,4124.102539,4253.205078
4222.563965,4078.3332520000004,4213.589844,4209.871582,4117.692383,4216.538574,4209.102539,4250.128418,4168.077147999999,4175.897461,4197.692383,4194.743652,4112.94873,4253.717772999999
4240.641113000001,4088.718018,4228.333496,4222.692383,4128.077147999999,4210.641113000001,4190.128418,4250.384765999999,4175.384765999999,4190.0,4208.717772999999,4202.05127,4128.077147999999,4265.384765999999
4252.692383,4098.974121,4241.153809,4233.333496,4133.205078,4214.615234000001,4167.820313,4264.487305,4188.205078,4199.743652,4221.410156,4208.846191,4146.153809,4273.589844
4254.102539,4104.743652,4241.922852000001,4235.897461,4127.307617,4211.410156,4158.077147999999,4241.922852000001,4172.692383,4193.205078,4221.922852000001,4209.743652,4149.102539,4275.769043
4248.461426,4102.820313,4237.94873,4234.102539,4127.563965,4204.871582,4156.666504,4231.410156,4172.820313,4194.102539,4216.538574,4208.717772999999,4146.282227000001,4274.487305
4239.358886999999,4096.538574,4232.436035,4226.666504,4134.230957,4210.769043,4159.102539,4258.589844,4195.769043,4203.205078,4216.153809,4208.205078,4146.153809,4269.358886999999
4229.358886999999,4090.512939,4224.102539,4219.358886999999,4125.897461,4223.974121,4171.410156,4270.512695,4201.282227000001,4205.384765999999,4215.897461,4204.358886999999,4147.179688,4261.282227000001
4220.641113000001,4085.256348,4215.641113000001,4215.384765999999,4110.641113000001,4226.282227000001,4188.589844,4273.461426,4204.487305,4204.230957,4208.333496,4195.256348,4144.358886999999,4253.974121
4212.94873,4081.538574,4209.871582,4213.717772999999,4115.512695,4222.820313,4200.897461,4296.538574,4222.05127,4203.589844,4202.94873,4188.974121,4136.282227000001,4249.487305
4205.256348,4078.5898439999996,4203.461426,4211.666504,4127.563965,4237.436035,4214.102539,4302.436035,4218.333496,4197.05127,4199.230957,4185.256348,4125.769043,4240.256348
4199.102539,4071.538574,4196.794922,4205.256348,4121.794922,4249.487305,4218.077147999999,4283.205078,4201.153809,4188.974121,4188.589844,4178.974121,4117.94873,4227.307617
4204.230957,4073.718018,4200.897461,4205.384765999999,4114.487305,4230.769043,4199.487305,4278.974121,4206.794922,4196.794922,4191.922852000001,4181.025879,4125.256348,4233.846191
4213.717772999999,4080.1281740000004,4209.487305,4209.871582,4117.436035,4215.0,4192.563965,4277.05127,4204.102539,4202.820313,4202.563965,4187.692383,4135.128418,4248.205078
4214.615234000001,4072.0512700000004,4208.077147999999,4206.153809,4117.05127,4226.025879,4207.307617,4260.128418,4176.410156,4183.333496,4195.641113000001,4183.846191,4125.128418,4247.436035
4218.717772999999,4070.512939,4210.641113000001,4206.794922,4115.128418,4220.256348,4200.128418,4247.307617,4165.0,4177.692383,4197.692383,4184.487305,4124.102539,4254.102539
4229.871582,4076.538574,4221.282227000001,4213.333496,4119.487305,4192.692383,4171.922852000001,4236.538574,4170.384765999999,4192.436035,4213.846191,4197.563965,4143.974121,4270.0
4238.077147999999,4073.718018,4228.717772999999,4213.461426,4123.333496,4190.641113000001,4166.538574,4233.717772999999,4174.615234000001,4193.974121,4219.743652,4205.769043,4154.871582,4276.025879
4246.922852000001,4082.0512700000004,4239.230957,4218.974121,4122.179688,4208.333496,4179.487305,4258.461426,4190.128418,4201.410156,4229.871582,4213.717772999999,4163.077147999999,4284.871582
4252.563965,4095.7692869999996,4245.0,4228.205078,4120.384765999999,4211.282227000001,4175.769043,4267.563965,4198.846191,4217.436035,4242.563965,4221.282227000001,4173.205078,4289.615234000001
4246.410156,4088.8461909999996,4233.461426,4224.230957,4122.820313,4206.410156,4171.538574,4252.94873,4195.384765999999,4213.974121,4235.0,4215.769043,4170.0,4275.256348
4231.025879,4071.025635,4217.436035,4210.897461,4121.410156,4211.538574,4185.256348,4273.846191,4205.897461,4200.769043,4217.563965,4202.820313,4156.794922,4257.179688
4214.487305,4057.6923829999996,4206.410156,4198.589844,4113.974121,4223.077147999999,4206.666504,4292.436035,4209.743652,4191.666504,4206.025879,4190.384765999999,4141.282227000001,4245.384765999999
4206.666504,4052.3076170000004,4197.692383,4193.333496,4117.94873,4234.102539,4221.282227000001,4272.692383,4201.538574,4184.487305,4196.282227000001,4182.05127,4129.743652,4235.0
4201.666504,4050.1281740000004,4189.487305,4189.487305,4125.641113000001,4230.384765999999,4210.897461,4258.205078,4198.846191,4178.461426,4188.077147999999,4178.205078,4123.589844,4226.666504
4195.128418,4047.9487299999996,4185.769043,4185.512695,4121.794922,4221.025879,4194.358886999999,4255.0,4197.436035,4176.153809,4187.692383,4172.94873,4125.256348,4225.0
4199.871582,4050.7692869999996,4192.692383,4186.538574,4114.615234000001,4225.641113000001,4200.769043,4251.153809,4196.922852000001,4180.769043,4193.974121,4172.692383,4135.769043,4231.153809
4212.94873,4060.256348,4204.358886999999,4197.05127,4113.589844,4228.205078,4206.153809,4248.461426,4197.179688,4184.615234000001,4197.05127,4182.692383,4142.563965,4236.794922
4215.769043,4066.6667479999996,4207.563965,4209.230957,4120.897461,4219.358886999999,4190.256348,4244.230957,4190.384765999999,4181.282227000001,4196.794922,4188.717772999999,4143.589844,4235.0
4216.410156,4072.0512700000004,4212.436035,4214.487305,4121.282227000001,4208.717772999999,4180.897461,4251.794922,4190.897461,4187.307617,4206.794922,4193.077147999999,4158.974121,4240.256348
4233.589844,4083.974365,4228.333496,4220.256348,4114.743652,4203.589844,4186.025879,4264.871582,4201.025879,4205.0,4224.358886999999,4206.025879,4183.846191,4259.487305
4248.205078,4093.8461909999996,4239.358886999999,4229.743652,4120.256348,4204.487305,4185.128418,4258.461426,4200.769043,4214.615234000001,4237.692383,4213.461426,4191.538574,4275.128418
4242.692383,4096.410156,4239.102539,4231.666504,4129.230957,4206.410156,4181.538574,4253.846191,4195.769043,4215.128418,4242.436035,4209.230957,4187.436035,4274.487305
4232.307617,4090.512939,4237.436035,4224.743652,4122.820313,4212.692383,4192.307617,4265.512695,4196.538574,4211.922852000001,4236.666504,4205.641113000001,4180.897461,4262.563965
4224.230957,4076.4101560000004,4228.974121,4214.230957,4116.666504,4228.077147999999,4207.307617,4264.102539,4190.128418,4196.153809,4220.512695,4200.384765999999,4163.205078,4249.487305
4211.794922,4063.718018,4214.102539,4203.077147999999,4122.179688,4239.743652,4207.692383,4249.871582,4177.179688,4174.230957,4201.282227000001,4190.0,4149.743652,4236.666504
4203.974121,4065.641113,4209.358886999999,4200.256348,4116.794922,4228.461426,4195.256348,4235.641113000001,4176.282227000001,4176.153809,4200.128418,4187.563965,4159.871582,4230.512695
4202.692383,4069.743652,4207.692383,4201.666504,4098.589844,4214.358886999999,4194.487305,4239.358886999999,4191.538574,4192.820313,4211.025879,4191.282227000001,4166.410156,4230.128418
4196.538574,4064.358887,4199.615234000001,4196.666504,4096.282227000001,4217.692383,4210.384765999999,4269.102539,4208.077147999999,4191.794922,4207.179688,4186.538574,4148.974121,4224.102539
4187.820313,4059.615479,4193.333496,4190.769043,4103.333496,4221.794922,4214.102539,4277.307617,4206.538574,4180.512695,4192.94873,4176.025879,4137.563965,4213.974121
4185.128418,4060.897461,4192.820313,4188.589844,4102.05127,4222.179688,4207.05127,4258.205078,4197.820313,4181.794922,4193.205078,4173.077147999999,4146.538574,4210.512695
4197.179688,4072.9487299999996,4203.461426,4199.615234000001,4107.820313,4228.589844,4211.025879,4268.205078,4214.743652,4198.846191,4211.410156,4185.769043,4165.0,4220.512695
4212.692383,4087.6923829999996,4217.94873,4214.230957,4123.974121,4232.94873,4218.205078,4297.436035,4240.0,4215.641113000001,4224.358886999999,4200.769043,4178.333496,4237.563965
4213.333496,4095.384521,4220.897461,4214.743652,4132.94873,4235.256348,4211.666504,4294.615234000001,4234.615234000001,4217.692383,4224.230957,4200.769043,4179.358886999999,4245.0
4210.128418,4100.128418,4218.333496,4215.0,4136.282227000001,4237.94873,4197.94873,4264.615234000001,4211.666504,4209.871582,4221.794922,4193.461426,4179.102539,4241.922852000001
4219.615234000001,4110.897461,4225.641113000001,4229.743652,4140.256348,4228.846191,4197.179688,4256.153809,4211.025879,4210.769043,4225.384765999999,4198.205078,4188.333496,4243.077147999999
4231.538574,4127.436035,4238.077147999999,4241.922852000001,4147.820313,4222.179688,4203.333496,4262.820313,4217.307617,4215.512695,4232.692383,4208.717772999999,4195.769043,4249.743652
4233.077147999999,4135.512695,4243.077147999999,4240.256348,4160.512695,4237.05127,4199.487305,4246.794922,4202.307617,4208.205078,4232.307617,4207.436035,4191.538574,4250.641113000001
4226.922852000001,4131.666504,4239.487305,4234.487305,4162.563965,4241.410156,4194.743652,4241.794922,4190.512695,4198.461426,4227.05127,4200.0,4186.153809,4245.512695
4209.102539,4118.077147999999,4225.256348,4221.922852000001,4142.692383,4219.615234000001,4203.077147999999,4256.794922,4190.256348,4189.102539,4215.769043,4190.384765999999,4175.512695,4231.922852000001
4188.974121,4105.384765999999,4208.846191,4206.410156,4125.384765999999,4205.512695,4206.025879,4251.025879,4187.436035,4180.512695,4199.615234000001,4177.179688,4157.692383,4214.487305
4187.563965,4102.307617,4207.563965,4203.717772999999,4124.487305,4214.358886999999,4198.461426,4241.282227000001,4191.410156,4183.461426,4195.897461,4167.563965,4149.358886999999,4211.410156
4188.333496,4096.538574,4205.256348,4198.974121,4122.179688,4222.820313,4212.436035,4258.974121,4197.94873,4183.589844,4198.589844,4164.487305,4146.538574,4211.794922
4178.205078,4090.256348,4195.0,4188.717772999999,4116.410156,4222.307617,4235.512695,4288.974121,4205.897461,4179.230957,4197.05127,4165.256348,4141.538574,4204.871582
4179.230957,4100.256348,4198.205078,4193.333496,4118.461426,4220.0,4229.358886999999,4302.179688,4223.077147999999,4191.410156,4199.102539,4168.589844,4150.256348,4206.153809
4192.94873,4119.102539,4208.589844,4207.05127,4127.692383,4222.692383,4211.666504,4292.179688,4232.179688,4205.384765999999,4205.769043,4171.922852000001,4164.230957,4215.384765999999
4200.0,4129.102539,4207.94873,4210.512695,4137.692383,4237.563965,4214.743652,4287.820313,4233.974121,4208.205078,4209.615234000001,4174.230957,4167.179688,4219.743652
4195.769043,4132.563965,4204.230957,4208.589844,4139.102539,4248.205078,4217.307617,4288.333496,4235.641113000001,4208.717772999999,4206.410156,4175.256348,4167.307617,4218.077147999999
4191.153809,4135.256348,4203.589844,4210.897461,4138.333496,4245.384765999999,4203.717772999999,4264.102539,4223.974121,4205.256348,4200.0,4169.230957,4168.589844,4214.230957
4198.205078,4142.179688,4203.077147999999,4214.487305,4143.461426,4241.538574,4194.871582,4242.436035,4214.487305,4204.743652,4199.230957,4163.461426,4170.641113000001,4215.256348
4210.641113000001,4154.102539,4206.282227000001,4218.077147999999,4137.307617,4236.410156,4191.666504,4244.615234000001,4216.153809,4205.256348,4198.717772999999,4165.128418,4173.333496,4220.897461
4216.794922,4163.589844,4214.102539,4223.717772999999,4123.333496,4227.820313,4186.410156,4240.128418,4211.025879,4200.384765999999,4198.205078,4169.615234000001,4176.025879,4226.922852000001
4218.461426,4163.974121,4219.358886999999,4228.077147999999,4118.846191,4217.94873,4185.641113000001,4230.769043,4204.358886999999,4202.307617,4209.358886999999,4174.743652,4180.897461,4233.333496
4219.102539,4163.717772999999,4220.897461,4226.794922,4115.641113000001,4209.230957,4191.153809,4234.102539,4206.153809,4209.102539,4219.487305,4178.589844,4183.589844,4235.897461
4216.410156,4166.538574,4218.846191,4221.025879,4104.230957,4207.179688,4198.205078,4243.077147999999,4205.384765999999,4207.563965,4216.410156,4176.025879,4181.282227000001,4229.871582
4209.871582,4164.743652,4213.846191,4213.205078,4094.358887,4213.974121,4205.256348,4260.512695,4206.410156,4203.717772999999,4214.230957,4172.05127,4179.102539,4223.333496
4200.897461,4156.922852000001,4207.692383,4206.794922,4092.5642090000006,4224.487305,4210.256348,4270.384765999999,4206.282227000001,4203.077147999999,4214.743652,4171.410156,4176.282227000001,4222.179688
4189.615234000001,4146.538574,4197.820313,4201.025879,4089.2307130000004,4222.307617,4207.307617,4272.05127,4201.922852000001,4197.436035,4206.282227000001,4166.410156,4166.794922,4215.128418
4185.384765999999,4150.0,4194.871582,4196.666504,4083.8461909999996,4210.769043,4204.743652,4279.102539,4208.717772999999,4196.410156,4203.589844,4159.487305,4164.358886999999,4204.871582
4187.94873,4157.05127,4197.436035,4196.538574,4085.512939,4218.846191,4208.333496,4271.153809,4219.230957,4203.974121,4209.358886999999,4155.897461,4168.974121,4200.512695
4190.641113000001,4138.974121,4191.282227000001,4196.922852000001,4091.794922,4241.794922,4205.769043,4258.589844,4223.077147999999,4207.307617,4206.410156,4151.410156,4164.487305,4198.717772999999
4191.538574,4115.769043,4185.769043,4198.589844,4095.384521,4251.282227000001,4207.179688,4262.307617,4226.282227000001,4206.025879,4203.974121,4149.358886999999,4165.384765999999,4199.102539
4187.820313,4111.538574,4190.384765999999,4199.615234000001,4093.718018,4246.410156,4215.897461,4247.692383,4220.256348,4201.025879,4206.538574,4152.692383,4171.794922,4198.333496
4190.641113000001,4117.692383,4197.436035,4204.487305,4090.641113,4241.922852000001,4209.102539,4219.102539,4209.871582,4201.794922,4205.897461,4156.922852000001,4173.461426,4198.333496
4203.205078,4129.358886999999,4204.487305,4216.153809,4091.923096,4235.897461,4194.102539,4227.179688,4216.666504,4215.0,4212.563965,4161.922852000001,4181.666504,4205.897461
4209.615234000001,4136.922852000001,4208.974121,4215.256348,4093.205078,4224.871582,4190.512695,4242.05127,4222.820313,4221.025879,4226.025879,4168.333496,4190.897461,4215.256348
4203.077147999999,4126.153809,4202.94873,4203.974121,4084.615479,4220.641113000001,4197.563965,4225.384765999999,4200.256348,4206.282227000001,4225.0,4167.94873,4187.179688,4214.615234000001
4201.282227000001,4124.102539,4201.922852000001,4204.102539,4080.256348,4229.230957,4203.589844,4218.846191,4182.94873,4198.717772999999,4219.230957,4165.128418,4187.820313,4212.563965
4209.102539,4140.0,4211.538574,4211.922852000001,4089.2307130000004,4233.333496,4200.512695,4237.307617,4198.205078,4211.538574,4226.922852000001,4171.282227000001,4199.230957,4217.563965
4206.538574,4135.769043,4210.0,4207.563965,4090.0,4216.410156,4201.538574,4254.615234000001,4217.05127,4217.436035,4226.666504,4176.153809,4195.769043,4213.077147999999
4191.282227000001,4120.897461,4195.769043,4197.05127,4080.7692869999996,4210.256348,4215.384765999999,4259.487305,4216.794922,4208.333496,4211.153809,4171.922852000001,4179.102539,4196.922852000001
4179.358886999999,4125.128418,4187.692383,4195.256348,4086.538574,4235.256348,4223.205078,4259.487305,4214.487305,4203.589844,4201.922852000001,4166.538574,4173.589844,4185.256348
4179.358886999999,4131.538574,4188.461426,4197.692383,4095.256348,4242.307617,4211.282227000001,4258.461426,4219.615234000001,4207.563965,4205.769043,4161.538574,4181.410156,4183.589844
4187.179688,4131.538574,4190.897461,4200.128418,4087.4357909999994,4218.205078,4203.846191,4267.692383,4228.717772999999,4214.615234000001,4213.589844,4159.487305,4188.333496,4187.436035
4193.846191,4141.794922,4194.358886999999,4206.538574,4086.1538090000004,4220.128418,4214.230957,4273.205078,4238.077147999999,4224.487305,4218.333496,4163.846191,4194.102539,4192.692383
4190.0,4151.153809,4191.538574,4209.615234000001,4098.205078,4243.717772999999,4214.487305,4242.692383,4228.077147999999,4221.282227000001,4211.922852000001,4162.563965,4194.871582,4190.641113000001
4184.615234000001,4150.0,4187.179688,4207.179688,4101.666504,4239.102539,4203.333496,4207.436035,4207.307617,4206.538574,4202.307617,4154.358886999999,4190.128418,4183.589844
4188.077147999999,4149.743652,4193.846191,4205.769043,4099.871582,4226.153809,4206.282227000001,4212.05127,4204.230957,4204.871582,4208.461426,4157.436035,4190.512695,4187.820313
4186.666504,4144.743652,4197.307617,4200.384765999999,4097.692383,4226.153809,4212.820313,4238.333496,4208.589844,4208.461426,4216.922852000001,4168.974121,4194.102539,4195.256348
4182.94873,4141.538574,4193.205078,4195.256348,4093.718018,4227.179688,4218.205078,4255.384765999999,4208.461426,4206.794922,4216.153809,4176.153809,4200.897461,4196.410156
4189.230957,4154.487305,4198.846191,4205.769043,4099.102539,4232.563965,4228.333496,4255.769043,4212.563965,4209.743652,4218.974121,4175.128418,4209.615234000001,4196.153809
4197.05127,4167.179688,4207.820313,4218.077147999999,4109.487305,4230.897461,4220.512695,4246.794922,4219.743652,4211.922852000001,4222.820313,4170.641113000001,4210.897461,4193.717772999999
4198.333496,4166.153809,4206.794922,4216.922852000001,4109.230957,4215.641113000001,4201.922852000001,4240.256348,4219.871582,4209.871582,4217.94873,4169.615234000001,4204.871582,4190.512695
4195.0,4157.179688,4201.794922,4209.102539,4098.846191,4208.846191,4203.077147999999,4232.820313,4211.282227000001,4207.179688,4210.128418,4167.179688,4203.461426,4190.0
4195.256348,4149.743652,4201.538574,4207.820313,4096.666504,4216.025879,4206.410156,4221.538574,4204.615234000001,4204.358886999999,4208.461426,4164.230957,4212.563965,4191.666504
4195.384765999999,4147.307617,4203.077147999999,4211.282227000001,4108.205078,4221.922852000001,4201.794922,4216.153809,4203.846191,4200.769043,4208.077147999999,4165.0,4219.358886999999,4190.897461
4188.205078,4141.538574,4197.05127,4207.94873,4110.128418,4221.153809,4204.487305,4214.871582,4200.512695,4199.358886999999,4203.077147999999,4156.922852000001,4216.666504,4184.230957
4178.589844,4126.794922,4186.025879,4200.128418,4098.974121,4220.897461,4209.230957,4211.410156,4194.487305,4197.179688,4193.077147999999,4143.077147999999,4204.358886999999,4170.769043
4171.410156,4113.205078,4177.436035,4195.641113000001,4097.05127,4221.538574,4209.358886999999,4209.487305,4195.769043,4194.487305,4186.282227000001,4141.666504,4194.743652,4159.487305
4169.358886999999,4115.128418,4181.410156,4197.179688,4106.153809,4223.974121,4216.282227000001,4225.769043,4212.179688,4203.205078,4195.512695,4151.410156,4201.538574,4163.333496
4169.102539,4121.794922,4188.717772999999,4199.230957,4110.128418,4229.743652,4236.282227000001,4251.282227000001,4227.179688,4211.153809,4205.769043,4155.897461,4208.974121,4171.410156
4166.794922,4122.05127,4186.282227000001,4196.922852000001,4112.94873,4235.256348,4245.512695,4246.794922,4220.512695,4205.384765999999,4201.282227000001,4155.0,4203.974121,4171.025879
4170.512695,4130.256348,4189.102539,4200.641113000001,4125.384765999999,4240.512695,4231.538574,4234.487305,4218.717772999999,4208.846191,4203.589844,4159.230957,4208.589844,4178.717772999999
4183.589844,4146.282227000001,4204.487305,4210.641113000001,4130.641113000001,4236.282227000001,4216.794922,4251.282227000001,4233.333496,4223.846191,4218.589844,4168.205078,4225.512695,4197.820313
4193.205078,4154.615234000001,4211.538574,4215.769043,4124.487305,4222.436035,4212.307617,4262.307617,4235.256348,4227.436035,4225.128418,4175.0,4231.794922,4201.922852000001
4191.666504,4158.846191,4206.025879,4218.846191,4125.512695,4218.846191,4205.769043,4246.025879,4227.563965,4224.102539,4226.025879,4176.410156,4230.769043,4196.282227000001
4191.410156,4166.538574,4207.307617,4223.589844,4138.717772999999,4224.358886999999,4193.589844,4218.589844,4216.922852000001,4219.743652,4225.641113000001,4174.102539,4229.230957,4198.205078
4198.077147999999,4171.794922,4217.179688,4228.461426,4146.410156,4218.077147999999,4180.384765999999,4193.333496,4196.794922,4209.615234000001,4221.922852000001,4173.461426,4223.333496,4197.179688
4198.974121,4166.153809,4217.692383,4229.102539,4137.563965,4208.333496,4176.153809,4185.256348,4184.487305,4201.153809,4216.666504,4174.871582,4218.846191,4189.102539
4193.846191,4156.794922,4208.333496,4221.922852000001,4129.358886999999,4208.589844,4187.179688,4192.94873,4188.205078,4199.230957,4212.05127,4174.230957,4218.077147999999,4186.410156
4195.641113000001,4161.410156,4207.307617,4216.666504,4134.743652,4212.563965,4204.102539,4203.717772999999,4199.102539,4206.538574,4217.692383,4173.333496,4225.384765999999,4189.615234000001
4193.205078,4166.538574,4207.307617,4212.692383,4137.436035,4221.153809,4216.666504,4223.205078,4213.461426,4216.282227000001,4225.512695,4173.205078,4233.077147999999,4186.538574
4174.871582,4156.794922,4193.205078,4201.153809,4131.922852000001,4230.897461,4227.94873,4239.487305,4220.641113000001,4217.563965,4216.922852000001,4166.538574,4225.897461,4176.025879
4159.871582,4156.666504,4180.512695,4191.794922,4132.436035,4231.922852000001,4241.410156,4237.05127,4221.922852000001,4215.128418,4204.487305,4153.589844,4212.820313,4163.077147999999
4158.205078,4170.128418,4177.179688,4193.077147999999,4140.0,4230.769043,4245.641113000001,4236.025879,4231.922852000001,4214.487305,4199.871582,4143.589844,4203.461426,4149.358886999999
4158.974121,4178.077147999999,4177.179688,4199.487305,4147.179688,4233.461426,4237.820313,4252.436035,4245.256348,4219.358886999999,4199.102539,4144.487305,4201.153809,4147.692383
4159.358886999999,4182.307617,4180.256348,4203.333496,4149.230957,4231.922852000001,4232.563965,4268.846191,4249.230957,4225.897461,4200.641113000001,4150.0,4203.717772999999,4154.358886999999
4165.128418,4190.512695,4187.436035,4205.384765999999,4150.769043,4234.871582,4236.410156,4260.256348,4242.94873,4222.307617,4202.94873,4152.820313,4205.512695,4155.769043
4176.666504,4200.0,4195.641113000001,4212.179688,4163.589844,4246.922852000001,4228.589844,4229.615234000001,4229.102539,4213.461426,4203.717772999999,4156.922852000001,4210.128418,4161.922852000001
4184.230957,4205.769043,4200.0,4218.333496,4173.333496,4241.025879,4204.871582,4201.153809,4213.333496,4211.922852000001,4205.769043,4162.692383,4218.589844,4174.358886999999
4186.410156,4211.794922,4202.179688,4220.641113000001,4168.717772999999,4219.230957,4193.333496,4186.538574,4200.897461,4211.666504,4211.538574,4163.846191,4224.487305,4178.589844
4190.128418,4222.05127,4209.743652,4224.358886999999,4161.153809,4202.05127,4188.717772999999,4180.128418,4191.922852000001,4209.487305,4219.615234000001,4165.128418,4229.230957,4183.205078
4199.102539,4233.589844,4224.102539,4232.307617,4158.974121,4194.487305,4183.205078,4186.538574,4195.512695,4216.666504,4231.025879,4176.282227000001,4239.615234000001,4198.589844
4203.461426,4231.666504,4227.179688,4233.205078,4160.897461,4202.820313,4191.282227000001,4201.794922,4203.717772999999,4220.897461,4230.641113000001,4183.333496,4239.743652,4199.615234000001
4188.846191,4215.256348,4210.897461,4218.333496,4159.615234000001,4211.538574,4199.743652,4209.615234000001,4197.94873,4206.025879,4211.153809,4171.794922,4223.461426,4177.307617
4174.615234000001,4212.307617,4197.307617,4206.538574,4158.205078,4199.743652,4198.974121,4226.794922,4205.897461,4203.846191,4203.846191,4160.897461,4220.256348,4165.256348
4179.102539,4223.077147999999,4199.102539,4211.025879,4163.205078,4196.282227000001,4206.538574,4253.333496,4236.922852000001,4226.153809,4212.692383,4162.563965,4228.333496,4169.871582
4181.794922,4223.717772999999,4201.922852000001,4216.794922,4172.05127,4215.256348,4221.025879,4262.820313,4254.358886999999,4236.794922,4210.512695,4161.282227000001,4228.717772999999,4168.717772999999
4169.102539,4215.769043,4193.461426,4208.205078,4172.307617,4220.897461,4226.666504,4255.641113000001,4249.487305,4226.538574,4197.820313,4148.974121,4220.769043,4158.077147999999
4158.461426,4216.025879,4184.102539,4199.487305,4168.333496,4212.94873,4221.282227000001,4232.436035,4236.538574,4215.256348,4192.563965,4141.666504,4212.692383,4148.333496
4162.179688,4226.282227000001,4185.512695,4205.0,4177.563965,4218.974121,4216.794922,4207.820313,4224.743652,4215.512695,4195.641113000001,4142.179688,4216.922852000001,4148.077147999999
4168.205078,4233.077147999999,4189.487305,4208.717772999999,4189.230957,4224.743652,4211.538574,4210.769043,4221.794922,4219.358886999999,4196.153809,4141.666504,4222.563965,4153.205078
4169.102539,4234.230957,4186.538574,4203.974121,4190.641113000001,4226.025879,4204.615234000001,4207.94873,4212.307617,4209.743652,4191.025879,4139.230957,4213.974121,4155.512695
4171.538574,4238.589844,4184.871582,4206.538574,4193.974121,4233.461426,4209.358886999999,4172.436035,4188.974121,4194.487305,4188.205078,4141.794922,4208.717772999999,4158.461426
4180.897461,4247.307617,4193.717772999999,4215.0,4196.410156,4224.615234000001,4217.563965,4167.820313,4185.384765999999,4197.307617,4197.94873,4154.102539,4220.897461,4168.717772999999
4187.692383,4250.512695,4203.717772999999,4217.179688,4193.461426,4209.102539,4213.333496,4190.128418,4197.307617,4209.487305,4210.512695,4167.179688,4231.410156,4177.436035
4183.077147999999,4246.282227000001,4203.717772999999,4214.102539,4190.512695,4210.641113000001,4208.589844,4188.717772999999,4193.974121,4206.153809,4210.384765999999,4167.307617,4230.128418,4173.717772999999
4179.871582,4242.307617,4200.384765999999,4211.538574,4184.743652,4210.128418,4209.230957,4201.922852000001,4197.563965,4201.794922,4205.641113000001,4159.871582,4228.333496,4167.563965
4181.153809,4243.077147999999,4201.538574,4210.384765999999,4182.820313,4198.333496,4200.384765999999,4223.077147999999,4213.974121,4210.256348,4204.487305,4159.487305,4227.179688,4168.205078
4172.307617,4237.436035,4195.897461,4203.333496,4186.666504,4195.769043,4190.256348,4204.871582,4208.846191,4207.820313,4196.153809,4152.692383,4218.333496,4160.512695
4160.128418,4229.102539,4185.641113000001,4194.487305,4185.0,4208.589844,4196.025879,4184.358886999999,4192.820313,4193.846191,4181.538574,4132.307617,4207.563965,4144.871582
4157.820313,4232.820313,4183.589844,4195.512695,4185.512695,4217.436035,4207.436035,4197.94873,4199.615234000001,4193.077147999999,4176.025879,4120.256348,4205.897461,4140.897461
4157.179688,4235.0,4179.358886999999,4195.512695,4192.692383,4219.615234000001,4213.846191,4215.512695,4214.743652,4199.102539,4175.769043,4122.563965,4203.974121,4144.230957
4153.589844,4230.128418,4168.717772999999,4188.333496,4198.717772999999,4229.487305,4209.358886999999,4218.077147999999,4218.077147999999,4197.436035,4171.794922,4123.461426,4198.974121,4140.256348
4151.153809,4233.974121,4162.563965,4187.436035,4202.692383,4232.692383,4197.94873,4200.769043,4210.769043,4196.282227000001,4167.692383,4113.974121,4199.230957,4135.0
4153.589844,4245.641113000001,4166.282227000001,4194.615234000001,4200.897461,4221.794922,4203.846191,4186.794922,4207.94873,4202.436035,4171.666504,4110.512695,4204.743652,4139.743652
4162.94873,4250.897461,4173.846191,4197.692383,4195.769043,4221.666504,4221.282227000001,4202.179688,4215.641113000001,4208.205078,4183.461426,4118.333496,4212.820313,4150.769043
4174.358886999999,4250.512695,4180.897461,4197.179688,4197.05127,4233.589844,4216.538574,4202.692383,4209.871582,4205.0,4188.205078,4125.384765999999,4218.974121,4158.589844
4185.769043,4257.436035,4194.871582,4204.871582,4199.487305,4226.410156,4201.410156,4195.256348,4202.692383,4207.05127,4194.871582,4135.384765999999,4232.692383,4169.871582
4197.307617,4270.512695,4208.589844,4217.307617,4194.102539,4206.282227000001,4201.922852000001,4204.102539,4207.05127,4217.05127,4213.205078,4147.692383,4250.0,4186.922852000001
4200.512695,4276.538574,4209.487305,4218.205078,4189.230957,4200.128418,4211.538574,4198.846191,4205.512695,4211.410156,4217.820313,4147.179688,4247.820313,4190.897461
4195.769043,4276.666504,4207.94873,4212.436035,4192.307617,4208.461426,4211.922852000001,4184.358886999999,4199.102539,4200.641113000001,4210.641113000001,4139.871582,4237.436035,4182.436035
4192.820313,4278.077147999999,4208.077147999999,4213.077147999999,4195.256348,4212.436035,4200.897461,4187.692383,4199.871582,4204.487305,4214.615234000001,4138.461426,4245.128418,4182.179688
4192.563965,4277.307617,4201.666504,4215.128418,4194.230957,4211.794922,4202.820313,4196.538574,4201.922852000001,4208.077147999999,4221.666504,4133.974121,4257.692383,4182.94873
4184.358886999999,4270.384765999999,4190.897461,4208.333496,4186.666504,4217.307617,4222.05127,4208.205078,4205.384765999999,4206.410156,4215.0,4121.538574,4249.230957,4172.05127
4166.538574,4258.717772999999,4177.820313,4195.641113000001,4173.333496,4222.05127,4226.410156,4219.487305,4213.974121,4207.692383,4201.410156,4106.538574,4229.871582,4154.871582
4153.589844,4249.615234000001,4162.563965,4187.820313,4172.563965,4228.461426,4219.615234000001,4209.102539,4217.05127,4207.820313,4194.102539,4091.923096,4220.0,4141.922852000001
4154.871582,4251.153809,4156.666504,4185.512695,4185.897461,4235.897461,4224.615234000001,4215.897461,4227.05127,4210.256348,4194.358886999999,4086.538574,4220.769043,4141.025879
4165.384765999999,4262.307617,4166.025879,4188.589844,4193.461426,4234.615234000001,4230.512695,4240.512695,4243.333496,4220.641113000001,4200.256348,4092.179443,4223.974121,4151.794922
4177.307617,4276.666504,4178.717772999999,4199.230957,4194.230957,4232.05127,4225.256348,4220.512695,4239.871582,4227.94873,4207.692383,4099.615234000001,4227.05127,4160.0
4183.077147999999,4285.0,4184.743652,4208.333496,4203.205078,4228.974121,4218.077147999999,4188.333496,4227.179688,4225.512695,4211.922852000001,4099.615234000001,4233.205078,4162.563965
4183.846191,4286.666504,4186.922852000001,4211.282227000001,4214.743652,4223.077147999999,4212.436035,4192.179688,4221.153809,4223.205078,4213.205078,4095.512939,4239.487305,4169.230957
4192.05127,4292.05127,4195.0,4218.077147999999,4215.384765999999,4222.05127,4203.205078,4195.769043,4212.692383,4221.538574,4216.666504,4097.05127,4245.0,4177.692383
4203.077147999999,4302.179688,4210.0,4227.436035,4210.897461,4223.077147999999,4201.282227000001,4185.256348,4205.256348,4216.538574,4222.05127,4102.563965,4248.717772999999,4183.589844
4203.077147999999,4302.820313,4217.436035,4227.692383,4207.820313,4212.436035,4210.641113000001,4190.128418,4202.94873,4210.641113000001,4219.358886999999,4100.256348,4246.282227000001,4183.461426
4194.615234000001,4296.025879,4212.820313,4223.461426,4207.563965,4207.179688,4213.077147999999,4192.05127,4194.358886999999,4204.358886999999,4208.205078,4090.384521,4239.102539,4176.153809
4188.974121,4295.384765999999,4204.615234000001,4220.512695,4211.025879,4215.384765999999,4206.794922,4187.179688,4194.615234000001,4204.358886999999,4204.487305,4083.461426,4235.0,4169.358886999999
4183.717772999999,4288.717772999999,4195.512695,4211.025879,4203.205078,4208.589844,4210.128418,4202.94873,4207.436035,4210.641113000001,4208.205078,4079.358887,4232.820313,4164.358886999999
4177.05127,4278.461426,4187.436035,4198.846191,4190.0,4200.769043,4223.205078,4227.179688,4213.589844,4214.102539,4208.461426,4077.6923829999996,4228.205078,4160.128418
4173.205078,4279.358886999999,4182.94873,4194.102539,4199.871582,4222.692383,4226.410156,4223.974121,4210.512695,4210.512695,4204.102539,4075.256348,4226.410156,4156.153809
4170.769043,4281.282227000001,4181.922852000001,4193.461426,4220.769043,4236.666504,4221.410156,4202.05127,4207.05127,4208.077147999999,4202.307617,4072.6923829999996,4229.487305,4154.230957
4179.358886999999,4288.717772999999,4188.461426,4200.0,4222.94873,4217.820313,4212.692383,4213.077147999999,4222.563965,4225.128418,4213.974121,4080.7692869999996,4244.102539,4162.307617
4196.025879,4307.94873,4202.436035,4213.333496,4214.358886999999,4205.128418,4194.487305,4228.846191,4242.05127,4244.615234000001,4230.769043,4092.0512700000004,4263.077147999999,4179.743652
4205.0,4315.384765999999,4213.461426,4220.641113000001,4213.205078,4211.922852000001,4186.922852000001,4195.641113000001,4228.205078,4238.333496,4232.05127,4095.512939,4267.179688,4191.666504
4203.717772999999,4307.820313,4214.615234000001,4221.922852000001,4215.769043,4209.102539,4196.794922,4167.179688,4204.743652,4219.230957,4222.179688,4094.102539,4256.794922,4187.436035
4200.512695,4306.282227000001,4210.0,4221.153809,4216.025879,4198.846191,4189.871582,4178.461426,4204.358886999999,4212.05127,4216.538574,4087.9487299999996,4248.205078,4179.871582
4194.102539,4308.205078,4204.487305,4215.897461,4213.461426,4200.256348,4179.230957,4174.230957,4198.461426,4209.615234000001,4209.743652,4075.256348,4247.692383,4173.846191
4179.743652,4297.820313,4196.025879,4206.282227000001,4211.025879,4201.794922,4198.205078,4156.666504,4181.410156,4197.307617,4195.128418,4062.0512700000004,4242.436035,4162.436035
4166.025879,4284.102539,4183.333496,4194.102539,4209.871582,4198.974121,4210.0,4166.794922,4185.128418,4186.410156,4186.538574,4055.512939,4229.230957,4152.94873
4164.487305,4282.307617,4179.102539,4189.487305,4213.589844,4207.436035,4201.410156,4179.615234000001,4200.0,4190.641113000001,4187.179688,4055.384521,4225.384765999999,4154.615234000001
4168.205078,4288.077147999999,4181.538574,4192.563965,4213.205078,4213.461426,4208.846191,4183.333496,4203.846191,4200.384765999999,4187.94873,4053.3332520000004,4229.230957,4156.410156
4163.077147999999,4285.512695,4174.615234000001,4187.179688,4209.615234000001,4208.077147999999,4220.256348,4192.94873,4202.563965,4201.025879,4186.538574,4044.487061,4222.820313,4150.512695
4164.230957,4285.256348,4173.077147999999,4184.615234000001,4219.358886999999,4208.589844,4217.820313,4208.589844,4213.974121,4206.410156,4197.05127,4045.512939,4225.128418,4157.436035
4177.307617,4294.487305,4185.512695,4195.128418,4230.0,4215.128418,4217.94873,4213.077147999999,4220.512695,4217.307617,4208.974121,4052.179443,4241.410156,4168.205078
4187.692383,4299.871582,4197.179688,4203.205078,4230.0,4214.102539,4216.153809,4209.230957,4210.0,4215.0,4207.692383,4048.974365,4245.384765999999,4168.846191
4202.307617,4307.179688,4210.0,4211.922852000001,4228.333496,4200.0,4196.153809,4203.717772999999,4207.563965,4216.794922,4215.769043,4051.281982,4250.897461,4178.333496
4219.487305,4323.077147999999,4226.282227000001,4226.282227000001,4231.153809,4183.205078,4175.769043,4173.589844,4202.94873,4222.563965,4229.230957,4058.5898439999996,4266.025879,4189.102539
4222.563965,4335.256348,4230.769043,4235.384765999999,4235.384765999999,4182.820313,4168.461426,4133.461426,4184.487305,4216.410156,4226.538574,4051.025635,4268.846191,4185.0
4209.102539,4326.666504,4215.897461,4226.794922,4235.0,4192.436035,4170.512695,4128.589844,4181.538574,4209.230957,4211.922852000001,4035.384521,4255.256348,4172.436035
4192.563965,4309.230957,4198.333496,4210.128418,4232.563965,4198.205078,4182.94873,4164.358886999999,4202.94873,4210.512695,4206.153809,4027.820557,4246.538574,4163.974121
4181.666504,4303.461426,4188.974121,4201.153809,4232.436035,4206.538574,4197.692383,4192.436035,4213.846191,4209.102539,4203.461426,4023.974365,4244.487305,4155.769043
4178.717772999999,4306.410156,4183.717772999999,4200.0,4236.025879,4212.94873,4204.487305,4193.717772999999,4213.077147999999,4208.205078,4199.487305,4022.0512700000004,4239.358886999999,4150.384765999999
4179.615234000001,4307.820313,4181.794922,4202.307617,4238.589844,4210.128418,4209.358886999999,4199.102539,4222.692383,4216.410156,4204.871582,4028.461426,4238.077147999999,4153.461426
4175.384765999999,4303.974121,4179.358886999999,4200.256348,4237.692383,4211.282227000001,4220.256348,4213.589844,4226.666504,4220.0,4206.794922,4033.974365,4239.230957,4155.256348
4172.436035,4302.563965,4176.153809,4195.769043,4236.410156,4215.256348,4230.384765999999,4220.897461,4224.102539,4222.05127,4203.974121,4034.743652,4241.666504,4156.410156
4172.307617,4300.641113000001,4174.743652,4191.794922,4240.641113000001,4216.538574,4223.077147999999,4215.128418,4225.769043,4223.589844,4202.436035,4034.102539,4242.179688,4155.0
4173.717772999999,4298.974121,4179.230957,4194.487305,4250.512695,4221.153809,4206.282227000001,4209.871582,4223.717772999999,4217.05127,4202.692383,4035.512939,4239.615234000001,4151.666504
4182.307617,4308.974121,4193.461426,4208.333496,4256.538574,4217.820313,4210.256348,4204.615234000001,4219.615234000001,4217.307617,4208.589844,4045.0,4243.846191,4158.974121
4187.820313,4316.153809,4205.897461,4217.179688,4252.05127,4204.358886999999,4215.128418,4182.436035,4209.230957,4217.179688,4212.820313,4053.076904,4248.333496,4166.410156
4184.102539,4311.666504,4204.358886999999,4215.769043,4252.94873,4201.794922,4180.641113000001,4144.358886999999,4181.410156,4201.410156,4203.461426,4048.076904,4241.153809,4160.769043
4187.94873,4310.769043,4200.897461,4213.205078,4260.128418,4198.461426,4153.846191,4128.333496,4163.846191,4191.538574,4196.922852000001,4047.179443,4244.615234000001,4161.025879
4202.05127,4319.230957,4211.153809,4216.282227000001,4250.897461,4181.410156,4181.025879,4152.820313,4182.820313,4212.692383,4216.922852000001,4061.4101560000004,4274.102539,4178.077147999999
4203.077147999999,4321.794922,4219.615234000001,4218.974121,4240.897461,4182.05127,4207.307617,4179.230957,4209.487305,4236.538574,4232.307617,4068.076904,4287.563965,4182.563965
4185.641113000001,4311.794922,4207.179688,4212.563965,4250.384765999999,4203.461426,4192.820313,4188.333496,4219.102539,4230.0,4217.05127,4059.487061,4263.589844,4166.153809
4170.641113000001,4300.769043,4190.0,4203.077147999999,4258.589844,4215.256348,4190.256348,4201.025879,4223.717772999999,4216.410156,4201.666504,4050.897461,4248.589844,4157.692383
4169.615234000001,4301.282227000001,4185.641113000001,4199.743652,4256.794922,4213.717772999999,4206.025879,4214.487305,4230.128418,4225.256348,4206.922852000001,4048.205078,4264.230957,4160.897461
4177.692383,4307.94873,4186.794922,4202.307617,4260.384765999999,4209.871582,4205.512695,4221.794922,4239.615234000001,4238.717772999999,4215.256348,4052.9487299999996,4275.0,4164.230957
4175.769043,4307.436035,4183.589844,4203.589844,4263.077147999999,4213.333496,4207.307617,4225.641113000001,4242.179688,4231.410156,4209.358886999999,4056.6667479999996,4266.025879,4160.0
4163.717772999999,4301.794922,4177.692383,4199.487305,4262.05127,4218.846191,4209.230957,4205.769043,4222.94873,4209.871582,4193.077147999999,4048.076904,4253.205078,4148.717772999999
4161.410156,4301.410156,4177.05127,4194.230957,4260.512695,4208.461426,4200.0,4175.769043,4201.794922,4195.512695,4182.563965,4041.538574,4246.538574,4145.641113000001
4168.717772999999,4304.102539,4184.743652,4196.282227000001,4254.102539,4194.102539,4204.871582,4171.153809,4196.282227000001,4192.563965,4180.897461,4045.897461,4238.589844,4149.230957
4172.563965,4309.743652,4189.487305,4201.282227000001,4251.794922,4184.871582,4204.487305,4177.820313,4191.410156,4187.820313,4178.589844,4050.641113,4230.512695,4145.641113000001
4170.512695,4317.563965,4185.384765999999,4202.05127,4260.0,4182.307617,4182.563965,4164.230957,4175.641113000001,4176.922852000001,4175.641113000001,4049.8718259999996,4228.717772999999,4140.512695
4165.256348,4312.94873,4178.589844,4197.820313,4265.769043,4191.410156,4185.384765999999,4142.179688,4157.820313,4166.025879,4170.769043,4043.8461909999996,4220.769043,4136.025879
4162.307617,4304.358886999999,4177.563965,4195.0,4262.436035,4193.589844,4197.179688,4138.846191,4157.307617,4165.384765999999,4166.922852000001,4045.1281740000004,4218.717772999999,4132.436035
4169.743652,4312.05127,4182.94873,4199.743652,4257.692383,4182.307617,4177.563965,4161.666504,4183.589844,4183.333496,4178.974121,4058.461426,4242.179688,4140.769043
4178.077147999999,4321.410156,4186.794922,4201.666504,4253.846191,4178.077147999999,4170.897461,4188.333496,4209.871582,4206.410156,4196.794922,4070.0,4266.538574,4153.461426
4175.769043,4317.05127,4184.871582,4197.436035,4252.94873,4188.333496,4190.512695,4187.307617,4211.922852000001,4217.563965,4199.487305,4072.5642090000006,4273.461426,4155.897461
4174.487305,4311.922852000001,4180.128418,4197.179688,4256.538574,4197.692383,4200.512695,4175.641113000001,4207.820313,4220.641113000001,4196.025879,4072.9487299999996,4274.871582,4155.641113000001
4174.102539,4312.436035,4178.333496,4200.0,4257.436035,4196.410156,4202.563965,4183.205078,4210.897461,4220.641113000001,4196.538574,4071.794922,4274.230957,4153.461426
4164.615234000001,4310.128418,4179.230957,4197.436035,4253.333496,4191.410156,4208.461426,4192.436035,4211.794922,4216.922852000001,4193.077147999999,4067.4357909999994,4266.794922,4144.358886999999
4154.615234000001,4301.794922,4174.487305,4191.538574,4249.230957,4192.436035,4210.512695,4178.846191,4203.717772999999,4204.743652,4178.205078,4063.718018,4254.102539,4134.230957
4156.922852000001,4301.153809,4171.282227000001,4191.922852000001,4255.384765999999,4196.282227000001,4205.128418,4170.128418,4198.717772999999,4192.94873,4167.05127,4063.461426,4243.974121,4129.615234000001
4156.794922,4307.436035,4171.153809,4191.794922,4266.538574,4197.563965,4200.0,4169.102539,4190.897461,4186.153809,4159.871582,4062.9487299999996,4230.0,4126.025879
4147.05127,4302.563965,4163.846191,4185.769043,4269.230957,4202.563965,4199.871582,4152.820313,4176.410156,4175.256348,4146.666504,4062.0512700000004,4213.974121,4120.512695
4155.897461,4306.666504,4169.615234000001,4193.205078,4269.358886999999,4204.358886999999,4201.538574,4164.743652,4188.846191,4184.102539,4153.333496,4073.8461909999996,4226.922852000001,4131.666504
4173.974121,4323.077147999999,4185.384765999999,4206.410156,4267.307617,4201.025879,4205.0,4188.717772999999,4200.256348,4198.077147999999,4168.461426,4081.538574,4243.333496,4147.05127
4176.922852000001,4322.692383,4185.641113000001,4203.974121,4266.282227000001,4204.487305,4208.589844,4176.282227000001,4177.820313,4181.410156,4156.922852000001,4070.512939,4228.717772999999,4143.205078
4191.025879,4329.615234000001,4192.307617,4211.922852000001,4271.666504,4200.0,4195.897461,4167.820313,4172.179688,4179.615234000001,4160.641113000001,4078.718018,4238.333496,4155.256348
4222.307617,4357.820313,4214.487305,4233.589844,4269.615234000001,4181.282227000001,4170.128418,4175.769043,4193.461426,4211.922852000001,4196.922852000001,4108.974121,4283.846191,4190.641113000001
4232.692383,4364.487305,4220.897461,4235.769043,4262.563965,4176.922852000001,4169.358886999999,4167.692383,4195.641113000001,4222.820313,4210.128418,4113.589844,4298.205078,4201.666504
4213.846191,4343.333496,4210.512695,4223.205078,4259.487305,4184.487305,4187.94873,4166.666504,4186.410156,4206.410156,4196.922852000001,4092.9487299999996,4274.230957,4185.0
4194.871582,4328.974121,4200.512695,4212.820313,4249.871582,4183.589844,4188.717772999999,4181.153809,4190.897461,4200.0,4187.563965,4082.179443,4249.615234000001,4168.974121
4186.794922,4320.0,4190.256348,4201.153809,4238.461426,4183.333496,4185.641113000001,4182.307617,4200.512695,4202.179688,4179.358886999999,4080.641113,4235.512695,4156.025879
4178.077147999999,4305.641113000001,4179.871582,4191.410156,4237.307617,4193.846191,4199.358886999999,4186.153809,4208.461426,4201.153809,4170.897461,4074.8718259999996,4228.077147999999,4144.358886999999
4162.563965,4295.512695,4167.820313,4184.230957,4234.487305,4207.05127,4213.077147999999,4192.436035,4203.974121,4190.0,4163.077147999999,4064.102539,4210.512695,4136.025879
4154.743652,4294.615234000001,4156.538574,4178.589844,4232.436035,4210.897461,4207.307617,4177.179688,4190.512695,4175.384765999999,4155.641113000001,4057.3076170000004,4198.333496,4133.077147999999
4166.410156,4301.410156,4160.641113000001,4182.820313,4245.0,4204.871582,4196.282227000001,4165.256348,4192.179688,4180.769043,4162.05127,4063.974365,4220.384765999999,4141.794922
4179.615234000001,4309.871582,4174.102539,4192.307617,4255.384765999999,4206.282227000001,4204.230957,4168.205078,4201.538574,4197.179688,4178.077147999999,4075.7692869999996,4244.358886999999,4155.128418
4187.307617,4312.05127,4185.641113000001,4197.692383,4256.025879,4217.820313,4217.05127,4177.307617,4204.871582,4203.077147999999,4187.05127,4082.3076170000004,4242.692383,4165.641113000001
4207.94873,4323.333496,4202.94873,4212.179688,4264.230957,4218.974121,4206.153809,4193.974121,4213.846191,4212.436035,4205.256348,4095.384521,4256.666504,4182.94873
4232.179688,4347.05127,4224.487305,4234.358886999999,4275.128418,4207.436035,4181.794922,4198.077147999999,4228.205078,4235.128418,4232.05127,4115.641113000001,4296.153809,4205.256348
4237.179688,4356.153809,4232.307617,4241.410156,4274.487305,4197.94873,4176.666504,4179.358886999999,4222.179688,4240.769043,4235.769043,4120.256348,4304.743652,4213.717772999999
4235.897461,4349.230957,4233.461426,4239.615234000001,4276.282227000001,4193.717772999999,4178.974121,4160.0,4199.358886999999,4226.153809,4227.563965,4116.282227000001,4284.102539,4212.179688
4238.461426,4342.94873,4241.025879,4243.846191,4281.666504,4187.179688,4172.307617,4162.05127,4192.94873,4219.743652,4230.256348,4125.769043,4278.077147999999,4212.307617
4237.05127,4336.538574,4244.615234000001,4245.0,4277.94873,4181.538574,4175.0,4168.461426,4196.922852000001,4220.256348,4229.230957,4136.794922,4280.0,4209.102539
4230.641113000001,4331.025879,4238.846191,4237.179688,4272.692383,4179.487305,4186.666504,4159.487305,4186.410156,4211.410156,4217.692383,4131.794922,4269.102539,4197.563965
4216.538574,4320.897461,4225.512695,4223.717772999999,4270.384765999999,4180.384765999999,4190.256348,4148.333496,4172.820313,4197.05127,4206.538574,4120.0,4252.05127,4182.307617
4193.461426,4298.846191,4204.487305,4206.666504,4264.230957,4194.615234000001,4198.974121,4155.512695,4175.128418,4183.717772999999,4192.05127,4110.897461,4234.358886999999,4163.333496
4176.025879,4292.563965,4186.025879,4192.820313,4256.153809,4205.897461,4214.871582,4172.307617,4184.102539,4174.230957,4178.461426,4104.102539,4221.922852000001,4146.666504
4175.0,4312.692383,4180.256348,4192.820313,4253.205078,4202.94873,4221.666504,4180.0,4191.538574,4180.769043,4182.179688,4104.615234000001,4224.487305,4149.102539
4177.307617,4320.128418,4182.436035,4194.743652,4250.769043,4202.94873,4227.307617,4190.128418,4203.717772999999,4196.410156,4191.025879,4107.692383,4230.128418,4157.307617
4175.256348,4310.641113000001,4182.179688,4189.487305,4244.102539,4204.230957,4225.641113000001,4206.153809,4213.974121,4204.615234000001,4192.05127,4110.0,4235.384765999999,4155.0
4180.384765999999,4317.563965,4185.897461,4193.205078,4245.769043,4200.128418,4217.179688,4205.641113000001,4216.153809,4210.769043,4200.256348,4117.820313,4247.692383,4158.333496
4191.538574,4333.846191,4193.717772999999,4206.282227000001,4262.307617,4207.436035,4217.179688,4185.384765999999,4208.974121,4213.333496,4210.0,4123.333496,4254.102539,4169.358886999999
4195.384765999999,4336.538574,4197.94873,4213.205078,4279.358886999999,4219.102539,4210.641113000001,4184.615234000001,4203.077147999999,4208.717772999999,4203.974121,4122.179688,4252.692383,4171.282227000001
4194.102539,4339.230957,4204.743652,4213.461426,4283.846191,4208.846191,4197.05127,4193.461426,4205.641113000001,4207.820313,4199.615234000001,4124.102539,4257.820313,4168.333496
4198.461426,4345.128418,4214.871582,4217.05127,4279.358886999999,4196.282227000001,4188.205078,4167.563965,4199.102539,4207.692383,4206.666504,4128.589844,4261.666504,4173.461426
4205.384765999999,4343.077147999999,4219.358886999999,4224.358886999999,4274.871582,4199.615234000001,4179.487305,4147.820313,4187.692383,4202.436035,4211.153809,4131.025879,4259.487305,4183.077147999999
4209.230957,4341.282227000001,4221.282227000001,4225.0,4271.538574,4196.153809,4176.410156,4163.974121,4186.538574,4203.205078,4212.05127,4134.743652,4264.102539,4191.025879
4211.538574,4342.692383,4226.282227000001,4219.743652,4266.794922,4181.153809,4188.589844,4173.077147999999,4189.743652,4209.487305,4216.538574,4140.897461,4267.436035,4192.94873
4213.333496,4339.871582,4227.307617,4221.153809,4263.717772999999,4179.102539,4203.333496,4174.743652,4194.358886999999,4212.820313,4220.641113000001,4145.641113000001,4265.256348,4191.025879
4207.307617,4331.282227000001,4217.563965,4221.410156,4258.974121,4183.333496,4211.794922,4181.410156,4195.128418,4207.820313,4216.153809,4145.0,4258.461426,4185.512695
4196.025879,4322.307617,4208.077147999999,4212.436035,4251.666504,4180.256348,4217.692383,4181.025879,4193.333496,4202.307617,4208.333496,4143.077147999999,4248.205078,4177.179688
4194.102539,4315.897461,4211.538574,4210.897461,4253.846191,4185.256348,4213.717772999999,4190.769043,4208.077147999999,4210.128418,4208.205078,4147.692383,4242.820313,4176.538574
4195.897461,4314.743652,4216.025879,4214.230957,4262.179688,4191.794922,4206.153809,4200.512695,4225.128418,4216.922852000001,4209.358886999999,4146.153809,4245.128418,4176.282227000001
4186.153809,4310.769043,4206.153809,4207.05127,4263.205078,4194.743652,4215.256348,4197.307617,4219.871582,4206.794922,4199.487305,4131.153809,4244.615234000001,4161.922852000001
4174.871582,4304.102539,4190.384765999999,4198.077147999999,4257.94873,4201.410156,4225.641113000001,4202.94873,4209.102539,4194.487305,4185.897461,4121.538574,4233.589844,4146.153809
4178.717772999999,4316.666504,4188.077147999999,4201.794922,4259.358886999999,4200.128418,4211.282227000001,4190.256348,4202.820313,4192.307617,4183.974121,4125.512695,4224.615234000001,4146.794922
4190.769043,4334.871582,4196.282227000001,4210.384765999999,4270.384765999999,4195.512695,4189.615234000001,4156.025879,4195.0,4193.717772999999,4190.897461,4132.820313,4230.0,4160.897461
4199.102539,4338.974121,4205.769043,4217.436035,4283.589844,4202.307617,4192.436035,4170.256348,4198.717772999999,4197.820313,4200.384765999999,4140.384765999999,4240.512695,4174.102539
4205.256348,4341.538574,4213.333496,4225.769043,4291.025879,4209.615234000001,4199.487305,4196.282227000001,4202.179688,4200.384765999999,4203.077147999999,4147.820313,4242.179688,4175.641113000001
4211.666504,4342.307617,4213.846191,4229.358886999999,4282.94873,4202.307617,4183.461426,4153.974121,4181.282227000001,4192.05127,4199.358886999999,4147.820313,4238.461426,4171.025879
4215.384765999999,4336.410156,4212.307617,4226.666504,4267.05127,4191.922852000001,4173.461426,4117.307617,4163.717772999999,4186.666504,4199.102539,4147.05127,4241.922852000001,4173.077147999999
4212.94873,4332.820313,4213.717772999999,4221.410156,4261.025879,4187.179688,4190.769043,4138.333496,4165.128418,4186.153809,4200.641113000001,4151.538574,4241.538574,4176.410156
4207.692383,4327.563965,4213.846191,4216.922852000001,4260.641113000001,4184.487305,4208.205078,4153.717772999999,4164.615234000001,4182.307617,4201.153809,4156.538574,4232.05127,4172.307617
4205.512695,4320.128418,4213.846191,4215.512695,4256.666504,4189.358886999999,4211.410156,4156.153809,4170.769043,4186.922852000001,4202.692383,4159.871582,4232.307617,4167.307617
4197.05127,4316.282227000001,4208.974121,4209.487305,4255.0,4190.769043,4207.05127,4159.871582,4183.717772999999,4193.589844,4196.922852000001,4152.820313,4234.743652,4159.358886999999
4180.897461,4305.128418,4196.410156,4196.538574,4251.666504,4177.436035,4207.179688,4159.102539,4188.077147999999,4188.589844,4182.563965,4138.589844,4216.922852000001,4145.0
4179.358886999999,4297.820313,4192.820313,4194.743652,4252.563965,4180.769043,4220.641113000001,4182.179688,4203.333496,4193.846191,4183.461426,4136.666504,4206.153809,4142.436035
4182.179688,4304.102539,4197.179688,4200.128418,4262.94873,4203.461426,4224.102539,4200.256348,4218.974121,4207.692383,4191.666504,4146.153809,4212.94873,4147.563965
4174.743652,4305.769043,4191.666504,4193.205078,4267.05127,4204.102539,4208.974121,4172.820313,4211.153809,4202.563965,4187.179688,4146.666504,4210.256348,4142.94873
4179.615234000001,4307.436035,4189.102539,4194.102539,4269.743652,4194.230957,4203.077147999999,4154.230957,4208.717772999999,4199.102539,4187.436035,4146.794922,4213.077147999999,4142.563965
4193.846191,4316.794922,4195.384765999999,4207.179688,4279.743652,4209.230957,4202.436035,4164.102539,4215.512695,4207.820313,4194.615234000001,4156.153809,4231.922852000001,4154.102539
4199.743652,4325.128418,4202.05127,4212.563965,4287.05127,4221.282227000001,4192.820313,4172.820313,4210.769043,4209.871582,4200.512695,4165.641113000001,4242.563965,4168.589844
4209.743652,4332.307617,4212.436035,4216.410156,4282.05127,4206.282227000001,4189.871582,4176.282227000001,4201.794922,4211.025879,4209.230957,4176.794922,4246.666504,4183.077147999999
4221.922852000001,4334.615234000001,4219.102539,4221.538574,4275.256348,4194.615234000001,4192.94873,4158.077147999999,4188.461426,4208.589844,4212.820313,4185.0,4249.743652,4188.205078
4216.282227000001,4325.512695,4212.94873,4218.846191,4275.384765999999,4200.128418,4189.871582,4122.436035,4161.410156,4190.128418,4200.512695,4176.538574,4234.230957,4174.743652
4202.692383,4312.94873,4206.282227000001,4211.538574,4271.794922,4199.230957,4199.102539,4120.256348,4146.666504,4173.717772999999,4187.563965,4161.922852000001,4212.563965,4159.487305
4199.871582,4308.846191,4209.358886999999,4208.846191,4262.307617,4187.692383,4221.025879,4145.641113000001,4160.897461,4180.256348,4188.717772999999,4161.922852000001,4215.384765999999,4161.153809
4195.769043,4301.410156,4209.230957,4203.077147999999,4256.538574,4187.94873,4225.897461,4161.666504,4184.743652,4191.922852000001,4191.282227000001,4165.384765999999,4221.666504,4165.0
4183.205078,4288.717772999999,4200.128418,4195.128418,4264.102539,4201.794922,4216.538574,4178.589844,4203.846191,4195.641113000001,4188.589844,4158.717772999999,4211.666504,4154.487305
4174.871582,4286.025879,4192.05127,4192.179688,4268.461426,4203.461426,4215.256348,4193.461426,4215.0,4203.333496,4189.102539,4153.333496,4207.307617,4140.512695
4173.333496,4289.230957,4186.025879,4189.871582,4262.179688,4193.974121,4216.538574,4190.769043,4219.615234000001,4214.102539,4191.282227000001,4154.487305,4214.743652,4141.410156
4175.128418,4289.615234000001,4184.743652,4192.179688,4263.077147999999,4196.794922,4219.358886999999,4200.384765999999,4230.384765999999,4221.282227000001,4192.436035,4160.0,4221.922852000001,4155.384765999999
4176.666504,4289.743652,4186.666504,4193.077147999999,4270.641113000001,4208.846191,4223.717772999999,4215.641113000001,4235.769043,4220.512695,4192.436035,4164.358886999999,4223.461426,4159.871582
4180.256348,4297.307617,4186.153809,4188.461426,4278.333496,4212.179688,4215.128418,4194.358886999999,4222.179688,4219.871582,4195.897461,4167.563965,4225.897461,4157.05127
4191.538574,4312.94873,4192.692383,4197.436035,4287.436035,4213.333496,4206.282227000001,4186.538574,4224.487305,4230.512695,4207.692383,4175.384765999999,4238.717772999999,4168.077147999999
4198.589844,4319.487305,4203.077147999999,4214.358886999999,4289.230957,4216.538574,4205.512695,4209.615234000001,4234.102539,4231.666504,4209.358886999999,4180.897461,4243.205078,4174.487305
4189.487305,4302.94873,4200.0,4208.333496,4276.410156,4206.922852000001,4202.179688,4183.077147999999,4198.333496,4198.846191,4188.205078,4170.512695,4218.333496,4158.333496
4175.512695,4281.282227000001,4189.102539,4188.589844,4261.794922,4186.282227000001,4199.871582,4124.615234000001,4147.05127,4158.589844,4166.282227000001,4156.922852000001,4189.358886999999,4145.128418
4175.256348,4276.410156,4189.487305,4187.820313,4256.794922,4179.102539,4201.538574,4128.205078,4144.102539,4153.333496,4163.974121,4160.769043,4190.769043,4148.333496
4184.358886999999,4287.05127,4199.358886999999,4201.922852000001,4260.897461,4190.384765999999,4209.230957,4175.128418,4178.589844,4179.230957,4177.563965,4172.179688,4212.307617,4154.358886999999
4184.743652,4292.05127,4202.692383,4205.641113000001,4266.794922,4195.0,4221.153809,4193.974121,4206.922852000001,4199.358886999999,4190.641113000001,4172.820313,4222.820313,4157.307617
4179.358886999999,4286.538574,4198.846191,4201.282227000001,4267.179688,4193.333496,4227.179688,4193.846191,4218.717772999999,4202.307617,4191.538574,4169.358886999999,4219.615234000001,4158.717772999999
4181.794922,4286.666504,4197.179688,4200.641113000001,4268.077147999999,4202.179688,4228.461426,4209.615234000001,4225.0,4207.436035,4191.410156,4176.282227000001,4221.153809,4158.846191
4189.743652,4294.230957,4199.230957,4201.282227000001,4269.102539,4207.436035,4233.077147999999,4224.871582,4233.205078,4217.179688,4198.589844,4187.05127,4230.384765999999,4163.205078
4192.307617,4300.256348,4199.487305,4205.0,4269.487305,4201.922852000001,4227.05127,4212.436035,4235.0,4221.666504,4204.230957,4191.538574,4236.666504,4172.307617
4197.307617,4302.692383,4199.615234000001,4211.153809,4277.820313,4202.692383,4210.384765999999,4192.307617,4226.282227000001,4220.128418,4202.05127,4194.871582,4239.871582,4177.05127
4206.538574,4303.461426,4205.0,4213.974121,4288.717772999999,4210.897461,4206.153809,4193.333496,4220.128418,4217.563965,4200.0,4197.820313,4242.820313,4174.102539
4203.846191,4301.282227000001,4205.769043,4213.974121,4292.307617,4216.538574,4201.538574,4195.512695,4219.615234000001,4214.615234000001,4197.436035,4192.94873,4239.615234000001,4165.897461
4189.230957,4288.461426,4195.128418,4207.820313,4285.128418,4211.538574,4187.692383,4178.974121,4210.897461,4205.384765999999,4183.589844,4183.461426,4225.256348,4154.487305
4182.179688,4275.128418,4191.410156,4201.025879,4273.589844,4198.717772999999,4188.461426,4171.410156,4203.077147999999,4201.666504,4173.717772999999,4180.769043,4216.666504,4152.179688
4182.820313,4274.487305,4196.025879,4198.589844,4266.282227000001,4191.282227000001,4198.077147999999,4178.589844,4201.153809,4199.487305,4174.487305,4180.128418,4219.358886999999,4156.410156
4175.512695,4276.282227000001,4192.179688,4194.102539,4265.0,4197.179688,4198.589844,4173.077147999999,4189.615234000001,4184.615234000001,4166.538574,4176.153809,4213.205078,4150.769043
4173.846191,4273.846191,4190.0,4196.025879,4262.692383,4206.153809,4208.974121,4167.436035,4186.794922,4179.230957,4158.717772999999,4176.922852000001,4205.512695,4150.256348
4188.205078,4275.897461,4198.846191,4206.538574,4258.205078,4204.743652,4223.333496,4179.871582,4204.615234000001,4193.077147999999,4170.128418,4184.358886999999,4212.563965,4165.641113000001
4197.05127,4276.922852000001,4202.436035,4204.871582,4258.589844,4202.692383,4219.358886999999,4188.461426,4214.230957,4199.743652,4180.256348,4188.461426,4221.410156,4173.589844
4196.153809,4275.641113000001,4198.077147999999,4195.256348,4262.436035,4205.512695,4217.820313,4187.179688,4211.794922,4199.743652,4177.05127,4186.410156,4223.461426,4171.410156
4201.922852000001,4277.820313,4197.307617,4195.256348,4259.102539,4203.974121,4235.0,4204.358886999999,4224.743652,4211.794922,4184.871582,4191.025879,4226.538574,4177.692383
4212.692383,4280.0,4202.179688,4201.666504,4254.358886999999,4203.205078,4244.871582,4228.205078,4243.974121,4224.871582,4199.871582,4202.436035,4229.871582,4184.615234000001
4215.641113000001,4280.128418,4204.487305,4208.461426,4262.05127,4213.846191,4227.94873,4213.717772999999,4235.641113000001,4222.179688,4196.666504,4202.563965,4223.461426,4181.025879
4211.282227000001,4279.230957,4199.102539,4211.153809,4273.717772999999,4216.025879,4211.153809,4189.615234000001,4212.820313,4209.871582,4184.743652,4194.230957,4211.410156,4176.794922
4212.692383,4280.897461,4202.05127,4212.94873,4276.025879,4195.512695,4207.05127,4193.974121,4211.282227000001,4210.769043,4192.05127,4203.717772999999,4217.563965,4186.282227000001
4218.717772999999,4283.589844,4212.820313,4216.410156,4270.769043,4186.153809,4192.307617,4187.307617,4219.230957,4220.769043,4205.384765999999,4217.179688,4235.512695,4199.358886999999
4209.871582,4272.94873,4202.820313,4206.410156,4262.436035,4194.871582,4175.384765999999,4153.974121,4204.487305,4206.666504,4194.615234000001,4203.846191,4229.487305,4191.282227000001
4193.589844,4253.846191,4184.358886999999,4189.230957,4248.461426,4190.0,4183.846191,4145.897461,4183.461426,4181.794922,4174.615234000001,4190.0,4204.230957,4173.846191
4194.230957,4255.0,4190.641113000001,4191.666504,4239.102539,4181.538574,4207.692383,4174.102539,4190.128418,4187.179688,4175.384765999999,4200.128418,4200.0,4175.256348
4201.666504,4270.0,4202.692383,4200.0,4245.512695,4189.615234000001,4219.358886999999,4190.256348,4205.641113000001,4203.077147999999,4187.179688,4204.743652,4213.205078,4184.871582
4202.94873,4272.820313,4198.333496,4198.589844,4257.692383,4197.820313,4221.410156,4183.846191,4207.436035,4197.692383,4187.179688,4197.563965,4213.205078,4183.461426
4211.666504,4274.230957,4199.358886999999,4202.307617,4268.205078,4206.538574,4235.641113000001,4188.461426,4210.256348,4195.897461,4188.846191,4205.769043,4211.922852000001,4184.487305
4219.871582,4280.0,4206.666504,4205.256348,4270.128418,4221.666504,4259.615234000001,4213.717772999999,4220.897461,4210.897461,4200.641113000001,4216.410156,4222.307617,4194.615234000001
4214.615234000001,4280.897461,4205.897461,4202.05127,4265.128418,4222.436035,4267.563965,4229.487305,4233.077147999999,4222.307617,4209.102539,4217.307617,4231.922852000001,4200.384765999999
4209.102539,4278.589844,4202.05127,4203.717772999999,4270.384765999999,4215.897461,4250.384765999999,4205.641113000001,4234.487305,4225.384765999999,4209.871582,4222.436035,4234.487305,4198.717772999999
4215.897461,4283.846191,4208.717772999999,4213.974121,4282.307617,4214.615234000001,4226.025879,4184.487305,4235.256348,4235.128418,4219.743652,4231.282227000001,4247.94873,4201.922852000001
4228.333496,4297.179688,4225.897461,4227.307617,4289.230957,4213.717772999999,4210.641113000001,4206.794922,4249.487305,4252.179688,4240.641113000001,4239.102539,4273.205078,4214.230957
4228.589844,4294.743652,4231.922852000001,4228.717772999999,4288.077147999999,4206.794922,4206.153809,4215.128418,4245.384765999999,4245.512695,4239.871582,4239.487305,4269.871582,4213.974121
4217.179688,4278.846191,4221.410156,4218.333496,4279.615234000001,4192.563965,4203.461426,4179.871582,4213.461426,4218.589844,4218.717772999999,4228.461426,4242.179688,4198.717772999999
4211.282227000001,4273.589844,4215.769043,4213.846191,4265.897461,4185.128418,4203.077147999999,4168.205078,4203.205078,4212.692383,4211.794922,4222.820313,4231.666504,4193.589844
4210.641113000001,4271.666504,4216.410156,4212.692383,4255.897461,4191.153809,4215.897461,4186.538574,4215.0,4221.282227000001,4214.615234000001,4226.025879,4232.179688,4194.743652
4209.871582,4265.641113000001,4214.871582,4205.641113000001,4257.179688,4200.512695,4235.0,4188.077147999999,4208.461426,4216.538574,4207.563965,4223.974121,4222.05127,4188.589844
4213.717772999999,4267.692383,4215.769043,4206.025879,4262.820313,4213.717772999999,4247.307617,4189.743652,4202.94873,4213.974121,4206.153809,4225.128418,4218.974121,4189.743652
4213.589844,4270.128418,4214.358886999999,4208.205078,4266.282227000001,4224.358886999999,4252.179688,4204.871582,4219.871582,4223.205078,4213.717772999999,4231.153809,4225.641113000001,4192.692383
4206.410156,4261.410156,4209.102539,4205.256348,4272.05127,4223.333496,4257.179688,4218.333496,4238.974121,4233.077147999999,4216.025879,4228.717772999999,4226.794922,4189.358886999999
4205.641113000001,4246.538574,4209.615234000001,4205.641113000001,4273.333496,4223.589844,4265.769043,4236.666504,4247.94873,4240.384765999999,4216.282227000001,4226.538574,4229.358886999999,4192.563965
4209.487305,4234.871582,4211.025879,4208.333496,4268.974121,4232.94873,4266.666504,4244.230957,4246.025879,4241.410156,4221.153809,4228.589844,4235.769043,4198.077147999999
4214.743652,4239.615234000001,4215.384765999999,4217.436035,4274.358886999999,4226.153809,4250.897461,4223.461426,4238.077147999999,4240.641113000001,4230.384765999999,4230.128418,4244.615234000001,4202.820313
4222.307617,4249.358886999999,4225.0,4225.897461,4280.384765999999,4210.384765999999,4231.410156,4210.641113000001,4235.512695,4245.0,4234.230957,4234.102539,4252.692383,4213.333496
4221.282227000001,4242.94873,4225.384765999999,4219.615234000001,4272.05127,4211.922852000001,4219.487305,4215.512695,4232.436035,4237.307617,4227.563965,4233.205078,4246.153809,4213.589844
4209.487305,4234.487305,4214.358886999999,4208.205078,4264.615234000001,4202.692383,4199.230957,4189.615234000001,4210.641113000001,4217.820313,4217.05127,4226.282227000001,4233.589844,4204.230957
4210.384765999999,4240.256348,4214.487305,4213.717772999999,4269.615234000001,4181.794922,4187.307617,4151.794922,4192.436035,4214.102539,4217.820313,4231.666504,4236.794922,4210.769043
4221.410156,4238.846191,4226.794922,4223.589844,4269.487305,4186.410156,4206.153809,4165.128418,4206.282227000001,4225.128418,4227.820313,4241.025879,4243.846191,4218.974121
4219.615234000001,4222.692383,4227.307617,4217.820313,4260.0,4198.846191,4218.974121,4205.384765999999,4226.922852000001,4230.769043,4230.0,4237.692383,4240.0,4214.871582
4212.436035,4211.666504,4217.692383,4206.794922,4256.794922,4200.512695,4213.461426,4211.538574,4225.512695,4228.333496,4222.94873,4231.282227000001,4235.256348,4216.025879
4213.974121,4208.846191,4215.897461,4203.333496,4252.820313,4206.153809,4225.641113000001,4205.0,4222.05127,4224.102539,4219.615234000001,4231.410156,4233.205078,4217.563965
4218.077147999999,4205.641113000001,4220.384765999999,4206.282227000001,4245.897461,4208.077147999999,4244.743652,4216.025879,4230.0,4220.384765999999,4219.487305,4230.256348,4231.153809,4213.205078
4215.512695,4203.589844,4217.820313,4204.358886999999,4248.589844,4200.256348,4233.205078,4212.820313,4227.179688,4216.410156,4212.820313,4224.102539,4227.820313,4209.871582
4206.538574,4197.307617,4206.794922,4196.794922,4249.871582,4201.922852000001,4222.820313,4188.205078,4210.384765999999,4208.461426,4203.846191,4218.974121,4216.282227000001,4203.974121
4199.615234000001,4191.282227000001,4200.897461,4195.384765999999,4242.94873,4211.538574,4240.128418,4182.179688,4203.846191,4203.589844,4200.128418,4216.025879,4206.410156,4193.717772999999
4195.769043,4195.256348,4200.384765999999,4196.153809,4240.384765999999,4205.897461,4242.692383,4195.256348,4209.230957,4206.282227000001,4199.358886999999,4213.589844,4207.436035,4190.0
4190.512695,4193.846191,4195.769043,4191.538574,4239.230957,4186.153809,4223.205078,4184.358886999999,4202.563965,4203.461426,4197.179688,4211.922852000001,4204.871582,4189.230957
4192.94873,4193.974121,4196.666504,4197.692383,4242.820313,4184.743652,4219.358886999999,4167.436035,4200.512695,4208.205078,4205.0,4215.641113000001,4210.641113000001,4195.0
4206.153809,4211.282227000001,4209.871582,4215.256348,4257.05127,4205.256348,4219.871582,4177.563965,4219.743652,4227.179688,4225.256348,4225.384765999999,4232.820313,4208.846191
4214.230957,4222.563965,4216.922852000001,4217.307617,4265.641113000001,4207.563965,4206.922852000001,4189.102539,4228.974121,4234.871582,4234.230957,4232.94873,4244.358886999999,4218.077147999999
4210.0,4214.615234000001,4208.846191,4210.256348,4261.282227000001,4194.487305,4206.025879,4188.846191,4217.307617,4224.102539,4225.384765999999,4226.794922,4237.436035,4217.820313
4208.461426,4210.0,4206.153809,4212.820313,4260.384765999999,4201.410156,4217.94873,4196.538574,4213.589844,4219.871582,4218.589844,4217.436035,4228.333496,4214.615234000001
4217.436035,4216.922852000001,4217.179688,4218.974121,4268.589844,4215.512695,4221.282227000001,4214.743652,4230.641113000001,4234.487305,4223.974121,4224.615234000001,4230.512695,4218.077147999999
4214.743652,4210.384765999999,4216.410156,4212.179688,4269.230957,4212.563965,4225.641113000001,4217.05127,4231.410156,4230.384765999999,4218.461426,4224.230957,4228.717772999999,4213.974121
4196.410156,4195.256348,4199.871582,4203.205078,4259.487305,4210.769043,4226.538574,4194.230957,4204.230957,4200.256348,4199.615234000001,4206.410156,4215.0,4191.922852000001
4188.333496,4193.333496,4193.461426,4205.512695,4255.769043,4213.077147999999,4214.487305,4182.307617,4191.538574,4185.0,4192.05127,4198.077147999999,4205.512695,4174.871582
4193.333496,4194.743652,4199.743652,4203.333496,4254.230957,4201.410156,4216.794922,4200.769043,4206.666504,4191.666504,4197.563965,4199.743652,4205.512695,4176.666504
4192.307617,4191.025879,4200.256348,4198.717772999999,4246.410156,4196.282227000001,4238.333496,4203.589844,4210.384765999999,4198.077147999999,4203.461426,4197.563965,4210.384765999999,4181.538574
4186.538574,4191.025879,4194.487305,4200.512695,4246.410156,4210.384765999999,4238.461426,4168.974121,4185.512695,4194.487305,4202.820313,4195.256348,4216.025879,4178.717772999999
4189.871582,4196.666504,4197.94873,4202.436035,4256.025879,4211.922852000001,4226.794922,4161.794922,4178.846191,4195.512695,4206.410156,4200.769043,4218.333496,4182.820313
4203.461426,4203.717772999999,4212.179688,4208.333496,4260.769043,4198.717772999999,4230.256348,4193.461426,4206.794922,4213.974121,4224.358886999999,4212.436035,4226.410156,4200.897461
4213.589844,4214.230957,4222.436035,4218.077147999999,4261.282227000001,4195.897461,4216.153809,4189.871582,4222.820313,4233.461426,4241.025879,4222.820313,4241.794922,4216.666504
4212.179688,4217.436035,4218.717772999999,4217.692383,4262.436035,4195.641113000001,4189.615234000001,4181.025879,4222.436035,4234.615234000001,4241.666504,4226.025879,4245.897461,4216.025879
4210.0,4209.230957,4211.538574,4208.333496,4259.487305,4187.179688,4197.563965,4214.615234000001,4229.230957,4229.358886999999,4238.205078,4228.461426,4236.025879,4211.282227000001
4212.436035,4207.436035,4213.077147999999,4207.94873,4256.282227000001,4190.128418,4223.717772999999,4221.410156,4231.666504,4233.205078,4237.692383,4230.512695,4233.974121,4215.512695
4212.307617,4210.128418,4218.846191,4210.769043,4255.384765999999,4199.871582,4228.974121,4198.974121,4231.282227000001,4235.128418,4233.461426,4226.794922,4236.538574,4214.230957
4199.102539,4199.230957,4209.615234000001,4200.384765999999,4249.358886999999,4198.333496,4221.282227000001,4201.922852000001,4227.563965,4218.846191,4219.102539,4217.307617,4220.512695,4191.922852000001
4178.077147999999,4180.512695,4187.94873,4187.563965,4246.410156,4204.102539,4220.769043,4197.820313,4202.179688,4193.333496,4195.641113000001,4201.666504,4192.05127,4163.846191
4168.461426,4171.153809,4179.230957,4187.179688,4247.820313,4217.820313,4226.538574,4173.333496,4184.358886999999,4183.205078,4182.94873,4189.615234000001,4181.153809,4155.128418
4173.461426,4174.487305,4187.179688,4192.820313,4247.179688,4211.666504,4228.077147999999,4185.128418,4198.974121,4193.077147999999,4193.333496,4195.897461,4196.282227000001,4164.871582
4178.717772999999,4182.436035,4193.205078,4194.871582,4251.282227000001,4199.743652,4222.307617,4206.153809,4205.128418,4200.641113000001,4206.538574,4205.769043,4211.025879,4174.743652
4178.205078,4182.563965,4192.179688,4194.487305,4249.615234000001,4200.897461,4218.205078,4187.820313,4192.563965,4198.077147999999,4204.102539,4201.282227000001,4209.743652,4177.563965
4179.102539,4177.05127,4192.05127,4193.974121,4237.05127,4196.794922,4217.563965,4171.153809,4190.128418,4196.794922,4195.641113000001,4197.436035,4207.179688,4175.897461
4183.205078,4177.94873,4193.974121,4193.461426,4238.077147999999,4189.230957,4209.871582,4185.128418,4199.487305,4201.153809,4198.717772999999,4205.384765999999,4213.333496,4178.717772999999
4189.102539,4185.128418,4196.153809,4196.025879,4250.512695,4190.897461,4194.743652,4194.487305,4208.589844,4209.102539,4210.256348,4214.230957,4220.512695,4192.307617
4193.461426,4190.769043,4199.487305,4198.077147999999,4247.94873,4185.641113000001,4187.05127,4185.384765999999,4216.794922,4215.512695,4216.153809,4217.94873,4223.461426,4202.05127
4186.025879,4182.436035,4193.589844,4188.461426,4232.820313,4173.461426,4196.538574,4188.461426,4217.179688,4207.94873,4203.077147999999,4213.461426,4212.307617,4190.0
4174.743652,4169.358886999999,4182.179688,4175.641113000001,4225.128418,4172.307617,4202.307617,4191.282227000001,4202.563965,4190.256348,4183.846191,4199.102539,4193.333496,4169.102539
4175.0,4176.794922,4185.256348,4181.794922,4233.205078,4183.205078,4195.128418,4175.641113000001,4192.307617,4188.461426,4184.487305,4192.05127,4194.102539,4167.563965
4180.641113000001,4189.871582,4195.641113000001,4198.077147999999,4246.282227000001,4192.94873,4191.794922,4163.077147999999,4192.05127,4197.94873,4192.307617,4196.922852000001,4201.025879,4177.94873
4179.615234000001,4186.538574,4196.282227000001,4201.282227000001,4249.102539,4199.102539,4200.384765999999,4175.512695,4193.589844,4196.282227000001,4187.436035,4198.589844,4190.641113000001,4176.666504
4174.871582,4180.512695,4191.410156,4193.717772999999,4246.282227000001,4203.717772999999,4203.846191,4197.307617,4195.128418,4189.615234000001,4182.307617,4198.205078,4186.538574,4169.102539
4179.102539,4183.589844,4191.282227000001,4189.358886999999,4244.743652,4201.410156,4196.282227000001,4190.769043,4193.717772999999,4192.05127,4187.820313,4205.512695,4207.179688,4175.641113000001
4188.205078,4186.666504,4197.820313,4192.563965,4242.820313,4195.641113000001,4202.05127,4177.692383,4194.230957,4200.512695,4199.102539,4217.692383,4221.922852000001,4190.384765999999
4193.205078,4188.461426,4205.641113000001,4198.846191,4241.666504,4194.358886999999,4211.153809,4181.025879,4189.487305,4198.333496,4206.538574,4229.230957,4217.94873,4194.871582
4203.461426,4197.179688,4209.871582,4202.820313,4247.307617,4193.077147999999,4201.410156,4182.436035,4188.205078,4200.128418,4212.563965,4240.0,4229.358886999999,4202.563965
4212.94873,4203.205078,4208.717772999999,4201.794922,4248.461426,4186.025879,4193.461426,4180.128418,4203.461426,4219.358886999999,4219.487305,4242.692383,4251.794922,4215.512695
4203.589844,4192.563965,4199.615234000001,4192.94873,4246.922852000001,4191.282227000001,4203.333496,4191.922852000001,4217.307617,4223.846191,4214.358886999999,4230.769043,4244.615234000001,4207.563965
4183.589844,4180.128418,4186.922852000001,4183.717772999999,4248.077147999999,4203.846191,4211.538574,4200.897461,4210.897461,4206.538574,4193.077147999999,4216.025879,4217.820313,4185.641113000001
4176.794922,4180.384765999999,4182.436035,4178.974121,4240.128418,4195.897461,4205.641113000001,4190.384765999999,4205.897461,4198.846191,4178.077147999999,4209.615234000001,4206.025879,4178.589844
4184.358886999999,4181.922852000001,4186.666504,4177.05127,4231.538574,4190.256348,4210.384765999999,4195.512695,4215.256348,4203.461426,4178.846191,4209.871582,4209.871582,4183.974121
4191.538574,4182.179688,4190.769043,4182.05127,4236.282227000001,4204.871582,4221.410156,4211.666504,4212.94873,4201.282227000001,4178.461426,4212.820313,4214.102539,4186.794922
4194.102539,4186.410156,4192.179688,4188.333496,4239.615234000001,4208.717772999999,4211.794922,4212.820313,4206.922852000001,4198.333496,4180.0,4219.102539,4218.717772999999,4191.538574
4198.974121,4194.615234000001,4198.205078,4194.358886999999,4236.538574,4193.974121,4199.615234000001,4203.846191,4210.384765999999,4205.384765999999,4190.128418,4228.974121,4229.871582,4201.922852000001
4208.461426,4203.077147999999,4204.487305,4202.436035,4241.666504,4188.974121,4202.563965,4183.589844,4200.128418,4207.94873,4193.717772999999,4234.487305,4240.769043,4211.153809
4213.589844,4206.538574,4202.179688,4203.077147999999,4246.794922,4197.820313,4206.282227000001,4170.256348,4184.487305,4197.307617,4189.871582,4231.410156,4235.769043,4213.077147999999
4214.230957,4207.820313,4200.256348,4200.512695,4242.94873,4201.025879,4203.333496,4184.615234000001,4189.743652,4195.384765999999,4193.333496,4233.077147999999,4226.282227000001,4214.743652
4215.256348,4214.487305,4202.820313,4205.641113000001,4238.461426,4199.230957,4197.94873,4193.974121,4201.922852000001,4209.102539,4205.512695,4243.846191,4234.230957,4222.563965
4218.589844,4225.512695,4204.871582,4211.666504,4241.025879,4204.358886999999,4198.846191,4179.230957,4209.358886999999,4220.897461,4214.487305,4248.717772999999,4246.922852000001,4230.897461
4217.94873,4218.846191,4203.717772999999,4202.820313,4241.025879,4209.102539,4215.641113000001,4188.333496,4222.820313,4219.358886999999,4210.769043,4241.025879,4236.666504,4228.974121
4204.230957,4198.717772999999,4195.512695,4190.0,4234.615234000001,4209.487305,4232.307617,4225.897461,4230.128418,4206.794922,4199.487305,4231.282227000001,4211.153809,4214.358886999999
4195.128418,4192.179688,4188.333496,4191.538574,4233.333496,4208.589844,4223.846191,4228.717772999999,4221.410156,4197.563965,4196.153809,4230.512695,4204.358886999999,4204.487305
4196.794922,4191.410156,4188.589844,4195.897461,4229.743652,4192.179688,4209.102539,4203.461426,4211.410156,4193.974121,4192.94873,4231.410156,4212.436035,4204.358886999999
4190.384765999999,4183.205078,4185.641113000001,4187.94873,4219.102539,4174.102539,4205.512695,4193.205078,4202.307617,4184.743652,4181.922852000001,4219.102539,4206.410156,4199.615234000001
4180.897461,4179.102539,4177.436035,4178.846191,4215.128418,4181.538574,4206.025879,4197.307617,4197.563965,4176.666504,4179.358886999999,4208.333496,4195.128418,4192.307617
4183.974121,4183.461426,4176.922852000001,4181.410156,4220.384765999999,4193.205078,4212.436035,4202.436035,4199.871582,4180.384765999999,4184.230957,4213.589844,4198.589844,4191.025879
4188.717772999999,4186.410156,4180.512695,4185.769043,4230.897461,4197.179688,4214.615234000001,4195.512695,4193.974121,4182.05127,4184.487305,4213.974121,4204.743652,4194.230957
4190.384765999999,4191.282227000001,4182.307617,4186.153809,4243.717772999999,4201.922852000001,4199.487305,4179.487305,4188.717772999999,4185.384765999999,4187.94873,4209.358886999999,4208.717772999999,4199.743652
4203.717772999999,4205.897461,4192.179688,4196.410156,4245.897461,4197.05127,4187.05127,4178.205078,4207.307617,4210.641113000001,4208.589844,4222.820313,4229.358886999999,4212.05127
4218.333496,4218.846191,4204.743652,4207.436035,4233.461426,4183.717772999999,4192.692383,4185.256348,4223.333496,4231.794922,4229.487305,4239.871582,4254.487305,4224.871582
4214.102539,4212.179688,4201.282227000001,4198.077147999999,4226.025879,4185.641113000001,4200.0,4177.820313,4207.94873,4217.820313,4227.179688,4237.307617,4245.897461,4224.871582
4209.102539,4201.922852000001,4198.589844,4190.384765999999,4236.666504,4200.512695,4202.436035,4178.461426,4197.820313,4200.512695,4219.230957,4234.615234000001,4224.102539,4225.769043
4224.102539,4214.358886999999,4216.410156,4205.256348,4248.846191,4203.846191,4205.641113000001,4193.333496,4210.641113000001,4213.846191,4230.641113000001,4246.282227000001,4236.666504,4239.743652
4232.94873,4221.538574,4228.205078,4211.666504,4239.615234000001,4193.205078,4211.153809,4195.641113000001,4212.436035,4227.307617,4242.436035,4248.717772999999,4257.05127,4243.077147999999
4212.307617,4198.974121,4211.153809,4192.307617,4219.615234000001,4186.410156,4221.666504,4192.820313,4196.666504,4208.077147999999,4228.333496,4233.974121,4238.589844,4221.922852000001
4191.282227000001,4182.05127,4190.641113000001,4175.897461,4212.563965,4190.384765999999,4221.666504,4192.307617,4190.0,4185.384765999999,4205.641113000001,4220.769043,4209.743652,4201.282227000001
4195.897461,4189.487305,4190.769043,4179.743652,4220.769043,4196.025879,4208.205078,4193.333496,4201.922852000001,4191.794922,4205.256348,4220.384765999999,4211.666504,4201.410156
4204.230957,4197.179688,4198.717772999999,4191.282227000001,4227.94873,4192.692383,4202.05127,4196.538574,4211.922852000001,4204.230957,4218.461426,4225.512695,4224.358886999999,4208.333496
4201.025879,4199.743652,4203.205078,4194.615234000001,4224.615234000001,4191.666504,4211.025879,4200.769043,4212.05127,4201.282227000001,4221.666504,4230.384765999999,4220.0,4211.410156
4201.666504,4201.922852000001,4204.615234000001,4187.94873,4223.205078,4194.230957,4213.717772999999,4198.589844,4207.820313,4196.025879,4215.128418,4230.384765999999,4208.846191,4210.256348
4206.153809,4198.461426,4203.589844,4183.974121,4231.410156,4189.487305,4202.05127,4184.102539,4199.358886999999,4192.692383,4210.897461,4226.538574,4205.256348,4207.94873
4215.512695,4206.410156,4210.512695,4196.153809,4238.077147999999,4179.743652,4197.05127,4178.846191,4202.05127,4199.487305,4219.102539,4233.461426,4216.922852000001,4216.025879
4227.179688,4220.384765999999,4217.179688,4204.871582,4232.436035,4177.820313,4197.563965,4191.922852000001,4212.307617,4212.436035,4230.128418,4241.410156,4229.615234000001,4225.128418
4228.461426,4216.794922,4209.615234000001,4198.974121,4227.179688,4187.436035,4199.358886999999,4200.897461,4211.025879,4212.820313,4225.641113000001,4235.128418,4228.717772999999,4220.897461
4216.666504,4207.94873,4197.820313,4195.897461,4228.717772999999,4199.358886999999,4211.794922,4193.974121,4201.922852000001,4203.077147999999,4211.153809,4223.333496,4218.461426,4209.230957
4197.94873,4202.436035,4189.230957,4189.871582,4223.333496,4198.717772999999,4221.666504,4181.666504,4194.230957,4189.102539,4197.436035,4214.743652,4201.922852000001,4196.538574
4186.410156,4193.077147999999,4182.179688,4179.358886999999,4219.743652,4194.487305,4214.871582,4182.179688,4191.153809,4176.538574,4186.282227000001,4209.615234000001,4188.717772999999,4182.820313
4183.205078,4187.307617,4177.563965,4179.230957,4227.05127,4198.461426,4205.769043,4191.410156,4191.153809,4172.05127,4179.102539,4206.153809,4184.487305,4172.692383
4184.871582,4193.461426,4179.615234000001,4187.179688,4228.974121,4199.487305,4208.333496,4193.333496,4195.512695,4176.922852000001,4182.05127,4207.436035,4184.487305,4175.256348
4197.307617,4204.615234000001,4191.922852000001,4194.487305,4225.256348,4196.666504,4216.794922,4194.102539,4209.487305,4191.922852000001,4197.820313,4215.769043,4195.512695,4191.410156
4213.589844,4214.230957,4206.538574,4200.769043,4228.333496,4198.077147999999,4218.589844,4213.205078,4227.05127,4205.512695,4214.358886999999,4228.846191,4216.410156,4206.410156
4220.128418,4222.307617,4211.922852000001,4206.282227000001,4233.974121,4196.538574,4213.846191,4224.102539,4224.871582,4205.256348,4218.974121,4235.256348,4226.282227000001,4212.179688
4222.692383,4225.769043,4212.563965,4208.974121,4236.794922,4190.0,4214.743652,4206.538574,4209.230957,4203.077147999999,4221.025879,4234.487305,4223.589844,4220.128418
4228.717772999999,4227.05127,4219.871582,4211.666504,4240.769043,4184.102539,4212.94873,4203.974121,4212.179688,4212.436035,4232.179688,4240.897461,4231.282227000001,4232.94873
4226.538574,4228.589844,4224.487305,4210.128418,4238.974121,4182.94873,4202.692383,4212.563965,4217.436035,4215.897461,4239.743652,4249.102539,4240.256348,4234.487305
4215.0,4224.487305,4214.102539,4202.307617,4233.205078,4189.871582,4206.282227000001,4188.846191,4199.871582,4203.717772999999,4230.384765999999,4240.641113000001,4225.384765999999,4220.256348
4205.512695,4218.589844,4202.179688,4201.153809,4239.743652,4201.025879,4218.205078,4172.563965,4192.820313,4198.461426,4219.615234000001,4225.512695,4211.922852000001,4208.461426
4192.436035,4209.871582,4193.077147999999,4193.974121,4241.666504,4210.512695,4218.589844,4195.256348,4206.153809,4201.922852000001,4214.615234000001,4218.974121,4210.512695,4198.974121
4169.871582,4190.128418,4172.563965,4168.077147999999,4228.846191,4212.436035,4213.846191,4201.153809,4199.871582,4190.0,4199.743652,4208.077147999999,4193.205078,4178.589844
4160.769043,4184.487305,4160.897461,4159.230957,4224.615234000001,4205.128418,4213.717772999999,4189.358886999999,4193.846191,4182.05127,4194.102539,4200.256348,4187.436035,4169.358886999999
4176.025879,4201.794922,4173.974121,4179.487305,4228.333496,4204.871582,4219.358886999999,4199.615234000001,4212.05127,4196.666504,4206.282227000001,4208.589844,4209.230957,4185.0
4189.358886999999,4213.333496,4180.384765999999,4187.05127,4224.871582,4215.897461,4229.358886999999,4209.102539,4219.487305,4202.820313,4208.974121,4215.769043,4210.897461,4195.256348
4195.0,4219.487305,4175.769043,4183.333496,4226.538574,4212.94873,4220.512695,4206.922852000001,4217.05127,4201.538574,4207.692383,4217.820313,4203.077147999999,4195.769043
4208.974121,4235.769043,4186.025879,4201.025879,4237.307617,4197.563965,4189.871582,4205.769043,4226.410156,4216.153809,4224.871582,4227.563965,4226.538574,4212.692383
4226.025879,4251.666504,4199.358886999999,4219.615234000001,4247.307617,4199.102539,4186.025879,4199.230957,4233.589844,4228.333496,4244.615234000001,4239.230957,4251.538574,4231.922852000001
4229.615234000001,4253.974121,4193.846191,4216.922852000001,4249.615234000001,4205.128418,4205.769043,4195.128418,4228.333496,4225.0,4244.487305,4243.461426,4247.436035,4229.871582
4220.769043,4248.333496,4183.974121,4210.256348,4242.307617,4190.897461,4205.641113000001,4193.717772999999,4216.153809,4217.820313,4235.128418,4240.384765999999,4233.461426,4218.974121
4212.820313,4243.333496,4182.820313,4210.256348,4235.384765999999,4177.692383,4191.666504,4181.025879,4202.307617,4206.025879,4226.538574,4229.230957,4226.922852000001,4210.384765999999
4211.538574,4241.410156,4182.179688,4210.384765999999,4232.05127,4182.179688,4189.743652,4175.256348,4197.307617,4197.94873,4218.589844,4218.846191,4220.512695,4201.025879
4202.05127,4232.436035,4174.871582,4201.538574,4227.94873,4192.563965,4199.871582,4180.769043,4195.512695,4194.615234000001,4208.205078,4212.692383,4203.461426,4187.820313
4180.0,4211.666504,4156.410156,4186.922852000001,4224.487305,4192.563965,4203.205078,4172.820313,4183.589844,4179.230957,4190.769043,4204.487305,4184.487305,4171.153809
4165.641113000001,4201.666504,4139.487305,4178.077147999999,4225.512695,4186.025879,4203.461426,4165.128418,4176.666504,4168.974121,4182.307617,4195.512695,4181.794922,4160.641113000001
4169.230957,4207.820313,4138.461426,4181.153809,4230.769043,4195.0,4208.846191,4173.589844,4184.487305,4181.025879,4189.102539,4194.871582,4186.153809,4164.615234000001
4177.307617,4212.563965,4146.025879,4186.410156,4232.307617,4209.230957,4210.897461,4187.436035,4197.94873,4190.897461,4194.487305,4205.641113000001,4186.666504,4173.717772999999
4183.077147999999,4214.615234000001,4151.410156,4190.897461,4231.025879,4206.922852000001,4210.0,4206.922852000001,4214.487305,4192.563965,4196.153809,4215.0,4194.102539,4179.230957
4187.436035,4219.871582,4152.692383,4192.820313,4236.922852000001,4204.487305,4209.615234000001,4213.333496,4220.897461,4197.563965,4201.410156,4213.077147999999,4200.512695,4180.641113000001
4186.666504,4220.384765999999,4151.666504,4189.102539,4242.820313,4215.0,4201.538574,4195.897461,4209.358886999999,4193.077147999999,4199.615234000001,4206.922852000001,4194.871582,4178.717772999999
4188.717772999999,4220.128418,4156.153809,4189.615234000001,4238.461426,4215.256348,4191.538574,4194.487305,4211.282227000001,4190.384765999999,4198.846191,4210.769043,4197.820313,4182.692383
4198.589844,4227.307617,4166.025879,4196.025879,4234.358886999999,4199.102539,4196.410156,4199.615234000001,4219.230957,4199.102539,4206.794922,4218.077147999999,4213.461426,4189.102539
4203.717772999999,4231.025879,4173.077147999999,4200.512695,4237.05127,4192.307617,4205.512695,4180.897461,4200.384765999999,4193.205078,4207.179688,4215.897461,4213.077147999999,4186.922852000001
4206.922852000001,4235.256348,4186.025879,4208.077147999999,4241.922852000001,4194.615234000001,4202.94873,4178.846191,4190.128418,4187.563965,4208.846191,4216.666504,4212.563965,4190.641113000001
4218.846191,4247.820313,4202.307617,4220.897461,4246.794922,4191.538574,4202.436035,4203.717772999999,4209.102539,4204.230957,4222.05127,4232.563965,4234.102539,4206.410156
4216.410156,4249.358886999999,4198.589844,4219.615234000001,4247.05127,4192.307617,4211.922852000001,4200.384765999999,4205.769043,4206.282227000001,4218.461426,4236.794922,4237.820313,4202.563965
4197.563965,4235.897461,4181.538574,4207.179688,4238.205078,4190.384765999999,4207.820313,4175.512695,4178.333496,4183.589844,4198.205078,4218.333496,4215.641113000001,4181.153809
4198.205078,4231.538574,4179.743652,4207.563965,4231.410156,4179.102539,4191.410156,4174.871582,4178.205078,4182.820313,4196.538574,4214.871582,4210.256348,4181.666504
4205.641113000001,4235.0,4188.205078,4207.94873,4235.897461,4182.307617,4193.205078,4186.922852000001,4198.077147999999,4198.974121,4205.128418,4227.820313,4218.974121,4193.589844
4192.94873,4229.615234000001,4187.307617,4198.846191,4238.205078,4197.436035,4207.436035,4199.871582,4208.589844,4201.153809,4200.512695,4227.820313,4211.410156,4187.307617
4185.256348,4228.974121,4180.128418,4200.769043,4235.769043,4204.358886999999,4209.487305,4206.153809,4212.820313,4200.0,4194.871582,4220.384765999999,4206.538574,4177.563965
4189.230957,4235.897461,4172.820313,4206.153809,4239.871582,4205.128418,4205.641113000001,4200.641113000001,4216.153809,4201.410156,4194.743652,4215.769043,4212.179688,4178.717772999999
4188.461426,4234.358886999999,4168.589844,4199.615234000001,4241.410156,4206.922852000001,4216.410156,4221.794922,4229.358886999999,4199.871582,4190.897461,4212.307617,4205.641113000001,4178.974121
4188.589844,4233.205078,4172.436035,4200.384765999999,4239.230957,4212.563965,4233.205078,4245.384765999999,4241.410156,4204.102539,4193.333496,4214.871582,4202.563965,4178.077147999999
4192.179688,4238.077147999999,4175.512695,4206.922852000001,4245.769043,4219.743652,4222.820313,4206.282227000001,4227.563965,4207.563965,4198.974121,4216.794922,4211.538574,4177.05127
4193.846191,4241.538574,4176.025879,4205.384765999999,4256.666504,4220.128418,4199.615234000001,4161.794922,4209.358886999999,4202.05127,4193.589844,4212.436035,4212.820313,4173.717772999999
4192.307617,4243.846191,4181.153809,4205.384765999999,4256.922852000001,4216.153809,4206.922852000001,4175.769043,4206.282227000001,4196.794922,4185.769043,4211.282227000001,4202.179688,4173.077147999999
4202.307617,4256.666504,4194.487305,4216.153809,4252.563965,4213.974121,4220.512695,4194.871582,4201.922852000001,4199.487305,4190.897461,4221.922852000001,4206.922852000001,4182.692383
4228.846191,4280.897461,4218.717772999999,4234.615234000001,4258.589844,4210.769043,4210.256348,4192.820313,4202.820313,4215.641113000001,4211.666504,4242.05127,4236.794922,4203.846191
4237.94873,4283.974121,4232.436035,4241.025879,4265.256348,4212.692383,4210.0,4194.871582,4207.307617,4225.384765999999,4222.179688,4253.974121,4249.230957,4213.717772999999
4219.743652,4264.743652,4220.641113000001,4228.333496,4262.692383,4212.94873,4228.717772999999,4194.230957,4191.794922,4211.153809,4205.256348,4245.0,4230.0,4201.282227000001
4208.205078,4256.410156,4208.589844,4217.307617,4255.256348,4206.153809,4233.333496,4206.538574,4186.666504,4199.102539,4187.692383,4230.0,4211.410156,4190.512695
4206.282227000001,4255.641113000001,4203.333496,4210.641113000001,4246.538574,4213.974121,4228.589844,4225.384765999999,4204.230957,4197.692383,4185.128418,4224.487305,4206.666504,4185.0
4197.820313,4248.077147999999,4193.974121,4203.589844,4243.717772999999,4228.077147999999,4234.102539,4217.563965,4210.897461,4196.025879,4182.05127,4223.333496,4205.897461,4178.461426
4192.307617,4245.769043,4189.487305,4203.461426,4243.974121,4222.05127,4241.153809,4221.282227000001,4221.538574,4205.641113000001,4179.487305,4225.512695,4210.128418,4180.897461
4191.922852000001,4251.282227000001,4191.153809,4207.563965,4243.974121,4222.563965,4243.205078,4240.384765999999,4241.922852000001,4224.487305,4188.205078,4226.153809,4221.666504,4185.384765999999
4186.282227000001,4250.128418,4184.615234000001,4207.307617,4252.563965,4241.410156,4243.077147999999,4228.333496,4243.717772999999,4228.974121,4191.922852000001,4215.641113000001,4223.974121,4180.0
4182.563965,4250.641113000001,4182.307617,4205.512695,4262.179688,4238.846191,4236.794922,4204.871582,4238.077147999999,4228.461426,4190.769043,4208.589844,4221.282227000001,4181.153809
4192.436035,4260.128418,4193.205078,4209.358886999999,4259.102539,4230.897461,4228.717772999999,4215.384765999999,4250.0,4241.922852000001,4200.769043,4220.512695,4230.384765999999,4195.128418
4205.256348,4267.307617,4197.94873,4219.230957,4256.922852000001,4243.461426,4227.563965,4228.333496,4253.974121,4248.717772999999,4209.615234000001,4233.077147999999,4235.897461,4202.692383
4209.358886999999,4270.769043,4199.358886999999,4228.333496,4266.282227000001,4246.666504,4231.153809,4211.538574,4234.230957,4237.820313,4209.230957,4233.846191,4227.94873,4205.897461
4215.769043,4280.641113000001,4212.692383,4236.538574,4270.512695,4232.692383,4230.384765999999,4203.589844,4226.666504,4235.512695,4217.692383,4238.205078,4233.846191,4217.436035
4232.436035,4297.692383,4226.922852000001,4247.436035,4269.102539,4225.384765999999,4220.0,4214.871582,4239.358886999999,4247.307617,4234.487305,4249.358886999999,4257.436035,4231.666504
4242.05127,4301.922852000001,4230.384765999999,4252.05127,4271.538574,4230.641113000001,4220.0,4215.769043,4237.94873,4248.077147999999,4238.461426,4253.717772999999,4262.179688,4237.820313
4231.666504,4283.846191,4221.282227000001,4238.205078,4267.820313,4227.94873,4229.102539,4204.230957,4214.871582,4226.666504,4224.615234000001,4243.589844,4240.0,4226.538574
4214.358886999999,4261.410156,4202.563965,4216.794922,4256.153809,4214.487305,4229.102539,4206.666504,4206.153809,4207.436035,4207.692383,4230.512695,4220.641113000001,4204.358886999999
4209.743652,4256.282227000001,4193.077147999999,4210.897461,4252.820313,4221.025879,4234.230957,4215.897461,4220.641113000001,4214.358886999999,4205.256348,4229.230957,4218.846191,4195.0
4211.666504,4255.384765999999,4192.692383,4211.538574,4252.436035,4237.179688,4243.205078,4210.641113000001,4227.436035,4224.102539,4208.974121,4227.179688,4214.230957,4196.410156
4205.641113000001,4246.153809,4186.153809,4206.538574,4248.461426,4232.179688,4242.05127,4213.461426,4231.025879,4215.128418,4204.743652,4215.897461,4202.307617,4193.717772999999
4205.0,4251.282227000001,4186.538574,4211.538574,4253.077147999999,4229.615234000001,4244.230957,4228.205078,4246.025879,4216.025879,4208.333496,4218.333496,4209.102539,4196.794922
4214.230957,4270.897461,4196.794922,4225.128418,4262.563965,4241.410156,4250.128418,4231.410156,4255.512695,4238.205078,4225.256348,4232.692383,4226.794922,4207.307617
4215.256348,4276.282227000001,4194.871582,4227.692383,4268.846191,4243.461426,4240.0,4218.077147999999,4243.589844,4244.102539,4228.846191,4230.256348,4227.179688,4206.410156
4208.461426,4267.820313,4183.461426,4223.461426,4270.769043,4237.94873,4226.025879,4202.307617,4225.897461,4226.794922,4216.025879,4215.769043,4214.743652,4200.128418
4213.846191,4270.128418,4187.820313,4227.820313,4270.128418,4236.025879,4227.179688,4203.077147999999,4227.307617,4222.05127,4217.563965,4217.820313,4219.230957,4209.358886999999
4230.641113000001,4282.692383,4208.333496,4236.410156,4269.487305,4233.077147999999,4235.384765999999,4221.025879,4239.102539,4232.05127,4235.384765999999,4236.282227000001,4238.589844,4225.897461
4240.0,4288.717772999999,4220.256348,4241.538574,4268.589844,4225.897461,4236.153809,4207.563965,4225.128418,4228.333496,4241.282227000001,4247.307617,4245.769043,4231.025879
4244.487305,4293.846191,4225.384765999999,4246.282227000001,4272.692383,4216.410156,4225.384765999999,4184.871582,4207.94873,4222.94873,4242.563965,4247.820313,4248.205078,4235.641113000001
4255.128418,4305.128418,4239.358886999999,4251.666504,4277.563965,4209.358886999999,4221.282227000001,4216.025879,4232.05127,4242.436035,4259.358886999999,4257.436035,4266.666504,4253.205078
4264.358886999999,4308.717772999999,4250.128418,4257.05127,4274.743652,4211.025879,4230.512695,4241.538574,4254.487305,4264.615234000001,4274.615234000001,4272.820313,4281.794922,4263.974121
4255.512695,4292.563965,4239.871582,4251.153809,4268.333496,4215.0,4244.230957,4227.179688,4246.153809,4260.0,4264.743652,4267.179688,4265.897461,4247.820313
4233.205078,4270.512695,4219.615234000001,4228.717772999999,4265.641113000001,4221.282227000001,4252.820313,4237.820313,4248.077147999999,4246.282227000001,4245.256348,4249.615234000001,4239.871582,4222.563965
4220.384765999999,4264.358886999999,4211.410156,4217.307617,4268.077147999999,4237.692383,4251.153809,4264.743652,4266.153809,4252.05127,4242.307617,4245.512695,4235.897461,4215.384765999999
4217.179688,4264.743652,4208.717772999999,4219.743652,4269.102539,4246.666504,4246.282227000001,4254.743652,4264.871582,4258.461426,4243.589844,4244.487305,4239.615234000001,4215.128418
4208.333496,4257.94873,4196.153809,4211.025879,4266.922852000001,4235.512695,4234.358886999999,4227.692383,4245.0,4245.128418,4233.205078,4232.692383,4229.358886999999,4203.846191
4198.333496,4252.94873,4184.358886999999,4203.077147999999,4266.025879,4231.538574,4228.461426,4218.077147999999,4235.0,4231.282227000001,4221.794922,4224.358886999999,4220.512695,4193.974121
4198.077147999999,4251.410156,4186.922852000001,4210.512695,4269.358886999999,4247.820313,4239.615234000001,4220.641113000001,4233.077147999999,4223.846191,4216.922852000001,4228.589844,4222.179688,4195.0
4205.128418,4252.307617,4197.436035,4213.589844,4271.538574,4246.666504,4245.256348,4226.410156,4229.743652,4217.307617,4216.538574,4231.410156,4222.820313,4200.897461
4210.769043,4262.05127,4204.358886999999,4213.589844,4267.179688,4230.384765999999,4238.589844,4216.794922,4222.692383,4216.794922,4220.769043,4228.717772999999,4227.179688,4206.794922
4219.102539,4277.563965,4213.846191,4228.077147999999,4265.384765999999,4232.05127,4234.230957,4204.358886999999,4222.179688,4225.256348,4230.512695,4232.05127,4240.512695,4220.0
4237.563965,4293.077147999999,4229.871582,4245.0,4278.205078,4235.384765999999,4227.94873,4210.512695,4235.256348,4237.179688,4242.436035,4244.615234000001,4255.0,4238.205078
4250.0,4298.846191,4236.794922,4245.128418,4285.641113000001,4223.077147999999,4215.641113000001,4208.717772999999,4232.436035,4238.846191,4245.256348,4249.487305,4259.358886999999,4244.358886999999
4246.282227000001,4293.717772999999,4233.589844,4237.94873,4274.358886999999,4214.230957,4211.922852000001,4193.974121,4215.0,4231.794922,4242.179688,4245.384765999999,4259.102539,4241.538574
4246.410156,4292.94873,4235.897461,4242.05127,4268.846191,4218.077147999999,4214.102539,4198.589844,4221.922852000001,4238.589844,4248.717772999999,4248.205078,4261.282227000001,4242.307617
4245.256348,4287.563965,4233.077147999999,4240.256348,4273.205078,4225.0,4222.692383,4220.512695,4239.358886999999,4247.307617,4248.717772999999,4245.512695,4253.589844,4234.487305
4225.641113000001,4265.0,4216.025879,4221.153809,4270.512695,4228.846191,4244.615234000001,4244.230957,4240.769043,4236.538574,4232.820313,4231.153809,4237.307617,4215.769043
4208.461426,4249.615234000001,4205.0,4207.94873,4261.025879,4223.589844,4254.102539,4261.282227000001,4248.205078,4232.820313,4224.743652,4225.769043,4231.922852000001,4206.794922
4207.94873,4251.282227000001,4204.615234000001,4208.589844,4255.641113000001,4223.846191,4250.897461,4253.717772999999,4261.153809,4244.871582,4225.769043,4227.94873,4232.692383,4205.769043
4208.333496,4249.871582,4202.563965,4209.230957,4255.0,4237.436035,4260.384765999999,4235.769043,4254.102539,4243.333496,4222.179688,4225.0,4226.538574,4201.025879
4203.846191,4244.487305,4199.615234000001,4204.358886999999,4256.153809,4242.307617,4264.487305,4225.512695,4237.179688,4224.743652,4216.538574,4221.282227000001,4220.384765999999,4199.487305
4205.128418,4245.384765999999,4202.307617,4202.820313,4261.410156,4235.256348,4241.282227000001,4211.666504,4227.307617,4213.589844,4216.410156,4224.487305,4223.205078,4202.94873
4217.692383,4252.692383,4212.563965,4210.0,4264.871582,4231.410156,4225.128418,4205.256348,4226.025879,4218.333496,4225.897461,4231.538574,4232.692383,4212.94873
4230.384765999999,4262.820313,4222.179688,4219.487305,4265.897461,4230.128418,4228.333496,4201.153809,4219.230957,4220.641113000001,4233.717772999999,4235.897461,4235.641113000001,4218.461426
4232.820313,4272.307617,4226.025879,4222.94873,4275.256348,4226.538574,4217.05127,4175.641113000001,4199.743652,4211.922852000001,4229.615234000001,4236.794922,4231.025879,4218.846191
4242.820313,4285.769043,4236.025879,4232.94873,4288.846191,4220.641113000001,4197.563965,4179.102539,4205.641113000001,4220.897461,4237.692383,4246.666504,4246.282227000001,4235.128418
4259.487305,4300.769043,4248.974121,4247.563965,4287.05127,4217.820313,4198.974121,4217.05127,4233.717772999999,4247.820313,4257.692383,4258.974121,4275.641113000001,4251.410156
4247.820313,4293.461426,4239.102539,4237.179688,4273.333496,4217.05127,4210.384765999999,4207.563965,4228.205078,4245.384765999999,4252.05127,4250.384765999999,4272.563965,4235.769043
4218.717772999999,4268.974121,4218.846191,4215.256348,4267.05127,4212.05127,4214.102539,4176.025879,4203.461426,4222.436035,4231.153809,4229.102539,4245.128418,4212.563965
4208.846191,4259.743652,4214.743652,4215.128418,4267.179688,4211.666504,4223.846191,4194.102539,4207.179688,4217.307617,4226.025879,4219.102539,4237.563965,4210.0
4206.410156,4254.102539,4209.358886999999,4215.384765999999,4260.641113000001,4221.666504,4240.769043,4215.641113000001,4211.922852000001,4212.179688,4217.307617,4215.128418,4232.563965,4203.205078
4196.025879,4241.153809,4196.794922,4200.641113000001,4253.333496,4227.179688,4252.436035,4218.974121,4208.077147999999,4199.615234000001,4202.179688,4207.94873,4219.358886999999,4185.512695
4192.692383,4241.538574,4196.025879,4195.512695,4258.333496,4224.487305,4255.256348,4234.102539,4225.384765999999,4207.820313,4208.589844,4207.436035,4227.179688,4185.128418
4192.94873,4244.358886999999,4196.153809,4193.589844,4258.205078,4224.743652,4251.282227000001,4237.307617,4239.230957,4217.820313,4215.128418,4212.436035,4236.538574,4193.205078
4195.641113000001,4238.974121,4194.358886999999,4190.256348,4255.0,4231.538574,4247.692383,4226.410156,4239.743652,4217.563965,4213.589844,4216.922852000001,4231.153809,4198.717772999999
4210.256348,4246.410156,4204.358886999999,4202.307617,4265.641113000001,4233.461426,4243.333496,4226.025879,4248.461426,4229.102539,4226.153809,4225.128418,4237.94873,4205.641113000001
4221.538574,4259.615234000001,4210.641113000001,4212.563965,4271.025879,4232.436035,4234.487305,4225.897461,4248.717772999999,4238.333496,4236.794922,4230.769043,4249.615234000001,4209.615234000001
4224.230957,4265.128418,4209.871582,4211.538574,4266.666504,4229.230957,4227.563965,4218.846191,4236.153809,4231.666504,4233.333496,4233.077147999999,4243.205078,4213.974121
4234.102539,4274.358886999999,4220.897461,4221.794922,4272.307617,4214.487305,4220.897461,4222.436035,4238.974121,4232.820313,4237.436035,4241.666504,4242.05127,4226.025879
4244.615234000001,4285.512695,4232.692383,4239.615234000001,4284.230957,4213.205078,4207.436035,4229.358886999999,4252.692383,4248.461426,4252.307617,4249.871582,4267.692383,4234.615234000001
4233.589844,4277.692383,4224.615234000001,4233.333496,4282.436035,4231.538574,4194.871582,4218.717772999999,4245.769043,4245.641113000001,4247.436035,4238.461426,4278.077147999999,4220.641113000001
4208.846191,4258.974121,4206.666504,4215.0,4273.461426,4230.128418,4201.153809,4204.871582,4227.05127,4223.333496,4225.256348,4216.153809,4259.358886999999,4196.666504
4200.0,4254.615234000001,4200.897461,4212.94873,4271.538574,4215.641113000001,4214.102539,4202.307617,4219.615234000001,4215.384765999999,4216.410156,4208.589844,4250.769043,4190.384765999999
4203.846191,4254.615234000001,4203.589844,4213.077147999999,4266.538574,4212.179688,4212.692383,4204.487305,4215.897461,4217.692383,4219.743652,4215.128418,4251.538574,4194.743652
4201.538574,4245.384765999999,4201.794922,4201.922852000001,4257.436035,4207.563965,4208.846191,4195.897461,4206.025879,4214.487305,4218.333496,4216.922852000001,4240.769043,4191.282227000001
4202.94873,4243.589844,4203.077147999999,4198.333496,4254.743652,4203.077147999999,4211.666504,4186.153809,4204.102539,4216.282227000001,4220.641113000001,4216.153809,4239.230957,4190.512695
4212.94873,4251.025879,4209.615234000001,4207.692383,4261.153809,4209.487305,4212.563965,4187.05127,4212.692383,4223.205078,4229.102539,4225.512695,4251.025879,4200.256348
4205.384765999999,4244.358886999999,4202.692383,4202.692383,4264.230957,4212.307617,4216.922852000001,4184.102539,4207.436035,4211.922852000001,4222.563965,4227.436035,4239.615234000001,4198.333496
4193.205078,4233.333496,4192.94873,4189.615234000001,4254.615234000001,4208.461426,4219.102539,4191.153809,4211.282227000001,4206.538574,4216.794922,4223.205078,4229.102539,4193.333496
4210.384765999999,4247.436035,4207.820313,4198.974121,4247.436035,4211.538574,4213.461426,4225.0,4252.563965,4241.410156,4238.205078,4236.538574,4256.538574,4210.641113000001
4225.256348,4258.333496,4222.179688,4208.846191,4252.692383,4213.461426,4213.333496,4252.436035,4279.102539,4265.897461,4250.769043,4246.794922,4270.512695,4219.230957
4209.230957,4243.461426,4209.615234000001,4198.333496,4257.692383,4213.846191,4217.820313,4243.717772999999,4257.820313,4243.077147999999,4230.512695,4233.589844,4243.077147999999,4198.717772999999
4197.563965,4238.717772999999,4204.743652,4194.358886999999,4256.282227000001,4218.333496,4218.717772999999,4228.974121,4241.922852000001,4227.94873,4217.820313,4219.487305,4227.94873,4185.897461
4202.307617,4249.102539,4213.846191,4203.333496,4258.974121,4219.871582,4216.922852000001,4214.230957,4241.025879,4238.974121,4222.820313,4218.461426,4238.846191,4189.615234000001
4196.666504,4245.384765999999,4208.846191,4204.743652,4267.307617,4215.641113000001,4211.282227000001,4191.282227000001,4220.897461,4227.692383,4214.615234000001,4216.666504,4233.461426,4184.615234000001
4189.615234000001,4239.487305,4202.436035,4203.717772999999,4266.922852000001,4205.384765999999,4209.487305,4187.436035,4202.820313,4206.666504,4202.563965,4212.692383,4221.538574,4178.205078
4197.563965,4247.692383,4211.922852000001,4207.692383,4256.538574,4194.358886999999,4216.922852000001,4187.179688,4198.205078,4206.922852000001,4206.794922,4218.461426,4224.230957,4184.230957
4202.94873,4252.307617,4219.102539,4208.589844,4249.871582,4193.846191,4218.077147999999,4167.436035,4188.205078,4207.563965,4211.410156,4224.615234000001,4227.436035,4192.94873
4197.94873,4245.0,4211.282227000001,4204.615234000001,4250.641113000001,4198.974121,4211.282227000001,4156.410156,4183.205078,4201.025879,4207.820313,4218.717772999999,4227.436035,4192.179688
4196.282227000001,4238.846191,4205.256348,4199.230957,4253.077147999999,4199.358886999999,4217.179688,4176.153809,4192.563965,4204.615234000001,4208.589844,4214.743652,4230.769043,4188.846191
4206.025879,4243.461426,4213.589844,4202.563965,4259.358886999999,4202.820313,4231.153809,4209.358886999999,4209.871582,4219.230957,4218.205078,4225.128418,4241.922852000001,4198.205078
4213.333496,4251.153809,4223.974121,4209.743652,4268.846191,4217.436035,4238.846191,4230.0,4228.077147999999,4231.794922,4225.897461,4234.230957,4253.717772999999,4210.128418
4204.743652,4244.230957,4218.974121,4202.692383,4266.922852000001,4230.769043,4242.05127,4235.128418,4236.794922,4233.974121,4218.717772999999,4228.717772999999,4247.436035,4201.794922
4191.025879,4231.794922,4204.102539,4190.128418,4260.512695,4227.692383,4231.794922,4231.282227000001,4235.0,4230.769043,4203.461426,4219.230957,4228.974121,4183.846191
4191.538574,4232.307617,4200.256348,4192.94873,4258.333496,4216.538574,4211.922852000001,4232.179688,4245.256348,4236.794922,4198.333496,4217.94873,4224.615234000001,4182.05127
4196.025879,4234.487305,4203.846191,4198.974121,4254.358886999999,4218.974121,4214.743652,4240.641113000001,4261.025879,4246.410156,4201.025879,4219.871582,4230.128418,4187.436035
4188.205078,4228.846191,4200.0,4195.0,4252.692383,4227.307617,4231.666504,4242.179688,4255.384765999999,4238.077147999999,4194.871582,4215.128418,4223.461426,4180.641113000001
4185.256348,4231.538574,4196.794922,4196.410156,4259.230957,4225.769043,4233.333496,4221.794922,4234.615234000001,4221.282227000001,4186.794922,4210.769043,4216.922852000001,4172.94873
4193.717772999999,4238.589844,4202.307617,4202.436035,4258.589844,4223.974121,4229.102539,4188.461426,4212.563965,4214.358886999999,4185.512695,4212.563965,4217.94873,4179.743652
4201.922852000001,4240.256348,4208.717772999999,4202.692383,4248.205078,4224.358886999999,4232.692383,4177.179688,4200.0,4212.436035,4187.05127,4214.358886999999,4218.205078,4192.179688
4209.487305,4249.743652,4215.0,4206.410156,4251.794922,4217.179688,4224.230957,4178.846191,4198.461426,4212.692383,4195.512695,4220.384765999999,4224.487305,4201.153809
4215.769043,4258.077147999999,4222.436035,4208.846191,4259.487305,4210.256348,4214.743652,4171.538574,4198.717772999999,4214.743652,4203.077147999999,4228.461426,4230.384765999999,4209.871582
4217.563965,4250.897461,4225.769043,4205.769043,4252.05127,4211.153809,4228.589844,4178.077147999999,4203.461426,4215.384765999999,4204.102539,4228.205078,4224.615234000001,4214.487305
4219.358886999999,4245.384765999999,4227.820313,4209.358886999999,4248.333496,4212.820313,4229.615234000001,4195.641113000001,4212.820313,4219.871582,4207.563965,4226.794922,4222.820313,4214.871582
4221.666504,4250.256348,4229.230957,4213.205078,4250.256348,4206.666504,4206.922852000001,4201.794922,4217.94873,4225.769043,4211.794922,4226.666504,4230.641113000001,4213.717772999999
4216.794922,4248.717772999999,4227.307617,4207.820313,4242.307617,4201.922852000001,4209.102539,4210.384765999999,4223.205078,4222.436035,4209.102539,4221.282227000001,4227.820313,4204.615234000001
4206.153809,4237.820313,4218.974121,4202.179688,4237.307617,4208.333496,4222.563965,4212.94873,4223.974121,4211.025879,4200.128418,4210.641113000001,4209.871582,4190.0
4194.871582,4226.025879,4203.589844,4196.538574,4243.846191,4215.256348,4213.717772999999,4193.589844,4211.794922,4202.820313,4187.05127,4196.282227000001,4195.641113000001,4178.077147999999
4186.538574,4218.846191,4188.974121,4185.641113000001,4241.153809,4214.358886999999,4217.05127,4194.358886999999,4210.0,4200.641113000001,4179.871582,4188.077147999999,4193.333496,4170.384765999999
4183.846191,4222.179688,4187.820313,4180.897461,4235.128418,4215.769043,4237.820313,4211.282227000001,4214.871582,4200.0,4184.743652,4191.153809,4196.025879,4168.717772999999
4191.538574,4234.102539,4199.743652,4191.666504,4248.717772999999,4224.615234000001,4237.820313,4202.05127,4207.436035,4203.717772999999,4194.871582,4199.743652,4202.307617,4178.333496
4201.153809,4241.922852000001,4207.563965,4202.179688,4256.410156,4222.179688,4227.820313,4199.230957,4208.974121,4212.692383,4207.179688,4207.563965,4216.282227000001,4190.384765999999
4208.077147999999,4248.846191,4211.025879,4207.307617,4241.922852000001,4212.436035,4230.384765999999,4211.025879,4223.461426,4223.974121,4220.128418,4217.05127,4232.05127,4201.538574
4225.512695,4266.922852000001,4226.153809,4220.256348,4249.743652,4218.974121,4224.102539,4196.666504,4229.358886999999,4238.077147999999,4232.05127,4228.846191,4246.153809,4220.0
4245.384765999999,4284.358886999999,4242.179688,4235.128418,4283.333496,4226.538574,4199.230957,4181.025879,4225.641113000001,4248.077147999999,4244.743652,4237.436035,4259.615234000001,4236.153809
4250.897461,4292.05127,4248.589844,4242.05127,4286.922852000001,4220.897461,4197.179688,4200.0,4225.897461,4250.769043,4254.230957,4243.205078,4266.666504,4241.282227000001
4243.589844,4287.05127,4249.871582,4239.743652,4261.922852000001,4213.333496,4211.153809,4201.922852000001,4217.94873,4240.128418,4244.615234000001,4239.487305,4254.487305,4230.769043
4231.666504,4265.641113000001,4241.282227000001,4229.487305,4251.922852000001,4207.692383,4200.897461,4179.743652,4203.974121,4219.871582,4223.461426,4222.563965,4229.615234000001,4208.077147999999
4212.94873,4244.615234000001,4222.820313,4217.692383,4252.307617,4208.205078,4190.384765999999,4188.461426,4206.410156,4210.256348,4213.205078,4206.922852000001,4214.358886999999,4188.077147999999
4186.282227000001,4232.692383,4200.769043,4202.94873,4240.897461,4213.717772999999,4212.05127,4193.333496,4205.897461,4205.0,4201.922852000001,4193.974121,4202.94873,4169.871582
4171.666504,4223.333496,4187.692383,4188.461426,4235.769043,4216.410156,4230.128418,4174.871582,4195.641113000001,4193.205078,4185.641113000001,4183.589844,4187.94873,4157.179688
4176.922852000001,4219.102539,4191.794922,4187.307617,4243.333496,4208.205078,4225.512695,4191.666504,4206.153809,4192.307617,4185.0,4187.307617,4186.922852000001,4159.487305
4184.615234000001,4226.153809,4200.512695,4195.384765999999,4238.461426,4201.666504,4232.692383,4227.05127,4224.743652,4205.897461,4197.94873,4202.05127,4201.922852000001,4168.077147999999
4187.692383,4232.692383,4202.179688,4197.436035,4232.692383,4212.563965,4242.307617,4215.384765999999,4217.307617,4210.384765999999,4203.333496,4208.846191,4211.410156,4171.410156
4198.461426,4238.205078,4209.230957,4198.974121,4245.384765999999,4226.153809,4234.102539,4189.102539,4207.94873,4208.974121,4205.128418,4210.641113000001,4212.820313,4180.128418
4222.436035,4256.282227000001,4226.666504,4212.563965,4255.641113000001,4221.794922,4230.641113000001,4205.897461,4225.897461,4223.717772999999,4220.641113000001,4224.871582,4229.358886999999,4198.717772999999
4247.563965,4279.358886999999,4241.538574,4229.102539,4257.05127,4208.974121,4230.512695,4225.384765999999,4240.769043,4242.563965,4242.05127,4241.794922,4254.615234000001,4217.05127
4263.077147999999,4292.179688,4252.820313,4237.436035,4262.436035,4210.641113000001,4213.333496,4210.256348,4238.717772999999,4249.230957,4255.512695,4247.692383,4266.922852000001,4233.846191
4269.102539,4300.769043,4266.025879,4247.307617,4274.615234000001,4221.538574,4198.846191,4207.05127,4241.666504,4251.282227000001,4260.256348,4248.974121,4273.077147999999,4243.205078
4261.282227000001,4301.153809,4265.0,4253.077147999999,4278.717772999999,4225.384765999999,4208.461426,4221.153809,4236.410156,4245.256348,4252.563965,4245.128418,4268.717772999999,4234.487305
4240.897461,4282.05127,4242.05127,4237.692383,4271.282227000001,4224.743652,4220.641113000001,4206.666504,4214.230957,4225.128418,4231.410156,4231.282227000001,4243.205078,4211.922852000001
4217.820313,4259.230957,4217.436035,4215.256348,4261.282227000001,4229.102539,4219.230957,4182.436035,4201.025879,4206.153809,4209.102539,4211.794922,4214.230957,4187.94873
4193.717772999999,4241.025879,4199.358886999999,4198.589844,4250.256348,4231.794922,4218.461426,4184.743652,4200.641113000001,4191.025879,4191.794922,4197.179688,4193.717772999999,4166.025879
4181.922852000001,4230.384765999999,4190.897461,4191.922852000001,4248.333496,4230.769043,4232.820313,4201.794922,4207.94873,4189.871582,4188.974121,4194.871582,4188.717772999999,4160.384765999999
4197.436035,4236.922852000001,4200.256348,4198.974121,4253.461426,4236.666504,4250.128418,4219.102539,4226.922852000001,4212.563965,4205.897461,4206.025879,4203.205078,4180.256348
4214.743652,4245.384765999999,4213.205078,4205.128418,4253.717772999999,4236.794922,4247.820313,4233.589844,4242.05127,4226.410156,4217.307617,4212.94873,4214.743652,4196.538574
4213.333496,4242.05127,4212.05127,4203.333496,4248.205078,4229.487305,4244.102539,4235.128418,4241.282227000001,4217.563965,4216.153809,4206.666504,4211.153809,4195.256348
4219.230957,4246.282227000001,4215.897461,4210.0,4250.384765999999,4231.666504,4254.743652,4227.692383,4239.102539,4219.743652,4222.307617,4209.871582,4218.717772999999,4201.666504
4242.563965,4270.0,4237.820313,4224.102539,4265.256348,4237.563965,4247.692383,4220.769043,4244.487305,4242.179688,4240.512695,4230.384765999999,4243.205078,4223.461426
4255.641113000001,4287.436035,4250.384765999999,4231.922852000001,4271.922852000001,4230.256348,4219.615234000001,4222.436035,4253.589844,4257.179688,4254.102539,4245.512695,4258.589844,4237.820313
4250.0,4280.897461,4243.333496,4230.897461,4260.769043,4219.230957,4216.410156,4226.410156,4250.0,4247.820313,4250.384765999999,4239.487305,4254.102539,4230.641113000001
4240.0,4270.641113000001,4235.0,4226.794922,4254.615234000001,4225.0,4235.897461,4213.846191,4226.025879,4225.384765999999,4237.563965,4223.077147999999,4240.897461,4214.871582
4241.153809,4280.384765999999,4239.743652,4230.512695,4267.05127,4230.0,4224.487305,4198.589844,4213.846191,4222.307617,4237.563965,4221.282227000001,4237.94873,4215.512695
4252.692383,4297.820313,4250.128418,4242.692383,4277.05127,4220.897461,4205.512695,4200.512695,4224.871582,4239.230957,4247.307617,4231.025879,4246.025879,4228.205078
4258.589844,4298.589844,4256.025879,4250.769043,4273.717772999999,4210.897461,4219.615234000001,4215.128418,4232.436035,4244.871582,4250.0,4236.410156,4250.128418,4231.922852000001
4259.358886999999,4285.897461,4263.589844,4251.666504,4269.102539,4208.205078,4232.563965,4237.05127,4237.179688,4244.487305,4251.282227000001,4242.692383,4248.461426,4230.641113000001
4250.512695,4267.692383,4264.615234000001,4243.077147999999,4266.538574,4216.153809,4231.025879,4244.230957,4242.179688,4244.358886999999,4249.230957,4243.717772999999,4240.769043,4224.230957
4222.94873,4239.743652,4240.769043,4218.846191,4258.717772999999,4226.538574,4237.307617,4227.436035,4223.974121,4219.871582,4224.743652,4223.717772999999,4213.717772999999,4198.461426
4200.641113000001,4211.538574,4211.538574,4200.512695,4251.410156,4227.307617,4238.077147999999,4221.922852000001,4206.410156,4192.692383,4203.205078,4207.05127,4190.128418,4178.589844
4212.692383,4202.692383,4216.794922,4209.615234000001,4252.820313,4222.307617,4227.94873,4235.128418,4227.05127,4208.589844,4217.563965,4221.410156,4208.205078,4193.333496
4231.153809,4201.153809,4235.128418,4219.358886999999,4252.820313,4223.717772999999,4228.717772999999,4233.333496,4245.0,4232.179688,4236.794922,4233.974121,4231.153809,4212.436035
4223.333496,4191.538574,4226.538574,4210.384765999999,4248.717772999999,4228.846191,4230.512695,4219.615234000001,4227.563965,4216.922852000001,4227.307617,4222.820313,4218.717772999999,4204.615234000001
4208.717772999999,4182.179688,4211.282227000001,4203.333496,4245.897461,4229.358886999999,4228.333496,4211.153809,4210.897461,4194.743652,4209.487305,4211.153809,4200.0,4188.974121
4204.230957,4178.974121,4212.05127,4205.769043,4244.358886999999,4225.897461,4230.256348,4194.102539,4210.128418,4194.487305,4205.769043,4209.871582,4196.794922,4184.102539
4203.077147999999,4179.487305,4215.769043,4206.666504,4244.487305,4214.871582,4225.128418,4182.307617,4212.563965,4203.461426,4208.974121,4209.743652,4199.102539,4183.974121
4206.153809,4188.717772999999,4220.384765999999,4210.0,4248.846191,4206.794922,4218.846191,4196.410156,4221.282227000001,4210.512695,4214.615234000001,4212.05127,4205.384765999999,4188.077147999999
4220.0,4208.589844,4236.282227000001,4224.230957,4255.384765999999,4217.179688,4225.769043,4204.871582,4228.589844,4217.563965,4223.717772999999,4221.153809,4218.589844,4200.384765999999
4230.256348,4222.307617,4246.410156,4237.179688,4263.461426,4223.461426,4222.05127,4185.512695,4215.384765999999,4215.897461,4226.410156,4227.05127,4225.769043,4206.410156
4225.769043,4223.974121,4240.128418,4235.512695,4269.102539,4212.692383,4198.974121,4175.256348,4203.077147999999,4207.179688,4218.333496,4225.641113000001,4220.384765999999,4198.717772999999
4224.615234000001,4227.05127,4240.0,4231.922852000001,4265.897461,4217.179688,4202.94873,4195.769043,4213.589844,4204.871582,4212.94873,4222.563965,4212.692383,4197.179688
4236.794922,4237.692383,4249.615234000001,4236.922852000001,4266.025879,4234.743652,4227.94873,4209.615234000001,4226.025879,4210.128418,4218.717772999999,4224.743652,4215.897461,4209.743652
4250.897461,4247.179688,4256.153809,4244.615234000001,4273.333496,4225.0,4224.871582,4218.333496,4240.769043,4223.589844,4229.358886999999,4232.692383,4226.794922,4223.205078
4244.871582,4238.333496,4255.128418,4241.666504,4264.230957,4203.717772999999,4217.307617,4242.563965,4255.512695,4232.563965,4231.922852000001,4234.102539,4227.179688,4224.358886999999
4221.794922,4217.05127,4241.153809,4223.974121,4242.179688,4206.410156,4237.94873,4234.487305,4236.025879,4215.0,4216.538574,4225.256348,4211.410156,4208.333496
4206.282227000001,4205.128418,4222.94873,4208.589844,4237.179688,4211.410156,4246.282227000001,4207.307617,4210.897461,4191.410156,4201.153809,4214.487305,4195.128418,4188.205078
4202.05127,4204.871582,4216.538574,4207.820313,4242.179688,4202.307617,4224.358886999999,4215.641113000001,4224.615234000001,4193.717772999999,4202.692383,4208.077147999999,4191.922852000001,4178.974121
4198.205078,4206.025879,4215.512695,4210.512695,4237.692383,4203.077147999999,4227.436035,4219.743652,4238.461426,4208.717772999999,4205.641113000001,4205.512695,4196.282227000001,4180.0
4194.358886999999,4203.846191,4208.077147999999,4205.128418,4234.230957,4214.230957,4248.846191,4188.077147999999,4222.05127,4206.410156,4198.077147999999,4201.666504,4195.0,4178.333496
4192.820313,4199.230957,4200.384765999999,4198.717772999999,4240.512695,4215.512695,4232.563965,4171.794922,4210.256348,4194.615234000001,4190.256348,4195.641113000001,4190.128418,4172.563965
4196.538574,4201.794922,4205.384765999999,4203.846191,4248.717772999999,4213.205078,4206.025879,4179.615234000001,4208.846191,4194.487305,4193.077147999999,4197.307617,4196.153809,4178.077147999999
4212.94873,4213.589844,4224.102539,4215.128418,4250.256348,4209.102539,4206.538574,4178.333496,4203.333496,4200.641113000001,4204.358886999999,4211.025879,4211.282227000001,4194.615234000001
4235.128418,4227.692383,4244.358886999999,4229.102539,4250.897461,4201.025879,4204.102539,4177.94873,4208.205078,4210.384765999999,4220.256348,4228.333496,4229.743652,4213.846191
4247.820313,4245.128418,4255.384765999999,4242.179688,4257.179688,4204.871582,4186.538574,4180.641113000001,4221.025879,4225.256348,4236.538574,4238.974121,4246.410156,4228.974121
4238.077147999999,4245.769043,4250.769043,4238.205078,4255.512695,4211.794922,4188.846191,4174.871582,4217.05127,4223.461426,4231.922852000001,4231.538574,4237.179688,4220.897461
4214.615234000001,4221.410156,4233.461426,4219.102539,4245.0,4209.102539,4212.05127,4179.102539,4207.307617,4203.461426,4203.461426,4210.512695,4205.256348,4189.102539
4198.846191,4201.282227000001,4213.717772999999,4202.179688,4232.692383,4200.641113000001,4215.641113000001,4195.128418,4215.0,4191.666504,4181.666504,4195.512695,4184.871582,4166.282227000001
4188.333496,4189.358886999999,4200.128418,4188.974121,4220.512695,4191.153809,4210.897461,4207.692383,4223.846191,4195.384765999999,4179.743652,4189.487305,4181.025879,4161.153809
4179.743652,4181.410156,4193.461426,4182.94873,4220.769043,4194.615234000001,4225.641113000001,4217.05127,4227.692383,4204.871582,4182.307617,4187.436035,4178.846191,4156.922852000001
4175.0,4186.153809,4185.384765999999,4186.153809,4227.94873,4206.538574,4234.487305,4214.358886999999,4225.769043,4199.487305,4173.846191,4180.641113000001,4171.922852000001,4146.410156
4171.794922,4192.436035,4178.461426,4186.153809,4224.615234000001,4205.897461,4228.205078,4199.487305,4211.282227000001,4177.692383,4156.538574,4170.128418,4161.153809,4134.743652
4172.692383,4194.230957,4182.307617,4183.077147999999,4219.230957,4195.384765999999,4226.282227000001,4198.589844,4206.025879,4174.102539,4151.410156,4176.025879,4158.846191,4139.743652
4187.05127,4209.871582,4199.871582,4192.563965,4222.820313,4193.846191,4221.410156,4199.102539,4213.333496,4193.461426,4167.179688,4195.128418,4177.692383,4164.102539
4203.461426,4228.461426,4215.256348,4208.461426,4228.589844,4199.230957,4203.333496,4167.05127,4201.282227000001,4195.0,4177.563965,4203.589844,4195.384765999999,4183.077147999999
4212.307617,4231.410156,4221.666504,4215.512695,4235.0,4201.538574,4192.820313,4138.589844,4179.230957,4182.307617,4175.128418,4206.666504,4197.179688,4191.666504
4230.128418,4241.538574,4238.717772999999,4224.615234000001,4239.615234000001,4199.358886999999,4200.256348,4165.897461,4191.153809,4197.820313,4192.179688,4225.128418,4211.794922,4209.487305
4247.563965,4254.615234000001,4255.641113000001,4236.666504,4233.461426,4193.205078,4203.205078,4203.589844,4213.717772999999,4221.666504,4214.871582,4237.05127,4231.153809,4224.871582
4236.666504,4243.846191,4245.0,4230.641113000001,4220.384765999999,4190.512695,4191.153809,4195.512695,4209.358886999999,4212.94873,4205.256348,4225.128418,4220.897461,4215.128418
4211.410156,4226.666504,4223.205078,4216.282227000001,4221.025879,4200.769043,4189.358886999999,4175.512695,4197.179688,4192.563965,4182.94873,4211.153809,4197.563965,4194.230957
4196.794922,4220.512695,4210.128418,4207.436035,4231.025879,4209.230957,4205.128418,4177.436035,4195.384765999999,4184.615234000001,4171.538574,4201.922852000001,4181.538574,4177.820313
4193.974121,4215.897461,4200.769043,4201.922852000001,4227.820313,4204.487305,4208.589844,4183.974121,4201.922852000001,4184.487305,4167.692383,4191.282227000001,4171.538574,4166.922852000001
4191.538574,4207.563965,4192.179688,4195.256348,4212.307617,4202.563965,4207.692383,4187.692383,4209.487305,4183.717772999999,4166.666504,4182.820313,4167.94873,4162.05127
4177.820313,4195.0,4182.307617,4182.307617,4203.333496,4207.94873,4225.128418,4190.512695,4202.820313,4173.333496,4157.179688,4177.692383,4159.102539,4156.282227000001
4163.589844,4185.769043,4174.487305,4173.333496,4204.230957,4204.487305,4229.871582,4185.384765999999,4188.717772999999,4164.102539,4146.538574,4173.974121,4147.94873,4147.820313
4174.102539,4195.256348,4180.256348,4183.461426,4207.179688,4193.717772999999,4212.692383,4180.256348,4191.410156,4173.846191,4156.538574,4180.0,4156.922852000001,4150.641113000001
4197.307617,4210.769043,4195.897461,4198.974121,4209.358886999999,4190.641113000001,4212.05127,4185.128418,4207.307617,4188.974121,4177.179688,4197.563965,4179.358886999999,4171.282227000001
4205.897461,4217.179688,4205.641113000001,4198.974121,4210.0,4193.077147999999,4222.692383,4186.410156,4211.282227000001,4194.358886999999,4188.974121,4209.487305,4193.589844,4189.615234000001
4204.487305,4217.563965,4202.94873,4192.94873,4207.94873,4192.563965,4215.0,4185.769043,4199.487305,4191.410156,4192.820313,4208.077147999999,4195.128418,4189.102539
4211.538574,4225.897461,4205.897461,4201.538574,4214.358886999999,4196.666504,4208.077147999999,4195.897461,4200.641113000001,4195.512695,4201.410156,4208.846191,4202.05127,4193.589844
4226.025879,4242.307617,4222.692383,4219.358886999999,4228.077147999999,4203.846191,4207.563965,4195.384765999999,4217.436035,4213.589844,4215.897461,4220.512695,4223.077147999999,4212.820313
4232.94873,4247.307617,4227.820313,4224.102539,4230.769043,4204.871582,4201.282227000001,4176.666504,4215.769043,4220.512695,4220.641113000001,4222.436035,4231.025879,4215.0
4227.692383,4238.717772999999,4217.05127,4211.410156,4225.0,4204.487305,4210.128418,4179.743652,4203.846191,4210.769043,4212.179688,4211.282227000001,4217.563965,4198.974121
4218.974121,4228.717772999999,4211.153809,4200.512695,4224.871582,4203.205078,4218.846191,4197.692383,4206.410156,4205.641113000001,4204.358886999999,4204.743652,4207.820313,4194.743652
4217.05127,4229.743652,4213.461426,4203.717772999999,4224.487305,4196.922852000001,4207.436035,4194.102539,4211.282227000001,4207.820313,4208.846191,4207.820313,4209.487305,4204.615234000001
4215.128418,4230.128418,4212.94873,4207.179688,4215.384765999999,4191.538574,4209.743652,4187.692383,4206.538574,4206.666504,4210.897461,4208.333496,4203.461426,4203.717772999999
4203.974121,4216.922852000001,4199.487305,4195.512695,4206.538574,4189.615234000001,4222.94873,4189.102539,4200.256348,4194.871582,4192.436035,4196.025879,4180.897461,4186.922852000001
4195.0,4205.128418,4186.794922,4185.0,4208.077147999999,4187.436035,4221.025879,4187.05127,4198.974121,4183.974121,4178.077147999999,4190.0,4167.94873,4177.820313
4196.922852000001,4205.769043,4192.05127,4188.589844,4206.153809,4187.94873,4226.153809,4188.461426,4202.563965,4183.589844,4185.769043,4198.589844,4176.410156,4184.871582
4204.487305,4213.589844,4202.563965,4195.256348,4200.512695,4190.0,4235.256348,4192.05127,4207.436035,4188.333496,4196.666504,4203.461426,4188.974121,4193.846191
4211.153809,4220.0,4206.410156,4199.358886999999,4206.153809,4192.307617,4221.922852000001,4184.230957,4205.769043,4191.410156,4200.897461,4203.333496,4197.436035,4199.358886999999
4215.128418,4222.179688,4208.589844,4204.102539,4217.179688,4200.897461,4216.410156,4177.820313,4201.153809,4194.358886999999,4206.922852000001,4208.333496,4200.641113000001,4203.717772999999
4215.897461,4223.846191,4208.589844,4206.538574,4222.179688,4208.205078,4231.538574,4192.05127,4206.794922,4200.512695,4210.128418,4211.282227000001,4198.589844,4201.922852000001
4215.585938,4223.791015999999,4208.461426,4205.32959,4219.175781,4202.94873,4230.970703,4190.274902,4201.611816,4197.143066,4208.516602000001,4210.238281,4198.791015999999,4201.703125
4215.274902,4223.736328,4208.333496,4204.121094,4216.172363000001,4197.692383,4230.402832,4188.498047,4196.428711,4193.772949,4206.904785,4209.194336,4198.992676,4201.483397999999
4214.963379,4223.681152,4208.205078,4202.912109000001,4213.168457,4192.436035,4229.834961,4186.72168,4191.245605,4190.402832,4205.292969,4208.150390999999,4199.194336,4201.263672
4214.651855,4223.626465,4208.077147999999,4201.703125,4210.165039,4187.179688,4229.267578,4184.944824,4186.0625,4187.033203,4203.681152,4207.106445,4199.395508,4201.043945
4214.34082,4223.571289,4207.94873,4200.494629,4207.161133,4181.922852000001,4228.699707,4183.168457,4180.878906,4183.663086,4202.069824,4206.0625,4199.597168,4200.824219
4214.029297,4223.516602000001,4207.820313,4199.285645,4204.157715,4176.666504,4228.131836,4181.39209,4175.695801,4180.292969,4200.458008,4205.018555,4199.79834,4200.604492
4213.717772999999,4223.461426,4207.692383,4198.077147999999,4201.153809,4171.410156,4227.563965,4179.615234000001,4170.512695,4176.922852000001,4198.846191,4203.974121,4200.0,4200.384765999999
4230.512695,4236.282227000001,4228.717772999999,4210.384765999999,4193.589844,4171.282227000001,4243.974121,4185.128418,4181.153809,4190.256348,4211.794922,4211.666504,4210.0,4211.922852000001
4232.307617,4237.94873,4229.615234000001,4214.102539,4202.692383,4175.0,4235.128418,4157.05127,4172.94873,4188.974121,4209.230957,4210.128418,4210.0,4215.0
4223.846191,4231.282227000001,4222.820313,4206.794922,4206.153809,4169.743652,4220.897461,4160.512695,4173.589844,4188.077147999999,4203.846191,4211.410156,4208.461426,4213.846191
4225.897461,4237.307617,4229.487305,4208.974121,4201.025879,4170.897461,4224.615234000001,4188.205078,4187.05127,4191.282227000001,4206.282227000001,4215.641113000001,4207.436035,4218.077147999999
4226.922852000001,4240.128418,4229.358886999999,4214.743652,4203.589844,4178.205078,4221.025879,4182.820313,4190.769043,4189.871582,4201.794922,4210.769043,4201.153809,4218.461426
4217.563965,4231.153809,4215.128418,4208.589844,4207.436035,4182.94873,4214.615234000001,4171.922852000001,4194.358886999999,4187.179688,4196.922852000001,4204.871582,4197.05127,4210.256348
4210.128418,4228.333496,4209.358886999999,4199.743652,4208.333496,4188.846191,4221.538574,4192.179688,4208.717772999999,4193.461426,4203.589844,4207.820313,4201.794922,4205.128418
4216.922852000001,4236.282227000001,4216.410156,4203.974121,4221.410156,4198.205078,4211.794922,4204.615234000001,4223.589844,4209.743652,4216.410156,4216.666504,4215.897461,4212.563965
4224.487305,4239.230957,4218.205078,4207.820313,4229.615234000001,4206.410156,4197.179688,4197.820313,4227.820313,4221.282227000001,4222.692383,4218.205078,4224.230957,4216.794922
4214.871582,4226.282227000001,4210.769043,4194.871582,4209.358886999999,4204.615234000001,4218.077147999999,4201.922852000001,4220.128418,4212.692383,4211.153809,4209.230957,4208.846191,4202.436035
4210.256348,4219.102539,4211.410156,4185.512695,4194.615234000001,4198.717772999999,4236.538574,4202.692383,4209.871582,4200.256348,4202.179688,4207.307617,4196.025879,4194.230957
4222.436035,4231.794922,4221.666504,4198.077147999999,4207.94873,4202.307617,4217.692383,4180.897461,4204.743652,4203.205078,4209.743652,4216.025879,4206.153809,4204.615234000001
4224.102539,4236.538574,4224.358886999999,4206.538574,4217.179688,4208.077147999999,4202.179688,4164.615234000001,4198.717772999999,4201.538574,4211.922852000001,4220.384765999999,4209.102539,4207.692383
4210.384765999999,4225.769043,4219.743652,4196.666504,4207.436035,4198.589844,4210.384765999999,4182.307617,4191.794922,4182.692383,4200.128418,4213.333496,4193.461426,4197.820313
4207.307617,4226.666504,4218.717772999999,4194.615234000001,4204.743652,4186.666504,4208.461426,4201.794922,4192.05127,4172.307617,4192.307617,4209.230957,4187.307617,4194.102539
4218.589844,4241.410156,4222.820313,4207.179688,4216.025879,4195.512695,4194.358886999999,4189.102539,4193.333496,4180.769043,4195.128418,4211.666504,4196.153809,4200.128418
4228.461426,4251.025879,4229.230957,4215.769043,4218.461426,4200.512695,4193.974121,4177.94873,4198.974121,4194.230957,4203.077147999999,4215.641113000001,4206.666504,4210.384765999999
4222.94873,4247.563965,4227.307617,4211.410156,4208.461426,4184.615234000001,4211.153809,4191.410156,4208.077147999999,4201.025879,4210.0,4218.333496,4210.256348,4213.077147999999
4207.94873,4239.743652,4215.384765999999,4204.743652,4206.282227000001,4187.94873,4223.205078,4204.230957,4209.743652,4204.358886999999,4212.563965,4212.94873,4207.94873,4202.563965
4207.692383,4240.0,4213.589844,4205.0,4216.666504,4212.820313,4223.461426,4212.563965,4219.358886999999,4217.05127,4218.846191,4210.641113000001,4216.153809,4200.384765999999
4213.589844,4237.820313,4220.512695,4204.358886999999,4218.333496,4218.077147999999,4247.307617,4233.589844,4240.128418,4232.820313,4225.0,4215.384765999999,4226.794922,4206.153809
4204.230957,4222.692383,4213.461426,4193.846191,4207.563965,4207.94873,4267.307617,4229.230957,4232.436035,4223.589844,4212.179688,4207.436035,4213.205078,4194.487305
4197.820313,4218.589844,4202.05127,4186.025879,4210.897461,4212.179688,4223.974121,4180.256348,4202.436035,4204.487305,4197.820313,4192.94873,4196.025879,4182.179688
4206.538574,4230.128418,4208.717772999999,4192.692383,4223.717772999999,4220.128418,4188.461426,4153.077147999999,4199.487305,4207.94873,4203.205078,4196.282227000001,4201.282227000001,4192.94873
4211.922852000001,4227.307617,4217.179688,4199.230957,4216.666504,4216.025879,4219.743652,4170.769043,4210.0,4212.94873,4208.717772999999,4206.025879,4205.384765999999,4198.589844
4213.846191,4224.358886999999,4217.05127,4201.666504,4208.461426,4204.358886999999,4223.717772999999,4181.282227000001,4205.384765999999,4206.153809,4208.205078,4206.282227000001,4203.205078,4193.589844
4221.282227000001,4241.666504,4221.538574,4207.179688,4221.538574,4192.179688,4174.743652,4165.128418,4198.717772999999,4206.538574,4213.846191,4208.077147999999,4209.102539,4201.538574
4221.410156,4248.846191,4224.871582,4208.846191,4227.307617,4191.666504,4170.769043,4153.077147999999,4194.743652,4205.641113000001,4211.153809,4206.410156,4204.230957,4205.897461
4215.256348,4238.461426,4224.358886999999,4208.589844,4218.717772999999,4205.256348,4203.846191,4171.282227000001,4196.794922,4200.384765999999,4199.102539,4201.538574,4192.563965,4197.307617
4205.128418,4228.846191,4216.538574,4204.102539,4218.333496,4214.487305,4209.615234000001,4202.179688,4204.871582,4194.102539,4192.436035,4198.717772999999,4185.0,4189.487305
4194.230957,4223.717772999999,4201.666504,4195.641113000001,4216.666504,4212.436035,4211.410156,4211.025879,4208.077147999999,4186.410156,4190.256348,4191.794922,4173.717772999999,4184.230957
4197.94873,4225.0,4202.05127,4197.05127,4208.717772999999,4209.743652,4233.974121,4204.743652,4211.410156,4188.461426,4192.436035,4189.358886999999,4173.974121,4186.922852000001
4208.205078,4237.436035,4215.128418,4207.05127,4211.282227000001,4206.538574,4235.897461,4203.333496,4215.384765999999,4197.692383,4197.307617,4195.0,4186.538574,4196.410156
4210.0,4251.538574,4218.717772999999,4213.461426,4223.846191,4207.436035,4203.974121,4199.615234000001,4208.461426,4200.769043,4200.128418,4198.333496,4189.230957,4198.589844
4212.692383,4257.94873,4217.563965,4214.743652,4229.102539,4211.922852000001,4194.230957,4194.487305,4200.641113000001,4197.436035,4201.922852000001,4197.820313,4184.102539,4195.897461
4216.666504,4258.077147999999,4220.512695,4214.230957,4220.256348,4203.717772999999,4222.05127,4200.897461,4203.717772999999,4193.589844,4201.410156,4198.333496,4185.384765999999,4198.205078
4217.563965,4257.692383,4220.641113000001,4216.282227000001,4210.769043,4193.461426,4232.179688,4185.641113000001,4197.307617,4193.333496,4197.563965,4200.128418,4185.0,4199.871582
4221.922852000001,4263.717772999999,4220.0,4221.282227000001,4218.205078,4203.333496,4204.743652,4147.179688,4182.820313,4193.974121,4192.94873,4201.538574,4179.102539,4196.922852000001
4230.128418,4273.589844,4228.461426,4227.307617,4237.179688,4218.589844,4194.871582,4144.615234000001,4186.794922,4195.769043,4194.487305,4203.846191,4181.922852000001,4196.153809
4233.589844,4277.436035,4236.025879,4234.102539,4239.871582,4206.666504,4207.307617,4170.128418,4202.820313,4202.05127,4200.128418,4207.179688,4188.846191,4198.077147999999
4226.153809,4272.436035,4229.102539,4231.794922,4232.05127,4192.436035,4194.487305,4177.692383,4208.974121,4202.307617,4194.743652,4203.461426,4179.487305,4193.077147999999
4212.307617,4259.615234000001,4214.615234000001,4218.974121,4234.358886999999,4203.589844,4180.769043,4175.769043,4209.230957,4194.487305,4182.307617,4191.153809,4164.230957,4182.05127
4203.077147999999,4252.307617,4208.461426,4212.94873,4232.563965,4210.512695,4193.974121,4188.589844,4218.846191,4200.641113000001,4182.563965,4186.025879,4165.128418,4175.128418
4201.282227000001,4256.666504,4210.641113000001,4216.282227000001,4226.666504,4204.358886999999,4210.512695,4213.333496,4232.94873,4213.717772999999,4187.692383,4192.307617,4169.871582,4173.846191
4197.692383,4253.333496,4205.384765999999,4212.94873,4229.102539,4208.846191,4217.436035,4218.974121,4227.692383,4205.512695,4181.794922,4193.077147999999,4165.0,4172.94873
4195.512695,4243.846191,4199.487305,4206.410156,4229.102539,4219.615234000001,4220.128418,4199.871582,4208.589844,4191.410156,4177.820313,4186.025879,4164.743652,4174.102539
4202.820313,4247.692383,4206.922852000001,4211.410156,4223.717772999999,4215.769043,4218.589844,4192.692383,4204.743652,4193.846191,4185.0,4186.025879,4175.256348,4182.563965
4209.615234000001,4253.333496,4216.922852000001,4217.94873,4223.717772999999,4208.461426,4215.641113000001,4197.820313,4206.410156,4197.05127,4188.717772999999,4193.846191,4181.794922,4190.641113000001
4212.307617,4252.179688,4220.0,4218.077147999999,4230.897461,4219.743652,4215.641113000001,4182.692383,4192.692383,4190.769043,4186.538574,4202.05127,4180.256348,4190.897461
4216.794922,4252.94873,4221.153809,4219.230957,4233.461426,4225.384765999999,4204.615234000001,4160.641113000001,4176.666504,4185.512695,4184.487305,4203.974121,4179.871582,4192.05127
4217.692383,4253.589844,4221.410156,4222.307617,4225.897461,4200.512695,4190.128418,4155.512695,4168.717772999999,4183.205078,4179.615234000001,4202.820313,4180.512695,4196.410156
4213.205078,4253.333496,4219.230957,4224.615234000001,4221.410156,4180.641113000001,4189.102539,4159.871582,4168.974121,4184.871582,4175.897461,4204.871582,4179.358886999999,4194.358886999999
4207.307617,4251.410156,4217.179688,4223.846191,4225.256348,4197.179688,4187.692383,4161.410156,4176.538574,4191.025879,4175.512695,4206.410156,4175.512695,4189.487305
4200.641113000001,4243.589844,4211.025879,4218.846191,4228.077147999999,4214.487305,4186.410156,4171.538574,4196.666504,4197.05127,4173.717772999999,4205.256348,4172.436035,4189.615234000001
4197.307617,4240.769043,4206.794922,4217.692383,4227.563965,4208.461426,4199.487305,4201.153809,4219.743652,4205.512695,4174.487305,4202.94873,4176.153809,4191.666504
4200.256348,4244.743652,4208.717772999999,4221.153809,4223.205078,4206.153809,4222.692383,4230.384765999999,4230.256348,4215.256348,4178.205078,4202.179688,4179.615234000001,4194.102539
4199.487305,4245.384765999999,4206.794922,4220.128418,4220.512695,4221.410156,4239.358886999999,4232.563965,4236.410156,4216.922852000001,4176.025879,4201.153809,4175.641113000001,4196.282227000001
4194.871582,4243.589844,4202.820313,4216.153809,4223.205078,4229.358886999999,4230.512695,4211.282227000001,4237.94873,4209.743652,4173.461426,4199.487305,4172.307617,4193.974121
4197.563965,4244.871582,4204.102539,4216.538574,4223.589844,4220.256348,4196.153809,4187.94873,4222.05127,4207.94873,4182.179688,4200.641113000001,4177.94873,4193.333496
4204.487305,4244.487305,4205.641113000001,4215.897461,4221.025879,4217.820313,4178.205078,4188.333496,4210.256348,4207.307617,4191.922852000001,4201.666504,4184.230957,4198.846191
4206.153809,4237.436035,4205.769043,4211.666504,4217.179688,4223.846191,4202.94873,4194.487305,4203.077147999999,4193.461426,4187.563965,4198.974121,4180.641113000001,4198.333496
4213.717772999999,4236.410156,4213.333496,4215.897461,4209.615234000001,4216.922852000001,4218.205078,4168.333496,4180.384765999999,4183.589844,4185.384765999999,4201.025879,4182.820313,4200.641113000001
4230.256348,4247.94873,4225.128418,4225.897461,4205.128418,4202.05127,4191.922852000001,4138.461426,4167.692383,4190.641113000001,4200.256348,4212.436035,4199.487305,4218.589844
4232.692383,4248.461426,4226.153809,4224.230957,4208.205078,4202.436035,4181.153809,4140.897461,4168.205078,4195.0,4207.820313,4215.0,4207.436035,4226.025879
4218.717772999999,4233.717772999999,4216.794922,4215.256348,4207.436035,4211.153809,4206.025879,4156.538574,4155.512695,4185.641113000001,4196.153809,4204.487305,4193.589844,4210.0
4213.974121,4224.615234000001,4207.94873,4211.153809,4195.641113000001,4199.871582,4204.358886999999,4163.333496,4146.025879,4176.666504,4190.897461,4202.436035,4179.615234000001,4199.871582
4215.897461,4222.05127,4203.205078,4206.410156,4184.871582,4179.871582,4182.05127,4169.230957,4162.436035,4181.922852000001,4197.692383,4206.922852000001,4179.102539,4205.256348
4210.384765999999,4214.871582,4200.641113000001,4200.512695,4183.333496,4184.230957,4195.256348,4185.256348,4187.05127,4195.641113000001,4196.538574,4202.436035,4177.94873,4204.743652
4203.205078,4207.94873,4197.692383,4198.077147999999,4186.666504,4200.256348,4209.358886999999,4192.563965,4192.179688,4196.410156,4185.897461,4196.025879,4163.974121,4195.512695
4198.461426,4209.743652,4197.307617,4195.897461,4191.153809,4202.179688,4195.128418,4185.128418,4189.615234000001,4188.205078,4180.512695,4195.128418,4153.333496,4192.692383
4199.358886999999,4216.153809,4200.897461,4196.538574,4198.846191,4198.846191,4189.615234000001,4196.282227000001,4206.282227000001,4196.922852000001,4186.794922,4195.256348,4167.179688,4198.846191
4214.487305,4223.717772999999,4208.461426,4206.025879,4209.230957,4205.641113000001,4198.333496,4223.205078,4230.512695,4217.307617,4202.94873,4199.615234000001,4194.487305,4208.846191
4225.769043,4231.666504,4214.358886999999,4215.641113000001,4217.820313,4216.153809,4200.256348,4214.743652,4224.487305,4222.692383,4216.666504,4205.769043,4207.820313,4215.512695
4217.94873,4228.333496,4212.179688,4212.563965,4218.461426,4215.769043,4201.666504,4184.102539,4198.846191,4207.820313,4213.974121,4206.666504,4204.487305,4218.333496
4215.128418,4221.153809,4210.256348,4207.563965,4216.538574,4210.384765999999,4198.846191,4172.179688,4188.717772999999,4196.025879,4207.692383,4209.487305,4204.871582,4222.94873
4232.94873,4231.153809,4221.282227000001,4216.538574,4228.205078,4212.563965,4183.205078,4170.256348,4191.666504,4205.897461,4221.794922,4221.666504,4223.589844,4234.358886999999
4251.538574,4249.487305,4243.077147999999,4234.358886999999,4237.307617,4210.384765999999,4184.102539,4187.820313,4208.846191,4230.769043,4249.102539,4240.512695,4250.384765999999,4253.717772999999
4250.128418,4248.846191,4249.487305,4236.922852000001,4222.563965,4201.153809,4212.692383,4215.128418,4226.666504,4241.282227000001,4258.205078,4244.487305,4256.538574,4262.05127
4227.820313,4227.05127,4227.563965,4216.282227000001,4206.410156,4203.846191,4229.102539,4202.820313,4206.538574,4220.128418,4238.333496,4226.666504,4234.615234000001,4246.666504
4210.512695,4209.230957,4210.128418,4202.05127,4208.974121,4213.333496,4218.974121,4180.256348,4175.128418,4199.230957,4218.589844,4212.692383,4216.666504,4229.487305
4209.743652,4208.717772999999,4210.384765999999,4202.307617,4208.077147999999,4206.153809,4211.666504,4193.846191,4182.820313,4203.461426,4220.0,4213.333496,4216.538574,4224.230957
4206.410156,4210.897461,4205.512695,4198.589844,4197.307617,4199.615234000001,4219.102539,4214.615234000001,4212.179688,4213.974121,4224.615234000001,4211.410156,4217.179688,4217.05127
4194.615234000001,4203.846191,4197.436035,4193.205078,4203.205078,4208.974121,4221.922852000001,4219.102539,4224.102539,4214.615234000001,4216.410156,4203.974121,4205.769043,4203.461426
4186.666504,4194.743652,4196.282227000001,4192.820313,4213.974121,4207.179688,4214.487305,4211.538574,4216.025879,4208.974121,4201.538574,4198.846191,4188.974121,4194.358886999999
4197.692383,4202.05127,4202.307617,4199.358886999999,4210.641113000001,4199.358886999999,4214.230957,4208.461426,4217.307617,4211.282227000001,4203.077147999999,4202.307617,4192.436035,4200.897461
4215.256348,4215.641113000001,4211.538574,4207.94873,4206.666504,4204.487305,4213.717772999999,4213.333496,4228.461426,4216.794922,4215.0,4211.025879,4210.641113000001,4213.717772999999
4216.794922,4217.436035,4214.358886999999,4210.256348,4209.358886999999,4200.897461,4194.871582,4190.641113000001,4213.205078,4204.230957,4211.282227000001,4213.974121,4210.769043,4211.666504
4215.128418,4222.820313,4217.307617,4214.358886999999,4218.077147999999,4190.256348,4176.794922,4162.820313,4191.538574,4192.179688,4209.102539,4216.666504,4207.563965,4210.641113000001
4216.794922,4226.794922,4222.307617,4216.538574,4225.512695,4197.05127,4173.333496,4168.846191,4195.128418,4195.641113000001,4215.0,4219.487305,4213.589844,4217.179688
4213.589844,4215.769043,4219.230957,4208.205078,4221.666504,4201.666504,4180.256348,4169.615234000001,4194.487305,4194.358886999999,4213.846191,4217.94873,4213.846191,4216.153809
4212.307617,4210.512695,4213.974121,4202.179688,4209.102539,4193.077147999999,4197.05127,4156.025879,4188.077147999999,4196.410156,4215.641113000001,4221.538574,4218.589844,4218.717772999999
4216.666504,4218.974121,4213.717772999999,4204.743652,4205.769043,4197.179688,4215.0,4169.871582,4202.05127,4211.282227000001,4224.230957,4223.077147999999,4228.974121,4224.743652
4212.307617,4221.025879,4210.897461,4205.897461,4212.563965,4210.128418,4215.0,4194.743652,4211.282227000001,4212.563965,4223.077147999999,4215.512695,4223.846191,4215.384765999999
4202.820313,4212.436035,4203.461426,4201.794922,4211.666504,4210.256348,4204.102539,4191.794922,4196.282227000001,4195.256348,4212.563965,4212.94873,4208.589844,4200.769043
4197.436035,4207.307617,4198.461426,4197.692383,4205.769043,4201.538574,4213.333496,4186.153809,4189.358886999999,4189.102539,4205.0,4211.922852000001,4203.589844,4196.025879
4190.769043,4205.769043,4194.871582,4196.153809,4204.871582,4199.358886999999,4226.153809,4196.282227000001,4200.769043,4196.922852000001,4204.102539,4200.769043,4206.922852000001,4191.025879
4189.487305,4205.897461,4197.692383,4200.512695,4206.794922,4205.384765999999,4212.94873,4205.0,4213.077147999999,4202.94873,4207.94873,4195.384765999999,4204.615234000001,4187.820313
4196.282227000001,4206.794922,4205.256348,4204.871582,4210.256348,4211.538574,4203.974121,4214.615234000001,4221.794922,4205.769043,4207.436035,4198.717772999999,4199.358886999999,4191.538574
4197.436035,4205.128418,4205.384765999999,4202.179688,4211.922852000001,4209.871582,4212.94873,4212.436035,4217.692383,4202.820313,4200.0,4196.666504,4199.487305,4190.512695
4201.666504,4209.102539,4206.410156,4206.794922,4215.512695,4212.692383,4208.333496,4209.871582,4215.0,4206.922852000001,4207.05127,4199.871582,4209.615234000001,4193.205078
4219.487305,4226.794922,4219.230957,4223.077147999999,4228.333496,4221.922852000001,4197.692383,4226.538574,4234.358886999999,4230.512695,4232.05127,4219.230957,4230.384765999999,4211.153809
4228.205078,4240.512695,4225.641113000001,4229.102539,4233.846191,4212.307617,4198.077147999999,4222.436035,4241.025879,4240.641113000001,4245.256348,4230.897461,4244.743652,4223.974121
4223.333496,4240.128418,4217.94873,4224.743652,4230.769043,4198.333496,4188.589844,4183.974121,4216.922852000001,4225.769043,4241.282227000001,4223.205078,4243.717772999999,4221.153809
4223.974121,4236.666504,4216.922852000001,4223.846191,4230.897461,4200.769043,4181.282227000001,4172.05127,4202.94873,4218.974121,4239.615234000001,4216.922852000001,4241.410156,4218.846191
4225.897461,4235.256348,4221.922852000001,4220.0,4226.153809,4205.0,4197.820313,4188.717772999999,4203.077147999999,4219.615234000001,4236.410156,4215.0,4240.256348,4215.0
4218.717772999999,4228.461426,4215.0,4211.153809,4219.487305,4206.538574,4207.820313,4179.871582,4191.025879,4205.128418,4223.589844,4208.589844,4228.974121,4204.358886999999
4206.538574,4214.230957,4201.282227000001,4202.307617,4217.563965,4205.384765999999,4202.179688,4162.692383,4177.05127,4187.820313,4208.589844,4200.769043,4210.769043,4194.743652
4195.897461,4205.0,4194.743652,4195.384765999999,4217.692383,4200.897461,4200.512695,4161.794922,4175.128418,4184.230957,4200.0,4193.589844,4200.0,4185.769043
4186.410156,4204.871582,4192.692383,4196.025879,4214.871582,4200.641113000001,4202.692383,4169.615234000001,4183.589844,4188.717772999999,4196.282227000001,4185.384765999999,4193.205078,4176.025879
4178.589844,4201.666504,4185.897461,4197.563965,4208.461426,4206.922852000001,4205.384765999999,4183.205078,4193.077147999999,4187.94873,4189.615234000001,4177.820313,4183.333496,4165.641113000001
4174.358886999999,4195.0,4182.179688,4191.666504,4200.0,4208.589844,4210.128418,4187.692383,4195.256348,4186.282227000001,4182.820313,4174.871582,4177.179688,4161.025879
4176.282227000001,4195.641113000001,4187.179688,4184.615234000001,4197.05127,4201.153809,4211.410156,4191.794922,4202.94873,4196.025879,4187.307617,4180.641113000001,4181.282227000001,4168.974121
4180.641113000001,4201.025879,4190.512695,4186.282227000001,4202.563965,4195.0,4211.025879,4212.436035,4220.384765999999,4207.820313,4195.641113000001,4192.692383,4188.974121,4178.846191
4181.282227000001,4202.692383,4190.0,4191.410156,4207.820313,4197.94873,4210.0,4220.897461,4223.846191,4208.846191,4199.230957,4197.05127,4192.692383,4177.94873
4184.487305,4204.615234000001,4193.717772999999,4195.769043,4209.358886999999,4203.205078,4203.333496,4210.512695,4215.128418,4210.256348,4209.102539,4198.589844,4200.641113000001,4181.538574
4192.820313,4210.512695,4200.769043,4201.025879,4211.794922,4206.025879,4202.692383,4210.512695,4213.974121,4216.410156,4221.538574,4206.410156,4213.717772999999,4196.025879
4198.333496,4215.256348,4204.743652,4204.743652,4217.436035,4209.487305,4208.589844,4213.205078,4212.94873,4212.692383,4221.025879,4208.333496,4217.436035,4203.589844
4201.153809,4217.307617,4208.717772999999,4206.922852000001,4217.436035,4206.025879,4212.05127,4206.025879,4206.794922,4206.410156,4218.717772999999,4208.205078,4216.025879,4203.461426
4205.0,4219.487305,4213.589844,4208.717772999999,4212.692383,4191.922852000001,4211.666504,4194.615234000001,4198.205078,4209.487305,4222.436035,4214.102539,4220.0,4204.102539
4198.717772999999,4215.256348,4207.692383,4204.358886999999,4208.333496,4190.128418,4213.974121,4176.410156,4180.256348,4199.102539,4215.512695,4213.077147999999,4216.153809,4198.589844
4182.820313,4205.769043,4194.871582,4195.897461,4206.794922,4205.641113000001,4226.153809,4168.846191,4165.769043,4175.641113000001,4197.692383,4200.0,4200.641113000001,4185.512695
4177.179688,4202.692383,4190.0,4192.436035,4208.205078,4208.077147999999,4224.358886999999,4179.487305,4174.743652,4172.436035,4190.384765999999,4195.641113000001,4194.487305,4174.615234000001
4180.0,4203.077147999999,4190.641113000001,4194.871582,4207.307617,4195.384765999999,4206.666504,4200.897461,4197.05127,4189.615234000001,4193.846191,4197.05127,4195.769043,4170.769043
4176.410156,4198.205078,4185.128418,4192.05127,4203.461426,4192.820313,4203.461426,4227.820313,4212.307617,4200.0,4193.974121,4191.282227000001,4193.461426,4167.563965
4169.358886999999,4190.641113000001,4179.871582,4182.563965,4200.128418,4197.307617,4211.153809,4225.641113000001,4209.743652,4198.205078,4191.025879,4190.897461,4194.871582,4164.102539
4172.307617,4191.794922,4187.307617,4183.974121,4203.589844,4195.256348,4211.025879,4204.871582,4208.333496,4201.666504,4194.743652,4201.410156,4204.871582,4170.0
4181.538574,4199.487305,4197.05127,4195.384765999999,4208.717772999999,4190.512695,4205.641113000001,4215.256348,4223.846191,4213.333496,4204.358886999999,4208.846191,4211.538574,4180.384765999999
4183.461426,4202.307617,4198.077147999999,4195.256348,4204.230957,4189.743652,4206.538574,4223.077147999999,4224.102539,4217.563965,4210.0,4211.410156,4213.205078,4185.641113000001
4186.666504,4207.692383,4203.077147999999,4194.102539,4206.153809,4194.102539,4208.333496,4210.512695,4210.769043,4216.282227000001,4216.410156,4218.205078,4221.666504,4194.615234000001
4197.563965,4218.461426,4213.461426,4202.05127,4219.743652,4194.871582,4207.563965,4217.179688,4215.128418,4219.230957,4223.717772999999,4222.94873,4229.102539,4206.922852000001
4202.94873,4219.230957,4213.717772999999,4207.563965,4222.563965,4191.794922,4208.589844,4210.128418,4212.692383,4219.102539,4223.717772999999,4221.153809,4229.743652,4209.358886999999
4198.077147999999,4212.05127,4208.205078,4206.666504,4208.205078,4191.922852000001,4208.205078,4172.563965,4189.487305,4212.692383,4219.871582,4217.05127,4226.153809,4203.717772999999
4190.641113000001,4203.846191,4201.794922,4195.512695,4196.153809,4187.94873,4206.538574,4165.384765999999,4173.077147999999,4197.820313,4208.846191,4207.307617,4210.512695,4194.102539
4179.871582,4193.461426,4190.769043,4179.230957,4196.538574,4181.922852000001,4211.025879,4172.94873,4163.461426,4178.846191,4189.487305,4194.487305,4192.94873,4178.717772999999
4175.256348,4189.230957,4186.153809,4179.230957,4201.794922,4186.410156,4212.05127,4169.358886999999,4162.692383,4177.820313,4182.307617,4190.769043,4193.205078,4175.0
4178.717772999999,4189.871582,4192.94873,4184.743652,4204.615234000001,4194.102539,4199.743652,4186.153809,4183.717772999999,4192.563965,4191.282227000001,4194.615234000001,4200.769043,4180.512695
4176.153809,4181.922852000001,4195.641113000001,4176.922852000001,4199.358886999999,4191.538574,4202.05127,4206.538574,4196.025879,4194.230957,4187.179688,4189.743652,4194.615234000001,4173.846191
4173.077147999999,4182.563965,4191.025879,4177.179688,4193.717772999999,4186.922852000001,4215.256348,4204.358886999999,4191.666504,4187.94873,4172.563965,4182.692383,4188.846191,4165.512695
4178.461426,4202.179688,4192.692383,4192.563965,4199.487305,4190.641113000001,4206.153809,4201.025879,4199.743652,4195.128418,4174.487305,4185.641113000001,4195.769043,4170.128418
4184.871582,4208.077147999999,4197.307617,4196.282227000001,4203.077147999999,4190.128418,4193.974121,4203.077147999999,4206.794922,4200.769043,4179.871582,4191.538574,4197.563965,4176.025879
4193.846191,4203.461426,4204.487305,4195.641113000001,4202.692383,4187.692383,4201.794922,4210.512695,4205.512695,4206.922852000001,4184.102539,4197.94873,4197.820313,4187.436035
4206.666504,4213.461426,4217.563965,4208.077147999999,4210.384765999999,4189.358886999999,4207.563965,4221.153809,4213.205078,4222.820313,4197.307617,4209.871582,4212.563965,4205.897461
4211.410156,4217.05127,4220.256348,4214.871582,4210.384765999999,4187.05127,4203.717772999999,4209.743652,4210.256348,4221.794922,4201.794922,4212.820313,4224.230957,4210.769043
4210.256348,4207.05127,4211.282227000001,4206.666504,4199.615234000001,4185.384765999999,4209.230957,4197.436035,4195.384765999999,4207.05127,4195.256348,4204.487305,4219.102539,4208.205078
4207.94873,4203.461426,4207.307617,4199.743652,4200.897461,4186.153809,4210.769043,4207.563965,4191.666504,4205.128418,4196.025879,4205.769043,4213.974121,4212.05127
4203.717772999999,4204.487305,4206.025879,4197.94873,4205.512695,4185.769043,4199.102539,4194.358886999999,4187.05127,4203.846191,4198.205078,4208.205078,4212.94873,4208.717772999999
4203.461426,4197.179688,4200.0,4195.256348,4199.230957,4187.05127,4190.128418,4158.717772999999,4174.487305,4190.897461,4193.974121,4194.102539,4206.025879,4199.615234000001
4196.922852000001,4185.641113000001,4193.333496,4189.230957,4193.461426,4185.897461,4185.256348,4149.358886999999,4163.846191,4177.94873,4186.666504,4179.743652,4191.794922,4191.153809
4183.846191,4179.102539,4189.487305,4181.538574,4189.358886999999,4182.05127,4192.05127,4170.769043,4163.333496,4174.615234000001,4180.256348,4182.179688,4183.333496,4183.974121
4180.384765999999,4176.282227000001,4189.230957,4177.05127,4180.384765999999,4185.897461,4209.230957,4197.307617,4177.563965,4181.153809,4180.128418,4186.025879,4182.820313,4183.974121
4186.538574,4176.794922,4192.563965,4178.461426,4178.846191,4189.871582,4208.846191,4213.205078,4198.589844,4191.666504,4184.615234000001,4183.589844,4180.256348,4185.128418
4193.077147999999,4187.05127,4198.205078,4187.563965,4188.846191,4184.743652,4196.922852000001,4214.487305,4209.615234000001,4200.512695,4190.512695,4185.512695,4181.538574,4186.666504
4196.922852000001,4196.025879,4200.256348,4194.102539,4194.230957,4184.358886999999,4201.410156,4205.769043,4206.922852000001,4203.461426,4195.384765999999,4190.256348,4188.589844,4192.820313
4200.512695,4199.615234000001,4202.307617,4194.743652,4194.743652,4189.230957,4206.666504,4202.563965,4209.487305,4210.256348,4202.436035,4197.436035,4199.615234000001,4200.128418
4207.307617,4207.820313,4207.05127,4198.974121,4194.743652,4187.692383,4199.871582,4204.102539,4215.641113000001,4220.256348,4213.974121,4205.384765999999,4215.128418,4208.333496
4211.794922,4211.666504,4204.871582,4202.820313,4197.820313,4186.922852000001,4190.128418,4193.717772999999,4205.512695,4217.179688,4218.333496,4205.384765999999,4221.153809,4212.94873
4209.358886999999,4206.794922,4200.0,4199.743652,4201.666504,4189.102539,4186.282227000001,4193.333496,4199.102539,4212.05127,4216.282227000001,4202.179688,4218.461426,4212.563965
4207.05127,4203.974121,4199.871582,4193.717772999999,4195.0,4184.615234000001,4190.641113000001,4211.410156,4208.846191,4219.102539,4219.487305,4202.94873,4222.820313,4215.128418
4202.94873,4200.769043,4197.179688,4189.230957,4188.974121,4177.692383,4189.230957,4201.794922,4204.615234000001,4219.871582,4222.05127,4200.384765999999,4225.897461,4219.102539
4189.102539,4186.922852000001,4185.897461,4182.436035,4190.256348,4176.282227000001,4185.128418,4171.794922,4182.820313,4201.538574,4209.102539,4191.153809,4210.641113000001,4205.769043
4181.282227000001,4174.615234000001,4181.282227000001,4174.615234000001,4185.641113000001,4176.538574,4196.538574,4173.717772999999,4172.820313,4185.256348,4193.974121,4184.487305,4196.538574,4187.692383
4191.794922,4181.282227000001,4192.179688,4176.025879,4179.615234000001,4178.974121,4209.871582,4190.256348,4176.922852000001,4187.692383,4197.179688,4189.615234000001,4202.05127,4191.282227000001
4195.769043,4191.025879,4197.436035,4180.0,4182.94873,4182.436035,4200.128418,4178.974121,4176.410156,4193.717772999999,4203.589844,4193.077147999999,4204.615234000001,4196.794922
4186.282227000001,4189.358886999999,4191.538574,4178.589844,4185.256348,4177.436035,4185.769043,4165.641113000001,4171.410156,4188.589844,4197.179688,4185.128418,4194.871582,4188.589844
4187.307617,4191.410156,4193.846191,4183.717772999999,4186.410156,4174.615234000001,4193.333496,4178.589844,4175.384765999999,4189.871582,4196.922852000001,4184.230957,4197.179688,4188.589844
4196.153809,4196.794922,4201.666504,4191.922852000001,4191.922852000001,4183.589844,4202.05127,4198.333496,4189.102539,4202.820313,4207.563965,4196.538574,4206.794922,4197.307617
4201.794922,4199.358886999999,4203.461426,4193.717772999999,4198.974121,4189.230957,4196.153809,4207.563965,4203.717772999999,4210.128418,4213.589844,4204.358886999999,4207.436035,4201.922852000001
4210.384765999999,4208.589844,4207.436035,4198.717772999999,4210.256348,4188.717772999999,4187.692383,4194.743652,4206.282227000001,4211.025879,4217.563965,4205.0,4214.230957,4209.487305
4215.384765999999,4216.922852000001,4214.743652,4205.897461,4215.128418,4193.205078,4181.538574,4180.512695,4204.743652,4214.487305,4224.358886999999,4209.871582,4226.153809,4219.102539
4215.512695,4213.717772999999,4217.820313,4206.025879,4207.05127,4198.589844,4180.384765999999,4196.153809,4212.05127,4219.615234000001,4225.128418,4214.871582,4225.769043,4218.589844
4216.794922,4210.0,4213.974121,4201.025879,4200.641113000001,4190.897461,4186.538574,4210.256348,4213.205078,4218.205078,4218.974121,4213.589844,4219.615234000001,4214.102539
4208.974121,4206.666504,4204.102539,4193.974121,4198.974121,4187.563965,4193.205078,4188.717772999999,4199.358886999999,4210.256348,4214.358886999999,4208.077147999999,4216.153809,4211.410156
4189.615234000001,4195.897461,4193.077147999999,4186.282227000001,4193.461426,4200.384765999999,4193.461426,4170.0,4188.077147999999,4200.769043,4207.692383,4199.358886999999,4206.538574,4199.871582
4177.307617,4184.487305,4185.897461,4182.563965,4187.05127,4198.461426,4202.692383,4201.025879,4195.897461,4193.077147999999,4191.282227000001,4190.641113000001,4190.384765999999,4181.282227000001
4175.384765999999,4181.282227000001,4181.922852000001,4180.641113000001,4185.256348,4183.717772999999,4219.871582,4228.461426,4205.128418,4186.794922,4177.436035,4183.717772999999,4178.717772999999,4170.512695
4173.333496,4185.0,4180.769043,4178.717772999999,4182.692383,4184.615234000001,4215.128418,4200.897461,4194.102539,4184.871582,4179.358886999999,4183.333496,4182.05127,4171.794922
4171.794922,4187.436035,4181.025879,4180.0,4181.794922,4189.230957,4202.94873,4169.487305,4176.794922,4186.794922,4185.0,4187.436035,4192.436035,4176.282227000001
4170.256348,4181.794922,4179.358886999999,4178.589844,4186.282227000001,4187.307617,4208.461426,4164.358886999999,4169.102539,4180.512695,4181.666504,4187.563965,4188.846191,4173.333496
4171.282227000001,4181.538574,4181.153809,4177.563965,4188.974121,4191.922852000001,4202.692383,4163.846191,4171.410156,4178.974121,4182.820313,4192.692383,4186.153809,4175.256348
4188.461426,4199.743652,4197.692383,4191.410156,4195.384765999999,4195.512695,4190.769043,4190.641113000001,4194.230957,4205.256348,4205.0,4211.410156,4209.743652,4196.153809
4205.384765999999,4210.512695,4214.102539,4203.077147999999,4202.563965,4188.077147999999,4204.102539,4232.692383,4225.0,4228.077147999999,4226.153809,4223.589844,4228.846191,4214.871582
4200.897461,4203.461426,4210.897461,4197.307617,4202.307617,4192.179688,4205.256348,4219.743652,4216.410156,4214.487305,4221.538574,4215.128418,4220.128418,4212.179688
4195.0,4206.538574,4208.974121,4197.307617,4203.717772999999,4204.871582,4182.820313,4185.0,4195.0,4204.230957,4215.0,4209.230957,4219.230957,4208.461426
4202.436035,4212.05127,4216.153809,4203.589844,4206.025879,4203.717772999999,4187.820313,4205.0,4210.384765999999,4217.05127,4219.487305,4213.974121,4228.846191,4211.538574
4203.077147999999,4203.333496,4212.307617,4199.358886999999,4204.871582,4201.282227000001,4212.563965,4234.487305,4222.307617,4215.384765999999,4215.128418,4210.641113000001,4220.128418,4204.615234000001
4186.922852000001,4191.922852000001,4197.692383,4187.563965,4201.922852000001,4203.846191,4211.794922,4215.641113000001,4201.282227000001,4195.641113000001,4198.846191,4197.05127,4201.025879,4190.512695
4172.94873,4182.563965,4186.410156,4176.282227000001,4193.077147999999,4197.94873,4199.358886999999,4189.743652,4182.563965,4185.641113000001,4189.487305,4188.077147999999,4189.230957,4178.589844
4171.153809,4174.230957,4181.794922,4168.974121,4181.794922,4193.846191,4206.538574,4192.563965,4181.922852000001,4181.922852000001,4187.94873,4187.179688,4184.871582,4170.0
4168.077147999999,4171.794922,4179.487305,4166.282227000001,4177.436035,4195.641113000001,4214.102539,4188.205078,4175.769043,4166.282227000001,4180.769043,4185.512695,4178.461426,4167.820313
4165.0,4172.307617,4178.717772999999,4167.307617,4181.025879,4190.897461,4204.102539,4162.436035,4160.769043,4152.563965,4172.179688,4182.820313,4172.05127,4170.897461
4172.179688,4175.769043,4181.538574,4170.0,4188.717772999999,4185.128418,4186.410156,4152.563965,4156.153809,4161.410156,4176.922852000001,4185.641113000001,4178.589844,4175.897461
4185.897461,4189.102539,4192.563965,4177.820313,4196.410156,4191.538574,4181.922852000001,4164.615234000001,4163.846191,4178.333496,4191.153809,4194.358886999999,4191.153809,4183.846191
4196.410156,4201.794922,4204.230957,4188.846191,4199.871582,4197.436035,4192.05127,4179.358886999999,4178.974121,4187.692383,4201.025879,4203.846191,4197.05127,4193.333496
4200.512695,4202.436035,4207.820313,4192.563965,4199.743652,4183.461426,4194.871582,4193.717772999999,4191.538574,4195.0,4206.666504,4207.94873,4206.410156,4198.717772999999
4202.436035,4205.512695,4214.358886999999,4192.820313,4199.871582,4174.358886999999,4188.974121,4195.256348,4198.717772999999,4205.0,4215.128418,4209.871582,4224.871582,4203.205078
4200.512695,4212.436035,4220.769043,4193.461426,4203.205078,4187.563965,4186.538574,4202.94873,4211.538574,4211.922852000001,4220.769043,4211.538574,4232.436035,4205.512695
4187.692383,4203.333496,4210.769043,4186.794922,4200.0,4186.922852000001,4187.820313,4223.846191,4221.025879,4210.897461,4212.307617,4205.897461,4220.512695,4196.153809
4174.358886999999,4186.666504,4198.846191,4177.94873,4191.794922,4171.153809,4191.922852000001,4220.897461,4216.282227000001,4205.641113000001,4202.179688,4195.256348,4211.153809,4186.666504
4171.410156,4180.641113000001,4198.717772999999,4174.743652,4190.897461,4175.641113000001,4193.717772999999,4201.922852000001,4206.666504,4198.974121,4202.05127,4191.025879,4213.333496,4185.384765999999
4169.615234000001,4174.743652,4197.307617,4171.282227000001,4189.102539,4187.820313,4188.205078,4199.871582,4199.358886999999,4192.692383,4198.589844,4190.769043,4207.179688,4177.179688
4161.538574,4163.846191,4188.077147999999,4162.820313,4177.820313,4186.666504,4193.077147999999,4213.717772999999,4194.487305,4188.205078,4187.563965,4184.487305,4191.153809,4163.461426
4149.358886999999,4154.743652,4174.743652,4150.897461,4168.205078,4186.025879,4212.307617,4200.0,4172.692383,4170.128418,4171.282227000001,4171.794922,4182.692383,4152.94873
4139.102539,4150.256348,4164.102539,4144.615234000001,4172.563965,4189.358886999999,4204.743652,4158.974121,4144.358886999999,4144.615234000001,4156.153809,4163.974121,4180.897461,4144.358886999999
4144.102539,4156.025879,4166.922852000001,4150.128418,4182.820313,4193.589844,4178.077147999999,4160.128418,4154.615234000001,4145.769043,4158.077147999999,4164.743652,4181.666504,4145.128418
4161.282227000001,4172.563965,4179.615234000001,4164.102539,4190.0,4197.563965,4180.897461,4185.384765999999,4182.307617,4170.641113000001,4174.230957,4170.0,4196.153809,4156.794922
4171.025879,4188.717772999999,4189.487305,4177.563965,4200.769043,4195.256348,4192.436035,4160.384765999999,4176.025879,4183.205078,4183.077147999999,4177.05127,4213.205078,4164.743652
4171.282227000001,4195.769043,4193.333496,4181.538574,4207.563965,4189.358886999999,4175.512695,4130.897461,4163.077147999999,4180.0,4184.358886999999,4183.461426,4212.436035,4166.025879
4176.666504,4198.205078,4200.128418,4182.563965,4204.102539,4190.256348,4165.0,4171.666504,4180.0,4185.769043,4192.820313,4190.512695,4208.846191,4173.974121
4187.692383,4200.897461,4209.487305,4188.717772999999,4204.871582,4186.538574,4173.205078,4214.871582,4198.846191,4200.128418,4199.230957,4198.846191,4214.487305,4187.307617
4193.461426,4204.487305,4217.436035,4193.589844,4206.538574,4170.641113000001,4177.563965,4213.461426,4205.769043,4205.769043,4203.077147999999,4204.743652,4225.897461,4195.384765999999
4193.461426,4208.461426,4222.179688,4196.025879,4195.384765999999,4165.128418,4189.487305,4213.333496,4213.333496,4208.717772999999,4214.102539,4209.230957,4243.846191,4197.05127
4192.436035,4206.025879,4221.282227000001,4197.94873,4184.743652,4168.077147999999,4198.974121,4220.641113000001,4214.871582,4217.307617,4218.589844,4212.692383,4246.282227000001,4195.512695
4192.05127,4199.230957,4218.846191,4196.410156,4191.410156,4168.717772999999,4183.205078,4227.05127,4217.820313,4222.820313,4212.436035,4212.436035,4228.846191,4195.512695
4181.153809,4188.333496,4208.461426,4182.94873,4195.512695,4171.794922,4176.282227000001,4216.922852000001,4208.974121,4207.563965,4201.282227000001,4198.589844,4211.794922,4186.538574
4159.102539,4173.461426,4189.487305,4164.871582,4186.282227000001,4176.794922,4196.282227000001,4190.769043,4184.230957,4184.358886999999,4185.512695,4179.487305,4203.461426,4167.436035
4152.563965,4170.641113000001,4181.153809,4163.717772999999,4186.153809,4185.512695,4206.538574,4181.282227000001,4181.025879,4183.461426,4179.102539,4175.256348,4208.461426,4161.922852000001
4158.077147999999,4174.743652,4183.974121,4170.256348,4192.307617,4193.205078,4200.512695,4183.589844,4188.846191,4189.102539,4182.436035,4178.974121,4211.153809,4165.128418
4155.128418,4171.153809,4182.307617,4167.692383,4191.794922,4194.487305,4196.410156,4176.153809,4175.128418,4176.025879,4173.846191,4173.077147999999,4196.794922,4155.256348
4156.025879,4176.153809,4185.128418,4171.025879,4197.307617,4196.282227000001,4191.538574,4168.717772999999,4164.487305,4167.692383,4165.769043,4171.538574,4191.025879,4150.641113000001
4169.358886999999,4194.102539,4198.846191,4184.615234000001,4211.922852000001,4199.230957,4181.410156,4176.666504,4181.153809,4183.846191,4179.487305,4185.897461,4207.94873,4166.538574
4175.512695,4198.717772999999,4204.615234000001,4189.102539,4216.153809,4196.666504,4185.256348,4193.717772999999,4197.94873,4198.077147999999,4190.384765999999,4194.871582,4215.769043,4176.794922
4174.358886999999,4191.666504,4201.666504,4186.410156,4211.410156,4194.615234000001,4199.871582,4204.871582,4197.692383,4197.05127,4185.256348,4194.358886999999,4210.0,4174.743652
4180.256348,4195.769043,4204.358886999999,4191.153809,4213.717772999999,4192.179688,4194.615234000001,4204.102539,4200.769043,4203.205078,4187.307617,4196.410156,4217.307617,4180.0
4183.846191,4200.512695,4207.436035,4193.333496,4215.0,4178.974121,4184.358886999999,4216.794922,4214.615234000001,4212.307617,4191.282227000001,4196.025879,4222.820313,4186.666504
4180.897461,4194.871582,4204.102539,4188.589844,4210.384765999999,4170.128418,4191.282227000001,4243.205078,4222.692383,4210.128418,4182.436035,4191.538574,4213.717772999999,4185.128418
4180.128418,4193.333496,4200.769043,4188.717772999999,4209.358886999999,4179.615234000001,4191.538574,4234.743652,4214.487305,4209.358886999999,4177.94873,4188.974121,4213.333496,4184.615234000001
4177.05127,4191.025879,4194.230957,4184.102539,4205.384765999999,4189.358886999999,4180.0,4203.333496,4204.358886999999,4210.0,4180.384765999999,4182.692383,4216.153809,4182.94873
4171.025879,4181.282227000001,4184.102539,4172.563965,4199.230957,4184.487305,4184.358886999999,4198.589844,4205.641113000001,4199.358886999999,4173.205078,4172.820313,4206.025879,4176.922852000001
4172.94873,4178.974121,4184.615234000001,4171.794922,4200.256348,4183.974121,4199.230957,4199.871582,4201.794922,4191.410156,4165.256348,4168.461426,4201.794922,4174.487305
4171.922852000001,4175.769043,4186.794922,4172.692383,4194.487305,4196.282227000001,4197.563965,4171.538574,4175.897461,4183.589844,4158.974121,4163.974121,4198.717772999999,4169.230957
4163.461426,4163.974121,4178.461426,4163.846191,4184.358886999999,4200.0,4195.256348,4150.256348,4152.692383,4162.05127,4148.461426,4157.307617,4179.743652,4160.769043
4171.025879,4166.794922,4182.563965,4169.743652,4190.512695,4192.05127,4199.871582,4166.538574,4162.436035,4154.358886999999,4155.256348,4163.333496,4173.461426,4170.128418
4192.05127,4183.717772999999,4201.666504,4187.436035,4196.538574,4188.846191,4199.230957,4187.94873,4181.538574,4172.563965,4177.05127,4178.077147999999,4188.077147999999,4191.666504
4199.615234000001,4189.743652,4208.333496,4188.974121,4189.102539,4189.615234000001,4195.384765999999,4191.794922,4182.563965,4182.436035,4185.512695,4184.487305,4193.333496,4201.538574
4201.922852000001,4189.871582,4207.94873,4188.205078,4186.794922,4184.230957,4182.820313,4185.641113000001,4183.974121,4182.692383,4189.487305,4191.410156,4191.282227000001,4203.974121
4210.897461,4194.102539,4215.256348,4196.794922,4191.282227000001,4180.0,4178.846191,4195.128418,4199.743652,4196.922852000001,4202.94873,4200.256348,4204.358886999999,4210.128418
4210.641113000001,4195.128418,4218.077147999999,4199.743652,4190.897461,4184.615234000001,4188.205078,4219.230957,4210.0,4210.256348,4209.358886999999,4197.820313,4223.077147999999,4214.102539
4209.102539,4194.743652,4218.461426,4198.077147999999,4190.128418,4179.102539,4180.641113000001,4220.897461,4208.974121,4209.102539,4211.153809,4196.025879,4233.974121,4216.410156
4218.717772999999,4200.897461,4227.436035,4201.538574,4190.512695,4167.179688,4165.0,4202.436035,4213.461426,4211.410156,4219.871582,4206.025879,4243.077147999999,4223.717772999999
4221.282227000001,4199.871582,4230.384765999999,4201.410156,4185.0,4172.436035,4168.846191,4201.922852000001,4217.307617,4213.333496,4220.256348,4211.538574,4244.102539,4226.282227000001
4209.487305,4186.410156,4220.769043,4191.794922,4179.871582,4182.94873,4186.666504,4205.641113000001,4201.794922,4196.922852000001,4207.820313,4202.563965,4228.846191,4217.820313
4202.179688,4178.333496,4214.102539,4185.256348,4182.820313,4179.871582,4192.820313,4184.102539,4179.102539,4179.615234000001,4198.333496,4194.230957,4214.230957,4209.871582
4207.436035,4180.897461,4215.256348,4186.538574,4182.05127,4175.512695,4184.230957,4167.307617,4173.205078,4177.179688,4196.538574,4193.717772999999,4212.94873,4210.128418
4210.0,4184.487305,4214.230957,4189.358886999999,4173.205078,4182.179688,4184.358886999999,4174.743652,4179.487305,4175.897461,4196.153809,4193.077147999999,4211.025879,4210.641113000001
4202.563965,4181.538574,4205.256348,4184.487305,4172.05127,4192.563965,4185.641113000001,4166.025879,4174.358886999999,4168.461426,4188.333496,4185.256348,4196.538574,4201.794922
4198.205078,4178.589844,4197.563965,4180.384765999999,4179.871582,4192.563965,4171.282227000001,4149.871582,4168.077147999999,4164.871582,4180.641113000001,4180.512695,4190.256348,4194.871582
4205.769043,4186.410156,4205.512695,4188.333496,4179.358886999999,4177.179688,4168.589844,4169.102539,4178.333496,4172.307617,4190.641113000001,4188.077147999999,4204.358886999999,4201.410156
4211.153809,4195.0,4215.384765999999,4193.974121,4173.589844,4169.358886999999,4181.282227000001,4193.077147999999,4180.641113000001,4175.384765999999,4201.538574,4198.077147999999,4213.205078,4211.794922
4215.128418,4196.025879,4220.384765999999,4195.769043,4180.641113000001,4182.05127,4176.666504,4207.436035,4182.820313,4179.743652,4203.077147999999,4206.922852000001,4211.666504,4219.358886999999
4230.384765999999,4207.307617,4233.589844,4208.077147999999,4187.820313,4186.025879,4160.641113000001,4228.717772999999,4205.897461,4199.487305,4219.743652,4217.94873,4226.282227000001,4230.0
4242.563965,4223.205078,4245.128418,4218.846191,4179.871582,4169.487305,4158.589844,4220.256348,4210.512695,4211.153809,4238.077147999999,4223.333496,4247.179688,4237.05127
4236.410156,4212.436035,4238.205078,4210.641113000001,4171.282227000001,4161.794922,4170.641113000001,4194.358886999999,4191.282227000001,4206.282227000001,4233.846191,4221.282227000001,4247.436035,4236.538574
4219.615234000001,4192.05127,4221.538574,4196.666504,4169.743652,4168.974121,4182.307617,4194.615234000001,4184.871582,4201.025879,4224.102539,4217.436035,4234.358886999999,4233.077147999999
4211.410156,4191.153809,4215.256348,4193.717772999999,4171.794922,4173.461426,4184.102539,4194.102539,4183.717772999999,4193.846191,4218.974121,4210.256348,4227.307617,4227.179688
4213.333496,4192.179688,4216.025879,4195.769043,4177.179688,4175.769043,4185.769043,4173.461426,4173.205078,4182.307617,4210.897461,4202.436035,4220.128418,4221.153809
4208.461426,4185.641113000001,4207.179688,4191.410156,4183.077147999999,4180.769043,4185.384765999999,4159.102539,4168.974121,4176.538574,4202.436035,4196.025879,4205.256348,4213.846191
4201.410156,4190.384765999999,4200.769043,4189.615234000001,4189.487305,4187.179688,4177.436035,4157.94873,4177.436035,4182.307617,4202.436035,4190.769043,4193.846191,4207.05127
4205.384765999999,4196.922852000001,4205.512695,4200.0,4191.794922,4192.820313,4185.384765999999,4166.538574,4187.307617,4189.615234000001,4201.666504,4189.230957,4183.205078,4202.179688
4214.102539,4199.230957,4205.641113000001,4207.692383,4192.179688,4197.820313,4194.230957,4181.410156,4194.487305,4190.897461,4196.025879,4186.666504,4173.717772999999,4196.794922
4211.922852000001,4204.743652,4196.666504,4203.077147999999,4195.512695,4198.974121,4183.846191,4184.358886999999,4190.897461,4184.230957,4189.743652,4179.871582,4176.666504,4191.922852000001
4205.0,4202.563965,4195.641113000001,4196.666504,4193.205078,4191.922852000001,4179.487305,4185.0,4185.128418,4181.922852000001,4188.077147999999,4178.846191,4185.512695,4192.820313
4213.846191,4202.820313,4206.153809,4202.05127,4188.333496,4184.743652,4172.820313,4194.358886999999,4193.205078,4193.077147999999,4197.563965,4189.871582,4192.05127,4203.717772999999
4229.487305,4214.102539,4214.358886999999,4211.282227000001,4189.743652,4181.538574,4155.512695,4199.230957,4202.820313,4201.922852000001,4207.563965,4198.205078,4200.0,4214.615234000001
4227.179688,4213.717772999999,4220.512695,4209.230957,4188.077147999999,4179.487305,4163.205078,4200.256348,4201.025879,4200.512695,4208.846191,4195.897461,4207.94873,4218.333496
4210.641113000001,4196.153809,4217.179688,4197.563965,4173.717772999999,4172.692383,4186.666504,4202.05127,4191.025879,4191.025879,4201.922852000001,4191.538574,4195.512695,4216.153809
4204.102539,4190.256348,4207.05127,4191.410156,4163.333496,4165.769043,4190.384765999999,4204.358886999999,4183.589844,4181.025879,4193.974121,4192.692383,4175.0,4212.563965
4212.436035,4201.025879,4212.692383,4201.025879,4173.333496,4178.077147999999,4189.615234000001,4198.205078,4182.307617,4182.05127,4197.307617,4199.871582,4179.615234000001,4216.410156
4210.769043,4200.641113000001,4216.025879,4206.538574,4186.410156,4194.230957,4188.974121,4166.282227000001,4176.025879,4179.358886999999,4197.05127,4195.384765999999,4186.410156,4214.487305
4201.794922,4195.256348,4200.512695,4201.538574,4185.641113000001,4191.025879,4174.358886999999,4141.666504,4171.538574,4169.615234000001,4187.05127,4182.05127,4173.461426,4199.871582
4202.94873,4203.205078,4195.0,4201.538574,4182.179688,4185.384765999999,4167.94873,4163.589844,4188.205078,4179.871582,4186.922852000001,4179.743652,4167.692383,4194.230957
4201.153809,4207.05127,4202.94873,4199.871582,4183.461426,4190.641113000001,4185.641113000001,4202.94873,4208.974121,4199.743652,4197.05127,4183.589844,4175.897461,4201.282227000001
4188.846191,4198.333496,4200.512695,4194.743652,4187.563965,4201.538574,4198.974121,4222.94873,4213.077147999999,4201.666504,4199.230957,4183.077147999999,4174.743652,4201.794922
4183.717772999999,4194.358886999999,4195.641113000001,4192.05127,4194.743652,4204.487305,4186.025879,4218.077147999999,4207.820313,4193.846191,4195.128418,4180.256348,4164.102539,4197.436035
4190.256348,4192.94873,4198.333496,4187.94873,4192.820313,4195.0,4177.692383,4200.128418,4195.897461,4184.102539,4187.94873,4176.538574,4151.282227000001,4195.128418
4198.077147999999,4189.871582,4204.102539,4189.615234000001,4181.538574,4189.358886999999,4194.102539,4197.563965,4185.769043,4177.179688,4183.205078,4173.974121,4146.666504,4193.333496
4204.487305,4192.563965,4211.538574,4201.538574,4182.820313,4190.256348,4197.94873,4210.641113000001,4187.563965,4178.974121,4187.692383,4178.846191,4161.153809,4195.769043
4200.641113000001,4194.102539,4210.384765999999,4205.0,4187.692383,4186.025879,4187.820313,4207.436035,4186.282227000001,4180.256348,4189.871582,4179.871582,4170.384765999999,4193.846191
4181.025879,4188.333496,4197.563965,4194.615234000001,4177.05127,4183.589844,4194.615234000001,4187.563965,4176.282227000001,4174.230957,4180.256348,4170.0,4159.487305,4180.384765999999
4166.282227000001,4183.846191,4190.0,4192.563965,4168.589844,4189.102539,4198.461426,4179.358886999999,4173.461426,4169.487305,4173.974121,4167.05127,4148.846191,4173.589844
4175.641113000001,4195.897461,4197.307617,4202.05127,4185.769043,4190.641113000001,4181.410156,4198.717772999999,4188.589844,4178.333496,4186.538574,4177.94873,4158.589844,4185.897461
4195.512695,4211.282227000001,4205.769043,4208.974121,4201.666504,4182.307617,4169.102539,4213.974121,4201.538574,4191.410156,4200.512695,4186.666504,4171.794922,4197.179688
4205.897461,4211.282227000001,4206.025879,4210.512695,4195.256348,4180.384765999999,4170.0,4193.589844,4196.922852000001,4191.410156,4199.743652,4185.256348,4167.820313,4193.461426
4214.102539,4210.256348,4211.410156,4214.487305,4193.205078,4190.897461,4174.487305,4181.666504,4196.025879,4192.820313,4199.615234000001,4185.384765999999,4164.358886999999,4189.871582
4214.871582,4209.358886999999,4217.692383,4213.974121,4200.512695,4199.230957,4181.538574,4193.589844,4198.717772999999,4200.769043,4201.410156,4184.230957,4171.922852000001,4190.256348
4199.230957,4196.538574,4211.410156,4202.307617,4195.384765999999,4197.179688,4187.436035,4200.897461,4201.153809,4200.897461,4197.692383,4183.974121,4175.256348,4189.615234000001
4182.692383,4180.128418,4201.794922,4190.128418,4180.128418,4191.666504,4196.282227000001,4219.358886999999,4216.025879,4202.692383,4198.205078,4193.333496,4173.717772999999,4191.282227000001
4174.615234000001,4173.333496,4195.769043,4184.230957,4174.743652,4191.410156,4206.922852000001,4237.820313,4222.692383,4207.820313,4202.307617,4193.333496,4175.897461,4190.128418
4168.461426,4170.641113000001,4190.512695,4181.922852000001,4179.230957,4193.589844,4202.05127,4214.487305,4203.333496,4198.461426,4191.410156,4175.512695,4169.358886999999,4177.692383
4161.025879,4163.589844,4182.179688,4176.794922,4176.794922,4195.128418,4192.436035,4181.153809,4181.153809,4176.282227000001,4165.128418,4157.563965,4138.077147999999,4159.743652
4163.717772999999,4159.102539,4177.563965,4176.025879,4175.384765999999,4203.333496,4199.230957,4184.871582,4176.666504,4162.179688,4152.307617,4153.846191,4114.615234000001,4152.307617
4178.974121,4169.358886999999,4188.717772999999,4187.563965,4181.538574,4206.666504,4201.410156,4197.820313,4183.461426,4168.717772999999,4169.487305,4165.769043,4134.358886999999,4163.333496
4196.025879,4190.128418,4208.717772999999,4203.461426,4188.205078,4191.282227000001,4180.769043,4197.05127,4195.897461,4190.512695,4195.769043,4181.666504,4169.230957,4185.0
4204.230957,4201.538574,4221.922852000001,4214.487305,4189.102539,4180.641113000001,4178.717772999999,4211.538574,4207.94873,4207.05127,4208.077147999999,4191.794922,4181.153809,4197.692383
4202.05127,4197.94873,4223.333496,4215.256348,4184.487305,4185.128418,4193.461426,4227.307617,4206.282227000001,4204.358886999999,4206.922852000001,4194.487305,4180.128418,4196.410156
4196.153809,4189.743652,4220.897461,4208.589844,4185.512695,4186.153809,4185.0,4209.358886999999,4199.102539,4197.94873,4203.333496,4194.743652,4183.846191,4194.358886999999
4187.05127,4179.743652,4214.615234000001,4199.615234000001,4192.563965,4192.436035,4174.102539,4185.0,4197.820313,4196.410156,4197.563965,4189.615234000001,4178.846191,4190.256348
4181.666504,4176.282227000001,4206.025879,4196.410156,4192.179688,4204.487305,4184.615234000001,4189.615234000001,4202.179688,4195.769043,4190.512695,4184.487305,4166.794922,4183.333496
4189.102539,4185.897461,4207.692383,4207.179688,4188.077147999999,4204.615234000001,4198.846191,4207.179688,4210.769043,4202.94873,4193.205078,4184.743652,4168.461426,4188.974121
4197.307617,4191.153809,4211.410156,4215.769043,4187.436035,4193.589844,4203.589844,4217.820313,4217.179688,4208.717772999999,4196.922852000001,4187.307617,4170.128418,4197.94873
4195.0,4186.025879,4207.307617,4207.692383,4182.94873,4188.717772999999,4211.794922,4219.230957,4211.666504,4197.436035,4189.743652,4190.384765999999,4159.743652,4192.94873
4190.256348,4186.922852000001,4205.0,4202.307617,4183.717772999999,4199.230957,4211.794922,4215.384765999999,4199.230957,4185.128418,4185.512695,4187.820313,4157.307617,4190.384765999999
4187.05127,4190.769043,4209.230957,4207.179688,4191.282227000001,4205.897461,4190.128418,4220.769043,4196.153809,4191.153809,4191.794922,4187.179688,4165.384765999999,4196.794922
4178.205078,4176.410156,4209.230957,4199.615234000001,4183.205078,4195.128418,4183.717772999999,4230.128418,4196.025879,4198.205078,4190.384765999999,4190.0,4165.897461,4192.436035
4172.179688,4160.384765999999,4204.871582,4187.94873,4166.922852000001,4184.102539,4196.794922,4224.487305,4188.846191,4187.436035,4180.641113000001,4185.769043,4164.230957,4186.666504
4177.307617,4170.769043,4206.538574,4193.846191,4168.333496,4187.307617,4195.769043,4215.897461,4186.282227000001,4180.384765999999,4179.358886999999,4182.436035,4166.410156,4194.487305
4182.94873,4187.307617,4209.230957,4200.256348,4182.179688,4193.205078,4180.256348,4217.820313,4190.769043,4188.589844,4182.94873,4185.512695,4166.666504,4197.563965
4181.025879,4183.333496,4206.153809,4194.871582,4182.94873,4187.307617,4171.922852000001,4222.563965,4190.897461,4188.077147999999,4176.153809,4185.384765999999,4160.512695,4187.05127
4178.077147999999,4176.153809,4207.692383,4196.538574,4177.179688,4187.05127,4181.410156,4230.256348,4192.05127,4180.384765999999,4167.94873,4182.94873,4154.358886999999,4182.436035
4180.512695,4181.922852000001,4214.615234000001,4204.743652,4180.897461,4195.0,4190.641113000001,4237.05127,4194.743652,4179.102539,4166.153809,4182.94873,4154.358886999999,4183.589844
4180.128418,4184.743652,4212.563965,4203.461426,4181.666504,4188.717772999999,4183.077147999999,4227.307617,4184.487305,4172.94873,4157.94873,4176.922852000001,4150.897461,4177.05127
4170.769043,4178.717772999999,4202.563965,4198.717772999999,4174.102539,4172.436035,4171.282227000001,4211.538574,4168.589844,4163.589844,4146.025879,4168.846191,4137.563965,4169.871582
4166.538574,4172.179688,4201.025879,4197.05127,4168.846191,4170.256348,4178.846191,4213.717772999999,4167.820313,4165.512695,4143.077147999999,4173.205078,4131.666504,4171.794922
4168.717772999999,4169.230957,4202.820313,4193.589844,4172.05127,4187.179688,4183.717772999999,4223.205078,4175.0,4168.461426,4145.0,4178.205078,4140.256348,4175.897461
4161.410156,4167.179688,4193.589844,4187.179688,4175.769043,4194.743652,4165.897461,4216.794922,4175.384765999999,4163.333496,4140.384765999999,4171.410156,4138.846191,4171.922852000001
4153.461426,4160.641113000001,4184.743652,4181.666504,4170.512695,4183.077147999999,4171.410156,4218.077147999999,4179.358886999999,4162.563965,4136.025879,4166.410156,4131.538574,4167.563965
4162.692383,4158.205078,4185.769043,4183.589844,4168.461426,4185.512695,4197.563965,4221.666504,4186.410156,4169.358886999999,4139.102539,4172.436035,4138.077147999999,4169.358886999999
4165.641113000001,4155.256348,4179.743652,4182.94873,4166.282227000001,4200.384765999999,4193.589844,4202.307617,4179.615234000001,4172.179688,4138.461426,4172.05127,4137.307617,4166.922852000001
4151.922852000001,4142.820313,4168.589844,4175.384765999999,4153.461426,4197.94873,4176.666504,4209.102539,4178.205078,4168.717772999999,4135.897461,4160.512695,4124.487305,4159.230957
4150.128418,4132.94873,4170.512695,4172.820313,4143.717772999999,4186.025879,4187.307617,4238.589844,4186.410156,4161.666504,4137.179688,4156.282227000001,4122.179688,4158.077147999999
4163.589844,4137.820313,4181.922852000001,4176.922852000001,4149.230957,4187.436035,4194.487305,4226.153809,4176.025879,4157.179688,4141.025879,4167.307617,4130.512695,4163.974121
4172.436035,4151.025879,4194.358886999999,4186.282227000001,4160.128418,4194.487305,4183.589844,4211.025879,4168.974121,4166.922852000001,4152.563965,4181.410156,4140.641113000001,4173.846191
4170.384765999999,4155.641113000001,4201.025879,4193.846191,4159.487305,4197.307617,4188.205078,4235.769043,4185.128418,4179.102539,4165.512695,4183.205078,4147.05127,4184.358886999999
4170.384765999999,4154.487305,4199.230957,4193.846191,4155.512695,4198.077147999999,4194.230957,4242.563965,4189.743652,4182.436035,4172.307617,4179.871582,4143.205078,4190.256348
4177.179688,4162.563965,4200.512695,4196.922852000001,4162.563965,4194.230957,4184.102539,4223.974121,4185.256348,4188.205078,4179.358886999999,4183.846191,4144.615234000001,4194.230957
4175.769043,4165.128418,4197.436035,4199.230957,4171.025879,4193.717772999999,4174.358886999999,4221.666504,4190.512695,4192.94873,4181.666504,4184.230957,4150.512695,4194.487305
4165.0,4153.333496,4184.743652,4193.974121,4172.692383,4202.05127,4177.436035,4223.333496,4190.897461,4186.410156,4170.128418,4174.358886999999,4141.538574,4185.641113000001
4164.230957,4152.307617,4187.94873,4193.333496,4172.436035,4202.05127,4185.769043,4225.128418,4192.563965,4187.563965,4168.461426,4172.94873,4138.077147999999,4185.0
4180.384765999999,4167.94873,4207.436035,4205.256348,4174.615234000001,4191.025879,4190.897461,4235.256348,4208.205078,4204.871582,4189.358886999999,4187.05127,4160.0,4199.871582
4189.871582,4169.230957,4211.282227000001,4210.0,4169.743652,4190.0,4195.641113000001,4237.692383,4208.333496,4204.871582,4199.102539,4193.205078,4171.153809,4205.128418
4179.615234000001,4151.282227000001,4197.563965,4195.769043,4161.410156,4197.692383,4191.794922,4229.358886999999,4187.436035,4183.846191,4183.717772999999,4185.512695,4148.333496,4192.436035
4176.410156,4148.846191,4197.94873,4190.256348,4166.922852000001,4204.743652,4183.846191,4221.410156,4182.05127,4184.487305,4177.692383,4184.230957,4134.102539,4191.025879
4187.563965,4160.128418,4210.0,4201.794922,4181.794922,4215.256348,4180.769043,4220.256348,4192.820313,4201.153809,4189.102539,4188.717772999999,4145.641113000001,4203.461426
4188.717772999999,4157.307617,4209.743652,4202.563965,4182.436035,4212.94873,4186.025879,4227.179688,4194.615234000001,4198.077147999999,4189.102539,4183.974121,4155.641113000001,4202.307617
4182.563965,4151.410156,4208.846191,4197.179688,4170.128418,4197.692383,4197.436035,4236.794922,4199.102539,4197.94873,4188.589844,4180.256348,4166.282227000001,4200.128418
4183.205078,4155.641113000001,4212.179688,4201.922852000001,4162.820313,4195.256348,4203.205078,4233.846191,4203.205078,4205.769043,4194.358886999999,4183.333496,4169.102539,4207.563965
4182.692383,4155.384765999999,4210.897461,4201.922852000001,4166.410156,4203.717772999999,4192.94873,4229.102539,4195.512695,4193.205078,4187.179688,4180.384765999999,4156.538574,4205.769043
4185.128418,4152.820313,4210.128418,4198.461426,4174.230957,4201.410156,4179.358886999999,4236.538574,4194.743652,4184.615234000001,4183.333496,4177.692383,4152.563965,4200.256348
4192.436035,4159.487305,4216.666504,4205.128418,4174.871582,4197.563965,4181.282227000001,4232.563965,4197.436035,4192.179688,4190.769043,4182.179688,4157.307617,4204.102539
4192.563965,4162.436035,4221.282227000001,4207.307617,4172.179688,4202.179688,4191.666504,4211.153809,4187.05127,4191.282227000001,4191.025879,4181.153809,4158.077147999999,4205.769043
4188.589844,4152.820313,4214.871582,4200.384765999999,4171.794922,4202.692383,4192.05127,4215.128418,4186.538574,4186.922852000001,4186.538574,4174.487305,4156.666504,4198.333496
4189.871582,4151.410156,4213.333496,4203.589844,4174.358886999999,4203.333496,4191.410156,4247.05127,4205.897461,4197.179688,4193.717772999999,4176.666504,4158.589844,4198.589844
4190.897461,4160.897461,4221.538574,4210.641113000001,4178.589844,4210.897461,4203.333496,4244.487305,4208.846191,4207.307617,4203.461426,4181.410156,4167.820313,4211.282227000001
4189.487305,4160.256348,4220.512695,4205.384765999999,4179.358886999999,4214.615234000001,4210.128418,4219.230957,4201.153809,4204.487305,4200.769043,4176.153809,4180.512695,4216.025879
4193.846191,4157.820313,4215.384765999999,4206.282227000001,4183.589844,4215.0,4201.794922,4230.769043,4214.871582,4206.794922,4197.563965,4174.615234000001,4187.436035,4214.487305
4200.641113000001,4160.641113000001,4223.974121,4213.974121,4190.128418,4216.282227000001,4192.820313,4242.307617,4221.922852000001,4213.717772999999,4200.256348,4185.384765999999,4188.333496,4220.128418
4199.230957,4158.461426,4227.820313,4210.256348,4184.871582,4214.230957,4194.230957,4220.897461,4201.922852000001,4205.769043,4198.974121,4188.077147999999,4188.077147999999,4223.717772999999
4194.487305,4156.025879,4218.846191,4206.153809,4178.333496,4211.025879,4197.94873,4211.282227000001,4187.563965,4192.179688,4191.410156,4177.94873,4183.846191,4213.974121
4191.538574,4157.436035,4218.461426,4211.153809,4185.384765999999,4208.461426,4200.0,4225.128418,4196.538574,4194.230957,4189.487305,4177.436035,4181.666504,4206.025879
4193.589844,4158.846191,4223.333496,4214.615234000001,4191.538574,4211.922852000001,4198.717772999999,4236.666504,4209.358886999999,4206.282227000001,4197.820313,4190.897461,4190.641113000001,4213.333496
4199.487305,4160.0,4223.846191,4214.743652,4189.487305,4216.025879,4188.461426,4231.794922,4208.589844,4209.615234000001,4204.743652,4197.05127,4200.0,4220.512695
4198.717772999999,4153.717772999999,4224.615234000001,4212.94873,4186.666504,4211.666504,4187.05127,4212.692383,4197.179688,4206.794922,4202.820313,4190.512695,4192.692383,4213.589844
4192.05127,4144.487305,4221.025879,4207.436035,4184.230957,4207.94873,4196.538574,4207.820313,4189.871582,4201.282227000001,4195.769043,4185.128418,4177.436035,4203.846191
4194.102539,4154.487305,4216.282227000001,4210.897461,4180.384765999999,4206.153809,4193.333496,4225.769043,4195.128418,4195.512695,4196.538574,4185.384765999999,4176.153809,4206.025879
4204.358886999999,4173.333496,4224.615234000001,4222.94873,4181.538574,4206.282227000001,4188.974121,4237.307617,4208.333496,4203.077147999999,4206.794922,4188.461426,4187.307617,4214.487305
4203.205078,4166.025879,4226.282227000001,4220.769043,4185.897461,4207.692383,4192.692383,4232.179688,4210.641113000001,4209.615234000001,4207.307617,4189.102539,4187.436035,4212.05127
4192.820313,4148.461426,4210.256348,4210.128418,4184.230957,4206.153809,4193.333496,4220.897461,4196.410156,4198.333496,4195.512695,4180.769043,4175.641113000001,4203.974121
4194.487305,4154.743652,4209.487305,4212.307617,4183.205078,4208.589844,4198.717772999999,4215.769043,4191.025879,4192.692383,4193.589844,4175.384765999999,4176.666504,4207.94873
4199.487305,4161.282227000001,4218.974121,4216.153809,4183.589844,4208.461426,4203.461426,4223.333496,4197.179688,4195.641113000001,4199.615234000001,4179.487305,4181.153809,4215.0
4197.94873,4154.487305,4214.615234000001,4211.922852000001,4184.871582,4201.025879,4191.282227000001,4229.102539,4198.589844,4196.410156,4202.05127,4183.846191,4179.743652,4214.743652
4201.666504,4156.153809,4214.615234000001,4215.512695,4187.94873,4200.0,4183.333496,4223.205078,4199.615234000001,4203.205078,4208.077147999999,4185.769043,4188.717772999999,4216.794922
4202.692383,4157.563965,4221.538574,4218.461426,4187.820313,4208.333496,4186.410156,4214.487305,4197.820313,4205.512695,4210.512695,4181.153809,4197.05127,4216.282227000001
4194.487305,4149.871582,4218.589844,4213.717772999999,4183.333496,4206.153809,4185.0,4222.436035,4196.282227000001,4198.077147999999,4203.205078,4175.384765999999,4188.077147999999,4211.666504
4192.820313,4145.641113000001,4216.282227000001,4210.384765999999,4177.94873,4197.820313,4187.05127,4234.743652,4197.563965,4191.922852000001,4198.589844,4178.077147999999,4175.641113000001,4211.153809
4198.717772999999,4145.641113000001,4220.769043,4209.743652,4172.05127,4192.692383,4196.410156,4235.769043,4197.05127,4190.384765999999,4200.256348,4181.153809,4173.461426,4211.794922
4197.307617,4138.846191,4219.487305,4207.307617,4162.692383,4181.794922,4194.743652,4237.436035,4199.102539,4192.307617,4201.410156,4178.717772999999,4173.333496,4210.512695
4192.179688,4133.461426,4214.871582,4204.743652,4157.179688,4175.769043,4189.102539,4239.743652,4197.307617,4193.974121,4200.256348,4181.794922,4172.820313,4212.05127
4192.820313,4142.05127,4215.897461,4209.230957,4167.179688,4185.512695,4198.974121,4244.615234000001,4198.205078,4198.974121,4206.922852000001,4191.794922,4183.846191,4219.743652
4192.179688,4149.871582,4218.717772999999,4213.717772999999,4175.0,4196.410156,4210.641113000001,4248.333496,4208.717772999999,4209.358886999999,4217.05127,4194.615234000001,4194.487305,4223.077147999999
4193.333496,4146.410156,4220.641113000001,4215.0,4177.307617,4202.436035,4205.512695,4239.615234000001,4208.589844,4212.820313,4216.794922,4192.563965,4191.025879,4219.230957
4197.94873,4144.871582,4220.769043,4219.102539,4187.05127,4211.666504,4199.230957,4227.436035,4197.05127,4208.846191,4215.128418,4193.974121,4185.512695,4217.820313
4195.769043,4143.589844,4218.717772999999,4218.589844,4182.820313,4209.615234000001,4205.384765999999,4228.333496,4196.794922,4208.077147999999,4216.410156,4193.077147999999,4187.05127,4217.307617
4190.769043,4138.461426,4217.94873,4213.077147999999,4167.692383,4196.025879,4211.794922,4239.615234000001,4203.589844,4208.717772999999,4214.487305,4187.179688,4189.230957,4214.230957
4191.666504,4134.358886999999,4215.0,4209.358886999999,4168.846191,4195.256348,4200.897461,4233.589844,4193.589844,4202.05127,4207.179688,4183.205078,4180.128418,4210.897461
4196.922852000001,4134.615234000001,4213.846191,4208.974121,4176.153809,4200.769043,4186.410156,4215.128418,4185.769043,4199.230957,4205.128418,4192.05127,4172.692383,4212.692383
4202.563965,4140.0,4221.794922,4210.128418,4174.743652,4196.410156,4194.743652,4223.589844,4198.846191,4210.512695,4216.282227000001,4203.717772999999,4184.487305,4218.333496
4200.641113000001,4141.794922,4225.0,4209.615234000001,4168.589844,4190.512695,4212.307617,4247.05127,4206.666504,4217.563965,4222.820313,4202.179688,4197.05127,4216.410156
4197.563965,4143.077147999999,4226.410156,4215.512695,4172.05127,4200.256348,4210.769043,4248.974121,4209.358886999999,4216.282227000001,4223.077147999999,4199.871582,4200.128418,4214.871582
4204.102539,4152.94873,4234.743652,4225.897461,4183.974121,4212.820313,4198.461426,4243.333496,4220.769043,4223.717772999999,4231.153809,4206.282227000001,4207.94873,4221.666504
4206.794922,4154.615234000001,4234.871582,4223.589844,4184.615234000001,4204.487305,4190.769043,4239.102539,4217.179688,4225.641113000001,4232.820313,4204.871582,4211.282227000001,4222.692383
4200.512695,4145.0,4230.256348,4217.94873,4180.769043,4193.974121,4187.307617,4225.256348,4198.717772999999,4212.563965,4220.128418,4196.794922,4201.153809,4214.230957
4196.922852000001,4140.384765999999,4231.538574,4220.128418,4181.922852000001,4197.94873,4193.846191,4232.05127,4200.769043,4206.410156,4212.820313,4197.692383,4197.307617,4212.436035
4194.743652,4140.128418,4229.358886999999,4218.333496,4172.820313,4197.563965,4205.128418,4250.897461,4208.077147999999,4209.871582,4215.0,4201.282227000001,4201.153809,4216.922852000001
4188.333496,4136.025879,4220.128418,4209.743652,4161.538574,4196.025879,4198.974121,4225.641113000001,4193.974121,4204.358886999999,4209.487305,4193.077147999999,4195.897461,4214.743652
4184.871582,4132.436035,4215.0,4204.358886999999,4169.102539,4207.94873,4184.743652,4199.230957,4190.769043,4201.025879,4199.743652,4180.384765999999,4189.358886999999,4207.05127
4189.871582,4132.436035,4219.358886999999,4204.487305,4175.641113000001,4212.179688,4190.256348,4223.717772999999,4208.846191,4214.358886999999,4204.615234000001,4182.179688,4194.615234000001,4206.794922
4194.871582,4133.589844,4224.871582,4206.666504,4167.94873,4199.743652,4197.05127,4243.974121,4214.743652,4221.794922,4216.153809,4192.94873,4203.717772999999,4215.0
4196.794922,4134.615234000001,4228.333496,4210.512695,4168.589844,4196.666504,4190.512695,4229.743652,4205.641113000001,4216.794922,4216.794922,4195.128418,4207.820313,4218.974121
4196.282227000001,4138.589844,4229.230957,4213.974121,4173.974121,4200.897461,4193.846191,4233.205078,4207.179688,4217.307617,4210.0,4195.0,4207.563965,4217.179688
4192.179688,4143.589844,4225.128418,4212.307617,4171.153809,4195.897461,4195.769043,4247.94873,4212.307617,4217.563965,4207.179688,4196.153809,4203.077147999999,4215.641113000001
4188.077147999999,4142.436035,4218.077147999999,4208.846191,4168.205078,4195.769043,4190.641113000001,4228.461426,4203.974121,4211.282227000001,4207.692383,4189.871582,4196.410156,4210.384765999999
4185.512695,4137.179688,4214.487305,4205.769043,4172.692383,4198.974121,4188.205078,4202.692383,4194.743652,4207.436035,4204.871582,4183.589844,4195.256348,4203.717772999999
4184.487305,4134.230957,4215.256348,4204.743652,4177.563965,4196.538574,4184.615234000001,4207.563965,4197.05127,4207.05127,4202.820313,4188.589844,4199.102539,4205.512695
4182.436035,4129.487305,4211.922852000001,4204.358886999999,4177.179688,4203.846191,4192.563965,4234.743652,4205.256348,4205.128418,4202.05127,4187.94873,4196.282227000001,4206.282227000001
4183.333496,4128.205078,4208.974121,4203.077147999999,4176.282227000001,4208.589844,4200.384765999999,4249.871582,4211.282227000001,4210.256348,4202.820313,4181.282227000001,4193.333496,4203.333496
4186.153809,4133.205078,4212.05127,4200.897461,4174.102539,4196.282227000001,4183.205078,4229.102539,4211.410156,4219.487305,4207.307617,4185.128418,4202.820313,4205.0
4183.461426,4133.077147999999,4213.333496,4197.307617,4172.94873,4192.05127,4168.717772999999,4201.410156,4203.846191,4217.436035,4208.205078,4191.153809,4207.692383,4205.512695
4185.512695,4131.666504,4218.717772999999,4198.333496,4173.717772999999,4200.256348,4183.461426,4214.615234000001,4207.820313,4217.94873,4211.025879,4197.436035,4204.615234000001,4208.461426
4199.871582,4142.307617,4234.871582,4208.461426,4173.717772999999,4200.128418,4196.410156,4244.743652,4225.769043,4229.743652,4221.410156,4208.205078,4212.820313,4221.153809
4207.94873,4149.871582,4239.102539,4213.589844,4171.025879,4195.897461,4193.461426,4239.871582,4223.205078,4229.102539,4220.641113000001,4208.589844,4221.025879,4225.897461
4197.820313,4143.846191,4227.820313,4205.128418,4171.794922,4198.461426,4195.128418,4226.538574,4207.307617,4214.743652,4207.307617,4196.922852000001,4215.897461,4214.487305
4194.871582,4144.487305,4228.461426,4202.820313,4179.743652,4201.282227000001,4198.077147999999,4236.538574,4211.666504,4214.358886999999,4205.769043,4197.820313,4215.0,4210.769043
4202.436035,4152.820313,4232.820313,4210.384765999999,4186.025879,4204.358886999999,4195.512695,4234.615234000001,4214.871582,4216.153809,4205.256348,4201.410156,4216.025879,4214.743652
4200.0,4151.666504,4226.282227000001,4212.563965,4189.615234000001,4210.897461,4195.769043,4214.615234000001,4199.102539,4205.0,4195.512695,4192.436035,4208.461426,4210.512695
4191.794922,4141.794922,4218.717772999999,4206.538574,4188.077147999999,4210.256348,4196.666504,4211.153809,4191.794922,4198.461426,4191.410156,4189.358886999999,4201.282227000001,4206.153809
4191.282227000001,4138.846191,4214.871582,4202.692383,4182.563965,4208.461426,4191.282227000001,4218.717772999999,4199.230957,4201.922852000001,4192.436035,4197.307617,4199.615234000001,4212.307617
4198.589844,4139.615234000001,4216.538574,4203.846191,4177.820313,4209.102539,4193.589844,4220.384765999999,4202.436035,4204.743652,4192.436035,4200.641113000001,4199.358886999999,4218.717772999999
4204.358886999999,4134.230957,4222.436035,4201.666504,4172.307617,4202.179688,4209.102539,4234.230957,4204.102539,4203.333496,4189.743652,4201.538574,4197.436035,4214.230957
4215.897461,4139.871582,4231.666504,4206.282227000001,4173.205078,4200.128418,4208.333496,4257.94873,4218.077147999999,4213.974121,4195.384765999999,4212.563965,4205.897461,4221.538574
4226.538574,4150.512695,4238.717772999999,4215.641113000001,4177.692383,4206.794922,4184.102539,4243.589844,4225.0,4229.358886999999,4207.563965,4222.05127,4218.077147999999,4238.589844
4221.538574,4145.256348,4237.05127,4208.205078,4175.512695,4203.846191,4177.820313,4207.307617,4208.589844,4219.102539,4205.0,4214.743652,4208.333496,4234.615234000001
4213.461426,4137.94873,4229.487305,4197.820313,4169.871582,4200.256348,4192.820313,4203.589844,4197.179688,4202.307617,4194.871582,4202.94873,4191.794922,4221.025879
4216.410156,4141.025879,4227.05127,4207.05127,4167.563965,4210.128418,4194.358886999999,4225.128418,4209.358886999999,4207.307617,4197.820313,4201.538574,4196.538574,4222.563965
4222.05127,4144.102539,4231.794922,4216.538574,4169.487305,4214.487305,4191.282227000001,4236.666504,4218.333496,4213.205078,4204.230957,4205.256348,4207.179688,4228.717772999999
4215.512695,4143.846191,4229.358886999999,4207.179688,4175.897461,4210.769043,4189.230957,4216.410156,4201.794922,4201.410156,4198.589844,4201.922852000001,4202.05127,4222.94873
4206.153809,4143.461426,4217.820313,4197.692383,4181.025879,4210.641113000001,4179.871582,4194.102539,4189.743652,4194.230957,4195.128418,4197.820313,4194.487305,4217.94873
4204.358886999999,4140.512695,4212.563965,4197.436035,4176.153809,4209.102539,4182.436035,4207.179688,4203.589844,4200.641113000001,4199.487305,4196.025879,4192.820313,4215.641113000001
4211.025879,4143.846191,4217.05127,4200.769043,4168.589844,4204.102539,4190.512695,4226.025879,4213.589844,4205.769043,4200.897461,4197.05127,4192.820313,4212.820313
4222.692383,4153.333496,4221.538574,4206.666504,4168.974121,4195.384765999999,4181.410156,4214.615234000001,4203.589844,4207.436035,4205.128418,4201.794922,4200.512695,4219.487305
4222.94873,4146.538574,4221.282227000001,4206.025879,4167.820313,4188.846191,4174.615234000001,4205.897461,4196.794922,4206.025879,4207.94873,4200.769043,4202.436035,4222.94873
4216.922852000001,4135.769043,4223.846191,4201.666504,4163.077147999999,4195.0,4184.615234000001,4227.436035,4208.205078,4204.615234000001,4207.94873,4197.436035,4192.307617,4218.333496
4223.461426,4149.743652,4232.94873,4207.692383,4169.871582,4208.077147999999,4192.436035,4242.179688,4218.589844,4212.820313,4215.384765999999,4202.94873,4201.666504,4225.0
4227.307617,4160.0,4234.358886999999,4209.743652,4181.153809,4214.615234000001,4191.410156,4224.358886999999,4210.256348,4214.358886999999,4220.512695,4204.230957,4217.820313,4233.205078
4222.563965,4151.666504,4228.589844,4203.461426,4180.897461,4213.205078,4196.282227000001,4214.743652,4208.333496,4211.025879,4221.538574,4198.717772999999,4209.615234000001,4227.563965
4223.461426,4150.641113000001,4229.487305,4205.384765999999,4175.384765999999,4203.205078,4205.128418,4232.692383,4222.692383,4221.794922,4226.666504,4201.794922,4201.538574,4223.077147999999
4224.871582,4155.641113000001,4230.128418,4210.512695,4169.871582,4191.794922,4196.794922,4240.256348,4223.974121,4227.563965,4226.282227000001,4202.820313,4207.05127,4226.410156
4217.820313,4153.205078,4226.282227000001,4208.077147999999,4166.538574,4197.436035,4189.743652,4225.384765999999,4208.974121,4214.230957,4216.282227000001,4193.205078,4207.94873,4222.94873
4208.461426,4148.077147999999,4217.307617,4201.282227000001,4168.333496,4203.333496,4192.563965,4204.358886999999,4195.128418,4198.589844,4206.282227000001,4183.717772999999,4198.589844,4209.487305
4206.410156,4154.871582,4210.384765999999,4202.820313,4175.0,4198.974121,4179.358886999999,4195.128418,4197.563965,4202.436035,4208.589844,4181.025879,4202.563965,4206.282227000001
4213.461426,4171.025879,4218.974121,4215.256348,4178.717772999999,4197.820313,4165.641113000001,4215.512695,4218.461426,4222.179688,4224.487305,4188.717772999999,4222.692383,4218.846191
4216.922852000001,4172.820313,4224.871582,4217.179688,4173.077147999999,4192.307617,4176.410156,4233.589844,4224.230957,4228.205078,4227.820313,4194.615234000001,4224.102539,4217.436035
4212.820313,4163.974121,4215.769043,4209.102539,4171.025879,4190.769043,4189.615234000001,4218.974121,4204.358886999999,4217.179688,4211.794922,4187.436035,4206.282227000001,4204.487305
4211.666504,4168.717772999999,4213.717772999999,4209.230957,4181.025879,4206.025879,4190.0,4208.846191,4195.512695,4206.282227000001,4205.641113000001,4181.410156,4197.94873,4207.820313
4207.94873,4171.153809,4216.153809,4210.0,4188.589844,4213.846191,4192.307617,4212.436035,4196.922852000001,4199.102539,4204.871582,4179.871582,4192.692383,4208.077147999999
4198.589844,4160.0,4208.461426,4203.077147999999,4185.512695,4203.589844,4194.230957,4198.717772999999,4187.179688,4192.692383,4196.025879,4175.0,4179.358886999999,4192.94873
4201.153809,4158.717772999999,4205.641113000001,4201.153809,4181.025879,4199.487305,4192.05127,4188.589844,4181.410156,4194.615234000001,4196.922852000001,4176.666504,4181.410156,4192.820313
4212.307617,4166.410156,4214.615234000001,4207.436035,4180.769043,4205.512695,4198.461426,4220.256348,4197.692383,4206.794922,4213.461426,4186.794922,4200.641113000001,4208.077147999999
4215.641113000001,4168.974121,4218.461426,4211.410156,4182.05127,4200.128418,4202.563965,4251.153809,4218.461426,4218.974121,4225.256348,4191.922852000001,4210.512695,4213.846191
4209.487305,4165.256348,4212.436035,4206.153809,4179.743652,4193.717772999999,4189.615234000001,4222.820313,4207.692383,4217.436035,4218.589844,4186.538574,4207.179688,4207.692383
4207.692383,4163.205078,4211.794922,4203.461426,4179.230957,4204.615234000001,4185.384765999999,4197.563965,4190.384765999999,4208.717772999999,4209.230957,4183.974121,4206.922852000001,4205.769043
4215.512695,4170.384765999999,4220.384765999999,4210.512695,4186.794922,4212.820313,4200.384765999999,4221.025879,4203.461426,4214.487305,4214.615234000001,4195.128418,4216.922852000001,4214.230957
4217.94873,4176.794922,4221.794922,4211.410156,4191.282227000001,4206.666504,4197.692383,4226.538574,4212.307617,4221.410156,4218.974121,4199.871582,4220.128418,4220.256348
4216.282227000001,4171.410156,4216.025879,4206.153809,4184.487305,4208.974121,4185.256348,4210.128418,4201.538574,4218.461426,4212.563965,4188.846191,4211.025879,4219.358886999999
4215.256348,4165.128418,4213.974121,4205.0,4181.025879,4221.153809,4196.025879,4218.589844,4195.384765999999,4210.256348,4205.769043,4183.846191,4197.94873,4212.436035
4209.487305,4166.282227000001,4209.743652,4201.153809,4191.794922,4221.153809,4205.512695,4233.077147999999,4196.538574,4201.794922,4202.563965,4183.974121,4191.025879,4202.692383
4206.538574,4166.538574,4205.0,4198.717772999999,4195.128418,4213.333496,4195.256348,4241.410156,4204.743652,4207.820313,4204.487305,4180.256348,4198.333496,4202.307617
4204.487305,4165.0,4207.94873,4201.538574,4185.641113000001,4219.487305,4202.05127,4252.307617,4217.436035,4219.358886999999,4210.0,4184.358886999999,4207.436035,4205.512695
4188.589844,4161.922852000001,4203.461426,4194.358886999999,4180.641113000001,4223.974121,4207.820313,4236.025879,4208.077147999999,4209.615234000001,4204.230957,4186.025879,4200.897461,4195.128418
4178.974121,4157.692383,4194.102539,4183.077147999999,4180.897461,4207.05127,4181.922852000001,4200.512695,4190.769043,4194.102539,4193.461426,4175.641113000001,4191.794922,4186.922852000001
4202.05127,4163.717772999999,4206.153809,4195.384765999999,4186.794922,4206.666504,4175.256348,4198.205078,4201.153809,4203.846191,4201.025879,4178.077147999999,4199.487305,4198.333496
4227.307617,4177.05127,4221.794922,4216.410156,4196.282227000001,4226.538574,4197.179688,4219.230957,4211.666504,4217.05127,4211.794922,4189.487305,4208.717772999999,4211.538574
4228.333496,4182.94873,4218.589844,4217.436035,4194.743652,4223.589844,4201.410156,4222.05127,4205.769043,4215.512695,4213.333496,4189.487305,4212.307617,4213.589844
4222.436035,4181.538574,4213.461426,4211.153809,4187.94873,4212.05127,4193.717772999999,4220.128418,4211.794922,4220.0,4221.025879,4185.512695,4216.410156,4210.897461
4216.282227000001,4179.102539,4212.05127,4212.307617,4191.410156,4217.820313,4199.358886999999,4234.743652,4224.358886999999,4227.307617,4226.025879,4181.153809,4212.820313,4203.717772999999
4209.358886999999,4179.487305,4206.922852000001,4212.307617,4201.666504,4221.025879,4205.769043,4238.205078,4222.179688,4226.153809,4220.897461,4176.538574,4211.025879,4194.487305
4207.563965,4182.05127,4204.102539,4206.153809,4208.205078,4219.871582,4201.794922,4218.974121,4215.256348,4223.589844,4220.0,4178.205078,4218.846191,4192.692383
4215.512695,4185.0,4210.512695,4205.256348,4210.897461,4228.717772999999,4198.461426,4215.384765999999,4220.769043,4229.615234000001,4226.794922,4182.563965,4222.820313,4202.436035
4224.358886999999,4190.897461,4219.102539,4214.871582,4212.820313,4235.769043,4204.230957,4231.282227000001,4233.077147999999,4239.871582,4232.94873,4186.794922,4226.794922,4211.666504
4221.025879,4192.307617,4216.538574,4216.922852000001,4212.692383,4231.794922,4213.717772999999,4234.102539,4232.436035,4236.410156,4231.282227000001,4190.256348,4231.153809,4205.128418
4217.692383,4187.179688,4210.384765999999,4212.307617,4210.384765999999,4226.025879,4210.641113000001,4236.282227000001,4225.512695,4226.025879,4224.487305,4188.974121,4224.615234000001,4196.153809
4224.615234000001,4189.358886999999,4213.974121,4215.0,4203.846191,4222.692383,4207.05127,4244.871582,4228.333496,4228.717772999999,4224.102539,4188.077147999999,4222.05127,4203.717772999999
4222.820313,4190.769043,4214.871582,4214.743652,4197.820313,4222.563965,4208.974121,4229.487305,4223.461426,4226.410156,4222.307617,4184.230957,4219.230957,4204.871582
4213.589844,4183.077147999999,4202.563965,4208.717772999999,4203.333496,4223.461426,4196.794922,4194.230957,4198.461426,4204.743652,4209.487305,4173.077147999999,4201.922852000001,4187.307617
4221.538574,4184.230957,4199.615234000001,4209.358886999999,4208.846191,4223.461426,4188.461426,4184.358886999999,4188.333496,4200.0,4207.820313,4174.102539,4197.179688,4183.077147999999
4234.871582,4194.871582,4211.538574,4215.384765999999,4203.974121,4220.128418,4201.666504,4209.743652,4211.922852000001,4222.05127,4225.0,4190.0,4217.94873,4200.897461
4229.871582,4194.615234000001,4212.563965,4216.025879,4203.077147999999,4217.820313,4210.128418,4231.282227000001,4227.563965,4228.077147999999,4231.922852000001,4191.922852000001,4228.589844,4205.384765999999
4218.589844,4187.05127,4204.743652,4210.897461,4208.589844,4224.230957,4211.153809,4231.666504,4217.820313,4216.153809,4225.256348,4181.666504,4220.128418,4192.05127
4215.384765999999,4186.794922,4205.128418,4208.333496,4213.589844,4230.0,4214.102539,4226.153809,4213.333496,4220.0,4224.230957,4183.461426,4217.436035,4188.589844
4215.769043,4192.94873,4212.307617,4212.94873,4221.025879,4229.358886999999,4208.461426,4225.0,4224.102539,4234.102539,4230.769043,4192.307617,4226.794922,4194.615234000001
4216.666504,4197.307617,4219.102539,4221.666504,4220.128418,4228.846191,4203.846191,4227.179688,4233.461426,4240.769043,4236.282227000001,4193.717772999999,4234.487305,4197.692383
4219.230957,4197.563965,4223.333496,4222.692383,4208.717772999999,4227.692383,4206.794922,4224.358886999999,4228.717772999999,4239.358886999999,4235.0,4190.512695,4232.05127,4196.282227000001
4220.256348,4196.282227000001,4222.05127,4219.230957,4209.358886999999,4222.820313,4203.717772999999,4213.461426,4218.333496,4230.256348,4230.256348,4189.487305,4227.820313,4195.0
4218.974121,4197.307617,4218.333496,4221.153809,4220.384765999999,4218.846191,4196.282227000001,4205.256348,4209.871582,4220.384765999999,4227.692383,4189.487305,4223.077147999999,4193.461426
4215.897461,4194.743652,4215.256348,4220.0,4216.410156,4215.769043,4197.307617,4213.461426,4202.05127,4213.589844,4219.487305,4184.230957,4213.333496,4186.666504
4218.077147999999,4189.871582,4215.128418,4217.179688,4205.384765999999,4212.307617,4199.743652,4226.410156,4201.666504,4209.102539,4210.384765999999,4181.922852000001,4210.641113000001,4184.230957
4222.179688,4196.410156,4218.589844,4220.897461,4210.0,4212.94873,4197.563965,4217.563965,4204.743652,4211.538574,4211.666504,4185.897461,4215.256348,4189.487305
4213.205078,4195.897461,4212.692383,4218.974121,4217.179688,4210.641113000001,4194.743652,4192.05127,4192.692383,4210.641113000001,4209.230957,4185.128418,4206.282227000001,4188.077147999999
4208.077147999999,4187.692383,4207.05127,4211.282227000001,4215.641113000001,4211.666504,4195.384765999999,4192.05127,4187.179688,4205.641113000001,4204.358886999999,4185.384765999999,4198.846191,4185.0
4217.307617,4190.256348,4214.358886999999,4211.922852000001,4215.512695,4227.436035,4201.410156,4223.077147999999,4207.563965,4210.897461,4210.384765999999,4192.820313,4206.666504,4193.205078
4217.563965,4188.461426,4214.230957,4211.922852000001,4215.641113000001,4233.205078,4211.153809,4234.102539,4214.615234000001,4214.358886999999,4212.692383,4193.717772999999,4207.820313,4197.436035
4211.794922,4184.871582,4209.871582,4208.333496,4217.820313,4226.538574,4217.179688,4214.871582,4204.743652,4214.871582,4213.077147999999,4191.538574,4212.820313,4197.307617
4218.077147999999,4195.0,4216.282227000001,4210.769043,4222.05127,4224.487305,4207.436035,4199.487305,4204.487305,4222.94873,4220.256348,4195.512695,4227.692383,4200.897461
4223.846191,4200.512695,4220.384765999999,4215.769043,4217.94873,4220.641113000001,4195.641113000001,4205.641113000001,4208.717772999999,4226.153809,4219.487305,4194.102539,4229.358886999999,4197.94873
4220.897461,4195.641113000001,4219.358886999999,4221.153809,4210.128418,4210.897461,4190.256348,4212.94873,4209.230957,4218.461426,4216.153809,4187.563965,4221.666504,4195.897461
4218.461426,4199.615234000001,4220.256348,4222.436035,4209.615234000001,4211.794922,4185.384765999999,4194.871582,4197.05127,4208.589844,4215.256348,4186.922852000001,4215.256348,4197.94873
4221.153809,4208.974121,4221.922852000001,4222.94873,4212.436035,4221.025879,4188.205078,4193.589844,4191.538574,4210.128418,4213.333496,4189.615234000001,4216.282227000001,4198.846191
4226.794922,4208.461426,4226.025879,4227.563965,4211.922852000001,4216.666504,4190.512695,4222.307617,4208.205078,4220.512695,4215.512695,4192.307617,4225.0,4202.692383
4226.538574,4204.230957,4228.205078,4226.410156,4215.0,4218.589844,4185.512695,4216.794922,4213.333496,4218.205078,4216.538574,4192.179688,4226.410156,4202.436035
4222.179688,4205.384765999999,4224.487305,4221.153809,4220.384765999999,4230.384765999999,4189.230957,4190.897461,4201.922852000001,4212.820313,4212.94873,4189.230957,4218.205078,4197.307617
4219.487305,4207.307617,4219.743652,4218.974121,4216.538574,4220.769043,4194.487305,4198.077147999999,4205.384765999999,4222.307617,4214.102539,4186.666504,4217.563965,4196.794922
4216.794922,4203.974121,4218.589844,4217.563965,4211.922852000001,4207.692383,4194.102539,4214.871582,4217.820313,4230.256348,4219.615234000001,4189.358886999999,4225.384765999999,4199.358886999999
4214.358886999999,4199.230957,4217.94873,4213.205078,4210.256348,4217.94873,4198.077147999999,4213.846191,4216.025879,4224.230957,4217.820313,4193.589844,4223.846191,4199.102539
4213.461426,4199.102539,4215.512695,4209.487305,4211.282227000001,4229.743652,4197.05127,4206.282227000001,4204.102539,4220.641113000001,4212.436035,4193.974121,4218.589844,4198.717772999999
4207.94873,4197.692383,4212.436035,4208.205078,4217.94873,4227.179688,4196.538574,4199.615234000001,4197.179688,4221.922852000001,4210.641113000001,4189.871582,4219.102539,4195.256348
4201.538574,4194.487305,4207.05127,4206.282227000001,4223.461426,4227.563965,4202.436035,4205.512695,4205.256348,4222.563965,4209.743652,4186.025879,4220.256348,4187.307617
4200.0,4198.077147999999,4201.666504,4205.897461,4220.384765999999,4230.256348,4201.282227000001,4213.717772999999,4216.794922,4225.512695,4210.128418,4187.94873,4220.769043,4185.769043
4200.128418,4198.846191,4199.230957,4206.794922,4214.615234000001,4223.077147999999,4191.666504,4204.358886999999,4209.871582,4222.692383,4205.0,4190.641113000001,4218.333496,4186.794922
4203.333496,4191.538574,4201.538574,4203.077147999999,4213.846191,4214.743652,4188.205078,4198.974121,4196.410156,4212.05127,4193.205078,4185.512695,4212.05127,4183.077147999999
4206.922852000001,4190.128418,4205.128418,4202.05127,4212.307617,4214.615234000001,4197.179688,4197.692383,4190.128418,4200.512695,4183.333496,4177.692383,4205.256348,4179.358886999999
4200.128418,4188.077147999999,4196.922852000001,4203.846191,4204.230957,4211.153809,4202.563965,4188.077147999999,4185.0,4188.333496,4174.230957,4174.102539,4200.0,4174.487305
4195.384765999999,4186.025879,4189.102539,4201.025879,4199.487305,4202.820313,4197.94873,4192.436035,4184.615234000001,4184.102539,4168.974121,4175.512695,4199.615234000001,4171.666504
4205.512695,4197.692383,4197.692383,4202.179688,4205.256348,4201.922852000001,4190.641113000001,4202.820313,4191.794922,4196.153809,4175.769043,4180.384765999999,4206.922852000001,4179.358886999999
4213.589844,4206.922852000001,4206.794922,4210.897461,4210.0,4206.794922,4192.692383,4195.0,4194.358886999999,4205.897461,4185.128418,4184.871582,4213.846191,4190.897461
4212.179688,4202.94873,4204.743652,4213.461426,4208.461426,4214.358886999999,4208.333496,4194.102539,4195.512695,4206.922852000001,4187.179688,4183.717772999999,4215.897461,4191.153809
4207.94873,4192.94873,4198.974121,4206.410156,4203.974121,4223.846191,4216.025879,4202.307617,4196.410156,4203.333496,4182.436035,4177.05127,4211.666504,4182.307617
4206.282227000001,4189.358886999999,4196.794922,4203.589844,4200.256348,4224.230957,4205.0,4196.410156,4195.512695,4202.179688,4181.538574,4177.436035,4206.922852000001,4181.538574
